   7.4992016e-01
   6.0779304e-01
   4.6949856e-01
   3.5771319e-01
   2.8808687e-01
   2.6860427e-01
   2.9479399e-01
   3.5547748e-01
   4.3340785e-01
   5.1069946e-01
   5.7202172e-01
   6.0555733e-01
   6.0747365e-01
   5.7936761e-01
   5.2954327e-01
   4.6758224e-01
   4.0625998e-01
   3.5707442e-01
   3.2737145e-01
   3.2098371e-01
   3.3759182e-01
   3.6984989e-01
   4.1041200e-01
   4.4841904e-01
   4.7460875e-01
   4.8355158e-01
   4.7365059e-01
   4.4809965e-01
   4.1392526e-01
   3.8070903e-01
   3.5771319e-01
   3.5260299e-01
   3.6953050e-01
   4.0689875e-01
   4.6023634e-01
   5.2060045e-01
   5.7777068e-01
   6.2120728e-01
   6.4260619e-01
   6.3653785e-01
   6.0204407e-01
   5.4327691e-01
   4.6854040e-01
   3.8869370e-01
   3.1651230e-01
   2.6445224e-01
   2.4145640e-01
   2.5231555e-01
   2.9766848e-01
   3.7112743e-01
   4.6438837e-01
   5.6467582e-01
   6.5953369e-01
   7.3682529e-01
   7.8728840e-01
   8.0517407e-01
   7.8952411e-01
   7.4161609e-01
   6.6943468e-01
   5.8160332e-01
   4.8898115e-01
   4.0402427e-01
   3.3695305e-01
   2.9511338e-01
   2.8361546e-01
   3.0277866e-01
   3.4940913e-01
   4.1711913e-01
   4.9824337e-01
   5.8288087e-01
   6.6145002e-01
   7.2564675e-01
   7.6748643e-01
   7.8281699e-01
   7.6908336e-01
   7.2692431e-01
   6.6176941e-01
   5.7968700e-01
   4.8961993e-01
   4.0178856e-01
   3.2481635e-01
   2.6732673e-01
   2.3379112e-01
   2.2676461e-01
   2.4624720e-01
   2.8936442e-01
   3.5228361e-01
   4.2925583e-01
   5.1325455e-01
   5.9725327e-01
   6.7390610e-01
   7.3554775e-01
   7.7642925e-01
   7.9112105e-01
   7.7866497e-01
   7.4065794e-01
   6.8061322e-01
   6.0619611e-01
   5.2634940e-01
   4.4937719e-01
   3.8454167e-01
   3.3854998e-01
   3.1491536e-01
   3.1491536e-01
   3.3663366e-01
   3.7527946e-01
   4.2350687e-01
   4.7365059e-01
   5.1868412e-01
   5.5158096e-01
   5.6914724e-01
   5.6882785e-01
   5.5221974e-01
   5.2251677e-01
   4.8387096e-01
   4.4107314e-01
   3.9923347e-01
   3.6122644e-01
   3.3088470e-01
   3.1108272e-01
   3.0469498e-01
   3.1363781e-01
   3.3886937e-01
   3.8038965e-01
   4.3500479e-01
   4.9952092e-01
   5.6627275e-01
   6.2823379e-01
   6.7837751e-01
   7.1063557e-01
   7.2021719e-01
   7.0584478e-01
   6.6847652e-01
   6.1162568e-01
   5.4104120e-01
   4.6470776e-01
   3.9061003e-01
   3.2769083e-01
   2.8329607e-01
   2.6445224e-01
   2.7339508e-01
   3.1140211e-01
   3.7400191e-01
   4.5480677e-01
   5.4487384e-01
   6.3462153e-01
   7.1382945e-01
   7.7515171e-01
   8.1188119e-01
   8.2114340e-01
   8.0198020e-01
   7.5630789e-01
   6.8859789e-01
   6.0555732e-01
   5.1485148e-01
   4.2670073e-01
   3.4972852e-01
   2.9223889e-01
   2.6125838e-01
   2.5966145e-01
   2.8808687e-01
   3.4302140e-01
   4.1743851e-01
   5.0207601e-01
   5.8543596e-01
   6.5665922e-01
   7.0520600e-01
   7.2373044e-01
   7.0967742e-01
   6.6304694e-01
   5.8990738e-01
   4.9920153e-01
   4.0306611e-01
   3.1395720e-01
   2.4209518e-01
   1.9674225e-01
   1.8173107e-01
   1.9674225e-01
   2.3890131e-01
   3.0150112e-01
   3.7591824e-01
   4.5289044e-01
   5.2283615e-01
   5.7809007e-01
   6.1162568e-01
   6.1961035e-01
   6.0140530e-01
   5.5892686e-01
   4.9792399e-01
   4.2638134e-01
   3.5419993e-01
   2.9064197e-01
   2.4433088e-01
   2.2101565e-01
   2.2420951e-01
   2.5263494e-01
   3.0213988e-01
   3.6761418e-01
   4.4043436e-01
   5.1165761e-01
   5.7266049e-01
   6.1641648e-01
   6.3685723e-01
   6.3174704e-01
   6.0140530e-01
   5.4966464e-01
   4.8323219e-01
   4.1041201e-01
   3.4142446e-01
   2.8425423e-01
   2.4688597e-01
   2.3411050e-01
   2.4656659e-01
   2.8265730e-01
   3.3727244e-01
   4.0274672e-01
   4.6981795e-01
   5.2858511e-01
   5.7042478e-01
   5.8894922e-01
   5.8224209e-01
   5.5317790e-01
   5.0942191e-01
   4.6247205e-01
   4.2414563e-01
   4.0498243e-01
   4.1232833e-01
   4.4586394e-01
   4.9920153e-01
   5.6180134e-01
   6.1737464e-01
   6.5186841e-01
   6.5410411e-01
   6.1833280e-01
   5.4742893e-01
   4.4937719e-01
   3.4014691e-01
   2.3666560e-01
   1.5681890e-01
   1.1434046e-01
   1.1753433e-01
   1.6576173e-01
   2.5327372e-01
   3.6569786e-01
   4.8578729e-01
   5.9437879e-01
   6.7486426e-01
   7.1478761e-01
   7.0967742e-01
   6.6240818e-01
   5.8160332e-01
   4.8195465e-01
   3.8070904e-01
   2.9415522e-01
   2.3538805e-01
   2.1335037e-01
   2.2995848e-01
   2.8233791e-01
   3.6154582e-01
   4.5384861e-01
   5.4551261e-01
   6.2152667e-01
   6.7103162e-01
   6.8540403e-01
   6.6400511e-01
   6.1002874e-01
   5.3305653e-01
   4.4618332e-01
   3.6442032e-01
   3.0118173e-01
   2.6764611e-01
   2.6988182e-01
   3.0916640e-01
   3.8102842e-01
   4.7556692e-01
   5.7968700e-01
   6.7901629e-01
   7.5886298e-01
   8.0645161e-01
   8.1443628e-01
   7.7930374e-01
   7.0616417e-01
   6.0427978e-01
   4.8898115e-01
   3.7687639e-01
   2.8585116e-01
   2.2900031e-01
   2.1526668e-01
   2.4688597e-01
   3.1874800e-01
   4.1935484e-01
   5.3401469e-01
   6.4580006e-01
   7.3746407e-01
   7.9718939e-01
   8.1635260e-01
   7.9367614e-01
   7.3331204e-01
   6.4611945e-01
   5.4583200e-01
   4.4873842e-01
   3.6857234e-01
   3.1715106e-01
   3.0054295e-01
   3.1842862e-01
   3.6505908e-01
   4.3053337e-01
   5.0079847e-01
   5.6275951e-01
   6.0459917e-01
   6.1833280e-01
   5.9980837e-01
   5.5158096e-01
   4.8003832e-01
   3.9540083e-01
   3.1076334e-01
   2.3922070e-01
   1.9227084e-01
   1.7789843e-01
   1.9865857e-01
   2.5135739e-01
   3.2769083e-01
   4.1488342e-01
   4.9888214e-01
   5.6499521e-01
   6.0172469e-01
   6.0204407e-01
   5.6339827e-01
   4.9025870e-01
   3.9188757e-01
   2.8106037e-01
   1.7214946e-01
   8.1124237e-02
   2.0440752e-02
   0.0000000e+00
   2.3315229e-02
   8.8150750e-02
   1.8524433e-01
   3.0182050e-01
   4.2127116e-01
   5.2603002e-01
   6.0172469e-01
   6.3845417e-01
   6.3174704e-01
   5.8415842e-01
   5.0495049e-01
   4.0721814e-01
   3.0693069e-01
   2.1973810e-01
   1.5873522e-01
   1.3382306e-01
   1.4787607e-01
   1.9897796e-01
   2.7882466e-01
   3.7464068e-01
   4.7141488e-01
   5.5413606e-01
   6.0938997e-01
   6.2887257e-01
   6.1002874e-01
   5.5669115e-01
   4.7908016e-01
   3.9124879e-01
   3.0788885e-01
   2.4369211e-01
   2.0951773e-01
   2.1207282e-01
   2.5199616e-01
   3.2353880e-01
   4.1743851e-01
   5.1996167e-01
   6.1609709e-01
   6.9211115e-01
   7.3618652e-01
   7.4257426e-01
   7.1031619e-01
   6.4484190e-01
   5.5701054e-01
   4.6119450e-01
   3.7272437e-01
   3.0693069e-01
   2.7467263e-01
   2.8201853e-01
   3.2896838e-01
   4.0977323e-01
   5.1325455e-01
   6.2503992e-01
   7.2916001e-01
   8.1156180e-01
   8.6010859e-01
   8.6809326e-01
   8.3519642e-01
   7.6620888e-01
   6.7071223e-01
   5.6212073e-01
   4.5384860e-01
   3.5931012e-01
   2.8776748e-01
   2.4465027e-01
   2.3187480e-01
   2.4720536e-01
   2.8457362e-01
   3.3599488e-01
   3.9412328e-01
   4.4969658e-01
   4.9504951e-01
   5.2411370e-01
   5.3209837e-01
   5.1740657e-01
   4.8195464e-01
   4.2989460e-01
   3.6889172e-01
   3.0597253e-01
   2.5103800e-01
   2.1111465e-01
   1.9163206e-01
   1.9482593e-01
   2.2133503e-01
   2.6796550e-01
   3.3088470e-01
   4.0370489e-01
   4.8099648e-01
   5.5669115e-01
   6.2567870e-01
   6.8252954e-01
   7.2373044e-01
   7.4640690e-01
   7.5023954e-01
   7.3554774e-01
   7.0424784e-01
   6.5985308e-01
   6.0619610e-01
   5.4774832e-01
   4.8866177e-01
   4.3532418e-01
   3.9188757e-01
   3.6378154e-01
   3.5451932e-01
   3.6729479e-01
   4.0178856e-01
   4.5640370e-01
   5.2539124e-01
   6.0204408e-01
   6.7709997e-01
   7.4193548e-01
   7.8952411e-01
   8.1379750e-01
   8.1156180e-01
   7.8313638e-01
   7.3043755e-01
   6.5921431e-01
   5.7649313e-01
   4.9089747e-01
   4.1200894e-01
   3.4940913e-01
   3.1108272e-01
   3.0245928e-01
   3.2545513e-01
   3.7911210e-01
   4.5704248e-01
   5.5126158e-01
   6.4995209e-01
   7.4225487e-01
   8.1667199e-01
   8.6489939e-01
   8.7991058e-01
   8.5915043e-01
   8.0485467e-01
   7.2053657e-01
   6.1609709e-01
   5.0271479e-01
   3.9252635e-01
   2.9926541e-01
   2.3411050e-01
   2.0504631e-01
   2.1622484e-01
   2.6700734e-01
   3.5132545e-01
   4.6023634e-01
   5.8032577e-01
   6.9690195e-01
   7.9559246e-01
   8.6298307e-01
   8.8981157e-01
   8.7128713e-01
   8.0836794e-01
   7.0903864e-01
   5.8575535e-01
   4.5608431e-01
   3.3918876e-01
   2.5263494e-01
   2.1015649e-01
   2.1973810e-01
   2.8169913e-01
   3.8837432e-01
   5.2539125e-01
   6.7358671e-01
   8.1315874e-01
   9.2334717e-01
   9.8882146e-01
   1.0000000e+00
   9.5528585e-01
   8.6042798e-01
   7.2788246e-01
   5.7489619e-01
   4.2063238e-01
   2.8361546e-01
   1.7821782e-01
   1.1370169e-01
   9.2941552e-02
   1.1370168e-01
   1.6831683e-01
   2.4784414e-01
   3.4014691e-01
   4.3564356e-01
   5.2443308e-01
   5.9853082e-01
   6.5218780e-01
   6.8093261e-01
   6.8476526e-01
   6.6432450e-01
   6.2472054e-01
   5.7361866e-01
   5.1996167e-01
   4.7301182e-01
   4.4171191e-01
   4.3117215e-01
   4.4203130e-01
   4.7109550e-01
   5.0974129e-01
   5.4838709e-01
   5.7617375e-01
   5.8288087e-01
   5.6339827e-01
   5.1708719e-01
   4.4841904e-01
   3.6697541e-01
   2.8648993e-01
   2.2069625e-01
   1.8268923e-01
   1.8013414e-01
   2.1462791e-01
   2.8042159e-01
   3.6729479e-01
   4.5832003e-01
   5.3784733e-01
   5.9182370e-01
   6.1162568e-01
   5.9565633e-01
   5.4998403e-01
   4.8610667e-01
   4.1903545e-01
   3.6314276e-01
   3.3056532e-01
   3.2673267e-01
   3.5292239e-01
   4.0146918e-01
   4.6279144e-01
   5.2315554e-01
   5.6946662e-01
   5.9118492e-01
   5.8351964e-01
   5.4647078e-01
   4.8546790e-01
   4.1073139e-01
   3.3503672e-01
   2.7211754e-01
   2.3187480e-01
   2.2197381e-01
   2.4496965e-01
   2.9798786e-01
   3.7464068e-01
   4.6598530e-01
   5.6020441e-01
   6.4643883e-01
   7.1510699e-01
   7.5758543e-01
   7.6908336e-01
   7.4736506e-01
   6.9498562e-01
   6.1769403e-01
   5.2571064e-01
   4.3053337e-01
   3.4525710e-01
   2.8201852e-01
   2.4976046e-01
   2.5423187e-01
   2.9575216e-01
   3.6921112e-01
   4.6694347e-01
   5.7649313e-01
   6.8412648e-01
   7.7674864e-01
   8.4286171e-01
   8.7320345e-01
   8.6489939e-01
   8.1794954e-01
   7.3842223e-01
   6.3717662e-01
   5.2666879e-01
   4.2095177e-01
   3.3343979e-01
   2.7467263e-01
   2.5071862e-01
   2.6189715e-01
   3.0597253e-01
   3.7559885e-01
   4.6055573e-01
   5.4966465e-01
   6.3174704e-01
   6.9594379e-01
   7.3522836e-01
   7.4544874e-01
   7.2564676e-01
   6.7997445e-01
   6.1513893e-01
   5.4167997e-01
   4.7077611e-01
   4.1296711e-01
   3.7527946e-01
   3.6282338e-01
   3.7559884e-01
   4.0913446e-01
   4.5736186e-01
   5.1133823e-01
   5.6244011e-01
   6.0427978e-01
   6.3142766e-01
   6.4164803e-01
   6.3589907e-01
   6.1609709e-01
   5.8639412e-01
   5.5190034e-01
   5.1676781e-01
   4.8419035e-01
   4.5704248e-01
   4.3628233e-01
   4.1999361e-01
   4.0721814e-01
   3.9572022e-01
   3.8454167e-01
   3.7336314e-01
   3.6314276e-01
   3.5515809e-01
   3.5292239e-01
   3.5835196e-01
   3.7336314e-01
   3.9795592e-01
   4.3181092e-01
   4.7269242e-01
   5.1772596e-01
   5.6148195e-01
   5.9980836e-01
   6.2631747e-01
   6.3621846e-01
   6.2631747e-01
   5.9533695e-01
   5.4551262e-01
   4.8291281e-01
   4.1616097e-01
   3.5579686e-01
   3.1204088e-01
   2.9415522e-01
   3.0629191e-01
   3.4908975e-01
   4.1711913e-01
   5.0175662e-01
   5.8958799e-01
   6.6815714e-01
   7.2500798e-01
   7.5087831e-01
   7.4161610e-01
   6.9690194e-01
   6.2408176e-01
   5.3273714e-01
   4.3532418e-01
   3.4589587e-01
   2.7595017e-01
   2.3411051e-01
   2.2389013e-01
   2.4496965e-01
   2.9287767e-01
   3.5962951e-01
   4.3660172e-01
   5.1357394e-01
   5.8256149e-01
   6.3621846e-01
   6.6975407e-01
   6.7901629e-01
   6.6400511e-01
   6.2535931e-01
   5.6755030e-01
   4.9728521e-01
   4.2222932e-01
   3.5132545e-01
   2.9319705e-01
   2.5550942e-01
   2.4177579e-01
   2.5487064e-01
   2.9223890e-01
   3.4972852e-01
   4.2095176e-01
   4.9760459e-01
   5.7138294e-01
   6.3398275e-01
   6.7805813e-01
   6.9977643e-01
   6.9626318e-01
   6.6911530e-01
   6.2184605e-01
   5.6212073e-01
   4.9696582e-01
   4.3660172e-01
   3.8837432e-01
   3.5867135e-01
   3.5036729e-01
   3.6505909e-01
   3.9987225e-01
   4.5033535e-01
   5.0974129e-01
   5.7042478e-01
   6.2472054e-01
   6.6528265e-01
   6.8636218e-01
   6.8604279e-01
   6.6336633e-01
   6.2184605e-01
   5.6786969e-01
   5.0782498e-01
   4.4905780e-01
   3.9859469e-01
   3.6058767e-01
   3.3727244e-01
   3.2896838e-01
   3.3439795e-01
   3.5164484e-01
   3.7879271e-01
   4.1328648e-01
   4.5416799e-01
   4.9888214e-01
   5.4519323e-01
   5.9022676e-01
   6.3015011e-01
   6.6113063e-01
   6.7965506e-01
   6.8252954e-01
   6.6815713e-01
   6.3717662e-01
   5.9022676e-01
   5.3209837e-01
   4.6822101e-01
   4.0625998e-01
   3.5388055e-01
   3.1938677e-01
   3.0852763e-01
   3.2481635e-01
   3.6793356e-01
   4.3340785e-01
   5.1421271e-01
   6.0012775e-01
   6.8061322e-01
   7.4576813e-01
   7.8728840e-01
   8.0198020e-01
   7.8696902e-01
   7.4480997e-01
   6.8093261e-01
   6.0172469e-01
   5.1676781e-01
   4.3404662e-01
   3.6410092e-01
   3.1363781e-01
   2.8904503e-01
   2.9319706e-01
   3.2513573e-01
   3.8166720e-01
   4.5608431e-01
   5.3976365e-01
   6.2312360e-01
   6.9626317e-01
   7.5055893e-01
   7.7834558e-01
   7.7610987e-01
   7.4289364e-01
   6.8221016e-01
   6.0044714e-01
   5.0750559e-01
   4.1392526e-01
   3.3120409e-01
   2.6860427e-01
   2.3347174e-01
   2.2931970e-01
   2.5455126e-01
   3.0533376e-01
   3.7464068e-01
   4.5320984e-01
   5.3177898e-01
   6.0044713e-01
   6.5122964e-01
   6.7805812e-01
   6.7805813e-01
   6.4995209e-01
   5.9821143e-01
   5.2922389e-01
   4.5161291e-01
   3.7496007e-01
   3.0948578e-01
   2.6317470e-01
   2.4145640e-01
   2.4624720e-01
   2.7658895e-01
   3.2864899e-01
   3.9540083e-01
   4.6949856e-01
   5.4199936e-01
   6.0427978e-01
   6.4931332e-01
   6.7167039e-01
   6.6847652e-01
   6.4037049e-01
   5.9118492e-01
   5.2634941e-01
   4.5448738e-01
   3.8390290e-01
   3.2290003e-01
   2.7786650e-01
   2.5359310e-01
   2.5263494e-01
   2.7531140e-01
   3.1970616e-01
   3.8230597e-01
   4.5736186e-01
   5.3848610e-01
   6.1705525e-01
   6.8508463e-01
   7.3427020e-01
   7.5950175e-01
   7.5758543e-01
   7.2916002e-01
   6.7773874e-01
   6.1130629e-01
   5.3688917e-01
   4.6502715e-01
   4.0306611e-01
   3.5803257e-01
   3.3471735e-01
   3.3439795e-01
   3.5771319e-01
   4.0178856e-01
   4.6183328e-01
   5.3145960e-01
   6.0491856e-01
   6.7422549e-01
   7.3395081e-01
   7.7770680e-01
   8.0198020e-01
   8.0453529e-01
   7.8537209e-01
   7.4480997e-01
   6.8604280e-01
   6.1258383e-01
   5.3050143e-01
   4.4746088e-01
   3.7144681e-01
   3.1172150e-01
   2.7658894e-01
   2.7179815e-01
   2.9990418e-01
   3.5867135e-01
   4.4203130e-01
   5.3976366e-01
   6.3973171e-01
   7.2852124e-01
   7.9463430e-01
   8.3008623e-01
   8.3008623e-01
   7.9527308e-01
   7.3075694e-01
   6.4484190e-01
   5.4838709e-01
   4.5352922e-01
   3.7080805e-01
   3.0980517e-01
   2.7595017e-01
   2.7083998e-01
   2.9319706e-01
   3.3823059e-01
   3.9923347e-01
   4.6822102e-01
   5.3688917e-01
   5.9757266e-01
   6.4420313e-01
   6.7135100e-01
   6.7614181e-01
   6.5697860e-01
   6.1577771e-01
   5.5605238e-01
   4.8419035e-01
   4.0817630e-01
   3.3631428e-01
   2.7722772e-01
   2.3794314e-01
   2.2261259e-01
   2.3315234e-01
   2.6796551e-01
   3.2353880e-01
   3.9284573e-01
   4.6885979e-01
   5.4167997e-01
   6.0364100e-01
   6.4611945e-01
   6.6432450e-01
   6.5506228e-01
   6.2024912e-01
   5.6371766e-01
   4.9313318e-01
   4.1871606e-01
   3.5036729e-01
   2.9702970e-01
   2.6541041e-01
   2.5934206e-01
   2.7818588e-01
   3.1938677e-01
   3.7719578e-01
   4.4426701e-01
   5.1197700e-01
   5.7234110e-01
   6.1801341e-01
   6.4356435e-01
   6.4580007e-01
   6.2535931e-01
   5.8543596e-01
   5.3114020e-01
   4.7013733e-01
   4.1073139e-01
   3.5931012e-01
   3.2162249e-01
   3.0118173e-01
   2.9830725e-01
   3.1236027e-01
   3.4142447e-01
   3.8198658e-01
   4.3117215e-01
   4.8514851e-01
   5.4008304e-01
   5.9182370e-01
   6.3653784e-01
   6.6911530e-01
   6.8763973e-01
   6.8795911e-01
   6.7039284e-01
   6.3526030e-01
   5.8479719e-01
   5.2347493e-01
   4.5736187e-01
   3.9348451e-01
   3.3950815e-01
   3.0309805e-01
   2.9000319e-01
   3.0373682e-01
   3.4493771e-01
   4.1073139e-01
   4.9377195e-01
   5.8479719e-01
   6.7294794e-01
   7.4800384e-01
   8.0102204e-01
   8.2529543e-01
   8.1986586e-01
   7.8537208e-01
   7.2628553e-01
   6.4963270e-01
   5.6435643e-01
   4.8035772e-01
   4.0721814e-01
   3.5324177e-01
   3.2481635e-01
   3.2577451e-01
   3.5515810e-01
   4.0977323e-01
   4.8227403e-01
   5.6435643e-01
   6.4548067e-01
   7.1638454e-01
   7.6940275e-01
   7.9846694e-01
   8.0134142e-01
   7.7802619e-01
   7.3075695e-01
   6.6528265e-01
   5.8831044e-01
   5.0782498e-01
   4.3181092e-01
   3.6825295e-01
   3.2194186e-01
   2.9766848e-01
   2.9575215e-01
   3.1587352e-01
   3.5515810e-01
   4.0913446e-01
   4.7301181e-01
   5.4199935e-01
   6.1002874e-01
   6.7167039e-01
   7.2149473e-01
   7.5471095e-01
   7.6716704e-01
   7.5758543e-01
   7.2596615e-01
   6.7518364e-01
   6.1098690e-01
   5.4008304e-01
   4.7141488e-01
   4.1328649e-01
   3.7208559e-01
   3.5228361e-01
   3.5547748e-01
   3.7911211e-01
   4.1775790e-01
   4.6374960e-01
   5.0718620e-01
   5.3944426e-01
   5.5253912e-01
   5.4199936e-01
   5.0686682e-01
   4.5097413e-01
   3.8038965e-01
   3.0469498e-01
   2.3411051e-01
   1.7757905e-01
   1.4372405e-01
   1.3605876e-01
   1.5713829e-01
   2.0600446e-01
   2.7818588e-01
   3.6665602e-01
   4.6311082e-01
   5.5637176e-01
   6.3653784e-01
   6.9402747e-01
   7.2181412e-01
   7.1893963e-01
   6.8700096e-01
   6.3398275e-01
   5.7106356e-01
   5.1069945e-01
   4.6470776e-01
   4.4011498e-01
   4.3979558e-01
   4.6023634e-01
   4.9377196e-01
   5.2794634e-01
   5.5221974e-01
   5.5701054e-01
   5.3720856e-01
   4.9281380e-01
   4.3021399e-01
   3.5835196e-01
   2.8904503e-01
   2.3442989e-01
   2.0185244e-01
   1.9610348e-01
   2.1494730e-01
   2.5135739e-01
   2.9575215e-01
   3.3663366e-01
   3.6442031e-01
   3.7368253e-01
   3.6473970e-01
   3.4238262e-01
   3.1651229e-01
   2.9702970e-01
   2.9479399e-01
   3.1523474e-01
   3.6058767e-01
   4.2733950e-01
   5.0622804e-01
   5.8671351e-01
   6.5665921e-01
   7.0456723e-01
   7.2341105e-01
   7.0935804e-01
   6.6368572e-01
   5.9246248e-01
   5.0495049e-01
   4.1424464e-01
   3.3312041e-01
   2.7275630e-01
   2.4209517e-01
   2.4560843e-01
   2.8297668e-01
   3.4908974e-01
   4.3532417e-01
   5.3114020e-01
   6.2408176e-01
   7.0424784e-01
   7.6173746e-01
   7.9080166e-01
   7.8760779e-01
   7.5311402e-01
   6.9147237e-01
   6.0938997e-01
   5.1676780e-01
   4.2382625e-01
   3.4110508e-01
   2.7818588e-01
   2.4113701e-01
   2.3347173e-01
   2.5391248e-01
   2.9926541e-01
   3.6314276e-01
   4.3755988e-01
   5.1389332e-01
   5.8320025e-01
   6.3813478e-01
   6.7230917e-01
   6.8221015e-01
   6.6687959e-01
   6.2791441e-01
   5.7042478e-01
   5.0079846e-01
   4.2765889e-01
   3.6026828e-01
   3.0533376e-01
   2.7052060e-01
   2.5902268e-01
   2.7211753e-01
   3.0980517e-01
   3.6857234e-01
   4.4235068e-01
   5.2539124e-01
   6.0875120e-01
   6.8380709e-01
   7.4225487e-01
   7.7738741e-01
   7.8505270e-01
   7.6365379e-01
   7.1638454e-01
   6.4899393e-01
   5.6946662e-01
   4.8738422e-01
   4.1264772e-01
   3.5292239e-01
   3.1459597e-01
   3.0054295e-01
   3.1044395e-01
   3.4302140e-01
   3.9156818e-01
   4.4937719e-01
   5.0846375e-01
   5.6052379e-01
   5.9916959e-01
   6.1961035e-01
   6.1929096e-01
   5.9948897e-01
   5.6275950e-01
   5.1517087e-01
   4.6151389e-01
   4.0753752e-01
   3.5899073e-01
   3.1906739e-01
   2.9160012e-01
   2.7850526e-01
   2.8201853e-01
   3.0245927e-01
   3.4046630e-01
   3.9316512e-01
   4.5768125e-01
   5.2954328e-01
   6.0204408e-01
   6.6847652e-01
   7.2277228e-01
   7.5822421e-01
   7.7036090e-01
   7.5726605e-01
   7.1893963e-01
   6.5793676e-01
   5.8128393e-01
   4.9728521e-01
   4.1648036e-01
   3.5004790e-01
   3.0756946e-01
   2.9639092e-01
   3.1970616e-01
   3.7464068e-01
   4.5480677e-01
   5.5062281e-01
   6.4835515e-01
   7.3554775e-01
   8.0102204e-01
   8.3583519e-01
   8.3551581e-01
   8.0038326e-01
   7.3427020e-01
   6.4452252e-01
   5.4199936e-01
   4.3883743e-01
   3.4685403e-01
   2.7658895e-01
   2.3506866e-01
   2.2644522e-01
   2.5103800e-01
   3.0437560e-01
   3.7975088e-01
   4.6854040e-01
   5.6052379e-01
   6.4484190e-01
   7.1287129e-01
   7.5694666e-01
   7.7099968e-01
   7.5311402e-01
   7.0392846e-01
   6.2887257e-01
   5.3561163e-01
   4.3532418e-01
   3.3950814e-01
   2.6061961e-01
   2.0728202e-01
   1.8620248e-01
   1.9961673e-01
   2.4496966e-01
   3.1619290e-01
   4.0402427e-01
   4.9760459e-01
   5.8607474e-01
   6.5825615e-01
   7.0616417e-01
   7.2309166e-01
   7.0871926e-01
   6.6464388e-01
   5.9693388e-01
   5.1549025e-01
   4.3021399e-01
   3.5356117e-01
   2.9447461e-01
   2.5998083e-01
   2.5391248e-01
   2.7563079e-01
   3.2066432e-01
   3.8262536e-01
   4.5225167e-01
   5.2028106e-01
   5.7777068e-01
   6.1705526e-01
   6.3366337e-01
   6.2472053e-01
   5.9342063e-01
   5.4327691e-01
   4.8163526e-01
   4.1648036e-01
   3.5515809e-01
   3.0597253e-01
   2.7179814e-01
   2.5678697e-01
   2.6093899e-01
   2.8329607e-01
   3.2290003e-01
   3.7687640e-01
   4.4203130e-01
   5.1453210e-01
   5.8894921e-01
   6.5953369e-01
   7.1925902e-01
   7.6269562e-01
   7.8409454e-01
   7.8153944e-01
   7.5375280e-01
   7.0360907e-01
   6.3589907e-01
   5.5764931e-01
   4.7716385e-01
   4.0210795e-01
   3.4174384e-01
   3.0213989e-01
   2.8840626e-01
   3.0245928e-01
   3.4334078e-01
   4.0625998e-01
   4.8419035e-01
   5.6818907e-01
   6.4771639e-01
   7.1382945e-01
   7.5886298e-01
   7.7738741e-01
   7.6876398e-01
   7.3267327e-01
   6.7326733e-01
   5.9693388e-01
   5.1038007e-01
   4.2350687e-01
   3.4557649e-01
   2.8425423e-01
   2.4752475e-01
   2.3985947e-01
   2.6285531e-01
   3.1363781e-01
   3.8709677e-01
   4.7396998e-01
   5.6435643e-01
   6.4771638e-01
   7.1446822e-01
   7.5630789e-01
   7.6940274e-01
   7.5183647e-01
   7.0488661e-01
   6.3366337e-01
   5.4647078e-01
   4.5161290e-01
   3.5962951e-01
   2.8042159e-01
   2.2261258e-01
   1.9131267e-01
   1.9099329e-01
   2.1973810e-01
   2.7467262e-01
   3.4972852e-01
   4.3628233e-01
   5.2347493e-01
   6.0172469e-01
   6.6113063e-01
   6.9338869e-01
   6.9338869e-01
   6.6017247e-01
   5.9661450e-01
   5.1038007e-01
   4.1328648e-01
   3.1715106e-01
   2.3506867e-01
   1.7821782e-01
   1.5362504e-01
   1.6352603e-01
   2.0728202e-01
   2.7754711e-01
   3.6473970e-01
   4.5863941e-01
   5.4615138e-01
   6.1737464e-01
   6.6272756e-01
   6.7709996e-01
   6.5921431e-01
   6.1130629e-01
   5.4040242e-01
   4.5640370e-01
   3.7016927e-01
   2.9255829e-01
   2.3411050e-01
   2.0089428e-01
   1.9674225e-01
   2.2165442e-01
   2.7052060e-01
   3.3791121e-01
   4.1424465e-01
   4.9025871e-01
   5.5764931e-01
   6.0875120e-01
   6.3781539e-01
   6.4260620e-01
   6.2472054e-01
   5.8767167e-01
   5.3752794e-01
   4.8195465e-01
   4.2797828e-01
   3.8134780e-01
   3.4525710e-01
   3.2258064e-01
   3.1395719e-01
   3.1874800e-01
   3.3695304e-01
   3.6793356e-01
   4.1200894e-01
   4.6694346e-01
   5.3114020e-01
   5.9916959e-01
   6.6528265e-01
   7.2277228e-01
   7.6365379e-01
   7.8281700e-01
   7.7610987e-01
   7.4289364e-01
   6.8572341e-01
   6.1034813e-01
   5.2379431e-01
   4.3564356e-01
   3.5483870e-01
   2.9032258e-01
   2.4912168e-01
   2.3602683e-01
   2.5199616e-01
   2.9543277e-01
   3.6154582e-01
   4.4171192e-01
   5.2794634e-01
   6.1034813e-01
   6.7997445e-01
   7.2947940e-01
   7.5375279e-01
   7.5087831e-01
   7.2053656e-01
   6.6624081e-01
   5.9342063e-01
   5.1038007e-01
   4.2670073e-01
   3.5260300e-01
   2.9671032e-01
   2.6572980e-01
   2.6349409e-01
   2.8968380e-01
   3.4046630e-01
   4.0849569e-01
   4.8546790e-01
   5.6148195e-01
   6.2663685e-01
   6.7422549e-01
   6.9722134e-01
   6.9179176e-01
   6.5729798e-01
   5.9597573e-01
   5.1293516e-01
   4.1616097e-01
   3.1715106e-01
   2.2804215e-01
   1.6097093e-01
   1.2583839e-01
   1.2999041e-01
   1.7598211e-01
   2.5934206e-01
   3.7272437e-01
   5.0175663e-01
   6.3046950e-01
   7.4289364e-01
   8.2274033e-01
   8.6010859e-01
   8.4956883e-01
   7.9271798e-01
   6.9786011e-01
   5.7872884e-01
   4.5129351e-01
   3.3280101e-01
   2.3698498e-01
   1.7438518e-01
   1.4851485e-01
   1.5937400e-01
   2.0025551e-01
   2.6349408e-01
   3.3886937e-01
   4.1679974e-01
   4.8866177e-01
   5.4806771e-01
   5.9086554e-01
   6.1418077e-01
   6.1737464e-01
   6.0236346e-01
   5.7074417e-01
   5.2698818e-01
   4.7556691e-01
   4.2222932e-01
   3.7112743e-01
   3.2705206e-01
   2.9383583e-01
   2.7563079e-01
   2.7467263e-01
   2.9191952e-01
   3.2896838e-01
   3.8326413e-01
   4.5161290e-01
   5.2794634e-01
   6.0459917e-01
   6.7358671e-01
   7.2660492e-01
   7.5854359e-01
   7.6525072e-01
   7.4736506e-01
   7.0776110e-01
   6.5282657e-01
   5.8926861e-01
   5.2475247e-01
   4.6694347e-01
   4.2222932e-01
   3.9476206e-01
   3.8645800e-01
   3.9859470e-01
   4.2893644e-01
   4.7365059e-01
   5.2730757e-01
   5.8320025e-01
   6.3557968e-01
   6.7741936e-01
   7.0392846e-01
   7.1223251e-01
   6.9913765e-01
   6.6592143e-01
   6.1354200e-01
   5.4647077e-01
   4.7013733e-01
   3.9220696e-01
   3.2130309e-01
   2.6636857e-01
   2.3570744e-01
   2.3442989e-01
   2.6509102e-01
   3.2513573e-01
   4.0913446e-01
   5.0558927e-01
   6.0364100e-01
   6.8955605e-01
   7.5215586e-01
   7.8345576e-01
   7.7898435e-01
   7.4001916e-01
   6.7198978e-01
   5.8415841e-01
   4.8930054e-01
   3.9955286e-01
   3.2673267e-01
   2.7946343e-01
   2.6157777e-01
   2.7307569e-01
   3.0916640e-01
   3.6314276e-01
   4.2574257e-01
   4.8834238e-01
   5.4391568e-01
   5.8703290e-01
   6.1481955e-01
   6.2535931e-01
   6.1992973e-01
   5.9916960e-01
   5.6499521e-01
   5.2091984e-01
   4.6981794e-01
   4.1648036e-01
   3.6665601e-01
   3.2481635e-01
   2.9607154e-01
   2.8393484e-01
   2.9032258e-01
   3.1523474e-01
   3.5611626e-01
   4.0785691e-01
   4.6374959e-01
   5.1644842e-01
   5.5796870e-01
   5.8160332e-01
   5.8320026e-01
   5.6020441e-01
   5.1612903e-01
   4.5672309e-01
   3.9061002e-01
   3.2928776e-01
   2.8074097e-01
   2.5423187e-01
   2.5359309e-01
   2.7914404e-01
   3.2705205e-01
   3.9124880e-01
   4.6279143e-01
   5.3305653e-01
   5.9246247e-01
   6.3430213e-01
   6.5314596e-01
   6.4739700e-01
   6.1737464e-01
   5.6850847e-01
   5.0718620e-01
   4.4298945e-01
   3.8645800e-01
   3.4557649e-01
   3.2737144e-01
   3.3312041e-01
   3.6058767e-01
   4.0306611e-01
   4.5065474e-01
   4.9217502e-01
   5.1836474e-01
   5.2219738e-01
   5.0143723e-01
   4.5800064e-01
   3.9891408e-01
   3.3407857e-01
   2.7307569e-01
   2.2644522e-01
   1.9993612e-01
   1.9642287e-01
   2.1303098e-01
   2.4401150e-01
   2.7978281e-01
   3.1204088e-01
   3.3375918e-01
   3.4174385e-01
   3.3823059e-01
   3.2801022e-01
   3.2002555e-01
   3.2162248e-01
   3.3982753e-01
   3.7687640e-01
   4.3053337e-01
   4.9504950e-01
   5.6084318e-01
   6.1737464e-01
   6.5602044e-01
   6.6943469e-01
   6.5474289e-01
   6.1290322e-01
   5.4870648e-01
   4.7077611e-01
   3.8901309e-01
   3.1523474e-01
   2.5934206e-01
   2.2836155e-01
   2.2708399e-01
   2.5582881e-01
   3.1044395e-01
   3.8294474e-01
   4.6406898e-01
   5.4359629e-01
   6.1162568e-01
   6.6145001e-01
   6.8668157e-01
   6.8636218e-01
   6.6113063e-01
   6.1481954e-01
   5.5285851e-01
   4.8291281e-01
   4.1232833e-01
   3.4845097e-01
   2.9766848e-01
   2.6509102e-01
   2.5231555e-01
   2.6030022e-01
   2.8712871e-01
   3.2896838e-01
   3.8198658e-01
   4.3979559e-01
   4.9792399e-01
   5.4966464e-01
   5.8958799e-01
   6.1258384e-01
   6.1513893e-01
   5.9533695e-01
   5.5413606e-01
   4.9600767e-01
   4.2702012e-01
   3.5675503e-01
   2.9479399e-01
   2.4976046e-01
   2.2836154e-01
   2.3379111e-01
   2.6668795e-01
   3.2290003e-01
   3.9572022e-01
   4.7652507e-01
   5.5477483e-01
   6.2152667e-01
   6.6911530e-01
   6.9115298e-01
   6.8636218e-01
   6.5538166e-01
   6.0332162e-01
   5.3752794e-01
   4.6630469e-01
   3.9795592e-01
   3.4014691e-01
   2.9766847e-01
   2.7371447e-01
   2.6956244e-01
   2.8457361e-01
   3.1651230e-01
   3.6282338e-01
   4.2031300e-01
   4.8482913e-01
   5.5062280e-01
   6.1258383e-01
   6.6496327e-01
   7.0137336e-01
   7.1830086e-01
   7.1255190e-01
   6.8444586e-01
   6.3717662e-01
   5.7457681e-01
   5.0495049e-01
   4.3532418e-01
   3.7464068e-01
   3.3152348e-01
   3.1267965e-01
   3.2162249e-01
   3.6058767e-01
   4.2574257e-01
   5.1133823e-01
   6.0747365e-01
   7.0265090e-01
   7.8537209e-01
   8.4541680e-01
   8.7575855e-01
   8.7224528e-01
   8.3519642e-01
   7.6876397e-01
   6.8029384e-01
   5.8032577e-01
   4.7908016e-01
   3.8869370e-01
   3.2034493e-01
   2.8233791e-01
   2.8010220e-01
   3.1523474e-01
   3.8422229e-01
   4.7908016e-01
   5.8831044e-01
   6.9754072e-01
   7.9335675e-01
   8.6298307e-01
   8.9811562e-01
   8.9428298e-01
   8.5244331e-01
   7.7738741e-01
   6.7837751e-01
   5.6723091e-01
   4.5576493e-01
   3.5675502e-01
   2.8010220e-01
   2.3283296e-01
   2.1814116e-01
   2.3602683e-01
   2.8137975e-01
   3.4749281e-01
   4.2446503e-01
   5.0367295e-01
   5.7585436e-01
   6.3366337e-01
   6.7103162e-01
   6.8476525e-01
   6.7390610e-01
   6.4005110e-01
   5.8575535e-01
   5.1740658e-01
   4.4139252e-01
   3.6505908e-01
   2.9639092e-01
   2.4273395e-01
   2.0887895e-01
   1.9801980e-01
   2.1111466e-01
   2.4656659e-01
   3.0118173e-01
   3.7080804e-01
   4.4873842e-01
   5.2826573e-01
   6.0172469e-01
   6.6176940e-01
   7.0137336e-01
   7.1606516e-01
   7.0360907e-01
   6.6560205e-01
   6.0683487e-01
   5.3529224e-01
   4.6151389e-01
   3.9540083e-01
   3.4589587e-01
   3.1970616e-01
   3.1874800e-01
   3.4174385e-01
   3.8454167e-01
   4.3915681e-01
   4.9696583e-01
   5.4838709e-01
   5.8575534e-01
   6.0364101e-01
   5.9980836e-01
   5.7425742e-01
   5.3114021e-01
   4.7556691e-01
   4.1488342e-01
   3.5547748e-01
   3.0309804e-01
   2.6253593e-01
   2.3698498e-01
   2.2804215e-01
   2.3666560e-01
   2.6253593e-01
   3.0565314e-01
   3.6282338e-01
   4.3117215e-01
   5.0526988e-01
   5.7840946e-01
   6.4324496e-01
   6.9211115e-01
   7.2021718e-01
   7.2309166e-01
   7.0201213e-01
   6.5857553e-01
   5.9948898e-01
   5.3209836e-01
   4.6438837e-01
   4.0530182e-01
   3.6058767e-01
   3.3439795e-01
   3.2801022e-01
   3.3982753e-01
   3.6633663e-01
   4.0083040e-01
   4.3883743e-01
   4.7428936e-01
   5.0463111e-01
   5.2826573e-01
   5.4391569e-01
   5.5413605e-01
   5.5796870e-01
   5.5637177e-01
   5.4806771e-01
   5.3114021e-01
   5.0526988e-01
   4.7045672e-01
   4.3085276e-01
   3.9188757e-01
   3.6122644e-01
   3.4685404e-01
   3.5579687e-01
   3.8997125e-01
   4.4905781e-01
   5.2666880e-01
   6.1290322e-01
   6.9658256e-01
   7.6461194e-01
   8.0709038e-01
   8.1667199e-01
   7.9175982e-01
   7.3395081e-01
   6.5027148e-01
   5.4998403e-01
   4.4586394e-01
   3.4908974e-01
   2.7147876e-01
   2.1973810e-01
   1.9865857e-01
   2.0824017e-01
   2.4560843e-01
   3.0501437e-01
   3.7847333e-01
   4.5863941e-01
   5.3848610e-01
   6.1034813e-01
   6.6975407e-01
   7.1095496e-01
   7.3171511e-01
   7.3043755e-01
   7.0744171e-01
   6.6592143e-01
   6.1002874e-01
   5.4647078e-01
   4.8291280e-01
   4.2638134e-01
   3.8326413e-01
   3.5835196e-01
   3.5356116e-01
   3.6729479e-01
   3.9667838e-01
   4.3500479e-01
   4.7428936e-01
   5.0686682e-01
   5.2571064e-01
   5.2507186e-01
   5.0463111e-01
   4.6438837e-01
   4.1073139e-01
   3.5004790e-01
   2.9128074e-01
   2.4273395e-01
   2.1015650e-01
   1.9801980e-01
   2.0792079e-01
   2.3858192e-01
   2.8648993e-01
   3.4813158e-01
   4.1679975e-01
   4.8706483e-01
   5.5126158e-01
   6.0364101e-01
   6.3813478e-01
   6.5122964e-01
   6.4196742e-01
   6.1226445e-01
   5.6882785e-01
   5.1900351e-01
   4.7237304e-01
   4.3660172e-01
   4.1711913e-01
   4.1552220e-01
   4.2957521e-01
   4.5448738e-01
   4.8419035e-01
   5.1165761e-01
   5.3337592e-01
   5.4679016e-01
   5.5221974e-01
   5.5190034e-01
   5.4934525e-01
   5.4551262e-01
   5.4231875e-01
   5.3784733e-01
   5.2986267e-01
   5.1389332e-01
   4.8802300e-01
   4.5065474e-01
   4.0402427e-01
   3.5292239e-01
   3.0533376e-01
   2.7052060e-01
   2.5742574e-01
   2.7243692e-01
   3.1778984e-01
   3.9029064e-01
   4.8291281e-01
   5.8415841e-01
   6.8093261e-01
   7.6141808e-01
   8.1571383e-01
   8.3743213e-01
   8.2465666e-01
   7.7994251e-01
   7.0808048e-01
   6.1833280e-01
   5.1964228e-01
   4.2222932e-01
   3.3631428e-01
   2.7115937e-01
   2.3315234e-01
   2.2580645e-01
   2.5007984e-01
   3.0245928e-01
   3.7719578e-01
   4.6502715e-01
   5.5605238e-01
   6.3941233e-01
   7.0616417e-01
   7.4896199e-01
   7.6269562e-01
   7.4608751e-01
   7.0105397e-01
   6.3238581e-01
   5.4806771e-01
   4.5736186e-01
   3.7048866e-01
   2.9702970e-01
   2.4592782e-01
   2.2165442e-01
   2.2644522e-01
   2.5806452e-01
   3.1267965e-01
   3.8294474e-01
   4.6023634e-01
   5.3529224e-01
   6.0012775e-01
   6.4675823e-01
   6.7039285e-01
   6.6815714e-01
   6.4005110e-01
   5.8990737e-01
   5.2379431e-01
   4.5033535e-01
   3.7975087e-01
   3.1970616e-01
   2.7914403e-01
   2.6157777e-01
   2.6892367e-01
   2.9990418e-01
   3.4877036e-01
   4.0945385e-01
   4.7428936e-01
   5.3497285e-01
   5.8447780e-01
   6.1609709e-01
   6.2631747e-01
   6.1354199e-01
   5.7904822e-01
   5.2730757e-01
   4.6438837e-01
   3.9827531e-01
   3.3631427e-01
   2.8585116e-01
   2.5167678e-01
   2.3730438e-01
   2.4369210e-01
   2.7083998e-01
   3.1619290e-01
   3.7591824e-01
   4.4522517e-01
   5.1900351e-01
   5.9054614e-01
   6.5282657e-01
   7.0009581e-01
   7.2692431e-01
   7.3107633e-01
   7.1159374e-01
   6.7039284e-01
   6.1226445e-01
   5.4327691e-01
   4.7013733e-01
   4.0114978e-01
   3.4334078e-01
   3.0245928e-01
   2.8393484e-01
   2.9064196e-01
   3.2290002e-01
   3.7783455e-01
   4.5097413e-01
   5.3433407e-01
   6.1801341e-01
   6.9306931e-01
   7.4992016e-01
   7.8217822e-01
   7.8633024e-01
   7.6109869e-01
   7.0999680e-01
   6.3877356e-01
   5.5413606e-01
   4.6694347e-01
   3.8645799e-01
   3.2194187e-01
   2.8201853e-01
   2.7147876e-01
   2.9287767e-01
   3.4366017e-01
   4.1871607e-01
   5.0814436e-01
   6.0204407e-01
   6.8891728e-01
   7.5854359e-01
   8.0293835e-01
   8.1794954e-01
   8.0166081e-01
   7.5662727e-01
   6.8827850e-01
   6.0427978e-01
   5.1485148e-01
   4.2925583e-01
   3.5771319e-01
   3.0788885e-01
   2.8521239e-01
   2.9191951e-01
   3.2641328e-01
   3.8454167e-01
   4.5800064e-01
   5.3816672e-01
   6.1609709e-01
   6.8189077e-01
   7.2788246e-01
   7.4864260e-01
   7.4033855e-01
   7.0328968e-01
   6.4037049e-01
   5.5701053e-01
   4.6279144e-01
   3.6761418e-01
   2.8265730e-01
   2.1750239e-01
   1.8045353e-01
   1.7566273e-01
   2.0344937e-01
   2.6061961e-01
   3.4046630e-01
   4.3340786e-01
   5.2762696e-01
   6.1066752e-01
   6.7198978e-01
   7.0233152e-01
   6.9658256e-01
   6.5410412e-01
   5.7968700e-01
   4.8355157e-01
   3.7943149e-01
   2.8297668e-01
   2.0887895e-01
   1.6927499e-01
   1.7087192e-01
   2.1462791e-01
   2.9511338e-01
   4.0146918e-01
   5.1964228e-01
   6.3462153e-01
   7.3267327e-01
   8.0166081e-01
   8.3551581e-01
   8.3136378e-01
   7.9239860e-01
   7.2564675e-01
   6.4100926e-01
   5.5062280e-01
   4.6566592e-01
   3.9476206e-01
   3.4525710e-01
   3.1906739e-01
   3.1523474e-01
   3.3024592e-01
   3.5835196e-01
   3.9316512e-01
   4.2989460e-01
   4.6406898e-01
   4.9313318e-01
   5.1612903e-01
   5.3241776e-01
   5.4263813e-01
   5.4615139e-01
   5.4295752e-01
   5.3273714e-01
   5.1453210e-01
   4.8738422e-01
   4.5225167e-01
   4.1009261e-01
   3.6346215e-01
   3.1778984e-01
   2.8010220e-01
   2.5646758e-01
   2.5487065e-01
   2.7818588e-01
   3.2896838e-01
   4.0274673e-01
   4.9377196e-01
   5.9022676e-01
   6.8125199e-01
   7.5471096e-01
   8.0198020e-01
   8.1635261e-01
   7.9655062e-01
   7.4544874e-01
   6.6847652e-01
   5.7553497e-01
   4.7716384e-01
   3.8486107e-01
   3.1044395e-01
   2.6253593e-01
   2.4784413e-01
   2.6860428e-01
   3.2353880e-01
   4.0562120e-01
   5.0590865e-01
   6.1098690e-01
   7.0839987e-01
   7.8569147e-01
   8.3328010e-01
   8.4413925e-01
   8.1826893e-01
   7.5726605e-01
   6.6911530e-01
   5.6371766e-01
   4.5448738e-01
   3.5356116e-01
   2.7307569e-01
   2.2133503e-01
   2.0376877e-01
   2.2101565e-01
   2.6892367e-01
   3.4046631e-01
   4.2574257e-01
   5.1485148e-01
   5.9725328e-01
   6.6560204e-01
   7.1223251e-01
   7.3363142e-01
   7.2724369e-01
   6.9466624e-01
   6.3877356e-01
   5.6435644e-01
   4.7908016e-01
   3.9188757e-01
   3.1236026e-01
   2.4912169e-01
   2.0919834e-01
   1.9770041e-01
   2.1558607e-01
   2.6061960e-01
   3.2705205e-01
   4.0753752e-01
   4.9153625e-01
   5.6914723e-01
   6.3015011e-01
   6.6656021e-01
   6.7390610e-01
   6.5091025e-01
   6.0076653e-01
   5.3114021e-01
   4.5001596e-01
   3.6953050e-01
   2.9958479e-01
   2.4848291e-01
   2.2197381e-01
   2.2229319e-01
   2.4816353e-01
   2.9543277e-01
   3.5931012e-01
   4.3181092e-01
   5.0526988e-01
   5.7234111e-01
   6.2535931e-01
   6.5857553e-01
   6.6751836e-01
   6.5154902e-01
   6.1162568e-01
   5.5221974e-01
   4.8099648e-01
   4.0689875e-01
   3.3918876e-01
   2.8680932e-01
   2.5646758e-01
   2.5199616e-01
   2.7499201e-01
   3.2353880e-01
   3.9156818e-01
   4.7205365e-01
   5.5573299e-01
   6.3334398e-01
   6.9594379e-01
   7.3682530e-01
   7.5311402e-01
   7.4353242e-01
   7.1127435e-01
   6.6145002e-01
   6.0044714e-01
   5.3465346e-01
   4.7013734e-01
   4.1264772e-01
   3.6665602e-01
   3.3567550e-01
   3.2353880e-01
   3.3120409e-01
   3.6154583e-01
   4.1264772e-01
   4.8163526e-01
   5.6212073e-01
   6.4580006e-01
   7.2277228e-01
   7.8345576e-01
   8.1954647e-01
   8.2561482e-01
   7.9974449e-01
   7.4449058e-01
   6.6624081e-01
   5.7361865e-01
   4.7844139e-01
   3.9252635e-01
   3.2577451e-01
   2.8776749e-01
   2.8297668e-01
   3.1267965e-01
   3.7336315e-01
   4.5736187e-01
   5.5381667e-01
   6.5154903e-01
   7.3842223e-01
   8.0485468e-01
   8.4477802e-01
   8.5308208e-01
   8.3040562e-01
   7.7930373e-01
   7.0424784e-01
   6.1290323e-01
   5.1357394e-01
   4.1552220e-01
   3.2864898e-01
   2.6093899e-01
   2.2069625e-01
   2.1175343e-01
   2.3602683e-01
   2.9032258e-01
   3.6953050e-01
   4.6438837e-01
   5.6371767e-01
   6.5538167e-01
   7.2788246e-01
   7.7131907e-01
   7.7994251e-01
   7.5087831e-01
   6.8668157e-01
   5.9501757e-01
   4.8578728e-01
   3.7272437e-01
   2.6924305e-01
   1.8716064e-01
   1.3573938e-01
   1.1945065e-01
   1.3861385e-01
   1.8907697e-01
   2.6285532e-01
   3.5036729e-01
   4.4011498e-01
   5.2123921e-01
   5.8415841e-01
   6.2184605e-01
   6.3015011e-01
   6.0875119e-01
   5.6116257e-01
   4.9441073e-01
   4.1775791e-01
   3.4142446e-01
   2.7531140e-01
   2.2708399e-01
   2.0185244e-01
   2.0185244e-01
   2.2548706e-01
   2.6924305e-01
   3.2832961e-01
   3.9635899e-01
   4.6662408e-01
   5.3305653e-01
   5.8990738e-01
   6.3174704e-01
   6.5506228e-01
   6.5793676e-01
   6.4068987e-01
   6.0491856e-01
   5.5541361e-01
   4.9728521e-01
   4.3660172e-01
   3.8007027e-01
   3.3280102e-01
   3.0022357e-01
   2.8553178e-01
   2.9096136e-01
   3.1683168e-01
   3.6186522e-01
   4.2159054e-01
   4.9089747e-01
   5.6275950e-01
   6.2823379e-01
   6.8061322e-01
   7.1319067e-01
   7.2245289e-01
   7.0776110e-01
   6.7103162e-01
   6.1673586e-01
   5.5190035e-01
   4.8323219e-01
   4.1839667e-01
   3.6410092e-01
   3.2577451e-01
   3.0756947e-01
   3.1108272e-01
   3.3631427e-01
   3.8038965e-01
   4.3819866e-01
   5.0463111e-01
   5.7202172e-01
   6.3366337e-01
   6.8284893e-01
   7.1478761e-01
   7.2500798e-01
   7.1223251e-01
   6.7709996e-01
   6.2184605e-01
   5.5253912e-01
   4.7588630e-01
   4.0178856e-01
   3.3854998e-01
   2.9447461e-01
   2.7499201e-01
   2.8169914e-01
   3.1363781e-01
   3.6537847e-01
   4.3053337e-01
   5.0079846e-01
   5.6946663e-01
   6.2983072e-01
   6.7805813e-01
   7.1063557e-01
   7.2628553e-01
   7.2373044e-01
   7.0328968e-01
   6.6624082e-01
   6.1513893e-01
   5.5413605e-01
   4.8866177e-01
   4.2574257e-01
   3.7240498e-01
   3.3567550e-01
   3.1938677e-01
   3.2513574e-01
   3.5164484e-01
   3.9348451e-01
   4.4298945e-01
   4.9217502e-01
   5.3114021e-01
   5.5190035e-01
   5.5126158e-01
   5.2762696e-01
   4.8387097e-01
   4.2670074e-01
   3.6442032e-01
   3.0693069e-01
   2.6221654e-01
   2.3602683e-01
   2.3251358e-01
   2.5071862e-01
   2.8776748e-01
   3.3918875e-01
   3.9859469e-01
   4.5863941e-01
   5.1261578e-01
   5.5381668e-01
   5.7713190e-01
   5.7904822e-01
   5.5924625e-01
   5.1868412e-01
   4.6311082e-01
   3.9955286e-01
   3.3535611e-01
   2.7882466e-01
   2.3730437e-01
   2.1462791e-01
   2.1398913e-01
   2.3442989e-01
   2.7339507e-01
   3.2801022e-01
   3.9316512e-01
   4.6406899e-01
   5.3561163e-01
   6.0172469e-01
   6.5729798e-01
   6.9722133e-01
   7.1766209e-01
   7.1606516e-01
   6.9243053e-01
   6.4963270e-01
   5.9214308e-01
   5.2666880e-01
   4.5991696e-01
   3.9987225e-01
   3.5292239e-01
   3.2513574e-01
   3.1970616e-01
   3.3823059e-01
   3.7975087e-01
   4.4011498e-01
   5.1389332e-01
   5.9246247e-01
   6.6783775e-01
   7.3139571e-01
   7.7579048e-01
   7.9655062e-01
   7.9144043e-01
   7.6045991e-01
   7.0744171e-01
   6.3717662e-01
   5.5637177e-01
   4.7269242e-01
   3.9444267e-01
   3.2992654e-01
   2.8648994e-01
   2.6892366e-01
   2.8137975e-01
   3.2258064e-01
   3.8901309e-01
   4.7333120e-01
   5.6595336e-01
   6.5506228e-01
   7.3011818e-01
   7.8122006e-01
   8.0102204e-01
   7.8696902e-01
   7.3906101e-01
   6.6176940e-01
   5.6499520e-01
   4.5959757e-01
   3.5739380e-01
   2.7211753e-01
   2.1303098e-01
   1.8652187e-01
   1.9578409e-01
   2.3794315e-01
   3.0597253e-01
   3.8965186e-01
   4.7844139e-01
   5.6052379e-01
   6.2695624e-01
   6.6975407e-01
   6.8476525e-01
   6.7167039e-01
   6.3238581e-01
   5.7170233e-01
   4.9696583e-01
   4.1679974e-01
   3.4014692e-01
   2.7595017e-01
   2.3027786e-01
   2.0824017e-01
   2.1143404e-01
   2.3890130e-01
   2.8776749e-01
   3.5196423e-01
   4.2542319e-01
   4.9952092e-01
   5.6627276e-01
   6.1801341e-01
   6.4739699e-01
   6.5027148e-01
   6.2408176e-01
   5.7170233e-01
   4.9888214e-01
   4.1360588e-01
   3.2832961e-01
   2.5391248e-01
   2.0057489e-01
   1.7566272e-01
   1.8173107e-01
   2.1877994e-01
   2.8137975e-01
   3.6154583e-01
   4.5001597e-01
   5.3593101e-01
   6.1034813e-01
   6.6528265e-01
   6.9498562e-01
   6.9690195e-01
   6.7135100e-01
   6.2216544e-01
   5.5605237e-01
   4.8035771e-01
   4.0434366e-01
   3.3727244e-01
   2.8648993e-01
   2.5806451e-01
   2.5519003e-01
   2.7978281e-01
   3.2992654e-01
   4.0083040e-01
   4.8706484e-01
   5.7872884e-01
   6.6751837e-01
   7.4321303e-01
   7.9687001e-01
   8.2305973e-01
   8.1890770e-01
   7.8569146e-01
   7.2916002e-01
   6.5633982e-01
   5.7681252e-01
   5.0111785e-01
   4.3628233e-01
   3.8901309e-01
   3.6154583e-01
   3.5260300e-01
   3.5931012e-01
   3.7527946e-01
   3.9476205e-01
   4.1200894e-01
   4.2222932e-01
   4.2382625e-01
   4.1871607e-01
   4.0881508e-01
   3.9923347e-01
   3.9316513e-01
   3.9348451e-01
   3.9923347e-01
   4.0785692e-01
   4.1584158e-01
   4.1807729e-01
   4.1328648e-01
   4.0210795e-01
   3.8837432e-01
   3.7815394e-01
   3.7847333e-01
   3.9508144e-01
   4.3085275e-01
