   1.6349439e-01
   1.6007809e-01
   1.7715959e-01
   2.1010249e-01
   2.5158614e-01
   2.9453392e-01
   3.3357736e-01
   3.6554417e-01
   3.9043436e-01
   4.1117619e-01
   4.3094192e-01
   4.5339190e-01
   4.8023426e-01
   5.1146901e-01
   5.4489995e-01
   5.7686677e-01
   6.0346511e-01
   6.2249878e-01
   6.3128355e-01
   6.3030747e-01
   6.2152269e-01
   6.0688140e-01
   5.8955588e-01
   5.7271840e-01
   5.5783309e-01
   5.4660811e-01
   5.3928746e-01
   5.3465105e-01
   5.3196681e-01
   5.2903855e-01
   5.2513422e-01
   5.1805759e-01
   5.0683260e-01
   4.9072718e-01
   4.6949732e-01
   4.4314300e-01
   4.1264031e-01
   3.7945340e-01
   3.4602245e-01
   3.1503172e-01
   2.8965349e-01
   2.7330405e-01
   2.6793558e-01
   2.7501220e-01
   2.9404588e-01
   3.2235237e-01
   3.5602733e-01
   3.9043436e-01
   4.2044900e-01
   4.4216691e-01
   4.5314788e-01
   4.5387994e-01
   4.4558321e-01
   4.3118594e-01
   4.1434847e-01
   3.9799903e-01
   3.8384578e-01
   3.7384090e-01
   3.6749634e-01
   3.6408004e-01
   3.6237189e-01
   3.6090776e-01
   3.5871156e-01
   3.5505124e-01
   3.4992679e-01
   3.4309420e-01
   3.3504148e-01
   3.2650073e-01
   3.1820400e-01
   3.1015130e-01
   3.0234261e-01
   2.9502196e-01
   2.8794534e-01
   2.8038068e-01
   2.7354807e-01
   2.6720351e-01
   2.6183504e-01
   2.5915081e-01
   2.5915081e-01
   2.6232309e-01
   2.6891166e-01
   2.7818448e-01
   2.8965349e-01
   3.0234261e-01
   3.1551977e-01
   3.2869693e-01
   3.4040995e-01
   3.5017081e-01
   3.5675939e-01
   3.5944363e-01
   3.5700342e-01
   3.4919473e-01
   3.3650561e-01
   3.1942411e-01
   2.9990239e-01
   2.7964861e-01
   2.6110298e-01
   2.4548560e-01
   2.3499268e-01
   2.3084432e-01
   2.3474866e-01
   2.4719375e-01
   2.7037579e-01
   3.0429478e-01
   3.4919473e-01
   4.0434358e-01
   4.6583699e-01
   5.3050269e-01
   5.9175207e-01
   6.4348463e-01
   6.8033187e-01
   6.9741337e-01
   6.9204490e-01
   6.6398243e-01
   6.1615422e-01
   5.5368472e-01
   4.8267448e-01
   4.1117618e-01
   3.4675451e-01
   2.9624207e-01
   2.6427526e-01
   2.5353831e-01
   2.6427526e-01
   2.9282577e-01
   3.3430942e-01
   3.8189361e-01
   4.2752562e-01
   4.6437287e-01
   4.8609078e-01
   4.8853099e-01
   4.7120547e-01
   4.3557833e-01
   3.8677404e-01
   3.3235725e-01
   2.8135676e-01
   2.4206930e-01
   2.2230356e-01
   2.2620791e-01
   2.5353831e-01
   3.0063446e-01
   3.6017570e-01
   4.2240117e-01
   4.7657394e-01
   5.1366520e-01
   5.2684236e-01
   5.1366520e-01
   4.7535383e-01
   4.1703270e-01
   3.4699853e-01
   2.7452416e-01
   2.1034651e-01
   1.6349439e-01
   1.4128843e-01
   1.4787701e-01
   1.8496827e-01
   2.4890191e-01
   3.3333333e-01
   4.2850171e-01
   5.2293802e-01
   6.0566130e-01
   6.6642264e-01
   6.9790141e-01
   6.9716935e-01
   6.6569058e-01
   6.0858956e-01
   5.3440703e-01
   4.5192777e-01
   3.7115666e-01
   2.9990239e-01
   2.4353343e-01
   2.0497804e-01
   1.8399219e-01
   1.7886774e-01
   1.8545632e-01
   2.0009761e-01
   2.1864324e-01
   2.3865300e-01
   2.5841874e-01
   2.7769644e-01
   2.9721816e-01
   3.1795998e-01
   3.3992191e-01
   3.6310395e-01
   3.8555393e-01
   4.0556369e-01
   4.1996096e-01
   4.2654953e-01
   4.2386531e-01
   4.1142021e-01
   3.9067838e-01
   3.6359200e-01
   3.3382138e-01
   3.0453880e-01
   2.7842850e-01
   2.5817472e-01
   2.4499756e-01
   2.3962909e-01
   2.4182529e-01
   2.5134211e-01
   2.6793558e-01
   2.9160566e-01
   3.2235237e-01
   3.6090776e-01
   4.0727184e-01
   4.6046852e-01
   5.1927770e-01
   5.8077111e-01
   6.4006833e-01
   6.9204490e-01
   7.3133236e-01
   7.5451440e-01
   7.5890678e-01
   7.4548561e-01
   7.1742313e-01
   6.8008785e-01
   6.3982430e-01
   6.0200098e-01
   5.7101025e-01
   5.4880429e-01
   5.3416301e-01
   5.2367008e-01
   5.1293314e-01
   4.9707174e-01
   4.7266959e-01
   4.3777453e-01
   3.9311859e-01
   3.4285017e-01
   2.9258175e-01
   2.4938995e-01
   2.2010737e-01
   2.1010249e-01
   2.2279161e-01
   2.5744266e-01
   3.0941923e-01
   3.7164470e-01
   4.3484627e-01
   4.8926306e-01
   5.2635432e-01
   5.4148365e-01
   5.3221083e-01
   5.0122011e-01
   4.5363592e-01
   3.9702294e-01
   3.3918985e-01
   2.8745729e-01
   2.4694973e-01
   2.2059542e-01
   2.0912640e-01
   2.1010249e-01
   2.2083944e-01
   2.3694485e-01
   2.5451439e-01
   2.7037579e-01
   2.8282089e-01
   2.9111762e-01
   2.9648609e-01
   2.9990239e-01
   3.0356271e-01
   3.0844314e-01
   3.1454368e-01
   3.2210835e-01
   3.2918497e-01
   3.3406540e-01
   3.3552953e-01
   3.3284529e-01
   3.2601269e-01
   3.1649586e-01
   3.0575891e-01
   2.9648609e-01
   2.9014153e-01
   2.8867741e-01
   2.9306979e-01
   3.0331869e-01
   3.1844803e-01
   3.3674964e-01
   3.5651537e-01
   3.7554905e-01
   3.9214251e-01
   4.0409956e-01
   4.1044412e-01
   4.1068814e-01
   4.0458760e-01
   3.9311860e-01
   3.7652514e-01
   3.5675939e-01
   3.3528550e-01
   3.1405564e-01
   2.9551001e-01
   2.8330893e-01
   2.7989263e-01
   2.8843338e-01
   3.1112738e-01
   3.4773060e-01
   3.9726696e-01
   4.5558809e-01
   5.1732552e-01
   5.7613470e-01
   6.2518302e-01
   6.5959004e-01
   6.7593948e-01
   6.7349927e-01
   6.5519766e-01
   6.2567106e-01
   5.9102001e-01
   5.5880918e-01
   5.3611518e-01
   5.2903856e-01
   5.4099560e-01
   5.7223036e-01
   6.2005857e-01
   6.7886774e-01
   7.4011714e-01
   7.9477794e-01
   8.3430942e-01
   8.5114690e-01
   8.4138605e-01
   8.0502684e-01
   7.4597365e-01
   6.7130308e-01
   5.9150805e-01
   5.1756955e-01
   4.6046852e-01
   4.2898975e-01
   4.2947780e-01
   4.6364080e-01
   5.2806247e-01
   6.1591020e-01
   7.1547096e-01
   8.1332357e-01
   8.9604685e-01
   9.5168375e-01
   9.7218155e-01
   9.5485603e-01
   9.0165935e-01
   8.2040020e-01
   7.2230356e-01
   6.2079063e-01
   5.2903856e-01
   4.5754026e-01
   4.1483651e-01
   4.0385554e-01
   4.2362128e-01
   4.6925329e-01
   5.3245485e-01
   6.0297706e-01
   6.7057101e-01
   7.2620790e-01
   7.6256711e-01
   7.7550025e-01
   7.6500732e-01
   7.3352855e-01
   6.8643241e-01
   6.3128355e-01
   5.7491459e-01
   5.2391411e-01
   4.8413860e-01
   4.5802831e-01
   4.4655930e-01
   4.4924353e-01
   4.6315275e-01
   4.8438263e-01
   5.0854075e-01
   5.3196681e-01
   5.5026842e-01
   5.6222547e-01
   5.6710591e-01
   5.6637384e-01
   5.6295754e-01
   5.6051733e-01
   5.6271352e-01
   5.7247438e-01
   5.9053197e-01
   6.1615422e-01
   6.4592484e-01
   6.7447535e-01
   6.9668131e-01
   7.0717423e-01
   7.0253782e-01
   6.8130795e-01
   6.4494876e-01
   5.9736457e-01
   5.4489995e-01
   4.9511957e-01
   4.5510005e-01
   4.3240605e-01
   4.3045388e-01
   4.5070767e-01
   4.9048316e-01
   5.4465593e-01
   6.0468521e-01
   6.6154222e-01
   7.0571010e-01
   7.2986823e-01
   7.2889214e-01
   7.0229380e-01
   6.5275744e-01
   5.8613958e-01
   5.1195705e-01
   4.4045876e-01
   3.8286969e-01
   3.4797462e-01
   3.4114202e-01
   3.6432407e-01
   4.1434847e-01
   4.8365056e-01
   5.6076135e-01
   6.3372377e-01
   6.9106881e-01
   7.2303563e-01
   7.2449976e-01
   6.9546120e-01
   6.4055637e-01
   5.6783797e-01
   4.8804295e-01
   4.1264031e-01
   3.5139092e-01
   3.1185944e-01
   2.9819424e-01
   3.1112738e-01
   3.4675451e-01
   3.9921913e-01
   4.6046852e-01
   5.2074182e-01
   5.7174231e-01
   6.0663739e-01
   6.2176671e-01
   6.1591020e-01
   5.9175208e-01
   5.5344070e-01
   5.0756467e-01
   4.6046852e-01
   4.1800878e-01
   3.8360176e-01
   3.5968765e-01
   3.4699853e-01
   3.4407028e-01
   3.4919473e-01
   3.6017570e-01
   3.7457296e-01
   3.9043436e-01
   4.0678380e-01
   4.2240117e-01
   4.3655441e-01
   4.4924353e-01
   4.5973646e-01
   4.6803319e-01
   4.7340166e-01
   4.7486579e-01
   4.7144949e-01
   4.6290874e-01
   4.4875549e-01
   4.2996584e-01
   4.0824793e-01
   3.8628599e-01
   3.6749634e-01
   3.5407516e-01
   3.4919473e-01
   3.5261103e-01
   3.6383602e-01
   3.7872133e-01
   3.9360664e-01
   4.0287945e-01
   4.0190337e-01
   3.8701806e-01
   3.5651537e-01
   3.1161542e-01
   2.5573451e-01
   1.9375305e-01
   1.3250366e-01
   7.8086877e-02
   3.6115180e-02
   9.7608556e-03
   0.0000000e+00
   5.6124965e-03
   2.3426060e-02
   4.8560273e-02
   7.6378724e-02
   1.0200098e-01
   1.2249878e-01
   1.3567594e-01
   1.4104441e-01
   1.3909224e-01
   1.3079551e-01
   1.1859444e-01
   1.0517325e-01
   9.2484139e-02
   8.3211326e-02
   7.8330898e-02
   7.9062961e-02
   8.4675453e-02
   9.3216203e-02
   1.0273304e-01
   1.1029771e-01
   1.1371401e-01
   1.1249390e-01
   1.0663739e-01
   9.8584678e-02
   9.1508055e-02
   8.8823817e-02
   9.3460224e-02
   1.0785749e-01
   1.3177159e-01
   1.6422646e-01
   2.0180576e-01
   2.4084920e-01
   2.7623231e-01
   3.0307467e-01
   3.1795998e-01
   3.1795998e-01
   3.0331869e-01
   2.7501220e-01
   2.3718887e-01
   1.9497316e-01
   1.5470961e-01
   1.2225476e-01
   1.0248902e-01
   9.8828699e-02
   1.1176184e-01
   1.4031235e-01
   1.8130796e-01
   2.3011225e-01
   2.8184480e-01
   3.3089312e-01
   3.7335286e-01
   4.0580771e-01
   4.2728161e-01
   4.3801855e-01
   4.3972670e-01
   4.3557833e-01
   4.2923377e-01
   4.2508541e-01
   4.2484139e-01
   4.3045388e-01
   4.4216692e-01
   4.5802831e-01
   4.7632992e-01
   4.9438751e-01
   5.1098097e-01
   5.2513422e-01
   5.3660322e-01
   5.4563202e-01
   5.5270864e-01
   5.5783309e-01
   5.5929722e-01
   5.5588092e-01
   5.4587604e-01
   5.2733041e-01
   5.0024402e-01
   4.6559298e-01
   4.2581747e-01
   3.8482187e-01
   3.4675451e-01
   3.1527575e-01
   2.9282577e-01
   2.8013665e-01
   2.7550025e-01
   2.7574426e-01
   2.7598829e-01
   2.7110786e-01
   2.5817472e-01
   2.3523670e-01
   2.0326988e-01
   1.6691069e-01
   1.3201561e-01
   1.0566130e-01
   9.2972187e-02
   9.8096630e-02
   1.2079063e-01
   1.5788189e-01
   2.0278184e-01
   2.4719376e-01
   2.8330894e-01
   3.0405076e-01
   3.0600293e-01
   2.8843338e-01
   2.5573451e-01
   2.1303075e-01
   1.6935090e-01
   1.3177160e-01
   1.0761347e-01
   1.0126891e-01
   1.1371401e-01
   1.4348463e-01
   1.8448023e-01
   2.3011225e-01
   2.7257198e-01
   3.0478282e-01
   3.2284041e-01
   3.2430454e-01
   3.1112738e-01
   2.8867741e-01
   2.6207906e-01
   2.3889702e-01
   2.2474378e-01
   2.2303563e-01
   2.3499268e-01
   2.5866276e-01
   2.9014153e-01
   3.2332845e-01
   3.5236701e-01
   3.7115666e-01
   3.7603709e-01
   3.6481211e-01
   3.3821376e-01
   2.9965837e-01
   2.5402636e-01
   2.0863836e-01
   1.6959493e-01
   1.4324060e-01
   1.3347975e-01
   1.4226452e-01
   1.6861884e-01
   2.0937042e-01
   2.5988287e-01
   3.1429966e-01
   3.6725232e-01
   4.1337238e-01
   4.4875549e-01
   4.6974134e-01
   4.7632992e-01
   4.6803319e-01
   4.4704734e-01
   4.1630063e-01
   3.8042948e-01
   3.4333822e-01
   3.0990728e-01
   2.8428502e-01
   2.6817960e-01
   2.6329917e-01
   2.6866764e-01
   2.8282089e-01
   3.0234260e-01
   3.2406052e-01
   3.4358223e-01
   3.5797950e-01
   3.6481211e-01
   3.6237189e-01
   3.5041484e-01
   3.3040508e-01
   3.0527086e-01
   2.7818448e-01
   2.5305027e-01
   2.3352855e-01
   2.2108346e-01
   2.1717911e-01
   2.2083944e-01
   2.3060029e-01
   2.4377745e-01
   2.5719863e-01
   2.6964373e-01
   2.7940459e-01
   2.8696925e-01
   2.9258175e-01
   2.9917032e-01
   3.0746706e-01
   3.2015617e-01
   3.3796975e-01
   3.6066374e-01
   3.8726208e-01
   4.1532455e-01
   4.4216691e-01
   4.6461689e-01
   4.7999024e-01
   4.8731088e-01
   4.8755490e-01
   4.8340654e-01
   4.7925818e-01
   4.7950220e-01
   4.8853099e-01
   5.0854075e-01
   5.3831137e-01
   5.7467057e-01
   6.1127379e-01
   6.4128844e-01
   6.5763787e-01
   6.5544168e-01
   6.3225964e-01
   5.8906784e-01
   5.2903855e-01
   4.5876037e-01
   3.8506589e-01
   3.1551977e-01
   2.5622255e-01
   2.1205466e-01
   1.8643241e-01
   1.7984383e-01
   1.9228892e-01
   2.2108345e-01
   2.6354319e-01
   3.1454368e-01
   3.6847242e-01
   4.1922889e-01
   4.6095656e-01
   4.8731088e-01
   4.9487555e-01
   4.8267448e-01
   4.5265984e-01
   4.1190825e-01
   3.6969254e-01
   3.3796974e-01
   3.2698878e-01
   3.4480234e-01
   3.9482674e-01
   4.7340166e-01
   5.7149829e-01
   6.7520742e-01
   7.6891167e-01
   8.3870181e-01
   8.7432895e-01
   8.7213275e-01
   8.3479746e-01
   7.7037579e-01
   6.9033675e-01
   6.0712543e-01
   5.3099073e-01
   4.6925329e-01
   4.2508541e-01
   3.9751098e-01
   3.8311371e-01
   3.7676916e-01
   3.7408492e-01
   3.7164471e-01
   3.6822840e-01
   3.6359200e-01
   3.5944363e-01
   3.5773548e-01
   3.5968765e-01
   3.6603221e-01
   3.7579307e-01
   3.8653001e-01
   3.9604685e-01
   4.0092728e-01
   3.9897511e-01
   3.8897023e-01
   3.7164470e-01
   3.4919473e-01
   3.2430454e-01
   3.0039044e-01
   2.8038068e-01
   2.6647145e-01
   2.5890679e-01
   2.5744266e-01
   2.6012689e-01
   2.6525134e-01
   2.7061982e-01
   2.7476818e-01
   2.7769644e-01
   2.7916057e-01
   2.8038068e-01
   2.8233285e-01
   2.8623719e-01
   2.9282577e-01
   3.0136652e-01
   3.1063934e-01
   3.1869205e-01
   3.2406052e-01
   3.2430454e-01
   3.1893607e-01
   3.0893119e-01
   2.9673011e-01
   2.8550513e-01
   2.7891654e-01
   2.8086872e-01
   2.9306979e-01
   3.1625183e-01
   3.4846267e-01
   3.8677404e-01
   4.2654953e-01
   4.6388482e-01
   4.9414349e-01
   5.1488531e-01
   5.2440215e-01
   5.2220596e-01
   5.0854075e-01
   4.8560274e-01
   4.5607614e-01
   4.2215715e-01
   3.8799414e-01
   3.5651537e-01
   3.3089312e-01
   3.1429966e-01
   3.0819912e-01
   3.1332358e-01
   3.2942899e-01
   3.5553929e-01
   3.8897023e-01
   4.2557345e-01
   4.6242069e-01
   4.9511957e-01
   5.2025378e-01
   5.3416301e-01
   5.3611518e-01
   5.2537824e-01
   5.0366032e-01
   4.7388971e-01
   4.3899463e-01
   4.0263543e-01
   3.6847242e-01
   3.3821376e-01
   3.1454368e-01
   2.9819425e-01
   2.9038555e-01
   2.9282577e-01
   3.0673500e-01
   3.3357736e-01
   3.7432894e-01
   4.2752563e-01
   4.9121523e-01
   5.5978526e-01
   6.2664714e-01
   6.8301611e-01
   7.2181552e-01
   7.3596877e-01
   7.2157150e-01
   6.8008785e-01
   6.1517814e-01
   5.3587116e-01
   4.5314788e-01
   3.7896535e-01
   3.2454856e-01
   2.9746218e-01
   3.0087848e-01
   3.3284529e-01
   3.8653001e-01
   4.5143972e-01
   5.1561738e-01
   5.6759394e-01
   5.9882870e-01
   6.0492924e-01
   5.8589556e-01
   5.4612006e-01
   4.9292338e-01
   4.3460225e-01
   3.7920937e-01
   3.3357735e-01
   3.0209858e-01
   2.8574915e-01
   2.8452904e-01
   2.9599805e-01
   3.1771596e-01
   3.4553441e-01
   3.7774524e-01
   4.1068814e-01
   4.4265495e-01
   4.7193753e-01
   4.9585163e-01
   5.1293314e-01
   5.2098585e-01
   5.1830161e-01
   5.0390435e-01
   4.7852611e-01
   4.4387506e-01
   4.0385554e-01
   3.6383602e-01
   3.2967301e-01
   3.0697901e-01
   2.9965837e-01
   3.1039531e-01
   3.3772572e-01
   3.7774524e-01
   4.2459737e-01
   4.7193753e-01
   5.1195705e-01
   5.3904344e-01
   5.4904832e-01
   5.4099561e-01
   5.1488531e-01
   4.7413373e-01
   4.2313324e-01
   3.6822840e-01
   3.1527575e-01
   2.7013177e-01
   2.3792094e-01
   2.2205954e-01
   2.2352367e-01
   2.4231333e-01
   2.7501220e-01
   3.1747194e-01
   3.6432406e-01
   4.0946803e-01
   4.4704734e-01
   4.7315764e-01
   4.8438263e-01
   4.8023426e-01
   4.6144461e-01
   4.3094192e-01
   3.9238653e-01
   3.5114690e-01
   3.1210347e-01
   2.8013665e-01
   2.5866276e-01
   2.4963397e-01
   2.5280625e-01
   2.6744754e-01
   2.9111762e-01
   3.2113226e-01
   3.5456320e-01
   3.8897023e-01
   4.2166911e-01
   4.5046365e-01
   4.7315764e-01
   4.8828697e-01
   4.9414349e-01
   4.9097121e-01
   4.7877013e-01
   4.5949244e-01
   4.3582235e-01
   4.1093216e-01
   3.8775013e-01
   3.6920449e-01
   3.5724744e-01
   3.5212299e-01
   3.5407516e-01
   3.6261591e-01
   3.7676916e-01
   3.9580283e-01
   4.1874085e-01
   4.4533919e-01
   4.7364568e-01
   5.0268424e-01
   5.3001464e-01
   5.5368473e-01
   5.7101025e-01
   5.8003904e-01
   5.8003904e-01
   5.6930210e-01
   5.4929234e-01
   5.2171791e-01
   4.8877501e-01
   4.5485603e-01
   4.2386530e-01
   3.9995119e-01
   3.8750610e-01
   3.8897023e-01
   4.0605174e-01
   4.3801855e-01
   4.8145437e-01
   5.3196682e-01
   5.8174719e-01
   6.2323085e-01
   6.4885310e-01
   6.5153733e-01
   6.2884334e-01
   5.8077111e-01
   5.1268912e-01
   4.3411420e-01
   3.5822352e-01
   2.9843826e-01
   2.6793558e-01
   2.7501220e-01
   3.2308443e-01
   4.0727184e-01
   5.1732552e-01
   6.3665202e-01
   7.4768180e-01
   8.3235725e-01
   8.7872133e-01
   8.7994144e-01
   8.3723768e-01
   7.5841874e-01
   6.5641777e-01
   5.4587604e-01
   4.4143485e-01
   3.5505124e-01
   2.9428990e-01
   2.6085896e-01
   2.5353832e-01
   2.6573939e-01
   2.9038556e-01
   3.2088824e-01
   3.5065886e-01
   3.7603709e-01
   3.9555881e-01
   4.1020010e-01
   4.2142509e-01
   4.3069790e-01
   4.3997072e-01
   4.4826745e-01
   4.5510005e-01
   4.5778428e-01
   4.5412397e-01
   4.4289898e-01
   4.2386530e-01
   3.9921913e-01
   3.7164471e-01
   3.4553441e-01
   3.2528063e-01
   3.1429966e-01
   3.1429966e-01
   3.2625671e-01
   3.4870669e-01
   3.7798926e-01
   4.0995608e-01
   4.3997072e-01
   4.6315276e-01
   4.7535383e-01
   4.7535383e-01
   4.6168863e-01
   4.3704246e-01
   4.0531967e-01
   3.7066862e-01
   3.3870181e-01
   3.1429966e-01
   3.0063446e-01
   2.9892631e-01
   3.0893119e-01
   3.2772084e-01
   3.5212299e-01
   3.7750122e-01
   3.9970718e-01
   4.1556857e-01
   4.2288922e-01
   4.2093705e-01
   4.1093216e-01
   3.9482674e-01
   3.7554905e-01
   3.5627135e-01
   3.3918985e-01
   3.2674476e-01
   3.1893607e-01
   3.1625183e-01
   3.1820400e-01
   3.2381650e-01
   3.3333334e-01
   3.4797462e-01
   3.6871645e-01
   3.9751098e-01
   4.3533431e-01
   4.8218643e-01
   5.3562713e-01
   5.9224012e-01
   6.4690093e-01
   6.9350903e-01
   7.2718399e-01
   7.4402147e-01
   7.4206930e-01
   7.2254758e-01
   6.8936066e-01
   6.4934114e-01
   6.1005369e-01
   5.8028307e-01
   5.6808199e-01
   5.7881894e-01
   6.1469010e-01
   6.7349927e-01
   7.4938995e-01
   8.3186921e-01
   9.0922401e-01
   9.6852123e-01
   1.0000000e+00
   9.9658370e-01
   9.5705222e-01
   8.8482186e-01
   7.8794534e-01
   6.7667155e-01
   5.6393363e-01
   4.5973646e-01
   3.7262079e-01
   3.0844314e-01
   2.6842362e-01
   2.5109810e-01
   2.5231820e-01
   2.6671547e-01
   2.8867741e-01
   3.1283553e-01
   3.3552953e-01
   3.5383114e-01
   3.6700830e-01
   3.7506101e-01
   3.7823329e-01
   3.7750122e-01
   3.7335286e-01
   3.6603221e-01
   3.5578331e-01
   3.4285017e-01
   3.2772084e-01
   3.1185945e-01
   2.9673011e-01
   2.8452904e-01
   2.7696438e-01
   2.7525622e-01
   2.7989263e-01
   2.9087360e-01
   3.0722304e-01
   3.2723280e-01
   3.4895071e-01
   3.6944851e-01
   3.8726208e-01
   3.9995120e-01
   4.0629576e-01
   4.0531967e-01
   3.9751098e-01
   3.8335773e-01
   3.6505613e-01
   3.4455832e-01
   3.2406052e-01
   3.0551489e-01
   2.9038555e-01
   2.8038068e-01
   2.7574426e-01
   2.7794046e-01
   2.8916545e-01
   3.1039532e-01
   3.4407028e-01
   3.9165446e-01
   4.5290386e-01
   5.2537824e-01
   6.0395315e-01
   6.8228404e-01
   7.5158614e-01
   8.0405076e-01
   8.3260127e-01
   8.3308931e-01
   8.0502684e-01
   7.5134212e-01
   6.7911176e-01
   5.9638849e-01
   5.1366521e-01
   4.4021474e-01
   3.8408980e-01
   3.4968277e-01
   3.3894583e-01
   3.5017081e-01
   3.7945340e-01
   4.2093705e-01
   4.6803319e-01
   5.1390922e-01
   5.5270864e-01
   5.7930698e-01
   5.9102001e-01
   5.8565153e-01
   5.6368960e-01
   5.2635432e-01
   4.7706199e-01
   4.2044900e-01
   3.6237189e-01
   3.0893119e-01
   2.6598341e-01
   2.3840898e-01
   2.2864812e-01
   2.3718887e-01
   2.6256711e-01
   3.0063446e-01
   3.4626647e-01
   3.9360664e-01
   4.3753050e-01
   4.7266960e-01
   4.9609566e-01
   5.0536847e-01
   5.0024402e-01
   4.8291850e-01
   4.5558809e-01
   4.2288922e-01
   3.8945827e-01
   3.5944363e-01
   3.3723767e-01
   3.2503661e-01
   3.2357247e-01
   3.3162518e-01
   3.4699853e-01
   3.6749634e-01
   3.8897023e-01
   4.0922402e-01
   4.2581747e-01
   4.3679844e-01
   4.4143485e-01
   4.3923865e-01
   4.3118594e-01
   4.1776477e-01
   4.0117130e-01
   3.8384578e-01
   3.6822841e-01
   3.5675939e-01
   3.5114690e-01
   3.5187897e-01
   3.5871157e-01
   3.7018058e-01
   3.8384578e-01
   3.9824305e-01
   4.1190825e-01
   4.2410932e-01
   4.3606637e-01
   4.4875549e-01
   4.6388482e-01
   4.8291850e-01
   5.0610054e-01
   5.3245485e-01
   5.5929722e-01
   5.8418741e-01
   6.0346511e-01
   6.1371401e-01
   6.1224988e-01
   5.9834066e-01
   5.7320645e-01
   5.3928746e-01
   5.0122011e-01
   4.6364080e-01
   4.3289409e-01
   4.1386042e-01
   4.0922402e-01
   4.2069303e-01
   4.4704734e-01
   4.8438262e-01
   5.2781845e-01
   5.7027818e-01
   6.0517326e-01
   6.2664715e-01
   6.3079551e-01
   6.1664227e-01
   5.8613958e-01
   5.4319180e-01
   4.9463153e-01
   4.4753539e-01
   4.0922401e-01
   3.8506589e-01
   3.7701317e-01
   3.8506589e-01
   4.0556369e-01
   4.3362616e-01
   4.6315276e-01
   4.8999512e-01
   5.1049292e-01
   5.2391410e-01
   5.3123475e-01
   5.3391899e-01
   5.3489507e-01
   5.3538311e-01
   5.3611518e-01
   5.3660322e-01
   5.3513909e-01
   5.3050269e-01
   5.2147389e-01
   5.0732065e-01
   4.8926306e-01
   4.6827721e-01
   4.4631528e-01
   4.2557345e-01
   4.0751586e-01
   3.9311860e-01
   3.8262567e-01
   3.7579307e-01
   3.7091264e-01
   3.6676428e-01
   3.6237189e-01
   3.5675939e-01
   3.4968277e-01
   3.4211811e-01
   3.3552953e-01
   3.3064910e-01
   3.2894094e-01
   3.3089312e-01
   3.3601757e-01
   3.4358223e-01
   3.5212299e-01
   3.6066374e-01
   3.6920449e-01
   3.7774524e-01
   3.8701806e-01
   3.9848707e-01
   4.1386042e-01
   4.3289410e-01
   4.5461200e-01
   4.7730600e-01
   4.9853587e-01
   5.1488531e-01
   5.2415813e-01
   5.2391410e-01
   5.1439726e-01
   4.9658370e-01
   4.7242557e-01
   4.4558321e-01
   4.1971694e-01
   3.9775500e-01
   3.8189361e-01
   3.7359688e-01
   3.7140068e-01
   3.7481698e-01
   3.8091752e-01
   3.8750610e-01
   3.9287457e-01
   3.9580283e-01
   3.9629088e-01
   3.9531479e-01
   3.9311860e-01
   3.9092240e-01
   3.8897023e-01
   3.8701806e-01
   3.8579795e-01
   3.8530991e-01
   3.8677404e-01
   3.9141044e-01
   4.0165935e-01
   4.1874085e-01
   4.4314300e-01
   4.7413373e-01
   5.0878477e-01
   5.4343583e-01
   5.7271840e-01
   5.9199610e-01
   5.9712055e-01
   5.8638360e-01
   5.5978526e-01
   5.2025379e-01
   4.7315764e-01
   4.2459737e-01
   3.8116154e-01
   3.4870669e-01
   3.3113714e-01
   3.3040508e-01
   3.4480234e-01
   3.7164470e-01
   4.0605173e-01
   4.4289897e-01
   4.7828209e-01
   5.0976086e-01
   5.3660322e-01
   5.6051733e-01
   5.8247925e-01
   6.0492924e-01
   6.2786725e-01
   6.5056125e-01
   6.7032699e-01
   6.8350415e-01
   6.8740849e-01
   6.7959981e-01
   6.6007809e-01
   6.3030747e-01
   5.9394827e-01
   5.5588091e-01
   5.1952172e-01
   4.8926306e-01
   4.6681308e-01
   4.5168375e-01
   4.4216691e-01
   4.3557833e-01
   4.2801366e-01
   4.1678868e-01
   3.9921913e-01
   3.7579307e-01
   3.4724256e-01
   3.1747194e-01
   2.8989752e-01
   2.6915569e-01
   2.5841874e-01
   2.5988287e-01
   2.7428014e-01
   2.9892631e-01
   3.3186921e-01
   3.6749634e-01
   4.0239141e-01
   4.3240605e-01
   4.5412396e-01
   4.6534895e-01
   4.6559298e-01
   4.5510005e-01
   4.3557833e-01
   4.1020010e-01
   3.8189360e-01
   3.5431918e-01
   3.3089312e-01
   3.1503172e-01
   3.0795510e-01
   3.0966325e-01
   3.1966813e-01
   3.3528550e-01
   3.5383114e-01
   3.7359687e-01
   3.9189849e-01
   4.0824793e-01
   4.2288922e-01
   4.3631039e-01
   4.4924353e-01
   4.6242070e-01
   4.7462177e-01
   4.8535871e-01
   4.9219131e-01
   4.9267936e-01
   4.8511469e-01
   4.6827721e-01
   4.4265496e-01
   4.1117619e-01
   3.7872133e-01
   3.5163495e-01
   3.3650561e-01
   3.3967789e-01
   3.6530014e-01
   4.1386042e-01
   4.8121035e-01
   5.6051733e-01
   6.4055637e-01
   7.1034652e-01
   7.5866276e-01
   7.7745242e-01
   7.6329917e-01
   7.1742313e-01
   6.4592484e-01
   5.5929722e-01
   4.6925330e-01
   3.8872620e-01
   3.2845290e-01
   2.9526598e-01
   2.9282577e-01
   3.1966813e-01
   3.6993656e-01
   4.3484627e-01
   5.0414837e-01
   5.6710591e-01
   6.1444607e-01
   6.3958028e-01
   6.3884822e-01
   6.1200585e-01
   5.6271352e-01
   4.9658370e-01
   4.2166910e-01
   3.4626647e-01
   2.7989263e-01
   2.3035627e-01
   2.0473402e-01
   2.0741825e-01
   2.3914105e-01
   2.9697413e-01
   3.7530503e-01
   4.6412884e-01
   5.5246462e-01
   6.2908736e-01
   6.8472425e-01
   7.1327477e-01
   7.1254271e-01
   6.8448024e-01
   6.3494388e-01
   5.7198634e-01
   5.0390434e-01
   4.3850659e-01
   3.8189361e-01
   3.3723768e-01
   3.0673499e-01
   2.8892143e-01
   2.8257687e-01
   2.8550513e-01
   2.9526598e-01
   3.0966325e-01
   3.2698878e-01
   3.4651049e-01
   3.6700829e-01
   3.8799414e-01
   4.0849195e-01
   4.2776964e-01
   4.4387506e-01
   4.5632015e-01
   4.6412884e-01
   4.6608101e-01
   4.6266472e-01
   4.5387994e-01
   4.4070278e-01
   4.2410932e-01
   4.0580771e-01
   3.8701806e-01
   3.6920449e-01
   3.5383114e-01
   3.4382626e-01
   3.4089800e-01
   3.4748658e-01
   3.6530014e-01
   3.9458272e-01
   4.3460225e-01
   4.8145437e-01
   5.3099073e-01
   5.7711079e-01
   6.1346999e-01
   6.3469986e-01
   6.3714007e-01
   6.1981455e-01
   5.8418741e-01
   5.3416301e-01
   4.7608590e-01
   4.1630063e-01
   3.6212787e-01
   3.1942411e-01
   2.9355783e-01
   2.8599317e-01
   2.9795022e-01
   3.2625671e-01
   3.6725232e-01
   4.1508053e-01
   4.6290874e-01
   5.0488043e-01
   5.3416300e-01
   5.4709614e-01
   5.4099561e-01
   5.1610542e-01
   4.7510981e-01
   4.2313324e-01
   3.6725232e-01
   3.1527575e-01
   2.7550025e-01
   2.5427037e-01
   2.5549048e-01
   2.8013665e-01
   3.2479259e-01
   3.8286969e-01
   4.4582723e-01
   5.0317228e-01
   5.4563202e-01
   5.6612982e-01
   5.6027331e-01
   5.2781845e-01
   4.7291362e-01
   4.0287946e-01
   3.2723280e-01
   2.5793070e-01
   2.0644217e-01
   1.8326013e-01
   1.9472914e-01
   2.4377745e-01
   3.2747682e-01
   4.3801855e-01
   5.6271352e-01
   6.8643241e-01
   7.9380185e-01
   8.7115667e-01
   9.0971206e-01
   9.0629576e-01
   8.6310395e-01
   7.8843339e-01
   6.9350903e-01
   5.9077599e-01
   4.9243533e-01
   4.0727184e-01
   3.4114202e-01
   2.9648609e-01
   2.7159590e-01
   2.6329917e-01
   2.6744754e-01
   2.7964861e-01
   2.9575403e-01
   3.1234749e-01
   3.2796486e-01
   3.4040996e-01
   3.4821864e-01
   3.5139092e-01
   3.4943875e-01
   3.4309419e-01
   3.3455344e-01
   3.2820888e-01
   3.2869692e-01
   3.4138604e-01
   3.7042459e-01
   4.1849683e-01
   4.8438263e-01
   5.6295754e-01
   6.4665691e-01
   7.2523182e-01
   7.8916545e-01
   8.3064909e-01
   8.4699854e-01
   8.3845779e-01
   8.1137140e-01
   7.7306003e-01
   7.3230844e-01
   6.9619327e-01
   6.6910688e-01
   6.5202538e-01
   6.4299658e-01
   6.3836018e-01
   6.3372377e-01
   6.2640313e-01
   6.1517813e-01
   6.0078087e-01
   5.8491948e-01
   5.7076623e-01
   5.6076135e-01
   5.5612494e-01
   5.5758907e-01
   5.6490972e-01
   5.7613470e-01
   5.8955588e-01
   6.0248902e-01
   6.1346999e-01
   6.2054661e-01
   6.2176671e-01
   6.1615422e-01
   6.0175696e-01
   5.7759883e-01
   5.4343582e-01
   4.9902392e-01
   4.4631528e-01
   3.8775013e-01
   3.2772084e-01
   2.7061982e-01
   2.2181552e-01
   1.8618839e-01
   1.6691069e-01
   1.6544656e-01
   1.8179600e-01
   2.1278672e-01
   2.5427038e-01
   3.0039044e-01
   3.4553441e-01
   3.8384578e-01
   4.1142021e-01
   4.2435334e-01
   4.2166911e-01
   4.0434358e-01
   3.7432894e-01
   3.3626159e-01
   2.9453392e-01
   2.5500244e-01
   2.2254758e-01
   2.0082967e-01
   1.9180088e-01
   1.9570522e-01
   2.1010249e-01
   2.3255246e-01
   2.5817472e-01
   2.8355296e-01
   3.0502684e-01
   3.2088824e-01
   3.2967301e-01
   3.3113714e-01
   3.2674475e-01
   3.1795998e-01
   3.0624695e-01
   2.9355783e-01
   2.8208882e-01
   2.7306003e-01
   2.6720351e-01
   2.6500732e-01
   2.6598341e-01
   2.6964373e-01
   2.7452416e-01
   2.7964861e-01
   2.8306491e-01
   2.8428501e-01
   2.8257687e-01
   2.7842850e-01
   2.7281601e-01
   2.6793558e-01
   2.6720351e-01
   2.7501220e-01
   2.9477794e-01
   3.2942899e-01
   3.8042948e-01
   4.4582724e-01
   5.2074182e-01
   5.9712055e-01
   6.6642264e-01
   7.1864324e-01
   7.4792582e-01
   7.5085408e-01
   7.2913616e-01
   6.8838458e-01
   6.3811616e-01
   5.8809176e-01
   5.4782821e-01
   5.2293802e-01
   5.1464129e-01
   5.2074183e-01
   5.3465105e-01
   5.4831625e-01
   5.5368472e-01
   5.4514397e-01
   5.1976574e-01
   4.7950220e-01
   4.2898975e-01
   3.7628112e-01
   3.3016106e-01
   2.9892631e-01
   2.8818936e-01
   3.0063446e-01
   3.3430942e-01
   3.8433382e-01
   4.4289898e-01
   5.0048804e-01
   5.4758419e-01
   5.7711078e-01
   5.8296730e-01
   5.6393363e-01
   5.2147389e-01
   4.6071254e-01
   3.8872621e-01
   3.1551977e-01
   2.5012201e-01
   2.0204978e-01
   1.7813568e-01
   1.8179600e-01
   2.1254270e-01
   2.6622743e-01
   3.3406540e-01
   4.0605173e-01
   4.7120546e-01
   5.1952172e-01
   5.4416789e-01
   5.4270376e-01
   5.1634944e-01
   4.7047340e-01
   4.1264031e-01
   3.5114690e-01
   2.9428990e-01
   2.4816984e-01
   2.1644705e-01
   2.0034163e-01
   1.9838946e-01
   2.0790630e-01
   2.2498780e-01
   2.4572962e-01
   2.6647145e-01
   2.8501708e-01
   3.0014641e-01
   3.1088336e-01
   3.1747194e-01
   3.1991215e-01
   3.1893606e-01
   3.1429966e-01
   3.0649097e-01
   2.9624207e-01
   2.8428502e-01
   2.7281601e-01
   2.6305515e-01
   2.5793070e-01
   2.5866276e-01
   2.6573938e-01
   2.7867253e-01
   2.9575403e-01
   3.1478770e-01
   3.3333334e-01
   3.5041484e-01
   3.6578819e-01
   3.8091752e-01
   3.9897511e-01
   4.2215715e-01
   4.5241581e-01
   4.8999512e-01
   5.3269888e-01
   5.7662275e-01
   6.1566618e-01
   6.4372865e-01
   6.5568570e-01
   6.4836505e-01
   6.2103466e-01
   5.7686677e-01
   5.2049780e-01
   4.6022450e-01
   4.0361152e-01
   3.5846755e-01
   3.3089312e-01
   3.2381650e-01
   3.3796974e-01
   3.7066862e-01
   4.1703270e-01
   4.7022938e-01
   5.2293802e-01
   5.6783797e-01
   5.9834065e-01
   6.0956565e-01
   5.9956077e-01
   5.6881406e-01
   5.2122987e-01
   4.6364080e-01
   4.0556369e-01
   3.5724744e-01
   3.2796487e-01
   3.2503660e-01
   3.5017082e-01
   4.0214739e-01
   4.7266959e-01
   5.5075647e-01
   6.2371889e-01
   6.7959981e-01
   7.0912640e-01
   7.0839434e-01
   6.7789165e-01
   6.2323085e-01
   5.5246462e-01
   4.7608590e-01
   4.0409956e-01
   3.4358224e-01
   2.9990239e-01
   2.7403612e-01
   2.6549536e-01
   2.7110786e-01
   2.8623719e-01
   3.0600293e-01
   3.2650073e-01
   3.4382626e-01
   3.5627135e-01
   3.6261591e-01
   3.6237189e-01
   3.5651537e-01
   3.4504637e-01
   3.2942899e-01
   3.1063934e-01
   2.8916544e-01
   2.6720351e-01
   2.4572962e-01
   2.2718399e-01
   2.1327477e-01
   2.0571011e-01
   2.0571010e-01
   2.1376281e-01
   2.2864812e-01
   2.4865788e-01
   2.7159590e-01
   2.9428990e-01
   3.1356760e-01
   3.2723280e-01
   3.3357736e-01
   3.3186921e-01
   3.2381650e-01
   3.1137140e-01
   2.9843827e-01
   2.8916544e-01
   2.8818936e-01
   2.9819425e-01
   3.2015618e-01
   3.5309907e-01
   3.9311860e-01
   4.3460225e-01
   4.7120547e-01
   4.9731576e-01
   5.0951684e-01
   5.0732064e-01
   4.9341142e-01
   4.7291362e-01
   4.5314788e-01
   4.4021474e-01
   4.3850659e-01
   4.4924353e-01
   4.7071743e-01
   4.9780381e-01
   5.2318204e-01
   5.3928746e-01
   5.4001953e-01
   5.2147389e-01
   4.8511469e-01
   4.3411420e-01
   3.7701317e-01
   3.2308444e-01
   2.8135676e-01
   2.5963885e-01
   2.6256710e-01
   2.8916544e-01
   3.3528550e-01
   3.9311860e-01
   4.5314788e-01
   5.0585652e-01
   5.4367985e-01
   5.6198145e-01
   5.5978526e-01
   5.3904344e-01
   5.0610054e-01
   4.6681308e-01
   4.2947779e-01
   4.0019522e-01
   3.8408980e-01
   3.8384578e-01
   3.9970718e-01
   4.2898975e-01
   4.6681308e-01
   5.0780869e-01
   5.4465593e-01
   5.7149829e-01
   5.8345534e-01
   5.7711078e-01
   5.5246462e-01
   5.1098096e-01
   4.5705222e-01
   3.9555881e-01
   3.3308931e-01
   2.7672035e-01
   2.3157638e-01
   2.0278184e-01
   1.9253294e-01
   2.0156174e-01
   2.2742801e-01
   2.6647145e-01
   3.1234749e-01
   3.5871157e-01
   3.9946315e-01
   4.3020986e-01
   4.4753539e-01
   4.5168375e-01
   4.4387506e-01
   4.2728160e-01
   4.0580771e-01
   3.8311371e-01
   3.6212787e-01
   3.4431430e-01
   3.3064910e-01
   3.2040019e-01
   3.1332358e-01
   3.0795510e-01
   3.0380674e-01
   3.0063446e-01
   2.9819425e-01
   2.9770620e-01
   2.9892630e-01
   3.0283065e-01
   3.0893119e-01
   3.1649586e-01
   3.2406052e-01
   3.2991703e-01
   3.3211322e-01
   3.2894094e-01
   3.2015618e-01
   3.0722304e-01
   2.9087360e-01
   2.7501220e-01
   2.6207907e-01
   2.5427037e-01
   2.5329429e-01
   2.5866276e-01
   2.6866765e-01
   2.8184480e-01
   2.9477794e-01
   3.0673500e-01
   3.1649585e-01
   3.2454856e-01
   3.3186920e-01
   3.4089800e-01
   3.5236701e-01
   3.6700829e-01
   3.8408980e-01
   4.0141532e-01
   4.1556857e-01
   4.2337726e-01
   4.2166910e-01
   4.0873597e-01
   3.8482187e-01
   3.5261103e-01
   3.1747194e-01
   2.8599317e-01
   2.6573938e-01
   2.6207906e-01
   2.7916057e-01
   3.1698389e-01
   3.7115666e-01
   4.3509029e-01
   4.9902391e-01
   5.5344070e-01
   5.8906784e-01
   6.0053684e-01
   5.8540752e-01
   5.4636409e-01
   4.8950708e-01
   4.2435334e-01
   3.6212787e-01
   3.1259151e-01
   2.8428502e-01
   2.8257687e-01
   3.0795510e-01
   3.5651537e-01
   4.2044900e-01
   4.8975109e-01
   5.5319668e-01
   6.0126891e-01
   6.2835530e-01
   6.3250366e-01
   6.1664227e-01
   5.8711567e-01
   5.5319668e-01
   5.2293802e-01
   5.0390435e-01
   4.9853587e-01
   5.0634456e-01
   5.2342606e-01
   5.4294778e-01
   5.5758907e-01
   5.6100537e-01
   5.4978038e-01
   5.2342606e-01
   4.8487067e-01
   4.4119082e-01
   3.9921913e-01
   3.6749634e-01
   3.5309907e-01
   3.5968765e-01
   3.8823816e-01
   4.3582235e-01
   4.9585163e-01
   5.5978526e-01
   6.1883846e-01
   6.6422645e-01
   6.8960468e-01
   6.9180088e-01
   6.7057101e-01
   6.3006345e-01
   5.7540264e-01
   5.1439727e-01
   4.5461200e-01
   4.0214739e-01
   3.6188384e-01
   3.3577355e-01
   3.2357247e-01
   3.2308443e-01
   3.3040508e-01
   3.4163006e-01
   3.5358712e-01
   3.6285993e-01
   3.6871645e-01
   3.7066862e-01
   3.6896047e-01
   3.6432406e-01
   3.5724744e-01
   3.4797462e-01
   3.3723768e-01
   3.2576867e-01
   3.1551977e-01
   3.0941923e-01
   3.1088336e-01
   3.2284041e-01
   3.4724256e-01
   3.8457785e-01
   4.3265008e-01
   4.8682284e-01
   5.3977550e-01
   5.8516350e-01
   6.1566618e-01
   6.2640313e-01
   6.1517813e-01
   5.8272328e-01
   5.3269888e-01
   4.7193753e-01
   4.0800390e-01
   3.4870669e-01
   3.0136653e-01
   2.7135188e-01
   2.6183504e-01
   2.7306003e-01
   3.0258663e-01
   3.4553441e-01
   3.9555881e-01
   4.4558321e-01
   4.8853099e-01
   5.1878966e-01
   5.3269888e-01
   5.2952660e-01
   5.1024890e-01
   4.7974622e-01
   4.4411908e-01
   4.1142021e-01
   3.8897023e-01
   3.8335773e-01
   3.9848707e-01
   4.3484627e-01
   4.8901903e-01
   5.5417277e-01
   6.2103466e-01
   6.7886774e-01
   7.1888727e-01
   7.3401660e-01
   7.2181552e-01
   6.8350415e-01
   6.2493899e-01
   5.5466081e-01
   4.8389459e-01
   4.2288922e-01
   3.8164958e-01
   3.6652025e-01
   3.8116154e-01
   4.2606149e-01
   4.9633968e-01
   5.8491948e-01
   6.8081991e-01
   7.7281601e-01
   8.4895071e-01
   8.9921913e-01
   9.1825281e-01
   9.0434359e-01
   8.6090776e-01
   7.9502196e-01
   7.1766715e-01
   6.4006833e-01
   5.7223036e-01
   5.2122987e-01
   4.9121523e-01
   4.8096632e-01
   4.8657882e-01
   5.0195217e-01
   5.2000976e-01
   5.3391899e-01
   5.3953148e-01
   5.3440703e-01
   5.1903367e-01
   4.9633968e-01
   4.7047340e-01
   4.4607125e-01
   4.2801367e-01
   4.1898487e-01
   4.2044900e-01
   4.3142997e-01
   4.4899951e-01
   4.6949732e-01
   4.8828697e-01
   5.0122011e-01
   5.0512445e-01
   4.9731576e-01
   4.7755003e-01
   4.4680332e-01
   4.0727184e-01
   3.6237189e-01
   3.1625183e-01
   2.7330405e-01
   2.3792094e-01
   2.1400683e-01
   2.0400195e-01
   2.0863836e-01
   2.2816008e-01
   2.5988288e-01
   3.0087848e-01
   3.4577843e-01
   3.8945827e-01
   4.2654954e-01
   4.5192777e-01
   4.6242070e-01
   4.5558809e-01
   4.3216203e-01
   3.9507077e-01
   3.4968277e-01
   3.0283065e-01
   2.6183504e-01
   2.3377257e-01
   2.2303563e-01
   2.3230845e-01
   2.5915081e-01
   2.9941435e-01
   3.4529039e-01
   3.8848219e-01
   4.2069302e-01
   4.3533431e-01
   4.2898975e-01
   4.0190337e-01
   3.5724744e-01
   3.0112250e-01
   2.4206930e-01
   1.8936066e-01
   1.5056125e-01
   1.3225964e-01
   1.3714007e-01
   1.6471450e-01
   2.1059053e-01
   2.6695949e-01
   3.2528062e-01
   3.7676915e-01
   4.1337238e-01
   4.3045388e-01
   4.2679356e-01
   4.0434358e-01
   3.6847242e-01
   3.2601269e-01
   2.8428501e-01
   2.5036604e-01
   2.2986823e-01
   2.2571986e-01
   2.3914105e-01
   2.6769156e-01
   3.0795510e-01
   3.5456320e-01
   4.0141532e-01
   4.4289897e-01
   4.7486579e-01
   4.9365544e-01
   4.9853587e-01
   4.9023914e-01
   4.7096145e-01
   4.4338702e-01
   4.1166423e-01
   3.7872133e-01
   3.4699854e-01
   3.1942411e-01
   2.9697413e-01
   2.8086871e-01
   2.7135188e-01
   2.6793558e-01
   2.6964373e-01
   2.7452416e-01
   2.8062470e-01
   2.8648122e-01
   2.9062958e-01
   2.9306979e-01
   2.9502196e-01
   2.9917033e-01
   3.0795510e-01
   3.2503661e-01
   3.5114690e-01
   3.8628599e-01
   4.2728160e-01
   4.7047340e-01
   5.0878477e-01
   5.3660322e-01
   5.4807223e-01
   5.3977550e-01
   5.1098096e-01
   4.6461689e-01
   4.0653977e-01
   3.4480234e-01
   2.8940947e-01
   2.4963397e-01
   2.3255247e-01
   2.4280136e-01
   2.8062469e-01
   3.4236213e-01
   4.2069302e-01
   5.0561249e-01
   5.8613958e-01
   6.5226940e-01
   6.9594925e-01
   7.1229868e-01
   7.0058565e-01
   6.6325037e-01
   6.0736945e-01
   5.4075158e-01
   4.7388970e-01
   4.1605661e-01
   3.7481698e-01
   3.5529527e-01
   3.5773548e-01
   3.8067350e-01
   4.1703270e-01
   4.5924842e-01
   4.9829185e-01
   5.2611030e-01
   5.3660322e-01
   5.2635432e-01
   4.9560762e-01
   4.4826745e-01
   3.8994632e-01
   3.2918497e-01
   2.7452416e-01
   2.3401659e-01
   2.1400683e-01
   2.1742314e-01
   2.4475354e-01
   2.9233773e-01
   3.5383114e-01
   4.2069302e-01
   4.8389458e-01
   5.3562714e-01
   5.7125427e-01
   5.8857980e-01
   5.9004393e-01
   5.7979502e-01
   5.6368961e-01
   5.4734017e-01
   5.3465105e-01
   5.2708638e-01
   5.2391410e-01
   5.2269400e-01
   5.1903368e-01
   5.1024891e-01
   4.9438751e-01
   4.7120547e-01
   4.4314300e-01
   4.1386042e-01
   3.8726208e-01
   3.6749634e-01
   3.5700342e-01
   3.5651537e-01
   3.6456808e-01
   3.7896535e-01
   3.9507076e-01
   4.0922401e-01
   4.1800878e-01
   4.1874085e-01
   4.1093216e-01
   3.9580283e-01
   3.7579307e-01
   3.5383114e-01
   3.3284529e-01
   3.1551977e-01
   3.0283065e-01
   2.9526598e-01
   2.9233773e-01
   2.9331381e-01
   2.9697413e-01
   3.0283065e-01
   3.0990727e-01
   3.1844803e-01
   3.2747682e-01
   3.3723767e-01
   3.4724256e-01
   3.5700342e-01
   3.6505612e-01
   3.7066862e-01
   3.7213275e-01
   3.6896047e-01
   3.5993167e-01
   3.4504637e-01
   3.2576866e-01
   3.0405076e-01
   2.8355295e-01
   2.6744754e-01
   2.5988287e-01
   2.6378721e-01
   2.8013666e-01
   3.0917521e-01
   3.4797462e-01
   3.9311860e-01
   4.3899464e-01
   4.8072230e-01
   5.1317716e-01
   5.3318692e-01
   5.3806735e-01
   5.2708638e-01
   5.0170816e-01
   4.6486091e-01
   4.2069302e-01
   3.7384089e-01
   3.3016106e-01
   2.9428990e-01
   2.7037579e-01
   2.6134700e-01
   2.6695949e-01
   2.8574915e-01
   3.1405563e-01
   3.4675451e-01
   3.7847731e-01
   4.0361152e-01
   4.1776477e-01
   4.1825281e-01
   4.0409956e-01
   3.7725720e-01
   3.4040996e-01
   2.9868228e-01
   2.5744266e-01
   2.2157150e-01
   1.9521718e-01
   1.8081991e-01
   1.7886774e-01
   1.8765251e-01
   2.0522206e-01
   2.2791606e-01
   2.5378233e-01
   2.7989263e-01
   3.0502684e-01
   3.2894095e-01
   3.5090288e-01
   3.7115666e-01
   3.8872620e-01
   4.0214739e-01
   4.1093216e-01
   4.1361640e-01
   4.0971206e-01
   3.9970718e-01
   3.8457784e-01
   3.6652026e-01
   3.4773060e-01
   3.3113714e-01
   3.1966813e-01
   3.1551977e-01
   3.2040020e-01
   3.3577355e-01
   3.6115178e-01
   3.9458272e-01
   4.3338214e-01
   4.7291362e-01
   5.0854075e-01
   5.3513909e-01
   5.4831625e-01
   5.4587604e-01
   5.2733041e-01
   4.9438751e-01
   4.5168375e-01
   4.0385554e-01
   3.5675939e-01
   3.1649586e-01
   2.8696925e-01
   2.7061982e-01
   2.6769156e-01
   2.7623231e-01
   2.9258175e-01
   3.1210347e-01
   3.3016106e-01
   3.4285017e-01
   3.4797462e-01
   3.4480234e-01
   3.3479746e-01
   3.1966814e-01
   3.0283065e-01
   2.8672523e-01
   2.7330405e-01
   2.6329917e-01
   2.5695461e-01
   2.5378233e-01
   2.5280625e-01
   2.5451440e-01
   2.5890679e-01
   2.6720351e-01
   2.8013666e-01
   2.9843826e-01
   3.2162031e-01
   3.4821864e-01
   3.7603710e-01
   4.0141533e-01
   4.2069303e-01
   4.3045388e-01
   4.2728160e-01
   4.1020010e-01
   3.7994143e-01
   3.3870181e-01
   2.9136164e-01
   2.4402147e-01
   2.0375793e-01
   1.7642753e-01
   1.6715471e-01
   1.7813568e-01
   2.0863836e-01
   2.5451439e-01
   3.0990727e-01
   3.6700829e-01
   4.1825281e-01
   4.5705222e-01
   4.7852611e-01
   4.8096633e-01
   4.6461689e-01
   4.3338214e-01
   3.9214251e-01
   3.4773060e-01
   3.0600293e-01
   2.7354807e-01
   2.5402635e-01
   2.4963397e-01
   2.6012689e-01
   2.8282089e-01
   3.1356759e-01
   3.4773060e-01
   3.7945339e-01
   4.0409956e-01
   4.1776476e-01
   4.1825281e-01
   4.0458760e-01
   3.7872133e-01
   3.4358223e-01
   3.0429478e-01
   2.6744754e-01
   2.3938506e-01
   2.2669595e-01
   2.3352855e-01
   2.6232309e-01
   3.1039531e-01
   3.7262079e-01
   4.4143485e-01
   5.0756467e-01
   5.6246950e-01
   6.0053684e-01
   6.1908248e-01
   6.1883846e-01
   6.0468521e-01
   5.8247926e-01
   5.5856515e-01
   5.3855539e-01
   5.2537824e-01
   5.1903368e-01
   5.1708150e-01
   5.1610542e-01
   5.1122499e-01
   4.9975598e-01
   4.7950220e-01
   4.5070767e-01
   4.1630063e-01
   3.8018546e-01
   3.4724256e-01
   3.2259639e-01
   3.1015129e-01
   3.1210347e-01
   3.2796486e-01
   3.5627135e-01
   3.9263055e-01
   4.3191801e-01
   4.6803319e-01
   4.9536359e-01
   5.0878477e-01
   5.0512445e-01
   4.8340654e-01
   4.4558321e-01
   3.9653490e-01
   3.4382626e-01
   2.9648609e-01
   2.6500732e-01
   2.5768667e-01
   2.8038068e-01
   3.3406540e-01
   4.1434847e-01
   5.1122499e-01
   6.1176184e-01
   7.0131772e-01
   7.6598341e-01
   7.9648609e-01
   7.8770132e-01
   7.4133724e-01
   6.6495852e-01
   5.6905808e-01
   4.6681308e-01
   3.6993655e-01
   2.8892142e-01
   2.2938019e-01
   1.9448511e-01
   1.8350415e-01
   1.9302099e-01
   2.1791118e-01
   2.5353832e-01
   2.9453392e-01
   3.3626159e-01
   3.7530503e-01
   4.0824793e-01
   4.3289409e-01
   4.4753539e-01
   4.5070767e-01
   4.4216691e-01
   4.2264519e-01
   3.9409468e-01
   3.5968765e-01
   3.2332845e-01
   2.8916545e-01
   2.6207906e-01
   2.4499756e-01
   2.3938506e-01
   2.4524158e-01
   2.6134700e-01
   2.8477306e-01
   3.1137140e-01
   3.3772572e-01
   3.6017570e-01
   3.7554905e-01
   3.8213763e-01
   3.7920938e-01
   3.6627623e-01
   3.4577843e-01
   3.2040019e-01
   2.9331381e-01
   2.6939970e-01
   2.5256223e-01
   2.4621767e-01
   2.5158614e-01
   2.6842363e-01
   2.9526599e-01
   3.2894094e-01
   3.6530015e-01
   4.0190337e-01
   4.3606638e-01
   4.6705710e-01
   4.9487555e-01
   5.1976574e-01
   5.4245974e-01
   5.6246950e-01
   5.7833090e-01
   5.8955588e-01
   5.9297218e-01
   5.8784773e-01
   5.7320645e-01
   5.5051245e-01
   5.2196194e-01
   4.9097121e-01
   4.6095657e-01
   4.3582235e-01
   4.1703270e-01
   4.0507565e-01
   3.9873109e-01
   3.9458272e-01
   3.8994632e-01
   3.8238165e-01
