   0.0000000e+00
   8.4345046e-02
   2.1150159e-01
   3.5782747e-01
   4.9744409e-01
   6.1022364e-01
   6.8274760e-01
   7.1246006e-01
   7.0511182e-01
   6.7316295e-01
   6.3035144e-01
   5.8849841e-01
   5.5527157e-01
   5.3354633e-01
   5.2108626e-01
   5.1469649e-01
   5.1022364e-01
   5.0511182e-01
   4.9840255e-01
   4.9137380e-01
   4.8434505e-01
   4.7955271e-01
   4.7827476e-01
   4.7923323e-01
   4.8242812e-01
   4.8658147e-01
   4.8977636e-01
   4.9073483e-01
   4.8881789e-01
   4.8370607e-01
   4.7667732e-01
   4.6900958e-01
   4.6325879e-01
   4.6134185e-01
   4.6517572e-01
   4.7571885e-01
   4.9169329e-01
   5.1118210e-01
   5.3162939e-01
   5.4920127e-01
   5.6166134e-01
   5.6773163e-01
   5.6773163e-01
   5.6261981e-01
   5.5431310e-01
   5.4408945e-01
   5.3386582e-01
   5.2364218e-01
   5.1373802e-01
   5.0351438e-01
   4.9361022e-01
   4.8338658e-01
   4.7444089e-01
   4.6677316e-01
   4.6070288e-01
   4.5686900e-01
   4.5527156e-01
   4.5686901e-01
   4.6070287e-01
   4.6837061e-01
   4.7955271e-01
   4.9329073e-01
   5.0894568e-01
   5.2396166e-01
   5.3706070e-01
   5.4568690e-01
   5.4952077e-01
   5.4728434e-01
   5.3993610e-01
   5.2907348e-01
   5.1661342e-01
   5.0415335e-01
   4.9361022e-01
   4.8626198e-01
   4.8338658e-01
   4.8594249e-01
   4.9488818e-01
   5.0990415e-01
   5.2939297e-01
   5.5143770e-01
   5.7316294e-01
   5.9073482e-01
   6.0191694e-01
   6.0447284e-01
   5.9872204e-01
   5.8658147e-01
   5.6932908e-01
   5.5047923e-01
   5.3194888e-01
   5.1629393e-01
   5.0415335e-01
   4.9680511e-01
   4.9424920e-01
   4.9680511e-01
   5.0383386e-01
   5.1533547e-01
   5.2971246e-01
   5.4504793e-01
   5.5974441e-01
   5.7124601e-01
   5.7859425e-01
   5.8115016e-01
   5.7987221e-01
   5.7507987e-01
   5.6869009e-01
   5.6134185e-01
   5.5367412e-01
   5.4600639e-01
   5.3833866e-01
   5.3130990e-01
   5.2523962e-01
   5.2076677e-01
   5.1916933e-01
   5.2012780e-01
   5.2428115e-01
   5.3003195e-01
   5.3706070e-01
   5.4408945e-01
   5.5111821e-01
   5.5782747e-01
   5.6357828e-01
   5.6900958e-01
   5.7380192e-01
   5.7699681e-01
   5.7827476e-01
   5.7763578e-01
   5.7476038e-01
   5.7092652e-01
   5.6645368e-01
   5.6389777e-01
   5.6261981e-01
   5.6389776e-01
   5.6677316e-01
   5.7124601e-01
   5.7603834e-01
   5.8051118e-01
   5.8434505e-01
   5.8753994e-01
   5.8977636e-01
   5.9073482e-01
   5.8945687e-01
   5.8690096e-01
   5.8274761e-01
   5.7731629e-01
   5.7252396e-01
   5.6964856e-01
   5.7060703e-01
   5.7507987e-01
   5.8338658e-01
   5.9329073e-01
   6.0319489e-01
   6.1118211e-01
   6.1533547e-01
   6.1629393e-01
   6.1341853e-01
   6.0862620e-01
   6.0191693e-01
   5.9584664e-01
   5.9041534e-01
   5.8562300e-01
   5.8338658e-01
   5.8274761e-01
   5.8498403e-01
   5.8881789e-01
   5.9456868e-01
   6.0000000e-01
   6.0447284e-01
   6.0670926e-01
   6.0607029e-01
   6.0255591e-01
   5.9840256e-01
   5.9456869e-01
   5.9329073e-01
   5.9584664e-01
   6.0223643e-01
   6.1214058e-01
   6.2396166e-01
   6.3546326e-01
   6.4568690e-01
   6.5271566e-01
   6.5654952e-01
   6.5686901e-01
   6.5431311e-01
   6.4920128e-01
   6.4376997e-01
   6.3865815e-01
   6.3610223e-01
   6.3769968e-01
   6.4472844e-01
   6.5686901e-01
   6.7284345e-01
   6.9169329e-01
   7.0958466e-01
   7.2428115e-01
   7.3418531e-01
   7.3769969e-01
   7.3546326e-01
   7.2811502e-01
   7.1725240e-01
   7.0415336e-01
   6.9009585e-01
   6.7635782e-01
   6.6421725e-01
   6.5431310e-01
   6.4824281e-01
   6.4664536e-01
   6.4952077e-01
   6.5718850e-01
   6.6773163e-01
   6.7923323e-01
   6.8945687e-01
   6.9616614e-01
   6.9872204e-01
   6.9648562e-01
   6.9105432e-01
   6.8306709e-01
   6.7380192e-01
   6.6549521e-01
   6.5782748e-01
   6.5271565e-01
   6.5047923e-01
   6.5111821e-01
   6.5623003e-01
   6.6421726e-01
   6.7507987e-01
   6.8690096e-01
   6.9776358e-01
   7.0638978e-01
   7.1118211e-01
   7.1182109e-01
   7.0926517e-01
   7.0319489e-01
   6.9488818e-01
   6.8594249e-01
   6.7571885e-01
   6.6517572e-01
   6.5463259e-01
   6.4536741e-01
   6.3865815e-01
   6.3546326e-01
   6.3738019e-01
   6.4472843e-01
   6.5654952e-01
   6.7028754e-01
   6.8434505e-01
   6.9552716e-01
   7.0287540e-01
   7.0479233e-01
   7.0191693e-01
   6.9520767e-01
   6.8753994e-01
   6.7987220e-01
   6.7380192e-01
   6.7124601e-01
   6.7188499e-01
   6.7635783e-01
   6.8338658e-01
   6.9169329e-01
   6.9936103e-01
   7.0479233e-01
   7.0607029e-01
   7.0191693e-01
   6.9329073e-01
   6.8146965e-01
   6.6900958e-01
   6.5846645e-01
   6.5271566e-01
   6.5207667e-01
   6.5718850e-01
   6.6613418e-01
   6.7635783e-01
   6.8562301e-01
   6.9201278e-01
   6.9456869e-01
   6.9233227e-01
   6.8658147e-01
   6.7827476e-01
   6.6837061e-01
   6.5846645e-01
   6.5047924e-01
   6.4696486e-01
   6.4856230e-01
   6.5623004e-01
   6.6964857e-01
   6.8658147e-01
   7.0447285e-01
   7.1948882e-01
   7.2811502e-01
   7.2779553e-01
   7.1821087e-01
   7.0063898e-01
   6.7763578e-01
   6.5175719e-01
   6.2651757e-01
   6.0383387e-01
   5.8498402e-01
   5.7156550e-01
   5.6230032e-01
   5.5718850e-01
   5.5591054e-01
   5.5750799e-01
   5.6166134e-01
   5.6773163e-01
   5.7507987e-01
   5.8306709e-01
   5.9137381e-01
   5.9936102e-01
   6.0734825e-01
   6.1405751e-01
   6.1948882e-01
   6.2172524e-01
   6.1980831e-01
   6.1309904e-01
   6.0127795e-01
   5.8562300e-01
   5.6900959e-01
   5.5399361e-01
   5.4313099e-01
   5.3897764e-01
   5.4153355e-01
   5.5047923e-01
   5.6389777e-01
   5.7955272e-01
   5.9520767e-01
   6.0894568e-01
   6.1980831e-01
   6.2651758e-01
   6.2939297e-01
   6.2747604e-01
   6.2172524e-01
   6.1246006e-01
   6.0000000e-01
   5.8658147e-01
   5.7348242e-01
   5.6166134e-01
   5.5303515e-01
   5.4760384e-01
   5.4600639e-01
   5.4792333e-01
   5.5303514e-01
   5.6166134e-01
   5.7316294e-01
   5.8722045e-01
   6.0287540e-01
   6.1789138e-01
   6.3003195e-01
   6.3738019e-01
   6.3769968e-01
   6.3067092e-01
   6.1725240e-01
   5.9904153e-01
   5.7923322e-01
   5.5974441e-01
   5.4376996e-01
   5.3162939e-01
   5.2460064e-01
   5.2204473e-01
   5.2364218e-01
   5.2811501e-01
   5.3578275e-01
   5.4504792e-01
   5.5559106e-01
   5.6645367e-01
   5.7667731e-01
   5.8562300e-01
   5.9265175e-01
   5.9840256e-01
   6.0191694e-01
   6.0351437e-01
   6.0255591e-01
   5.9904153e-01
   5.9233227e-01
   5.8242811e-01
   5.7028754e-01
   5.5686901e-01
   5.4568689e-01
   5.3833866e-01
   5.3674121e-01
   5.4121406e-01
   5.5111821e-01
   5.6389777e-01
   5.7763579e-01
   5.8913737e-01
   5.9616613e-01
   5.9808306e-01
   5.9488818e-01
   5.8785942e-01
   5.7763578e-01
   5.6613418e-01
   5.5495207e-01
   5.4472843e-01
   5.3642173e-01
   5.3226837e-01
   5.3226837e-01
   5.3706070e-01
   5.4568690e-01
   5.5750799e-01
   5.7092652e-01
   5.8370607e-01
   5.9520767e-01
   6.0383387e-01
   6.1022365e-01
   6.1373801e-01
   6.1437700e-01
   6.1277955e-01
   6.0830670e-01
   6.0095847e-01
   5.9041534e-01
   5.7859425e-01
   5.6645367e-01
   5.5654952e-01
   5.5047923e-01
   5.4984026e-01
   5.5463259e-01
   5.6325879e-01
   5.7476038e-01
   5.8658147e-01
   5.9712460e-01
   6.0479233e-01
   6.0926517e-01
   6.1054314e-01
   6.0990415e-01
   6.0734825e-01
   6.0447284e-01
   6.0287540e-01
   6.0287540e-01
   6.0575080e-01
   6.1150160e-01
   6.1948882e-01
   6.2811502e-01
   6.3482428e-01
   6.3738019e-01
   6.3482428e-01
   6.2523962e-01
   6.1022364e-01
   5.9169329e-01
   5.7252396e-01
   5.5591054e-01
   5.4472844e-01
   5.4089457e-01
   5.4536741e-01
   5.5782747e-01
   5.7731630e-01
   6.0159744e-01
   6.2907348e-01
   6.5654952e-01
   6.8083067e-01
   6.9904154e-01
   7.0862620e-01
   7.0862620e-01
   6.9904153e-01
   6.8210863e-01
   6.6070288e-01
   6.3897764e-01
   6.2108627e-01
   6.0798722e-01
   6.0159744e-01
   6.0095847e-01
   6.0415336e-01
   6.0894569e-01
   6.1405751e-01
   6.1757189e-01
   6.1916933e-01
   6.1948882e-01
   6.1789138e-01
   6.1469649e-01
   6.1150159e-01
   6.0798722e-01
   6.0511182e-01
   6.0351437e-01
   6.0383386e-01
   6.0670927e-01
   6.1182108e-01
   6.1853035e-01
   6.2587859e-01
   6.3290735e-01
   6.3865815e-01
   6.4345048e-01
   6.4664537e-01
   6.4920128e-01
   6.5079873e-01
   6.5111821e-01
   6.5079872e-01
   6.4888179e-01
   6.4600639e-01
   6.4281150e-01
   6.3993611e-01
   6.3897764e-01
   6.4057508e-01
   6.4376997e-01
   6.4792332e-01
   6.5111821e-01
   6.5207667e-01
   6.4856230e-01
   6.4121406e-01
   6.3035144e-01
   6.1661342e-01
   6.0223643e-01
   5.8753993e-01
   5.7412141e-01
   5.6134185e-01
   5.4984025e-01
   5.3961662e-01
   5.3130990e-01
   5.2587860e-01
   5.2460064e-01
   5.2747604e-01
   5.3482428e-01
   5.4600638e-01
   5.5974440e-01
   5.7507987e-01
   5.8977636e-01
   6.0319489e-01
   6.1373802e-01
   6.2044728e-01
   6.2332269e-01
   6.2140576e-01
   6.1501597e-01
   6.0543131e-01
   5.9424920e-01
   5.8370607e-01
   5.7603834e-01
   5.7220448e-01
   5.7316294e-01
   5.7859425e-01
   5.8530351e-01
   5.9265175e-01
   5.9808307e-01
   6.0063898e-01
   6.0000000e-01
   5.9680511e-01
   5.9201278e-01
   5.8722045e-01
   5.8242811e-01
   5.7827476e-01
   5.7444090e-01
   5.7124601e-01
   5.6932908e-01
   5.6837060e-01
   5.6837060e-01
   5.6996805e-01
   5.7156549e-01
   5.7284345e-01
   5.7156549e-01
   5.6805112e-01
   5.6166134e-01
   5.5367412e-01
   5.4440894e-01
   5.3610224e-01
   5.3003194e-01
   5.2651757e-01
   5.2555910e-01
   5.2779553e-01
   5.3226837e-01
   5.3833866e-01
   5.4568690e-01
   5.5335464e-01
   5.6006390e-01
   5.6485623e-01
   5.6645367e-01
   5.6357827e-01
   5.5718850e-01
   5.4760384e-01
   5.3706070e-01
   5.2779553e-01
   5.2236422e-01
   5.2268371e-01
   5.2875399e-01
   5.4057508e-01
   5.5591054e-01
   5.7380192e-01
   5.9169329e-01
   6.0702875e-01
   6.1884984e-01
   6.2492013e-01
   6.2428115e-01
   6.1629393e-01
   6.0255591e-01
   5.8402555e-01
   5.6421725e-01
   5.4664537e-01
   5.3482428e-01
   5.3162939e-01
   5.3674121e-01
   5.4984025e-01
   5.6709265e-01
   5.8498403e-01
   5.9968051e-01
   6.0766773e-01
   6.0862620e-01
   6.0191693e-01
   5.8913738e-01
   5.7316294e-01
   5.5527157e-01
   5.3738019e-01
   5.2236422e-01
   5.1022364e-01
   5.0255591e-01
   4.9904153e-01
   5.0063898e-01
   5.0607029e-01
   5.1533546e-01
   5.2747604e-01
   5.4089457e-01
   5.5527157e-01
   5.6900958e-01
   5.8115016e-01
   5.9105431e-01
   5.9712460e-01
   5.9904153e-01
   5.9552716e-01
   5.8722045e-01
   5.7539936e-01
   5.6357827e-01
   5.5367412e-01
   5.4920128e-01
   5.5143770e-01
   5.5974440e-01
   5.7252396e-01
   5.8594249e-01
   5.9680512e-01
   6.0095847e-01
   5.9712460e-01
   5.8562300e-01
   5.6773163e-01
   5.4664537e-01
   5.2555911e-01
   5.0702875e-01
   4.9329073e-01
   4.8530351e-01
   4.8338658e-01
   4.8690096e-01
   4.9520767e-01
   5.0638977e-01
   5.1916933e-01
   5.3099042e-01
   5.4089457e-01
   5.4664537e-01
   5.4728434e-01
   5.4440895e-01
   5.3865815e-01
   5.3194888e-01
   5.2651757e-01
   5.2428115e-01
   5.2587860e-01
   5.3130990e-01
   5.3961662e-01
   5.4952076e-01
   5.5974441e-01
   5.6900958e-01
   5.7571885e-01
   5.7859424e-01
   5.7699680e-01
   5.7060703e-01
   5.5942492e-01
   5.4504793e-01
   5.2907349e-01
   5.1501598e-01
   5.0447284e-01
   4.9968051e-01
   5.0063897e-01
   5.0766773e-01
   5.1789137e-01
   5.3067092e-01
   5.4249201e-01
   5.5271566e-01
   5.6102236e-01
   5.6613418e-01
   5.6900959e-01
   5.6900959e-01
   5.6677316e-01
   5.6166134e-01
   5.5431310e-01
   5.4568690e-01
   5.3738019e-01
   5.3067093e-01
   5.2715655e-01
   5.2747604e-01
   5.3194888e-01
   5.3865815e-01
   5.4760383e-01
   5.5654952e-01
   5.6421725e-01
   5.7028753e-01
   5.7412141e-01
   5.7571885e-01
   5.7412141e-01
   5.6964856e-01
   5.6102236e-01
   5.4856230e-01
   5.3290735e-01
   5.1501597e-01
   4.9712460e-01
   4.8083067e-01
   4.6900958e-01
   4.6230031e-01
   4.6102236e-01
   4.6517572e-01
   4.7444089e-01
   4.8626198e-01
   5.0000000e-01
   5.1309904e-01
   5.2428115e-01
   5.3130990e-01
   5.3322683e-01
   5.3035144e-01
   5.2204472e-01
   5.1118211e-01
   4.9936103e-01
   4.8977636e-01
   4.8370607e-01
   4.8274760e-01
   4.8626198e-01
   4.9329073e-01
   5.0255591e-01
   5.1246006e-01
   5.2236422e-01
   5.3130990e-01
   5.3961661e-01
   5.4760383e-01
   5.5431309e-01
   5.5846646e-01
   5.5878594e-01
   5.5463259e-01
   5.4472843e-01
   5.2971246e-01
   5.1118211e-01
   4.9105432e-01
   4.7188498e-01
   4.5527156e-01
   4.4408946e-01
   4.3833865e-01
   4.3833866e-01
   4.4440894e-01
   4.5527156e-01
   4.7060703e-01
   4.8849841e-01
   5.0734824e-01
   5.2492013e-01
   5.3929712e-01
   5.4888179e-01
   5.5271565e-01
   5.5111821e-01
   5.4504793e-01
   5.3642173e-01
   5.2715655e-01
   5.1884984e-01
   5.1373802e-01
   5.1277956e-01
   5.1725240e-01
   5.2811501e-01
   5.4504793e-01
   5.6805112e-01
   5.9456869e-01
   6.2236422e-01
   6.4728435e-01
   6.6581469e-01
   6.7507988e-01
   6.7348243e-01
   6.6102236e-01
   6.3929712e-01
   6.1150159e-01
   5.8146965e-01
   5.5271565e-01
   5.2715655e-01
   5.0734824e-01
   4.9424920e-01
   4.8881789e-01
   4.9073482e-01
   4.9872205e-01
   5.1214058e-01
   5.2875399e-01
   5.4632588e-01
   5.6261981e-01
   5.7539936e-01
   5.8434504e-01
   5.8817892e-01
   5.8849841e-01
   5.8530351e-01
   5.8051118e-01
   5.7476038e-01
   5.6837060e-01
   5.6166135e-01
   5.5463259e-01
   5.4760383e-01
   5.4153355e-01
   5.3738019e-01
   5.3578275e-01
   5.3642172e-01
   5.3961661e-01
   5.4345048e-01
   5.4760383e-01
   5.5047923e-01
   5.5207668e-01
   5.5239616e-01
   5.5175719e-01
   5.5047923e-01
   5.4856230e-01
   5.4632588e-01
   5.4281150e-01
   5.3706070e-01
   5.2971246e-01
   5.2076677e-01
   5.1150160e-01
   5.0287540e-01
   4.9584664e-01
   4.9233227e-01
   4.9201277e-01
   4.9552716e-01
   5.0223642e-01
   5.1182109e-01
   5.2300319e-01
   5.3546326e-01
   5.4760383e-01
   5.5718850e-01
   5.6325879e-01
   5.6421725e-01
   5.6006390e-01
   5.5207668e-01
   5.4121406e-01
   5.3035143e-01
   5.2140575e-01
   5.1565495e-01
   5.1405751e-01
   5.1533546e-01
   5.1821087e-01
   5.2140575e-01
   5.2428115e-01
   5.2587860e-01
   5.2651757e-01
   5.2651757e-01
   5.2587859e-01
   5.2523961e-01
   5.2492012e-01
   5.2492012e-01
   5.2492013e-01
   5.2651757e-01
   5.2907349e-01
   5.3290735e-01
   5.3706070e-01
   5.4057508e-01
   5.4217252e-01
   5.4121406e-01
   5.3674121e-01
   5.2939297e-01
   5.2076677e-01
   5.1246006e-01
   5.0638978e-01
   5.0319489e-01
   5.0383387e-01
   5.0798722e-01
   5.1341853e-01
   5.2012780e-01
   5.2683706e-01
   5.3322683e-01
   5.3833866e-01
   5.4217252e-01
   5.4472844e-01
   5.4568690e-01
   5.4472844e-01
   5.4217252e-01
   5.3929712e-01
   5.3610224e-01
   5.3450479e-01
   5.3482428e-01
   5.3738019e-01
   5.4121406e-01
   5.4536741e-01
   5.4824282e-01
   5.4920127e-01
   5.4632588e-01
   5.4153355e-01
   5.3386581e-01
   5.2460064e-01
   5.1501598e-01
   5.0575079e-01
   4.9744409e-01
   4.9137380e-01
   4.8785942e-01
   4.8849840e-01
   4.9392972e-01
   5.0415335e-01
   5.1853036e-01
   5.3546326e-01
   5.5335463e-01
   5.6996805e-01
   5.8370607e-01
   5.9329074e-01
   5.9872204e-01
   6.0063898e-01
   5.9840256e-01
   5.9297125e-01
   5.8530351e-01
   5.7444090e-01
   5.6102236e-01
   5.4632587e-01
   5.3162939e-01
   5.1853035e-01
   5.0830671e-01
   5.0255591e-01
   5.0223642e-01
   5.0638977e-01
   5.1437699e-01
   5.2523962e-01
   5.3769969e-01
   5.4984026e-01
   5.6102236e-01
   5.6964856e-01
   5.7539935e-01
   5.7635783e-01
   5.7284345e-01
   5.6517572e-01
   5.5495208e-01
   5.4408946e-01
   5.3418530e-01
   5.2683706e-01
   5.2396167e-01
   5.2428115e-01
   5.2843450e-01
   5.3450479e-01
   5.4217252e-01
   5.5047923e-01
   5.5910543e-01
   5.6869009e-01
   5.7859424e-01
   5.8817891e-01
   5.9616613e-01
   6.0127795e-01
   6.0223642e-01
   5.9808306e-01
   5.8977636e-01
   5.7827476e-01
   5.6485622e-01
   5.5175719e-01
   5.4025559e-01
   5.3226837e-01
   5.2875399e-01
   5.2971246e-01
   5.3546326e-01
   5.4600639e-01
   5.6038338e-01
   5.7795527e-01
   5.9680512e-01
   6.1501598e-01
   6.3067093e-01
   6.4217253e-01
   6.4856230e-01
   6.5047923e-01
   6.4760384e-01
   6.4249201e-01
   6.3482428e-01
   6.2683706e-01
   6.1916933e-01
   6.1246007e-01
   6.0830671e-01
   6.0702875e-01
   6.0958466e-01
   6.1693290e-01
   6.2843451e-01
   6.4249201e-01
   6.5718850e-01
   6.6900959e-01
   6.7667732e-01
   6.7763578e-01
   6.7252396e-01
   6.6102237e-01
   6.4632588e-01
   6.3035144e-01
   6.1437700e-01
   6.0159744e-01
   5.9329074e-01
   5.8913738e-01
   5.9041534e-01
   5.9808307e-01
   6.1054314e-01
   6.2779552e-01
   6.4888179e-01
   6.7188499e-01
   6.9424920e-01
   7.1501597e-01
   7.3226837e-01
   7.4536741e-01
   7.5399361e-01
   7.5750799e-01
   7.5623003e-01
   7.5015975e-01
   7.3865815e-01
   7.2332268e-01
   7.0511182e-01
   6.8562301e-01
   6.6900958e-01
   6.5686901e-01
   6.5207667e-01
   6.5559106e-01
   6.6645368e-01
   6.8146964e-01
   6.9904153e-01
   7.1437699e-01
   7.2587860e-01
   7.3099042e-01
   7.2939297e-01
   7.2172524e-01
   7.0958467e-01
   6.9488818e-01
   6.7955271e-01
   6.6581470e-01
   6.5686901e-01
   6.5335463e-01
   6.5686901e-01
   6.6709265e-01
   6.8274760e-01
   7.0095847e-01
   7.1821087e-01
   7.3130990e-01
   7.3801917e-01
   7.3706070e-01
   7.2907349e-01
   7.1533547e-01
   6.9776358e-01
   6.7923323e-01
   6.6166134e-01
   6.4632588e-01
   6.3546326e-01
   6.2875399e-01
   6.2715655e-01
   6.3099042e-01
   6.3897764e-01
   6.4984025e-01
   6.6134186e-01
   6.7092651e-01
   6.7603833e-01
   6.7603834e-01
   6.7092651e-01
   6.6134185e-01
   6.4920128e-01
   6.3801917e-01
   6.2875399e-01
   6.2268371e-01
   6.1916932e-01
   6.1853035e-01
   6.1789138e-01
   6.1725240e-01
   6.1501597e-01
   6.1086262e-01
   6.0511182e-01
   5.9808307e-01
   5.9073483e-01
   5.8434505e-01
   5.8115016e-01
   5.8146965e-01
   5.8722045e-01
   5.9840255e-01
   6.1373802e-01
   6.3067093e-01
   6.4568690e-01
   6.5654952e-01
   6.5974441e-01
   6.5495207e-01
   6.4249201e-01
   6.2492013e-01
   6.0511182e-01
   5.8562300e-01
   5.6900958e-01
   5.5623003e-01
   5.4760383e-01
   5.4153355e-01
   5.3801917e-01
   5.3642173e-01
   5.3610224e-01
   5.3833866e-01
   5.4345048e-01
   5.5111821e-01
   5.6198083e-01
   5.7571885e-01
   5.9137380e-01
   6.0798722e-01
   6.2428115e-01
   6.3929712e-01
   6.5047924e-01
   6.5750799e-01
   6.5846645e-01
   6.5367412e-01
   6.4408946e-01
   6.3099041e-01
   6.1725239e-01
   6.0543131e-01
   5.9808307e-01
   5.9616613e-01
   5.9968051e-01
   6.0798722e-01
   6.1916933e-01
   6.3130990e-01
   6.4281150e-01
   6.5239616e-01
   6.5910543e-01
   6.6261981e-01
   6.6293930e-01
   6.6038338e-01
   6.5654952e-01
   6.5239617e-01
   6.5015974e-01
   6.5175719e-01
   6.5814697e-01
   6.6996805e-01
   6.8594249e-01
   7.0479233e-01
   7.2332269e-01
   7.3897764e-01
   7.5047923e-01
   7.5718850e-01
   7.5910543e-01
   7.5782747e-01
   7.5495208e-01
   7.5175719e-01
   7.4952077e-01
   7.4984026e-01
   7.5207668e-01
   7.5782747e-01
   7.6709265e-01
   7.7923322e-01
   7.9361023e-01
   8.0894569e-01
   8.2236422e-01
   8.3130991e-01
   8.3450480e-01
   8.3035144e-01
   8.2012780e-01
   8.0575080e-01
   7.8945687e-01
   7.7476038e-01
   7.6357828e-01
   7.5750799e-01
   7.5718850e-01
   7.6198083e-01
   7.7124601e-01
   7.8434504e-01
   8.0000000e-01
   8.1725240e-01
   8.3450479e-01
   8.4920128e-01
   8.6038339e-01
   8.6581469e-01
   8.6549520e-01
   8.5942492e-01
   8.4920128e-01
   8.3642172e-01
   8.2300320e-01
   8.1054313e-01
   7.9904153e-01
   7.8945687e-01
   7.8083067e-01
   7.7316294e-01
   7.6677316e-01
   7.6198084e-01
   7.5942492e-01
   7.5878595e-01
   7.5942492e-01
   7.6006390e-01
   7.6006389e-01
   7.5814697e-01
   7.5431309e-01
   7.4952076e-01
   7.4536741e-01
   7.4153355e-01
   7.3961662e-01
   7.3865814e-01
   7.3738019e-01
   7.3578275e-01
   7.3162939e-01
   7.2619808e-01
   7.1853036e-01
   7.1054313e-01
   7.0255591e-01
   6.9520767e-01
   6.8817891e-01
   6.8083067e-01
   6.7348243e-01
   6.6613419e-01
   6.5942493e-01
   6.5431311e-01
   6.5111821e-01
   6.4984025e-01
   6.5015974e-01
   6.5015974e-01
   6.4856230e-01
   6.4472844e-01
   6.3769968e-01
   6.2779552e-01
   6.1533547e-01
   6.0159744e-01
   5.8722045e-01
   5.7188498e-01
   5.5559106e-01
   5.3801917e-01
   5.1948881e-01
   5.0159745e-01
   4.8562300e-01
   4.7348243e-01
   4.6645367e-01
   4.6581470e-01
   4.7092652e-01
   4.8019169e-01
   4.9233227e-01
   5.0479234e-01
   5.1629392e-01
   5.2555910e-01
   5.3130990e-01
   5.3290735e-01
   5.3035143e-01
   5.2332268e-01
   5.1309904e-01
   5.0127795e-01
   4.9009585e-01
   4.8051119e-01
   4.7476039e-01
   4.7316294e-01
   4.7507987e-01
   4.8019169e-01
   4.8658147e-01
   4.9297125e-01
   4.9776358e-01
   5.0095846e-01
   5.0255591e-01
   5.0287540e-01
   5.0159744e-01
   4.9936103e-01
   4.9584665e-01
   4.9105432e-01
   4.8562301e-01
   4.7987220e-01
   4.7539936e-01
   4.7252396e-01
   4.7156549e-01
   4.7188498e-01
   4.7284345e-01
   4.7380192e-01
   4.7316294e-01
   4.7188498e-01
   4.6964856e-01
   4.6773163e-01
   4.6581469e-01
   4.6421725e-01
   4.6166134e-01
   4.5591054e-01
   4.4504792e-01
   4.2811501e-01
   4.0575080e-01
   3.7891374e-01
   3.5047923e-01
   3.2396166e-01
   3.0223642e-01
   2.8690095e-01
   2.7923323e-01
   2.7859425e-01
   2.8306709e-01
   2.9073482e-01
   2.9936102e-01
   3.0638977e-01
   3.1054313e-01
   3.1086262e-01
   3.0702875e-01
   3.0000000e-01
   2.9105432e-01
   2.8274760e-01
   2.7667731e-01
   2.7507987e-01
   2.7859424e-01
   2.8785942e-01
   3.0063897e-01
   3.1533547e-01
   3.3003195e-01
   3.4313099e-01
   3.5207668e-01
   3.5686901e-01
   3.5654951e-01
   3.5175719e-01
   3.4281150e-01
   3.3067093e-01
   3.1757188e-01
   3.0479233e-01
   2.9456869e-01
   2.8881789e-01
   2.8913738e-01
   2.9520767e-01
   3.0702875e-01
   3.2268371e-01
   3.4025559e-01
   3.5718850e-01
   3.7220447e-01
   3.8434504e-01
   3.9265175e-01
   3.9680511e-01
   3.9776358e-01
   3.9552716e-01
   3.9041534e-01
   3.8338658e-01
   3.7603834e-01
   3.6932908e-01
   3.6485623e-01
   3.6389776e-01
   3.6709265e-01
   3.7348243e-01
   3.8242812e-01
   3.9137380e-01
   3.9968051e-01
   4.0607029e-01
   4.0926518e-01
   4.1118211e-01
   4.1182109e-01
   4.1246007e-01
   4.1437700e-01
   4.1757188e-01
   4.2268370e-01
   4.3003195e-01
   4.4025559e-01
   4.5335463e-01
   4.6932907e-01
   4.8658147e-01
   5.0415335e-01
   5.1948882e-01
   5.3035143e-01
   5.3418530e-01
   5.2971246e-01
   5.1821086e-01
   5.0063898e-01
   4.7955271e-01
   4.5878594e-01
   4.4089457e-01
   4.2875399e-01
   4.2428115e-01
   4.2811502e-01
   4.4057508e-01
   4.6006390e-01
   4.8530351e-01
   5.1341853e-01
   5.4121406e-01
   5.6613418e-01
   5.8658147e-01
   6.0063898e-01
   6.0926518e-01
   6.1309904e-01
   6.1469649e-01
   6.1533546e-01
   6.1565496e-01
   6.1629393e-01
   6.1661342e-01
   6.1597444e-01
   6.1405751e-01
   6.1150159e-01
   6.0894569e-01
   6.0830671e-01
   6.1054313e-01
   6.1597445e-01
   6.2428115e-01
   6.3354633e-01
   6.4185304e-01
   6.4728435e-01
   6.4824281e-01
   6.4472843e-01
   6.3642172e-01
   6.2492013e-01
   6.1182108e-01
   5.9840256e-01
   5.8626198e-01
   5.7699681e-01
   5.7220447e-01
   5.7220447e-01
   5.7763578e-01
   5.8849841e-01
   6.0383387e-01
   6.2204472e-01
   6.4121405e-01
   6.5942493e-01
   6.7444089e-01
   6.8562301e-01
   6.9233227e-01
   6.9424921e-01
   6.9201278e-01
   6.8658147e-01
   6.7891374e-01
   6.7124601e-01
   6.6549520e-01
   6.6357827e-01
   6.6773163e-01
   6.7859425e-01
   6.9552716e-01
   7.1661342e-01
   7.3833866e-01
   7.5782747e-01
   7.7092652e-01
   7.7603835e-01
   7.7316294e-01
   7.6389776e-01
   7.5015975e-01
   7.3514377e-01
   7.1980831e-01
   7.0543131e-01
   6.9201278e-01
   6.7859425e-01
   6.6517572e-01
   6.5143770e-01
   6.3833866e-01
   6.2651758e-01
   6.1757188e-01
   6.1214058e-01
   6.1022364e-01
   6.1150159e-01
   6.1533546e-01
   6.2076678e-01
   6.2715655e-01
   6.3386582e-01
   6.3897764e-01
   6.4249201e-01
   6.4345048e-01
   6.4057508e-01
   6.3386582e-01
   6.2364217e-01
   6.1182109e-01
   6.0031949e-01
   5.9041534e-01
   5.8434505e-01
   5.8210862e-01
   5.8306709e-01
   5.8785943e-01
   5.9424920e-01
   6.0191694e-01
   6.0958466e-01
   6.1693290e-01
   6.2268371e-01
   6.2715655e-01
   6.2939297e-01
   6.2811501e-01
   6.2364217e-01
   6.1597444e-01
   6.0638978e-01
   5.9616613e-01
   5.8626198e-01
   5.7827476e-01
   5.7220447e-01
   5.6900959e-01
   5.6805112e-01
   5.6932908e-01
   5.7220447e-01
   5.7795527e-01
   5.8594249e-01
   5.9552716e-01
   6.0638977e-01
   6.1629393e-01
   6.2332269e-01
   6.2587859e-01
   6.2268371e-01
   6.1405751e-01
   6.0095847e-01
   5.8498403e-01
   5.6869010e-01
   5.5367412e-01
   5.4153355e-01
   5.3322683e-01
   5.2939297e-01
   5.2971246e-01
   5.3450479e-01
   5.4313100e-01
   5.5495208e-01
   5.6900959e-01
   5.8306710e-01
   5.9616613e-01
   6.0575080e-01
   6.1150159e-01
   6.1246007e-01
   6.0894568e-01
   6.0159745e-01
   5.9105431e-01
   5.7827476e-01
   5.6517571e-01
   5.5175719e-01
   5.3993610e-01
   5.3162939e-01
   5.2811501e-01
   5.3099042e-01
   5.4025559e-01
   5.5495207e-01
   5.7348243e-01
   5.9265175e-01
   6.0990415e-01
   6.2300320e-01
   6.3003195e-01
   6.3130990e-01
   6.2683706e-01
   6.1789138e-01
   6.0511182e-01
   5.8945687e-01
   5.7124601e-01
   5.5239616e-01
   5.3354632e-01
   5.1661342e-01
   5.0351438e-01
   4.9552716e-01
   4.9424920e-01
   4.9840255e-01
   5.0766773e-01
   5.1916933e-01
   5.3194888e-01
   5.4376996e-01
   5.5271565e-01
   5.5846645e-01
   5.6070288e-01
   5.5942492e-01
   5.5399361e-01
   5.4600639e-01
   5.3578275e-01
   5.2555911e-01
   5.1629393e-01
   5.1022364e-01
   5.0830671e-01
   5.1150160e-01
   5.1884984e-01
   5.2971246e-01
   5.4217252e-01
   5.5495207e-01
   5.6709265e-01
   5.7731630e-01
   5.8626198e-01
   5.9361022e-01
   5.9936102e-01
   6.0319489e-01
   6.0415335e-01
   6.0223642e-01
   5.9712460e-01
   5.8945687e-01
   5.8083067e-01
   5.7124601e-01
   5.6293930e-01
   5.5591054e-01
   5.5047923e-01
   5.4632588e-01
   5.4249201e-01
   5.3961662e-01
   5.3674121e-01
   5.3482428e-01
   5.3354632e-01
   5.3322684e-01
   5.3418531e-01
   5.3642173e-01
   5.3961662e-01
   5.4408946e-01
   5.5047923e-01
   5.5878594e-01
   5.6900959e-01
   5.7987221e-01
   5.8977636e-01
   5.9680511e-01
   5.9968051e-01
   5.9808307e-01
   5.9169329e-01
   5.8274760e-01
   5.7316294e-01
   5.6549521e-01
   5.6102236e-01
   5.5942492e-01
   5.6070288e-01
   5.6261981e-01
   5.6357828e-01
   5.6134185e-01
   5.5527156e-01
   5.4504793e-01
   5.3130990e-01
   5.1533546e-01
   4.9904153e-01
   4.8370607e-01
   4.7156549e-01
   4.6421725e-01
   4.6357827e-01
   4.6996805e-01
   4.8306709e-01
   5.0127796e-01
   5.2268371e-01
   5.4313099e-01
   5.6006390e-01
   5.7124601e-01
   5.7539936e-01
   5.7252396e-01
   5.6421725e-01
   5.5239616e-01
   5.3801917e-01
   5.2332268e-01
   5.0862620e-01
   4.9456869e-01
   4.8242812e-01
   4.7156550e-01
   4.6389776e-01
   4.5910543e-01
   4.5814696e-01
   4.6070287e-01
   4.6741214e-01
   4.7699681e-01
   4.8913738e-01
   5.0319489e-01
   5.1789137e-01
   5.3194888e-01
   5.4440895e-01
   5.5271565e-01
   5.5654952e-01
   5.5463258e-01
   5.4664537e-01
   5.3418531e-01
   5.2012779e-01
   5.0638978e-01
   4.9648562e-01
   4.9201278e-01
   4.9424921e-01
   5.0223642e-01
   5.1405751e-01
   5.2811502e-01
   5.4249201e-01
   5.5495208e-01
   5.6421725e-01
   5.6964856e-01
   5.7028754e-01
   5.6677317e-01
   5.5878595e-01
   5.4792332e-01
   5.3610224e-01
   5.2587860e-01
   5.1980830e-01
   5.1980830e-01
   5.2651757e-01
   5.3993610e-01
   5.5814696e-01
   5.7955272e-01
   6.0063898e-01
   6.1948882e-01
   6.3386582e-01
   6.4281150e-01
   6.4440894e-01
   6.3833866e-01
   6.2428115e-01
   6.0255591e-01
   5.7380191e-01
   5.4153355e-01
   5.0990415e-01
   4.8338658e-01
   4.6773162e-01
   4.6581470e-01
   4.7827476e-01
   5.0383386e-01
   5.3738019e-01
   5.7156549e-01
   6.0063898e-01
   6.1725239e-01
   6.1916933e-01
   6.0479233e-01
   5.7731630e-01
   5.4121406e-01
   5.0287540e-01
   4.6932907e-01
   4.4568690e-01
   4.3578275e-01
   4.4025559e-01
   4.5782748e-01
   4.8498402e-01
   5.1565495e-01
   5.4536741e-01
   5.6869009e-01
   5.8210862e-01
   5.8434504e-01
   5.7667731e-01
   5.6102236e-01
   5.4025559e-01
   5.1821086e-01
   4.9712460e-01
   4.7955271e-01
   4.6709265e-01
   4.6070288e-01
   4.6102236e-01
   4.6837061e-01
   4.8210863e-01
   5.0127796e-01
   5.2332268e-01
   5.4600639e-01
   5.6677316e-01
   5.8274761e-01
   5.9265176e-01
   5.9488818e-01
   5.9073482e-01
   5.8051118e-01
   5.6645367e-01
   5.5047923e-01
   5.3482428e-01
   5.2140575e-01
   5.1309905e-01
   5.1118211e-01
   5.1693291e-01
   5.3067092e-01
   5.5047923e-01
   5.7380192e-01
   5.9712460e-01
   6.1693290e-01
   6.2939297e-01
   6.3290735e-01
   6.2747604e-01
   6.1437700e-01
   5.9648562e-01
   5.7859425e-01
   5.6293929e-01
   5.5431310e-01
   5.5335463e-01
   5.6134185e-01
   5.7699680e-01
   5.9776357e-01
   6.2044728e-01
   6.4089457e-01
   6.5623003e-01
   6.6293930e-01
   6.6134185e-01
   6.5303514e-01
   6.4025559e-01
   6.2683706e-01
   6.1757188e-01
   6.1405751e-01
   6.1789138e-01
   6.2715655e-01
   6.3993611e-01
   6.5335463e-01
   6.6421726e-01
   6.7092651e-01
   6.7348243e-01
   6.7220447e-01
   6.6869010e-01
   6.6389776e-01
   6.5942492e-01
   6.5559105e-01
   6.5399361e-01
   6.5495207e-01
   6.5974441e-01
   6.6805112e-01
   6.8083067e-01
   6.9648562e-01
   7.1277955e-01
   7.2715655e-01
   7.3674121e-01
   7.3929713e-01
   7.3450479e-01
   7.2300319e-01
   7.0798723e-01
   6.9392972e-01
   6.8530352e-01
   6.8658147e-01
   7.0063898e-01
   7.2811502e-01
   7.6773163e-01
   8.1597445e-01
   8.6805112e-01
   9.1757189e-01
   9.5878595e-01
   9.8690096e-01
   1.0000000e+00
   9.9808307e-01
   9.8402556e-01
   9.6261981e-01
   9.3865814e-01
   9.1757189e-01
   9.0255591e-01
   8.9456869e-01
   8.9297125e-01
   8.9584665e-01
   9.0223642e-01
   9.1022364e-01
   9.1948882e-01
   9.3003195e-01
   9.4121406e-01
   9.5271566e-01
   9.6293930e-01
   9.7028754e-01
   9.7284345e-01
   9.7060703e-01
   9.6421725e-01
   9.5591055e-01
   9.4824282e-01
   9.4408946e-01
   9.4376996e-01
   9.4728434e-01
   9.5175719e-01
   9.5559106e-01
   9.5591055e-01
   9.5143770e-01
   9.4185303e-01
   9.2875400e-01
   9.1373802e-01
   8.9872204e-01
   8.8530352e-01
   8.7476038e-01
   8.6709265e-01
   8.6293930e-01
   8.6261981e-01
   8.6549521e-01
   8.7252396e-01
   8.8178914e-01
   8.9201279e-01
   9.0063898e-01
   9.0670927e-01
   9.0830671e-01
   9.0511182e-01
   8.9776358e-01
   8.8658147e-01
   8.7316294e-01
   8.5878595e-01
   8.4249201e-01
   8.2619809e-01
   8.1022365e-01
   7.9616613e-01
   7.8530351e-01
   7.8019169e-01
   7.8115016e-01
   7.8785942e-01
   7.9872205e-01
   8.1086262e-01
   8.2044729e-01
   8.2428116e-01
   8.2140575e-01
   8.1086263e-01
   7.9552716e-01
   7.7699680e-01
   7.5910543e-01
   7.4472844e-01
   7.3642173e-01
   7.3514377e-01
   7.4217252e-01
   7.5591054e-01
   7.7571885e-01
   7.9872205e-01
   8.2172524e-01
   8.4089457e-01
   8.5303514e-01
   8.5591055e-01
   8.4888179e-01
   8.3290735e-01
   8.1054314e-01
   7.8594249e-01
   7.6293929e-01
   7.4440895e-01
   7.3290735e-01
   7.2843450e-01
   7.3067093e-01
   7.3865814e-01
   7.5047923e-01
   7.6389776e-01
   7.7699680e-01
   7.8722045e-01
   7.9233227e-01
   7.9137380e-01
   7.8370607e-01
   7.6964856e-01
   7.5175719e-01
   7.3162939e-01
   7.1246006e-01
   6.9552716e-01
   6.8274760e-01
   6.7252396e-01
   6.6453674e-01
   6.5750799e-01
   6.5015974e-01
   6.4376997e-01
   6.3897764e-01
   6.3769968e-01
   6.3993610e-01
   6.4600639e-01
   6.5431311e-01
   6.6325879e-01
   6.7060703e-01
   6.7507987e-01
   6.7635782e-01
   6.7476038e-01
   6.7188499e-01
   6.6900958e-01
   6.6709265e-01
   6.6581470e-01
   6.6485623e-01
   6.6389776e-01
   6.6134185e-01
   6.5750799e-01
   6.5175719e-01
   6.4440894e-01
   6.3482428e-01
   6.2332269e-01
   6.0958466e-01
   5.9361022e-01
   5.7731629e-01
   5.6166134e-01
   5.4824282e-01
   5.3929713e-01
   5.3578275e-01
   5.3738019e-01
   5.4376997e-01
   5.5367412e-01
   5.6453674e-01
   5.7539936e-01
   5.8402556e-01
   5.8977636e-01
   5.9265175e-01
   5.9073482e-01
   5.8466454e-01
   5.7348243e-01
   5.5782747e-01
   5.3929712e-01
   5.1916933e-01
   5.0031949e-01
   4.8402556e-01
   4.7252396e-01
   4.6645368e-01
   4.6485623e-01
   4.6773163e-01
   4.7252396e-01
   4.7827476e-01
   4.8370608e-01
   4.8817891e-01
   4.9137380e-01
   4.9329073e-01
   4.9361022e-01
   4.9361022e-01
   4.9329073e-01
   4.9392971e-01
   4.9648562e-01
   5.0191693e-01
   5.0990415e-01
   5.1980831e-01
   5.3035143e-01
   5.3929713e-01
   5.4536741e-01
   5.4792333e-01
   5.4696486e-01
   5.4376996e-01
   5.3929713e-01
   5.3642173e-01
   5.3482428e-01
   5.3514377e-01
   5.3610224e-01
   5.3706070e-01
   5.3706070e-01
   5.3482428e-01
   5.3035144e-01
   5.2460064e-01
   5.1821086e-01
   5.1182108e-01
   5.0543131e-01
   4.9968052e-01
   4.9520766e-01
   4.9233227e-01
   4.9169329e-01
   4.9424921e-01
   4.9936102e-01
   5.0638978e-01
   5.1469649e-01
   5.2140575e-01
   5.2555911e-01
   5.2619808e-01
   5.2300319e-01
   5.1661342e-01
   5.0894568e-01
   5.0063898e-01
   4.9233227e-01
   4.8338659e-01
   4.7476038e-01
   4.6453674e-01
   4.5271566e-01
   4.3961661e-01
   4.2619808e-01
   4.1565495e-01
   4.1086262e-01
   4.1405750e-01
   4.2779553e-01
   4.5303514e-01
   4.8913738e-01
   5.3322683e-01
   5.8115016e-01
   6.2619808e-01
   6.6230032e-01
   6.8274760e-01
   6.8498402e-01
   6.6741213e-01
   6.3418530e-01
   5.9073483e-01
   5.4504793e-01
   5.0575080e-01
   4.7955271e-01
   4.6932907e-01
   4.7476039e-01
   4.9233227e-01
   5.1661342e-01
   5.4089457e-01
   5.6038339e-01
   5.7188498e-01
   5.7412141e-01
   5.6869009e-01
   5.5782748e-01
   5.4504793e-01
   5.3258787e-01
   5.2396166e-01
   5.1980831e-01
   5.2012779e-01
   5.2523961e-01
   5.3386582e-01
   5.4408946e-01
   5.5495208e-01
   5.6677316e-01
   5.7891373e-01
   5.9361023e-01
   6.1150160e-01
   6.3386582e-01
   6.6006390e-01
   6.8881789e-01
   7.1629392e-01
   7.3961661e-01
   7.5431309e-01
   7.5974441e-01
   7.5463259e-01
   7.4185303e-01
   7.2460064e-01
   7.0575079e-01
   6.8977636e-01
   6.7827476e-01
   6.7252396e-01
   6.7252396e-01
   6.7859426e-01
   6.8945687e-01
   7.0511182e-01
   7.2428115e-01
   7.4504792e-01
   7.6581470e-01
   7.8306710e-01
   7.9392971e-01
   7.9648562e-01
   7.9041534e-01
   7.7603834e-01
   7.5623004e-01
   7.3418531e-01
   7.1246007e-01
   6.9424920e-01
   6.7987221e-01
   6.7124600e-01
   6.6709265e-01
   6.6741214e-01
   6.7124600e-01
   6.7763578e-01
   6.8434505e-01
   6.9041534e-01
   6.9392972e-01
   6.9424920e-01
   6.9073483e-01
   6.8466454e-01
   6.7763578e-01
   6.7188499e-01
   6.6964856e-01
   6.7124600e-01
   6.7539936e-01
   6.8019170e-01
   6.8210863e-01
   6.7923323e-01
   6.6964857e-01
   6.5367412e-01
   6.3354633e-01
   6.1150159e-01
   5.9073482e-01
   5.7348242e-01
   5.6230032e-01
   5.5718850e-01
   5.5846645e-01
   5.6549521e-01
   5.7635783e-01
   5.8817892e-01
   5.9872204e-01
   6.0447284e-01
   6.0319489e-01
   5.9297124e-01
   5.7476038e-01
   5.5079872e-01
   5.2492013e-01
   5.0031949e-01
   4.8083067e-01
   4.6677317e-01
   4.5718849e-01
   4.4856230e-01
   4.3833866e-01
   4.2236422e-01
   4.0031949e-01
   3.7412140e-01
   3.4632588e-01
   3.2172523e-01
   3.0319489e-01
   2.9329073e-01
   2.9041534e-01
   2.9297124e-01
   2.9776358e-01
   3.0127796e-01
   3.0223642e-01
   2.9968051e-01
   2.9456869e-01
   2.8817891e-01
   2.8274760e-01
   2.7987220e-01
   2.8019169e-01
   2.8466453e-01
   2.9297125e-01
   3.0511182e-01
   3.1884984e-01
   3.3386581e-01
   3.4824281e-01
   3.6006390e-01
   3.6773163e-01
   3.6964856e-01
   3.6613418e-01
   3.5814697e-01
   3.4600638e-01
   3.3290735e-01
   3.1948881e-01
   3.0798722e-01
   2.9872204e-01
   2.9329073e-01
   2.9041533e-01
   2.9041533e-01
   2.9169329e-01
   2.9297125e-01
   2.9361022e-01
   2.9201277e-01
   2.8817891e-01
   2.8274760e-01
   2.7763578e-01
   2.7380192e-01
   2.7316294e-01
   2.7699681e-01
   2.8626198e-01
   2.9840255e-01
   3.1277955e-01
   3.2651757e-01
   3.3833866e-01
   3.4536741e-01
   3.4760383e-01
   3.4472844e-01
   3.3769968e-01
   3.2747604e-01
   3.1405751e-01
   2.9904154e-01
   2.8402556e-01
   2.6996805e-01
   2.5910543e-01
   2.5303514e-01
   2.5271565e-01
   2.5942492e-01
   2.7220447e-01
   2.9009584e-01
   3.1022364e-01
   3.3035144e-01
   3.4824281e-01
   3.6134185e-01
   3.6869009e-01
   3.6964856e-01
   3.6389777e-01
   3.5335463e-01
   3.3769969e-01
   3.2044728e-01
   3.0319489e-01
   2.9009584e-01
   2.8306709e-01
   2.8466453e-01
   2.9456869e-01
   3.1214058e-01
   3.3450480e-01
   3.5878594e-01
   3.8115016e-01
   3.9872205e-01
   4.1022364e-01
   4.1469649e-01
   4.1277956e-01
   4.0607029e-01
   3.9584664e-01
   3.8466454e-01
   3.7348242e-01
   3.6485623e-01
   3.5942492e-01
   3.5878594e-01
   3.6293929e-01
   3.7092652e-01
   3.8210862e-01
   3.9392971e-01
   4.0479233e-01
   4.1277955e-01
   4.1661342e-01
   4.1629393e-01
   4.1246007e-01
   4.0607029e-01
   3.9904153e-01
   3.9201278e-01
   3.8562300e-01
   3.8146965e-01
   3.7987220e-01
   3.8083067e-01
   3.8498403e-01
   3.9265175e-01
   4.0319488e-01
   4.1565495e-01
   4.2843451e-01
   4.3993610e-01
   4.4888179e-01
   4.5399361e-01
   4.5463259e-01
   4.5111821e-01
   4.4408946e-01
   4.3514377e-01
   4.2492013e-01
   4.1533546e-01
   4.0766773e-01
   4.0351438e-01
   4.0383387e-01
   4.0958466e-01
   4.1916932e-01
   4.3226837e-01
   4.4568690e-01
   4.5750799e-01
   4.6581469e-01
   4.6932907e-01
   4.6900958e-01
   4.6645368e-01
   4.6357827e-01
   4.6166134e-01
   4.6261980e-01
   4.6549520e-01
   4.6932907e-01
   4.7220447e-01
   4.7380192e-01
   4.7284345e-01
   4.7060703e-01
   4.6805111e-01
   4.6645367e-01
   4.6741214e-01
   4.7124600e-01
   4.7827476e-01
   4.8753994e-01
   4.9936103e-01
   5.1246006e-01
   5.2619808e-01
   5.3993610e-01
   5.5239617e-01
   5.6198083e-01
   5.6741214e-01
   5.6709265e-01
   5.6102236e-01
   5.4920128e-01
   5.3450479e-01
   5.1884984e-01
   5.0479233e-01
   4.9456869e-01
   4.8913739e-01
   4.8913738e-01
   4.9361022e-01
   5.0127796e-01
   5.1182109e-01
   5.2332268e-01
   5.3450479e-01
   5.4376996e-01
   5.5015975e-01
   5.5143770e-01
   5.4760383e-01
   5.3865814e-01
   5.2683706e-01
   5.1405751e-01
   5.0351438e-01
   4.9744409e-01
   4.9776358e-01
   5.0351438e-01
   5.1405751e-01
   5.2715655e-01
   5.4025559e-01
   5.5175719e-01
   5.6006389e-01
   5.6389777e-01
   5.6357828e-01
   5.5846646e-01
   5.4888179e-01
   5.3610224e-01
   5.2044728e-01
   5.0479234e-01
   4.9105432e-01
   4.8178914e-01
   4.7859425e-01
   4.8210863e-01
   4.9073482e-01
   5.0319489e-01
   5.1597444e-01
   5.2683706e-01
   5.3290735e-01
   5.3290735e-01
   5.2715655e-01
   5.1661341e-01
   5.0191693e-01
   4.8594249e-01
   4.7060703e-01
   4.5814697e-01
   4.5047923e-01
   4.4920128e-01
   4.5463259e-01
   4.6645368e-01
   4.8274760e-01
   5.0031948e-01
   5.1693291e-01
   5.3067093e-01
   5.4025559e-01
   5.4632588e-01
   5.5047923e-01
   5.5431309e-01
   5.5846646e-01
   5.6293929e-01
   5.6581470e-01
   5.6421725e-01
   5.5591054e-01
   5.3929713e-01
   5.1533546e-01
   4.8562301e-01
   4.5495207e-01
   4.2651757e-01
   4.0511182e-01
   3.9329074e-01
   3.9201278e-01
   4.0127795e-01
   4.1948882e-01
   4.4440894e-01
   4.7380192e-01
   5.0383387e-01
   5.3162939e-01
   5.5367412e-01
   5.6709266e-01
   5.6964856e-01
   5.6102236e-01
   5.4185303e-01
   5.1533546e-01
   4.8466453e-01
   4.5463259e-01
   4.2907348e-01
   4.1182109e-01
   4.0511182e-01
   4.1022364e-01
   4.2779552e-01
   4.5527156e-01
   4.8977636e-01
   5.2683706e-01
   5.6230032e-01
   5.8977636e-01
   6.0479233e-01
   6.0479233e-01
   5.8881789e-01
   5.5974441e-01
   5.2172524e-01
   4.8019170e-01
   4.4217252e-01
   4.1246007e-01
   3.9488817e-01
   3.9041534e-01
   3.9840256e-01
   4.1725240e-01
   4.4249201e-01
   4.7060703e-01
   4.9744409e-01
   5.1980830e-01
   5.3578275e-01
   5.4408945e-01
   5.4472844e-01
   5.3993610e-01
   5.3194888e-01
   5.2428115e-01
   5.1853036e-01
   5.1661342e-01
   5.1853035e-01
   5.2300320e-01
   5.2875400e-01
   5.3354632e-01
   5.3578275e-01
   5.3514377e-01
   5.3130990e-01
   5.2492013e-01
   5.1757188e-01
   5.1022364e-01
   5.0415335e-01
   5.0063898e-01
   5.0063898e-01
   5.0543131e-01
   5.1469649e-01
   5.2907348e-01
   5.4664537e-01
   5.6517572e-01
   5.8146965e-01
   5.9329073e-01
   5.9808306e-01
   5.9392971e-01
   5.8274760e-01
   5.6485623e-01
   5.4408945e-01
   5.2364217e-01
   5.0638978e-01
   4.9488818e-01
   4.9105432e-01
   4.9520766e-01
   5.0862620e-01
   5.2907348e-01
   5.5527157e-01
   5.8402556e-01
   6.1118211e-01
   6.3226837e-01
   6.4472843e-01
   6.4504793e-01
   6.3322684e-01
   6.1054314e-01
   5.8083067e-01
   5.4824282e-01
   5.1821086e-01
   4.9456869e-01
   4.8051118e-01
   4.7827476e-01
   4.8753994e-01
   5.0702875e-01
   5.3418530e-01
   5.6549521e-01
   5.9680511e-01
   6.2364217e-01
   6.4313099e-01
   6.5143770e-01
   6.4760384e-01
   6.3290735e-01
   6.0958466e-01
   5.8115016e-01
   5.5239617e-01
   5.2651757e-01
   5.0638978e-01
   4.9456869e-01
   4.9073482e-01
   4.9488818e-01
   5.0607029e-01
   5.2300319e-01
   5.4345048e-01
   5.6549521e-01
   5.8626198e-01
   6.0255591e-01
   6.1182108e-01
   6.1182108e-01
   6.0255591e-01
   5.8434505e-01
   5.6070288e-01
   5.3546326e-01
   5.1277955e-01
   4.9744409e-01
   4.9201278e-01
   4.9680511e-01
   5.1182109e-01
   5.3354632e-01
   5.5814696e-01
   5.8146965e-01
   5.9840256e-01
   6.0607029e-01
   6.0447284e-01
   5.9392971e-01
   5.7795527e-01
   5.6102236e-01
   5.4792333e-01
   5.4185304e-01
   5.4536741e-01
   5.5846646e-01
   5.7795528e-01
   6.0127795e-01
   6.2555910e-01
   6.4760384e-01
   6.6613418e-01
   6.8083067e-01
   6.9265176e-01
   7.0127795e-01
   7.0830671e-01
   7.1309904e-01
   7.1533547e-01
   7.1565495e-01
   7.1501598e-01
   7.1373802e-01
   7.1341854e-01
   7.1533547e-01
   7.1980831e-01
   7.2523962e-01
   7.3162939e-01
   7.3642173e-01
   7.3865814e-01
   7.3929713e-01
   7.3738019e-01
   7.3546326e-01
   7.3418531e-01
   7.3482428e-01
   7.3769968e-01
   7.4217252e-01
   7.4792332e-01
   7.5463258e-01
   7.6230032e-01
   7.7028754e-01
   7.7923323e-01
   7.8817892e-01
   7.9680511e-01
   8.0479233e-01
   8.1022365e-01
   8.1405751e-01
   8.1661342e-01
   8.1789138e-01
   8.2076677e-01
   8.2555910e-01
   8.3226837e-01
   8.4153355e-01
   8.5143770e-01
   8.6166134e-01
   8.7124601e-01
   8.8115016e-01
   8.9073483e-01
   9.0063897e-01
   9.1086262e-01
   9.2012780e-01
   9.2715655e-01
   9.2971246e-01
   9.2651758e-01
   9.1757188e-01
   9.0447285e-01
   8.8881789e-01
   8.7380192e-01
   8.6166134e-01
   8.5303514e-01
   8.4792332e-01
   8.4568690e-01
   8.4536741e-01
   8.4536741e-01
   8.4568690e-01
   8.4568691e-01
   8.4600639e-01
   8.4664536e-01
   8.4760384e-01
   8.4920128e-01
   8.5079873e-01
   8.5335463e-01
   8.5718850e-01
   8.6230032e-01
   8.6837061e-01
   8.7476038e-01
   8.7859425e-01
   8.7827476e-01
   8.7156550e-01
   8.5814697e-01
   8.3865815e-01
   8.1469649e-01
   7.8945687e-01
   7.6517572e-01
   7.4313099e-01
   7.2364217e-01
   7.0511182e-01
   6.8594249e-01
   6.6453674e-01
   6.4089457e-01
   6.1533546e-01
   5.9009585e-01
   5.6613418e-01
   5.4536741e-01
   5.2843451e-01
   5.1597444e-01
