   7.6630808e+01
   7.2648203e+01
   6.5598535e+01
   5.7404440e+01
   4.9805447e+01
   4.4129091e+01
   4.0924697e+01
   4.0146486e+01
   4.1016251e+01
   4.2847333e+01
   4.4632639e+01
   4.5777066e+01
   4.6097505e+01
   4.5639735e+01
   4.4586862e+01
   4.3396658e+01
   4.2252232e+01
   4.1474022e+01
   4.1107805e+01
   4.1107805e+01
   4.1474021e+01
   4.2023347e+01
   4.2664225e+01
   4.3213550e+01
   4.3717098e+01
   4.3900206e+01
   4.3854429e+01
   4.3488213e+01
   4.2984665e+01
   4.2343786e+01
   4.1611353e+01
   4.0878920e+01
   4.0146487e+01
   3.9459830e+01
   3.8773175e+01
   3.8086519e+01
   3.7445640e+01
   3.6896315e+01
   3.6621653e+01
   3.6575876e+01
   3.6804761e+01
   3.7262531e+01
   3.7857634e+01
   3.8452735e+01
   3.9047837e+01
   3.9551385e+01
   3.9917602e+01
   4.0283818e+01
   4.0558481e+01
   4.0787365e+01
   4.0878920e+01
   4.0741589e+01
   4.0512703e+01
   4.0009156e+01
   3.9322500e+01
   3.8452735e+01
   3.7491417e+01
   3.6392767e+01
   3.5065232e+01
   3.3554590e+01
   3.1860838e+01
   3.0029755e+01
   2.8061341e+01
   2.6184482e+01
   2.4490730e+01
   2.2980087e+01
   2.1698329e+01
   2.0691233e+01
   1.9729915e+01
   1.8768597e+01
   1.7761502e+01
   1.6662852e+01
   1.5564203e+01
   1.4328222e+01
   1.3138018e+01
   1.1902038e+01
   1.0620279e+01
   9.3842990e+00
   8.0567640e+00
   6.9123370e+00
   5.9052420e+00
   5.2643630e+00
   4.9897010e+00
   5.1270310e+00
   5.6763560e+00
   6.5003440e+00
   7.5074390e+00
   8.6976430e+00
   9.9794000e+00
   1.1398489e+01
   1.2817578e+01
   1.4236667e+01
   1.5609980e+01
   1.6891737e+01
   1.8036164e+01
   1.8905928e+01
   1.9684138e+01
   2.0233463e+01
   2.0691234e+01
   2.1149004e+01
   2.1515221e+01
   2.1744106e+01
   2.1789883e+01
   2.1698329e+01
   2.1377890e+01
   2.0965896e+01
   2.0737010e+01
   2.0782788e+01
   2.1194781e+01
   2.2156100e+01
   2.3483634e+01
   2.5085832e+01
   2.6916915e+01
   2.8702220e+01
   3.0350195e+01
   3.1586175e+01
   3.2410162e+01
   3.2684825e+01
   3.2272831e+01
   3.1128405e+01
   2.9434654e+01
   2.7237354e+01
   2.4811170e+01
   2.2384985e+01
   2.0050355e+01
   1.8081940e+01
   1.6388189e+01
   1.4923323e+01
   1.3595788e+01
   1.2314031e+01
   1.0849164e+01
   9.3385210e+00
   7.5989930e+00
   5.6305790e+00
   3.6621650e+00
   1.5106430e+00
  -5.9510200e-01
  -2.7466240e+00
  -4.6692610e+00
  -6.3172350e+00
  -7.5532160e+00
  -8.1940950e+00
  -8.3314260e+00
  -7.9194320e+00
  -7.2785540e+00
  -6.4545660e+00
  -5.6305790e+00
  -4.8981460e+00
  -4.3945980e+00
  -4.0283820e+00
  -3.7994960e+00
  -3.5706110e+00
  -3.4332800e+00
  -3.2959490e+00
  -3.2501710e+00
  -3.2501710e+00
  -3.3417260e+00
  -3.5248340e+00
  -3.7994970e+00
  -4.3030440e+00
  -5.0354770e+00
  -6.0883490e+00
  -7.5074380e+00
  -9.2469670e+00
  -1.1215381e+01
  -1.3183794e+01
  -1.4877547e+01
  -1.6021973e+01
  -1.6479744e+01
  -1.6113527e+01
  -1.5060655e+01
  -1.3321126e+01
  -1.1123827e+01
  -8.6518660e+00
  -6.1341260e+00
  -3.6163880e+00
  -1.2817580e+00
   7.7821000e-01
   2.5177390e+00
   3.8452730e+00
   4.8981460e+00
   5.7221340e+00
   6.3630120e+00
   7.0496680e+00
   7.7821010e+00
   8.6060880e+00
   9.4758530e+00
   1.0254062e+01
   1.0849164e+01
   1.1215381e+01
   1.1215381e+01
   1.0940719e+01
   1.0528725e+01
   1.0025177e+01
   9.5216300e+00
   9.2011910e+00
   8.9723040e+00
   9.0638590e+00
   9.4300750e+00
   1.0116732e+01
   1.1215381e+01
   1.2542916e+01
   1.4053559e+01
   1.5564202e+01
   1.6891737e+01
   1.7944610e+01
   1.8585489e+01
   1.8860152e+01
   1.8905928e+01
   1.8814374e+01
   1.8677043e+01
   1.8631266e+01
   1.8448158e+01
   1.8081941e+01
   1.7303730e+01
   1.5976196e+01
   1.4099336e+01
   1.1581598e+01
   8.6060880e+00
   5.1728080e+00
   1.6021970e+00
  -1.9226370e+00
  -5.1728090e+00
  -7.8278780e+00
  -9.6589600e+00
  -1.0482948e+01
  -1.0208286e+01
  -8.8807500e+00
  -6.6834510e+00
  -3.9826040e+00
  -1.1902030e+00
   1.3733120e+00
   3.3875030e+00
   4.6692600e+00
   5.2643620e+00
   5.2643630e+00
   4.8981460e+00
   4.5319300e+00
   4.2572670e+00
   4.3488210e+00
   4.9897000e+00
   6.0883490e+00
   7.7363240e+00
   9.7505150e+00
   1.2039369e+01
   1.4373998e+01
   1.6525521e+01
   1.8402380e+01
   1.9867247e+01
   2.0920120e+01
   2.1744106e+01
   2.2430762e+01
   2.3208973e+01
   2.4124514e+01
   2.5223163e+01
   2.6596475e+01
   2.8061341e+01
   2.9526208e+01
   3.0991074e+01
   3.2364385e+01
   3.3737698e+01
   3.5019455e+01
   3.6209659e+01
   3.7216754e+01
   3.7949187e+01
   3.8315404e+01
   3.8315404e+01
   3.7994965e+01
   3.7399862e+01
   3.6667429e+01
   3.5889219e+01
   3.5156787e+01
   3.4607461e+01
   3.4195468e+01
   3.4012360e+01
   3.4058137e+01
   3.4424354e+01
   3.5019455e+01
   3.5934997e+01
   3.6987869e+01
   3.8086518e+01
   3.9047837e+01
   3.9780270e+01
   4.0192264e+01
   4.0375372e+01
   4.0421149e+01
   4.0512703e+01
   4.0833142e+01
   4.1519799e+01
   4.2618449e+01
   4.4037537e+01
   4.5639735e+01
   4.7241932e+01
   4.8706798e+01
   4.9897002e+01
   5.0720988e+01
   5.1087205e+01
   5.1041429e+01
   5.0675212e+01
   5.0034332e+01
   4.9439231e+01
   4.8981461e+01
   4.8889906e+01
   4.9164568e+01
   4.9805448e+01
   5.0675212e+01
   5.1590753e+01
   5.2185855e+01
   5.2460518e+01
   5.2140078e+01
   5.1316091e+01
   5.0125887e+01
   4.8706798e+01
   4.7241932e+01
   4.5868620e+01
   4.4541085e+01
   4.3305104e+01
   4.2160677e+01
   4.1016251e+01
   3.9871825e+01
   3.8818952e+01
   3.7949187e+01
   3.7170977e+01
   3.6575876e+01
   3.6163882e+01
   3.5889220e+01
   3.5797666e+01
   3.5797665e+01
   3.5889220e+01
   3.6163882e+01
   3.6346991e+01
   3.6438545e+01
   3.6301213e+01
   3.5889219e+01
   3.5065233e+01
   3.3875029e+01
   3.2364385e+01
   3.0670634e+01
   2.8931106e+01
   2.7145800e+01
   2.5360494e+01
   2.3575188e+01
   2.1744106e+01
   1.9913024e+01
   1.8173495e+01
   1.6617075e+01
   1.5197986e+01
   1.4145113e+01
   1.3321126e+01
   1.2680247e+01
   1.2176700e+01
   1.1764706e+01
   1.1306935e+01
   1.0849164e+01
   1.0345616e+01
   9.7962920e+00
   9.2469670e+00
   8.5603110e+00
   7.9652090e+00
   7.3243300e+00
   6.8665600e+00
   6.7292280e+00
   7.0954450e+00
   7.9652100e+00
   9.5216290e+00
   1.1627375e+01
   1.3962005e+01
   1.6388190e+01
   1.8631266e+01
   2.0462348e+01
   2.1789883e+01
   2.2568093e+01
   2.2842756e+01
   2.2705425e+01
   2.2247654e+01
   2.1560998e+01
   2.0645457e+01
   1.9638361e+01
   1.8493934e+01
   1.7349508e+01
   1.6205081e+01
   1.5060655e+01
   1.3962005e+01
   1.2954909e+01
   1.1947814e+01
   1.1123827e+01
   1.0391394e+01
   9.9794000e+00
   9.8878460e+00
   1.0070954e+01
   1.0574502e+01
   1.1169604e+01
   1.1718929e+01
   1.1947814e+01
   1.1673152e+01
   1.0849165e+01
   9.3842990e+00
   7.4158850e+00
   4.9897000e+00
   2.2888530e+00
  -5.4932500e-01
  -3.4790570e+00
  -6.2256810e+00
  -8.8349730e+00
  -1.1078050e+01
  -1.2909132e+01
  -1.4190891e+01
  -1.4923324e+01
  -1.5197986e+01
  -1.5014877e+01
  -1.4373999e+01
  -1.3229572e+01
  -1.1673152e+01
  -9.6131840e+00
  -7.0038910e+00
  -3.9368280e+00
  -5.0354800e-01
   3.0212860e+00
   6.2714580e+00
   9.1096360e+00
   1.1261158e+01
   1.2634470e+01
   1.3275349e+01
   1.3275349e+01
   1.2909132e+01
   1.2268253e+01
   1.1535821e+01
   1.0757611e+01
   1.0162509e+01
   9.7962920e+00
   9.6589600e+00
   9.7505150e+00
   1.0070955e+01
   1.0482948e+01
   1.0894941e+01
   1.1078050e+01
   1.0894942e+01
   1.0345617e+01
   9.3842990e+00
   8.0567640e+00
   6.5918980e+00
   4.9897000e+00
   3.5248340e+00
   2.1972990e+00
   1.1902040e+00
   5.4932500e-01
   1.8310800e-01
   2.7466300e-01
   7.3243400e-01
   1.3275350e+00
   1.9226370e+00
   2.2888530e+00
   2.1972990e+00
   1.6479740e+00
   5.4932500e-01
  -8.6976400e-01
  -2.3804070e+00
  -3.6621650e+00
  -4.4861530e+00
  -4.6692610e+00
  -4.1199360e+00
  -3.0212870e+00
  -1.4648660e+00
   3.2043900e-01
   1.9684140e+00
   3.4790570e+00
   4.5777070e+00
   5.1270310e+00
   5.1270310e+00
   4.6234840e+00
   3.6621650e+00
   2.4719620e+00
   1.3275350e+00
   4.5777000e-01
   1.3733100e-01
   4.1199300e-01
   1.2817580e+00
   2.7008460e+00
   4.4403750e+00
   6.3172350e+00
   8.0567640e+00
   9.6589610e+00
   1.0940719e+01
   1.2039368e+01
   1.2817578e+01
   1.3366903e+01
   1.3733120e+01
   1.3962005e+01
   1.4007782e+01
   1.4053560e+01
   1.4053559e+01
   1.4099337e+01
   1.4145114e+01
   1.4099337e+01
   1.3824674e+01
   1.3183795e+01
   1.2085146e+01
   1.0482948e+01
   8.5145340e+00
   6.2714580e+00
   4.0283820e+00
   1.9226370e+00
   9.1554000e-02
  -1.4190890e+00
  -2.6092920e+00
  -3.4332800e+00
  -4.0283820e+00
  -4.4861530e+00
  -4.8523690e+00
  -5.2643620e+00
  -5.9052420e+00
  -6.7292290e+00
  -7.9194330e+00
  -9.4300750e+00
  -1.1123827e+01
  -1.2909133e+01
  -1.4557107e+01
  -1.5930418e+01
  -1.6800183e+01
  -1.7212177e+01
  -1.7212176e+01
  -1.6800183e+01
  -1.6113527e+01
  -1.5106432e+01
  -1.3870451e+01
  -1.2268254e+01
  -1.0437171e+01
  -8.4229800e+00
  -6.3630120e+00
  -4.3945990e+00
  -2.7008460e+00
  -1.4648660e+00
  -7.3243300e-01
  -5.4932500e-01
  -8.2398700e-01
  -1.4648660e+00
  -2.2888530e+00
  -3.2043950e+00
  -4.0283810e+00
  -4.6234840e+00
  -4.8981460e+00
  -4.6692610e+00
  -4.0283820e+00
  -2.9297330e+00
  -1.4648660e+00
   1.3733200e-01
   1.6479750e+00
   2.9755090e+00
   3.9368280e+00
   4.4403750e+00
   4.6234840e+00
   4.4861530e+00
   4.0741590e+00
   3.3875030e+00
   2.4261850e+00
   1.2359800e+00
  -3.2043900e-01
  -2.1057450e+00
  -3.9826050e+00
  -5.8594640e+00
  -7.4616610e+00
  -8.7891960e+00
  -9.6589610e+00
  -1.0070955e+01
  -1.0070954e+01
  -9.7047380e+00
  -9.0638590e+00
  -8.1940950e+00
  -7.1870000e+00
  -6.0883500e+00
  -4.9897010e+00
  -3.9826050e+00
  -3.1586180e+00
  -2.4261840e+00
  -1.8768600e+00
  -1.4648660e+00
  -1.0986500e+00
  -9.1554100e-01
  -7.7821000e-01
  -8.2398700e-01
  -1.1444260e+00
  -1.8310820e+00
  -2.7008470e+00
  -3.7079430e+00
  -4.6234840e+00
  -5.4016940e+00
  -5.7679100e+00
  -5.7221330e+00
  -5.4016940e+00
  -4.9439230e+00
  -4.4403760e+00
  -4.2114900e+00
  -4.3488210e+00
  -4.8523690e+00
  -5.6763560e+00
  -6.7750060e+00
  -7.9652100e+00
  -9.1554130e+00
  -1.0116732e+01
  -1.0711833e+01
  -1.0803388e+01
  -1.0345617e+01
  -9.3385210e+00
  -8.0567630e+00
  -6.6834520e+00
  -5.5848020e+00
  -5.1270310e+00
  -5.4932470e+00
  -6.7750050e+00
  -8.8349740e+00
  -1.1352712e+01
  -1.4007782e+01
  -1.6296636e+01
  -1.7898832e+01
  -1.8585488e+01
  -1.8265049e+01
  -1.7029068e+01
  -1.4923324e+01
  -1.2268254e+01
  -9.3385210e+00
  -6.5003440e+00
  -3.8910510e+00
  -1.8310820e+00
  -3.6621600e-01
   5.0354700e-01
   8.2398700e-01
   8.6976500e-01
   8.2398700e-01
   8.2398700e-01
   1.0528720e+00
   1.3733120e+00
   1.6479740e+00
   1.8768600e+00
   1.8310820e+00
   1.5106430e+00
   8.6976400e-01
   9.1555000e-02
  -6.8665600e-01
  -1.4648660e+00
  -2.0599680e+00
  -2.6092920e+00
  -3.0212860e+00
  -3.5248340e+00
  -4.0741590e+00
  -4.8523690e+00
  -5.7221330e+00
  -6.9123370e+00
  -8.3314260e+00
  -9.9336230e+00
  -1.1718929e+01
  -1.3595788e+01
  -1.5381095e+01
  -1.6845960e+01
  -1.7944610e+01
  -1.8448158e+01
  -1.8493934e+01
  -1.8036164e+01
  -1.7212176e+01
  -1.6296635e+01
  -1.5426871e+01
  -1.4602884e+01
  -1.3870451e+01
  -1.3321127e+01
  -1.2817578e+01
  -1.2405584e+01
  -1.1947814e+01
  -1.1444266e+01
  -1.0757611e+01
  -9.8420690e+00
  -8.5603110e+00
  -6.8207820e+00
  -4.6234840e+00
  -2.0141910e+00
   8.2398800e-01
   3.7079420e+00
   6.4087890e+00
   8.7891960e+00
   1.0711834e+01
   1.2222477e+01
   1.3321126e+01
   1.4190890e+01
   1.4785992e+01
   1.5289540e+01
   1.5655757e+01
   1.5976196e+01
   1.6296636e+01
   1.6617075e+01
   1.7120622e+01
   1.7761501e+01
   1.8493935e+01
   1.9317922e+01
   2.0141909e+01
   2.0828565e+01
   2.1286336e+01
   2.1515221e+01
   2.1652552e+01
   2.1744106e+01
   2.1835661e+01
   2.2018768e+01
   2.2293431e+01
   2.2613870e+01
   2.2934310e+01
   2.3208972e+01
   2.3483635e+01
   2.3666743e+01
   2.3712520e+01
   2.3575189e+01
   2.3254750e+01
   2.2705424e+01
   2.1835661e+01
   2.0737010e+01
   1.9501030e+01
   1.8219273e+01
   1.7120623e+01
   1.6159304e+01
   1.5381094e+01
   1.4740215e+01
   1.4145113e+01
   1.3458457e+01
   1.2726024e+01
   1.1856260e+01
   1.0986495e+01
   1.0208286e+01
   9.6589610e+00
   9.3385210e+00
   9.2469670e+00
   9.2927450e+00
   9.3385210e+00
   9.3385220e+00
   9.1554130e+00
   8.6976430e+00
   7.8278780e+00
   6.6376750e+00
   4.8981460e+00
   2.7924010e+00
   3.6621600e-01
  -2.3346300e+00
  -4.9897000e+00
  -7.4158850e+00
  -9.5216300e+00
  -1.0940718e+01
  -1.1947814e+01
  -1.2405585e+01
  -1.2588693e+01
  -1.2680247e+01
  -1.2726025e+01
  -1.3000687e+01
  -1.3412681e+01
  -1.4145114e+01
  -1.5060655e+01
  -1.6113527e+01
  -1.7303731e+01
  -1.8402381e+01
  -1.9363698e+01
  -2.0004578e+01
  -2.0096132e+01
  -1.9546807e+01
  -1.8402380e+01
  -1.6845960e+01
  -1.4969100e+01
  -1.3092241e+01
  -1.1444266e+01
  -1.0162508e+01
  -9.2469670e+00
  -8.7891970e+00
  -8.5145340e+00
  -8.4229800e+00
  -8.4229800e+00
  -8.3772030e+00
  -8.3772030e+00
  -8.2398720e+00
  -8.0109870e+00
  -7.5532160e+00
  -6.8665600e+00
  -5.9967960e+00
  -4.9897000e+00
  -3.9368270e+00
  -2.9755100e+00
  -2.1973000e+00
  -1.6021970e+00
  -1.1902040e+00
  -1.0986500e+00
  -1.0986490e+00
  -1.2359810e+00
  -1.4190890e+00
  -1.7395280e+00
  -2.2430760e+00
  -2.7924010e+00
  -3.5706120e+00
  -4.4403750e+00
  -5.4474710e+00
  -6.6376740e+00
  -7.9652090e+00
  -9.5674070e+00
  -1.1352712e+01
  -1.3458457e+01
  -1.5701534e+01
  -1.7990387e+01
  -2.0187686e+01
  -2.2156100e+01
  -2.3758297e+01
  -2.5085832e+01
  -2.6138705e+01
  -2.6962692e+01
  -2.7786679e+01
  -2.8519112e+01
  -2.9343099e+01
  -3.0167086e+01
  -3.1036850e+01
  -3.1906614e+01
  -3.2822156e+01
  -3.3875029e+01
  -3.5019456e+01
  -3.6163882e+01
  -3.7308309e+01
  -3.8406958e+01
  -3.9185168e+01
  -3.9780270e+01
  -4.0146487e+01
  -4.0283818e+01
  -4.0329595e+01
  -4.0375372e+01
  -4.0375372e+01
  -4.0329595e+01
  -4.0283818e+01
  -4.0192264e+01
  -3.9917601e+01
  -3.9642939e+01
  -3.9322499e+01
  -3.9002060e+01
  -3.8681620e+01
  -3.8315404e+01
  -3.7994965e+01
  -3.7674525e+01
  -3.7308308e+01
  -3.6987869e+01
  -3.6804761e+01
  -3.6758984e+01
  -3.6942092e+01
  -3.7170977e+01
  -3.7537194e+01
  -3.7674525e+01
  -3.7720302e+01
  -3.7491417e+01
  -3.7079423e+01
  -3.6438544e+01
  -3.5706111e+01
  -3.4927901e+01
  -3.4149691e+01
  -3.3371480e+01
  -3.2639048e+01
  -3.2089723e+01
  -3.1631953e+01
  -3.1403068e+01
  -3.1494622e+01
  -3.1815061e+01
  -3.2227055e+01
  -3.2684824e+01
  -3.2822156e+01
  -3.2593271e+01
  -3.1906615e+01
  -3.0670634e+01
  -2.9068437e+01
  -2.7191577e+01
  -2.5268940e+01
  -2.3392080e+01
  -2.1606775e+01
  -2.0050355e+01
  -1.8677042e+01
  -1.7486839e+01
  -1.6571298e+01
  -1.5838865e+01
  -1.5289540e+01
  -1.4785992e+01
  -1.4236667e+01
  -1.3550011e+01
  -1.2634470e+01
  -1.1490044e+01
  -1.0116731e+01
  -8.7434200e+00
  -7.5074390e+00
  -6.5461200e+00
  -5.9967950e+00
  -5.8136880e+00
  -6.0883500e+00
  -6.6834520e+00
  -7.5989930e+00
  -8.6060880e+00
  -9.7047380e+00
  -1.0757610e+01
  -1.1627374e+01
  -1.2314031e+01
  -1.2817578e+01
  -1.3138018e+01
  -1.3366903e+01
  -1.3687342e+01
  -1.4190891e+01
  -1.4969100e+01
  -1.5930419e+01
  -1.7074845e+01
  -1.8127718e+01
  -1.8860151e+01
  -1.9180591e+01
  -1.8951705e+01
  -1.8173495e+01
  -1.6937515e+01
  -1.5289540e+01
  -1.3366903e+01
  -1.1261158e+01
  -9.0638590e+00
  -6.7750060e+00
  -4.4403760e+00
  -2.2430760e+00
  -1.3733100e-01
   1.6937510e+00
   3.2043940e+00
   4.3488210e+00
   5.0812540e+00
   5.4932480e+00
   5.5848020e+00
   5.4016940e+00
   4.8981460e+00
   4.0741590e+00
   2.9755090e+00
   1.6479740e+00
   2.2888500e-01
  -1.1444260e+00
  -2.3804080e+00
  -3.3417260e+00
  -4.0283810e+00
  -4.3945990e+00
  -4.6234840e+00
  -4.6234830e+00
  -4.6234840e+00
  -4.4861520e+00
  -4.3945990e+00
  -4.2572670e+00
  -4.2114900e+00
  -4.3488210e+00
  -4.6234840e+00
  -5.1270310e+00
  -5.7679110e+00
  -6.5003430e+00
  -7.1412220e+00
  -7.6447700e+00
  -7.8736560e+00
  -7.9194330e+00
  -7.8278790e+00
  -7.6905470e+00
  -7.6905470e+00
  -7.8736550e+00
  -8.2856490e+00
  -8.8807510e+00
  -9.7505150e+00
  -1.0666057e+01
  -1.1764706e+01
  -1.2863355e+01
  -1.3870451e+01
  -1.4740215e+01
  -1.5243763e+01
  -1.5335317e+01
  -1.4923323e+01
  -1.4007782e+01
  -1.2726024e+01
  -1.1261158e+01
  -9.8420690e+00
  -8.6976420e+00
  -7.8736560e+00
  -7.5074380e+00
  -7.4158850e+00
  -7.5989930e+00
  -7.8736560e+00
  -8.2398720e+00
  -8.5603110e+00
  -8.8807500e+00
  -9.1554130e+00
  -9.4300760e+00
  -9.6131840e+00
  -9.8420690e+00
  -1.0070955e+01
  -1.0391394e+01
  -1.0940719e+01
  -1.1673152e+01
  -1.2634470e+01
  -1.3778897e+01
  -1.4923323e+01
  -1.5884642e+01
  -1.6479744e+01
  -1.6708629e+01
  -1.6525521e+01
  -1.5930418e+01
  -1.5197986e+01
  -1.4419775e+01
  -1.3778897e+01
  -1.3412680e+01
  -1.3550011e+01
  -1.4145113e+01
  -1.5289540e+01
  -1.6937514e+01
  -1.9043260e+01
  -2.1423667e+01
  -2.3804074e+01
  -2.5955596e+01
  -2.7557793e+01
  -2.8519112e+01
  -2.8656443e+01
  -2.8198673e+01
  -2.7191577e+01
  -2.5864042e+01
  -2.4444953e+01
  -2.3163195e+01
  -2.2110323e+01
  -2.1332113e+01
  -2.0782788e+01
  -2.0508125e+01
  -2.0508126e+01
  -2.0782788e+01
  -2.1332113e+01
  -2.2201877e+01
  -2.3208973e+01
  -2.4353399e+01
  -2.5452049e+01
  -2.6413367e+01
  -2.7283131e+01
  -2.7969787e+01
  -2.8427558e+01
  -2.8747997e+01
  -2.8885328e+01
  -2.8793774e+01
  -2.8473335e+01
  -2.7969787e+01
  -2.7283131e+01
  -2.6596475e+01
  -2.5864042e+01
  -2.5314718e+01
  -2.4811169e+01
  -2.4536507e+01
  -2.4353399e+01
  -2.4353399e+01
  -2.4536507e+01
  -2.4994277e+01
  -2.5864042e+01
  -2.7145800e+01
  -2.8839551e+01
  -3.0807965e+01
  -3.2684825e+01
  -3.4287023e+01
  -3.5202564e+01
  -3.5248340e+01
  -3.4195469e+01
  -3.2089723e+01
  -2.9114214e+01
  -2.5360495e+01
  -2.1149004e+01
  -1.6617075e+01
  -1.2085146e+01
  -7.6905470e+00
  -3.5248340e+00
   3.2043900e-01
   3.6621650e+00
   6.5918980e+00
   9.0638590e+00
   1.1032272e+01
   1.2451362e+01
   1.3366904e+01
   1.3595789e+01
   1.3138018e+01
   1.1947814e+01
   1.0116731e+01
   7.8278780e+00
   5.4016940e+00
   3.1586170e+00
   1.5106430e+00
   6.8665600e-01
   9.1554100e-01
   2.1057450e+00
   4.2572670e+00
   7.1412220e+00
   1.0482948e+01
   1.4007782e+01
   1.7441062e+01
   2.0645457e+01
   2.3437858e+01
   2.5589380e+01
   2.7008469e+01
   2.7740902e+01
   2.7786679e+01
   2.7283131e+01
   2.6367590e+01
   2.5268940e+01
   2.4216068e+01
   2.3163195e+01
   2.2339208e+01
   2.1652552e+01
   2.1240559e+01
   2.1011673e+01
   2.1057450e+01
   2.1332113e+01
   2.1698329e+01
   2.2110323e+01
   2.2293431e+01
   2.1972991e+01
   2.1011673e+01
   1.9363699e+01
   1.7074845e+01
   1.4465553e+01
   1.1810483e+01
   9.6589610e+00
   8.4687580e+00
   8.3772030e+00
   9.7047380e+00
   1.2359807e+01
   1.6205081e+01
   2.0874342e+01
   2.6001373e+01
   3.1082627e+01
   3.5568780e+01
   3.9139391e+01
   4.1336690e+01
   4.2069124e+01
   4.1382467e+01
   3.9505608e+01
   3.6758984e+01
   3.3600367e+01
   3.0395972e+01
   2.7420462e+01
   2.4902724e+01
   2.2842755e+01
   2.1240558e+01
   1.9958800e+01
   1.8860151e+01
   1.7853055e+01
   1.6983292e+01
   1.6021973e+01
   1.5106432e+01
   1.4282444e+01
   1.3550012e+01
   1.3092241e+01
   1.3138018e+01
   1.3870451e+01
   1.5381094e+01
   1.7669947e+01
   2.0599680e+01
   2.3849852e+01
   2.7100023e+01
   2.9892423e+01
   3.1860837e+01
   3.2822156e+01
   3.2730601e+01
   3.1631953e+01
   2.9663539e+01
   2.7191577e+01
   2.4536507e+01
   2.1972992e+01
   1.9821469e+01
   1.8448157e+01
   1.7944609e+01
   1.8448158e+01
   1.9958801e+01
   2.2201877e+01
   2.4902723e+01
   2.7649348e+01
   2.9983978e+01
   3.1677730e+01
   3.2410162e+01
   3.2272831e+01
   3.1357290e+01
   2.9800869e+01
   2.8061342e+01
   2.6321812e+01
   2.5040055e+01
   2.4490731e+01
   2.4719615e+01
   2.5864042e+01
   2.7740902e+01
   3.0167087e+01
   3.2684825e+01
   3.4836347e+01
   3.6209659e+01
   3.6530099e+01
   3.5660334e+01
   3.3737697e+01
   3.1128404e+01
   2.8152895e+01
   2.5314718e+01
   2.3071641e+01
   2.1698329e+01
   2.1286336e+01
   2.1927214e+01
   2.3346304e+01
   2.5360494e+01
   2.7649348e+01
   2.9892423e+01
   3.1677729e+01
   3.2684825e+01
   3.2776379e+01
   3.1815061e+01
   2.9846647e+01
   2.7191577e+01
   2.4032959e+01
   2.0782788e+01
   1.7669947e+01
   1.4877546e+01
   1.2497139e+01
   1.0482948e+01
   8.6976430e+00
   7.0954450e+00
   5.5848020e+00
   4.0283820e+00
   2.4261850e+00
   7.3243300e-01
  -1.0070950e+00
  -2.8381780e+00
  -4.8065920e+00
  -6.8665600e+00
  -9.0180820e+00
  -1.1261159e+01
  -1.3458457e+01
  -1.5701534e+01
  -1.7853056e+01
  -1.9821469e+01
  -2.1606775e+01
  -2.3071641e+01
  -2.4078737e+01
  -2.4399176e+01
  -2.3941406e+01
  -2.2751202e+01
  -2.0782788e+01
  -1.8265049e+01
  -1.5518425e+01
  -1.2771801e+01
  -1.0437171e+01
  -8.5603110e+00
  -7.1870000e+00
  -6.3172350e+00
  -5.8136880e+00
  -5.5848020e+00
  -5.4016940e+00
  -5.2643620e+00
  -5.1270310e+00
  -4.9897000e+00
  -4.9439230e+00
  -5.0812550e+00
  -5.4474700e+00
  -6.0883490e+00
  -7.0038910e+00
  -8.1483180e+00
  -9.3842980e+00
  -1.0391394e+01
  -1.0849164e+01
  -1.0391394e+01
  -8.6976420e+00
  -5.6763560e+00
  -1.3733120e+00
   3.8910500e+00
   9.5216300e+00
   1.4831769e+01
   1.9089036e+01
   2.1560998e+01
   2.1698329e+01
   1.9226368e+01
   1.4053559e+01
   6.2714580e+00
  -3.4790570e+00
  -1.4602884e+01
  -2.6184481e+01
  -3.7308308e+01
  -4.7150378e+01
  -5.4886702e+01
  -6.0105287e+01
  -6.2623025e+01
  -6.2668803e+01
  -6.0700389e+01
  -5.7129778e+01
  -5.2689402e+01
  -4.7928588e+01
  -4.3167773e+01
  -3.8773174e+01
  -3.4882124e+01
  -3.1494622e+01
  -2.8702220e+01
  -2.6367590e+01
  -2.4536507e+01
  -2.3117419e+01
  -2.1972992e+01
  -2.1149004e+01
  -2.0508126e+01
  -2.0096132e+01
  -1.9913023e+01
  -2.0050355e+01
  -2.0462348e+01
  -2.1149004e+01
  -2.2110323e+01
  -2.3163195e+01
  -2.4216067e+01
  -2.5131609e+01
  -2.5818265e+01
  -2.6230259e+01
  -2.6367590e+01
  -2.6138705e+01
  -2.5589380e+01
  -2.4536507e+01
  -2.3117418e+01
  -2.1194782e+01
  -1.8768597e+01
  -1.5976195e+01
  -1.2909133e+01
  -9.7047380e+00
  -6.4545670e+00
  -3.3875020e+00
  -4.1199300e-01
   2.2430760e+00
   4.5777060e+00
   6.4545660e+00
   7.6905470e+00
   8.2856490e+00
   8.1025400e+00
   7.1412220e+00
   5.4474710e+00
   3.0670630e+00
   1.8310800e-01
  -3.0670640e+00
  -6.5461200e+00
  -1.0025178e+01
  -1.3321126e+01
  -1.6342413e+01
  -1.8860151e+01
  -2.0737010e+01
  -2.1927215e+01
  -2.2339208e+01
  -2.2064545e+01
  -2.1286335e+01
  -2.0096132e+01
  -1.8631265e+01
  -1.7074845e+01
  -1.5335317e+01
  -1.3504235e+01
  -1.1535821e+01
  -9.7047380e+00
  -8.1025410e+00
  -7.1412230e+00
  -7.0038910e+00
  -8.0567640e+00
  -1.0345616e+01
  -1.3916227e+01
  -1.8493934e+01
  -2.3849851e+01
  -2.9571984e+01
  -3.5156787e+01
  -4.0466926e+01
  -4.5181964e+01
  -4.9073014e+01
  -5.2185855e+01
  -5.4474708e+01
  -5.6031128e+01
  -5.6946669e+01
  -5.7404441e+01
  -5.7404440e+01
  -5.7175555e+01
  -5.6626231e+01
  -5.5802243e+01
  -5.4520485e+01
  -5.2826734e+01
  -5.0629435e+01
  -4.8020142e+01
  -4.5181964e+01
  -4.2298008e+01
  -3.9597161e+01
  -3.7308308e+01
  -3.5568780e+01
  -3.4470130e+01
  -3.4241245e+01
  -3.4744793e+01
  -3.6163882e+01
  -3.8498512e+01
  -4.1794461e+01
  -4.6051728e+01
  -5.0995651e+01
  -5.6443122e+01
  -6.2119478e+01
  -6.7521172e+01
  -7.2327764e+01
  -7.6264592e+01
  -7.9011215e+01
  -8.0521858e+01
  -8.0659190e+01
  -7.9606317e+01
  -7.7454795e+01
  -7.4387732e+01
  -7.0634012e+01
  -6.6559853e+01
  -6.2256809e+01
  -5.8045319e+01
  -5.3879606e+01
  -4.9805448e+01
  -4.5822842e+01
  -4.1977570e+01
  -3.8223850e+01
  -3.4744793e+01
  -3.1860838e+01
  -2.9800869e+01
  -2.8839551e+01
  -2.9205768e+01
  -3.0807966e+01
  -3.3463035e+01
  -3.6758984e+01
  -4.0192263e+01
  -4.3213550e+01
  -4.5319295e+01
  -4.6280613e+01
  -4.5822842e+01
  -4.4083314e+01
  -4.1245136e+01
  -3.7720303e+01
  -3.3783474e+01
  -2.9983978e+01
  -2.6504921e+01
  -2.3666743e+01
  -2.1377889e+01
  -1.9501030e+01
  -1.7898833e+01
  -1.6205081e+01
  -1.4282444e+01
  -1.1993592e+01
  -9.4758520e+00
  -7.0038910e+00
  -4.7150380e+00
  -3.1128400e+00
  -2.1515220e+00
  -2.0599680e+00
  -2.7008470e+00
  -3.7994960e+00
  -5.0354780e+00
  -6.2714580e+00
  -7.1870000e+00
  -7.6447700e+00
  -7.5989930e+00
  -7.0496680e+00
  -5.9967960e+00
  -4.5777060e+00
  -2.8381790e+00
  -8.2398800e-01
   1.3275350e+00
   3.5706110e+00
   5.8594640e+00
   8.1025410e+00
   1.0437171e+01
   1.2634470e+01
   1.4785993e+01
   1.6754406e+01
   1.8493935e+01
   1.9867247e+01
   2.0920119e+01
   2.1560998e+01
   2.1972992e+01
   2.2339208e+01
   2.2705424e+01
   2.3300527e+01
   2.4032960e+01
   2.4765392e+01
   2.5452049e+01
   2.5955596e+01
   2.6001374e+01
   2.5772488e+01
   2.5177386e+01
   2.4490730e+01
   2.3895628e+01
   2.3483635e+01
   2.3483635e+01
   2.3849851e+01
   2.4719615e+01
   2.5909819e+01
   2.7420463e+01
   2.9159991e+01
   3.0945296e+01
   3.2730602e+01
   3.4241245e+01
   3.5385671e+01
   3.6072328e+01
   3.6163882e+01
   3.5660335e+01
   3.4653239e+01
   3.3142596e+01
   3.1494621e+01
   2.9663539e+01
   2.7878233e+01
   2.6276035e+01
   2.4902723e+01
   2.3987182e+01
   2.3529411e+01
   2.3666743e+01
   2.4307622e+01
   2.5314718e+01
   2.6550698e+01
   2.7740902e+01
   2.8702220e+01
   2.9251545e+01
   2.9388877e+01
   2.9068437e+01
   2.8381781e+01
   2.7420463e+01
   2.6276036e+01
   2.5040055e+01
   2.3804074e+01
   2.2568094e+01
   2.1515221e+01
   2.0782787e+01
   2.0279240e+01
   2.0141909e+01
   2.0187686e+01
   2.0325018e+01
   2.0187686e+01
   1.9729915e+01
   1.8631266e+01
   1.6891738e+01
   1.4648661e+01
   1.2085146e+01
   9.5216300e+00
   7.1869990e+00
   5.2643620e+00
   3.9368270e+00
   3.1128400e+00
   2.7924010e+00
   2.7466240e+00
   2.8381780e+00
   2.8381780e+00
   2.6550700e+00
   2.1057450e+00
   1.3733120e+00
   4.1199400e-01
  -5.9510200e-01
  -1.3275350e+00
  -1.6937510e+00
  -1.5106430e+00
  -7.7821000e-01
   3.6621600e-01
   1.8310820e+00
   3.2501720e+00
   4.4861520e+00
   5.4016940e+00
   5.9052420e+00
   6.0883500e+00
   5.9967960e+00
   5.8136880e+00
   5.7221330e+00
   5.6763560e+00
   5.9052410e+00
   6.2714580e+00
   6.9581140e+00
   7.7821020e+00
   8.7891960e+00
   9.7962920e+00
   1.0757610e+01
   1.1398490e+01
   1.1444267e+01
   1.0940719e+01
   9.7505150e+00
   7.9652090e+00
   5.7221330e+00
   3.2959490e+00
   9.1554100e-01
  -1.2359800e+00
  -3.0670640e+00
  -4.5319300e+00
  -5.5390250e+00
  -6.1799040e+00
  -6.5003430e+00
  -6.5003430e+00
  -6.2714580e+00
  -5.8594650e+00
  -5.3559170e+00
  -4.8981460e+00
  -4.4861530e+00
  -4.1657130e+00
  -3.9826050e+00
  -3.7537190e+00
  -3.5706110e+00
  -3.2501720e+00
  -2.7466240e+00
  -2.1973000e+00
  -1.5564200e+00
  -8.2398700e-01
  -1.3733100e-01
   5.4932500e-01
   1.1444260e+00
   1.6479740e+00
   1.8768600e+00
   1.8310830e+00
   1.4648660e+00
   7.3243300e-01
  -2.7466200e-01
  -1.3733120e+00
  -2.4719620e+00
  -3.2501710e+00
  -3.7079420e+00
  -3.6621660e+00
  -3.2959490e+00
  -2.6092930e+00
  -1.8310830e+00
  -1.0986490e+00
  -5.0354800e-01
  -2.2888500e-01
  -2.7466200e-01
  -6.8665600e-01
  -1.5106430e+00
  -2.7466240e+00
  -4.3030440e+00
  -6.0883500e+00
  -8.0109860e+00
  -9.7962920e+00
  -1.1261158e+01
  -1.2314031e+01
  -1.2726024e+01
  -1.2588693e+01
  -1.1947814e+01
  -1.0940719e+01
  -9.6589610e+00
  -8.3314260e+00
  -7.0496680e+00
  -5.9510180e+00
  -5.1270310e+00
  -4.5777070e+00
  -4.3945990e+00
  -4.4403760e+00
  -4.6234830e+00
  -4.8523690e+00
  -4.7608150e+00
  -4.3030440e+00
  -3.3417260e+00
  -1.8768590e+00
   4.5777000e-02
   2.1515220e+00
   4.4861520e+00
   6.8207830e+00
   9.0638590e+00
   1.1169604e+01
   1.3183795e+01
   1.4969101e+01
   1.6525521e+01
   1.7761501e+01
   1.8631266e+01
   1.9043260e+01
   1.9089036e+01
   1.8814374e+01
   1.8310826e+01
   1.7898833e+01
   1.7624170e+01
   1.7669947e+01
   1.8127718e+01
   1.8997483e+01
   2.0325018e+01
   2.1972992e+01
   2.3849852e+01
   2.5818265e+01
   2.7557793e+01
   2.8839551e+01
   2.9480430e+01
   2.9251545e+01
   2.8198672e+01
   2.6321812e+01
   2.3941405e+01
   2.1332112e+01
   1.8905928e+01
   1.6845960e+01
   1.5472648e+01
   1.4740215e+01
   1.4648661e+01
   1.4923324e+01
   1.5335317e+01
   1.5701534e+01
   1.5701533e+01
   1.5197986e+01
   1.4053559e+01
   1.2314031e+01
   1.0116731e+01
   7.5989930e+00
   5.1270310e+00
   3.0670630e+00
   1.6021970e+00
   9.1554100e-01
   9.6131900e-01
   1.6937520e+00
   2.7466240e+00
   3.7994970e+00
   4.5777070e+00
   4.8523690e+00
   4.5319300e+00
   3.6163880e+00
   2.3346310e+00
   8.2398700e-01
  -6.4087900e-01
  -1.7853050e+00
  -2.5635160e+00
  -2.7924010e+00
  -2.4261850e+00
  -1.6021980e+00
  -4.1199400e-01
   9.1554200e-01
   2.0599680e+00
   2.7924010e+00
   3.0212860e+00
   2.7008470e+00
   1.9226370e+00
   1.0528730e+00
   2.7466300e-01
  -1.3733100e-01
   4.5777000e-02
   7.7821100e-01
   2.0599680e+00
   3.6163880e+00
   5.2643620e+00
   6.7750060e+00
   8.0109870e+00
   8.8807510e+00
   9.3385220e+00
   9.4758530e+00
   9.2927450e+00
   9.0638590e+00
   8.9265280e+00
   8.9265280e+00
   9.3385210e+00
   1.0116732e+01
   1.1169604e+01
   1.2497139e+01
   1.3824674e+01
   1.4831769e+01
   1.5564203e+01
   1.5701534e+01
   1.5381094e+01
   1.4648661e+01
   1.3458457e+01
   1.2130923e+01
   1.0528725e+01
   8.8349740e+00
   7.1412220e+00
   5.4016940e+00
   3.8452740e+00
   2.5635160e+00
   1.5564200e+00
   9.1554100e-01
   6.8665600e-01
   7.3243300e-01
   1.0528730e+00
   1.4648660e+00
   1.9684140e+00
   2.6092930e+00
   3.2959490e+00
   4.1657130e+00
   5.1270310e+00
   6.1799030e+00
   7.2327760e+00
   8.1025410e+00
   8.8807500e+00
   9.3385210e+00
   9.6589610e+00
   9.9336230e+00
   1.0299840e+01
   1.0803387e+01
   1.1673152e+01
   1.2863355e+01
   1.4282444e+01
   1.5838865e+01
   1.7532616e+01
   1.9089036e+01
   2.0416571e+01
   2.1423667e+01
   2.2064546e+01
   2.2156100e+01
   2.1881437e+01
   2.1194781e+01
   2.0325017e+01
   1.9317922e+01
   1.8310827e+01
   1.7395285e+01
   1.6433967e+01
   1.5564203e+01
   1.4557107e+01
   1.3366903e+01
   1.2039369e+01
   1.0574503e+01
   9.1096360e+00
   7.9194320e+00
   7.0496680e+00
   6.6376750e+00
   6.6834510e+00
   7.2785530e+00
   8.2856490e+00
   9.4758520e+00
   1.0894942e+01
   1.2268253e+01
   1.3412680e+01
   1.4190891e+01
   1.4419775e+01
   1.3916228e+01
   1.2634470e+01
   1.0666056e+01
   8.1483180e+00
   5.3101390e+00
   2.4719620e+00
   0.0000000e+00
  -2.1057450e+00
  -3.6163880e+00
  -4.5777060e+00
  -5.0812550e+00
  -5.1728080e+00
  -5.0354780e+00
  -4.7150380e+00
  -4.1657130e+00
  -3.5706110e+00
  -2.8381780e+00
  -1.9684140e+00
  -1.0070950e+00
   1.8310800e-01
   1.6479740e+00
   3.2959480e+00
   5.2643620e+00
   7.5074380e+00
   9.7962920e+00
   1.2085145e+01
   1.4145114e+01
   1.5884642e+01
   1.7212177e+01
   1.8127718e+01
   1.8585489e+01
   1.8677042e+01
   1.8448157e+01
   1.7898833e+01
   1.6983291e+01
   1.5655757e+01
   1.4053560e+01
   1.2085145e+01
   9.7962920e+00
   7.4616620e+00
   5.1270310e+00
   2.8839560e+00
   9.1554100e-01
  -6.8665600e-01
  -2.0141910e+00
  -2.7924010e+00
  -3.0212870e+00
  -2.8381780e+00
  -2.1057450e+00
  -1.0986500e+00
   1.3733100e-01
   1.2817580e+00
   2.1057450e+00
   2.5177380e+00
   2.2888530e+00
   1.6021980e+00
   4.5777100e-01
  -9.6131800e-01
  -2.3346300e+00
  -3.7079430e+00
  -4.8065920e+00
  -5.5390250e+00
  -5.8594640e+00
  -5.6763560e+00
  -5.0812540e+00
  -4.0283820e+00
  -2.6550700e+00
  -1.0986490e+00
   4.1199400e-01
   1.8310820e+00
   3.0670640e+00
   4.0283820e+00
   4.8065920e+00
   5.4474710e+00
   5.9967950e+00
   6.4087890e+00
   6.6834510e+00
   6.6376740e+00
   6.2714580e+00
   5.4474700e+00
   4.1657130e+00
   2.6092930e+00
   9.1554100e-01
  -7.7821000e-01
  -2.2888530e+00
  -3.5248350e+00
  -4.3030440e+00
  -4.7608150e+00
  -4.8523690e+00
  -4.6234830e+00
  -4.2114900e+00
  -3.6621650e+00
  -3.1586180e+00
  -2.7924010e+00
  -2.6550700e+00
  -2.7924010e+00
  -3.1128400e+00
  -3.5248340e+00
  -3.9826040e+00
  -4.3488210e+00
  -4.4861520e+00
  -4.3945980e+00
  -4.2572670e+00
  -4.0283820e+00
  -3.8452730e+00
  -3.6163890e+00
  -3.4332800e+00
  -3.2043950e+00
  -2.7466240e+00
  -2.1972990e+00
  -1.4648660e+00
  -5.4932500e-01
   3.6621600e-01
   1.1902040e+00
   1.9226370e+00
   2.6550700e+00
   3.4790570e+00
   4.5777070e+00
   6.0883490e+00
   8.0567640e+00
   1.0528725e+01
   1.3504234e+01
   1.6708629e+01
   2.0141908e+01
   2.3300526e+01
   2.6047150e+01
   2.8152896e+01
   2.9388876e+01
   2.9755093e+01
   2.9251545e+01
   2.8152895e+01
   2.6733807e+01
   2.5268940e+01
   2.4124513e+01
   2.3437857e+01
   2.3300527e+01
   2.3529412e+01
   2.4078736e+01
   2.4628062e+01
   2.4994278e+01
   2.5040055e+01
   2.4811170e+01
   2.4353399e+01
   2.3758297e+01
   2.3163195e+01
   2.2613870e+01
   2.2293431e+01
   2.2156100e+01
   2.2201877e+01
   2.2522316e+01
   2.3025864e+01
   2.3666743e+01
   2.4399176e+01
   2.5040055e+01
   2.5497826e+01
   2.5680934e+01
   2.5543602e+01
   2.5223163e+01
   2.4719615e+01
   2.4261845e+01
   2.3895629e+01
   2.3758297e+01
   2.3804074e+01
   2.4124514e+01
   2.4628061e+01
   2.5131609e+01
   2.5726711e+01
   2.6184481e+01
   2.6504921e+01
   2.6550698e+01
   2.6184482e+01
   2.5406271e+01
   2.4170291e+01
   2.2522317e+01
   2.0553903e+01
   1.8539712e+01
   1.6571298e+01
   1.4877546e+01
   1.3550012e+01
   1.2680247e+01
   1.2314031e+01
   1.2451362e+01
   1.3092241e+01
   1.4236667e+01
   1.5838864e+01
   1.7761501e+01
   1.9913024e+01
   2.2156099e+01
   2.4216068e+01
   2.5955596e+01
   2.7328908e+01
   2.8336003e+01
   2.8976882e+01
   2.9388877e+01
   2.9617762e+01
   2.9846646e+01
   2.9800870e+01
   2.9663538e+01
   2.9251545e+01
   2.8519112e+01
   2.7374685e+01
   2.6001374e+01
   2.4353399e+01
   2.2751202e+01
   2.1194782e+01
   1.9867247e+01
   1.8722819e+01
   1.7990387e+01
   1.7441063e+01
   1.7257954e+01
   1.7166399e+01
   1.7074845e+01
   1.6800183e+01
   1.6250858e+01
   1.5289540e+01
   1.4007782e+01
   1.2497139e+01
   1.1032272e+01
   9.7962920e+00
   9.0638590e+00
   8.9265280e+00
   9.3385210e+00
   1.0345617e+01
   1.1718929e+01
   1.3321126e+01
   1.4877546e+01
   1.6342412e+01
   1.7624171e+01
   1.8493934e+01
   1.9089036e+01
   1.9317921e+01
   1.9134814e+01
   1.8631266e+01
   1.7944609e+01
   1.7120622e+01
   1.6479744e+01
   1.6113527e+01
   1.6113527e+01
   1.6571298e+01
   1.7395285e+01
   1.8493935e+01
   1.9638362e+01
   2.0691234e+01
   2.1606775e+01
   2.2201876e+01
   2.2522316e+01
   2.2568093e+01
   2.2476539e+01
   2.2293431e+01
   2.2247654e+01
   2.2476539e+01
   2.3117418e+01
   2.4353399e+01
   2.6138705e+01
   2.8336004e+01
   3.0807965e+01
   3.3188373e+01
   3.5156787e+01
   3.6438544e+01
   3.6942092e+01
   3.6530099e+01
   3.5294117e+01
   3.3508812e+01
   3.1357290e+01
   2.9068437e+01
   2.7008469e+01
   2.5223164e+01
   2.3895628e+01
   2.3163195e+01
   2.2980087e+01
   2.3254750e+01
   2.3804074e+01
   2.4536508e+01
   2.5040055e+01
   2.5268941e+01
   2.4994278e+01
   2.4261845e+01
   2.3071641e+01
   2.1560998e+01
   1.9867247e+01
   1.8081941e+01
   1.6296636e+01
   1.4602884e+01
   1.3046463e+01
   1.1581598e+01
   1.0437171e+01
   9.6131840e+00
   9.2469670e+00
   9.3842980e+00
   9.9336230e+00
   1.0803388e+01
   1.1810483e+01
   1.2771801e+01
   1.3458457e+01
   1.3733120e+01
   1.3550011e+01
   1.2863356e+01
   1.1627375e+01
   9.9336240e+00
   7.9194320e+00
   5.6763560e+00
   3.3875030e+00
   1.2359810e+00
  -6.8665600e-01
  -2.1515220e+00
  -3.1586170e+00
  -3.7079430e+00
  -3.8452730e+00
  -3.5706110e+00
  -3.0212860e+00
  -2.1057450e+00
  -8.6976500e-01
   6.4087900e-01
   2.3804080e+00
   4.2114900e+00
   5.8594640e+00
   7.1870000e+00
   7.7363240e+00
   7.5074380e+00
   6.3172350e+00
   4.2572670e+00
   1.5106440e+00
  -1.6479740e+00
  -4.8981460e+00
  -7.9652100e+00
  -1.0574502e+01
  -1.2497139e+01
  -1.3687342e+01
  -1.4099336e+01
  -1.3778897e+01
  -1.2909133e+01
  -1.1764706e+01
  -1.0574502e+01
  -9.6131830e+00
  -9.1554130e+00
  -9.2011900e+00
  -9.7962920e+00
  -1.0940719e+01
  -1.2268254e+01
  -1.3687343e+01
  -1.4923324e+01
  -1.5884642e+01
  -1.6479744e+01
  -1.6617075e+01
  -1.6296635e+01
  -1.5564202e+01
  -1.4373999e+01
  -1.2771801e+01
  -1.0940718e+01
  -8.8807510e+00
  -6.8665600e+00
  -4.9439230e+00
  -3.3417260e+00
  -2.1057450e+00
  -1.1902030e+00
  -5.4932500e-01
  -2.2888500e-01
  -9.1554000e-02
  -1.3733100e-01
  -4.1199400e-01
  -7.7821000e-01
  -1.2359810e+00
  -1.7853050e+00
  -2.1972990e+00
  -2.5635150e+00
  -2.7008470e+00
  -2.6092930e+00
  -2.3804070e+00
  -1.9684140e+00
  -1.4190890e+00
  -8.2398700e-01
  -9.1554000e-02
   7.3243300e-01
   1.6021970e+00
   2.4719620e+00
   3.2959480e+00
   3.9826050e+00
   4.5319290e+00
   4.8065920e+00
   4.8981460e+00
   4.8065920e+00
   4.5777070e+00
   4.2572670e+00
   3.8910510e+00
   3.3417260e+00
   2.5635160e+00
   1.7395280e+00
   6.8665600e-01
  -3.6621600e-01
  -1.2817580e+00
  -2.0141910e+00
  -2.4719610e+00
  -2.7008470e+00
  -2.6550690e+00
  -2.4719620e+00
  -2.2430770e+00
  -2.0141910e+00
  -1.8310820e+00
  -1.6937510e+00
  -1.4190890e+00
  -1.0986490e+00
  -5.4932400e-01
   2.7466300e-01
   1.4190890e+00
   2.8839550e+00
   4.6234830e+00
   6.5918980e+00
   8.6060890e+00
   1.0391394e+01
   1.1718929e+01
   1.2359808e+01
   1.2222477e+01
   1.1306935e+01
   9.6589610e+00
   7.6905470e+00
   5.6305790e+00
   3.7994970e+00
   2.4719610e+00
   1.7395290e+00
   1.4648660e+00
   1.6937510e+00
   2.1057450e+00
   2.5635150e+00
   3.1128400e+00
   3.4790570e+00
   3.8452740e+00
   4.2114900e+00
   4.6692610e+00
   5.3101400e+00
   6.0883500e+00
   7.0954450e+00
   8.1940950e+00
   9.3385210e+00
   1.0299840e+01
   1.0803387e+01
   1.0666056e+01
   9.7962920e+00
   8.1025410e+00
   5.7679100e+00
   3.0670630e+00
   2.7466300e-01
  -2.1972990e+00
  -4.1199360e+00
  -5.2185850e+00
  -5.5390250e+00
  -5.0812550e+00
  -3.9368280e+00
  -2.3804070e+00
  -4.5777100e-01
   1.6021970e+00
   3.7079430e+00
   5.7221330e+00
   7.4616620e+00
   8.8807510e+00
   1.0025177e+01
   1.0803388e+01
   1.1352712e+01
   1.1673152e+01
   1.1856260e+01
   1.2039368e+01
   1.2039368e+01
   1.2039368e+01
   1.1993591e+01
   1.1902038e+01
   1.1856260e+01
   1.2039368e+01
   1.2588693e+01
   1.3504234e+01
   1.4877546e+01
   1.6525521e+01
   1.8265049e+01
   1.9958800e+01
   2.1240558e+01
   2.2064546e+01
   2.2247654e+01
   2.1927215e+01
   2.1057450e+01
   1.9867246e+01
   1.8493935e+01
   1.7029068e+01
   1.5701533e+01
   1.4648661e+01
   1.3824674e+01
   1.3412680e+01
   1.3183794e+01
   1.3183795e+01
   1.3183795e+01
   1.3046464e+01
   1.2726024e+01
   1.2314031e+01
   1.1810483e+01
   1.1398489e+01
   1.1261158e+01
   1.1490044e+01
   1.2085145e+01
   1.2909133e+01
   1.3824674e+01
   1.4602884e+01
   1.4969100e+01
   1.4740216e+01
   1.3870451e+01
   1.2359808e+01
   1.0299839e+01
   7.9194320e+00
   5.4474710e+00
   3.1128410e+00
   1.1902040e+00
  -9.1554000e-02
  -6.4087900e-01
  -5.0354800e-01
   2.2888500e-01
   1.1444270e+00
   2.0141910e+00
   2.3804080e+00
   2.0141910e+00
   8.6976400e-01
  -1.0070960e+00
  -3.3417260e+00
  -5.8594640e+00
  -8.2398720e+00
  -1.0254063e+01
  -1.1718929e+01
  -1.2634470e+01
  -1.3092241e+01
  -1.3229572e+01
  -1.3092241e+01
  -1.3000687e+01
  -1.2909133e+01
  -1.3046464e+01
  -1.3275349e+01
  -1.3641566e+01
  -1.4145114e+01
  -1.4602884e+01
  -1.5014877e+01
  -1.5289540e+01
  -1.5518426e+01
  -1.5747311e+01
  -1.6067750e+01
  -1.6617075e+01
  -1.7486839e+01
  -1.8631266e+01
  -1.9867246e+01
  -2.1011673e+01
  -2.1789883e+01
  -2.2018768e+01
  -2.1606775e+01
  -2.0508126e+01
  -1.8905928e+01
  -1.6891737e+01
  -1.4694438e+01
  -1.2497139e+01
  -1.0437171e+01
  -8.6518650e+00
  -7.2785540e+00
  -6.3172350e+00
  -5.8594640e+00
  -5.9510180e+00
  -6.4545660e+00
  -7.4158850e+00
  -8.6518650e+00
  -1.0162508e+01
  -1.1810483e+01
  -1.3458457e+01
  -1.5152208e+01
  -1.6937514e+01
  -1.8585488e+01
  -2.0141909e+01
  -2.1423667e+01
  -2.2293431e+01
  -2.2568094e+01
  -2.2201876e+01
  -2.1332113e+01
  -2.0004577e+01
  -1.8539711e+01
  -1.7120622e+01
  -1.5976195e+01
  -1.5289540e+01
  -1.5060655e+01
  -1.5289540e+01
  -1.5884642e+01
  -1.6754406e+01
  -1.7807278e+01
  -1.8814374e+01
  -1.9729915e+01
  -2.0370794e+01
  -2.0737011e+01
  -2.0828565e+01
  -2.0691234e+01
  -2.0416571e+01
  -2.0187686e+01
  -2.0187686e+01
  -2.0508125e+01
  -2.1149004e+01
  -2.2156100e+01
  -2.3437858e+01
  -2.4856947e+01
  -2.6413367e+01
  -2.7924010e+01
  -2.9343100e+01
  -3.0487526e+01
  -3.1357290e+01
  -3.1677729e+01
  -3.1448844e+01
  -3.0579080e+01
  -2.9068437e+01
  -2.7008469e+01
  -2.4582284e+01
  -2.1972992e+01
  -1.9592584e+01
  -1.7532616e+01
  -1.5930419e+01
  -1.4877546e+01
  -1.4465553e+01
  -1.4511330e+01
  -1.5014878e+01
  -1.5793088e+01
  -1.6800184e+01
  -1.7761501e+01
  -1.8539711e+01
  -1.8997483e+01
  -1.8997483e+01
  -1.8631266e+01
  -1.7990386e+01
  -1.7257953e+01
  -1.6754406e+01
  -1.6662851e+01
  -1.7120623e+01
  -1.8173495e+01
  -1.9684139e+01
  -2.1469443e+01
  -2.3392080e+01
  -2.5177386e+01
  -2.6642252e+01
  -2.7695125e+01
  -2.8381781e+01
  -2.8564889e+01
  -2.8381780e+01
  -2.8061341e+01
  -2.7649348e+01
  -2.7328908e+01
  -2.7237354e+01
  -2.7557794e+01
  -2.8244449e+01
  -2.9205768e+01
  -3.0350195e+01
  -3.1448844e+01
  -3.2364386e+01
  -3.3005264e+01
  -3.3325704e+01
  -3.3371481e+01
  -3.3371481e+01
  -3.3371481e+01
  -3.3600366e+01
  -3.4195469e+01
  -3.5156787e+01
  -3.6438544e+01
  -3.8040742e+01
  -3.9917602e+01
  -4.1794461e+01
  -4.3625544e+01
  -4.5181964e+01
  -4.6372168e+01
  -4.7013046e+01
  -4.7241932e+01
  -4.6967269e+01
  -4.6463722e+01
  -4.5868620e+01
  -4.5548181e+01
  -4.5548180e+01
  -4.5914397e+01
  -4.6784161e+01
  -4.7974365e+01
  -4.9347677e+01
  -5.0812543e+01
  -5.2231631e+01
  -5.3513389e+01
  -5.4566262e+01
  -5.5390249e+01
  -5.5710689e+01
  -5.5710689e+01
  -5.5161364e+01
  -5.4108491e+01
  -5.2780956e+01
  -5.1224537e+01
  -4.9576562e+01
  -4.8020142e+01
  -4.6555276e+01
  -4.5273518e+01
  -4.4174868e+01
  -4.3167773e+01
  -4.2252232e+01
  -4.1474022e+01
  -4.0787366e+01
  -4.0283818e+01
  -4.0054933e+01
  -3.9917601e+01
  -3.9917601e+01
  -3.9826047e+01
  -3.9642939e+01
  -3.9185168e+01
  -3.8361182e+01
  -3.7262531e+01
  -3.5934996e+01
  -3.4287022e+01
  -3.2455940e+01
  -3.0624857e+01
  -2.8793774e+01
  -2.7191577e+01
  -2.5955597e+01
  -2.5131609e+01
  -2.4811170e+01
  -2.4902724e+01
  -2.5314718e+01
  -2.5909819e+01
  -2.6504921e+01
  -2.6916914e+01
  -2.7100023e+01
  -2.6962692e+01
  -2.6733806e+01
  -2.6367590e+01
  -2.6138705e+01
  -2.6001374e+01
  -2.6047150e+01
  -2.6230259e+01
  -2.6642253e+01
  -2.7145800e+01
  -2.7740902e+01
  -2.8336003e+01
  -2.8839551e+01
  -2.9205768e+01
  -2.9297322e+01
  -2.9068436e+01
  -2.8473335e+01
  -2.7786679e+01
  -2.7054246e+01
  -2.6504921e+01
  -2.6459144e+01
  -2.6962692e+01
  -2.8107119e+01
  -2.9800869e+01
  -3.1998169e+01
  -3.4424353e+01
  -3.7033646e+01
  -3.9597162e+01
  -4.1977569e+01
  -4.3991760e+01
  -4.5502403e+01
  -4.6463722e+01
  -4.6692607e+01
  -4.6326391e+01
  -4.5273518e+01
  -4.3762875e+01
  -4.1931792e+01
  -3.9963379e+01
  -3.7857633e+01
  -3.5843443e+01
  -3.4012360e+01
  -3.2364385e+01
  -3.1082628e+01
  -3.0304417e+01
  -3.0075532e+01
  -3.0533303e+01
  -3.1677729e+01
  -3.3554589e+01
  -3.5797666e+01
  -3.8406958e+01
  -4.1107805e+01
