   1.1121999e-01
   3.0867220e-02
   0.0000000e+00
   1.6658498e-02
   6.9573746e-02
   1.4208721e-01
   2.1607055e-01
   2.7584517e-01
   3.1259187e-01
   3.2484077e-01
   3.1602157e-01
   2.9446349e-01
   2.6849584e-01
   2.4497795e-01
   2.2978932e-01
   2.2195003e-01
   2.2097011e-01
   2.2537971e-01
   2.3125919e-01
   2.3713866e-01
   2.4154826e-01
   2.4301812e-01
   2.4203822e-01
   2.3811857e-01
   2.3272905e-01
   2.2586967e-01
   2.1950025e-01
   2.1558060e-01
   2.1509064e-01
   2.1705046e-01
   2.2292994e-01
   2.3076923e-01
   2.3958844e-01
   2.4889761e-01
   2.5722686e-01
   2.6457619e-01
   2.7094562e-01
   2.7584517e-01
   2.7927487e-01
   2.8074474e-01
   2.7976483e-01
   2.7584517e-01
   2.6898579e-01
   2.6114650e-01
   2.5232729e-01
   2.4497795e-01
   2.3958844e-01
   2.3762862e-01
   2.3909848e-01
   2.4399804e-01
   2.5232729e-01
   2.6310632e-01
   2.7535522e-01
   2.8956394e-01
   3.0279274e-01
   3.1406173e-01
   3.1994121e-01
   3.1945125e-01
   3.1161196e-01
   2.9593337e-01
   2.7339539e-01
   2.4791769e-01
   2.2097011e-01
   1.9598236e-01
   1.7491425e-01
   1.5825575e-01
   1.4649681e-01
   1.3816756e-01
   1.3375796e-01
   1.3130819e-01
   1.3032827e-01
   1.2983832e-01
   1.2885840e-01
   1.2738853e-01
   1.2542871e-01
   1.2248898e-01
   1.2003920e-01
   1.1856933e-01
   1.2052915e-01
   1.2591867e-01
   1.3620775e-01
   1.4992651e-01
   1.6609505e-01
   1.8324350e-01
   1.9990200e-01
   2.1411073e-01
   2.2537972e-01
   2.3370897e-01
   2.3958844e-01
   2.4350809e-01
   2.4546791e-01
   2.4497795e-01
   2.4301813e-01
   2.3909848e-01
   2.3468887e-01
   2.3076923e-01
   2.2831946e-01
   2.2880940e-01
   2.3076923e-01
   2.3468887e-01
   2.4007840e-01
   2.4595787e-01
   2.5134738e-01
   2.5673690e-01
   2.6212641e-01
   2.6849584e-01
   2.7584517e-01
   2.8319451e-01
   2.9005390e-01
   2.9593337e-01
   2.9936306e-01
   3.0181283e-01
   3.0181283e-01
   3.0181283e-01
   3.0181283e-01
   3.0181284e-01
   3.0279275e-01
   3.0377265e-01
   3.0426262e-01
   3.0524253e-01
   3.0720236e-01
   3.0965214e-01
   3.1406173e-01
   3.2092112e-01
   3.2827046e-01
   3.3757963e-01
   3.4639882e-01
   3.5472807e-01
   3.6256736e-01
   3.6991671e-01
   3.7726605e-01
   3.8412542e-01
   3.9049485e-01
   3.9490446e-01
   3.9686429e-01
   3.9588437e-01
   3.9147476e-01
   3.8510533e-01
   3.7824596e-01
   3.7236649e-01
   3.6942676e-01
   3.7089662e-01
   3.7579619e-01
   3.8412543e-01
   3.9490446e-01
   4.0764332e-01
   4.2038217e-01
   4.3410093e-01
   4.4634983e-01
   4.5761882e-01
   4.6496815e-01
   4.6888780e-01
   4.6790789e-01
   4.6251837e-01
   4.5418912e-01
   4.4292013e-01
   4.3214111e-01
   4.2283195e-01
   4.1548260e-01
   4.1254288e-01
   4.1205291e-01
   4.1548260e-01
   4.2185204e-01
   4.3116120e-01
   4.4390004e-01
   4.5810877e-01
   4.7329741e-01
   4.8799608e-01
   4.9975502e-01
   5.0808427e-01
   5.1249387e-01
   5.1347379e-01
   5.1200392e-01
   5.1053406e-01
   5.1004409e-01
   5.1102401e-01
   5.1494366e-01
   5.2131308e-01
   5.2866242e-01
   5.3748164e-01
   5.4728075e-01
   5.5756982e-01
   5.6834886e-01
   5.7765801e-01
   5.8549730e-01
   5.9039686e-01
   5.9186674e-01
   5.8892700e-01
   5.8304752e-01
   5.7422832e-01
   5.6442919e-01
   5.5316021e-01
   5.4336110e-01
   5.3307203e-01
   5.2425283e-01
   5.1543361e-01
   5.0759432e-01
   5.0171484e-01
   4.9828516e-01
   4.9877511e-01
   5.0269475e-01
   5.0955415e-01
   5.1935326e-01
   5.3062224e-01
   5.4238119e-01
   5.5414012e-01
   5.6540912e-01
   5.7618814e-01
   5.8647722e-01
   5.9627634e-01
   6.0460559e-01
   6.1048505e-01
   6.1342479e-01
   6.1391476e-01
   6.1293483e-01
   6.1097501e-01
   6.0901519e-01
   6.0803528e-01
   6.0852523e-01
   6.0901518e-01
   6.0999510e-01
   6.1048506e-01
   6.0999510e-01
   6.0999510e-01
   6.0999510e-01
   6.1048506e-01
   6.1146497e-01
   6.1195492e-01
   6.1244488e-01
   6.1195492e-01
   6.0999510e-01
   6.0754533e-01
   6.0460559e-01
   6.0215580e-01
   6.0166584e-01
   6.0264576e-01
   6.0509554e-01
   6.0852524e-01
   6.1293483e-01
   6.1832435e-01
   6.2469378e-01
   6.3204312e-01
   6.4037237e-01
   6.4919157e-01
   6.5605097e-01
   6.5948065e-01
   6.5850074e-01
   6.5360118e-01
   6.4380205e-01
   6.3155315e-01
   6.1734444e-01
   6.0411563e-01
   5.9235668e-01
   5.8353748e-01
   5.7667810e-01
   5.7324841e-01
   5.7226850e-01
   5.7520824e-01
   5.8157766e-01
   5.9088683e-01
   6.0362567e-01
   6.1783440e-01
   6.3204312e-01
   6.4429201e-01
   6.5458109e-01
   6.6193043e-01
   6.6634003e-01
   6.6780990e-01
   6.6731995e-01
   6.6536012e-01
   6.6144047e-01
   6.5605096e-01
   6.5066145e-01
   6.4625184e-01
   6.4282216e-01
   6.4282214e-01
   6.4625183e-01
   6.5409114e-01
   6.6389025e-01
   6.7613915e-01
   6.8789809e-01
   6.9818717e-01
   7.0749633e-01
   7.1484566e-01
   7.2072514e-01
   7.2611466e-01
   7.3199412e-01
   7.3836355e-01
   7.4473298e-01
   7.5208231e-01
   7.5992161e-01
   7.6923077e-01
   7.8049976e-01
   7.9372857e-01
   8.0842725e-01
   8.2361587e-01
   8.3782460e-01
   8.4909358e-01
   8.5595297e-01
   8.5742283e-01
   8.5301324e-01
   8.4321411e-01
   8.2802548e-01
   8.0891720e-01
   7.8588927e-01
   7.6041156e-01
   7.3395394e-01
   7.0847624e-01
   6.8495836e-01
   6.6585007e-01
   6.5311121e-01
   6.4527192e-01
   6.4380207e-01
   6.4576189e-01
   6.5066145e-01
   6.5654091e-01
   6.6242038e-01
   6.6829986e-01
   6.7515924e-01
   6.8299852e-01
   6.9230769e-01
   7.0308672e-01
   7.1435571e-01
   7.2660461e-01
   7.3885350e-01
   7.5110240e-01
   7.6286134e-01
   7.7462029e-01
   7.8441940e-01
   7.9274865e-01
   7.9813817e-01
   8.0009799e-01
   7.9764821e-01
   7.9225869e-01
   7.8441940e-01
   7.7658011e-01
   7.6923078e-01
   7.6433121e-01
   7.6139147e-01
   7.6041156e-01
   7.6139147e-01
   7.6237138e-01
   7.6482117e-01
   7.6678099e-01
   7.7070063e-01
   7.7462029e-01
   7.7951985e-01
   7.8441941e-01
   7.8833905e-01
   7.9176875e-01
   7.9421853e-01
   7.9764821e-01
   8.0009799e-01
   8.0401764e-01
   8.0793729e-01
   8.1087701e-01
   8.1234689e-01
   8.1087701e-01
   8.0548751e-01
   7.9813818e-01
   7.8784910e-01
   7.7804998e-01
   7.6972072e-01
   7.6335130e-01
   7.6041156e-01
   7.6041156e-01
   7.6237140e-01
   7.6678099e-01
   7.7168054e-01
   7.7707006e-01
   7.8245958e-01
   7.8686919e-01
   7.8931896e-01
   7.8980892e-01
   7.8833905e-01
   7.8539932e-01
   7.8245958e-01
   7.8000980e-01
   7.8000980e-01
   7.8294954e-01
   7.8735913e-01
   7.9274865e-01
   7.9715826e-01
   7.9764821e-01
   7.9519843e-01
   7.8833905e-01
   7.7951984e-01
   7.6874081e-01
   7.5992161e-01
   7.5257227e-01
   7.4865263e-01
   7.4816266e-01
   7.5159236e-01
   7.5845174e-01
   7.6776090e-01
   7.7902989e-01
   7.9176874e-01
   8.0401764e-01
   8.1430671e-01
   8.2165605e-01
   8.2557570e-01
   8.2557570e-01
   8.2361588e-01
   8.2018618e-01
   8.1626653e-01
   8.1283685e-01
   8.0989711e-01
   8.0793728e-01
   8.0548751e-01
   8.0254778e-01
   7.9960803e-01
   7.9715826e-01
   7.9617835e-01
   7.9666830e-01
   7.9960803e-01
   8.0352769e-01
   8.0793729e-01
   8.1185694e-01
   8.1479667e-01
   8.1675650e-01
   8.1871631e-01
   8.2116609e-01
   8.2410583e-01
   8.2753552e-01
   8.3243509e-01
   8.3635474e-01
   8.3978442e-01
   8.4272416e-01
   8.4370407e-01
   8.4419403e-01
   8.4321411e-01
   8.4174425e-01
   8.3831456e-01
   8.3390495e-01
   8.2802548e-01
   8.2067614e-01
   8.1430671e-01
   8.0940715e-01
   8.0695737e-01
   8.0793728e-01
   8.1234689e-01
   8.1920627e-01
   8.2753552e-01
   8.3488486e-01
   8.4125429e-01
   8.4566389e-01
   8.4762372e-01
   8.4811367e-01
   8.4566390e-01
   8.4125429e-01
   8.3390495e-01
   8.2557570e-01
   8.1528663e-01
   8.0450760e-01
   7.9519843e-01
   7.8784909e-01
   7.8392945e-01
   7.8343949e-01
   7.8490936e-01
   7.8833905e-01
   7.9176874e-01
   7.9519843e-01
   7.9764821e-01
   7.9960804e-01
   8.0107790e-01
   8.0156785e-01
   8.0156785e-01
   8.0058794e-01
   7.9715826e-01
   7.9274866e-01
   7.8735914e-01
   7.8147966e-01
   7.7609015e-01
   7.7315042e-01
   7.7168054e-01
   7.7119060e-01
   7.7168054e-01
   7.7266047e-01
   7.7364038e-01
   7.7413033e-01
   7.7560021e-01
   7.7756002e-01
   7.8098971e-01
   7.8490937e-01
   7.9029887e-01
   7.9470847e-01
   7.9911808e-01
   8.0401764e-01
   8.0989710e-01
   8.1822636e-01
   8.2851543e-01
   8.4076433e-01
   8.5546301e-01
   8.6918178e-01
   8.8241058e-01
   8.9269966e-01
   9.0004899e-01
   9.0347869e-01
   9.0347870e-01
   9.0151887e-01
   8.9612935e-01
   8.8878001e-01
   8.7898089e-01
   8.6869182e-01
   8.5742283e-01
   8.4713376e-01
   8.3782460e-01
   8.3096522e-01
   8.2606566e-01
   8.2263596e-01
   8.2067614e-01
   8.1871632e-01
   8.1626654e-01
   8.1528662e-01
   8.1479668e-01
   8.1528663e-01
   8.1871632e-01
   8.2361588e-01
   8.2998530e-01
   8.3635473e-01
   8.4174425e-01
   8.4664381e-01
   8.5105342e-01
   8.5399314e-01
   8.5742283e-01
   8.6085253e-01
   8.6330231e-01
   8.6428222e-01
   8.6379225e-01
   8.6134249e-01
   8.5742283e-01
   8.5203332e-01
   8.4762372e-01
   8.4370408e-01
   8.4125429e-01
   8.3978442e-01
   8.3880450e-01
   8.3782459e-01
   8.3684468e-01
   8.3635473e-01
   8.3635473e-01
   8.3684468e-01
   8.3782459e-01
   8.3782460e-01
   8.3733465e-01
   8.3390494e-01
   8.2851544e-01
   8.2165605e-01
   8.1381676e-01
   8.0646742e-01
   7.9960804e-01
   7.9470848e-01
   7.9176874e-01
   7.8931896e-01
   7.8784909e-01
   7.8784910e-01
   7.8931896e-01
   7.9127880e-01
   7.9568839e-01
   8.0156787e-01
   8.0940716e-01
   8.1724645e-01
   8.2508575e-01
   8.3145516e-01
   8.3586477e-01
   8.3880450e-01
   8.4076433e-01
   8.4027438e-01
   8.3929446e-01
   8.3586477e-01
   8.3047526e-01
   8.2361587e-01
   8.1626654e-01
   8.0842724e-01
   8.0254776e-01
   7.9911808e-01
   7.9813817e-01
   7.9911808e-01
   8.0156787e-01
   8.0450760e-01
   8.0548751e-01
   8.0548752e-01
   8.0450760e-01
   8.0254778e-01
   8.0156787e-01
   8.0156787e-01
   8.0254778e-01
   8.0401764e-01
   8.0597746e-01
   8.0695737e-01
   8.0793729e-01
   8.0744733e-01
   8.0548751e-01
   8.0303772e-01
   7.9813817e-01
   7.9176874e-01
   7.8294954e-01
   7.7266047e-01
   7.6139147e-01
   7.5110240e-01
   7.4277316e-01
   7.3689368e-01
   7.3395395e-01
   7.3248407e-01
   7.3199412e-01
   7.3199412e-01
   7.3101421e-01
   7.2954434e-01
   7.2807448e-01
   7.2660460e-01
   7.2709456e-01
   7.2856443e-01
   7.3101421e-01
   7.3444391e-01
   7.3738364e-01
   7.4081332e-01
   7.4424302e-01
   7.4914258e-01
   7.5453209e-01
   7.6041156e-01
   7.6727095e-01
   7.7266047e-01
   7.7707007e-01
   7.7853994e-01
   7.7853993e-01
   7.7658012e-01
   7.7413033e-01
   7.7168056e-01
   7.7021069e-01
   7.6874082e-01
   7.6825086e-01
   7.6825086e-01
   7.6972073e-01
   7.7266045e-01
   7.7756002e-01
   7.8490937e-01
   7.9323862e-01
   8.0254778e-01
   8.1136698e-01
   8.1871632e-01
   8.2361588e-01
   8.2655561e-01
   8.2753552e-01
   8.2851543e-01
   8.2949534e-01
   8.2949534e-01
   8.2998530e-01
   8.2851543e-01
   8.2557569e-01
   8.2018618e-01
   8.1283685e-01
   8.0303772e-01
   7.9372856e-01
   7.8441940e-01
   7.7609016e-01
   7.6874081e-01
   7.6384126e-01
   7.6139147e-01
   7.6139147e-01
   7.6433121e-01
   7.7070063e-01
   7.7853993e-01
   7.8833904e-01
   7.9764821e-01
   8.0548752e-01
   8.1087701e-01
   8.1479668e-01
   8.1675650e-01
   8.1920627e-01
   8.2263597e-01
   8.2802548e-01
   8.3488486e-01
   8.4272416e-01
   8.4958354e-01
   8.5448309e-01
   8.5644292e-01
   8.5448310e-01
   8.5007349e-01
   8.4272416e-01
   8.3341500e-01
   8.2312593e-01
   8.1234689e-01
   8.0156787e-01
   7.9225869e-01
   7.8490936e-01
   7.8196963e-01
   7.8196963e-01
   7.8735914e-01
   7.9568839e-01
   8.0646743e-01
   8.1773641e-01
   8.2851543e-01
   8.3733464e-01
   8.4370407e-01
   8.4811367e-01
   8.5056345e-01
   8.5056345e-01
   8.4860363e-01
   8.4517394e-01
   8.4027438e-01
   8.3537482e-01
   8.3145518e-01
   8.2949534e-01
   8.3047526e-01
   8.3488486e-01
   8.4174425e-01
   8.4958354e-01
   8.5644292e-01
   8.6183243e-01
   8.6379226e-01
   8.6281235e-01
   8.5987261e-01
   8.5497306e-01
   8.4909358e-01
   8.4272416e-01
   8.3635473e-01
   8.2998530e-01
   8.2459579e-01
   8.1969623e-01
   8.1724645e-01
   8.1724645e-01
   8.1920627e-01
   8.2312592e-01
   8.2802548e-01
   8.3292504e-01
   8.3635473e-01
   8.3978441e-01
   8.4272416e-01
   8.4615385e-01
   8.5007351e-01
   8.5546301e-01
   8.6232240e-01
   8.6869182e-01
   8.7359138e-01
   8.7604115e-01
   8.7604115e-01
   8.7310142e-01
   8.6820186e-01
   8.6183244e-01
   8.5448310e-01
   8.4664381e-01
   8.3782459e-01
   8.2949534e-01
   8.2165605e-01
   8.1528663e-01
   8.1087702e-01
   8.0891720e-01
   8.0989711e-01
   8.1234689e-01
   8.1577659e-01
   8.1920626e-01
   8.2116609e-01
   8.2165605e-01
   8.2116609e-01
   8.1920627e-01
   8.1724645e-01
   8.1479667e-01
   8.1185692e-01
   8.0744734e-01
   8.0058795e-01
   7.9225869e-01
   7.8196963e-01
   7.6972073e-01
   7.5698188e-01
   7.4522293e-01
   7.3395395e-01
   7.2317492e-01
   7.1484567e-01
   7.0798628e-01
   7.0553650e-01
   7.0651642e-01
   7.1288585e-01
   7.2366487e-01
   7.3689367e-01
   7.5110240e-01
   7.6384126e-01
   7.7168056e-01
   7.7413033e-01
   7.7021069e-01
   7.6090152e-01
   7.4914258e-01
   7.3542382e-01
   7.2268496e-01
   7.1239588e-01
   7.0553651e-01
   7.0357668e-01
   7.0553650e-01
   7.1288585e-01
   7.2415483e-01
   7.3934346e-01
   7.5649192e-01
   7.7364038e-01
   7.8833905e-01
   7.9911809e-01
   8.0597746e-01
   8.0793728e-01
   8.0695738e-01
   8.0352769e-01
   7.9911808e-01
   7.9470848e-01
   7.9078883e-01
   7.8735913e-01
   7.8539931e-01
   7.8441940e-01
   7.8539931e-01
   7.8882901e-01
   7.9421853e-01
   8.0107791e-01
   8.0940715e-01
   8.1675650e-01
   8.2263596e-01
   8.2704557e-01
   8.2949534e-01
   8.3047526e-01
   8.3145518e-01
   8.3243507e-01
   8.3439491e-01
   8.3537482e-01
   8.3635473e-01
   8.3684468e-01
   8.3635474e-01
   8.3439491e-01
   8.3194513e-01
   8.2900539e-01
   8.2606565e-01
   8.2312592e-01
   8.1822636e-01
   8.1185694e-01
   8.0401764e-01
   7.9470848e-01
   7.8539932e-01
   7.7707006e-01
   7.7070063e-01
   7.6629104e-01
   7.6335130e-01
   7.6237140e-01
   7.6237138e-01
   7.6384125e-01
   7.6629104e-01
   7.7021068e-01
   7.7609015e-01
   7.8294955e-01
   7.9176874e-01
   8.0058795e-01
   8.0891720e-01
   8.1626653e-01
   8.2116611e-01
   8.2410584e-01
   8.2557570e-01
   8.2655561e-01
   8.2655561e-01
   8.2655561e-01
   8.2655561e-01
   8.2704556e-01
   8.2949534e-01
   8.3586477e-01
   8.4566389e-01
   8.6036256e-01
   8.7898088e-01
   9.0053896e-01
   9.2258697e-01
   9.4169525e-01
   9.5786380e-01
   9.6913278e-01
   9.7501225e-01
   9.7648212e-01
   9.7501225e-01
   9.7060266e-01
   9.6472318e-01
   9.5688388e-01
   9.4904459e-01
   9.4071535e-01
   9.3287604e-01
   9.2650662e-01
   9.2160705e-01
   9.1915728e-01
   9.1719745e-01
   9.1474767e-01
   9.1180794e-01
   9.0739833e-01
   9.0053894e-01
   8.9269965e-01
   8.8437040e-01
   8.7800098e-01
   8.7310142e-01
   8.7065164e-01
   8.6967173e-01
   8.7163156e-01
   8.7457129e-01
   8.7947085e-01
   8.8633023e-01
   8.9514945e-01
   9.0592846e-01
   9.1670750e-01
   9.2699658e-01
   9.3630574e-01
   9.4267517e-01
   9.4610485e-01
   9.4757472e-01
   9.4708476e-01
   9.4561490e-01
   9.4365507e-01
   9.4071534e-01
   9.3777560e-01
   9.3336600e-01
   9.2797648e-01
   9.2258696e-01
   9.1670750e-01
   9.1327781e-01
   9.1131799e-01
   9.1180794e-01
   9.1425772e-01
   9.1817736e-01
   9.2405684e-01
   9.2944635e-01
   9.3679569e-01
   9.4414503e-01
   9.5296424e-01
   9.6178344e-01
   9.7011269e-01
   9.7648212e-01
   9.8138168e-01
   9.8285155e-01
   9.8187164e-01
   9.7893190e-01
   9.7550221e-01
   9.7207251e-01
   9.6913278e-01
   9.6619305e-01
   9.6276335e-01
   9.5933366e-01
   9.5492406e-01
   9.4953454e-01
   9.4463499e-01
   9.4071534e-01
   9.3875551e-01
   9.3875551e-01
   9.4022538e-01
   9.4316511e-01
   9.4855464e-01
   9.5541401e-01
   9.6325331e-01
   9.7354239e-01
   9.8334150e-01
   9.9265066e-01
   9.9853013e-01
   1.0000000e+00
   9.9608036e-01
   9.8579128e-01
   9.7060266e-01
   9.5296424e-01
   9.3483587e-01
   9.2013720e-01
   9.0935816e-01
   9.0445860e-01
   9.0445860e-01
   9.0886820e-01
   9.1719745e-01
   9.2846643e-01
   9.4071535e-01
   9.5198433e-01
   9.6129349e-01
   9.6766290e-01
   9.6864282e-01
   9.6521314e-01
   9.5884371e-01
   9.5051445e-01
   9.4169525e-01
   9.3581577e-01
   9.3287604e-01
   9.3336600e-01
   9.3679569e-01
   9.4120530e-01
   9.4561490e-01
   9.4806467e-01
   9.4855463e-01
   9.4610485e-01
   9.4120530e-01
   9.3385595e-01
   9.2503675e-01
   9.1425772e-01
   9.0249878e-01
   8.9073984e-01
   8.8143067e-01
   8.7457130e-01
   8.7163154e-01
   8.7114160e-01
   8.7359138e-01
   8.7702107e-01
   8.7898089e-01
   8.7898089e-01
   8.7506125e-01
   8.6918178e-01
   8.6183243e-01
   8.5448310e-01
   8.4811366e-01
   8.4370408e-01
   8.4125429e-01
   8.4076432e-01
   8.4125429e-01
   8.4321411e-01
   8.4566390e-01
   8.4811367e-01
   8.5007349e-01
   8.5105340e-01
   8.5056345e-01
   8.4860363e-01
   8.4566389e-01
   8.4223420e-01
   8.4076433e-01
   8.4125429e-01
   8.4419402e-01
   8.4958354e-01
   8.5595297e-01
   8.6183243e-01
   8.6477217e-01
   8.6379226e-01
   8.5889270e-01
   8.5154337e-01
   8.4223420e-01
   8.3390495e-01
   8.2753552e-01
   8.2459579e-01
   8.2508575e-01
   8.2949534e-01
   8.3684468e-01
   8.4762371e-01
   8.5889270e-01
   8.7114159e-01
   8.8241058e-01
   8.9073984e-01
   8.9465948e-01
   8.9465948e-01
   8.9024987e-01
   8.8241058e-01
   8.7310142e-01
   8.6428222e-01
   8.5742283e-01
   8.5399314e-01
   8.5301323e-01
   8.5399314e-01
   8.5644292e-01
   8.5840274e-01
   8.5987261e-01
   8.5987261e-01
   8.5840274e-01
   8.5595297e-01
   8.5203332e-01
   8.4713376e-01
   8.4076433e-01
   8.3488486e-01
   8.2949534e-01
   8.2606566e-01
   8.2557570e-01
   8.2753552e-01
   8.3243507e-01
   8.3831455e-01
   8.4468398e-01
   8.4958354e-01
   8.5154336e-01
   8.5105340e-01
   8.4860363e-01
   8.4566390e-01
   8.4174425e-01
   8.3880451e-01
   8.3635473e-01
   8.3439491e-01
   8.3194512e-01
   8.3096521e-01
   8.3096521e-01
   8.3243507e-01
   8.3635473e-01
   8.4223420e-01
   8.4958354e-01
   8.5791279e-01
   8.6575208e-01
   8.7359138e-01
   8.7996080e-01
   8.8486036e-01
   8.8829005e-01
   8.8926997e-01
   8.8682019e-01
   8.7996080e-01
   8.6771190e-01
   8.5056345e-01
   8.2949534e-01
   8.0695738e-01
   7.8490936e-01
   7.6678099e-01
   7.5404214e-01
   7.4669280e-01
   7.4522293e-01
   7.4816267e-01
   7.5453209e-01
   7.6237140e-01
   7.6972072e-01
   7.7609015e-01
   7.8049976e-01
   7.8245958e-01
   7.8196963e-01
   7.7853993e-01
   7.7364038e-01
   7.6874082e-01
   7.6531112e-01
   7.6531113e-01
   7.6923077e-01
   7.7804998e-01
   7.8980892e-01
   8.0303773e-01
   8.1626653e-01
   8.2802548e-01
   8.3733464e-01
   8.4468398e-01
   8.4909358e-01
   8.5252327e-01
   8.5399315e-01
   8.5350318e-01
   8.5154336e-01
   8.4762371e-01
   8.4125429e-01
   8.3439491e-01
   8.2606566e-01
   8.1871632e-01
   8.1087702e-01
   8.0401764e-01
   7.9715826e-01
   7.9029887e-01
   7.8392945e-01
   7.7902988e-01
   7.7560020e-01
   7.7609015e-01
   7.8000980e-01
   7.8735913e-01
   7.9715826e-01
   8.0842724e-01
   8.1969623e-01
   8.3096521e-01
   8.4076433e-01
   8.5007349e-01
   8.5987261e-01
   8.6820186e-01
   8.7653112e-01
   8.8290055e-01
   8.8584027e-01
   8.8584028e-01
   8.8192063e-01
   8.7408133e-01
   8.6330231e-01
   8.5154336e-01
   8.3831455e-01
   8.2459578e-01
   8.1185694e-01
   8.0058795e-01
   7.9127880e-01
   7.8539931e-01
   7.8392945e-01
   7.8686918e-01
   7.9421852e-01
   8.0499755e-01
   8.1724644e-01
   8.2949534e-01
   8.4076433e-01
   8.5007349e-01
   8.5644292e-01
   8.6134249e-01
   8.6428222e-01
   8.6624204e-01
   8.6575208e-01
   8.6428222e-01
   8.5987261e-01
   8.5497305e-01
   8.4958354e-01
   8.4468399e-01
   8.4174425e-01
   8.4125429e-01
   8.4370408e-01
   8.4713376e-01
   8.5154336e-01
   8.5497306e-01
   8.5693288e-01
   8.5742283e-01
   8.5693288e-01
   8.5546300e-01
   8.5399315e-01
   8.5301324e-01
   8.5252327e-01
   8.5203332e-01
   8.5252327e-01
   8.5252327e-01
   8.5301324e-01
   8.5301323e-01
   8.5154336e-01
   8.4860363e-01
   8.4321411e-01
   8.3390495e-01
   8.2214601e-01
   8.0891719e-01
   7.9617835e-01
   7.8686919e-01
   7.8196963e-01
   7.8343949e-01
   7.8882901e-01
   7.9911808e-01
   8.0940715e-01
   8.1969623e-01
   8.2606566e-01
   8.2900539e-01
   8.2704557e-01
   8.2165606e-01
   8.1332680e-01
   8.0254776e-01
   7.9274866e-01
   7.8588928e-01
   7.8245958e-01
   7.8637923e-01
   7.9715826e-01
   8.1528662e-01
   8.3929447e-01
   8.6771191e-01
   8.9514944e-01
   9.2160706e-01
   9.4316512e-01
   9.5933366e-01
   9.7060266e-01
   9.7746203e-01
   9.8138168e-01
   9.8383146e-01
   9.8334150e-01
   9.8138168e-01
   9.7697207e-01
   9.6962273e-01
   9.6080353e-01
   9.5002449e-01
   9.3826556e-01
   9.2699658e-01
   9.1572759e-01
   9.0494855e-01
   8.9367957e-01
   8.8388046e-01
   8.7408134e-01
   8.6526213e-01
   8.5791279e-01
   8.5154336e-01
   8.4664381e-01
   8.4223420e-01
   8.3880451e-01
   8.3439491e-01
   8.2998530e-01
   8.2704557e-01
   8.2410583e-01
   8.2410584e-01
   8.2606566e-01
   8.2998530e-01
   8.3439491e-01
   8.3929447e-01
   8.4321411e-01
   8.4664381e-01
   8.4860363e-01
   8.5056345e-01
   8.5154337e-01
   8.5301324e-01
   8.5301324e-01
   8.5154336e-01
   8.4909358e-01
   8.4419403e-01
   8.3831455e-01
   8.3292504e-01
   8.2802548e-01
   8.2361587e-01
   8.2067614e-01
   8.1773641e-01
   8.1332680e-01
   8.0744734e-01
   7.9911809e-01
   7.8882901e-01
   7.7756002e-01
   7.6678099e-01
   7.5698187e-01
   7.4963254e-01
   7.4375307e-01
   7.4081332e-01
   7.3983342e-01
   7.4081333e-01
   7.4424302e-01
   7.4865262e-01
   7.5453209e-01
   7.5943165e-01
   7.6335130e-01
   7.6433121e-01
   7.6286134e-01
   7.5943165e-01
   7.5502206e-01
   7.5110240e-01
   7.4963254e-01
   7.5061245e-01
   7.5453209e-01
   7.5992161e-01
   7.6678099e-01
   7.7266047e-01
   7.7756002e-01
   7.8098971e-01
   7.8245958e-01
   7.8245958e-01
   7.8098971e-01
   7.7756003e-01
   7.7266045e-01
   7.6678098e-01
   7.5992161e-01
   7.5404214e-01
   7.4963254e-01
   7.4767271e-01
   7.4767271e-01
   7.4963254e-01
   7.5110239e-01
   7.5208231e-01
   7.5110240e-01
   7.4865262e-01
   7.4326311e-01
   7.3787359e-01
   7.3150416e-01
   7.2513474e-01
   7.1876531e-01
   7.1288585e-01
   7.0700637e-01
   7.0210682e-01
   6.9867712e-01
   6.9720725e-01
   6.9818717e-01
   7.0210681e-01
   7.0749633e-01
   7.1337580e-01
   7.1778540e-01
   7.2072514e-01
   7.1974522e-01
   7.1533562e-01
   7.0798628e-01
   6.9916707e-01
   6.8740813e-01
   6.7515924e-01
   6.6193042e-01
   6.4919157e-01
   6.3792259e-01
   6.3008329e-01
   6.2665360e-01
   6.2812347e-01
   6.3400294e-01
   6.4331211e-01
   6.5458109e-01
   6.6536012e-01
   6.7417932e-01
   6.7956884e-01
   6.8152867e-01
   6.8152866e-01
   6.7907888e-01
   6.7613914e-01
   6.7270947e-01
   6.7074963e-01
   6.6976972e-01
   6.7123959e-01
   6.7564920e-01
   6.8348849e-01
   6.9475747e-01
   7.0896619e-01
   7.2415483e-01
   7.3983341e-01
   7.5257227e-01
   7.6286135e-01
   7.6923077e-01
   7.7315042e-01
   7.7462028e-01
   7.7560020e-01
   7.7658011e-01
   7.7756002e-01
   7.7853993e-01
   7.7902989e-01
   7.7804997e-01
   7.7658012e-01
   7.7511024e-01
   7.7266045e-01
   7.7168056e-01
   7.7168056e-01
   7.7266047e-01
   7.7511024e-01
   7.7756002e-01
   7.8196963e-01
   7.8784910e-01
   7.9421853e-01
   8.0303773e-01
   8.1185694e-01
   8.2018618e-01
   8.2606566e-01
   8.2900539e-01
   8.2802548e-01
   8.2410584e-01
   8.1675650e-01
   8.0842724e-01
   7.9911809e-01
   7.8980892e-01
   7.8147967e-01
   7.7315042e-01
   7.6482116e-01
   7.5796179e-01
   7.5110239e-01
   7.4669280e-01
   7.4375307e-01
   7.4277316e-01
   7.4326311e-01
   7.4424302e-01
   7.4424302e-01
   7.4375307e-01
   7.4179323e-01
   7.3983342e-01
   7.3885350e-01
   7.3885351e-01
   7.3983341e-01
   7.4130328e-01
   7.4277314e-01
   7.4326311e-01
   7.4179323e-01
   7.3787359e-01
   7.3297403e-01
   7.2562470e-01
   7.1680549e-01
   7.0700636e-01
   6.9622735e-01
   6.8544831e-01
   6.7515924e-01
   6.6585007e-01
   6.6095052e-01
   6.5899069e-01
   6.6095052e-01
   6.6634004e-01
   6.7368937e-01
   6.8005880e-01
   6.8397845e-01
   6.8299854e-01
   6.7809897e-01
   6.6927977e-01
   6.5801078e-01
   6.4527192e-01
   6.3302303e-01
   6.2273396e-01
   6.1391474e-01
   6.0901519e-01
   6.0705537e-01
   6.0803527e-01
   6.1195492e-01
   6.1734443e-01
   6.2273396e-01
   6.2665360e-01
   6.2714356e-01
   6.2371387e-01
   6.1685449e-01
   6.0705537e-01
   5.9725626e-01
   5.8843704e-01
   5.8255757e-01
   5.7961783e-01
   5.7912788e-01
   5.8059775e-01
   5.8108770e-01
   5.8108770e-01
   5.7912788e-01
   5.7569819e-01
   5.7128859e-01
   5.6540912e-01
   5.5903969e-01
   5.5267026e-01
   5.4532093e-01
   5.3944145e-01
   5.3405194e-01
   5.3062224e-01
   5.2866242e-01
   5.2866242e-01
   5.3013230e-01
   5.3160215e-01
   5.3307202e-01
   5.3356197e-01
   5.3307202e-01
   5.3258206e-01
   5.3160215e-01
   5.3209212e-01
   5.3160215e-01
   5.3111220e-01
   5.2915238e-01
   5.2474277e-01
   5.1788339e-01
   5.0906418e-01
   5.0024498e-01
   4.9240568e-01
   4.8652621e-01
   4.8358648e-01
   4.8309652e-01
   4.8456639e-01
   4.8701617e-01
   4.8995591e-01
   4.9338559e-01
   4.9681529e-01
   5.0171484e-01
   5.0612445e-01
   5.1151397e-01
   5.1543361e-01
   5.1886331e-01
   5.2082313e-01
   5.2082313e-01
   5.1984322e-01
   5.1837334e-01
   5.1641353e-01
   5.1543361e-01
   5.1494366e-01
   5.1445370e-01
   5.1445370e-01
   5.1494366e-01
   5.1690349e-01
   5.2082313e-01
   5.2670260e-01
   5.3454190e-01
   5.4385105e-01
   5.5267026e-01
   5.6050955e-01
   5.6638903e-01
   5.7030868e-01
   5.7226850e-01
   5.7275845e-01
   5.7079863e-01
   5.6834885e-01
   5.6393925e-01
   5.5609996e-01
   5.4581088e-01
   5.3356197e-01
   5.1984322e-01
   5.0612445e-01
   4.9436550e-01
   4.8505634e-01
   4.7917687e-01
   4.7672710e-01
   4.7672710e-01
   4.7770701e-01
   4.8064674e-01
   4.8407643e-01
   4.8848604e-01
   4.9338559e-01
   4.9926507e-01
   5.0514454e-01
   5.1004409e-01
   5.1396374e-01
   5.1739344e-01
   5.2033316e-01
   5.2327290e-01
   5.2768251e-01
   5.3356198e-01
   5.3993140e-01
   5.4581088e-01
   5.5120039e-01
   5.5463008e-01
   5.5512004e-01
   5.5463008e-01
   5.5218030e-01
   5.4875061e-01
   5.4532092e-01
   5.4140128e-01
   5.3748163e-01
   5.3160216e-01
   5.2670260e-01
   5.2131308e-01
   5.1690348e-01
   5.1445370e-01
   5.1396374e-01
   5.1543361e-01
   5.1788340e-01
   5.2033317e-01
   5.2229299e-01
   5.2327290e-01
   5.2278295e-01
   5.2131308e-01
   5.1984322e-01
   5.1788339e-01
   5.1592357e-01
   5.1347379e-01
   5.1053405e-01
   5.0808427e-01
   5.0661441e-01
   5.0710436e-01
   5.1004410e-01
   5.1543362e-01
   5.2229299e-01
   5.3013229e-01
   5.3601176e-01
   5.3993140e-01
   5.4091131e-01
   5.3846154e-01
   5.3405193e-01
   5.2817247e-01
   5.2278296e-01
   5.1592357e-01
   5.1004409e-01
   5.0367467e-01
   4.9632534e-01
   4.8897600e-01
   4.8211661e-01
   4.7476728e-01
   4.6888780e-01
   4.6349828e-01
   4.5859873e-01
   4.5467908e-01
   4.5075944e-01
   4.4879961e-01
   4.4683979e-01
   4.4781970e-01
   4.5075943e-01
   4.5516903e-01
   4.6006860e-01
   4.6349829e-01
   4.6496816e-01
   4.6349828e-01
   4.5908868e-01
   4.5271926e-01
   4.4683979e-01
   4.4194022e-01
   4.3900049e-01
   4.3949045e-01
   4.4292014e-01
   4.4977952e-01
   4.5957864e-01
   4.7133758e-01
   4.8603627e-01
   5.0220481e-01
   5.1837335e-01
   5.3405193e-01
   5.4532092e-01
   5.5218030e-01
   5.5365018e-01
   5.4924057e-01
   5.3993141e-01
   5.2866242e-01
   5.1641352e-01
   5.0514454e-01
   4.9583537e-01
   4.8897600e-01
   4.8505634e-01
   4.8456639e-01
   4.8750612e-01
   4.9338559e-01
   5.0269475e-01
   5.1543361e-01
   5.2964233e-01
   5.4385105e-01
   5.5707987e-01
   5.6736894e-01
   5.7471828e-01
   5.7814796e-01
   5.7863793e-01
   5.7569819e-01
   5.7030867e-01
   5.6197943e-01
   5.5169036e-01
   5.3895149e-01
   5.2523274e-01
   5.1249388e-01
   5.0073493e-01
   4.9191573e-01
   4.8701617e-01
   4.8505634e-01
   4.8505634e-01
   4.8652622e-01
   4.8750613e-01
   4.8799608e-01
   4.8701617e-01
   4.8603626e-01
   4.8358648e-01
   4.8162666e-01
   4.7917688e-01
   4.7525723e-01
   4.7133758e-01
   4.6594806e-01
   4.6055855e-01
   4.5516903e-01
   4.5026947e-01
   4.4732975e-01
   4.4439001e-01
   4.4243019e-01
   4.3998040e-01
   4.3655072e-01
   4.3214111e-01
   4.2822146e-01
   4.2528172e-01
   4.2430181e-01
   4.2626164e-01
   4.3067124e-01
   4.3753063e-01
   4.4487995e-01
   4.5173935e-01
   4.5859872e-01
   4.6496815e-01
   4.6888780e-01
   4.7182754e-01
   4.7280745e-01
   4.7182753e-01
   4.6888780e-01
   4.6398824e-01
   4.5859872e-01
   4.5271926e-01
   4.4830965e-01
   4.4585988e-01
   4.4536991e-01
   4.4585988e-01
   4.4732974e-01
   4.4732974e-01
   4.4536992e-01
   4.4194023e-01
   4.3606076e-01
   4.3116120e-01
   4.2626165e-01
   4.2234199e-01
   4.1989222e-01
   4.1940226e-01
   4.1842235e-01
   4.1793239e-01
   4.1695248e-01
   4.1695248e-01
   4.1744243e-01
   4.1842234e-01
   4.1940225e-01
   4.2038217e-01
   4.2038217e-01
   4.1891231e-01
   4.1646252e-01
   4.1303283e-01
   4.0911318e-01
   4.0519354e-01
   4.0176384e-01
   3.9686428e-01
   3.9098481e-01
   3.8461538e-01
   3.7824596e-01
   3.7236649e-01
   3.6893680e-01
   3.6844684e-01
   3.7138658e-01
   3.7775601e-01
   3.8559530e-01
   3.9392455e-01
   4.0176384e-01
   4.0764331e-01
   4.1205291e-01
   4.1548261e-01
   4.1793239e-01
   4.1989222e-01
   4.2234199e-01
   4.2381186e-01
   4.2577168e-01
   4.2675159e-01
   4.2822147e-01
   4.3018129e-01
   4.3361098e-01
   4.3802058e-01
   4.4439001e-01
   4.5173935e-01
   4.5859872e-01
   4.6545812e-01
   4.7182753e-01
   4.7917687e-01
   4.8652622e-01
   4.9485547e-01
   5.0318471e-01
   5.1249388e-01
   5.2131308e-01
   5.2866242e-01
   5.3405194e-01
   5.3797158e-01
   5.4189123e-01
   5.4532092e-01
   5.4924056e-01
   5.5414014e-01
   5.5903969e-01
   5.6344929e-01
   5.6540912e-01
   5.6540912e-01
   5.6295934e-01
   5.5707987e-01
   5.4826065e-01
   5.3699167e-01
   5.2278295e-01
   5.0612445e-01
   4.8701617e-01
   4.6790789e-01
   4.4928957e-01
   4.3361097e-01
   4.2234199e-01
   4.1695248e-01
   4.1793239e-01
   4.2283195e-01
   4.3116120e-01
   4.4047036e-01
   4.5075944e-01
   4.5810877e-01
   4.6447819e-01
   4.6692797e-01
   4.6692798e-01
   4.6300833e-01
   4.5565899e-01
   4.4439001e-01
   4.3018129e-01
   4.1401274e-01
   3.9833415e-01
   3.8461538e-01
   3.7481626e-01
   3.6893680e-01
   3.6795688e-01
   3.7040667e-01
   3.7481626e-01
   3.8069574e-01
   3.8706517e-01
   3.9245468e-01
   3.9637433e-01
   3.9931407e-01
   3.9980402e-01
   3.9735424e-01
   3.9147476e-01
   3.8314552e-01
   3.7285645e-01
   3.6256737e-01
   3.5325820e-01
   3.4590886e-01
   3.4198922e-01
   3.4051935e-01
   3.4198921e-01
   3.4443901e-01
   3.4884861e-01
   3.5472808e-01
   3.6158745e-01
   3.6893680e-01
   3.7824596e-01
   3.8657521e-01
   3.9441450e-01
   4.0078392e-01
   4.0568350e-01
   4.0911318e-01
   4.1303282e-01
   4.1744243e-01
   4.2381186e-01
   4.3263106e-01
   4.4341009e-01
   4.5516905e-01
   4.6545812e-01
   4.7329741e-01
   4.7868692e-01
   4.8113669e-01
   4.8162665e-01
   4.7868692e-01
   4.7329740e-01
   4.6545810e-01
   4.5663890e-01
   4.4634983e-01
   4.3557079e-01
   4.2724156e-01
   4.2087212e-01
   4.1891230e-01
   4.2038216e-01
   4.2430181e-01
   4.3018129e-01
   4.3606075e-01
   4.4047036e-01
   4.4194022e-01
   4.4096031e-01
   4.3704067e-01
   4.3165115e-01
   4.2430181e-01
   4.1646252e-01
   4.0862323e-01
   4.0176384e-01
   3.9637433e-01
   3.9441449e-01
   3.9735424e-01
   4.0323371e-01
   4.1303282e-01
   4.2430181e-01
   4.3606076e-01
   4.4487996e-01
   4.4928956e-01
   4.4977953e-01
   4.4536992e-01
   4.3802057e-01
   4.2920138e-01
   4.1891230e-01
   4.0911318e-01
   3.9980401e-01
   3.9147476e-01
   3.8510534e-01
   3.7922587e-01
   3.7530623e-01
   3.7236649e-01
   3.6991671e-01
   3.6746694e-01
   3.6452719e-01
   3.6011759e-01
   3.5423812e-01
   3.4835865e-01
   3.4296913e-01
   3.3855953e-01
   3.3659970e-01
   3.3610975e-01
   3.3708967e-01
   3.3757962e-01
   3.3757962e-01
   3.3610976e-01
   3.3414993e-01
   3.3219011e-01
   3.3170015e-01
   3.3268006e-01
   3.3512984e-01
   3.4002940e-01
   3.4590886e-01
   3.5178834e-01
   3.5864772e-01
   3.6648701e-01
   3.7432632e-01
   3.8510534e-01
   3.9588437e-01
   4.0911318e-01
   4.2185204e-01
   4.3361097e-01
   4.4390005e-01
   4.5369916e-01
   4.6153846e-01
   4.6839785e-01
   4.7427732e-01
   4.7917687e-01
   4.8358648e-01
   4.8799609e-01
   4.9093581e-01
   4.9436550e-01
   4.9779520e-01
   5.0220480e-01
   5.0710436e-01
   5.1102401e-01
   5.1347379e-01
   5.1298383e-01
   5.0857423e-01
   5.0024498e-01
   4.8897600e-01
   4.7525722e-01
   4.6251837e-01
   4.5075944e-01
   4.4145027e-01
   4.3508085e-01
   4.3067124e-01
   4.2920138e-01
   4.2969133e-01
   4.3165115e-01
   4.3557081e-01
   4.3998040e-01
   4.4585988e-01
   4.5075943e-01
   4.5369917e-01
   4.5369917e-01
   4.5026947e-01
   4.4341010e-01
   4.3410093e-01
   4.2381186e-01
   4.1352278e-01
   4.0470357e-01
   3.9686429e-01
   3.9147477e-01
   3.8804508e-01
   3.8706517e-01
   3.8804508e-01
   3.9098481e-01
   3.9735425e-01
   4.0470358e-01
   4.1254287e-01
   4.1989221e-01
   4.2577169e-01
   4.2822146e-01
   4.2920138e-01
   4.2822146e-01
   4.2675159e-01
   4.2528172e-01
   4.2381186e-01
   4.2234198e-01
   4.2087213e-01
   4.1940225e-01
   4.1744243e-01
   4.1646252e-01
   4.1597257e-01
   4.1744243e-01
   4.2087212e-01
   4.2577168e-01
   4.3116120e-01
   4.3508084e-01
   4.3753063e-01
   4.3802058e-01
   4.3557081e-01
   4.3116120e-01
   4.2528172e-01
   4.1842234e-01
   4.1107300e-01
   4.0421363e-01
   3.9833415e-01
   3.9392455e-01
   3.9245468e-01
   3.9343459e-01
   3.9931407e-01
   4.0813326e-01
   4.1940226e-01
   4.3116120e-01
   4.4243019e-01
   4.5173934e-01
   4.5859873e-01
   4.6300833e-01
   4.6643803e-01
   4.6839785e-01
   4.6986771e-01
   4.7084763e-01
   4.6937776e-01
   4.6643803e-01
   4.6153846e-01
   4.5565899e-01
   4.4879962e-01
   4.4243019e-01
   4.3753063e-01
   4.3508084e-01
   4.3459088e-01
   4.3606075e-01
   4.3851054e-01
   4.4292013e-01
   4.4879961e-01
   4.5516903e-01
   4.6202842e-01
   4.6888780e-01
   4.7427732e-01
   4.7721705e-01
   4.7672710e-01
   4.7378736e-01
   4.6741794e-01
   4.6055855e-01
   4.5369917e-01
   4.4830966e-01
   4.4487996e-01
   4.4439000e-01
   4.4585986e-01
   4.4977952e-01
   4.5565899e-01
   4.6447819e-01
   4.7574719e-01
   4.8995591e-01
   5.0612445e-01
   5.2180304e-01
   5.3650172e-01
   5.4728075e-01
   5.5267026e-01
   5.5218030e-01
   5.4532093e-01
   5.3258206e-01
   5.1641352e-01
   4.9779520e-01
   4.7868692e-01
   4.6006860e-01
   4.4390005e-01
   4.3165115e-01
   4.2381186e-01
   4.2136208e-01
   4.2479177e-01
   4.3116120e-01
   4.3949045e-01
   4.4683979e-01
   4.5173935e-01
   4.5271926e-01
   4.5026948e-01
   4.4439001e-01
   4.3753062e-01
   4.3018128e-01
   4.2332190e-01
   4.1842234e-01
   4.1401273e-01
   4.0960314e-01
   4.0519354e-01
   4.0127389e-01
   3.9735424e-01
   3.9392455e-01
   3.9098481e-01
   3.9000490e-01
   3.8902499e-01
   3.9000490e-01
   3.9196473e-01
   3.9539441e-01
   4.0127389e-01
   4.0960314e-01
   4.1940226e-01
   4.3116120e-01
   4.4243019e-01
   4.5173934e-01
   4.5810878e-01
   4.6251837e-01
   4.6545810e-01
   4.6741794e-01
   4.7133759e-01
   4.7770701e-01
   4.8701617e-01
   4.9877511e-01
   5.1151397e-01
   5.2474278e-01
   5.3699167e-01
   5.4728075e-01
   5.5512004e-01
   5.6050956e-01
   5.6295933e-01
   5.6148946e-01
   5.5707986e-01
   5.5022048e-01
   5.4042137e-01
   5.3062224e-01
   5.2229299e-01
   5.1690349e-01
   5.1445370e-01
   5.1592357e-01
   5.2033317e-01
   5.2670260e-01
   5.3454190e-01
   5.4189122e-01
   5.4924056e-01
   5.5756982e-01
   5.6638903e-01
   5.7569819e-01
   5.8598727e-01
   5.9578638e-01
   6.0411563e-01
   6.1048506e-01
   6.1489467e-01
   6.1685449e-01
   6.1734444e-01
   6.1587458e-01
   6.1440470e-01
   6.1146497e-01
   6.0803527e-01
   6.0362567e-01
   5.9970602e-01
   5.9676629e-01
   5.9676629e-01
   6.0068593e-01
   6.0950515e-01
   6.2224400e-01
   6.3890250e-01
   6.5752082e-01
   6.7613914e-01
   6.9181773e-01
   7.0357669e-01
   7.1043606e-01
   7.1141598e-01
   7.0553650e-01
   6.9377756e-01
   6.7711906e-01
   6.5801079e-01
   6.3792258e-01
   6.2077414e-01
   6.0705537e-01
   5.9921607e-01
   5.9774620e-01
   6.0068594e-01
   6.0901519e-01
   6.1930426e-01
   6.3057325e-01
   6.4086232e-01
   6.5115139e-01
   6.5948064e-01
   6.6634003e-01
   6.7074963e-01
   6.7270947e-01
   6.7270945e-01
   6.7074963e-01
   6.6731995e-01
   6.6389025e-01
   6.6242038e-01
   6.6340030e-01
   6.6682999e-01
   6.7221950e-01
   6.7907888e-01
   6.8544831e-01
   6.9132777e-01
   6.9426752e-01
   6.9426752e-01
   6.9083783e-01
   6.8397845e-01
   6.7319941e-01
   6.5850073e-01
   6.4135228e-01
   6.2126409e-01
   6.0264576e-01
   5.8549730e-01
   5.7373836e-01
   5.6785889e-01
   5.6883880e-01
   5.7569819e-01
   5.8647721e-01
   5.9872612e-01
   6.0950515e-01
   6.1783440e-01
   6.2224400e-01
   6.2322392e-01
   6.2077414e-01
   6.1636453e-01
   6.1146497e-01
   6.0656542e-01
   6.0313572e-01
   6.0117589e-01
   6.0166585e-01
   6.0460559e-01
   6.0901519e-01
   6.1440470e-01
   6.1881431e-01
   6.2126409e-01
   6.1979423e-01
   6.1538461e-01
   6.0705536e-01
   5.9725625e-01
   5.8745713e-01
   5.7863793e-01
   5.7177854e-01
   5.6638903e-01
   5.6295934e-01
   5.5903969e-01
   5.5512005e-01
   5.5169035e-01
   5.4924057e-01
   5.4826065e-01
   5.4924057e-01
   5.5218030e-01
   5.5756982e-01
   5.6442921e-01
   5.7128859e-01
   5.7765802e-01
   5.8353749e-01
   5.8843704e-01
   5.9235668e-01
   5.9529643e-01
   5.9627634e-01
   5.9627634e-01
   5.9480647e-01
   5.9284665e-01
   5.9137678e-01
   5.9137677e-01
   5.9333660e-01
   5.9774620e-01
   6.0362567e-01
   6.0999510e-01
   6.1587458e-01
   6.1930427e-01
   6.2028417e-01
   6.1783440e-01
   6.1440470e-01
   6.0999510e-01
   6.0558551e-01
   6.0117589e-01
   5.9676630e-01
   5.9235668e-01
   5.8647722e-01
   5.7961784e-01
   5.7177853e-01
   5.6197943e-01
   5.5071044e-01
   5.3797158e-01
   5.2278295e-01
   5.0710436e-01
   4.8897600e-01
   4.7182753e-01
   4.5565899e-01
   4.4341009e-01
   4.3557079e-01
   4.3214111e-01
   4.3312102e-01
   4.3704066e-01
   4.4243019e-01
   4.4879961e-01
   4.5418912e-01
   4.5859872e-01
   4.6251837e-01
   4.6643803e-01
   4.6937776e-01
   4.7133758e-01
   4.7182753e-01
   4.7035767e-01
   4.6741794e-01
   4.6398824e-01
   4.6055855e-01
   4.5859872e-01
   4.5859872e-01
   4.6104851e-01
   4.6496815e-01
   4.7035767e-01
   4.7623714e-01
   4.8162666e-01
   4.8652621e-01
   4.9093582e-01
   4.9387556e-01
   4.9436552e-01
   4.9289565e-01
   4.8897599e-01
   4.8211660e-01
   4.7329741e-01
   4.6398824e-01
   4.5516905e-01
   4.4830965e-01
   4.4487995e-01
   4.4439001e-01
   4.4585988e-01
   4.4830965e-01
   4.5124939e-01
   4.5369917e-01
   4.5565899e-01
   4.5761881e-01
   4.5908869e-01
   4.6055855e-01
   4.6251837e-01
   4.6496816e-01
   4.6594806e-01
   4.6741794e-01
   4.6888780e-01
   4.7035768e-01
   4.7329740e-01
   4.7672710e-01
   4.8015679e-01
   4.8260657e-01
   4.8456639e-01
   4.8358648e-01
   4.8113670e-01
   4.7721705e-01
   4.7280745e-01
   4.6888779e-01
   4.6594806e-01
   4.6349829e-01
   4.6251837e-01
   4.6104851e-01
   4.5957864e-01
   4.5908869e-01
   4.5908869e-01
   4.6104851e-01
   4.6496815e-01
   4.7133758e-01
   4.7917688e-01
   4.8701618e-01
   4.9436552e-01
   5.0073493e-01
   5.0514454e-01
   5.0759432e-01
   5.0710436e-01
   5.0465459e-01
   4.9926507e-01
   4.9093582e-01
   4.8015678e-01
   4.6790789e-01
   4.5663891e-01
   4.4683979e-01
   4.4145027e-01
   4.4145027e-01
   4.4683979e-01
   4.5565899e-01
   4.6790788e-01
   4.8064675e-01
   4.9240569e-01
   5.0220480e-01
   5.0955415e-01
   5.1445370e-01
   5.1739343e-01
   5.1788340e-01
   5.1690348e-01
   5.1543361e-01
   5.1347379e-01
   5.1298383e-01
   5.1445370e-01
   5.1837335e-01
   5.2572269e-01
   5.3552181e-01
   5.4581089e-01
   5.5463008e-01
   5.6099951e-01
   5.6295933e-01
   5.6001961e-01
   5.5463009e-01
   5.4581089e-01
   5.3699167e-01
   5.2866242e-01
   5.2180304e-01
   5.1788340e-01
   5.1739343e-01
   5.2082312e-01
   5.2768251e-01
   5.3797158e-01
   5.5071044e-01
   5.6393925e-01
   5.7520823e-01
   5.8206761e-01
   5.8402745e-01
   5.7961783e-01
   5.6981872e-01
   5.5609996e-01
   5.4091132e-01
   5.2670260e-01
   5.1494367e-01
   5.0759432e-01
   5.0416463e-01
   5.0612445e-01
   5.1200392e-01
   5.2180304e-01
   5.3503185e-01
   5.4924057e-01
   5.6344929e-01
   5.7520823e-01
   5.8206761e-01
   5.8402743e-01
   5.8059775e-01
   5.7275845e-01
   5.6344929e-01
   5.5316021e-01
   5.4532092e-01
   5.3993141e-01
   5.3748163e-01
   5.3699167e-01
   5.3748164e-01
   5.3944146e-01
   5.4042137e-01
   5.4091131e-01
   5.4140128e-01
   5.4140127e-01
   5.4140127e-01
   5.3993140e-01
   5.3748163e-01
   5.3405194e-01
   5.3013229e-01
   5.2523272e-01
   5.2033317e-01
   5.1494366e-01
   5.0906418e-01
   5.0220480e-01
   4.9436550e-01
   4.8652621e-01
   4.7868692e-01
   4.7378736e-01
   4.7280744e-01
   4.7623714e-01
   4.8456639e-01
   4.9730524e-01
   5.1200392e-01
   5.2719256e-01
   5.4042136e-01
   5.5120039e-01
   5.5805978e-01
   5.6148946e-01
   5.6050956e-01
   5.5658991e-01
   5.4826066e-01
   5.3699167e-01
   5.2327290e-01
   5.0808427e-01
   4.9387555e-01
   4.8309651e-01
   4.7721705e-01
   4.7770701e-01
   4.8358648e-01
   4.9534541e-01
   5.1053406e-01
   5.2719256e-01
   5.4483097e-01
   5.6148946e-01
   5.7569819e-01
   5.8696717e-01
   5.9529643e-01
   5.9872611e-01
   5.9921607e-01
   5.9529643e-01
   5.8990691e-01
   5.8451739e-01
   5.8059775e-01
   5.8010779e-01
   5.8255757e-01
   5.8892700e-01
   5.9823616e-01
   6.0852524e-01
   6.1832435e-01
   6.2714356e-01
   6.3498285e-01
   6.4184223e-01
   6.4674180e-01
   6.5115139e-01
   6.5458109e-01
   6.5654092e-01
   6.5654091e-01
   6.5556100e-01
   6.5507105e-01
   6.5409114e-01
   6.5507105e-01
   6.5703087e-01
   6.6095052e-01
   6.6536012e-01
   6.7025968e-01
   6.7515923e-01
   6.7858893e-01
   6.8201861e-01
   6.8446840e-01
   6.8642822e-01
   6.8740813e-01
   6.8691818e-01
   6.8299852e-01
   6.7613914e-01
   6.6682999e-01
   6.5605096e-01
   6.4576189e-01
   6.3694268e-01
   6.3204312e-01
   6.3106321e-01
   6.3302303e-01
   6.3743264e-01
   6.4331210e-01
   6.4919157e-01
   6.5507105e-01
   6.6046056e-01
   6.6585008e-01
   6.7074963e-01
   6.7515923e-01
   6.7907889e-01
   6.8250857e-01
   6.8544831e-01
   6.8789810e-01
   6.9083783e-01
   6.9377756e-01
   6.9622734e-01
   6.9818717e-01
   6.9769721e-01
   6.9475748e-01
   6.8936796e-01
   6.8152866e-01
   6.7172954e-01
   6.6242037e-01
   6.5360117e-01
   6.4674180e-01
   6.4184223e-01
   6.3743264e-01
   6.3351299e-01
   6.2861343e-01
   6.2420381e-01
   6.1881431e-01
   6.1391476e-01
   6.0999510e-01
   6.0705537e-01
   6.0656541e-01
   6.0656541e-01
   6.0803528e-01
   6.0950515e-01
   6.1195492e-01
   6.1538461e-01
   6.1930426e-01
   6.2371387e-01
   6.2665360e-01
   6.2812347e-01
   6.2812348e-01
   6.2518374e-01
   6.2028417e-01
   6.1538461e-01
   6.1244488e-01
   6.1146497e-01
   6.1293483e-01
