   2.7845037e-01
   3.3510897e-01
   4.0774818e-01
   4.8280871e-01
   5.4479418e-01
   5.8111380e-01
   5.8740921e-01
   5.6464891e-01
   5.2058111e-01
   4.6682809e-01
   4.1694915e-01
   3.8256659e-01
   3.7094431e-01
   3.8450363e-01
   4.2082325e-01
   4.7360775e-01
   5.3317191e-01
   5.8934625e-01
   6.3341404e-01
   6.5762712e-01
   6.5811138e-01
   6.3244552e-01
   5.8498789e-01
   5.2106538e-01
   4.5036320e-01
   3.8256659e-01
   3.2978209e-01
   3.0072639e-01
   3.0411622e-01
   3.4092010e-01
   4.1065375e-01
   5.0556900e-01
   6.1501211e-01
   7.2542373e-01
   8.2276029e-01
   8.9297821e-01
   9.2687652e-01
   9.1767555e-01
   8.6682809e-01
   7.7966101e-01
   6.6876513e-01
   5.4818402e-01
   4.3583535e-01
   3.4818402e-01
   2.9685230e-01
   2.9055690e-01
   3.2978209e-01
   4.0871671e-01
   5.1573850e-01
   6.3438257e-01
   7.4673124e-01
   8.3631962e-01
   8.8958838e-01
   8.9830508e-01
   8.6295400e-01
   7.8934625e-01
   6.9200969e-01
   5.8837772e-01
   4.9588378e-01
   4.3196126e-01
   4.0774818e-01
   4.2469733e-01
   4.7796610e-01
   5.5593220e-01
   6.4164649e-01
   7.1670702e-01
   7.6610170e-01
   7.8014528e-01
   7.5496368e-01
   6.9588378e-01
   6.1259079e-01
   5.1864408e-01
   4.2711865e-01
   3.5302663e-01
   3.0363196e-01
   2.8474576e-01
   2.9685230e-01
   3.3510897e-01
   3.9128329e-01
   4.5665859e-01
   5.2009685e-01
   5.7239710e-01
   6.0677966e-01
   6.1791768e-01
   6.0677966e-01
   5.7627119e-01
   5.3220338e-01
   4.8135593e-01
   4.3196127e-01
   3.9079903e-01
   3.6271186e-01
   3.5012107e-01
   3.5302663e-01
   3.7046005e-01
   3.9757869e-01
   4.2905569e-01
   4.5907990e-01
   4.8329298e-01
   4.9685230e-01
   4.9782082e-01
   4.8668281e-01
   4.6585957e-01
   4.4067797e-01
   4.1501211e-01
   3.9564165e-01
   3.8692494e-01
   3.9176755e-01
   4.1162227e-01
   4.4455206e-01
   4.8571428e-01
   5.3075060e-01
   5.7288135e-01
   6.0629540e-01
   6.2469733e-01
   6.2469734e-01
   6.0532688e-01
   5.6803873e-01
   5.1767555e-01
   4.6198548e-01
   4.0774818e-01
   3.6513317e-01
   3.4140436e-01
   3.4140436e-01
   3.6755448e-01
   4.1840193e-01
   4.8765133e-01
   5.6852301e-01
   6.5181599e-01
   7.2590799e-01
   7.8159807e-01
   8.1065376e-01
   8.0823245e-01
   7.7239710e-01
   7.0605328e-01
   6.1646489e-01
   5.1428571e-01
   4.1355932e-01
   3.2784503e-01
   2.7167070e-01
   2.5278450e-01
   2.7602905e-01
   3.3995157e-01
   4.3631960e-01
   5.5108959e-01
   6.6828088e-01
   7.6949153e-01
   8.3874093e-01
   8.6440678e-01
   8.4067797e-01
   7.6900727e-01
   6.5762712e-01
   5.2154964e-01
   3.7772397e-01
   2.4455206e-01
   1.3704600e-01
   6.5859555e-02
   3.4382570e-02
   4.0193700e-02
   7.5060531e-02
   1.2687651e-01
   1.8305085e-01
   2.3147699e-01
   2.6392252e-01
   2.7506053e-01
   2.6585957e-01
   2.3728814e-01
   1.9467312e-01
   1.4576272e-01
   9.6852289e-02
   5.3753024e-02
   2.1791768e-02
   3.3898257e-03
   0.0000000e+00
   1.0653748e-02
   3.1961256e-02
   6.0532686e-02
   9.0556898e-02
   1.1815981e-01
   1.3898304e-01
   1.5012106e-01
   1.5060532e-01
   1.4140436e-01
   1.2542372e-01
   1.0653754e-01
   9.0556898e-02
   8.2808715e-02
   8.7651333e-02
   1.0944309e-01
   1.4866828e-01
   2.0242130e-01
   2.6489103e-01
   3.2881356e-01
   3.8450363e-01
   4.2518159e-01
   4.4455206e-01
   4.3970944e-01
   4.1307505e-01
   3.7094431e-01
   3.2009685e-01
   2.7167070e-01
   2.3438257e-01
   2.1598063e-01
   2.2130751e-01
   2.5036320e-01
   3.0072639e-01
   3.6561743e-01
   4.3583534e-01
   5.0121066e-01
   5.5302663e-01
   5.8208233e-01
   5.8547215e-01
   5.6222760e-01
   5.1767555e-01
   4.5956416e-01
   3.9854722e-01
   3.4769975e-01
   3.1573850e-01
   3.0944309e-01
   3.3123487e-01
   3.7966101e-01
   4.4745762e-01
   5.2493947e-01
   6.0096852e-01
   6.6295400e-01
   7.0314770e-01
   7.1476998e-01
   6.9491526e-01
   6.4745763e-01
   5.7917675e-01
   5.0072640e-01
   4.2518160e-01
   3.6513317e-01
   3.3171912e-01
   3.3220339e-01
   3.6949153e-01
   4.4019370e-01
   5.3510896e-01
   6.4309928e-01
   7.4963680e-01
   8.3970945e-01
   9.0121066e-01
   9.2397095e-01
   9.0556902e-01
   8.4745763e-01
   7.5786925e-01
   6.4891042e-01
   5.3656175e-01
   4.3631961e-01
   3.6368039e-01
   3.2881356e-01
   3.3607748e-01
   3.8450362e-01
   4.6634383e-01
   5.6900727e-01
   6.7699757e-01
   7.7530267e-01
   8.4794188e-01
   8.8619855e-01
   8.8474576e-01
   8.4503632e-01
   7.7481841e-01
   6.8523002e-01
   5.9176756e-01
   5.0895884e-01
   4.4939468e-01
   4.2130751e-01
   4.2663439e-01
   4.6150121e-01
   5.1670702e-01
   5.7917675e-01
   6.3680387e-01
   6.7845036e-01
   6.9636804e-01
   6.8765133e-01
   6.5520582e-01
   6.0435836e-01
   5.4382566e-01
   4.8377725e-01
   4.3244552e-01
   3.9661016e-01
   3.8208233e-01
   3.8983050e-01
   4.1840194e-01
   4.6392252e-01
   5.1912833e-01
   5.7578693e-01
   6.2566587e-01
   6.6150122e-01
   6.7845037e-01
   6.7409201e-01
   6.5036320e-01
   6.1065375e-01
   5.6271186e-01
   5.1283293e-01
   4.6828088e-01
   4.3535109e-01
   4.1791767e-01
   4.1646490e-01
   4.3099273e-01
   4.5714286e-01
   4.9104116e-01
   5.2639225e-01
   5.5738499e-01
   5.8111381e-01
   5.9370460e-01
   5.9370460e-01
   5.8256659e-01
   5.6368039e-01
   5.4043584e-01
   5.1767555e-01
   5.0121066e-01
   4.9346247e-01
   4.9733656e-01
   5.1428571e-01
   5.4237289e-01
   5.7869249e-01
   6.1840193e-01
   6.5569008e-01
   6.8280873e-01
   6.9588378e-01
   6.8861986e-01
   6.6150122e-01
   6.1598063e-01
   5.5690072e-01
   4.9443100e-01
   4.3631960e-01
   3.9370460e-01
   3.7288135e-01
   3.7869249e-01
   4.1016949e-01
   4.6246974e-01
   5.2881356e-01
   5.9854722e-01
   6.6101695e-01
   7.0605327e-01
   7.2784504e-01
   7.2251816e-01
   6.8958838e-01
   6.3486683e-01
   5.6658596e-01
   4.9491526e-01
   4.3147699e-01
   3.8789347e-01
   3.7191283e-01
   3.8837772e-01
   4.3777240e-01
   5.1622276e-01
   6.1404358e-01
   7.2009685e-01
   8.2179177e-01
   9.0508474e-01
   9.5835352e-01
   9.7433415e-01
   9.4915255e-01
   8.8523003e-01
   7.8934624e-01
   6.7360775e-01
   5.5254237e-01
   4.4309928e-01
   3.6077482e-01
   3.1573849e-01
   3.1525423e-01
   3.5980630e-01
   4.4261501e-01
   5.5060533e-01
   6.6876514e-01
   7.7772397e-01
   8.6295399e-01
   9.1041162e-01
   9.1380145e-01
   8.7360775e-01
   7.9757869e-01
   6.9878934e-01
   5.9612591e-01
   5.0750606e-01
   4.4842614e-01
   4.2857143e-01
   4.4987894e-01
   5.0702179e-01
   5.8595642e-01
   6.7070218e-01
   7.4285714e-01
   7.8934625e-01
   8.0096853e-01
   7.7578693e-01
   7.1912833e-01
   6.4067797e-01
   5.5447942e-01
   4.7312349e-01
   4.0871671e-01
   3.6755448e-01
   3.5351089e-01
   3.6368039e-01
   3.9370460e-01
   4.3680387e-01
   4.8474576e-01
   5.2929783e-01
   5.6513318e-01
   5.8886199e-01
   5.9854722e-01
   5.9709444e-01
   5.8644068e-01
   5.7094431e-01
   5.5496368e-01
   5.4140437e-01
   5.3268765e-01
   5.3075061e-01
   5.3462471e-01
   5.4479419e-01
   5.5786926e-01
   5.7288135e-01
   5.8547215e-01
   5.9322034e-01
   5.9467312e-01
   5.8595642e-01
   5.6707022e-01
   5.3995157e-01
   5.0750605e-01
   4.7263923e-01
   4.4309928e-01
   4.2276029e-01
   4.1646490e-01
   4.2711864e-01
   4.5326876e-01
   4.9346247e-01
   5.4382567e-01
   5.9661016e-01
   6.4600484e-01
   6.8426151e-01
   7.0605327e-01
   7.0653754e-01
   6.8523002e-01
   6.4213075e-01
   5.8353511e-01
   5.1622276e-01
   4.5084746e-01
   3.9806296e-01
   3.6707022e-01
   3.6513317e-01
   3.9612591e-01
   4.5859564e-01
   5.4673124e-01
   6.4939468e-01
   7.5447942e-01
   8.4794189e-01
   9.1525424e-01
   9.4721550e-01
   9.3704601e-01
   8.8523002e-01
   7.9806296e-01
   6.8571428e-01
   5.6464891e-01
   4.5181598e-01
   3.6368039e-01
   3.1331719e-01
   3.0799031e-01
   3.4963680e-01
   4.3196126e-01
   5.4334141e-01
   6.6828087e-01
   7.8886199e-01
   8.8716707e-01
   9.5108959e-01
   9.7094431e-01
   9.4624698e-01
   8.8135593e-01
   7.8789347e-01
   6.8087167e-01
   5.7675545e-01
   4.9055691e-01
   4.3535108e-01
   4.1452785e-01
   4.2953995e-01
   4.7167071e-01
   5.3075060e-01
   5.9225182e-01
   6.4358354e-01
   6.7457627e-01
   6.7990315e-01
   6.5859564e-01
   6.1452786e-01
   5.5399516e-01
   4.8813559e-01
   4.2663438e-01
   3.7917675e-01
   3.5399516e-01
   3.5544794e-01
   3.8353511e-01
   4.3438257e-01
   5.0072640e-01
   5.7142857e-01
   6.3535108e-01
   6.8135593e-01
   7.0314770e-01
   6.9588378e-01
   6.6150121e-01
   6.0581114e-01
   5.3801453e-01
   4.6779661e-01
   4.0677966e-01
   3.6271186e-01
   3.4043584e-01
   3.4188862e-01
   3.6464891e-01
   4.0193704e-01
   4.4794189e-01
   4.9346247e-01
   5.3123487e-01
   5.5593220e-01
   5.6416466e-01
   5.5641646e-01
   5.3510897e-01
   5.0508474e-01
   4.7409201e-01
   4.4697336e-01
   4.2953995e-01
   4.2421307e-01
   4.3147699e-01
   4.5181598e-01
   4.7941888e-01
   5.1186441e-01
   5.4285714e-01
   5.6755448e-01
   5.8159807e-01
   5.8256658e-01
   5.6852301e-01
   5.4188863e-01
   5.0508474e-01
   4.6392252e-01
   4.2469734e-01
   3.9322034e-01
   3.7627119e-01
   3.7772397e-01
   3.9806296e-01
   4.3631961e-01
   4.8813559e-01
   5.4673124e-01
   6.0532688e-01
   6.5520581e-01
   6.9007264e-01
   7.0460048e-01
   6.9443098e-01
   6.6101695e-01
   6.0629540e-01
   5.3801453e-01
   4.6489103e-01
   3.9806296e-01
   3.4818402e-01
   3.2445521e-01
   3.3365617e-01
   3.7723971e-01
   4.5084746e-01
   5.4769976e-01
   6.5472156e-01
   7.5835351e-01
   8.4406780e-01
   9.0072640e-01
   9.1912833e-01
   8.9685230e-01
   8.3728814e-01
   7.4818403e-01
   6.4261501e-01
   5.3607749e-01
   4.4261501e-01
   3.7723971e-01
   3.4673124e-01
   3.5593220e-01
   4.0145278e-01
   4.7554479e-01
   5.6561743e-01
   6.5859564e-01
   7.3946731e-01
   7.9661017e-01
   8.2130751e-01
   8.1016950e-01
   7.6561744e-01
   6.9443100e-01
   6.0968523e-01
   5.2397095e-01
   4.5326877e-01
   4.0871671e-01
   3.9854722e-01
   4.2276029e-01
   4.7699759e-01
   5.5060532e-01
   6.2808717e-01
   6.9588378e-01
   7.4140436e-01
   7.5690074e-01
   7.4043584e-01
   6.9394672e-01
   6.2808717e-01
   5.5205811e-01
   4.7796611e-01
   4.1549637e-01
   3.7239709e-01
   3.5157384e-01
   3.5496368e-01
   3.7772397e-01
   4.1598063e-01
   4.6295399e-01
   5.1138014e-01
   5.5399515e-01
   5.8644069e-01
   6.0484261e-01
   6.0823245e-01
   5.9903148e-01
   5.7869249e-01
   5.5254237e-01
   5.2493946e-01
   5.0024214e-01
   4.8280871e-01
   4.7360775e-01
   4.7457627e-01
   4.8426151e-01
   5.0024213e-01
   5.1864407e-01
   5.3462470e-01
   5.4334140e-01
   5.4237288e-01
   5.2978208e-01
   5.0653753e-01
   4.7554479e-01
   4.4309926e-01
   4.1452785e-01
   3.9661016e-01
   3.9418886e-01
   4.0968523e-01
   4.4309928e-01
   4.9104116e-01
   5.4624697e-01
   6.0242130e-01
   6.5133172e-01
   6.8571429e-01
   7.0072639e-01
   6.9346246e-01
   6.6537530e-01
   6.1937045e-01
   5.6319613e-01
   5.0556900e-01
   4.5569007e-01
   4.2276029e-01
   4.1162227e-01
   4.2615012e-01
   4.6585955e-01
   5.2590799e-01
   5.9903148e-01
   6.7506053e-01
   7.4430992e-01
   7.9661016e-01
   8.2518159e-01
   8.2469733e-01
   7.9370461e-01
   7.3559322e-01
   6.5472156e-01
   5.6222760e-01
   4.6876513e-01
   3.8740920e-01
   3.2978208e-01
   3.0508474e-01
   3.1767555e-01
   3.6900726e-01
   4.5230024e-01
   5.5883777e-01
   6.7360775e-01
   7.8208232e-01
   8.6876514e-01
   9.2203390e-01
   9.3268765e-01
   8.9975786e-01
   8.2711865e-01
   7.2493947e-01
   6.0871671e-01
   4.9539952e-01
   4.0193705e-01
   3.4188862e-01
   3.2445521e-01
   3.5157384e-01
   4.1840193e-01
   5.1428571e-01
   6.2276029e-01
   7.2832929e-01
   8.1259079e-01
   8.6343826e-01
   8.7312349e-01
   8.4019371e-01
   7.6900727e-01
   6.7263923e-01
   5.6368039e-01
   4.6101695e-01
   3.7869249e-01
   3.2978209e-01
   3.1961259e-01
   3.4769976e-01
   4.0677966e-01
   4.8426151e-01
   5.6368039e-01
   6.3099273e-01
   6.7409202e-01
   6.8619855e-01
   6.6634383e-01
   6.2033899e-01
   5.5641646e-01
   4.8619855e-01
   4.2033899e-01
   3.6852299e-01
   3.3607748e-01
   3.2493946e-01
   3.3462470e-01
   3.5980629e-01
   3.9515738e-01
   4.3389830e-01
   4.7021792e-01
   4.9830508e-01
   5.1525424e-01
   5.2009685e-01
   5.1331719e-01
   4.9878935e-01
   4.7990315e-01
   4.6150122e-01
   4.4697337e-01
   4.4019370e-01
   4.4261501e-01
   4.5423730e-01
   4.7506053e-01
   5.0121066e-01
   5.2978208e-01
   5.5544794e-01
   5.7433415e-01
   5.8256659e-01
   5.7723971e-01
   5.5786926e-01
   5.2590799e-01
   4.8668280e-01
   4.4503632e-01
   4.0920097e-01
   3.8498789e-01
   3.7772397e-01
   3.9031476e-01
   4.2179177e-01
   4.6876513e-01
   5.2542373e-01
   5.8450363e-01
   6.3728815e-01
   6.7554480e-01
   6.9443100e-01
   6.8861986e-01
   6.5907990e-01
   6.0823245e-01
   5.4237289e-01
   4.7118644e-01
   4.0532688e-01
   3.5544794e-01
   3.3123486e-01
   3.3898304e-01
   3.7917676e-01
   4.5036319e-01
   5.4285714e-01
   6.4648911e-01
   7.4673124e-01
   8.3002422e-01
   8.8474577e-01
   9.0217918e-01
   8.7941889e-01
   8.1791767e-01
   7.2542374e-01
   6.1501211e-01
   5.0072640e-01
   3.9854722e-01
   3.2445521e-01
   2.8619855e-01
   2.9200968e-01
   3.3946730e-01
   4.2227603e-01
   5.2832930e-01
   6.4213075e-01
   7.4818402e-01
   8.3002421e-01
   8.7651331e-01
   8.8038741e-01
   8.4164649e-01
   7.6803874e-01
   6.7070218e-01
   5.6755447e-01
   4.7554480e-01
   4.1016950e-01
   3.8208233e-01
   3.9515738e-01
   4.4406780e-01
   5.1912833e-01
   6.0435835e-01
   6.8135593e-01
   7.3559322e-01
   7.5786925e-01
   7.4285714e-01
   6.9491526e-01
   6.2179177e-01
   5.3704601e-01
   4.5278450e-01
   3.8208232e-01
   3.3510897e-01
   3.1622275e-01
   3.2639225e-01
   3.6222760e-01
   4.1549637e-01
   4.7845037e-01
   5.4092010e-01
   5.9273609e-01
   6.2711865e-01
   6.4164648e-01
   6.3438257e-01
   6.0920098e-01
   5.7142857e-01
   5.2832929e-01
   4.8668280e-01
   4.5423728e-01
   4.3486683e-01
   4.3050847e-01
   4.4067796e-01
   4.6246973e-01
   4.9104117e-01
   5.2009686e-01
   5.4479419e-01
   5.5883778e-01
   5.6029055e-01
   5.4721550e-01
   5.2300241e-01
   4.9104117e-01
   4.5762712e-01
   4.2953995e-01
   4.1162227e-01
   4.0823244e-01
   4.2033899e-01
   4.4648910e-01
   4.8329298e-01
   5.2542373e-01
   5.6610170e-01
   6.0096852e-01
   6.2276029e-01
   6.2905569e-01
   6.1791768e-01
   5.8983050e-01
   5.4769976e-01
   4.9685230e-01
   4.4261501e-01
   3.9418886e-01
   3.5883777e-01
   3.4285714e-01
   3.5012106e-01
   3.8159807e-01
   4.3486683e-01
   5.0363196e-01
   5.8014529e-01
   6.5423728e-01
   7.1622276e-01
   7.5786926e-01
   7.7191283e-01
   7.5641646e-01
   7.1283293e-01
   6.4552058e-01
   5.6416465e-01
   4.8038741e-01
   4.0629540e-01
   3.5399516e-01
   3.3171912e-01
   3.4624698e-01
   3.9612590e-01
   4.7699759e-01
   5.7772397e-01
   6.8571429e-01
   7.8644068e-01
   8.6440678e-01
   9.0944310e-01
   9.1331719e-01
   8.7651332e-01
   8.0290558e-01
   7.0314770e-01
   5.9225182e-01
   4.8571428e-01
   3.9951574e-01
   3.4479419e-01
   3.2832929e-01
   3.4915254e-01
   4.0145278e-01
   4.7409201e-01
   5.5205812e-01
   6.2130751e-01
   6.7021791e-01
   6.9152543e-01
   6.8135593e-01
   6.4213075e-01
   5.8062955e-01
   5.0799032e-01
   4.3583535e-01
   3.7627119e-01
   3.3801452e-01
   3.2929782e-01
   3.5157386e-01
   4.0242130e-01
   4.7312349e-01
   5.5447942e-01
   6.3244552e-01
   6.9539952e-01
   7.3365618e-01
   7.4092011e-01
   7.1719129e-01
   6.6634383e-01
   5.9564165e-01
   5.1573850e-01
   4.3825666e-01
   3.7094431e-01
   3.2348669e-01
   2.9830508e-01
   2.9782082e-01
   3.1864407e-01
   3.5496368e-01
   3.9999999e-01
   4.4600485e-01
   4.8377725e-01
   5.0992736e-01
   5.1961259e-01
   5.1331720e-01
   4.9346247e-01
   4.6585957e-01
   4.3680387e-01
   4.1259079e-01
   3.9854722e-01
   3.9854722e-01
   4.1404358e-01
   4.4358354e-01
   4.8184019e-01
   5.2445520e-01
   5.6464891e-01
   5.9515739e-01
   6.1065376e-01
   6.0774818e-01
   5.8547215e-01
   5.4769976e-01
   4.9927360e-01
   4.4842614e-01
   4.0435836e-01
   3.7433413e-01
   3.6464891e-01
   3.7820823e-01
   4.1355932e-01
   4.6682809e-01
   5.2978209e-01
   5.9418886e-01
   6.5036320e-01
   6.9007265e-01
   7.0702180e-01
   6.9782083e-01
   6.6295400e-01
   6.0823244e-01
   5.3898304e-01
   4.6731235e-01
   4.0242130e-01
   3.5544794e-01
   3.3462470e-01
   3.4430993e-01
   3.8401937e-01
   4.4987894e-01
   5.3462470e-01
   6.2615013e-01
   7.1331720e-01
   7.8450363e-01
   8.2953995e-01
   8.4164649e-01
   8.1985472e-01
   7.6513318e-01
   6.8571429e-01
   5.9176756e-01
   4.9636804e-01
   4.1355932e-01
   3.5593220e-01
   3.3220339e-01
   3.4866828e-01
   4.0193704e-01
   4.8716707e-01
   5.9128329e-01
   7.0024213e-01
   7.9709444e-01
   8.6924939e-01
   9.0411622e-01
   8.9588379e-01
   8.4697337e-01
   7.6416465e-01
   6.5956416e-01
   5.5012106e-01
   4.5472155e-01
   3.8837773e-01
   3.6319613e-01
   3.8450363e-01
   4.4939467e-01
   5.4769976e-01
   6.6489104e-01
   7.8208233e-01
   8.8184019e-01
   9.4818402e-01
   9.7191283e-01
   9.4915254e-01
   8.8426151e-01
   7.8644068e-01
   6.6973365e-01
   5.5108959e-01
   4.4697336e-01
   3.6997579e-01
   3.2929782e-01
   3.2687651e-01
   3.5932204e-01
   4.1694915e-01
   4.8765133e-01
   5.5641646e-01
   6.1113802e-01
   6.4261501e-01
   6.4648911e-01
   6.2421307e-01
   5.8159807e-01
   5.2687651e-01
   4.7070217e-01
   4.2082325e-01
   3.8498789e-01
   3.6658596e-01
   3.6658596e-01
   3.8256659e-01
   4.1016949e-01
   4.4406780e-01
   4.7893463e-01
   5.0847458e-01
   5.2881356e-01
   5.3704601e-01
   5.3220339e-01
   5.1622276e-01
   4.9249395e-01
   4.6440677e-01
   4.3777240e-01
   4.1743341e-01
   4.0629540e-01
   4.0581114e-01
   4.1743341e-01
   4.3777240e-01
   4.6343826e-01
   4.9152543e-01
   5.1525424e-01
   5.3026634e-01
   5.3365618e-01
   5.2154963e-01
   4.9491526e-01
   4.5714286e-01
   4.1307506e-01
   3.6997579e-01
   3.3559322e-01
   3.1767555e-01
   3.2203390e-01
   3.4915254e-01
   3.9903148e-01
   4.6634383e-01
   5.4382567e-01
   6.2179178e-01
   6.8861986e-01
   7.3607748e-01
   7.5641647e-01
   7.4624698e-01
   7.0556900e-01
   6.3970945e-01
   5.5641647e-01
   4.6876513e-01
   3.8837773e-01
   3.2929783e-01
   3.0121065e-01
   3.1089588e-01
   3.5835352e-01
   4.3970944e-01
   5.4479418e-01
   6.5956416e-01
   7.6997579e-01
   8.5907990e-01
   9.1573850e-01
   9.3123487e-01
   9.0217918e-01
   8.3244552e-01
   7.3171913e-01
   6.1404358e-01
   4.9588378e-01
   3.9322035e-01
   3.2106537e-01
   2.8765133e-01
   2.9636804e-01
   3.4430993e-01
   4.2082324e-01
   5.1234868e-01
   6.0387410e-01
   6.7990315e-01
   7.2832929e-01
   7.4237289e-01
   7.1912833e-01
   6.6392252e-01
   5.8595642e-01
   4.9927361e-01
   4.1840193e-01
   3.5835352e-01
   3.2929782e-01
   3.3607748e-01
   3.7820823e-01
   4.4745763e-01
   5.3075060e-01
   6.1355932e-01
   6.8038741e-01
   7.1912833e-01
   7.2397095e-01
   6.9443100e-01
   6.3535109e-01
   5.5786925e-01
   4.7409201e-01
   3.9612590e-01
   3.3462470e-01
   2.9636804e-01
   2.8426150e-01
   2.9636804e-01
   3.2929782e-01
   3.7433413e-01
   4.2518159e-01
   4.7215496e-01
   5.0847458e-01
   5.3026634e-01
   5.3510896e-01
   5.2493947e-01
   5.0266344e-01
   4.7263923e-01
   4.4164648e-01
   4.1452785e-01
   3.9564165e-01
   3.8789347e-01
   3.9176756e-01
   4.0532688e-01
   4.2663439e-01
   4.5181598e-01
   4.7554479e-01
   4.9346246e-01
   5.0217918e-01
   4.9878934e-01
   4.8426151e-01
   4.5907990e-01
   4.2953995e-01
   3.9951574e-01
   3.7481841e-01
   3.6174334e-01
   3.6271186e-01
   3.7966101e-01
   4.1065375e-01
   4.5278450e-01
   4.9975786e-01
   5.4576272e-01
   5.8305085e-01
   6.0726393e-01
   6.1307506e-01
   6.0000000e-01
   5.6755448e-01
   5.1912833e-01
   4.6101695e-01
   4.0145278e-01
   3.4915254e-01
   3.1234867e-01
   2.9733656e-01
   3.0799032e-01
   3.4430992e-01
   4.0290558e-01
   4.7602906e-01
   5.5496368e-01
   6.3002421e-01
   6.9007264e-01
   7.2784504e-01
   7.3656175e-01
   7.1380146e-01
   6.6246974e-01
   5.8692494e-01
   4.9733656e-01
   4.0435836e-01
   3.2154963e-01
   2.6150121e-01
   2.3389830e-01
   2.4455205e-01
   2.9394673e-01
   3.7723971e-01
   4.8426150e-01
   6.0242131e-01
   7.1428572e-01
   8.0484262e-01
   8.6150121e-01
   8.7651332e-01
   8.4745763e-01
   7.7917675e-01
   6.8232445e-01
   5.7191283e-01
   4.6489104e-01
   3.7723971e-01
   3.2009685e-01
   3.0024214e-01
   3.1719129e-01
   3.6464892e-01
   4.3002421e-01
   5.0072639e-01
   5.6222760e-01
   6.0338984e-01
   6.1840194e-01
   6.0484262e-01
   5.6707022e-01
   5.1041162e-01
   4.4552058e-01
   3.8401937e-01
   3.3462470e-01
   3.0653754e-01
   3.0314770e-01
   3.2687651e-01
   3.7336562e-01
   4.3535109e-01
   5.0266344e-01
   5.6513317e-01
   6.1210654e-01
   6.3728814e-01
   6.3680387e-01
   6.1162227e-01
   5.6658596e-01
   5.0847458e-01
   4.4745762e-01
   3.9128329e-01
   3.4673124e-01
   3.1961259e-01
   3.1138014e-01
   3.2058111e-01
   3.4576270e-01
   3.7966101e-01
   4.1694915e-01
   4.5133172e-01
   4.7748185e-01
   4.9152543e-01
   4.9152543e-01
   4.7941889e-01
   4.5859564e-01
   4.3486683e-01
   4.1210653e-01
   3.9661016e-01
   3.9176756e-01
   3.9951574e-01
   4.1840194e-01
   4.4600484e-01
   4.7893462e-01
   5.1089588e-01
   5.3753026e-01
   5.5302664e-01
   5.5496368e-01
   5.4140437e-01
   5.1428571e-01
   4.7651331e-01
   4.3341405e-01
   3.9128329e-01
   3.5835351e-01
   3.3946731e-01
   3.3946731e-01
   3.6029055e-01
   4.0096852e-01
   4.5907990e-01
   5.2784503e-01
   5.9903148e-01
   6.6489104e-01
   7.1622276e-01
   7.4576272e-01
   7.4818403e-01
   7.2154963e-01
   6.6779662e-01
   5.9322035e-01
   5.0702179e-01
   4.2179177e-01
   3.5012106e-01
   3.0411622e-01
   2.9152542e-01
   3.1719129e-01
   3.7869249e-01
   4.6828087e-01
   5.7578693e-01
   6.8523003e-01
   7.8208233e-01
   8.5181598e-01
   8.8523003e-01
   8.7554479e-01
   8.2372882e-01
   7.3704601e-01
   6.2663438e-01
   5.0799032e-01
   3.9806296e-01
   3.1186441e-01
   2.6198547e-01
   2.5520581e-01
   2.9152542e-01
   3.6610170e-01
   4.6682809e-01
   5.7869249e-01
   6.8474576e-01
   7.6949153e-01
   8.2033899e-01
   8.3050847e-01
   7.9951574e-01
   7.3317191e-01
   6.4309928e-01
   5.4576272e-01
   4.5859564e-01
   3.9757869e-01
   3.7191284e-01
   3.8595642e-01
   4.3486683e-01
   5.0847457e-01
   5.8983051e-01
   6.6392252e-01
   7.1428572e-01
   7.3220339e-01
   7.1428572e-01
   6.6392252e-01
   5.8886198e-01
   5.0217917e-01
   4.1743341e-01
   3.4430992e-01
   2.9346247e-01
   2.6779661e-01
   2.6876513e-01
   2.9200969e-01
   3.3171913e-01
   3.8159807e-01
   4.3196127e-01
   4.7651331e-01
   5.1041162e-01
   5.2929782e-01
   5.3317191e-01
   5.2397095e-01
   5.0508474e-01
   4.8038741e-01
   4.5423730e-01
   4.3196126e-01
   4.1646489e-01
   4.1065375e-01
   4.1404358e-01
   4.2711865e-01
   4.4648910e-01
   4.6924939e-01
   4.9007265e-01
   5.0508474e-01
   5.1089588e-01
   5.0411622e-01
   4.8619854e-01
   4.5811138e-01
   4.2518159e-01
   3.9225182e-01
   3.6561743e-01
   3.5060533e-01
   3.4915254e-01
   3.6368039e-01
   3.9225182e-01
   4.3196126e-01
   4.7651332e-01
   5.2106538e-01
   5.5835352e-01
   5.8256658e-01
   5.9079902e-01
   5.7917675e-01
   5.4963680e-01
   5.0460048e-01
   4.5133172e-01
   3.9757869e-01
   3.5157386e-01
   3.2397094e-01
   3.1912833e-01
   3.4140436e-01
   3.8983051e-01
   4.6004843e-01
   5.4334141e-01
   6.2953995e-01
   7.0653753e-01
   7.6416466e-01
   7.9273608e-01
   7.8740920e-01
   7.4818403e-01
   6.7845037e-01
   5.8789346e-01
   4.8861986e-01
   3.9564165e-01
   3.2300243e-01
   2.8280871e-01
   2.8329298e-01
   3.2687651e-01
   4.0871671e-01
   5.2009685e-01
   6.4600484e-01
   7.6949153e-01
   8.7360775e-01
   9.4382567e-01
   9.6900727e-01
   9.4624698e-01
   8.7845037e-01
   7.7627119e-01
   6.5472156e-01
   5.3075060e-01
   4.2276029e-01
   3.4527844e-01
   3.0653754e-01
   3.0799031e-01
   3.4527844e-01
   4.0581114e-01
   4.7699757e-01
   5.4334140e-01
   5.9225182e-01
   6.1549637e-01
   6.0920097e-01
   5.7578693e-01
   5.2154964e-01
   4.5617434e-01
   3.9128329e-01
   3.3753026e-01
   3.0508474e-01
   2.9830508e-01
   3.1961259e-01
   3.6464891e-01
   4.2663439e-01
   4.9539952e-01
   5.5980629e-01
   6.0823244e-01
   6.3486683e-01
   6.3486683e-01
   6.0968523e-01
   5.6464891e-01
   5.0653753e-01
   4.4455206e-01
   3.8837772e-01
   3.4334140e-01
   3.1573849e-01
   3.0605328e-01
   3.1428571e-01
   3.3656174e-01
   3.6707022e-01
   4.0193704e-01
   4.3389830e-01
   4.5762711e-01
   4.7070218e-01
   4.7021792e-01
   4.5907990e-01
   4.3825666e-01
   4.1404358e-01
   3.9079902e-01
   3.7384987e-01
   3.6707021e-01
   3.7384987e-01
   3.9370460e-01
   4.2566587e-01
   4.6537530e-01
   5.0799032e-01
   5.4721550e-01
   5.7675545e-01
   5.9079903e-01
   5.8789347e-01
   5.6610169e-01
   5.2832930e-01
   4.8087167e-01
   4.2953995e-01
   3.8401937e-01
   3.5157384e-01
   3.3753026e-01
   3.4527845e-01
   3.7433413e-01
   4.2033899e-01
   4.7748184e-01
   5.3704601e-01
   5.9128329e-01
   6.3196127e-01
   6.5230024e-01
   6.4939468e-01
   6.2179177e-01
   5.7336561e-01
   5.0895884e-01
   4.3825666e-01
   3.7191283e-01
   3.2106537e-01
   2.9346246e-01
   2.9588378e-01
   3.3075060e-01
   3.9467312e-01
   4.7990315e-01
   5.7675545e-01
   6.7312349e-01
   7.5447942e-01
   8.1065375e-01
   8.3292978e-01
   8.1743341e-01
   7.6513317e-01
   6.8377724e-01
   5.8305085e-01
   4.7748184e-01
   3.8208232e-01
   3.1041162e-01
   2.7457627e-01
   2.7893463e-01
   3.2493947e-01
   4.0629540e-01
   5.1234867e-01
   6.2760291e-01
   7.3656175e-01
   8.2276029e-01
   8.7409201e-01
   8.8329298e-01
   8.4891042e-01
   7.7675545e-01
   6.7941889e-01
   5.7239709e-01
   4.7312349e-01
   3.9806296e-01
   3.5786925e-01
   3.5690072e-01
   3.9128329e-01
   4.5326877e-01
   5.2736077e-01
   5.9709444e-01
   6.4939468e-01
   6.7409201e-01
   6.6634383e-01
   6.2857143e-01
   5.6852299e-01
   4.9588378e-01
   4.2227603e-01
   3.5883777e-01
   3.1428571e-01
   2.9346247e-01
   2.9782082e-01
   3.2445521e-01
   3.6852301e-01
   4.2179177e-01
   4.7554479e-01
   5.2154963e-01
   5.5399516e-01
   5.6803874e-01
   5.6222760e-01
   5.3946731e-01
   5.0460048e-01
   4.6440677e-01
   4.2469734e-01
   3.9273608e-01
   3.7239709e-01
   3.6513317e-01
   3.7191283e-01
   3.9031477e-01
   4.1598063e-01
   4.4455206e-01
   4.7021791e-01
   4.8910412e-01
   4.9830508e-01
   4.9733656e-01
   4.8716707e-01
   4.6973366e-01
   4.4987894e-01
   4.3196127e-01
   4.1985471e-01
   4.1694915e-01
   4.2372881e-01
   4.4019371e-01
   4.6489104e-01
   4.9443100e-01
   5.2542373e-01
   5.5351090e-01
   5.7481840e-01
   5.8547217e-01
   5.8305085e-01
   5.6707022e-01
   5.3704601e-01
   4.9733657e-01
   4.5181598e-01
   4.0726392e-01
   3.7191283e-01
   3.5254238e-01
   3.5351090e-01
   3.7869249e-01
   4.2711865e-01
   4.9394673e-01
   5.7288135e-01
   6.5423728e-01
   7.2687651e-01
   7.8111380e-01
   8.0920097e-01
   8.0532688e-01
   7.6949153e-01
   7.0460049e-01
   6.1937046e-01
   5.2542373e-01
   4.3728814e-01
   3.6803873e-01
   3.2881357e-01
   3.2832929e-01
   3.6755447e-01
   4.4309928e-01
   5.4527845e-01
   6.6004844e-01
   7.7142857e-01
   8.6343826e-01
   9.2154964e-01
   9.3898305e-01
   9.1089588e-01
   8.4164648e-01
   7.4043584e-01
   6.2276030e-01
   5.0460048e-01
   4.0290556e-01
   3.3123486e-01
   2.9975787e-01
   3.0944309e-01
   3.5738499e-01
   4.3341404e-01
   5.2445521e-01
   6.1452785e-01
   6.9055690e-01
   7.3946731e-01
   7.5496368e-01
   7.3656175e-01
   6.8716707e-01
   6.1694915e-01
   5.3753027e-01
   4.6343825e-01
   4.0677966e-01
   3.7869249e-01
   3.8256659e-01
   4.1840194e-01
   4.7893463e-01
   5.5302664e-01
   6.2711865e-01
   6.8716706e-01
   7.2300243e-01
   7.3026634e-01
   7.0750606e-01
   6.5956416e-01
   5.9612591e-01
   5.2687651e-01
   4.6101696e-01
   4.0823244e-01
   3.7191283e-01
   3.5496368e-01
   3.5544794e-01
   3.7094431e-01
   3.9564164e-01
   4.2421307e-01
   4.5133172e-01
   4.7312349e-01
   4.8716706e-01
   4.9152542e-01
   4.8813558e-01
   4.7990315e-01
   4.6973366e-01
   4.6053269e-01
   4.5617434e-01
   4.5714286e-01
   4.6440678e-01
   4.7699757e-01
   4.9346246e-01
   5.1089588e-01
   5.2639226e-01
   5.3801452e-01
   5.4237288e-01
   5.3898305e-01
   5.2687651e-01
   5.0702180e-01
   4.8232445e-01
   4.5472156e-01
   4.3050848e-01
   4.1355932e-01
   4.0823244e-01
   4.1549637e-01
   4.3728814e-01
   4.7167070e-01
   5.1428571e-01
   5.6125908e-01
   6.0581114e-01
   6.4213075e-01
   6.6537530e-01
   6.7021792e-01
   6.5617434e-01
   6.2276029e-01
   5.7433413e-01
   5.1573849e-01
   4.5423728e-01
   3.9951574e-01
   3.5932204e-01
   3.3995156e-01
   3.4673124e-01
   3.7917675e-01
   4.3438257e-01
   5.0653754e-01
   5.8595642e-01
   6.6343826e-01
   7.2832930e-01
   7.7239709e-01
   7.8789347e-01
   7.7191284e-01
   7.2493947e-01
   6.5230024e-01
   5.6174334e-01
   4.6585957e-01
   3.7772397e-01
   3.1089588e-01
   2.7554479e-01
   2.8038741e-01
   3.2542373e-01
   4.0726392e-01
   5.1622276e-01
   6.3631961e-01
   7.5108959e-01
   8.4358354e-01
   8.9927360e-01
   9.0944310e-01
   8.7263923e-01
   7.9564165e-01
   6.9055690e-01
   5.7627118e-01
   4.7167071e-01
   3.9515739e-01
   3.5932204e-01
   3.6803874e-01
   4.1743341e-01
   4.9588378e-01
   5.8547215e-01
   6.6828088e-01
   7.2687651e-01
   7.4963680e-01
   7.3268765e-01
   6.7941889e-01
   5.9757870e-01
   5.0169492e-01
   4.0581113e-01
   3.2397095e-01
   2.6634383e-01
   2.3922519e-01
   2.4358354e-01
   2.7602906e-01
   3.2978209e-01
   3.9515738e-01
   4.6246973e-01
   5.2251816e-01
   5.6707021e-01
   5.9176756e-01
   5.9564164e-01
   5.7966101e-01
   5.4915254e-01
   5.0944310e-01
   4.6634383e-01
   4.2615013e-01
   3.9322034e-01
   3.7046005e-01
   3.5980630e-01
   3.6029056e-01
   3.6949153e-01
   3.8498789e-01
   4.0338983e-01
   4.2082324e-01
   4.3389830e-01
   4.4213075e-01
   4.4358354e-01
   4.4067797e-01
   4.3583535e-01
   4.3050847e-01
   4.2857143e-01
   4.3147699e-01
   4.3970944e-01
   4.5423728e-01
   4.7215497e-01
   4.9297821e-01
   5.1283293e-01
   5.2978208e-01
   5.4092010e-01
   5.4430993e-01
   5.3753026e-01
   5.2154964e-01
   4.9539952e-01
   4.6246973e-01
   4.2663438e-01
   3.9273608e-01
   3.6610169e-01
   3.5302663e-01
   3.5641646e-01
   3.7820823e-01
   4.1646489e-01
   4.6828087e-01
   5.2687651e-01
   5.8498789e-01
   6.3486683e-01
   6.6973366e-01
   6.8329299e-01
   6.7360776e-01
   6.4067797e-01
   5.8789347e-01
   5.2203389e-01
   4.5181598e-01
   3.8789347e-01
   3.3946731e-01
   3.1525423e-01
   3.2106537e-01
   3.5786926e-01
   4.2179177e-01
   5.0653753e-01
   6.0145278e-01
   6.9346247e-01
   7.7046005e-01
   8.2276030e-01
   8.4067797e-01
   8.2227603e-01
   7.6852301e-01
   6.8571428e-01
   5.8547215e-01
   4.8135593e-01
   3.8837773e-01
   3.2106538e-01
   2.8861986e-01
   2.9685230e-01
   3.4430993e-01
   4.2469734e-01
   5.2542373e-01
   6.3099273e-01
   7.2590799e-01
   7.9515739e-01
   8.2711865e-01
   8.1791767e-01
   7.6900727e-01
   6.8861986e-01
   5.9128329e-01
   4.9249395e-01
   4.1113801e-01
   3.6077481e-01
   3.4915254e-01
   3.7772397e-01
   4.4019370e-01
   5.2300241e-01
   6.0920097e-01
   6.8232445e-01
   7.2881356e-01
   7.3995157e-01
   7.1380145e-01
   6.5665860e-01
   5.7723971e-01
   4.9007264e-01
   4.0677966e-01
   3.4043584e-01
   2.9685230e-01
   2.8087167e-01
   2.9055690e-01
   3.2203390e-01
   3.6803874e-01
   4.2033899e-01
   4.6924940e-01
   5.0992736e-01
   5.3559322e-01
   5.4479418e-01
   5.3898305e-01
   5.2106538e-01
   4.9491526e-01
   4.6731235e-01
   4.4358354e-01
   4.2663439e-01
   4.2130751e-01
   4.2615012e-01
   4.4213075e-01
   4.6585955e-01
   4.9346247e-01
   5.2009685e-01
   5.4092010e-01
   5.5254237e-01
   5.5157386e-01
   5.3656175e-01
   5.0992736e-01
   4.7602906e-01
   4.3922519e-01
   4.0677966e-01
   3.8305084e-01
   3.7384987e-01
   3.7966101e-01
   3.9951574e-01
   4.3099274e-01
   4.6876513e-01
   5.0653753e-01
   5.3801453e-01
   5.5883777e-01
   5.6513318e-01
   5.5544794e-01
   5.3123487e-01
   4.9491525e-01
   4.5181598e-01
   4.0871672e-01
   3.7239709e-01
   3.4866828e-01
   3.4237288e-01
   3.5593220e-01
   3.9031477e-01
   4.4116222e-01
   5.0411622e-01
   5.7239710e-01
   6.3825666e-01
   6.9394673e-01
   7.3171913e-01
   7.4624698e-01
   7.3414043e-01
   6.9636804e-01
   6.3486682e-01
   5.5690074e-01
   4.7312348e-01
   3.9515739e-01
   3.3414043e-01
   3.0169492e-01
   3.0363196e-01
   3.4334141e-01
   4.1694915e-01
   5.1573850e-01
   6.2760291e-01
   7.3656175e-01
   8.2711864e-01
   8.8668281e-01
   9.0653754e-01
   8.8232445e-01
   8.1888620e-01
   7.2542373e-01
   6.1598063e-01
   5.0702180e-01
   4.1452785e-01
   3.5157384e-01
   3.2542373e-01
   3.3753026e-01
   3.8256658e-01
   4.5084746e-01
   5.2881357e-01
   6.0290556e-01
   6.5956416e-01
   6.9104116e-01
   6.9297821e-01
   6.6585957e-01
   6.1452785e-01
   5.4769976e-01
   4.7602906e-01
   4.1162228e-01
   3.6368039e-01
   3.3995157e-01
   3.4430992e-01
   3.7481840e-01
   4.2566585e-01
   4.8813559e-01
   5.5060532e-01
   6.0290558e-01
   6.3535109e-01
   6.4358354e-01
   6.2663439e-01
   5.8837773e-01
   5.3559323e-01
   4.7748185e-01
   4.2276029e-01
   3.8014528e-01
   3.5399516e-01
   3.4769976e-01
   3.6125907e-01
   3.9031477e-01
   4.2953995e-01
   4.7263923e-01
   5.1186441e-01
   5.4092010e-01
   5.5544795e-01
   5.5302664e-01
   5.3607748e-01
   5.0895884e-01
   4.7554479e-01
   4.4455206e-01
   4.2179177e-01
   4.1113801e-01
   4.1598063e-01
   4.3631961e-01
   4.6779661e-01
   5.0750606e-01
   5.4769976e-01
   5.8208233e-01
   6.0532688e-01
   6.1210653e-01
   6.0048426e-01
   5.7239709e-01
   5.3026634e-01
   4.8087167e-01
   4.3196127e-01
   3.9079903e-01
   3.6513317e-01
   3.5883777e-01
   3.7336562e-01
   4.0726392e-01
   4.5665859e-01
   5.1428572e-01
   5.7288135e-01
   6.2421307e-01
   6.6101696e-01
   6.7941889e-01
   6.7506054e-01
   6.4891042e-01
   6.0484262e-01
   5.4866828e-01
   4.8861986e-01
   4.3438257e-01
   3.9467312e-01
   3.7675545e-01
   3.8353510e-01
   4.1694916e-01
   4.7312349e-01
   5.4479418e-01
   6.2324455e-01
   6.9685231e-01
   7.5641647e-01
   7.9225182e-01
   7.9854722e-01
   7.7336562e-01
   7.1815981e-01
   6.3970944e-01
   5.4818403e-01
   4.5569008e-01
   3.7578693e-01
   3.2058111e-01
   2.9975786e-01
   3.1815981e-01
   3.7481840e-01
   4.6246974e-01
   5.6997579e-01
   6.8232445e-01
   7.8256659e-01
   8.5520582e-01
   8.8813559e-01
   8.7796611e-01
   8.2421307e-01
   7.3656175e-01
   6.2857143e-01
   5.2009685e-01
   4.2857143e-01
   3.6949153e-01
   3.5302664e-01
   3.7917675e-01
   4.4213075e-01
   5.2736078e-01
   6.1791768e-01
   6.9539952e-01
   7.4527845e-01
   7.5786926e-01
   7.3220339e-01
   6.7360775e-01
   5.9273608e-01
   5.0266344e-01
   4.1791767e-01
   3.5012106e-01
   3.0702179e-01
   2.9249394e-01
   3.0653754e-01
   3.4237288e-01
   3.9322034e-01
   4.5036320e-01
   5.0363196e-01
   5.4479418e-01
   5.6852301e-01
   5.7288136e-01
   5.5738499e-01
   5.2493947e-01
   4.8329298e-01
   4.3777240e-01
   3.9515738e-01
   3.6319613e-01
   3.4430992e-01
   3.4188862e-01
   3.5544794e-01
   3.8353510e-01
   4.2179177e-01
   4.6440678e-01
   5.0508474e-01
   5.3753027e-01
   5.5690072e-01
   5.5980630e-01
   5.4624698e-01
   5.1864407e-01
   4.8135593e-01
   4.4116222e-01
   4.0484261e-01
   3.7966101e-01
   3.6949153e-01
   3.7675545e-01
   4.0000000e-01
   4.3583535e-01
   4.7990315e-01
   5.2300243e-01
   5.5932204e-01
   5.8208233e-01
   5.8789346e-01
   5.7481841e-01
   5.4479419e-01
   5.0169492e-01
   4.5278450e-01
   4.0629540e-01
   3.7046005e-01
   3.5205812e-01
   3.5447941e-01
   3.7966101e-01
   4.2469734e-01
   4.8523002e-01
   5.5254238e-01
   6.1888620e-01
   6.7506054e-01
   7.1380145e-01
   7.2736078e-01
   7.1380146e-01
   6.7312349e-01
   6.0774819e-01
   5.2639225e-01
   4.3874092e-01
   3.5738499e-01
   2.9394672e-01
   2.6053269e-01
   2.6343825e-01
   3.0508474e-01
   3.8208233e-01
   4.8571428e-01
   6.0290558e-01
   7.1719129e-01
   8.1210654e-01
   8.7506054e-01
   8.9588379e-01
   8.7215497e-01
   8.0677966e-01
   7.0992736e-01
   5.9467312e-01
   4.7941889e-01
   3.8062955e-01
   3.1089588e-01
   2.7990315e-01
   2.8910412e-01
   3.3462470e-01
   4.0726392e-01
   4.9443100e-01
   5.8014529e-01
   6.5181598e-01
   6.9878935e-01
   7.1331719e-01
   6.9443100e-01
   6.4455206e-01
   5.7094431e-01
   4.8523003e-01
   4.0048426e-01
   3.2929782e-01
   2.8280871e-01
   2.6731235e-01
   2.8619855e-01
   3.3414043e-01
   4.0435836e-01
   4.8280871e-01
   5.5786926e-01
   6.1501211e-01
   6.4648910e-01
   6.4842616e-01
   6.1985472e-01
   5.6707022e-01
   4.9927360e-01
   4.2615012e-01
   3.5932203e-01
   3.0799031e-01
   2.7748184e-01
   2.7118644e-01
   2.8813559e-01
   3.2251816e-01
   3.6755448e-01
   4.1501211e-01
   4.5569007e-01
   4.8329298e-01
   4.9297821e-01
   4.8329299e-01
   4.5714286e-01
   4.1985471e-01
   3.7723971e-01
   3.3753027e-01
   3.0556900e-01
   2.8765132e-01
   2.8571428e-01
   2.9975787e-01
   3.2639225e-01
   3.6271186e-01
   4.0048426e-01
   4.3389831e-01
   4.5714286e-01
   4.6489104e-01
   4.5375302e-01
   4.2566587e-01
   3.8256659e-01
   3.3123486e-01
   2.7893462e-01
   2.3341404e-01
   2.0338984e-01
   1.9322034e-01
   2.0581114e-01
   2.4067797e-01
   2.9394673e-01
   3.6029056e-01
   4.2953995e-01
   4.9249394e-01
   5.3898305e-01
   5.6077482e-01
   5.5351090e-01
   5.1525424e-01
   4.4842616e-01
   3.6222760e-01
   2.6828087e-01
   1.8014528e-01
   1.1283293e-01
   7.6997575e-02
   8.1355932e-02
   1.2687651e-01
   2.0920097e-01
   3.1864407e-01
   4.4019370e-01
   5.5690072e-01
   6.5181598e-01
   7.1138014e-01
   7.2590799e-01
   6.9491526e-01
   6.2227604e-01
   5.2009685e-01
   4.0435835e-01
   2.9297820e-01
   2.0338983e-01
   1.4915254e-01
   1.3753026e-01
   1.6852299e-01
   2.3583535e-01
   3.2736077e-01
   4.2905569e-01
   5.2397094e-01
   5.9903148e-01
   6.4406780e-01
   6.5472156e-01
   6.3099274e-01
   5.7917675e-01
   5.0944310e-01
   4.3244552e-01
   3.6222760e-01
   3.0847457e-01
   2.7796610e-01
   2.7506053e-01
   2.9685230e-01
   3.3753026e-01
   3.8837772e-01
   4.3970944e-01
   4.8232445e-01
   5.0944310e-01
   5.1670702e-01
   5.0411622e-01
   4.7457628e-01
   4.3341405e-01
   3.8789346e-01
   3.4576272e-01
   3.1331719e-01
   2.9733656e-01
   3.0169492e-01
   3.2736077e-01
   3.7046005e-01
   4.2663439e-01
   4.8716707e-01
   5.4334140e-01
   5.8644069e-01
   6.0968523e-01
   6.0968523e-01
   5.8644068e-01
   5.4479419e-01
   4.9152543e-01
   4.3438257e-01
   3.8305085e-01
   3.4382567e-01
   3.2251815e-01
   3.2154963e-01
   3.3946730e-01
   3.7288135e-01
   4.1598063e-01
   4.6150121e-01
   5.0217918e-01
   5.3075061e-01
   5.4285715e-01
   5.3801452e-01
   5.1622276e-01
   4.8377724e-01
   4.4552058e-01
   4.0968524e-01
   3.8305085e-01
   3.7094431e-01
   3.7675545e-01
   3.9951574e-01
   4.3728814e-01
   4.8523002e-01
   5.3607749e-01
   5.8208232e-01
   6.1694916e-01
   6.3486683e-01
   6.3341405e-01
   6.1210653e-01
   5.7433415e-01
   5.2639225e-01
   4.7699757e-01
   4.3389831e-01
   4.0532688e-01
   3.9661016e-01
   4.1016950e-01
   4.4503632e-01
   4.9733657e-01
   5.6077481e-01
   6.2566585e-01
   6.8426150e-01
   7.2832929e-01
   7.5060533e-01
   7.4769976e-01
   7.1815981e-01
   6.6585958e-01
   5.9612590e-01
   5.1864408e-01
   4.4406780e-01
   3.8498789e-01
   3.5108958e-01
   3.5012106e-01
   3.8547215e-01
   4.5423730e-01
   5.4915254e-01
   6.5907990e-01
   7.6900727e-01
   8.6343826e-01
   9.2929783e-01
   9.5690072e-01
   9.4043585e-01
   8.8329299e-01
   7.9322034e-01
   6.8377725e-01
   5.7094431e-01
   4.7118643e-01
   3.9903148e-01
   3.6368039e-01
   3.6803874e-01
   4.0774818e-01
   4.7506054e-01
   5.5593221e-01
   6.3631962e-01
   7.0217918e-01
   7.4430992e-01
   7.5496368e-01
   7.3462470e-01
   6.8668281e-01
   6.1937046e-01
   5.4576272e-01
   4.7651332e-01
   4.2518160e-01
   3.9951574e-01
   4.0484262e-01
   4.3922519e-01
   4.9733656e-01
   5.6852301e-01
   6.3874093e-01
   6.9588378e-01
   7.2978209e-01
   7.3365617e-01
   7.0847458e-01
   6.5762712e-01
   5.9031477e-01
   5.1767555e-01
   4.4987894e-01
   3.9612590e-01
   3.6368039e-01
   3.5593220e-01
   3.7046005e-01
   4.0435835e-01
   4.5181598e-01
   5.0314770e-01
   5.5205812e-01
   5.9079903e-01
   6.1452785e-01
   6.2033899e-01
   6.1016950e-01
   5.8692494e-01
   5.5593220e-01
   5.2397094e-01
   4.9782083e-01
   4.8232446e-01
   4.7990315e-01
   4.9249394e-01
   5.1670702e-01
   5.4915254e-01
   5.8450363e-01
   6.1646490e-01
   6.3970944e-01
   6.5036320e-01
   6.4552058e-01
   6.2615012e-01
   5.9564164e-01
   5.5786925e-01
   5.2009686e-01
   4.8861986e-01
   4.6876513e-01
   4.6440678e-01
   4.7748184e-01
   5.0750605e-01
   5.5012106e-01
   6.0193704e-01
   6.5520581e-01
   7.0363196e-01
   7.4092010e-01
   7.6077482e-01
   7.6029055e-01
   7.3753027e-01
   6.9394673e-01
   6.3389830e-01
   5.6561743e-01
   4.9782083e-01
   4.4213075e-01
   4.0677966e-01
   3.9854721e-01
   4.2227603e-01
   4.7506054e-01
   5.5254237e-01
   6.4455206e-01
   7.3946731e-01
   8.2469734e-01
   8.8765133e-01
   9.1912833e-01
   9.1380145e-01
   8.7118644e-01
   7.9612590e-01
   6.9927361e-01
   5.9370460e-01
   4.9394673e-01
   4.1694915e-01
   3.7336561e-01
   3.7191283e-01
   4.1355932e-01
   4.9394673e-01
   6.0193705e-01
   7.2203390e-01
   8.3680387e-01
   9.2978209e-01
   9.8740921e-01
   1.0000000e+00
   9.6658596e-01
   8.9249394e-01
   7.8934625e-01
   6.7506053e-01
   5.6658596e-01
   4.8280871e-01
   4.3535109e-01
   4.3002421e-01
   4.6489104e-01
   5.2978208e-01
   6.1065376e-01
   6.9055690e-01
   7.5351090e-01
   7.8837773e-01
   7.8837772e-01
   7.5496368e-01
   6.9297820e-01
   6.1404358e-01
   5.3075061e-01
   4.5520581e-01
   3.9951574e-01
   3.6997579e-01
   3.7046005e-01
   3.9903148e-01
   4.5084746e-01
   5.1573850e-01
   5.8498789e-01
   6.4745762e-01
   6.9346247e-01
   7.1670702e-01
   7.1622276e-01
   6.9249394e-01
   6.5133173e-01
   5.9903148e-01
   5.4479419e-01
   4.9588378e-01
   4.5859563e-01
   4.3728814e-01
   4.3244552e-01
   4.4358354e-01
   4.6585957e-01
   4.9539952e-01
   5.2590799e-01
   5.5157386e-01
   5.6803873e-01
   5.7336561e-01
   5.6658595e-01
   5.5012107e-01
   5.2784504e-01
   5.0460049e-01
   4.8474576e-01
   4.7312349e-01
   4.7215497e-01
   4.8377725e-01
   5.0702179e-01
   5.3946731e-01
   5.7675545e-01
   6.1501211e-01
   6.4745762e-01
   6.6924940e-01
   6.7554479e-01
   6.6537530e-01
   6.3777240e-01
   5.9612591e-01
   5.4624697e-01
   4.9539952e-01
   4.5230024e-01
   4.2421308e-01
   4.1694915e-01
   4.3292979e-01
   4.7070218e-01
   5.2639225e-01
   5.9176756e-01
   6.5665860e-01
   7.1331720e-01
   7.5205812e-01
   7.6755448e-01
   7.5593220e-01
   7.1815981e-01
   6.5811138e-01
   5.8305085e-01
   5.0508474e-01
   4.3389831e-01
   3.8062955e-01
   3.5641646e-01
   3.6610170e-01
   4.1065376e-01
   4.8668281e-01
   5.8595643e-01
   6.9636804e-01
   8.0338984e-01
   8.9200969e-01
   9.5060533e-01
   9.6997579e-01
   9.4721550e-01
   8.8523003e-01
   7.9370461e-01
   6.8523003e-01
   5.7627119e-01
   4.8184019e-01
   4.1694916e-01
   3.8886198e-01
   4.0000000e-01
   4.4745762e-01
   5.2106538e-01
   6.0726392e-01
   6.9200969e-01
   7.6077482e-01
   8.0338983e-01
   8.1210654e-01
   7.8789346e-01
   7.3365617e-01
   6.6004844e-01
   5.7869249e-01
   5.0411622e-01
   4.4987894e-01
   4.2518159e-01
   4.3486682e-01
   4.7699759e-01
   5.4430992e-01
   6.2372881e-01
   7.0121066e-01
   7.6174334e-01
