   1.0000000e+00
   9.2898555e-01
   8.3043480e-01
   7.2318842e-01
   6.2608695e-01
   5.5072464e-01
   5.0289856e-01
   4.8260870e-01
   4.7971016e-01
   4.8840583e-01
   4.9565220e-01
   4.9855074e-01
   4.9565220e-01
   4.8550725e-01
   4.7391303e-01
   4.6086961e-01
   4.5072466e-01
   4.4637684e-01
   4.4637681e-01
   4.4927539e-01
   4.5507248e-01
   4.6231885e-01
   4.6666670e-01
   4.7391303e-01
   4.8115943e-01
   4.8985510e-01
   5.0144929e-01
   5.1594202e-01
   5.3768118e-01
   5.6231883e-01
   5.9420291e-01
   6.2753626e-01
   6.6231885e-01
   6.9855074e-01
   7.2898555e-01
   7.5362322e-01
   7.7246378e-01
   7.8260872e-01
   7.8695654e-01
   7.8405799e-01
   7.7391305e-01
   7.5652177e-01
   7.3043479e-01
   6.9855074e-01
   6.5797103e-01
   6.1449276e-01
   5.6956523e-01
   5.2608700e-01
   4.8840580e-01
   4.5797103e-01
   4.3913047e-01
   4.3188404e-01
   4.3478262e-01
   4.4782611e-01
   4.7246379e-01
   5.0144929e-01
   5.3478261e-01
   5.6956523e-01
   6.0144930e-01
   6.2753626e-01
   6.4927539e-01
   6.6086957e-01
   6.6231885e-01
   6.5797103e-01
   6.4637684e-01
   6.2753626e-01
   6.0434782e-01
   5.7826090e-01
   5.5072464e-01
   5.2173915e-01
   4.9565220e-01
   4.7536234e-01
   4.6376815e-01
   4.5942030e-01
   4.6376815e-01
   4.7826088e-01
   4.9855074e-01
   5.2463769e-01
   5.5072464e-01
   5.7826090e-01
   6.0434785e-01
   6.2753626e-01
   6.5217393e-01
   6.7246379e-01
   6.9130434e-01
   7.0724638e-01
   7.2173918e-01
   7.3043479e-01
   7.3623191e-01
   7.3768118e-01
   7.3623188e-01
   7.3043479e-01
   7.2463769e-01
   7.1739133e-01
   7.1014496e-01
   7.0144932e-01
   6.9420289e-01
   6.8695652e-01
   6.8115943e-01
   6.7536234e-01
   6.6666670e-01
   6.5797106e-01
   6.4347826e-01
   6.2753626e-01
   6.0579712e-01
   5.8260869e-01
   5.5797104e-01
   5.3333336e-01
   5.0869566e-01
   4.8115943e-01
   4.5507248e-01
   4.2608698e-01
   3.9565221e-01
   3.6521741e-01
   3.3478261e-01
   3.0724638e-01
   2.8695652e-01
   2.7536234e-01
   2.7536234e-01
   2.8405798e-01
   3.0000002e-01
   3.2318842e-01
   3.4927537e-01
   3.7681163e-01
   4.0434782e-01
   4.2898553e-01
   4.5072466e-01
   4.6666670e-01
   4.8115943e-01
   4.9275362e-01
   5.0289856e-01
   5.1304348e-01
   5.2318845e-01
   5.3768115e-01
   5.5217392e-01
   5.6666668e-01
   5.7971017e-01
   5.8840581e-01
   5.9420291e-01
   5.9710145e-01
   5.9855073e-01
   6.0000003e-01
   6.0579712e-01
   6.1304349e-01
   6.2463768e-01
   6.4057972e-01
   6.5507248e-01
   6.7101452e-01
   6.8260870e-01
   6.8695656e-01
   6.8260870e-01
   6.6956521e-01
   6.4637684e-01
   6.1449280e-01
   5.7536232e-01
   5.3333336e-01
   4.9275362e-01
   4.5942033e-01
   4.3478262e-01
   4.2463768e-01
   4.3043480e-01
   4.4782611e-01
   4.7681161e-01
   5.1594205e-01
   5.5797101e-01
   6.0144930e-01
   6.4637684e-01
   6.8695656e-01
   7.2463769e-01
   7.5362322e-01
   7.7536232e-01
   7.8695654e-01
   7.8550727e-01
   7.7246378e-01
   7.4782610e-01
   7.1159423e-01
   6.6666670e-01
   6.1304349e-01
   5.5507246e-01
   4.9420289e-01
   4.3188408e-01
   3.7246378e-01
   3.1884060e-01
   2.7391306e-01
   2.3623190e-01
   2.0869567e-01
   1.8985509e-01
   1.7681160e-01
   1.6521741e-01
   1.5507250e-01
   1.4492755e-01
   1.3333336e-01
   1.2173915e-01
   1.1159420e-01
   1.0144929e-01
   9.5652196e-02
   9.2753618e-02
   9.2753649e-02
   9.2753618e-02
   9.8550743e-02
   1.0434784e-01
   1.1304348e-01
   1.2318842e-01
   1.3623188e-01
   1.5362319e-01
   1.7246378e-01
   1.9565218e-01
   2.2463771e-01
   2.5507248e-01
   2.8985510e-01
   3.2753624e-01
   3.6521741e-01
   3.9855073e-01
   4.2608698e-01
   4.4637684e-01
   4.5797103e-01
   4.6231885e-01
   4.6086957e-01
   4.5652175e-01
   4.5362321e-01
   4.5217393e-01
   4.5507248e-01
   4.6231885e-01
   4.7826088e-01
   5.0000002e-01
   5.2753624e-01
   5.6231886e-01
   6.0289855e-01
   6.4637684e-01
   6.8840583e-01
   7.2753627e-01
   7.5652177e-01
   7.7681160e-01
   7.8115945e-01
   7.6956523e-01
   7.4057973e-01
   6.9565220e-01
   6.3623190e-01
   5.6521741e-01
   4.8550725e-01
   4.0579709e-01
   3.2608697e-01
   2.5652175e-01
   2.0289858e-01
   1.6521741e-01
   1.4927537e-01
   1.5217392e-01
   1.7246378e-01
   2.0579712e-01
   2.4927539e-01
   2.9420292e-01
   3.4057973e-01
   3.8405796e-01
   4.2318840e-01
   4.5507248e-01
   4.8115943e-01
   4.9710147e-01
   5.0869569e-01
   5.1304351e-01
   5.1159423e-01
   5.0434784e-01
   4.9420289e-01
   4.7826088e-01
   4.5507248e-01
   4.2608698e-01
   3.8985509e-01
   3.4492755e-01
   2.9565216e-01
   2.4347826e-01
   1.9420291e-01
   1.4782610e-01
   1.1449278e-01
   9.2753649e-02
   8.5507251e-02
   9.4202923e-02
   1.1739133e-01
   1.5507246e-01
   2.0144927e-01
   2.5217393e-01
   3.0579711e-01
   3.5652174e-01
   4.0144927e-01
   4.3623190e-01
   4.5797103e-01
   4.7246379e-01
   4.7826088e-01
   4.7826088e-01
   4.7681161e-01
   4.7681161e-01
   4.7971016e-01
   4.8260870e-01
   4.8985510e-01
   4.9855074e-01
   5.1014493e-01
   5.2173915e-01
   5.3478261e-01
   5.4782610e-01
   5.5797101e-01
   5.6521741e-01
   5.7101453e-01
   5.6956526e-01
   5.6521741e-01
   5.5942032e-01
   5.4782613e-01
   5.3623191e-01
   5.2318842e-01
   5.1014496e-01
   4.9420289e-01
   4.7681161e-01
   4.5942030e-01
   4.3913044e-01
   4.1739131e-01
   3.9420291e-01
   3.7246378e-01
   3.4782610e-01
   3.2753624e-01
   3.0724638e-01
   2.9130438e-01
   2.7826088e-01
   2.7391306e-01
   2.7681161e-01
   2.8405798e-01
   2.9855074e-01
   3.1449278e-01
   3.2898551e-01
   3.4202900e-01
   3.4637682e-01
   3.4492755e-01
   3.3333336e-01
   3.1449275e-01
   2.8840580e-01
   2.5797103e-01
   2.2463771e-01
   1.9130436e-01
   1.6231886e-01
   1.3478264e-01
   1.1449278e-01
   1.0289856e-01
   1.0144929e-01
   1.1014493e-01
   1.2463769e-01
   1.4782613e-01
   1.7536235e-01
   2.0289855e-01
   2.3188408e-01
   2.5652175e-01
   2.8115943e-01
   3.0000002e-01
   3.1594205e-01
   3.2753624e-01
   3.3768115e-01
   3.4637682e-01
   3.5652174e-01
   3.7246378e-01
   3.9130436e-01
   4.1739131e-01
   4.5072466e-01
   4.8840583e-01
   5.2898555e-01
   5.6956523e-01
   6.0579712e-01
   6.3333335e-01
   6.4927539e-01
   6.5362321e-01
   6.4492757e-01
   6.2173916e-01
   5.8985509e-01
   5.4927540e-01
   5.0289856e-01
   4.5797103e-01
   4.1594204e-01
   3.8260872e-01
   3.5507246e-01
   3.3768115e-01
   3.2753624e-01
   3.2028987e-01
   3.1594205e-01
   3.0869569e-01
   3.0000002e-01
   2.8985510e-01
   2.7826088e-01
   2.7246376e-01
   2.7101452e-01
   2.7826088e-01
   2.9130438e-01
   3.1159423e-01
   3.3623188e-01
   3.5942028e-01
   3.7971017e-01
   3.9275367e-01
   3.9275363e-01
   3.7826090e-01
   3.4782610e-01
   3.0434784e-01
   2.5362318e-01
   1.9855076e-01
   1.4347828e-01
   9.8550743e-02
   6.6666698e-02
   4.7826114e-02
   4.4927567e-02
   5.2173934e-02
   6.9565245e-02
   8.9855103e-02
   1.1159420e-01
   1.2898551e-01
   1.4347828e-01
   1.5072464e-01
   1.5362319e-01
   1.5507246e-01
   1.5217392e-01
   1.5362319e-01
   1.5507246e-01
   1.6376810e-01
   1.7681163e-01
   1.9710145e-01
   2.2028986e-01
   2.4492757e-01
   2.7101452e-01
   2.9565220e-01
   3.1739133e-01
   3.3478264e-01
   3.5072464e-01
   3.6231886e-01
   3.6956523e-01
   3.7681160e-01
   3.7826087e-01
   3.7246378e-01
   3.6086959e-01
   3.4202900e-01
   3.1739133e-01
   2.8550728e-01
   2.5217393e-01
   2.2028986e-01
   1.9130436e-01
   1.6811596e-01
   1.5217395e-01
   1.4637682e-01
   1.5217392e-01
   1.6666668e-01
   1.9130436e-01
   2.2028986e-01
   2.5507245e-01
   2.8695652e-01
   3.1594202e-01
   3.3913046e-01
   3.5507250e-01
   3.6666668e-01
   3.7536232e-01
   3.7971014e-01
   3.8695654e-01
   3.9565218e-01
   4.0579709e-01
   4.2173916e-01
   4.3913044e-01
   4.5652175e-01
   4.7536231e-01
   4.9275365e-01
   5.0869566e-01
   5.1884060e-01
   5.2608697e-01
   5.2463769e-01
   5.1739133e-01
   5.0289859e-01
   4.8695652e-01
   4.6811594e-01
   4.5507248e-01
   4.4782611e-01
   4.4782611e-01
   4.5652175e-01
   4.7391306e-01
   4.9855074e-01
   5.2608697e-01
   5.5652177e-01
   5.8550727e-01
   6.0724640e-01
   6.2318844e-01
   6.2898553e-01
   6.2753626e-01
   6.1594204e-01
   6.0144930e-01
   5.8405799e-01
   5.6811596e-01
   5.5652177e-01
   5.5072464e-01
   5.4927537e-01
   5.5217392e-01
   5.5652174e-01
   5.5797101e-01
   5.5362319e-01
   5.4202900e-01
   5.2463773e-01
   5.0144929e-01
   4.7391306e-01
   4.4347829e-01
   4.1304349e-01
   3.8405799e-01
   3.6231886e-01
   3.4782610e-01
   3.4057973e-01
   3.4347828e-01
   3.5362319e-01
   3.7101450e-01
   3.9420291e-01
   4.1594204e-01
   4.3913044e-01
   4.5797106e-01
   4.7391306e-01
   4.8695652e-01
   4.9710147e-01
   5.0434787e-01
   5.1014493e-01
   5.1159420e-01
   5.0869566e-01
   5.0144929e-01
   4.9130438e-01
   4.7826088e-01
   4.6376815e-01
   4.4782608e-01
   4.3333335e-01
   4.1884058e-01
   4.0724640e-01
   3.9855073e-01
   3.9275363e-01
   3.8985509e-01
   3.9130436e-01
   3.9710145e-01
   4.0579712e-01
   4.1739131e-01
   4.2898553e-01
   4.4057975e-01
   4.5217393e-01
   4.6086957e-01
   4.7101452e-01
   4.8115943e-01
   4.8985510e-01
   4.9855074e-01
   5.0724641e-01
   5.1304351e-01
   5.1884060e-01
   5.2173915e-01
   5.2318842e-01
   5.2173915e-01
   5.2318842e-01
   5.2318842e-01
   5.2318842e-01
   5.2463773e-01
   5.2318842e-01
   5.2318842e-01
   5.2173915e-01
   5.1884060e-01
   5.1884060e-01
   5.2028987e-01
   5.2173915e-01
   5.2898551e-01
   5.3768118e-01
   5.4927537e-01
   5.6086959e-01
   5.6956523e-01
   5.7681160e-01
   5.7681163e-01
   5.7101453e-01
   5.5362319e-01
   5.2463769e-01
   4.8260870e-01
   4.2753626e-01
   3.6521741e-01
   2.9855074e-01
   2.3043480e-01
   1.6811596e-01
   1.1884060e-01
   8.2608705e-02
   6.5217425e-02
   6.5217393e-02
   8.2608705e-02
   1.1304348e-01
   1.5507250e-01
   2.0434782e-01
   2.5217390e-01
   2.9565220e-01
   3.2898551e-01
   3.4927537e-01
   3.5652174e-01
   3.5217392e-01
   3.3768118e-01
   3.1594202e-01
   2.9275362e-01
   2.6956524e-01
   2.4782611e-01
   2.2898553e-01
   2.1304349e-01
   2.0000003e-01
   1.8985509e-01
   1.8405799e-01
   1.7826087e-01
   1.7826090e-01
   1.7971014e-01
   1.8260872e-01
   1.8550727e-01
   1.8695654e-01
   1.8550727e-01
   1.8260869e-01
   1.7681160e-01
   1.7246378e-01
   1.6811596e-01
   1.6376814e-01
   1.6231886e-01
   1.6376814e-01
   1.6811596e-01
   1.7536232e-01
   1.8695654e-01
   2.0000000e-01
   2.1594204e-01
   2.3188408e-01
   2.4782608e-01
   2.6231885e-01
   2.7101452e-01
   2.7826088e-01
   2.8115943e-01
   2.8260870e-01
   2.8405798e-01
   2.8260870e-01
   2.8260874e-01
   2.8405798e-01
   2.8405798e-01
   2.8985510e-01
   2.9710147e-01
   3.0869566e-01
   3.2463769e-01
   3.4782610e-01
   3.7246378e-01
   4.0144930e-01
   4.2753626e-01
   4.5217393e-01
   4.7246379e-01
   4.8405798e-01
   4.9275362e-01
   4.9710147e-01
   4.9855074e-01
   4.9855071e-01
   5.0000002e-01
   5.0000002e-01
   5.0289856e-01
   5.0869566e-01
   5.1304351e-01
   5.1884060e-01
   5.2463769e-01
   5.2898551e-01
   5.3043482e-01
   5.3043479e-01
   5.2608697e-01
   5.2028987e-01
   5.1304351e-01
   5.0434784e-01
   4.9710147e-01
   4.8695652e-01
   4.7826088e-01
   4.6521739e-01
   4.5217393e-01
   4.3623190e-01
   4.1884058e-01
   4.0000000e-01
   3.8260872e-01
   3.6956523e-01
   3.5797101e-01
   3.4927540e-01
   3.4202900e-01
   3.3623191e-01
   3.2753624e-01
   3.1739133e-01
   3.0579711e-01
   2.9420292e-01
   2.8115943e-01
   2.7101452e-01
   2.6231888e-01
   2.5652175e-01
   2.5362321e-01
   2.5507248e-01
   2.6231885e-01
   2.7391306e-01
   2.8840583e-01
   3.0724638e-01
   3.2608700e-01
   3.4637682e-01
   3.6666668e-01
   3.8405799e-01
   4.0144930e-01
   4.1739131e-01
   4.3478262e-01
   4.5217393e-01
   4.6956524e-01
   4.8840583e-01
   5.0869566e-01
   5.2753624e-01
   5.4492755e-01
   5.6086959e-01
   5.7681160e-01
   5.8840581e-01
   5.9565218e-01
   5.9710145e-01
   5.9130436e-01
   5.7826090e-01
   5.5942032e-01
   5.3188409e-01
   5.0144929e-01
   4.6956521e-01
   4.3768117e-01
   4.1014494e-01
   3.8550724e-01
   3.6811596e-01
   3.5652174e-01
   3.5072464e-01
   3.4927540e-01
   3.5652177e-01
   3.6811596e-01
   3.8405799e-01
   4.0289858e-01
   4.1884058e-01
   4.3333335e-01
   4.4347829e-01
   4.4782611e-01
   4.4927539e-01
   4.4637684e-01
   4.3913044e-01
   4.3188408e-01
   4.2463771e-01
   4.1594204e-01
   4.0579712e-01
   3.9710149e-01
   3.8840581e-01
   3.8260872e-01
   3.7826090e-01
   3.7971017e-01
   3.8260872e-01
   3.8985509e-01
   4.0000000e-01
   4.1304349e-01
   4.2898550e-01
   4.4492757e-01
   4.6086961e-01
   4.7536234e-01
   4.8695652e-01
   4.9275362e-01
   4.8985507e-01
   4.8260870e-01
   4.6811594e-01
   4.5217393e-01
   4.3333335e-01
   4.1739131e-01
   4.0724640e-01
   3.9855076e-01
   3.9710145e-01
   3.9710149e-01
   4.0000000e-01
   4.0289858e-01
   4.0724640e-01
   4.1014494e-01
   4.1449276e-01
   4.1739131e-01
   4.2028986e-01
   4.2318840e-01
   4.2898553e-01
   4.3478262e-01
   4.4202899e-01
   4.5362321e-01
   4.6811597e-01
   4.8260874e-01
   5.0289859e-01
   5.2173915e-01
   5.4057970e-01
   5.5652174e-01
   5.6956523e-01
   5.7536232e-01
   5.7536235e-01
   5.6666668e-01
   5.5217395e-01
   5.2898555e-01
   5.0144929e-01
   4.6956521e-01
   4.3768117e-01
   4.1014494e-01
   3.8840581e-01
   3.7681160e-01
   3.7826090e-01
   3.8840581e-01
   4.0869567e-01
   4.3478262e-01
   4.6521739e-01
   4.9275365e-01
   5.1594205e-01
   5.3188406e-01
   5.3768115e-01
   5.3478261e-01
   5.1884060e-01
   4.9420292e-01
   4.6231885e-01
   4.2463771e-01
   3.8405799e-01
   3.4492755e-01
   3.1014493e-01
   2.8260874e-01
   2.6231885e-01
   2.4927539e-01
   2.4057975e-01
   2.3333335e-01
   2.2898550e-01
   2.2028986e-01
   2.1159422e-01
   2.0289855e-01
   1.9420294e-01
   1.8985509e-01
   1.8985509e-01
   1.9710145e-01
   2.1449276e-01
   2.4202902e-01
   2.7971016e-01
   3.2608697e-01
   3.7971014e-01
   4.3623190e-01
   4.9420292e-01
   5.4927537e-01
   6.0000000e-01
   6.4347826e-01
   6.8115943e-01
   7.1304348e-01
   7.3768118e-01
   7.5942032e-01
   7.7246378e-01
   7.8115942e-01
   7.8260872e-01
   7.7536235e-01
   7.6086959e-01
   7.3623191e-01
   7.0434784e-01
   6.6521739e-01
   6.2173916e-01
   5.7391308e-01
   5.2028987e-01
   4.6666670e-01
   4.1304349e-01
   3.6086959e-01
   3.1304348e-01
   2.7246376e-01
   2.3913044e-01
   2.1449276e-01
   2.0000003e-01
   1.9565218e-01
   2.0144930e-01
   2.1739131e-01
   2.4202899e-01
   2.7681161e-01
   3.2028987e-01
   3.6666668e-01
   4.1449276e-01
   4.6231888e-01
   5.0434784e-01
   5.3768118e-01
   5.6231886e-01
   5.7681160e-01
   5.8260872e-01
   5.7826087e-01
   5.6521741e-01
   5.4637682e-01
   5.2028987e-01
   4.8840580e-01
   4.5652175e-01
   4.2318840e-01
   3.9855073e-01
   3.7826090e-01
   3.6956523e-01
   3.7101450e-01
   3.8260872e-01
   4.0000003e-01
   4.2318840e-01
   4.4927539e-01
   4.7246379e-01
   4.9130438e-01
   5.0289856e-01
   5.0724641e-01
   5.0144929e-01
   4.8550728e-01
   4.6231885e-01
   4.3478262e-01
   4.0434785e-01
   3.7391308e-01
   3.4492755e-01
   3.2173915e-01
   3.0289856e-01
   2.9275365e-01
   2.8840583e-01
   2.9275365e-01
   3.0289856e-01
   3.2463769e-01
   3.5217392e-01
   3.8550727e-01
   4.2608695e-01
   4.6666667e-01
   5.0724638e-01
   5.4202900e-01
   5.7101450e-01
   5.9275367e-01
   6.0869567e-01
   6.1884058e-01
   6.2463768e-01
   6.2898550e-01
   6.3478262e-01
   6.4492757e-01
   6.5797103e-01
   6.7826088e-01
   7.0144932e-01
   7.2753627e-01
   7.5507250e-01
   7.7826090e-01
   7.9710145e-01
   8.0434785e-01
   8.0144930e-01
   7.8550727e-01
   7.5942032e-01
   7.2463773e-01
   6.8550728e-01
   6.4202899e-01
   5.9855073e-01
   5.5797104e-01
   5.1739133e-01
   4.8115943e-01
   4.4637684e-01
   4.1594204e-01
   3.8840581e-01
   3.6376810e-01
   3.4202900e-01
   3.2463769e-01
   3.1159420e-01
   3.0289859e-01
   2.9420289e-01
   2.9130438e-01
   2.9130438e-01
   2.9420292e-01
   3.0144929e-01
   3.1159423e-01
   3.2318842e-01
   3.3333333e-01
   3.4347828e-01
   3.5072468e-01
   3.5507250e-01
   3.5652177e-01
   3.5652174e-01
   3.5362319e-01
   3.5217392e-01
   3.4927537e-01
   3.4782610e-01
   3.4927537e-01
   3.5652177e-01
   3.6956523e-01
   3.8840581e-01
   4.1884058e-01
   4.5507248e-01
   4.9855074e-01
   5.4927537e-01
   6.0144927e-01
   6.5507248e-01
   7.0724638e-01
   7.5797104e-01
   8.0144927e-01
   8.3768120e-01
   8.6666670e-01
   8.8260870e-01
   8.8840583e-01
   8.8550728e-01
   8.7391306e-01
   8.6086957e-01
   8.4492754e-01
   8.3623190e-01
   8.3043480e-01
   8.3333335e-01
   8.4202902e-01
   8.5507248e-01
   8.6956521e-01
   8.8405798e-01
   8.9565220e-01
   9.0144929e-01
   9.0000005e-01
   8.8985507e-01
   8.7391306e-01
   8.4782611e-01
   8.1594204e-01
   7.8405799e-01
   7.4927537e-01
   7.1594205e-01
   6.8550728e-01
   6.5942030e-01
   6.3623193e-01
   6.1739131e-01
   6.0289855e-01
   5.8985509e-01
   5.7971014e-01
   5.7391305e-01
   5.7101450e-01
   5.6956523e-01
   5.6811596e-01
   5.6811596e-01
   5.6376814e-01
   5.5507250e-01
   5.4492755e-01
   5.3043479e-01
   5.1304351e-01
   4.9565220e-01
   4.7826088e-01
   4.6086957e-01
   4.4492754e-01
   4.2898550e-01
   4.1304349e-01
   3.9710145e-01
   3.7971014e-01
   3.6376810e-01
   3.4927540e-01
   3.3188409e-01
   3.1594202e-01
   3.0000002e-01
   2.8695652e-01
   2.7826088e-01
   2.7246376e-01
   2.7536234e-01
   2.8550725e-01
   3.0000002e-01
   3.1884060e-01
   3.4057973e-01
   3.6231886e-01
   3.8260872e-01
   4.0000000e-01
   4.1304352e-01
   4.2608698e-01
   4.3768120e-01
   4.4637681e-01
   4.5652175e-01
   4.6376812e-01
   4.7246379e-01
   4.8405798e-01
   4.9420292e-01
   5.0289856e-01
   5.1594205e-01
   5.2753624e-01
   5.3768118e-01
   5.4927537e-01
   5.5942032e-01
   5.6666668e-01
   5.7246378e-01
   5.7826087e-01
   5.8260872e-01
   5.8695654e-01
   5.8985509e-01
   5.9130436e-01
   5.9130436e-01
   5.8985509e-01
   5.8985509e-01
   5.8840581e-01
   5.8985509e-01
   5.9420291e-01
   5.9855073e-01
   6.0434782e-01
   6.1014494e-01
   6.1594204e-01
   6.2028989e-01
   6.2463771e-01
   6.2608695e-01
   6.2753626e-01
   6.2898553e-01
   6.2753626e-01
   6.2753626e-01
   6.2463771e-01
   6.2173913e-01
   6.1739131e-01
   6.1159422e-01
   6.0869567e-01
   6.0579712e-01
   6.0579712e-01
   6.1014494e-01
   6.1159422e-01
   6.1594207e-01
   6.1884058e-01
   6.1884062e-01
   6.1884062e-01
   6.1449280e-01
   6.1014494e-01
   6.0434785e-01
   5.9710145e-01
   5.8840581e-01
   5.7971017e-01
   5.6811596e-01
   5.5942032e-01
   5.5072464e-01
   5.4202900e-01
   5.3478264e-01
   5.2898551e-01
   5.2608697e-01
   5.2173915e-01
   5.2028987e-01
   5.2318842e-01
   5.2898551e-01
   5.4057973e-01
   5.5652177e-01
   5.7681160e-01
   5.9710145e-01
   6.1594204e-01
   6.3188408e-01
   6.4057972e-01
   6.4202902e-01
   6.3478262e-01
   6.2028986e-01
   5.9855076e-01
   5.7246378e-01
   5.4347828e-01
   5.1304348e-01
   4.8550725e-01
   4.6086957e-01
   4.4637681e-01
   4.3623190e-01
   4.3478262e-01
   4.3768117e-01
   4.4492757e-01
   4.5072466e-01
   4.5072466e-01
   4.4492754e-01
   4.3188408e-01
   4.1014494e-01
   3.8405799e-01
   3.5652177e-01
   3.3043479e-01
   3.1159423e-01
   3.0144929e-01
   3.0434784e-01
   3.2028987e-01
   3.4782610e-01
   3.8840581e-01
   4.3333335e-01
   4.8115943e-01
   5.2318842e-01
   5.5797104e-01
   5.7681163e-01
   5.8260872e-01
   5.7391308e-01
   5.5507246e-01
   5.2753624e-01
   5.0000002e-01
   4.7391306e-01
   4.5652175e-01
   4.4492754e-01
   4.4057972e-01
   4.4347826e-01
   4.5072466e-01
   4.6086957e-01
   4.6811594e-01
   4.7536234e-01
   4.7826092e-01
   4.7681161e-01
   4.7246379e-01
   4.6666667e-01
   4.6231888e-01
   4.5942030e-01
   4.6231885e-01
   4.6666667e-01
   4.7246379e-01
   4.7826088e-01
   4.7971016e-01
   4.7971016e-01
   4.7391306e-01
   4.6521743e-01
   4.5652175e-01
   4.5072463e-01
   4.5072466e-01
   4.5797103e-01
   4.7246376e-01
   4.9275362e-01
   5.1739133e-01
   5.4492755e-01
   5.6956523e-01
   5.9275367e-01
   6.1159422e-01
   6.2173916e-01
   6.2318840e-01
   6.1884062e-01
   6.0434782e-01
   5.8405799e-01
   5.5652177e-01
   5.2753627e-01
   4.9565216e-01
   4.6086961e-01
   4.2608698e-01
   3.9130436e-01
   3.5652174e-01
   3.2463769e-01
   2.9855071e-01
   2.7971016e-01
   2.7101452e-01
   2.7246379e-01
   2.8550728e-01
   3.0724641e-01
   3.3043479e-01
   3.5652174e-01
   3.7536232e-01
   3.8840581e-01
   3.9130436e-01
   3.8550724e-01
   3.7101450e-01
   3.5217395e-01
   3.2898551e-01
   3.0724641e-01
   2.8985510e-01
   2.7971016e-01
   2.7681161e-01
   2.8550725e-01
   3.0144929e-01
   3.2318842e-01
   3.5072464e-01
   3.7681163e-01
   4.0144930e-01
   4.2173913e-01
   4.3913047e-01
   4.4927536e-01
   4.5652175e-01
   4.6231888e-01
   4.6521739e-01
   4.6811594e-01
   4.7101449e-01
   4.7826088e-01
   4.8840580e-01
   5.0434784e-01
   5.2463769e-01
   5.4927537e-01
   5.7681160e-01
   6.0289858e-01
   6.2608698e-01
   6.4202902e-01
   6.4927539e-01
   6.4492754e-01
   6.2898550e-01
   6.0579709e-01
   5.7536232e-01
   5.3768118e-01
   5.0144929e-01
   4.6376812e-01
   4.3188408e-01
   4.0579712e-01
   3.8695654e-01
   3.7971017e-01
   3.8115945e-01
   3.8840581e-01
   4.0000003e-01
   4.1449276e-01
   4.2753626e-01
   4.3478262e-01
   4.3913047e-01
   4.3768117e-01
   4.3188408e-01
   4.2318844e-01
   4.1449276e-01
   4.0434782e-01
   3.9565218e-01
   3.8695654e-01
   3.7971014e-01
   3.7681163e-01
   3.7391308e-01
   3.7536232e-01
   3.8115945e-01
   3.8985509e-01
   4.0000003e-01
   4.1159422e-01
   4.2318840e-01
   4.3043480e-01
   4.3478262e-01
   4.3188408e-01
   4.2318844e-01
   4.0579712e-01
   3.8260869e-01
   3.5362319e-01
   3.2173915e-01
   2.8985507e-01
   2.6521743e-01
   2.4927536e-01
   2.4492754e-01
   2.5217390e-01
   2.7101452e-01
   3.0000002e-01
   3.3043482e-01
   3.6521741e-01
   3.9710145e-01
   4.2753622e-01
   4.5507248e-01
   4.7681161e-01
   4.9710147e-01
   5.1449278e-01
   5.3043479e-01
   5.4347828e-01
   5.5507246e-01
   5.6376814e-01
   5.7536232e-01
   5.8115945e-01
   5.8695654e-01
   5.8695654e-01
   5.8405796e-01
   5.7536235e-01
   5.5942032e-01
   5.3768118e-01
   5.1014496e-01
   4.7971016e-01
   4.4637684e-01
   4.1449276e-01
   3.8405796e-01
   3.5797104e-01
   3.3623191e-01
   3.1739133e-01
   3.0724641e-01
   3.0144929e-01
   2.9855074e-01
   2.9855074e-01
   3.0144929e-01
   3.0579711e-01
   3.0579714e-01
   3.0579711e-01
   3.0434784e-01
   3.0579711e-01
   3.0579711e-01
   3.0579711e-01
   3.0869566e-01
   3.1304348e-01
   3.1449278e-01
   3.1159420e-01
   3.0579711e-01
   2.9420292e-01
   2.7826088e-01
   2.6086961e-01
   2.4202899e-01
   2.2463771e-01
   2.1014494e-01
   1.9710149e-01
   1.8840581e-01
   1.8405799e-01
   1.8115945e-01
   1.8405799e-01
   1.8985509e-01
   2.0144927e-01
   2.1449276e-01
   2.3478262e-01
   2.5652175e-01
   2.7971016e-01
   3.0434787e-01
   3.2753624e-01
   3.4637682e-01
   3.5797101e-01
   3.6086956e-01
   3.5217395e-01
   3.3623191e-01
   3.1159423e-01
   2.8550728e-01
   2.6231885e-01
   2.4637684e-01
   2.4057972e-01
   2.4782611e-01
   2.6811597e-01
   2.9565216e-01
   3.3043479e-01
   3.6521741e-01
   3.9855076e-01
   4.3043480e-01
   4.5652175e-01
   4.7971016e-01
   5.0000002e-01
   5.1594202e-01
   5.3043479e-01
   5.4057973e-01
   5.4927537e-01
   5.5362319e-01
   5.5507246e-01
   5.5217395e-01
   5.4347828e-01
   5.3188406e-01
   5.1739133e-01
   5.0000002e-01
   4.7971019e-01
   4.5797103e-01
   4.3768117e-01
   4.1449276e-01
   3.9420294e-01
   3.7246381e-01
   3.4782610e-01
   3.2173915e-01
   2.9565220e-01
   2.6811594e-01
   2.4347826e-01
   2.2173916e-01
   2.0724640e-01
   1.9855076e-01
   1.9565218e-01
   2.0000000e-01
   2.0434785e-01
   2.1014494e-01
   2.1594204e-01
   2.1739131e-01
   2.1884058e-01
   2.1594204e-01
   2.1159422e-01
   2.0579709e-01
   2.0144930e-01
   1.9565218e-01
   1.9275363e-01
   1.9130436e-01
   1.9275363e-01
   1.9565218e-01
   2.0144927e-01
   2.0579712e-01
   2.1014494e-01
   2.1304349e-01
   2.1594207e-01
   2.1884058e-01
   2.2028989e-01
   2.2318840e-01
   2.2608695e-01
   2.2898553e-01
   2.3188408e-01
   2.3623190e-01
   2.3623190e-01
   2.3478262e-01
   2.3623190e-01
   2.3478262e-01
   2.3768117e-01
   2.4492757e-01
   2.5507248e-01
   2.6666667e-01
   2.7971016e-01
   2.9130438e-01
   2.9855074e-01
   3.0579711e-01
   3.0724638e-01
   3.0724638e-01
   3.0724638e-01
   3.0579711e-01
   3.0724638e-01
   3.1159423e-01
   3.1739133e-01
   3.2463769e-01
   3.3333333e-01
   3.4057970e-01
   3.4202897e-01
   3.3913046e-01
   3.2753627e-01
   3.1159420e-01
   2.9130438e-01
   2.6956524e-01
   2.5072466e-01
   2.4202902e-01
   2.4202899e-01
   2.5362321e-01
   2.7826088e-01
   3.0869566e-01
   3.4202900e-01
   3.7681160e-01
   4.0434782e-01
   4.2608698e-01
   4.4057972e-01
   4.4492757e-01
   4.4492757e-01
   4.4202899e-01
   4.3768117e-01
   4.3333335e-01
   4.3043480e-01
   4.3043480e-01
   4.3478262e-01
   4.3768117e-01
   4.4202902e-01
   4.4347826e-01
   4.4202899e-01
   4.3478262e-01
   4.2318840e-01
   4.1014494e-01
   3.9565218e-01
   3.8260872e-01
   3.7391305e-01
   3.7246381e-01
   3.7681163e-01
   3.8695654e-01
   3.9710145e-01
   4.1014494e-01
   4.2173916e-01
   4.3188408e-01
   4.3913044e-01
   4.4202899e-01
   4.4057972e-01
   4.3478262e-01
   4.2318840e-01
   4.0579712e-01
   3.8550727e-01
   3.6086959e-01
   3.3478261e-01
   3.0724638e-01
   2.8405798e-01
   2.6086957e-01
   2.4492754e-01
   2.3333335e-01
   2.3043480e-01
   2.3768117e-01
   2.5507248e-01
   2.8260870e-01
   3.2028987e-01
   3.6376810e-01
   4.1014494e-01
   4.5797106e-01
   5.0289856e-01
   5.4202900e-01
   5.7536235e-01
   5.9855073e-01
   6.1594204e-01
   6.2318840e-01
   6.1884062e-01
   6.0434785e-01
   5.7536232e-01
   5.3913046e-01
   4.9130438e-01
   4.3913044e-01
   3.8550724e-01
   3.3188409e-01
   2.8550725e-01
   2.4927539e-01
   2.2318840e-01
   2.0869567e-01
   2.0724637e-01
   2.1594204e-01
   2.3333335e-01
   2.5797103e-01
   2.8405798e-01
   3.1014496e-01
   3.3333333e-01
   3.5217392e-01
   3.6666668e-01
   3.7681160e-01
   3.8405796e-01
   3.9130436e-01
   3.9855073e-01
   4.0144927e-01
   4.0144930e-01
   3.9565218e-01
   3.8405799e-01
   3.6521741e-01
   3.4347828e-01
   3.1739133e-01
   2.9420289e-01
   2.7536234e-01
   2.6666667e-01
   2.6666667e-01
   2.7971016e-01
   3.0289856e-01
   3.3768118e-01
   3.7971014e-01
   4.2608698e-01
   4.7391306e-01
   5.1594205e-01
   5.4637682e-01
   5.6231883e-01
   5.5942028e-01
   5.3768118e-01
   4.9710147e-01
   4.4202899e-01
   3.7536235e-01
   3.0579714e-01
   2.4057975e-01
   1.8405799e-01
   1.4637682e-01
   1.2608697e-01
   1.2463769e-01
   1.4202900e-01
   1.7681160e-01
   2.1739134e-01
   2.6376812e-01
   3.0434784e-01
   3.3768118e-01
   3.6086959e-01
   3.7536235e-01
   3.7971017e-01
   3.8115942e-01
   3.8405799e-01
   3.8840581e-01
   3.9275363e-01
   4.0144927e-01
   4.0869567e-01
   4.1449276e-01
   4.1304349e-01
   4.0724640e-01
   3.9565221e-01
   3.7971014e-01
   3.6086959e-01
   3.4202900e-01
   3.2608697e-01
   3.1159420e-01
   3.0579711e-01
   3.0289856e-01
   3.0724641e-01
   3.1449275e-01
   3.2753624e-01
   3.4057973e-01
   3.5362319e-01
   3.6231886e-01
   3.6956523e-01
   3.7536235e-01
   3.7971014e-01
   3.8550727e-01
   3.9130436e-01
   3.9855076e-01
   4.0434785e-01
   4.1159422e-01
   4.1449276e-01
   4.1449276e-01
   4.1159422e-01
   4.0579712e-01
   4.0144930e-01
   3.9710145e-01
   3.9855073e-01
   4.0289855e-01
   4.1304349e-01
   4.2898550e-01
   4.4637684e-01
   4.6666670e-01
   4.8405798e-01
   5.0000002e-01
   5.0869566e-01
   5.1304351e-01
   5.0869569e-01
   5.0144929e-01
   4.8840580e-01
   4.7246379e-01
   4.5797106e-01
   4.4637684e-01
   4.3768117e-01
   4.3043480e-01
   4.2608695e-01
   4.2318840e-01
   4.2028986e-01
   4.1594204e-01
   4.1159422e-01
   4.0869567e-01
   4.0579712e-01
   4.0144930e-01
   3.9565218e-01
   3.8840581e-01
   3.7681163e-01
   3.6231886e-01
   3.4347828e-01
   3.2463769e-01
   3.0869569e-01
   2.9710147e-01
   2.9275365e-01
   2.9855074e-01
   3.1304348e-01
   3.3768118e-01
   3.6666668e-01
   4.0144930e-01
   4.3623190e-01
   4.6811597e-01
   4.9420292e-01
   5.1304351e-01
   5.2173915e-01
   5.2028987e-01
   5.1014493e-01
   4.9420292e-01
   4.7536234e-01
   4.5507248e-01
   4.3913044e-01
   4.2608695e-01
   4.1739134e-01
   4.1159422e-01
   4.0724637e-01
   4.0434785e-01
   4.0144927e-01
   4.0144930e-01
   4.0144930e-01
   4.0579712e-01
   4.1014494e-01
   4.1739134e-01
   4.2753622e-01
   4.3913044e-01
   4.4927539e-01
   4.6086957e-01
   4.6811597e-01
   4.7536234e-01
   4.7826088e-01
   4.7826088e-01
   4.7536231e-01
   4.6666667e-01
   4.5652175e-01
   4.4637681e-01
   4.3623190e-01
   4.2753626e-01
   4.2318844e-01
   4.2173913e-01
   4.2463771e-01
   4.2898553e-01
   4.3913047e-01
   4.5217390e-01
   4.6521739e-01
   4.7826088e-01
   4.8985507e-01
   4.9855074e-01
   5.0289856e-01
   5.0000002e-01
   4.9130434e-01
   4.7971016e-01
   4.6376812e-01
   4.4927539e-01
   4.3913044e-01
   4.3623190e-01
   4.3913044e-01
   4.4782611e-01
   4.6086957e-01
   4.7681161e-01
   4.9275365e-01
   5.0869569e-01
   5.2608697e-01
   5.4202900e-01
   5.6086959e-01
   5.8115942e-01
   6.0289858e-01
   6.2753626e-01
   6.5217393e-01
   6.7391306e-01
   6.9275362e-01
   7.0289856e-01
   7.0289859e-01
   6.9130438e-01
   6.6811597e-01
   6.2898553e-01
   5.8115945e-01
   5.2318842e-01
   4.6231885e-01
   4.0000000e-01
   3.4492755e-01
   2.9710147e-01
   2.5942030e-01
   2.3333335e-01
   2.1594204e-01
   2.1159422e-01
   2.1739131e-01
   2.3333335e-01
   2.5652175e-01
   2.8550725e-01
   3.2028987e-01
   3.5507250e-01
   3.8550724e-01
   4.0869567e-01
   4.2318840e-01
   4.2753626e-01
   4.1884058e-01
   4.0289855e-01
   3.7971017e-01
   3.5072464e-01
   3.2173915e-01
   2.9275362e-01
   2.6811594e-01
   2.5072463e-01
   2.4057972e-01
   2.4057975e-01
   2.4637681e-01
   2.5652175e-01
   2.7246379e-01
   2.8550728e-01
   2.9710147e-01
   3.0289856e-01
   3.0434784e-01
   3.0144929e-01
   2.9130434e-01
   2.7536234e-01
   2.5652175e-01
   2.3188404e-01
   2.0869567e-01
   1.8550727e-01
   1.6376814e-01
   1.5072464e-01
   1.4637682e-01
   1.5217395e-01
   1.6666668e-01
   1.9130436e-01
   2.2173916e-01
   2.5507245e-01
   2.8695656e-01
   3.1884060e-01
   3.4637682e-01
   3.7246381e-01
   3.9275363e-01
   4.1014494e-01
   4.2463771e-01
   4.3623190e-01
   4.4637681e-01
   4.5362321e-01
   4.6086961e-01
   4.6521739e-01
   4.6666670e-01
   4.6811597e-01
   4.6666670e-01
   4.6231885e-01
   4.5507248e-01
   4.4927539e-01
   4.4347826e-01
   4.4057972e-01
   4.4057972e-01
   4.4202899e-01
   4.4782611e-01
   4.5072466e-01
   4.5362321e-01
   4.4927539e-01
   4.4202902e-01
   4.2608698e-01
   4.0434785e-01
   3.8115942e-01
   3.5797101e-01
   3.3478261e-01
   3.1449278e-01
   3.0000002e-01
   2.8985510e-01
   2.8550725e-01
   2.8695656e-01
   2.9130438e-01
   3.0000002e-01
   3.1159420e-01
   3.2318842e-01
   3.3478264e-01
   3.4492755e-01
   3.5217392e-01
   3.5942032e-01
   3.6231886e-01
   3.6231886e-01
   3.5942032e-01
   3.4927537e-01
   3.3333336e-01
   3.1014493e-01
   2.7971016e-01
   2.4637681e-01
   2.1159422e-01
   1.7681160e-01
   1.4637682e-01
   1.2028987e-01
   1.0289856e-01
   8.9855071e-02
   8.4057978e-02
   8.4057978e-02
   9.1304344e-02
   1.0144929e-01
   1.1449278e-01
   1.2898555e-01
   1.4637682e-01
   1.5942028e-01
   1.7246378e-01
   1.7971017e-01
   1.8405799e-01
   1.8695654e-01
   1.8550727e-01
   1.8405796e-01
   1.8405799e-01
   1.8550727e-01
   1.9130436e-01
   1.9855076e-01
   2.1014494e-01
   2.2318844e-01
   2.3913044e-01
   2.5362321e-01
   2.6376815e-01
   2.7246379e-01
   2.7391303e-01
   2.6666667e-01
   2.5217393e-01
   2.2898553e-01
   2.0144927e-01
   1.7246381e-01
   1.4202900e-01
   1.1884060e-01
   9.8550743e-02
   8.6956524e-02
   8.5507283e-02
   9.1304344e-02
   1.0579711e-01
   1.3043482e-01
   1.5797104e-01
   1.8550727e-01
   2.1304349e-01
   2.3333335e-01
   2.4202899e-01
   2.4202902e-01
   2.3333335e-01
   2.1594204e-01
   1.9710145e-01
   1.8115945e-01
   1.6811596e-01
   1.6521741e-01
   1.7101450e-01
   1.8260872e-01
   2.0289858e-01
   2.2608698e-01
   2.4927539e-01
   2.6956521e-01
   2.8115943e-01
   2.8550725e-01
   2.7971016e-01
   2.6521739e-01
   2.4057975e-01
   2.1594204e-01
   1.8985509e-01
   1.6666668e-01
   1.5072464e-01
   1.4637682e-01
   1.4927537e-01
   1.5942028e-01
   1.7536232e-01
   1.9275363e-01
   2.0869567e-01
   2.1884058e-01
   2.2463771e-01
   2.2318840e-01
   2.1594204e-01
   2.0289858e-01
   1.8840581e-01
   1.7826090e-01
   1.7246378e-01
   1.7971017e-01
   1.9710149e-01
   2.2898553e-01
   2.6956524e-01
   3.1449275e-01
   3.5797101e-01
   3.9710145e-01
   4.2318844e-01
   4.3768117e-01
   4.3768117e-01
   4.2318840e-01
   4.0289858e-01
   3.7681163e-01
   3.4927537e-01
   3.2608697e-01
   3.0434784e-01
   2.8840580e-01
   2.7681161e-01
   2.6811597e-01
   2.6231885e-01
   2.5652175e-01
   2.5217393e-01
   2.4492757e-01
   2.3913044e-01
   2.3333335e-01
   2.3478262e-01
   2.4057972e-01
   2.5507248e-01
   2.7971016e-01
   3.1159423e-01
   3.5072468e-01
   3.9130436e-01
   4.3333335e-01
   4.7101452e-01
   5.0289856e-01
   5.2753624e-01
   5.4347828e-01
   5.4782613e-01
   5.4057970e-01
   5.2028984e-01
   4.8840580e-01
   4.4637684e-01
   3.9565221e-01
   3.4202900e-01
   2.8985507e-01
   2.4637684e-01
   2.1449276e-01
   2.0144927e-01
   2.0869567e-01
   2.3478262e-01
   2.7681161e-01
   3.3333333e-01
   3.9275363e-01
   4.5072466e-01
   5.0000002e-01
   5.3188409e-01
   5.4492755e-01
   5.3768118e-01
   5.1449275e-01
   4.7681161e-01
   4.3333335e-01
   3.8985509e-01
   3.5217395e-01
   3.2463769e-01
   3.0724638e-01
   2.9855074e-01
   2.9565220e-01
   2.9855074e-01
   3.0144929e-01
   3.0869566e-01
   3.1594205e-01
   3.2173915e-01
   3.2753624e-01
   3.3333336e-01
   3.3333336e-01
   3.2753624e-01
   3.1739133e-01
   2.9855074e-01
   2.7681161e-01
   2.5217393e-01
   2.2463768e-01
   1.9855076e-01
   1.7681163e-01
   1.5942028e-01
   1.4927537e-01
   1.4347828e-01
   1.4057973e-01
   1.4202900e-01
   1.4202900e-01
   1.3623191e-01
   1.2463769e-01
   1.0869566e-01
   8.8405798e-02
   6.6666698e-02
   5.0724660e-02
   4.4927567e-02
   5.0724660e-02
   7.2463792e-02
   1.0434784e-01
   1.4782610e-01
   1.9130436e-01
   2.3188408e-01
   2.6376812e-01
   2.8115943e-01
   2.8405798e-01
   2.7391303e-01
   2.5217393e-01
   2.2318844e-01
   1.8985509e-01
   1.6231886e-01
   1.3913043e-01
   1.2463769e-01
   1.2173915e-01
   1.2898555e-01
   1.4492755e-01
   1.6521741e-01
   1.8695651e-01
   2.0579712e-01
   2.2028989e-01
   2.3043480e-01
   2.3333335e-01
   2.3333335e-01
   2.2898553e-01
   2.2173916e-01
   2.1159422e-01
   2.0289858e-01
   1.9565218e-01
   1.9275363e-01
   1.9710145e-01
   2.1159422e-01
   2.3623190e-01
   2.7246379e-01
   3.1449275e-01
   3.6231886e-01
   4.0869567e-01
   4.4927539e-01
   4.8260874e-01
   5.0579711e-01
   5.1449278e-01
   5.1159420e-01
   5.0144929e-01
   4.8405798e-01
   4.6521739e-01
   4.4927539e-01
   4.4057972e-01
   4.4057972e-01
   4.5072463e-01
   4.7101452e-01
   4.9855071e-01
   5.3188406e-01
   5.6376814e-01
   5.9130436e-01
   6.1594204e-01
   6.3768117e-01
   6.5652175e-01
   6.7536234e-01
   6.9565220e-01
   7.1594205e-01
   7.3913046e-01
   7.5942028e-01
   7.7536235e-01
   7.8405799e-01
   7.8405799e-01
   7.7826090e-01
   7.6811596e-01
   7.5652177e-01
   7.4782610e-01
   7.4927537e-01
   7.5942032e-01
   7.7971014e-01
   8.1159422e-01
   8.4782611e-01
   8.8405798e-01
   9.1449278e-01
   9.3333333e-01
   9.3333336e-01
   9.1304348e-01
   8.7246379e-01
   8.1594207e-01
   7.4782610e-01
   6.7826088e-01
   6.1159422e-01
   5.5362322e-01
   5.1014496e-01
   4.7971016e-01
   4.5942030e-01
   4.4927539e-01
   4.4202902e-01
   4.3913044e-01
   4.3333335e-01
   4.2608698e-01
   4.2173913e-01
   4.2173913e-01
   4.2608698e-01
   4.4057972e-01
   4.6666670e-01
   5.0579714e-01
   5.5217392e-01
   6.0434782e-01
   6.5507248e-01
   6.9855074e-01
   7.2753624e-01
   7.3768118e-01
   7.2463773e-01
   6.9275365e-01
   6.4637681e-01
   5.8985509e-01
   5.3188409e-01
   4.8405798e-01
   4.4347826e-01
   4.1884058e-01
   4.1014494e-01
   4.1449276e-01
   4.3043480e-01
   4.5217393e-01
   4.7826092e-01
   5.0289856e-01
   5.2463769e-01
   5.4347828e-01
   5.6086959e-01
   5.7391308e-01
   5.9130436e-01
   6.0869564e-01
   6.3333338e-01
   6.6231888e-01
   6.9710147e-01
   7.3333336e-01
   7.6956526e-01
   8.0289855e-01
   8.2898553e-01
   8.4637684e-01
   8.5652175e-01
   8.5797103e-01
   8.5217393e-01
   8.4202899e-01
   8.2753626e-01
   8.1014494e-01
   7.9130436e-01
   7.7536232e-01
   7.6231886e-01
   7.5362319e-01
   7.4782610e-01
   7.4637682e-01
   7.4492755e-01
   7.3913046e-01
   7.2608697e-01
   7.0434784e-01
   6.7391303e-01
   6.3913044e-01
   6.0289858e-01
   5.6811596e-01
   5.4492755e-01
   5.3478264e-01
   5.4057973e-01
   5.6376814e-01
   6.0144927e-01
   6.4492757e-01
   6.9130438e-01
   7.3188406e-01
   7.6086959e-01
   7.7246378e-01
   7.6521741e-01
   7.3913046e-01
   6.9855074e-01
   6.4927539e-01
   5.9855076e-01
   5.5217392e-01
   5.1594202e-01
   4.9130434e-01
   4.7971016e-01
   4.7391306e-01
   4.7681161e-01
   4.7971016e-01
   4.8115943e-01
   4.7971016e-01
   4.7536234e-01
   4.6956524e-01
   4.6231885e-01
   4.5797103e-01
   4.5652175e-01
   4.6086957e-01
   4.6956521e-01
   4.8115946e-01
   4.9565220e-01
   5.0724641e-01
   5.1739133e-01
   5.2028984e-01
   5.1594205e-01
   5.0579714e-01
   4.8985510e-01
   4.7246379e-01
   4.5652175e-01
   4.4347829e-01
   4.3768117e-01
   4.3478262e-01
   4.3623190e-01
   4.3913047e-01
   4.3768117e-01
   4.3043480e-01
   4.1739131e-01
   3.9565218e-01
   3.6956523e-01
   3.4057973e-01
   3.1159420e-01
   2.8695652e-01
   2.7101449e-01
   2.6666667e-01
   2.7681161e-01
   3.0434784e-01
   3.4492752e-01
   4.0000003e-01
   4.5942030e-01
   5.2318842e-01
   5.7971014e-01
   6.2753626e-01
   6.6086957e-01
   6.7971016e-01
   6.8405801e-01
   6.7971016e-01
   6.6666667e-01
   6.4927539e-01
   6.3188408e-01
   6.1449280e-01
   5.9855073e-01
   5.8695654e-01
   5.7681163e-01
   5.6521741e-01
   5.5652177e-01
   5.4347828e-01
   5.3043479e-01
   5.1884060e-01
   5.0434784e-01
   4.9275362e-01
   4.8550728e-01
   4.8405798e-01
   4.8985510e-01
   5.0289856e-01
   5.2318842e-01
   5.4927537e-01
   5.7391308e-01
   6.0000000e-01
   6.2318844e-01
   6.4057975e-01
   6.5507248e-01
   6.6086961e-01
   6.6086957e-01
   6.5217393e-01
   6.3623193e-01
   6.1304349e-01
   5.8695654e-01
   5.5652177e-01
   5.2753624e-01
   5.0434784e-01
   4.8695656e-01
   4.7681161e-01
   4.7536234e-01
   4.8115943e-01
   4.9420292e-01
   5.1159420e-01
   5.3478261e-01
   5.5507246e-01
   5.7391308e-01
   5.8695654e-01
   5.9275363e-01
   5.8550727e-01
   5.6956523e-01
   5.4202900e-01
   5.0579711e-01
   4.6521743e-01
   4.2898553e-01
   3.9420291e-01
   3.7101453e-01
   3.5797104e-01
   3.5797104e-01
   3.6811596e-01
   3.8840578e-01
   4.1594207e-01
   4.4927539e-01
   4.8260870e-01
   5.1594205e-01
   5.4492755e-01
   5.7101450e-01
   5.9130439e-01
   6.0724640e-01
   6.1884062e-01
   6.3043480e-01
   6.3913044e-01
   6.4637681e-01
   6.5072466e-01
   6.5072466e-01
   6.4347829e-01
   6.2898553e-01
   6.0724640e-01
   5.7971017e-01
   5.4782610e-01
   5.1449278e-01
   4.8115943e-01
   4.5072463e-01
   4.2463771e-01
   4.0289858e-01
   3.8695654e-01
   3.7681163e-01
   3.7246381e-01
   3.7101453e-01
   3.7246378e-01
   3.7101450e-01
   3.6521741e-01
   3.4927537e-01
   3.2608697e-01
   2.9275365e-01
   2.5362321e-01
   2.1159422e-01
   1.7391305e-01
   1.4492755e-01
   1.3188409e-01
   1.3188406e-01
   1.4782610e-01
   1.7826087e-01
   2.1884058e-01
   2.6376812e-01
   3.0869566e-01
   3.4637682e-01
   3.7536232e-01
   3.8985509e-01
   3.9275363e-01
   3.8115942e-01
   3.5797101e-01
   3.2753624e-01
   2.9565220e-01
   2.6086957e-01
   2.3043480e-01
   2.0289855e-01
   1.7971014e-01
   1.6521741e-01
   1.5362319e-01
   1.4637682e-01
   1.4202900e-01
   1.3913046e-01
   1.3623191e-01
   1.3043479e-01
   1.2028987e-01
   1.0724638e-01
   8.6956524e-02
   6.5217393e-02
   4.0579716e-02
   2.0289858e-02
   5.7970932e-03
   0.0000000e+00
   0.0000000e+00
   1.0144945e-02
   2.3188404e-02
   4.0579716e-02
   5.9420300e-02
   7.5362306e-02
   8.9855103e-02
   1.0000002e-01
   1.0869569e-01
   1.1884060e-01
   1.3043479e-01
   1.4492752e-01
   1.6521741e-01
   1.8840581e-01
   2.1739131e-01
   2.4782608e-01
   2.7536234e-01
   2.9855071e-01
   3.1159423e-01
   3.1449278e-01
   3.0579711e-01
   2.8985507e-01
   2.6956524e-01
   2.5072466e-01
   2.3913047e-01
   2.3913044e-01
   2.5217390e-01
   2.7536234e-01
   3.0724638e-01
   3.4347828e-01
   3.7681163e-01
   4.0724640e-01
   4.2753622e-01
   4.3913044e-01
   4.4057972e-01
   4.3478262e-01
   4.2173916e-01
   4.0869567e-01
   3.9420294e-01
   3.8115945e-01
   3.7391305e-01
   3.6811596e-01
   3.6521741e-01
   3.6376814e-01
   3.6086956e-01
   3.5507250e-01
   3.4637682e-01
   3.3623191e-01
   3.2608697e-01
   3.1594202e-01
   3.0869569e-01
   3.0289856e-01
   2.9855074e-01
   2.9565216e-01
   2.9710147e-01
   2.9855074e-01
   3.0434784e-01
   3.1449275e-01
   3.2753624e-01
   3.4492755e-01
   3.6086959e-01
   3.7826090e-01
   3.8985509e-01
   3.9565218e-01
   3.9420291e-01
   3.8695654e-01
   3.7536235e-01
   3.6086956e-01
   3.4637682e-01
   3.3333336e-01
   3.2318842e-01
   3.1884060e-01
   3.1594202e-01
   3.1884060e-01
   3.2173915e-01
   3.2608697e-01
   3.2898551e-01
   3.3188406e-01
   3.3333336e-01
   3.3043482e-01
   3.2753624e-01
   3.2463769e-01
   3.2173915e-01
   3.2173915e-01
   3.2318842e-01
   3.2463769e-01
   3.2753624e-01
   3.2753624e-01
   3.2753624e-01
   3.2898551e-01
   3.3043482e-01
   3.3623188e-01
   3.4927537e-01
   3.6666668e-01
   3.8840581e-01
   4.1449276e-01
   4.3913047e-01
   4.6231888e-01
   4.7681161e-01
   4.8405798e-01
   4.7826088e-01
   4.6521739e-01
   4.4202899e-01
   4.1159422e-01
   3.7826090e-01
   3.4492755e-01
   3.1594205e-01
   2.9565220e-01
   2.8840583e-01
   3.0000002e-01
   3.2753624e-01
   3.7391305e-01
   4.3768120e-01
   5.1014496e-01
   5.8840581e-01
   6.6666667e-01
   7.3913046e-01
   7.9710145e-01
   8.3623190e-01
   8.5362321e-01
   8.4347826e-01
   8.1014494e-01
   7.5797104e-01
   6.9130438e-01
   6.1884062e-01
   5.4927537e-01
   4.9275362e-01
   4.5217393e-01
   4.3043480e-01
   4.2608695e-01
   4.3623190e-01
   4.5362321e-01
   4.7246379e-01
   4.8550728e-01
   4.8550725e-01
   4.7536234e-01
   4.5217393e-01
   4.1739131e-01
   3.7536232e-01
   3.3188406e-01
   2.9275365e-01
   2.6086961e-01
   2.4057972e-01
   2.3188408e-01
   2.3623190e-01
   2.4782608e-01
   2.6521739e-01
   2.8115943e-01
   2.9420292e-01
   3.0434784e-01
   3.1159423e-01
   3.1884057e-01
   3.2753624e-01
   3.4057973e-01
   3.5942028e-01
   3.8405796e-01
   4.1014494e-01
   4.3333335e-01
   4.5072466e-01
   4.5507248e-01
   4.4492754e-01
   4.1739131e-01
   3.7536235e-01
   3.2028987e-01
   2.5942030e-01
   2.0144927e-01
   1.5217392e-01
   1.1739133e-01
   1.0144929e-01
   1.0579711e-01
   1.2608697e-01
   1.5797104e-01
   1.9275363e-01
   2.2898550e-01
   2.5652175e-01
   2.7536234e-01
   2.8550728e-01
   2.8695652e-01
   2.8260870e-01
   2.7681158e-01
   2.7101452e-01
   2.6376812e-01
   2.6086961e-01
   2.5797103e-01
   2.5652175e-01
   2.5507248e-01
   2.5362321e-01
   2.5217390e-01
   2.4782608e-01
   2.4202899e-01
   2.3623190e-01
   2.2753626e-01
   2.2028986e-01
   2.1594204e-01
   2.1304349e-01
