  -3.3801785e+02
  -2.4243534e+02
  -1.3188373e+02
  -2.5085832e+01
   6.1432822e+01
   1.1714351e+02
   1.3875029e+02
   1.3018998e+02
   1.0048066e+02
   6.1066606e+01
   2.2796979e+01
  -6.5918970e+00
  -2.2796978e+01
  -2.5726711e+01
  -1.7944610e+01
  -3.6621660e+00
   1.2634470e+01
   2.7008469e+01
   3.6667430e+01
   4.0100710e+01
   3.6942092e+01
   2.8015564e+01
   1.5197986e+01
   9.1554200e-01
  -1.2176699e+01
  -2.1469444e+01
  -2.5223163e+01
  -2.2659647e+01
  -1.4282445e+01
  -1.6937520e+00
   1.2863355e+01
   2.6871138e+01
   3.8132295e+01
   4.5090410e+01
   4.7013047e+01
   4.3900206e+01
   3.6530099e+01
   2.6138705e+01
   1.4236667e+01
   2.7466240e+00
  -6.6376750e+00
  -1.2314031e+01
  -1.3275349e+01
  -9.3385220e+00
  -1.3275350e+00
   9.3842990e+00
   2.0828565e+01
   3.1036850e+01
   3.8452735e+01
   4.2343785e+01
   4.2572671e+01
   3.9826047e+01
   3.5065232e+01
   2.9251545e+01
   2.3346303e+01
   1.8219272e+01
   1.4648661e+01
   1.3366903e+01
   1.4877547e+01
   1.9638361e+01
   2.7374685e+01
   3.7262532e+01
   4.7837033e+01
   5.7358663e+01
   6.4179447e+01
   6.7063402e+01
   6.5690089e+01
   6.0654612e+01
   5.3330282e+01
   4.5273518e+01
   3.8223850e+01
   3.3417258e+01
   3.1586175e+01
   3.3188372e+01
   3.7994965e+01
   4.5502403e+01
   5.4886702e+01
   6.5003434e+01
   7.4341954e+01
   8.1345846e+01
   8.4641795e+01
   8.3268483e+01
   7.7134355e+01
   6.6971847e+01
   5.4383154e+01
   4.1199359e+01
   2.9388877e+01
   2.0553903e+01
   1.5472648e+01
   1.4190890e+01
   1.6479743e+01
   2.1515221e+01
   2.8336004e+01
   3.6072328e+01
   4.3579766e+01
   4.9759670e+01
   5.3467612e+01
   5.3604944e+01
   4.9713893e+01
   4.1840238e+01
   3.0853743e+01
   1.8310826e+01
   6.0425720e+00
  -4.0283820e+00
  -1.0666057e+01
  -1.3275349e+01
  -1.2176700e+01
  -8.1483180e+00
  -2.4719620e+00
   3.6163880e+00
   8.8807510e+00
   1.2314031e+01
   1.3183795e+01
   1.1123827e+01
   5.9510190e+00
  -2.0599680e+00
  -1.1947814e+01
  -2.2522316e+01
  -3.2089723e+01
  -3.9185168e+01
  -4.2664225e+01
  -4.2206455e+01
  -3.8132295e+01
  -3.1403067e+01
  -2.3300526e+01
  -1.5106432e+01
  -7.7821010e+00
  -1.8768600e+00
   2.2430760e+00
   4.5777060e+00
   4.9897000e+00
   3.4332800e+00
   0.0000000e+00
  -4.7608140e+00
  -1.0116732e+01
  -1.5060655e+01
  -1.8402380e+01
  -1.9501030e+01
  -1.8127718e+01
  -1.4740215e+01
  -1.0437171e+01
  -6.5461200e+00
  -4.3488210e+00
  -4.7150380e+00
  -7.9194330e+00
  -1.3687342e+01
  -2.1423667e+01
  -3.0167086e+01
  -3.8956283e+01
  -4.6738384e+01
  -5.2460517e+01
  -5.5069810e+01
  -5.3879607e+01
  -4.8523689e+01
  -3.9368277e+01
  -2.7649348e+01
  -1.5197986e+01
  -4.3488210e+00
   2.9297320e+00
   5.1728090e+00
   2.1057450e+00
  -5.5848020e+00
  -1.6342413e+01
  -2.8015564e+01
  -3.8590066e+01
  -4.6417944e+01
  -5.0217441e+01
  -4.9530786e+01
  -4.4403753e+01
  -3.5294117e+01
  -2.3163196e+01
  -9.4758530e+00
   4.0283820e+00
   1.5518425e+01
   2.3163195e+01
   2.5726710e+01
   2.2980087e+01
   1.5289540e+01
   4.3488210e+00
  -7.9194330e+00
  -1.9317921e+01
  -2.8107119e+01
  -3.3005265e+01
  -3.3600366e+01
  -2.9983978e+01
  -2.2751202e+01
  -1.2726024e+01
  -1.1444270e+00
   1.0849164e+01
   2.1698329e+01
   3.0075532e+01
   3.4653239e+01
   3.4653239e+01
   3.0167087e+01
   2.1972992e+01
   1.1673152e+01
   1.0986500e+00
  -7.8278790e+00
  -1.3824673e+01
  -1.6250858e+01
  -1.5152209e+01
  -1.1032272e+01
  -4.7608150e+00
   2.7924010e+00
   1.0986496e+01
   1.9272144e+01
   2.7008469e+01
   3.3463035e+01
   3.8132296e+01
   4.0375372e+01
   4.0100709e+01
   3.7674525e+01
   3.3691920e+01
   2.9159991e+01
   2.4948501e+01
   2.1652552e+01
   1.9501030e+01
   1.8310827e+01
   1.7807278e+01
   1.7532617e+01
   1.7303731e+01
   1.6937514e+01
   1.6525521e+01
   1.5747311e+01
   1.4328222e+01
   1.2039368e+01
   8.4687580e+00
   3.8910510e+00
  -1.2817570e+00
  -6.0883500e+00
  -9.4300760e+00
  -1.0437170e+01
  -8.7434200e+00
  -4.6234840e+00
   1.0070950e+00
   7.0496680e+00
   1.2222477e+01
   1.5655757e+01
   1.6845960e+01
   1.5655757e+01
   1.2451361e+01
   7.6447700e+00
   1.8310830e+00
  -4.2114900e+00
  -9.6589610e+00
  -1.3458458e+01
  -1.4694438e+01
  -1.2771801e+01
  -7.6905470e+00
  -9.1554000e-02
   8.5145340e+00
   1.6342413e+01
   2.1560998e+01
   2.2888533e+01
   1.9913023e+01
   1.3046464e+01
   3.6163880e+00
  -6.5918980e+00
  -1.5747310e+01
  -2.2384986e+01
  -2.5360494e+01
  -2.4170290e+01
  -1.8677043e+01
  -9.2927450e+00
   3.0212870e+00
   1.6937514e+01
   3.0487526e+01
   4.1657130e+01
   4.8523690e+01
   4.9759671e+01
   4.4998855e+01
   3.4927901e+01
   2.1240559e+01
   6.2714580e+00
  -7.5532160e+00
  -1.8265050e+01
  -2.4444953e+01
  -2.5772488e+01
  -2.2384985e+01
  -1.5014878e+01
  -4.6692600e+00
   7.4158840e+00
   1.9775692e+01
   3.0991073e+01
   3.9414054e+01
   4.3671321e+01
   4.2664226e+01
   3.6163882e+01
   2.4719615e+01
   9.7047380e+00
  -7.0038910e+00
  -2.3437858e+01
  -3.7857633e+01
  -4.9027238e+01
  -5.6580454e+01
  -6.0334172e+01
  -6.0746167e+01
  -5.8457313e+01
  -5.4154268e+01
  -4.8935683e+01
  -4.3854429e+01
  -4.0100710e+01
  -3.8818952e+01
  -4.0695811e+01
  -4.5914397e+01
  -5.3879606e+01
  -6.3172351e+01
  -7.2236210e+01
  -7.9514763e+01
  -8.3909362e+01
  -8.5099566e+01
  -8.3451591e+01
  -7.9789425e+01
  -7.5257496e+01
  -7.0862897e+01
  -6.7338064e+01
  -6.5140764e+01
  -6.4454109e+01
  -6.5506981e+01
  -6.8024719e+01
  -7.1824217e+01
  -7.6264592e+01
  -8.0430305e+01
  -8.3314259e+01
  -8.3909362e+01
  -8.1620508e+01
  -7.6539254e+01
  -6.9352254e+01
  -6.1203937e+01
  -5.3604944e+01
  -4.7745479e+01
  -4.4174869e+01
  -4.3030442e+01
  -4.3854429e+01
  -4.5731288e+01
  -4.7791257e+01
  -4.9164568e+01
  -4.9118791e+01
  -4.6967270e+01
  -4.2252232e+01
  -3.4699016e+01
  -2.4261845e+01
  -1.1306935e+01
   3.1586170e+00
   1.7761502e+01
   3.1036850e+01
   4.1565576e+01
   4.8569467e+01
   5.1956969e+01
   5.2368963e+01
   5.0904098e+01
   4.8889906e+01
   4.7470818e+01
   4.7470817e+01
   4.9393454e+01
   5.3421836e+01
   5.9601740e+01
   6.7887388e+01
   7.8004120e+01
   8.9539940e+01
   1.0139620e+02
   1.1252003e+02
   1.2140078e+02
   1.2684825e+02
   1.2835889e+02
   1.2607004e+02
   1.2094301e+02
   1.1439689e+02
   1.0798810e+02
   1.0313573e+02
   1.0075532e+02
   1.0098421e+02
   1.0377661e+02
   1.0872053e+02
   1.1517510e+02
   1.2268254e+02
   1.3060197e+02
   1.3833829e+02
   1.4515908e+02
   1.5037766e+02
   1.5339895e+02
   1.5408560e+02
   1.5271229e+02
   1.4991989e+02
   1.4653239e+02
   1.4328222e+02
   1.4062714e+02
   1.3856718e+02
   1.3687343e+02
   1.3517968e+02
   1.3330282e+02
   1.3124285e+02
   1.2932021e+02
   1.2780957e+02
   1.2698558e+02
   1.2684825e+02
   1.2730602e+02
   1.2799268e+02
   1.2867933e+02
   1.2950332e+02
   1.3046464e+02
   1.3192950e+02
   1.3389792e+02
   1.3609522e+02
   1.3783475e+02
   1.3833829e+02
   1.3664454e+02
   1.3252460e+02
   1.2597848e+02
   1.1755551e+02
   1.0840009e+02
   9.9565118e+01
   9.1966125e+01
   8.6427100e+01
   8.3360037e+01
   8.2993820e+01
   8.5420005e+01
   9.0547036e+01
   9.8008697e+01
   1.0707256e+02
   1.1641108e+02
   1.2451362e+02
   1.2973220e+02
   1.3055619e+02
   1.2652781e+02
   1.1778439e+02
   1.0551614e+02
   9.1599908e+01
   7.7821012e+01
   6.6147860e+01
   5.7862211e+01
   5.3742275e+01
   5.4062714e+01
   5.8411536e+01
   6.6239414e+01
   7.6539254e+01
   8.7983520e+01
   9.8970016e+01
   1.0780499e+02
   1.1288624e+02
   1.1311513e+02
   1.0812543e+02
   9.8420691e+01
   8.5374227e+01
   7.0771344e+01
   5.6443122e+01
   4.4129092e+01
   3.4882124e+01
   2.9388876e+01
   2.7786679e+01
   2.9846647e+01
   3.5294118e+01
   4.3350881e+01
   5.3192951e+01
   6.3584344e+01
   7.3105974e+01
   8.0201419e+01
   8.3726253e+01
   8.3176929e+01
   7.8599221e+01
   7.0954452e+01
   6.1570153e+01
   5.1956970e+01
   4.3305105e+01
   3.6438545e+01
   3.1631953e+01
   2.8793774e+01
   2.7832456e+01
   2.8381781e+01
   3.0167086e+01
   3.2776379e+01
   3.5614557e+01
   3.7994965e+01
   3.9093614e+01
   3.8178073e+01
   3.5019455e+01
   2.9846646e+01
   2.3346304e+01
   1.6525521e+01
   1.0254063e+01
   5.3101400e+00
   2.0141910e+00
   2.7466200e-01
  -1.3733100e-01
   3.6621600e-01
   1.4648660e+00
   3.0212860e+00
   4.6692610e+00
   5.9052410e+00
   6.2714580e+00
   5.1270320e+00
   2.1057450e+00
  -2.7924010e+00
  -8.9265280e+00
  -1.5518425e+01
  -2.1286336e+01
  -2.5314717e+01
  -2.7100023e+01
  -2.6779584e+01
  -2.4856947e+01
  -2.2384985e+01
  -2.0096132e+01
  -1.8448157e+01
  -1.7532616e+01
  -1.7212177e+01
  -1.7212177e+01
  -1.7257953e+01
  -1.7349508e+01
  -1.7624171e+01
  -1.8219272e+01
  -1.9180591e+01
  -2.0462348e+01
  -2.1789883e+01
  -2.3208972e+01
  -2.4719615e+01
  -2.6596475e+01
  -2.9205768e+01
  -3.3005264e+01
  -3.8040741e+01
  -4.4129092e+01
  -5.0675212e+01
  -5.7129778e+01
  -6.2943466e+01
  -6.7704280e+01
  -7.1274892e+01
  -7.3563745e+01
  -7.4525063e+01
  -7.3884184e+01
  -7.1229114e+01
  -6.6468299e+01
  -5.9555962e+01
  -5.1132983e+01
  -4.2389563e+01
  -3.4699016e+01
  -2.9663539e+01
  -2.8244450e+01
  -3.0853742e+01
  -3.7216755e+01
  -4.6189059e+01
  -5.6488899e+01
  -6.6651407e+01
  -7.5440604e+01
  -8.1849393e+01
  -8.5099565e+01
  -8.4733349e+01
  -8.0567636e+01
  -7.2693981e+01
  -6.1799039e+01
  -4.9027237e+01
  -3.5934996e+01
  -2.4216068e+01
  -1.5289540e+01
  -1.0070954e+01
  -8.4229800e+00
  -9.6131840e+00
  -1.2222476e+01
  -1.4831769e+01
  -1.6433966e+01
  -1.6250858e+01
  -1.4511330e+01
  -1.1581597e+01
  -8.1940940e+00
  -4.9439230e+00
  -2.3804080e+00
  -8.6976400e-01
  -6.8665600e-01
  -2.0141900e+00
  -4.8981460e+00
  -9.3842990e+00
  -1.5152209e+01
  -2.1515221e+01
  -2.7740902e+01
  -3.3005264e+01
  -3.6758984e+01
  -3.8773175e+01
  -3.9230945e+01
  -3.8452735e+01
  -3.6850538e+01
  -3.4607462e+01
  -3.1860838e+01
  -2.8381781e+01
  -2.4307621e+01
  -1.9821469e+01
  -1.5564202e+01
  -1.2359807e+01
  -1.0940719e+01
  -1.1673152e+01
  -1.4328222e+01
  -1.8081941e+01
  -2.1698329e+01
  -2.4078736e+01
  -2.4353399e+01
  -2.2384985e+01
  -1.8539712e+01
  -1.3687343e+01
  -8.6976420e+00
  -4.3488210e+00
  -1.2817580e+00
   3.6621700e-01
   5.0354800e-01
  -8.2398800e-01
  -3.5248340e+00
  -7.4616620e+00
  -1.2176699e+01
  -1.7074845e+01
  -2.1377889e+01
  -2.4261844e+01
  -2.5223163e+01
  -2.4216068e+01
  -2.1744106e+01
  -1.8631266e+01
  -1.5976196e+01
  -1.4557107e+01
  -1.4969100e+01
  -1.7257954e+01
  -2.1057450e+01
  -2.6047150e+01
  -3.1723507e+01
  -3.7720303e+01
  -4.3579767e+01
  -4.8844129e+01
  -5.2872510e+01
  -5.5161364e+01
  -5.5161364e+01
  -5.2872511e+01
  -4.8752575e+01
  -4.3762875e+01
  -3.9276722e+01
  -3.6621652e+01
  -3.6758983e+01
  -3.9826048e+01
  -4.5410849e+01
  -5.2552071e+01
  -5.9876402e+01
  -6.6330969e+01
  -7.0954452e+01
  -7.3334859e+01
  -7.3151751e+01
  -7.0405127e+01
  -6.5461204e+01
  -5.8503090e+01
  -5.0354773e+01
  -4.2023346e+01
  -3.4699016e+01
  -2.9755093e+01
  -2.7969788e+01
  -2.9892424e+01
  -3.4927901e+01
  -4.2069123e+01
  -4.9713893e+01
  -5.6351567e+01
  -6.0883497e+01
  -6.2623026e+01
  -6.1615931e+01
  -5.8274205e+01
  -5.3192950e+01
  -4.7104601e+01
  -4.0512703e+01
  -3.4058137e+01
  -2.8198672e+01
  -2.3575189e+01
  -2.0828565e+01
  -2.0370794e+01
  -2.2247654e+01
  -2.6184482e+01
  -3.1448844e+01
  -3.7079423e+01
  -4.2298009e+01
  -4.6463722e+01
  -4.9393454e+01
  -5.1087205e+01
  -5.1728084e+01
  -5.1453422e+01
  -5.0217441e+01
  -4.7974365e+01
  -4.4815747e+01
  -4.1062028e+01
  -3.7354085e+01
  -3.4653239e+01
  -3.3646143e+01
  -3.4882124e+01
  -3.8178073e+01
  -4.2801557e+01
  -4.7791257e+01
  -5.2048524e+01
  -5.4657817e+01
  -5.5390250e+01
  -5.4520485e+01
  -5.2689402e+01
  -5.0675212e+01
  -4.9164568e+01
  -4.8569467e+01
  -4.9118792e+01
  -5.0720988e+01
  -5.3238727e+01
  -5.6397345e+01
  -5.9647516e+01
  -6.2302586e+01
  -6.3538567e+01
  -6.2394141e+01
  -5.8411536e+01
  -5.1636530e+01
  -4.2938888e+01
  -3.3875028e+01
  -2.6596475e+01
  -2.3208973e+01
  -2.5268940e+01
  -3.3600366e+01
  -4.8065919e+01
  -6.7429618e+01
  -9.0089266e+01
  -1.1412223e+02
  -1.3746853e+02
  -1.5848020e+02
  -1.7587549e+02
  -1.8860151e+02
  -1.9624628e+02
  -1.9899290e+02
  -1.9761959e+02
  -1.9386587e+02
  -1.8965438e+02
  -1.8741131e+02
  -1.8878462e+02
  -1.9491875e+02
  -2.0576791e+02
  -2.2037079e+02
  -2.3689631e+02
  -2.5351339e+02
  -2.6843671e+02
  -2.8061341e+02
  -2.8958572e+02
  -2.9539941e+02
  -2.9860380e+02
  -3.0002289e+02
  -3.0043488e+02
  -3.0089265e+02
  -3.0231174e+02
  -3.0574502e+02
  -3.1201648e+02
  -3.2135500e+02
  -3.3353170e+02
  -3.4753948e+02
  -3.6182193e+02
  -3.7445640e+02
  -3.8379492e+02
  -3.8864729e+02
  -3.8850996e+02
  -3.8384070e+02
  -3.7550927e+02
  -3.6493477e+02
  -3.5353628e+02
  -3.4268711e+02
  -3.3385214e+02
  -3.2831311e+02
  -3.2698558e+02
  -3.3051042e+02
  -3.3875029e+02
  -3.5092699e+02
  -3.6534676e+02
  -3.7972076e+02
  -3.9157702e+02
  -3.9867246e+02
  -3.9958801e+02
  -3.9382010e+02
  -3.8191806e+02
  -3.6520943e+02
  -3.4561685e+02
  -3.2506294e+02
  -3.0560769e+02
  -2.8908217e+02
  -2.7685969e+02
  -2.7008469e+02
  -2.6921492e+02
  -2.7397574e+02
  -2.8322271e+02
  -2.9512474e+02
  -3.0711833e+02
  -3.1663996e+02
  -3.2158389e+02
  -3.2062257e+02
  -3.1357290e+02
  -3.0125887e+02
  -2.8519112e+02
  -2.6715496e+02
  -2.4916457e+02
  -2.3259327e+02
  -2.1867704e+02
  -2.0805676e+02
  -2.0128176e+02
  -1.9821470e+02
  -1.9848936e+02
  -2.0119020e+02
  -2.0503548e+02
  -2.0833143e+02
  -2.0956741e+02
  -2.0764477e+02
  -2.0219730e+02
  -1.9336233e+02
  -1.8228428e+02
  -1.7019913e+02
  -1.5829709e+02
  -1.4744793e+02
  -1.3815518e+02
  -1.3023575e+02
  -1.2346075e+02
  -1.1760128e+02
  -1.1224537e+02
  -1.0734722e+02
  -1.0258640e+02
  -9.7642481e+01
  -9.2240788e+01
  -8.6015107e+01
  -7.8828107e+01
  -7.0954452e+01
  -6.3126573e+01
  -5.5985351e+01
  -5.0492103e+01
  -4.6921492e+01
  -4.5227741e+01
  -4.4769970e+01
  -4.4632639e+01
  -4.3900206e+01
  -4.1840238e+01
  -3.8132296e+01
  -3.2822156e+01
  -2.6047150e+01
  -1.8127718e+01
  -9.3385210e+00
   9.1554000e-02
   9.7962920e+00
   1.9134813e+01
   2.7283131e+01
   3.3234150e+01
   3.6301213e+01
   3.6255436e+01
   3.3600366e+01
   2.9343099e+01
   2.5177386e+01
   2.2522316e+01
   2.2751201e+01
   2.6504921e+01
   3.3829252e+01
   4.4174869e+01
   5.6626230e+01
   7.0176242e+01
   8.3588921e+01
   9.5857175e+01
   1.0592813e+02
   1.1284047e+02
   1.1609064e+02
   1.1549554e+02
   1.1160449e+02
   1.0560769e+02
   9.9153125e+01
   9.3980316e+01
   9.1508354e+01
   9.2652780e+01
   9.7505150e+01
   1.0547036e+02
   1.1544976e+02
   1.2634470e+02
   1.3705654e+02
   1.4671550e+02
   1.5472648e+02
   1.6058595e+02
   1.6374456e+02
   1.6415656e+02
   1.6173037e+02
   1.5683223e+02
   1.5037766e+02
   1.4351110e+02
   1.3756008e+02
   1.3344015e+02
   1.3179217e+02
   1.3247883e+02
   1.3499657e+02
   1.3852140e+02
   1.4227512e+02
   1.4584573e+02
   1.4905013e+02
   1.5188830e+02
   1.5436027e+02
   1.5646601e+02
   1.5788510e+02
   1.5843442e+02
   1.5802243e+02
   1.5678645e+02
   1.5523003e+02
   1.5394827e+02
   1.5344472e+02
   1.5385672e+02
   1.5500114e+02
   1.5632868e+02
   1.5701534e+02
   1.5655756e+02
   1.5454337e+02
   1.5129320e+02
   1.4712749e+02
   1.4250401e+02
   1.3801785e+02
   1.3385214e+02
   1.3018998e+02
   1.2721447e+02
   1.2506294e+02
   1.2387274e+02
   1.2378119e+02
   1.2469673e+02
   1.2616159e+02
   1.2748913e+02
   1.2771801e+02
   1.2634470e+02
   1.2309453e+02
   1.1833371e+02
   1.1293202e+02
   1.0789654e+02
   1.0432593e+02
   1.0263218e+02
   1.0304417e+02
   1.0510414e+02
   1.0844587e+02
   1.1252003e+02
   1.1709773e+02
   1.2204166e+02
   1.2716869e+02
   1.3224994e+02
   1.3673610e+02
   1.3989471e+02
   1.4103914e+02
   1.3984894e+02
   1.3646143e+02
   1.3151751e+02
   1.2597848e+02
   1.2098878e+02
   1.1746395e+02
   1.1590753e+02
   1.1645686e+02
   1.1897459e+02
   1.2309453e+02
   1.2854200e+02
   1.3472191e+02
   1.4122225e+02
   1.4721904e+02
   1.5193408e+02
   1.5431449e+02
   1.5367361e+02
   1.4982834e+02
   1.4328222e+02
   1.3495079e+02
   1.2625315e+02
   1.1851682e+02
   1.1288624e+02
   1.0991074e+02
   1.0963607e+02
   1.1174182e+02
   1.1563287e+02
   1.2057679e+02
   1.2593271e+02
   1.3105974e+02
   1.3504234e+02
   1.3714809e+02
   1.3669032e+02
   1.3339437e+02
   1.2748913e+02
   1.1989013e+02
   1.1197070e+02
   1.0533303e+02
   1.0130465e+02
   1.0057221e+02
   1.0308995e+02
   1.0807965e+02
   1.1421378e+02
   1.2030213e+02
   1.2515450e+02
   1.2817578e+02
   1.2909132e+02
   1.2799268e+02
   1.2529183e+02
   1.2126345e+02
   1.1659419e+02
   1.1192493e+02
   1.0807965e+02
   1.0588235e+02
   1.0601968e+02
   1.0872053e+02
   1.1357290e+02
   1.1956970e+02
   1.2533761e+02
   1.2945754e+02
   1.3078508e+02
   1.2886244e+02
   1.2391852e+02
   1.1654841e+02
   1.0789654e+02
   9.8878462e+01
   9.0318151e+01
   8.2673381e+01
   7.6356145e+01
   7.1503777e+01
   6.8207828e+01
   6.6422522e+01
   6.5781643e+01
   6.5644312e+01
   6.5323873e+01
   6.3904784e+01
   6.0929275e+01
   5.6260014e+01
   5.0492104e+01
   4.4586862e+01
   3.9688716e+01
   3.6804760e+01
   3.6438544e+01
   3.8590066e+01
   4.2710003e+01
   4.8249027e+01
   5.4428931e+01
   6.0700389e+01
   6.6834516e+01
   7.2465095e+01
   7.7088579e+01
   8.0201419e+01
   8.1116960e+01
   7.9514764e+01
   7.5440604e+01
   6.9489586e+01
   6.3035020e+01
   5.7495995e+01
   5.4245823e+01
   5.4200046e+01
   5.7358663e+01
   6.3126573e+01
   7.0267796e+01
   7.7134356e+01
   8.2444495e+01
   8.4962234e+01
   8.4138247e+01
   7.9743649e+01
   7.2007324e+01
   6.1570153e+01
   4.9485008e+01
   3.7125200e+01
   2.5955597e+01
   1.7578393e+01
   1.3046463e+01
   1.2817578e+01
   1.6617075e+01
   2.3346303e+01
   3.1448845e+01
   3.9505608e+01
   4.6189059e+01
   5.0812543e+01
   5.3101396e+01
   5.3421835e+01
   5.2048524e+01
   4.9347677e+01
   4.5502403e+01
   4.0878920e+01
   3.5889220e+01
   3.1219959e+01
   2.7740901e+01
   2.6367590e+01
   2.7740902e+01
   3.1952392e+01
   3.8590067e+01
   4.6646829e+01
   5.4978256e+01
   6.2348364e+01
   6.7887389e+01
   7.1183337e+01
   7.2190432e+01
   7.1091783e+01
   6.8162051e+01
   6.4042115e+01
   5.9235523e+01
   5.4657817e+01
   5.1270313e+01
   5.0171664e+01
   5.2231632e+01
   5.7770657e+01
   6.6239414e+01
   7.6356146e+01
   8.6518654e+01
   9.4621195e+01
   9.9336233e+01
   9.9610895e+01
   9.5490959e+01
   8.7937743e+01
   7.8233006e+01
   6.7887388e+01
   5.8548867e+01
   5.1499199e+01
   4.7653925e+01
   4.7745480e+01
   5.2002747e+01
   6.0013733e+01
   7.0862898e+01
   8.2993820e+01
   9.4392309e+01
   1.0295262e+02
   1.0702678e+02
   1.0579080e+02
   9.9473564e+01
   8.9036393e+01
   7.6493477e+01
   6.3904783e+01
   5.3192950e+01
   4.5639734e+01
   4.2023346e+01
   4.2343786e+01
   4.6234836e+01
   5.3101397e+01
   6.1890592e+01
   7.1457999e+01
   8.0476081e+01
   8.7479972e+01
   9.1233692e+01
   9.1004806e+01
   8.6747539e+01
   7.9285877e+01
   6.9993133e+01
   6.0700389e+01
   5.2964065e+01
   4.7974365e+01
   4.6005951e+01
   4.6784161e+01
   4.9164569e+01
   5.2094301e+01
   5.4383154e+01
   5.5115587e+01
   5.3696498e+01
   4.9759671e+01
   4.3305104e+01
   3.4470130e+01
   2.3712520e+01
   1.1947814e+01
   4.1199400e-01
  -9.6131830e+00
  -1.6845960e+01
  -2.0599680e+01
  -2.0782788e+01
  -1.7853055e+01
  -1.3000686e+01
  -7.4158850e+00
  -2.2430760e+00
   1.9684140e+00
   4.9439230e+00
   6.7292290e+00
   7.5989930e+00
   7.6905470e+00
   7.2785540e+00
   6.2714580e+00
   5.0354770e+00
   4.0283820e+00
   3.8452740e+00
   4.9897000e+00
   7.9652090e+00
   1.2588693e+01
   1.8265049e+01
   2.4124513e+01
   2.9068436e+01
   3.2227054e+01
   3.3279926e+01
   3.2272831e+01
   2.9709315e+01
   2.6092928e+01
   2.2110322e+01
   1.8127718e+01
   1.4557107e+01
   1.1810483e+01
   1.0345617e+01
   1.0620279e+01
   1.2954909e+01
   1.7349507e+01
   2.3254749e+01
   2.9571985e+01
   3.4882125e+01
   3.7857633e+01
   3.7399863e+01
   3.3188373e+01
   2.5726711e+01
   1.5884642e+01
   5.2185860e+00
  -4.8065920e+00
  -1.2680247e+01
  -1.7486840e+01
  -1.8402381e+01
  -1.5152209e+01
  -7.7821010e+00
   2.9297320e+00
   1.5747311e+01
   2.8610666e+01
   3.9230945e+01
   4.5502404e+01
   4.5593957e+01
   3.8956283e+01
   2.6138705e+01
   8.8807500e+00
  -1.0345616e+01
  -2.8747997e+01
  -4.3900206e+01
  -5.4108492e+01
  -5.8503090e+01
  -5.7129778e+01
  -5.0675211e+01
  -4.0329594e+01
  -2.7557794e+01
  -1.3962005e+01
  -1.4190890e+00
   8.3772030e+00
   1.4053559e+01
   1.4648661e+01
   1.0391393e+01
   2.1057450e+00
  -8.6060880e+00
  -1.9501030e+01
  -2.8656443e+01
  -3.4607461e+01
  -3.6575876e+01
  -3.4607461e+01
  -2.9388876e+01
  -2.1927214e+01
  -1.3366903e+01
  -4.6692600e+00
   3.2501710e+00
   9.6589600e+00
   1.3916228e+01
   1.5701534e+01
   1.4740216e+01
   1.1581597e+01
   6.9123370e+00
   1.9684140e+00
  -2.1057450e+00
  -4.3945980e+00
  -4.3945980e+00
  -2.3346300e+00
   1.0528720e+00
   4.8523690e+00
   8.0109860e+00
   9.8420690e+00
   1.0025177e+01
   8.2856480e+00
   4.8065920e+00
  -3.6621700e-01
  -6.8665590e+00
  -1.4145114e+01
  -2.1515221e+01
  -2.7832456e+01
  -3.1952392e+01
  -3.2822156e+01
  -2.9938201e+01
  -2.3620965e+01
  -1.5014877e+01
  -5.6763560e+00
   2.5177380e+00
   8.0567640e+00
   9.9794000e+00
   8.1940950e+00
   3.2959490e+00
  -3.7079430e+00
  -1.1673152e+01
  -1.9546807e+01
  -2.6230258e+01
  -3.1082628e+01
  -3.3417258e+01
  -3.2867934e+01
  -2.9251545e+01
  -2.2842756e+01
  -1.4557107e+01
  -5.5390250e+00
   2.7008470e+00
   8.6976420e+00
   1.1673151e+01
   1.1215381e+01
   7.7363240e+00
   1.9684130e+00
  -4.9439230e+00
  -1.2039368e+01
  -1.8539711e+01
  -2.3849851e+01
  -2.7466240e+01
  -2.9022659e+01
  -2.8290227e+01
  -2.5085832e+01
  -1.9821469e+01
  -1.3275349e+01
  -6.5918980e+00
  -1.2359800e+00
   1.4190890e+00
   7.7821000e-01
  -3.2043950e+00
  -9.8420690e+00
  -1.7715725e+01
  -2.5360494e+01
  -3.1448844e+01
  -3.5202563e+01
  -3.6026551e+01
  -3.4149691e+01
  -2.9892424e+01
  -2.3666743e+01
  -1.6159304e+01
  -8.1025400e+00
  -3.2043900e-01
   5.9510190e+00
   9.8878470e+00
   1.0757610e+01
   8.3772030e+00
   3.2501720e+00
  -3.5248340e+00
  -1.0620280e+01
  -1.6617075e+01
  -2.0508125e+01
  -2.1835660e+01
  -2.0645457e+01
  -1.7303730e+01
  -1.2359808e+01
  -6.4087890e+00
   1.3733100e-01
   6.7292290e+00
   1.2817578e+01
   1.7715724e+01
   2.0645457e+01
   2.1057451e+01
   1.8722820e+01
   1.4099336e+01
   7.9194320e+00
   1.2817580e+00
  -4.6234840e+00
  -8.9265280e+00
  -1.1215381e+01
  -1.1535821e+01
  -1.0025178e+01
  -7.2785530e+00
  -3.5706110e+00
   5.0354800e-01
   4.6234840e+00
   8.1483170e+00
   1.0482948e+01
   1.0940719e+01
   9.1554130e+00
   5.2643630e+00
  -2.7466200e-01
  -6.2256800e+00
  -1.1444266e+01
  -1.4648661e+01
  -1.5426871e+01
  -1.3870451e+01
  -1.0666057e+01
  -6.9581140e+00
  -3.8452730e+00
  -2.1972990e+00
  -2.3804070e+00
  -4.3488220e+00
  -7.7363240e+00
  -1.2085145e+01
  -1.6708629e+01
  -2.1011673e+01
  -2.4216068e+01
  -2.5635157e+01
  -2.4673839e+01
  -2.0965896e+01
  -1.4740215e+01
  -7.0038910e+00
   7.3243300e-01
   6.5918970e+00
   8.9265270e+00
   6.4545660e+00
  -1.0070950e+00
  -1.2771801e+01
  -2.7328908e+01
  -4.2893111e+01
  -5.7404440e+01
  -6.9398031e+01
  -7.7637904e+01
  -8.1666285e+01
  -8.1437400e+01
  -7.7317464e+01
  -7.0359350e+01
  -6.1890592e+01
  -5.3742275e+01
  -4.7791257e+01
  -4.5731289e+01
  -4.8798352e+01
  -5.7175556e+01
  -6.9993133e+01
  -8.5465781e+01
  -1.0139620e+02
  -1.1535821e+02
  -1.2565805e+02
  -1.3128862e+02
  -1.3215839e+02
  -1.2881666e+02
  -1.2245365e+02
  -1.1430533e+02
  -1.0560769e+02
  -9.7734035e+01
  -9.1691462e+01
  -8.8624399e+01
  -8.9265279e+01
  -9.3751430e+01
  -1.0171664e+02
  -1.1210803e+02
  -1.2323186e+02
  -1.3334859e+02
  -1.4062715e+02
  -1.4406043e+02
  -1.4314488e+02
  -1.3820096e+02
  -1.3005264e+02
  -1.1975280e+02
  -1.0840009e+02
  -9.7001602e+01
  -8.6289769e+01
  -7.7088579e+01
  -6.9901579e+01
  -6.5323873e+01
  -6.3309682e+01
  -6.3584344e+01
  -6.5323873e+01
  -6.7383840e+01
  -6.8436713e+01
  -6.7612726e+01
  -6.4316777e+01
  -5.8777752e+01
  -5.1773861e+01
  -4.4174868e+01
  -3.6987869e+01
  -3.0807965e+01
  -2.5864042e+01
  -2.2247654e+01
  -1.9775693e+01
  -1.8173495e+01
  -1.7441062e+01
  -1.7395284e+01
  -1.7761502e+01
  -1.7944610e+01
  -1.7532617e+01
  -1.5884642e+01
  -1.2680247e+01
  -8.0567630e+00
  -2.5635160e+00
   2.7466240e+00
   7.0496690e+00
   9.5216290e+00
   9.8420690e+00
   8.2398720e+00
   5.2643630e+00
   1.6937520e+00
  -1.8310820e+00
  -4.7608150e+00
  -6.7292290e+00
  -7.2327770e+00
  -6.0425720e+00
  -2.7924010e+00
   2.7008470e+00
   1.0254063e+01
   1.9089036e+01
   2.8244450e+01
   3.6163882e+01
   4.1748684e+01
   4.4083315e+01
   4.3030442e+01
   3.9230945e+01
   3.3829251e+01
   2.7924010e+01
   2.2888533e+01
   1.9455253e+01
   1.8173495e+01
   1.9089036e+01
   2.2201877e+01
   2.7237354e+01
   3.3737698e+01
   4.0970474e+01
   4.7837034e+01
   5.3284504e+01
   5.6076905e+01
   5.5481803e+01
   5.1224537e+01
   4.4129092e+01
   3.5339895e+01
   2.6688030e+01
   1.9821470e+01
   1.5976196e+01
   1.5701534e+01
   1.8905928e+01
   2.5085832e+01
   3.3279927e+01
   4.2572671e+01
   5.1865415e+01
   6.0288396e+01
   6.6880293e+01
   7.0679789e+01
   7.0954452e+01
   6.7200733e+01
   5.9647517e+01
   4.9073014e+01
   3.6804761e+01
   2.4628062e+01
   1.4190891e+01
   6.6376750e+00
   2.7466240e+00
   2.6092930e+00
   5.6763560e+00
   1.1306935e+01
   1.8677043e+01
   2.6962692e+01
   3.5248341e+01
   4.2572671e+01
   4.7928588e+01
   5.0537880e+01
   4.9851225e+01
   4.5731288e+01
   3.8910506e+01
   3.0350195e+01
   2.1377889e+01
   1.3275349e+01
   6.7292280e+00
   2.0599680e+00
  -8.6976400e-01
  -2.5177390e+00
  -3.3875030e+00
  -3.7994970e+00
  -3.6621650e+00
  -3.1128400e+00
  -2.1057450e+00
  -7.3243300e-01
   5.9510200e-01
   1.6021970e+00
   2.0599680e+00
   2.1972990e+00
   2.3346300e+00
   3.3417260e+00
   5.5848020e+00
   9.3385220e+00
   1.4465553e+01
   2.0233463e+01
   2.5909819e+01
   3.0624857e+01
   3.3783474e+01
   3.5156787e+01
   3.4561685e+01
   3.2227055e+01
   2.8290227e+01
   2.2980087e+01
   1.6800183e+01
   1.0437171e+01
   4.8981460e+00
   1.2817580e+00
   3.6621600e-01
   2.5177390e+00
   7.1869990e+00
   1.3138018e+01
   1.8402380e+01
   2.1011673e+01
   1.9409476e+01
   1.2817578e+01
   1.6479740e+00
  -1.2863355e+01
  -2.8793775e+01
  -4.4129092e+01
  -5.6809339e+01
  -6.5598535e+01
  -6.9626917e+01
  -6.8574045e+01
  -6.3035019e+01
  -5.3971160e+01
  -4.2801557e+01
  -3.1448844e+01
  -2.1698329e+01
  -1.5289540e+01
  -1.3183795e+01
  -1.5472648e+01
  -2.1194782e+01
  -2.8931106e+01
  -3.6438545e+01
  -4.1931792e+01
  -4.3808652e+01
  -4.1382467e+01
  -3.4561685e+01
  -2.3804074e+01
  -9.8878460e+00
   6.4087890e+00
   2.3987183e+01
   4.1977570e+01
   5.9235523e+01
   7.4753948e+01
   8.7525750e+01
   9.7093157e+01
   1.0345617e+02
   1.0748455e+02
   1.1041428e+02
   1.1366445e+02
   1.1842527e+02
   1.2520027e+02
   1.3380636e+02
   1.4314489e+02
   1.5202563e+02
   1.5930419e+02
   1.6411078e+02
   1.6639963e+02
   1.6649119e+02
   1.6516365e+02
   1.6319524e+02
   1.6140993e+02
   1.6040284e+02
   1.6067750e+02
   1.6255436e+02
   1.6635386e+02
   1.7184711e+02
   1.7866789e+02
   1.8576333e+02
   1.9189746e+02
   1.9555962e+02
   1.9569696e+02
   1.9166857e+02
   1.8374914e+02
   1.7285420e+02
   1.6044861e+02
   1.4831769e+02
   1.3792630e+02
   1.3041886e+02
   1.2661936e+02
   1.2661936e+02
   1.3055619e+02
   1.3788052e+02
   1.4781415e+02
   1.5912108e+02
   1.7019913e+02
   1.7921721e+02
   1.8448158e+02
   1.8452735e+02
   1.7889677e+02
   1.6800183e+02
   1.5317006e+02
   1.3627833e+02
   1.1970703e+02
   1.0528725e+02
   9.4529641e+01
   8.8487068e+01
   8.7342642e+01
   9.1096361e+01
   9.9107347e+01
   1.1046006e+02
   1.2378119e+02
   1.3719387e+02
   1.4891280e+02
   1.5696956e+02
   1.5994507e+02
   1.5710689e+02
   1.4886702e+02
   1.3618677e+02
   1.2098878e+02
   1.0524147e+02
   9.0959030e+01
   7.9468986e+01
   7.1869993e+01
   6.8390936e+01
   6.8940261e+01
   7.3014420e+01
   7.9652094e+01
   8.7708858e+01
   9.5582513e+01
   1.0180819e+02
   1.0501259e+02
   1.0441749e+02
   9.9885558e+01
   9.2332342e+01
   8.3131151e+01
   7.3975738e+01
   6.6376745e+01
   6.1295491e+01
   5.8960861e+01
   5.8960861e+01
   6.0425727e+01
   6.2439917e+01
   6.4454109e+01
   6.5918974e+01
   6.6697185e+01
   6.6880292e+01
   6.6285191e+01
   6.5003433e+01
   6.2943465e+01
   6.0288395e+01
   5.7312887e+01
   5.4566262e+01
   5.2323186e+01
   5.0904097e+01
   5.0125887e+01
   4.9393454e+01
   4.8111696e+01
   4.5639734e+01
   4.1611353e+01
   3.6301213e+01
   3.0304417e+01
   2.4216068e+01
   1.8860151e+01
   1.4557107e+01
   1.1535820e+01
   9.5674070e+00
   8.5145340e+00
   8.3314260e+00
   9.2469670e+00
   1.1306936e+01
   1.4557107e+01
   1.8677042e+01
   2.3117418e+01
   2.7008469e+01
   2.9526208e+01
   3.0167087e+01
   2.8656444e+01
   2.5223163e+01
   2.0325017e+01
   1.4557107e+01
   8.4229800e+00
   2.2888530e+00
  -3.3417260e+00
  -8.2398720e+00
  -1.1581598e+01
  -1.2954910e+01
  -1.1718929e+01
  -7.8278780e+00
  -1.6937510e+00
   5.5848020e+00
   1.2680247e+01
   1.8036164e+01
   2.0599679e+01
   1.9867247e+01
   1.6021973e+01
   9.9336240e+00
   2.4719620e+00
  -5.1270320e+00
  -1.2039368e+01
  -1.7715725e+01
  -2.1789884e+01
  -2.3987183e+01
  -2.4307622e+01
  -2.2842755e+01
  -1.9913023e+01
  -1.6388190e+01
  -1.3138018e+01
  -1.1306935e+01
  -1.1673152e+01
  -1.4740215e+01
  -2.0325017e+01
  -2.7786679e+01
  -3.6026551e+01
  -4.4129091e+01
  -5.1178759e+01
  -5.6672007e+01
  -6.0334173e+01
  -6.2211032e+01
  -6.2256810e+01
  -6.0471504e+01
  -5.6992447e+01
  -5.2048523e+01
  -4.6417945e+01
  -4.1016251e+01
  -3.6896314e+01
  -3.5111009e+01
  -3.6026550e+01
  -3.9551385e+01
  -4.4769970e+01
  -5.0400550e+01
  -5.5252918e+01
  -5.8228428e+01
  -5.8777753e+01
  -5.6946670e+01
  -5.3101396e+01
  -4.7791257e+01
  -4.1611353e+01
  -3.5111009e+01
  -2.8885329e+01
  -2.3437858e+01
  -1.9455252e+01
  -1.7486839e+01
  -1.8036164e+01
  -2.0920119e+01
  -2.5635157e+01
  -3.1357290e+01
  -3.6896315e+01
  -4.1290913e+01
  -4.4037537e+01
  -4.4998856e+01
  -4.4586862e+01
  -4.3259327e+01
  -4.1611353e+01
  -3.9871824e+01
  -3.8178073e+01
  -3.6530098e+01
  -3.4973678e+01
  -3.3691920e+01
  -3.3005264e+01
  -3.3371481e+01
  -3.4836347e+01
  -3.7125200e+01
  -3.9780270e+01
  -4.2069124e+01
  -4.3305104e+01
  -4.3213550e+01
  -4.1840238e+01
  -3.9780270e+01
  -3.7537194e+01
  -3.5889220e+01
  -3.5202564e+01
  -3.5614557e+01
  -3.7033646e+01
  -3.9414053e+01
  -4.2618449e+01
  -4.6601053e+01
  -5.1224537e+01
  -5.6260014e+01
  -6.0975052e+01
  -6.4728771e+01
  -6.6697184e+01
  -6.6422522e+01
  -6.3859006e+01
  -5.9784848e+01
  -5.5207142e+01
  -5.1361868e+01
  -4.9164568e+01
  -4.9256123e+01
  -5.1499199e+01
  -5.5436027e+01
  -6.0379950e+01
  -6.5506981e+01
  -7.0313573e+01
  -7.4433509e+01
  -7.7546349e+01
  -7.9468986e+01
  -8.0064088e+01
  -7.9285878e+01
  -7.7363241e+01
  -7.4662394e+01
  -7.1869993e+01
  -6.9810025e+01
  -6.9031815e+01
  -6.9672694e+01
  -7.1503777e+01
  -7.3655299e+01
  -7.5349051e+01
  -7.5806820e+01
  -7.4708171e+01
  -7.2007324e+01
  -6.8116273e+01
  -6.3447013e+01
  -5.8274204e+01
  -5.2918288e+01
  -4.7241931e+01
  -4.1290913e+01
  -3.5523002e+01
  -3.0258640e+01
  -2.6459144e+01
  -2.4765393e+01
  -2.5635157e+01
  -2.8885328e+01
  -3.3783475e+01
  -3.9322500e+01
  -4.4312200e+01
  -4.7837034e+01
  -4.9347676e+01
  -4.8752574e+01
  -4.6326391e+01
  -4.2435340e+01
  -3.7491417e+01
  -3.1906614e+01
  -2.6184482e+01
  -2.0828565e+01
  -1.6479744e+01
  -1.3778897e+01
  -1.3138018e+01
  -1.4511330e+01
  -1.7532616e+01
  -2.1149004e+01
  -2.4490730e+01
  -2.6504921e+01
  -2.6779584e+01
  -2.5360494e+01
  -2.2888533e+01
  -2.0050354e+01
  -1.7669947e+01
  -1.6159304e+01
  -1.5747311e+01
  -1.6433967e+01
  -1.7990387e+01
  -2.0416572e+01
  -2.3620966e+01
  -2.7557794e+01
  -3.1860838e+01
  -3.6163882e+01
  -3.9688716e+01
  -4.1748683e+01
  -4.1931792e+01
  -4.0238041e+01
  -3.7308308e+01
  -3.3920806e+01
  -3.1082627e+01
  -2.9846647e+01
  -3.0487526e+01
  -3.3005264e+01
  -3.7079424e+01
  -4.2023347e+01
  -4.7196155e+01
  -5.1911192e+01
  -5.5756466e+01
  -5.7999542e+01
  -5.8182650e+01
  -5.5893797e+01
  -5.0904097e+01
  -4.3442436e+01
  -3.4470130e+01
  -2.5452049e+01
  -1.7898833e+01
  -1.3458457e+01
  -1.3046463e+01
  -1.6800184e+01
  -2.4078736e+01
  -3.3646143e+01
  -4.3854428e+01
  -5.3238728e+01
  -6.0563058e+01
  -6.4957656e+01
  -6.6010529e+01
  -6.3584345e+01
  -5.7770657e+01
  -4.9027237e+01
  -3.8178073e+01
  -2.6504921e+01
  -1.5701534e+01
  -7.4158850e+00
  -3.2501720e+00
  -4.1199360e+00
  -1.0116731e+01
  -2.0599679e+01
  -3.4241245e+01
  -4.9347676e+01
  -6.4042115e+01
  -7.6905471e+01
  -8.6610208e+01
  -9.2378119e+01
  -9.3659876e+01
  -9.0363927e+01
  -8.2719157e+01
  -7.1732662e+01
  -5.8823529e+01
  -4.5914396e+01
  -3.4973678e+01
  -2.7695125e+01
  -2.4948501e+01
  -2.6688030e+01
  -3.2043946e+01
  -3.9276722e+01
  -4.6784161e+01
  -5.2918288e+01
  -5.6672007e+01
  -5.7770657e+01
  -5.6214237e+01
  -5.2552071e+01
  -4.7241932e+01
  -4.0924697e+01
  -3.4149691e+01
  -2.7740901e+01
  -2.2293431e+01
  -1.8539712e+01
  -1.7074845e+01
  -1.7807278e+01
  -2.0416571e+01
  -2.4078737e+01
  -2.7603571e+01
  -3.0121309e+01
  -3.1036851e+01
  -3.0304417e+01
  -2.8198672e+01
  -2.5452048e+01
  -2.2568093e+01
  -2.0050355e+01
  -1.8036164e+01
  -1.6525521e+01
  -1.5472648e+01
  -1.4923324e+01
  -1.4969100e+01
  -1.5655756e+01
  -1.6845960e+01
  -1.8081941e+01
  -1.8905928e+01
  -1.8677043e+01
  -1.7120622e+01
  -1.4236668e+01
  -1.0666057e+01
  -7.3243310e+00
  -5.3101400e+00
  -5.4932480e+00
  -8.1483180e+00
  -1.3183795e+01
  -2.0325017e+01
  -2.8793775e+01
  -3.7949187e+01
  -4.7150378e+01
  -5.5710689e+01
  -6.2989242e+01
  -6.8162051e+01
  -7.0542458e+01
  -6.9581140e+01
  -6.5369650e+01
  -5.8457313e+01
  -5.0125886e+01
  -4.2206454e+01
  -3.6438545e+01
  -3.4012360e+01
  -3.5614557e+01
  -4.0970474e+01
  -4.9118792e+01
  -5.8457313e+01
  -6.7475395e+01
  -7.4799726e+01
  -7.9240100e+01
  -8.0109865e+01
  -7.7042802e+01
  -7.0130465e+01
  -5.9830625e+01
  -4.7241932e+01
  -3.4012359e+01
  -2.2018769e+01
  -1.3321126e+01
  -9.4758530e+00
  -1.1352712e+01
  -1.8768597e+01
  -3.0762188e+01
  -4.5410849e+01
  -6.0654612e+01
  -7.4479286e+01
  -8.5191120e+01
  -9.1828793e+01
  -9.3751430e+01
  -9.1050584e+01
  -8.4138247e+01
  -7.3929961e+01
  -6.1799039e+01
  -4.9530785e+01
  -3.8910506e+01
  -3.1677729e+01
  -2.8976882e+01
  -3.1036850e+01
  -3.6942092e+01
  -4.5090410e+01
  -5.3284505e+01
  -5.9601739e+01
  -6.2577249e+01
  -6.1753262e+01
  -5.7404441e+01
  -5.0675212e+01
  -4.2938888e+01
  -3.5202564e+01
  -2.8610666e+01
  -2.3437857e+01
  -2.0004577e+01
  -1.8310826e+01
  -1.8173495e+01
  -1.9455253e+01
  -2.1789884e+01
  -2.4719616e+01
  -2.7649348e+01
  -3.0075532e+01
  -3.1769283e+01
  -3.2639048e+01
  -3.3051041e+01
  -3.3325704e+01
  -3.3966583e+01
  -3.5111009e+01
  -3.6667429e+01
  -3.8498512e+01
  -4.0283818e+01
  -4.1886015e+01
  -4.3488212e+01
  -4.5456627e+01
  -4.8203250e+01
  -5.1682308e+01
  -5.5710689e+01
  -5.9464408e+01
  -6.2256810e+01
  -6.3263905e+01
  -6.2119478e+01
  -5.8915084e+01
  -5.4383154e+01
  -4.9210346e+01
  -4.4312200e+01
  -4.0238041e+01
  -3.7262532e+01
  -3.5523003e+01
  -3.4744793e+01
  -3.4927902e+01
  -3.5934997e+01
  -3.7399863e+01
  -3.8864729e+01
  -3.9551385e+01
  -3.8498513e+01
  -3.4836347e+01
  -2.8198673e+01
  -1.8814374e+01
  -7.6447700e+00
   3.7994970e+00
   1.3687343e+01
   2.0599679e+01
   2.3575189e+01
   2.2430762e+01
   1.7669948e+01
   1.0345617e+01
   1.7853050e+00
  -6.8665600e+00
  -1.4282444e+01
  -1.9592584e+01
  -2.1927215e+01
  -2.0782788e+01
  -1.5930419e+01
  -7.9652100e+00
   2.1515220e+00
   1.2954909e+01
   2.2705424e+01
   2.9846647e+01
   3.3463035e+01
   3.3417258e+01
   3.0212863e+01
   2.5085832e+01
   1.9272144e+01
   1.3916228e+01
   9.7962930e+00
   7.0954450e+00
   5.8136870e+00
   5.6763570e+00
   6.4087900e+00
   7.8736550e+00
   9.7047380e+00
   1.1490044e+01
   1.2726024e+01
   1.2909133e+01
   1.1627375e+01
   9.0180820e+00
   5.5390250e+00
   2.1515220e+00
  -1.8310900e-01
  -5.4932500e-01
   1.5106430e+00
   5.5390250e+00
   1.0940718e+01
   1.6662852e+01
   2.1606775e+01
   2.4948501e+01
   2.6321813e+01
   2.5589379e+01
   2.2842756e+01
   1.8219272e+01
   1.1902037e+01
   4.2572670e+00
  -4.2572670e+00
  -1.2954909e+01
  -2.0965897e+01
  -2.7649347e+01
  -3.2364385e+01
  -3.4882124e+01
  -3.5431449e+01
  -3.4378577e+01
  -3.2272832e+01
  -2.9571985e+01
  -2.6367590e+01
  -2.2751202e+01
  -1.8860151e+01
  -1.5060655e+01
  -1.1902037e+01
  -1.0254062e+01
  -1.0666056e+01
  -1.3504235e+01
  -1.8539712e+01
  -2.4902724e+01
  -3.1586175e+01
  -3.7537194e+01
  -4.2069123e+01
  -4.5136187e+01
  -4.7241932e+01
  -4.9164568e+01
  -5.1544976e+01
  -5.4978256e+01
  -5.9418632e+01
  -6.4591440e+01
  -6.9855802e+01
  -7.4479285e+01
  -7.7912565e+01
  -7.9606317e+01
  -7.8965439e+01
  -7.5532159e+01
  -6.8940261e+01
  -5.8960860e+01
  -4.6051728e+01
  -3.1036851e+01
  -1.5518425e+01
  -1.4648660e+00
   9.3842980e+00
   1.5472648e+01
   1.6296635e+01
   1.2176700e+01
   4.1657130e+00
  -6.0883490e+00
  -1.6617075e+01
  -2.5864042e+01
  -3.2227054e+01
  -3.4836347e+01
  -3.2913710e+01
  -2.6504921e+01
  -1.6159304e+01
  -3.0670640e+00
   1.1078050e+01
   2.4216068e+01
   3.4195468e+01
   3.9414053e+01
   3.9322499e+01
   3.4103914e+01
   2.5223163e+01
   1.4557107e+01
   4.0741590e+00
  -4.4403750e+00
  -1.0070955e+01
  -1.2588693e+01
  -1.2222477e+01
  -9.7505150e+00
  -5.9052420e+00
  -1.4190890e+00
   3.0670640e+00
   6.8207830e+00
   9.2927440e+00
   9.9794010e+00
   8.6976420e+00
   5.5848020e+00
   1.2359810e+00
  -3.3417260e+00
  -7.0496680e+00
  -8.9265280e+00
  -8.4229800e+00
  -5.6763560e+00
  -1.0528720e+00
   4.7150380e+00
   1.0803387e+01
   1.6662852e+01
   2.1972992e+01
   2.6504921e+01
   2.9892424e+01
   3.1998169e+01
   3.2501717e+01
   3.1311513e+01
   2.8702220e+01
   2.5040055e+01
   2.1286336e+01
   1.8448157e+01
   1.7074846e+01
   1.7669947e+01
   1.9913023e+01
   2.3163195e+01
   2.6413367e+01
   2.8976883e+01
   3.0304417e+01
   3.0167086e+01
   2.8656443e+01
   2.5909819e+01
   2.2247654e+01
   1.7807279e+01
   1.2909132e+01
   7.9194320e+00
   3.5248340e+00
   5.4932500e-01
  -4.1199400e-01
   1.0986500e+00
   4.8523690e+00
   1.0116731e+01
   1.5747310e+01
   2.0553902e+01
   2.3483635e+01
   2.4170290e+01
   2.2705424e+01
   1.9638362e+01
   1.5747311e+01
   1.1856260e+01
   8.6060880e+00
   6.4545670e+00
   5.6763560e+00
   6.5003430e+00
   8.8807510e+00
   1.2588693e+01
   1.7029069e+01
   2.1057450e+01
   2.3300526e+01
   2.2201877e+01
   1.6708629e+01
   6.3630120e+00
  -8.2856480e+00
  -2.5864042e+01
  -4.4495308e+01
  -6.2119478e+01
  -7.7042802e+01
  -8.8120852e+01
  -9.4941634e+01
  -9.7596704e+01
  -9.6681162e+01
  -9.3156329e+01
  -8.7983520e+01
  -8.2581827e+01
  -7.8324560e+01
  -7.6813916e+01
  -7.9468986e+01
  -8.7113756e+01
  -9.9839780e+01
  -1.1677730e+02
  -1.3618677e+02
  -1.5591669e+02
  -1.7372396e+02
  -1.8768597e+02
  -1.9684138e+02
  -2.0091554e+02
  -2.0050355e+02
  -1.9670405e+02
  -1.9102769e+02
  -1.8503090e+02
  -1.8045319e+02
  -1.7862211e+02
  -1.8077363e+02
  -1.8773175e+02
  -1.9958801e+02
  -2.1556420e+02
  -2.3410391e+02
  -2.5319295e+02
  -2.7045090e+02
  -2.8390936e+02
  -2.9233234e+02
  -2.9530785e+02
  -2.9338521e+02
  -2.8766308e+02
  -2.7956054e+02
  -2.7054246e+02
  -2.6175326e+02
  -2.5433738e+02
  -2.4902724e+02
  -2.4637217e+02
  -2.4678416e+02
  -2.5017166e+02
  -2.5593957e+02
  -2.6312657e+02
  -2.7017624e+02
  -2.7557794e+02
  -2.7809567e+02
  -2.7699702e+02
  -2.7241932e+02
  -2.6495766e+02
  -2.5575647e+02
  -2.4605173e+02
  -2.3689631e+02
  -2.2906844e+02
  -2.2298009e+02
  -2.1895171e+02
  -2.1698329e+02
  -2.1707485e+02
  -2.1904326e+02
  -2.2215610e+02
  -2.2563516e+02
  -2.2824445e+02
  -2.2883955e+02
  -2.2664225e+02
  -2.2133211e+02
  -2.1332113e+02
  -2.0352483e+02
  -1.9313344e+02
  -1.8310826e+02
  -1.7422751e+02
  -1.6667430e+02
  -1.6031128e+02
  -1.5490959e+02
  -1.5010300e+02
  -1.4575418e+02
  -1.4163424e+02
  -1.3751431e+02
  -1.3325704e+02
  -1.2826734e+02
  -1.2240787e+02
  -1.1558709e+02
  -1.0812543e+02
  -1.0084688e+02
  -9.4666972e+01
  -9.0547036e+01
  -8.8944838e+01
  -8.9585718e+01
  -9.1783017e+01
  -9.4117647e+01
  -9.5399405e+01
  -9.4483864e+01
  -9.0730145e+01
  -8.4046693e+01
  -7.4799725e+01
  -6.3675898e+01
  -5.1407645e+01
  -3.8910506e+01
  -2.7191577e+01
  -1.7303730e+01
  -1.0299840e+01
  -7.0954450e+00
  -8.0109870e+00
  -1.2726025e+01
  -2.0187686e+01
  -2.8519112e+01
  -3.5843443e+01
  -4.0100709e+01
  -3.9963378e+01
  -3.4927902e+01
  -2.5131609e+01
  -1.1535821e+01
   4.5777070e+00
   2.1927215e+01
   3.9093614e+01
   5.4886702e+01
   6.8024720e+01
   7.7683680e+01
   8.2993820e+01
   8.3680476e+01
   8.0109865e+01
   7.3334860e+01
   6.4728771e+01
   5.6214237e+01
   4.9530785e+01
   4.5960174e+01
   4.6189059e+01
   5.0217441e+01
   5.7450217e+01
   6.7154956e+01
   7.8278782e+01
   8.9951934e+01
   1.0112154e+02
   1.1100938e+02
   1.1865415e+02
   1.2346075e+02
   1.2515450e+02
   1.2414740e+02
   1.2112612e+02
   1.1741817e+02
   1.1435111e+02
   1.1297780e+02
   1.1380179e+02
   1.1645685e+02
   1.2025635e+02
   1.2396429e+02
   1.2661936e+02
   1.2748913e+02
   1.2643626e+02
   1.2364385e+02
   1.1966125e+02
   1.1508354e+02
   1.1046006e+02
   1.0638590e+02
   1.0345617e+02
   1.0226596e+02
   1.0341039e+02
   1.0716411e+02
   1.1357290e+02
   1.2199588e+02
   1.3128862e+02
   1.4007782e+02
   1.4689860e+02
   1.5078966e+02
   1.5129320e+02
   1.4872969e+02
   1.4387732e+02
   1.3778897e+02
   1.3160906e+02
   1.2625315e+02
   1.2272831e+02
   1.2149233e+02
   1.2314031e+02
   1.2794690e+02
   1.3582055e+02
   1.4607462e+02
   1.5761044e+02
   1.6873426e+02
   1.7756924e+02
   1.8255894e+02
   1.8283360e+02
   1.7848478e+02
   1.7047379e+02
   1.6067750e+02
   1.5097276e+02
   1.4323644e+02
   1.3870451e+02
   1.3801785e+02
   1.4108492e+02
   1.4726482e+02
   1.5559625e+02
   1.6498055e+02
   1.7399863e+02
   1.8113985e+02
   1.8521401e+02
   1.8503090e+02
   1.8027008e+02
   1.7125200e+02
   1.5925841e+02
   1.4598306e+02
   1.3357748e+02
   1.2382696e+02
   1.1801328e+02
   1.1650263e+02
   1.1892882e+02
   1.2442206e+02
   1.3179217e+02
   1.4003204e+02
   1.4827192e+02
   1.5573358e+02
   1.6195926e+02
   1.6635386e+02
   1.6859693e+02
   1.6832227e+02
   1.6575876e+02
   1.6122682e+02
   1.5559625e+02
   1.4978256e+02
   1.4465553e+02
   1.4062715e+02
   1.3792630e+02
   1.3627833e+02
   1.3536278e+02
   1.3495079e+02
   1.3485924e+02
   1.3508812e+02
   1.3582055e+02
   1.3696498e+02
   1.3815519e+02
   1.3893339e+02
   1.3897917e+02
   1.3788052e+02
   1.3595789e+02
   1.3362326e+02
   1.3165484e+02
   1.3060197e+02
   1.3064775e+02
   1.3160906e+02
   1.3261616e+02
   1.3289082e+02
   1.3151751e+02
   1.2799268e+02
   1.2231632e+02
   1.1485466e+02
   1.0620279e+02
   9.7138934e+01
   8.8532845e+01
   8.1116960e+01
   7.5761044e+01
   7.3289082e+01
   7.4296178e+01
   7.9102769e+01
   8.7434196e+01
   9.8191806e+01
   1.0968185e+02
   1.2002747e+02
   1.2707714e+02
   1.2959487e+02
   1.2684825e+02
   1.1929503e+02
   1.0807965e+02
   9.4804303e+01
   8.1345845e+01
   6.9352254e+01
   6.0288396e+01
