   0.0000000e+00
   1.4366195e-01
   3.0140845e-01
   4.4600939e-01
   5.5586855e-01
   6.1690140e-01
   6.3004695e-01
   6.0469483e-01
   5.5680751e-01
   5.0328638e-01
   4.5821596e-01
   4.2816901e-01
   4.1690140e-01
   4.2253520e-01
   4.3755867e-01
   4.5727697e-01
   4.7699530e-01
   4.9671360e-01
   5.1549294e-01
   5.3145539e-01
   5.4929577e-01
   5.6713614e-01
   5.8685446e-01
   6.0845071e-01
   6.2910798e-01
   6.4976525e-01
   6.6760564e-01
   6.7981222e-01
   6.8544599e-01
   6.8450704e-01
   6.7511737e-01
   6.5821596e-01
   6.3661973e-01
   6.1126761e-01
   5.8497653e-01
   5.5962441e-01
   5.3521126e-01
   5.1173709e-01
   4.8920187e-01
   4.6760564e-01
   4.4600939e-01
   4.2629108e-01
   4.0845069e-01
   3.9530517e-01
   3.8591549e-01
   3.8215963e-01
   3.8028168e-01
   3.8122066e-01
   3.8403756e-01
   3.8873239e-01
   3.9624414e-01
   4.0657276e-01
   4.2159623e-01
   4.3943662e-01
   4.6009389e-01
   4.8544601e-01
   5.1173709e-01
   5.3896714e-01
   5.6713614e-01
   5.9624412e-01
   6.2347417e-01
   6.4882628e-01
   6.7136150e-01
   6.8826289e-01
   6.9765257e-01
   7.0328638e-01
   7.0234741e-01
   6.9765257e-01
   6.9107980e-01
   6.8450704e-01
   6.7887323e-01
   6.7323943e-01
   6.6760564e-01
   6.6291079e-01
   6.5821596e-01
   6.5070423e-01
   6.4507042e-01
   6.3849766e-01
   6.3286384e-01
   6.2816901e-01
   6.2347419e-01
   6.1877934e-01
   6.1408449e-01
   6.1032864e-01
   6.0751175e-01
   6.0657276e-01
   6.0751173e-01
   6.1032864e-01
   6.1314554e-01
   6.1408451e-01
   6.1408451e-01
   6.1126759e-01
   6.0563379e-01
   6.0000000e-01
   5.9530517e-01
   5.9154929e-01
   5.8873239e-01
   5.8779342e-01
   5.8685444e-01
   5.8591549e-01
   5.8591547e-01
   5.8591549e-01
   5.8873239e-01
   5.9530517e-01
   6.0563382e-01
   6.1784037e-01
   6.3286384e-01
   6.5070421e-01
   6.6854458e-01
   6.8732394e-01
   7.0516431e-01
   7.2206572e-01
   7.3896714e-01
   7.5211266e-01
   7.6150234e-01
   7.6431926e-01
   7.6244133e-01
   7.5399061e-01
   7.4272298e-01
   7.3051643e-01
   7.2018778e-01
   7.1173709e-01
   7.0610328e-01
   7.0328638e-01
   7.0328638e-01
   7.0328638e-01
   7.0516431e-01
   7.0704224e-01
   7.0892017e-01
   7.0985916e-01
   7.0985914e-01
   7.0704224e-01
   7.0046948e-01
   6.9201877e-01
   6.8262911e-01
   6.7136150e-01
   6.6197182e-01
   6.5539904e-01
   6.5164318e-01
   6.4976525e-01
   6.5070421e-01
   6.4976525e-01
   6.4976525e-01
   6.4788734e-01
   6.4507042e-01
   6.4319247e-01
   6.4131456e-01
   6.4131454e-01
   6.4319249e-01
   6.4600939e-01
   6.5070423e-01
   6.5727697e-01
   6.6666667e-01
   6.7793426e-01
   6.9107980e-01
   7.0610328e-01
   7.1924882e-01
   7.2957746e-01
   7.3521126e-01
   7.3708919e-01
   7.3239436e-01
   7.2582158e-01
   7.1830987e-01
   7.1173707e-01
   7.0892017e-01
   7.0985916e-01
   7.1643192e-01
   7.2863848e-01
   7.4647887e-01
   7.6995305e-01
   7.9812207e-01
   8.2816901e-01
   8.5821596e-01
   8.8262911e-01
   8.9953052e-01
   9.0610330e-01
   8.9765259e-01
   8.7605633e-01
   8.4225350e-01
   7.9812205e-01
   7.4835680e-01
   6.9671362e-01
   6.4319249e-01
   5.9436618e-01
   5.4929577e-01
   5.1079813e-01
   4.8169013e-01
   4.6103286e-01
   4.5164318e-01
   4.4976525e-01
   4.5633803e-01
   4.6666665e-01
   4.7793426e-01
   4.8920187e-01
   4.9765257e-01
   5.0422535e-01
   5.0704226e-01
   5.0892017e-01
   5.0985916e-01
   5.0985916e-01
   5.1079813e-01
   5.1173709e-01
   5.1455397e-01
   5.1924882e-01
   5.2676055e-01
   5.3802816e-01
   5.5023473e-01
   5.6244131e-01
   5.7276995e-01
   5.7934273e-01
   5.8309860e-01
   5.8403756e-01
   5.8403756e-01
   5.8497653e-01
   5.8967136e-01
   6.0093895e-01
   6.1502347e-01
   6.3474178e-01
   6.5633803e-01
   6.7605633e-01
   6.9483569e-01
   7.0985914e-01
   7.1924882e-01
   7.2206574e-01
   7.1830985e-01
   7.0985916e-01
   6.9577463e-01
   6.7793426e-01
   6.5915493e-01
   6.3943662e-01
   6.2347417e-01
   6.0845069e-01
   5.9624412e-01
   5.8309860e-01
   5.6525820e-01
   5.4272300e-01
   5.1267606e-01
   4.7511737e-01
   4.3286384e-01
   3.8685446e-01
   3.4178404e-01
   3.0234741e-01
   2.6854461e-01
   2.4507042e-01
   2.3192488e-01
   2.3098589e-01
   2.4037557e-01
   2.6009389e-01
   2.8732394e-01
   3.1924884e-01
   3.5305165e-01
   3.8215961e-01
   4.0657276e-01
   4.2347419e-01
   4.3192488e-01
   4.3286384e-01
   4.2910798e-01
   4.2347419e-01
   4.1502347e-01
   4.0563379e-01
   3.9812205e-01
   3.8873239e-01
   3.8309860e-01
   3.7840377e-01
   3.7746478e-01
   3.8028168e-01
   3.8779340e-01
   3.9906103e-01
   4.1314552e-01
   4.2910798e-01
   4.4507042e-01
   4.6197182e-01
   4.8075116e-01
   5.0140845e-01
   5.2394365e-01
   5.4741783e-01
   5.7276995e-01
   5.9530517e-01
   6.1502347e-01
   6.2910798e-01
   6.3755867e-01
   6.3849764e-01
   6.3192488e-01
   6.1971830e-01
   6.0093897e-01
   5.7652583e-01
   5.4835682e-01
   5.1830985e-01
   4.8732392e-01
   4.6009389e-01
   4.3849766e-01
   4.2159623e-01
   4.1314552e-01
   4.0845071e-01
   4.0938966e-01
   4.1220658e-01
   4.1690140e-01
   4.2253522e-01
   4.3098589e-01
   4.4131456e-01
   4.5352111e-01
   4.6666665e-01
   4.7981222e-01
   4.9201877e-01
   5.0140845e-01
   5.0892017e-01
   5.1455399e-01
   5.1924884e-01
   5.2394365e-01
   5.3051643e-01
   5.3896712e-01
   5.5117370e-01
   5.6619719e-01
   5.8685446e-01
   6.1126761e-01
   6.4037557e-01
   6.7417840e-01
   7.0985916e-01
   7.4366197e-01
   7.7370892e-01
   7.9624414e-01
   8.0845071e-01
   8.0845069e-01
   7.9812207e-01
   7.7934273e-01
   7.5399061e-01
   7.2394365e-01
   6.9295776e-01
   6.6291081e-01
   6.3474178e-01
   6.1032862e-01
   5.8967136e-01
   5.7464788e-01
   5.6525820e-01
   5.5868544e-01
   5.5399059e-01
   5.4929579e-01
   5.4366197e-01
   5.3521126e-01
   5.2488261e-01
   5.1455399e-01
   5.0610328e-01
   5.0046948e-01
   5.0046948e-01
   5.0422535e-01
   5.1173709e-01
   5.2206574e-01
   5.3239438e-01
   5.4084507e-01
   5.4835680e-01
   5.5211266e-01
   5.5399059e-01
   5.5399059e-01
   5.5117370e-01
   5.4647887e-01
   5.4084505e-01
   5.3615022e-01
   5.3521126e-01
   5.3896714e-01
   5.4835680e-01
   5.6338027e-01
   5.8403756e-01
   6.0751173e-01
   6.3098591e-01
   6.5258217e-01
   6.7136148e-01
   6.8450704e-01
   6.9201877e-01
   6.9201877e-01
   6.8638498e-01
   6.7230047e-01
   6.5164318e-01
   6.2441313e-01
   5.9248825e-01
   5.5774648e-01
   5.2488263e-01
   4.9577465e-01
   4.7042254e-01
   4.5258217e-01
   4.3943660e-01
   4.3192488e-01
   4.2816901e-01
   4.2816901e-01
   4.3098591e-01
   4.3661971e-01
   4.4600939e-01
   4.5821594e-01
   4.7042252e-01
   4.8169013e-01
   4.9201877e-01
   5.0140845e-01
   5.0798121e-01
   5.1455399e-01
   5.2206574e-01
   5.3239436e-01
   5.4366197e-01
   5.5680751e-01
   5.7089202e-01
   5.8497653e-01
   5.9906101e-01
   6.1126759e-01
   6.2253520e-01
   6.3192488e-01
   6.3943662e-01
   6.4413143e-01
   6.4413145e-01
   6.4225352e-01
   6.3755867e-01
   6.3098591e-01
   6.2629108e-01
   6.2629106e-01
   6.3004695e-01
   6.3849764e-01
   6.5258217e-01
   6.6948355e-01
   6.8826291e-01
   7.0516431e-01
   7.2112675e-01
   7.3239436e-01
   7.3802816e-01
   7.3802816e-01
   7.3051643e-01
   7.1549294e-01
   6.9295776e-01
   6.6572769e-01
   6.3661971e-01
   6.0938968e-01
   5.8497653e-01
   5.6807510e-01
   5.5868542e-01
   5.5586853e-01
   5.5962441e-01
   5.6525822e-01
   5.7276995e-01
   5.8122066e-01
   5.8967136e-01
   5.9812207e-01
   6.0469485e-01
   6.1032864e-01
   6.1408451e-01
   6.1408451e-01
   6.1220656e-01
   6.0845071e-01
   6.0469483e-01
   6.0375586e-01
   6.0563382e-01
   6.0938968e-01
   6.1690140e-01
   6.2535210e-01
   6.3380281e-01
   6.4225352e-01
   6.4882630e-01
   6.5446010e-01
   6.5633803e-01
   6.5633803e-01
   6.5258217e-01
   6.4600939e-01
   6.3661971e-01
   6.2441313e-01
   6.1126761e-01
   5.9999998e-01
   5.9061032e-01
   5.8497651e-01
   5.8309860e-01
   5.8403754e-01
   5.8497653e-01
   5.8591549e-01
   5.8685446e-01
   5.8497651e-01
   5.8215961e-01
   5.7746478e-01
   5.7183099e-01
   5.6525820e-01
   5.5680751e-01
   5.4553990e-01
   5.3333335e-01
   5.1924882e-01
   5.0610328e-01
   4.9389672e-01
   4.8638498e-01
   4.8262911e-01
   4.8262911e-01
   4.8732394e-01
   4.9483567e-01
   5.0328638e-01
   5.1173709e-01
   5.1924882e-01
   5.2676055e-01
   5.3051643e-01
   5.3145539e-01
   5.2863850e-01
   5.2206572e-01
   5.1079811e-01
   4.9765257e-01
   4.8356806e-01
   4.6854461e-01
   4.5633801e-01
   4.4507042e-01
   4.3661971e-01
   4.3004695e-01
   4.2535210e-01
   4.2347419e-01
   4.2629106e-01
   4.3661971e-01
   4.5258217e-01
   4.7417840e-01
   5.0234741e-01
   5.3145539e-01
   5.5962441e-01
   5.8403756e-01
   6.0281690e-01
   6.1314554e-01
   6.1690140e-01
   6.1220658e-01
   6.0281690e-01
   5.8873239e-01
   5.7183096e-01
   5.5211266e-01
   5.3145539e-01
   5.0985914e-01
   4.8920187e-01
   4.7136150e-01
   4.5446008e-01
   4.4037559e-01
   4.2816899e-01
   4.1877934e-01
   4.1032862e-01
   4.0375586e-01
   4.0281690e-01
   4.0469483e-01
   4.1032864e-01
   4.1877934e-01
   4.2723003e-01
   4.3286384e-01
   4.3474178e-01
   4.3098591e-01
   4.2159623e-01
   4.0938966e-01
   3.9624412e-01
   3.8309857e-01
   3.7370892e-01
   3.6901407e-01
   3.7276995e-01
   3.8215963e-01
   3.9718308e-01
   4.1971830e-01
   4.4882628e-01
   4.8262909e-01
   5.1830985e-01
   5.5586855e-01
   5.9248825e-01
   6.2535210e-01
   6.5258217e-01
   6.7511737e-01
   6.9201877e-01
   7.0516431e-01
   7.1267606e-01
   7.1830985e-01
   7.1924882e-01
   7.1549296e-01
   7.0610328e-01
   6.9295774e-01
   6.7699530e-01
   6.5915493e-01
   6.4131456e-01
   6.2535210e-01
   6.1032864e-01
   5.9812205e-01
   5.8591549e-01
   5.7558685e-01
   5.6619719e-01
   5.5774648e-01
   5.4929577e-01
   5.4084507e-01
   5.3051641e-01
   5.1643192e-01
   4.9765257e-01
   4.7323943e-01
   4.4413145e-01
   4.1126761e-01
   3.7652581e-01
   3.4366197e-01
   3.1361502e-01
   2.8920187e-01
   2.6948357e-01
   2.5539906e-01
   2.4600939e-01
   2.4225352e-01
   2.4319249e-01
   2.4788732e-01
   2.5821596e-01
   2.7042254e-01
   2.8544601e-01
   3.0140845e-01
   3.1830985e-01
   3.3427229e-01
   3.5023473e-01
   3.6619717e-01
   3.8497653e-01
   4.0563379e-01
   4.2723005e-01
   4.5070423e-01
   4.7605633e-01
   4.9953050e-01
   5.2300468e-01
   5.4460094e-01
   5.6431924e-01
   5.8028168e-01
   5.9342722e-01
   6.0000000e-01
   5.9906103e-01
   5.9061032e-01
   5.7558685e-01
   5.5774648e-01
   5.3896714e-01
   5.2206574e-01
   5.1079811e-01
   5.0516431e-01
   5.0610328e-01
   5.1173707e-01
   5.2018778e-01
   5.2957746e-01
   5.3708919e-01
   5.4272300e-01
   5.4366195e-01
   5.3896714e-01
   5.3051643e-01
   5.1643192e-01
   4.9859155e-01
   4.7793426e-01
   4.5633803e-01
   4.3661973e-01
   4.2159625e-01
   4.1314552e-01
   4.0938968e-01
   4.1220656e-01
   4.1971830e-01
   4.2910798e-01
   4.4131456e-01
   4.5446010e-01
   4.6854458e-01
   4.8356808e-01
   4.9483569e-01
   5.0516431e-01
   5.1079813e-01
   5.1173709e-01
   5.0798121e-01
   4.9953052e-01
   4.9014084e-01
   4.8075116e-01
   4.7230047e-01
   4.6666665e-01
   4.6197182e-01
   4.5821594e-01
   4.5352113e-01
   4.4788732e-01
   4.4131454e-01
   4.3380281e-01
   4.2629108e-01
   4.1971830e-01
   4.1408451e-01
   4.1032864e-01
   4.0657276e-01
   4.0281690e-01
   4.0093897e-01
   4.0000000e-01
   4.0093897e-01
   4.0187793e-01
   4.0563382e-01
   4.1126759e-01
   4.1784037e-01
   4.2629106e-01
   4.3568074e-01
   4.4788732e-01
   4.6384978e-01
   4.8356806e-01
   5.0516431e-01
   5.2957746e-01
   5.5305163e-01
   5.7370892e-01
   5.9248825e-01
   6.0751173e-01
   6.1971830e-01
   6.3098591e-01
   6.4319247e-01
   6.5539906e-01
   6.6760562e-01
   6.8075118e-01
   6.9201877e-01
   7.0328638e-01
   7.1267606e-01
   7.2018778e-01
   7.2582160e-01
   7.3051643e-01
   7.3239436e-01
   7.3051641e-01
   7.2769953e-01
   7.2206574e-01
   7.1455399e-01
   7.0798123e-01
   7.0516433e-01
   7.0516433e-01
   7.0892020e-01
   7.1549296e-01
   7.2300468e-01
   7.2957744e-01
   7.3333333e-01
   7.3427229e-01
   7.3239436e-01
   7.2676055e-01
   7.2018778e-01
   7.1079811e-01
   7.0140845e-01
   6.9107980e-01
   6.8169013e-01
   6.7323943e-01
   6.6760562e-01
   6.6572769e-01
   6.6854458e-01
   6.7417838e-01
   6.8262909e-01
   6.9014084e-01
   6.9577465e-01
   6.9765259e-01
   6.9483567e-01
   6.8826291e-01
   6.7699530e-01
   6.6291079e-01
   6.4694835e-01
   6.2910798e-01
   6.0938966e-01
   5.8873239e-01
   5.6619719e-01
   5.4553990e-01
   5.2488261e-01
   5.0704224e-01
   4.9107980e-01
   4.7699530e-01
   4.6384976e-01
   4.5164318e-01
   4.4225350e-01
   4.3568074e-01
   4.3286384e-01
   4.3661973e-01
   4.4694835e-01
   4.6197182e-01
   4.8075116e-01
   4.9765259e-01
   5.1173709e-01
   5.2018778e-01
   5.2112675e-01
   5.1549296e-01
   5.0328638e-01
   4.8638498e-01
   4.6572769e-01
   4.4319249e-01
   4.1971830e-01
   3.9530515e-01
   3.7464788e-01
   3.5492956e-01
   3.3896712e-01
   3.2488261e-01
   3.1267606e-01
   3.0046946e-01
   2.8920187e-01
   2.7699530e-01
   2.6478874e-01
   2.5446008e-01
   2.4976525e-01
   2.4882630e-01
   2.5633801e-01
   2.6948357e-01
   2.8732394e-01
   3.0798121e-01
   3.2957746e-01
   3.4835680e-01
   3.6431926e-01
   3.7652581e-01
   3.8309860e-01
   3.8403756e-01
   3.7840375e-01
   3.6901407e-01
   3.5774646e-01
   3.4366197e-01
   3.3333333e-01
   3.2863848e-01
   3.2957744e-01
   3.3990611e-01
   3.5680749e-01
   3.8028168e-01
   4.0563379e-01
   4.2910796e-01
   4.4976527e-01
   4.6666667e-01
   4.7605633e-01
   4.8169013e-01
   4.8169015e-01
   4.7887323e-01
   4.7230047e-01
   4.6478872e-01
   4.5633803e-01
   4.5070421e-01
   4.4788732e-01
   4.4882628e-01
   4.5446008e-01
   4.6291079e-01
   4.7230047e-01
   4.8075116e-01
   4.8450704e-01
   4.8262911e-01
   4.7605633e-01
   4.6384978e-01
   4.4600939e-01
   4.2535212e-01
   4.0187793e-01
   3.7840375e-01
   3.5492956e-01
   3.3615022e-01
   3.2300468e-01
   3.1924882e-01
   3.2300468e-01
   3.3708919e-01
   3.5774648e-01
   3.8215963e-01
   4.0657276e-01
   4.2910798e-01
   4.4694835e-01
   4.5821596e-01
   4.6384976e-01
   4.6572769e-01
   4.6384976e-01
   4.6009389e-01
   4.5539906e-01
   4.5070421e-01
   4.4694835e-01
   4.4507042e-01
   4.4600939e-01
   4.5164320e-01
   4.5915493e-01
   4.7042254e-01
   4.8544599e-01
   5.0046948e-01
   5.1643190e-01
   5.3051643e-01
   5.4647887e-01
   5.6150234e-01
   5.7652581e-01
   5.9061032e-01
   6.0093897e-01
   6.0845071e-01
   6.0845069e-01
   6.0375586e-01
   5.9342722e-01
   5.7746478e-01
   5.5962441e-01
   5.4084507e-01
   5.2300468e-01
   5.0704224e-01
   4.9295776e-01
   4.8356808e-01
   4.7605633e-01
   4.7323943e-01
   4.7417840e-01
   4.7981219e-01
   4.8920187e-01
   5.0046948e-01
   5.1173709e-01
   5.2206574e-01
   5.2769951e-01
   5.2957746e-01
   5.2863850e-01
   5.2394365e-01
   5.1830985e-01
   5.1173709e-01
   5.0328638e-01
   4.9483567e-01
   4.8544601e-01
   4.7699530e-01
   4.6854458e-01
   4.6197182e-01
   4.5821596e-01
   4.5633803e-01
   4.5727700e-01
   4.6009389e-01
   4.6384976e-01
   4.6854458e-01
   4.7511737e-01
   4.8356808e-01
   4.9483569e-01
   5.0798121e-01
   5.2206574e-01
   5.3802818e-01
   5.5117372e-01
   5.6150234e-01
   5.6713616e-01
   5.7089202e-01
   5.7183099e-01
   5.7183099e-01
   5.7183099e-01
   5.7464788e-01
   5.7652583e-01
   5.8028170e-01
   5.8309857e-01
   5.8591547e-01
   5.8779342e-01
   5.8873239e-01
   5.8873239e-01
   5.8873237e-01
   5.8779342e-01
   5.8591549e-01
   5.8122064e-01
   5.7558685e-01
   5.6807512e-01
   5.6056338e-01
   5.5399059e-01
   5.4741783e-01
   5.4178404e-01
   5.3615022e-01
   5.2957746e-01
   5.2300468e-01
   5.1643192e-01
   5.1079811e-01
   5.0704224e-01
   5.0610328e-01
   5.0892017e-01
   5.1361502e-01
   5.2018778e-01
   5.2488261e-01
   5.2863850e-01
   5.3051643e-01
   5.3051643e-01
   5.3145539e-01
   5.3145539e-01
   5.3239436e-01
   5.3521126e-01
   5.3708919e-01
   5.3802816e-01
   5.3896712e-01
   5.3990611e-01
   5.4272298e-01
   5.4647887e-01
   5.5117370e-01
   5.5962439e-01
   5.6901409e-01
   5.7934271e-01
   5.9154929e-01
   6.0563379e-01
   6.1971830e-01
   6.3474178e-01
   6.4976525e-01
   6.6291079e-01
   6.7323941e-01
   6.7793428e-01
   6.7793426e-01
   6.7230047e-01
   6.6291081e-01
   6.5258215e-01
   6.4319247e-01
   6.3568074e-01
   6.3098589e-01
   6.2723005e-01
   6.2347419e-01
   6.1877934e-01
   6.1126759e-01
   6.0093895e-01
   5.8873239e-01
   5.7464786e-01
   5.5962441e-01
   5.4366197e-01
   5.2863850e-01
   5.1361500e-01
   5.0234741e-01
   4.9295774e-01
   4.8920187e-01
   4.8826291e-01
   4.9295774e-01
   5.0140843e-01
   5.1267604e-01
   5.2394365e-01
   5.3708921e-01
   5.5023473e-01
   5.6338027e-01
   5.7746478e-01
   5.9154929e-01
   6.0281690e-01
   6.1314554e-01
   6.1877934e-01
   6.1877934e-01
   6.1502347e-01
   6.0751173e-01
   5.9906103e-01
   5.9248825e-01
   5.8967136e-01
   5.9154929e-01
   5.9718310e-01
   6.0563379e-01
   6.1314554e-01
   6.1784037e-01
   6.1877934e-01
   6.1408449e-01
   6.0375586e-01
   5.8685446e-01
   5.6619717e-01
   5.4366197e-01
   5.2018778e-01
   4.9859155e-01
   4.8169015e-01
   4.7323943e-01
   4.7323943e-01
   4.8075116e-01
   4.9483567e-01
   5.1361500e-01
   5.3333333e-01
   5.5305165e-01
   5.7183096e-01
   5.8873239e-01
   6.0563379e-01
   6.2253522e-01
   6.3943662e-01
   6.5633803e-01
   6.7323943e-01
   6.8732394e-01
   6.9765259e-01
   7.0422535e-01
   7.0798123e-01
   7.0985914e-01
   7.1079813e-01
   7.1173707e-01
   7.1173709e-01
   7.0985916e-01
   7.0516431e-01
   6.9859155e-01
   6.9014084e-01
   6.7793426e-01
   6.6291079e-01
   6.4694835e-01
   6.3004695e-01
   6.1314552e-01
   5.9812207e-01
   5.8591549e-01
   5.7934271e-01
   5.8215963e-01
   5.9248827e-01
   6.1126759e-01
   6.3661971e-01
   6.6384976e-01
   6.9014084e-01
   7.0892020e-01
   7.2018778e-01
   7.2018781e-01
   7.1267604e-01
   6.9577465e-01
   6.7417840e-01
   6.4882630e-01
   6.2253522e-01
   5.9906103e-01
   5.7746480e-01
   5.6244131e-01
   5.5399061e-01
   5.5211268e-01
   5.5868544e-01
   5.7089202e-01
   5.8967136e-01
   6.1032862e-01
   6.3286384e-01
   6.5539904e-01
   6.7699530e-01
   6.9765257e-01
   7.1737089e-01
   7.3239436e-01
   7.4460094e-01
   7.5023473e-01
   7.4929577e-01
   7.4084507e-01
   7.2676057e-01
   7.0798123e-01
   6.8732394e-01
   6.6760564e-01
   6.5164318e-01
   6.3943660e-01
   6.3286384e-01
   6.3004693e-01
   6.3098591e-01
   6.3568074e-01
   6.4319247e-01
   6.5352111e-01
   6.6478872e-01
   6.7605633e-01
   6.8826291e-01
   6.9859155e-01
   7.0892017e-01
   7.2018778e-01
   7.3051643e-01
   7.4460094e-01
   7.6056338e-01
   7.7652581e-01
   7.9342722e-01
   8.0751173e-01
   8.1690140e-01
   8.2347417e-01
   8.2629108e-01
   8.2816901e-01
   8.3098591e-01
   8.3661971e-01
   8.4413145e-01
   8.5446008e-01
   8.6572769e-01
   8.7605633e-01
   8.8169013e-01
   8.8356806e-01
   8.8075116e-01
   8.7417840e-01
   8.6384976e-01
   8.5352113e-01
   8.4131454e-01
   8.3098591e-01
   8.2347419e-01
   8.2065727e-01
   8.2347417e-01
   8.3098591e-01
   8.4319249e-01
   8.5821596e-01
   8.7323941e-01
   8.8732394e-01
   8.9765259e-01
   9.0516431e-01
   9.0985916e-01
   9.1173709e-01
   9.1455399e-01
   9.1549296e-01
   9.1455399e-01
   9.1267606e-01
   9.0892020e-01
   9.0328638e-01
   8.9577465e-01
   8.8920187e-01
   8.8450702e-01
   8.8356808e-01
   8.8638498e-01
   8.9201877e-01
   9.0140845e-01
   9.0985914e-01
   9.1830985e-01
   9.2488263e-01
   9.3051643e-01
   9.3333333e-01
   9.3615022e-01
   9.3708921e-01
   9.3615022e-01
   9.3521126e-01
   9.3427229e-01
   9.3427229e-01
   9.3802818e-01
   9.4460094e-01
   9.5305165e-01
   9.6525820e-01
   9.7746480e-01
   9.8873239e-01
   9.9624412e-01
   1.0000000e+00
   1.0000000e+00
   9.9624414e-01
   9.9248825e-01
   9.8591547e-01
   9.8122066e-01
   9.7276995e-01
   9.6338027e-01
   9.5117370e-01
   9.3521126e-01
   9.1549296e-01
   8.9389670e-01
   8.6854461e-01
   8.4319247e-01
   8.1596242e-01
   7.8685446e-01
   7.5774648e-01
   7.3051643e-01
   7.0610330e-01
   6.8638498e-01
   6.7323943e-01
   6.6666665e-01
   6.6572769e-01
   6.6948357e-01
   6.7511737e-01
   6.8169015e-01
   6.8826291e-01
   6.9201877e-01
   6.9577463e-01
   6.9577465e-01
   6.9483569e-01
   6.9201877e-01
   6.8638496e-01
   6.8075116e-01
   6.7417840e-01
   6.6854461e-01
   6.6572769e-01
   6.6760564e-01
   6.7417840e-01
   6.8356808e-01
   6.9671360e-01
   7.0892017e-01
   7.2018778e-01
   7.2863848e-01
   7.3521126e-01
   7.3802816e-01
   7.3896714e-01
   7.3708919e-01
   7.3239436e-01
   7.2582160e-01
   7.1737089e-01
   7.0704224e-01
   6.9577463e-01
   6.8732394e-01
   6.8075116e-01
   6.7699530e-01
   6.7887323e-01
   6.8169013e-01
   6.8732392e-01
   6.9107980e-01
   6.9389670e-01
   6.9483569e-01
   6.9483567e-01
   6.9201877e-01
   6.8920187e-01
   6.8544599e-01
   6.7887323e-01
   6.7323943e-01
   6.6854458e-01
   6.6572769e-01
   6.6666667e-01
   6.7230047e-01
   6.8450704e-01
   7.0046948e-01
   7.1924882e-01
   7.3896712e-01
   7.5774648e-01
   7.7464788e-01
   7.8591549e-01
   7.9436618e-01
   7.9999998e-01
   8.0187793e-01
   8.0000000e-01
   7.9436618e-01
   7.8497653e-01
   7.7183099e-01
   7.5399061e-01
   7.3615024e-01
   7.1549296e-01
   6.9577463e-01
   6.7793426e-01
   6.6009389e-01
   6.4413143e-01
   6.2910798e-01
   6.1690140e-01
   6.0469483e-01
   5.9530517e-01
   5.8967136e-01
   5.8779342e-01
   5.8779342e-01
   5.8873239e-01
   5.9061034e-01
   5.9154929e-01
   5.9342722e-01
   5.9342722e-01
   5.9530517e-01
   5.9812207e-01
   6.0093897e-01
   6.0375586e-01
   6.0563379e-01
   6.0657276e-01
   6.0469483e-01
   6.0093897e-01
   5.9624414e-01
   5.8967136e-01
   5.8215963e-01
   5.7276995e-01
   5.5962441e-01
   5.4272300e-01
   5.2112675e-01
   4.9765257e-01
   4.7230047e-01
   4.4694835e-01
   4.2535210e-01
   4.0938968e-01
   3.9812205e-01
   3.9436618e-01
   3.9530515e-01
   4.0093897e-01
   4.1032862e-01
   4.2159623e-01
   4.3380281e-01
   4.4600939e-01
   4.5633803e-01
   4.6384976e-01
   4.6572771e-01
   4.6478872e-01
   4.5915493e-01
   4.5164320e-01
   4.4225350e-01
   4.3474180e-01
   4.2535210e-01
   4.1596242e-01
   4.0563379e-01
   3.9061032e-01
   3.7558685e-01
   3.5774646e-01
   3.3896714e-01
   3.2300468e-01
   3.1079811e-01
   3.0234741e-01
   2.9859155e-01
   2.9765259e-01
   2.9859153e-01
   3.0140843e-01
   3.0610328e-01
   3.1079813e-01
   3.1830987e-01
   3.2582160e-01
   3.3521126e-01
   3.4553990e-01
   3.5680749e-01
   3.6901409e-01
   3.8122064e-01
   3.9624414e-01
   4.1220658e-01
   4.2910796e-01
   4.4507042e-01
   4.6009389e-01
   4.6854461e-01
   4.7136150e-01
   4.6666665e-01
   4.5633801e-01
   4.4037559e-01
   4.2159625e-01
   4.0375586e-01
   3.8685446e-01
   3.7276995e-01
   3.6244131e-01
   3.5680751e-01
   3.5868542e-01
   3.6338027e-01
   3.7464788e-01
   3.8779342e-01
   4.0187793e-01
   4.1314552e-01
   4.2065727e-01
   4.2065727e-01
   4.1690140e-01
   4.0751173e-01
   3.9718310e-01
   3.8591549e-01
   3.7652581e-01
   3.6901407e-01
   3.6431926e-01
   3.6338027e-01
   3.6338027e-01
   3.6713614e-01
   3.7464788e-01
   3.8497651e-01
   4.0000000e-01
   4.1971830e-01
   4.3849766e-01
   4.5915493e-01
   4.7417840e-01
   4.8544601e-01
   4.9014084e-01
   4.8826291e-01
   4.8262909e-01
   4.7230047e-01
   4.5821596e-01
   4.4507042e-01
   4.3192488e-01
   4.2159623e-01
   4.1784037e-01
   4.1877934e-01
   4.2910798e-01
   4.4600939e-01
   4.6948357e-01
   4.9671360e-01
   5.2394367e-01
   5.4835680e-01
   5.6901409e-01
   5.8215961e-01
   5.8873239e-01
   5.9061032e-01
   5.8685446e-01
   5.8028168e-01
   5.7089202e-01
   5.5962441e-01
   5.4741783e-01
   5.3521126e-01
   5.2582158e-01
   5.1830985e-01
   5.1267604e-01
   5.1079811e-01
   5.0985914e-01
   5.0892017e-01
   5.0892017e-01
   5.0610328e-01
   5.0516431e-01
   5.0704226e-01
   5.1079813e-01
   5.2018778e-01
   5.3333333e-01
   5.5117370e-01
   5.7089202e-01
   5.9248825e-01
   6.1408449e-01
   6.3474178e-01
   6.5352111e-01
   6.7042252e-01
   6.8169015e-01
   6.8826291e-01
   6.8638498e-01
   6.7699532e-01
   6.5915493e-01
   6.3474178e-01
   6.0845069e-01
   5.8215963e-01
   5.6056338e-01
   5.4366197e-01
   5.3333333e-01
   5.2769953e-01
   5.2582158e-01
   5.2676057e-01
   5.2488263e-01
   5.2112675e-01
   5.1361502e-01
   5.0046948e-01
   4.8262911e-01
   4.6197184e-01
   4.3943660e-01
   4.1877934e-01
   4.0000000e-01
   3.8685446e-01
   3.7934273e-01
   3.7840375e-01
   3.7840375e-01
   3.7934271e-01
   3.7746478e-01
   3.7183099e-01
   3.6056338e-01
   3.4553990e-01
   3.3051643e-01
   3.1924882e-01
   3.1079813e-01
   3.0985916e-01
   3.1643190e-01
   3.2863850e-01
   3.4366197e-01
   3.6056338e-01
   3.7746478e-01
   3.9248827e-01
   4.0375586e-01
   4.1126759e-01
   4.1314554e-01
   4.1314554e-01
   4.0845071e-01
   4.0469483e-01
   4.0187793e-01
   4.0375586e-01
   4.1220656e-01
   4.2723005e-01
   4.5070421e-01
   4.7887325e-01
   5.0985916e-01
   5.4272300e-01
   5.7464788e-01
   6.0281690e-01
   6.2723005e-01
   6.4694835e-01
   6.5821596e-01
   6.6103286e-01
   6.5633803e-01
   6.4319249e-01
   6.2347417e-01
   5.9906101e-01
   5.7558685e-01
   5.5492958e-01
   5.3990609e-01
   5.3239436e-01
   5.3051643e-01
   5.3333333e-01
   5.3990609e-01
   5.4835680e-01
   5.5680751e-01
   5.6619717e-01
   5.7464788e-01
   5.8215961e-01
   5.8685444e-01
   5.8967136e-01
   5.8779342e-01
   5.8122066e-01
   5.7183099e-01
   5.5868544e-01
   5.4366197e-01
   5.2769953e-01
   5.1173707e-01
   4.9483569e-01
   4.7887323e-01
   4.6384976e-01
   4.5164318e-01
   4.4319249e-01
   4.4131456e-01
   4.4600939e-01
   4.5633801e-01
   4.7136148e-01
   4.9014084e-01
   5.0985914e-01
   5.3051643e-01
   5.5023473e-01
   5.6901409e-01
   5.8873239e-01
   6.0657276e-01
   6.2347419e-01
   6.3849766e-01
   6.4788732e-01
   6.5070423e-01
   6.4600939e-01
   6.3380281e-01
   6.1596244e-01
   5.9436621e-01
   5.6995305e-01
   5.4741783e-01
   5.2582160e-01
   5.0892020e-01
   4.9859155e-01
   4.9577465e-01
   5.0140845e-01
   5.1455397e-01
   5.3239436e-01
   5.5211268e-01
   5.7089202e-01
   5.8591549e-01
   5.9342724e-01
   5.9624412e-01
   5.9436621e-01
   5.8967136e-01
   5.8779342e-01
   5.8967136e-01
   5.9718308e-01
   6.1126759e-01
   6.2910798e-01
   6.4788732e-01
   6.6666665e-01
   6.8262911e-01
   6.9389670e-01
   7.0046948e-01
   7.0046948e-01
   6.9577463e-01
   6.8638496e-01
   6.7417840e-01
   6.5915493e-01
   6.4507042e-01
   6.3474180e-01
   6.2910798e-01
   6.2629108e-01
   6.2910796e-01
   6.3192488e-01
   6.3661973e-01
   6.4037557e-01
   6.4319247e-01
   6.4413143e-01
   6.4413145e-01
   6.4413145e-01
   6.4319247e-01
   6.4131454e-01
   6.3755867e-01
   6.3098591e-01
   6.2253520e-01
   6.1220656e-01
   6.0187793e-01
   5.9248825e-01
   5.8403756e-01
   5.7840375e-01
   5.7370890e-01
   5.6901409e-01
   5.6431924e-01
   5.5962441e-01
   5.5305163e-01
   5.4647887e-01
   5.3802816e-01
   5.3239436e-01
   5.2676055e-01
   5.2112675e-01
   5.1737089e-01
   5.1549296e-01
   5.1830985e-01
   5.2676057e-01
   5.3896712e-01
   5.5492956e-01
   5.7558685e-01
   5.9624412e-01
   6.1502347e-01
   6.3004695e-01
   6.4131456e-01
   6.4788734e-01
   6.5164320e-01
   6.5446010e-01
   6.5539904e-01
   6.5539904e-01
   6.5539906e-01
   6.5258217e-01
   6.4600939e-01
   6.3849766e-01
   6.2816901e-01
   6.1690140e-01
   6.0657278e-01
   5.9718308e-01
   5.8967136e-01
   5.8591549e-01
   5.8685444e-01
   5.9154929e-01
   6.0093897e-01
   6.1502347e-01
   6.3192488e-01
   6.4976525e-01
   6.6666665e-01
   6.7981219e-01
   6.8638498e-01
   6.8544601e-01
   6.7699530e-01
   6.6197182e-01
   6.4319247e-01
   6.2159623e-01
   5.9906101e-01
   5.7746478e-01
   5.5586855e-01
   5.3708921e-01
   5.2112675e-01
   5.0985914e-01
   5.0234741e-01
   5.0140845e-01
   5.0610328e-01
   5.1455397e-01
   5.2488263e-01
   5.3333333e-01
   5.4084507e-01
   5.4553990e-01
   5.4741783e-01
   5.4741783e-01
   5.4647887e-01
   5.4835682e-01
   5.5117372e-01
   5.5586853e-01
   5.6525822e-01
   5.7746478e-01
   5.9342722e-01
   6.1314554e-01
   6.3568076e-01
   6.5821596e-01
   6.7793428e-01
   6.9389672e-01
   7.0328638e-01
   7.0516431e-01
   7.0046948e-01
   6.9201877e-01
   6.7981222e-01
   6.7042254e-01
   6.6384976e-01
   6.6009389e-01
   6.6103286e-01
   6.6384978e-01
   6.7042254e-01
   6.7887323e-01
   6.9014084e-01
   7.0328638e-01
   7.1830985e-01
   7.3427231e-01
   7.5023475e-01
   7.6619717e-01
   7.7746478e-01
   7.8685446e-01
   7.9248825e-01
   7.9342722e-01
   7.9061032e-01
   7.8215963e-01
   7.7089202e-01
   7.5305165e-01
   7.3239436e-01
   7.0985916e-01
   6.8826291e-01
   6.6854461e-01
   6.5539906e-01
   6.4788732e-01
   6.4694835e-01
   6.5164318e-01
   6.5915493e-01
   6.6854458e-01
   6.7793426e-01
   6.8732392e-01
   6.9671360e-01
   7.0422535e-01
   7.1079813e-01
   7.1549296e-01
   7.1737089e-01
   7.1549296e-01
   7.0985914e-01
   6.9953052e-01
   6.8638498e-01
   6.7230047e-01
   6.5821596e-01
   6.4225352e-01
   6.2535210e-01
   6.0845069e-01
   5.8967138e-01
   5.6995303e-01
   5.5117372e-01
   5.3521126e-01
   5.2394365e-01
   5.1549296e-01
   5.1079813e-01
   5.0985916e-01
   5.1079811e-01
   5.1173707e-01
   5.1361502e-01
   5.1643192e-01
   5.2112677e-01
   5.2582160e-01
   5.3239438e-01
   5.3896714e-01
   5.4553990e-01
   5.5117370e-01
   5.5868544e-01
   5.6431924e-01
   5.7276995e-01
   5.8215963e-01
   5.9061032e-01
   6.0000000e-01
   6.0751173e-01
   6.0938968e-01
   6.0751173e-01
   6.0281690e-01
   5.9436621e-01
   5.8497653e-01
   5.7558687e-01
   5.6713614e-01
   5.6056338e-01
   5.5586853e-01
   5.4929577e-01
   5.4460092e-01
   5.3990609e-01
   5.3708919e-01
   5.3615024e-01
   5.3802818e-01
   5.4460094e-01
   5.5680751e-01
   5.7370892e-01
   5.9624412e-01
   6.2347419e-01
   6.5539904e-01
   6.8826291e-01
   7.1924882e-01
   7.4647887e-01
   7.6525820e-01
   7.7089202e-01
   7.6525822e-01
   7.4835680e-01
   7.2394365e-01
   6.9765257e-01
   6.7323943e-01
   6.5539904e-01
   6.4694835e-01
   6.4882628e-01
   6.5915493e-01
   6.7511737e-01
   6.9389670e-01
   7.1267604e-01
   7.2769953e-01
   7.3708919e-01
   7.4084507e-01
   7.3708919e-01
   7.2769953e-01
   7.1361500e-01
   6.9765259e-01
   6.8262909e-01
   6.7042254e-01
   6.6197182e-01
   6.5821596e-01
   6.5539906e-01
   6.5352113e-01
   6.4694835e-01
   6.3661971e-01
   6.2065729e-01
   6.0187793e-01
   5.8309857e-01
   5.6431926e-01
   5.5023473e-01
   5.4084505e-01
   5.3521126e-01
   5.3615024e-01
   5.3990609e-01
   5.4741783e-01
   5.5680751e-01
   5.6619719e-01
   5.7840377e-01
   5.9061034e-01
   6.0187793e-01
   6.1032864e-01
   6.1596244e-01
   6.1502347e-01
   6.0938966e-01
   5.9718308e-01
   5.7934273e-01
   5.5492958e-01
   5.2488261e-01
   4.9295774e-01
   4.5915493e-01
   4.2816901e-01
   4.0657276e-01
   3.9812207e-01
   4.0469483e-01
   4.2723005e-01
   4.6384976e-01
   5.0985916e-01
   5.5774648e-01
   6.0469483e-01
   6.4225352e-01
   6.6948355e-01
   6.8356808e-01
   6.8450704e-01
   6.7605633e-01
   6.6009389e-01
   6.4131456e-01
   6.2159623e-01
   6.0375586e-01
   5.9061032e-01
   5.8309860e-01
   5.8309860e-01
   5.8779342e-01
   5.9530517e-01
   6.0281688e-01
   6.0845069e-01
   6.0938966e-01
   6.0469483e-01
   5.9342722e-01
   5.7934271e-01
   5.6244131e-01
   5.4460094e-01
   5.2769953e-01
   5.1267606e-01
   4.9859155e-01
   4.8544601e-01
   4.7511737e-01
   4.6572771e-01
   4.6103286e-01
   4.5821596e-01
   4.6009389e-01
   4.6384976e-01
   4.7042252e-01
   4.7887323e-01
   4.8826291e-01
   5.0046948e-01
   5.1455397e-01
   5.3239436e-01
   5.4929579e-01
   5.6807510e-01
   5.8591549e-01
   6.0000000e-01
   6.1032864e-01
   6.1784037e-01
   6.2159623e-01
   6.2347417e-01
   6.2159623e-01
   6.1596244e-01
   6.0657278e-01
   5.9154929e-01
   5.7183099e-01
   5.4741783e-01
   5.2018778e-01
   4.9389672e-01
   4.7323941e-01
   4.5727697e-01
   4.5164318e-01
   4.5352113e-01
   4.6009389e-01
   4.6948357e-01
   4.7981222e-01
   4.8638498e-01
   4.8920187e-01
   4.8732394e-01
   4.8169015e-01
   4.7417840e-01
   4.6478872e-01
   4.5727700e-01
   4.5258215e-01
   4.5258215e-01
   4.5821596e-01
   4.6854461e-01
   4.8169013e-01
   4.9483567e-01
   5.0516431e-01
   5.1079813e-01
   5.0985914e-01
   5.0328638e-01
   4.9295774e-01
   4.8262911e-01
   4.7511737e-01
   4.7230045e-01
   4.7230047e-01
   4.7605633e-01
   4.8356806e-01
   4.9014084e-01
   4.9577465e-01
   5.0046948e-01
   5.0422535e-01
   5.0798121e-01
   5.1173709e-01
   5.1549296e-01
   5.1924882e-01
   5.2206572e-01
   5.2676055e-01
   5.3051643e-01
   5.3427229e-01
   5.3896714e-01
   5.4178404e-01
   5.4366197e-01
   5.4084505e-01
   5.3333333e-01
   5.2206572e-01
   5.0610328e-01
   4.8638498e-01
   4.6760564e-01
   4.4882628e-01
   4.3380281e-01
   4.2159623e-01
   4.1690140e-01
   4.1596244e-01
   4.2159623e-01
   4.3286384e-01
   4.4694835e-01
   4.6384976e-01
   4.7981219e-01
   4.9107980e-01
   4.9483567e-01
   4.8920187e-01
   4.7323943e-01
   4.5258215e-01
   4.2723005e-01
   4.0281690e-01
   3.8309857e-01
   3.7183096e-01
   3.6807512e-01
   3.7370892e-01
   3.8403756e-01
   3.9906101e-01
   4.1502347e-01
   4.3098591e-01
   4.4600939e-01
   4.6009389e-01
   4.7323943e-01
   4.8732394e-01
   4.9953052e-01
   5.1079813e-01
   5.2300468e-01
   5.3333333e-01
   5.4272300e-01
   5.5023473e-01
   5.5680751e-01
   5.5868544e-01
   5.5774648e-01
   5.5492958e-01
   5.5023473e-01
   5.4553990e-01
   5.4553990e-01
   5.4741783e-01
   5.5586853e-01
   5.6338027e-01
   5.6995305e-01
   5.7183099e-01
   5.6431926e-01
   5.4460094e-01
   5.1549294e-01
   4.7699532e-01
   4.3380281e-01
   3.9154929e-01
   3.5211266e-01
   3.2206574e-01
   3.0516431e-01
   3.0234741e-01
   3.1549296e-01
   3.4178402e-01
   3.7746478e-01
   4.1784037e-01
   4.5539906e-01
   4.8450704e-01
   4.9765259e-01
   4.9389670e-01
   4.7230047e-01
   4.3755869e-01
   3.9530515e-01
   3.5211268e-01
   3.1361502e-01
   2.8544599e-01
   2.7042254e-01
   2.6760564e-01
   2.7605633e-01
   2.9201877e-01
   3.1361502e-01
   3.3521128e-01
   3.5774648e-01
   3.7558687e-01
   3.8873239e-01
   3.9718310e-01
   4.0281690e-01
   4.0469483e-01
   4.0563379e-01
   4.0751175e-01
   4.1126761e-01
   4.1502347e-01
   4.1877934e-01
   4.2253522e-01
   4.2441315e-01
   4.2441315e-01
   4.2347417e-01
   4.2347417e-01
   4.2347417e-01
   4.2441313e-01
   4.2723003e-01
   4.2816901e-01
   4.2535212e-01
   4.1971830e-01
   4.0845069e-01
   3.9436618e-01
   3.7934271e-01
   3.6431924e-01
   3.5211266e-01
   3.4272300e-01
   3.3615022e-01
   3.3333333e-01
   3.3051643e-01
   3.3051643e-01
   3.3051643e-01
   3.3145539e-01
   3.3145539e-01
   3.3239436e-01
   3.3051643e-01
   3.2488263e-01
   3.1737089e-01
   3.0516431e-01
   2.9201877e-01
   2.7887323e-01
   2.6948357e-01
   2.6572769e-01
   2.6854461e-01
   2.7793426e-01
   2.9295774e-01
   3.1267604e-01
   3.3427231e-01
   3.5492958e-01
   3.7276995e-01
   3.8591549e-01
   3.9436618e-01
   3.9624414e-01
   3.9248827e-01
   3.8497653e-01
   3.7652581e-01
   3.6807510e-01
   3.6431924e-01
   3.6431924e-01
   3.6901409e-01
   3.7558685e-01
   3.7934273e-01
   3.7840375e-01
   3.7183099e-01
   3.5868544e-01
   3.4084507e-01
   3.2018778e-01
   3.0234741e-01
   2.9014084e-01
   2.8544601e-01
   2.9014084e-01
   3.0328638e-01
   3.2300468e-01
   3.4741783e-01
   3.7464788e-01
   4.0093895e-01
   4.2535210e-01
   4.4507042e-01
   4.5915493e-01
   4.6666665e-01
   4.6854458e-01
   4.6478872e-01
   4.5915493e-01
   4.5164320e-01
   4.4507042e-01
   4.4037559e-01
   4.3849766e-01
   4.3661971e-01
   4.3568076e-01
   4.3661971e-01
   4.3943660e-01
   4.4507040e-01
   4.5352113e-01
   4.6572769e-01
   4.8169015e-01
   4.9671360e-01
   5.0892017e-01
   5.1830985e-01
   5.2112677e-01
   5.1830985e-01
   5.1079813e-01
   5.0140845e-01
   4.9201877e-01
   4.8544601e-01
   4.8262911e-01
   4.8638498e-01
   4.9671362e-01
   5.1173709e-01
   5.3145539e-01
   5.5305165e-01
   5.7370892e-01
   5.8967136e-01
   5.9718308e-01
   5.9342722e-01
   5.7934271e-01
   5.5586853e-01
   5.2582160e-01
   4.9671360e-01
   4.7136150e-01
   4.5633803e-01
   4.5258217e-01
   4.5915493e-01
   4.7605633e-01
   4.9953052e-01
   5.2582160e-01
   5.5023473e-01
   5.6995303e-01
   5.8215961e-01
   5.8403754e-01
   5.7746478e-01
   5.6244131e-01
   5.3990611e-01
   5.1455399e-01
   4.8920187e-01
   4.6572769e-01
   4.4788732e-01
   4.3474178e-01
   4.2535210e-01
   4.1971830e-01
   4.1596244e-01
   4.1314554e-01
   4.1126761e-01
   4.1032862e-01
   4.1220658e-01
   4.1596242e-01
   4.2159623e-01
   4.2816901e-01
   4.3380281e-01
   4.3661971e-01
   4.3849764e-01
   4.3943662e-01
   4.4225352e-01
   4.4976525e-01
   4.6291079e-01
   4.8075118e-01
   5.0328638e-01
   5.2582158e-01
   5.4460094e-01
   5.5680751e-01
   5.5962441e-01
   5.5211266e-01
   5.3521126e-01
   5.1361502e-01
   4.9014084e-01
   4.7042254e-01
   4.5821594e-01
   4.5915493e-01
   4.7511737e-01
   5.0610328e-01
   5.4741783e-01
   5.9436618e-01
   6.4037559e-01
   6.7699532e-01
   6.9765257e-01
   7.0046948e-01
   6.8356808e-01
   6.5258217e-01
   6.1032864e-01
   5.6713616e-01
   5.2676057e-01
   4.9483569e-01
   4.7323943e-01
   4.6384976e-01
   4.6478872e-01
   4.7417840e-01
   4.8826291e-01
   5.0422535e-01
   5.2112675e-01
   5.3521126e-01
   5.4460094e-01
   5.4741783e-01
   5.4741783e-01
   5.4366195e-01
   5.3802818e-01
   5.3239436e-01
   5.2957744e-01
   5.2957746e-01
   5.2863848e-01
   5.2957746e-01
   5.2769953e-01
   5.2206572e-01
   5.1267606e-01
   5.0046946e-01
   4.8732394e-01
   4.7699532e-01
   4.6948357e-01
   4.7042254e-01
   4.7699530e-01
   4.9389672e-01
   5.1830985e-01
   5.5023475e-01
   5.8685446e-01
   6.2723005e-01
   6.6291079e-01
   6.9295774e-01
   7.0985916e-01
   7.1455399e-01
   7.0328638e-01
   6.7981222e-01
   6.4600939e-01
   6.0751175e-01
   5.6807510e-01
   5.3239436e-01
   5.0140845e-01
   4.7793426e-01
   4.6103286e-01
   4.5070421e-01
   4.4507042e-01
   4.4225352e-01
   4.4319247e-01
   4.4507042e-01
   4.4788734e-01
   4.4882628e-01
   4.4976525e-01
   4.4882628e-01
   4.4788734e-01
   4.4694835e-01
   4.4600939e-01
   4.4694835e-01
   4.4600939e-01
   4.4413145e-01
   4.3755867e-01
   4.2723005e-01
   4.1220656e-01
   3.9530517e-01
   3.7840375e-01
   3.6244131e-01
   3.5117370e-01
   3.4553990e-01
   3.4366197e-01
   3.4553990e-01
   3.4647887e-01
   3.4647887e-01
   3.4366195e-01
   3.3802816e-01
   3.2957746e-01
   3.1643192e-01
   3.0422535e-01
   2.9107983e-01
   2.8262911e-01
   2.7793428e-01
   2.8075116e-01
   2.9295774e-01
   3.1267606e-01
   3.3896714e-01
   3.6995305e-01
   4.0187793e-01
   4.2910798e-01
   4.5164318e-01
   4.6478872e-01
   4.6854461e-01
   4.6666665e-01
   4.5821596e-01
   4.4600939e-01
   4.3192488e-01
   4.1690138e-01
   4.0281690e-01
   3.9061032e-01
   3.8215963e-01
   3.8215961e-01
   3.8873239e-01
   4.0469483e-01
   4.2910798e-01
   4.5915491e-01
   4.9107980e-01
   5.2300470e-01
   5.5211268e-01
   5.7558685e-01
   5.9342722e-01
   6.0563379e-01
   6.1126761e-01
   6.1126761e-01
   6.0563379e-01
   5.9624412e-01
   5.8591549e-01
   5.7276995e-01
   5.5962441e-01
   5.4647887e-01
   5.3427229e-01
   5.2112675e-01
   5.0610330e-01
   4.8732392e-01
   4.6666667e-01
   4.4507042e-01
   4.2347417e-01
   4.0469483e-01
   3.9061032e-01
   3.8497653e-01
   3.8591549e-01
   3.9436621e-01
   4.0657276e-01
   4.2347417e-01
   4.3943660e-01
   4.5539904e-01
   4.6948357e-01
   4.7981222e-01
   4.8920187e-01
   4.9295774e-01
   4.9577463e-01
   4.9483569e-01
   4.9483569e-01
   4.9483569e-01
   4.9765259e-01
   5.0328638e-01
   5.1079813e-01
   5.2018778e-01
   5.2863850e-01
   5.3521126e-01
   5.3708919e-01
   5.3427229e-01
   5.2769953e-01
   5.1924882e-01
   5.0985914e-01
   4.9859153e-01
   4.8826291e-01
   4.7981222e-01
   4.7230047e-01
   4.6666665e-01
   4.6572769e-01
   4.6948357e-01
   4.7981222e-01
   4.9671360e-01
   5.1737089e-01
   5.3990609e-01
   5.6056338e-01
   5.7652581e-01
   5.8685446e-01
   5.8685446e-01
   5.7840377e-01
   5.6338027e-01
   5.4084507e-01
   5.1455399e-01
   4.8638498e-01
   4.5727700e-01
   4.3004695e-01
   4.0938966e-01
   3.9530517e-01
   3.9154929e-01
   3.9624412e-01
   4.0938966e-01
   4.2910798e-01
   4.5352111e-01
   4.7887325e-01
   5.0328638e-01
   5.2582160e-01
   5.4553990e-01
   5.6056338e-01
   5.7276995e-01
   5.8028168e-01
   5.8403756e-01
   5.8591549e-01
   5.8403754e-01
   5.8215961e-01
   5.8215963e-01
   5.8122066e-01
   5.8122064e-01
   5.8028170e-01
   5.7652583e-01
   5.6713616e-01
   5.5305163e-01
   5.3521126e-01
   5.1361502e-01
   4.9389672e-01
   4.7699530e-01
   4.6572769e-01
   4.6103286e-01
   4.6103286e-01
   4.6478872e-01
   4.6948357e-01
   4.7136150e-01
   4.7230047e-01
   4.6760564e-01
   4.6103286e-01
   4.5070421e-01
   4.3849764e-01
   4.2629108e-01
   4.1408451e-01
   4.0375586e-01
   3.9718310e-01
   3.9530517e-01
   3.9999998e-01
   4.0938966e-01
   4.2253522e-01
   4.3849766e-01
   4.5633801e-01
   4.7136150e-01
   4.8450702e-01
   4.9577463e-01
   5.0422535e-01
   5.0892020e-01
   5.0985914e-01
   5.0704226e-01
   4.9953052e-01
   4.8920187e-01
   4.7605633e-01
   4.6197182e-01
   4.5070421e-01
   4.4319249e-01
   4.4037559e-01
   4.4319249e-01
   4.5070421e-01
   4.6197182e-01
   4.7699530e-01
   4.9483567e-01
   5.1924882e-01
   5.4553990e-01
   5.7934271e-01
   6.1502347e-01
   6.5164318e-01
   6.8638498e-01
   7.1549296e-01
   7.3615022e-01
   7.4647887e-01
   7.4741785e-01
   7.3802816e-01
   7.2300470e-01
   7.0140845e-01
   6.7699530e-01
   6.5446010e-01
   6.3474178e-01
   6.1877934e-01
   6.1032864e-01
   6.0938968e-01
   6.1596244e-01
   6.2816901e-01
   6.4225350e-01
   6.5821596e-01
   6.7042254e-01
   6.7793426e-01
   6.8075118e-01
   6.7887323e-01
   6.7230047e-01
   6.6291079e-01
   6.5070421e-01
   6.3661973e-01
   6.2253520e-01
   6.0845069e-01
   5.9812205e-01
   5.9154929e-01
   5.9248825e-01
   6.0187793e-01
   6.1971830e-01
   6.4225352e-01
   6.7136150e-01
   7.0234741e-01
   7.3427229e-01
   7.6807512e-01
   8.0000000e-01
   8.3098591e-01
   8.5821596e-01
   8.8075116e-01
   8.9389670e-01
   8.9577463e-01
   8.8544601e-01
   8.6291079e-01
   8.2816899e-01
   7.8685446e-01
   7.4178402e-01
   6.9859155e-01
   6.6291079e-01
   6.3474178e-01
   6.1784037e-01
   6.0938968e-01
   6.1126761e-01
   6.1971832e-01
   6.3004695e-01
   6.4037559e-01
   6.4882628e-01
   6.5258217e-01
   6.5164320e-01
   6.4694835e-01
   6.4037557e-01
   6.3661971e-01
   6.3755867e-01
   6.4507042e-01
   6.5727700e-01
   6.7136150e-01
   6.8544599e-01
   6.9483567e-01
   6.9483569e-01
   6.8638496e-01
   6.6948357e-01
   6.4788732e-01
   6.2535212e-01
   6.0563379e-01
   5.9248825e-01
   5.8685444e-01
   5.8779342e-01
   5.9624412e-01
   6.0657276e-01
   6.1877934e-01
   6.2723005e-01
   6.3004695e-01
   6.2535210e-01
   6.1220658e-01
   5.9342722e-01
   5.7089202e-01
   5.4929577e-01
   5.3427229e-01
   5.3051643e-01
   5.3896712e-01
   5.5962441e-01
   5.9061032e-01
   6.2723005e-01
   6.6291079e-01
   6.9577463e-01
   7.2112675e-01
   7.4084507e-01
   7.5211266e-01
   7.5774648e-01
   7.5962441e-01
   7.5680751e-01
   7.5492956e-01
   7.5305163e-01
   7.5117372e-01
   7.5117370e-01
   7.5305163e-01
   7.5399059e-01
   7.5492958e-01
   7.5492956e-01
   7.5117370e-01
   7.4460094e-01
   7.3521126e-01
   7.2582158e-01
   7.1830985e-01
   7.1455397e-01
   7.1643192e-01
   7.2300470e-01
   7.3427231e-01
   7.4929579e-01
   7.6525822e-01
   7.8122066e-01
   7.9436618e-01
   8.0563379e-01
   8.1502347e-01
   8.2159625e-01
   8.2535210e-01
   8.2535210e-01
   8.2347419e-01
