   0.0000000e+00
   8.3182640e-02
   2.0705242e-01
   3.4538879e-01
   4.7558770e-01
   5.7594936e-01
   6.3652801e-01
   6.5551537e-01
   6.4104882e-01
   6.0578663e-01
   5.5967452e-01
   5.1717902e-01
   4.8372514e-01
   4.6112115e-01
   4.4936708e-01
   4.4484629e-01
   4.4484629e-01
   4.4755879e-01
   4.5298373e-01
   4.6202533e-01
   4.7377938e-01
   4.9005424e-01
   5.1175407e-01
   5.3797467e-01
   5.6871610e-01
   6.0307413e-01
   6.3924051e-01
   6.7540688e-01
   7.0976494e-01
   7.4141048e-01
   7.6853526e-01
   7.9113924e-01
   8.0831826e-01
   8.2278481e-01
   8.3634721e-01
   8.4900542e-01
   8.6075949e-01
   8.7251357e-01
   8.8336346e-01
   8.9330922e-01
   9.0054250e-01
   9.0596745e-01
   9.0958410e-01
   9.1320073e-01
   9.1772152e-01
   9.2224231e-01
   9.2676312e-01
   9.2947559e-01
   9.3128392e-01
   9.3037977e-01
   9.2857143e-01
   9.2224233e-01
   9.1500904e-01
   9.0687160e-01
   8.9783003e-01
   8.8878843e-01
   8.7974683e-01
   8.7160941e-01
   8.6347199e-01
   8.5714286e-01
   8.5171790e-01
   8.4719711e-01
   8.4267630e-01
   8.3544305e-01
   8.2640146e-01
   8.1193489e-01
   7.9385173e-01
   7.7305606e-01
   7.4773961e-01
   7.2423148e-01
   7.0072332e-01
   6.7992769e-01
   6.6094033e-01
   6.4556963e-01
   6.3381556e-01
   6.2567812e-01
   6.2206149e-01
   6.2386980e-01
   6.2929477e-01
   6.3743219e-01
   6.4828210e-01
   6.5913200e-01
   6.6998191e-01
   6.7811935e-01
   6.8354430e-01
   6.8896927e-01
   6.9439421e-01
   7.0072332e-01
   7.0886076e-01
   7.1790236e-01
   7.2965643e-01
   7.4321882e-01
   7.5858950e-01
   7.7576854e-01
   7.9566003e-01
   8.1555154e-01
   8.3815553e-01
   8.5895118e-01
   8.7793853e-01
   8.9421339e-01
   9.0506329e-01
   9.1048825e-01
   9.0958410e-01
   9.0415915e-01
   8.9421337e-01
   8.8155514e-01
   8.6528028e-01
   8.4810126e-01
   8.2911393e-01
   8.1283905e-01
   7.9927668e-01
   7.9113924e-01
   7.8752259e-01
   7.9113926e-01
   7.9746837e-01
   8.0741412e-01
   8.1826402e-01
   8.3001809e-01
   8.4177214e-01
   8.5262205e-01
   8.6528028e-01
   8.7793853e-01
   8.9240506e-01
   9.0596747e-01
   9.2043401e-01
   9.3309224e-01
   9.4303800e-01
   9.5027126e-01
   9.5479205e-01
   9.5750452e-01
   9.5750452e-01
   9.5388789e-01
   9.4575047e-01
   9.3218806e-01
   9.1320073e-01
   8.8788427e-01
   8.5895118e-01
   8.2459312e-01
   7.8661843e-01
   7.4864376e-01
   7.0976492e-01
   6.7359856e-01
   6.4104882e-01
   6.1392407e-01
   5.9584087e-01
   5.8860759e-01
   5.9132006e-01
   6.0759492e-01
   6.3291138e-01
   6.6636528e-01
   7.0343581e-01
   7.4231466e-01
   7.8119350e-01
   8.1555154e-01
   8.4538879e-01
   8.7070525e-01
   8.8788427e-01
   8.9873418e-01
   9.0235083e-01
   8.9873418e-01
   8.8878843e-01
   8.7522604e-01
   8.5895118e-01
   8.4177216e-01
   8.2459312e-01
   8.1012658e-01
   7.9385171e-01
   7.7848101e-01
   7.6311031e-01
   7.4593129e-01
   7.2784811e-01
   7.0976492e-01
   6.9168174e-01
   6.7359856e-01
   6.5551537e-01
   6.3562385e-01
   6.1754068e-01
   5.9945750e-01
   5.8318264e-01
   5.7052441e-01
   5.6329115e-01
   5.6148281e-01
   5.6600362e-01
   5.7504520e-01
   5.8679927e-01
   6.0036166e-01
   6.1392405e-01
   6.2748643e-01
   6.3833635e-01
   6.4828208e-01
   6.5732368e-01
   6.6455697e-01
   6.6998193e-01
   6.7359856e-01
   6.7631104e-01
   6.7811935e-01
   6.8083183e-01
   6.8716093e-01
   6.9529837e-01
   7.0614829e-01
   7.1971065e-01
   7.3236890e-01
   7.4683545e-01
   7.5949368e-01
   7.7124775e-01
   7.7938517e-01
   7.8752261e-01
   7.9204342e-01
   7.9385173e-01
   7.9294756e-01
   7.8842677e-01
   7.8209764e-01
   7.7396022e-01
   7.6763112e-01
   7.6130197e-01
   7.5949368e-01
   7.6039783e-01
   7.6401447e-01
   7.6943941e-01
   7.7576854e-01
   7.8028933e-01
   7.8481014e-01
   7.8842677e-01
   7.9204342e-01
   7.9656421e-01
   7.9927668e-01
   8.0108500e-01
   8.0108500e-01
   7.9837252e-01
   7.9385171e-01
   7.8571429e-01
   7.7486438e-01
   7.6130199e-01
   7.4683545e-01
   7.3236890e-01
   7.1880650e-01
   7.0705244e-01
   6.9981916e-01
   6.9710669e-01
   7.0162748e-01
   7.1157325e-01
   7.2694396e-01
   7.4321882e-01
   7.5949368e-01
   7.7124775e-01
   7.7667270e-01
   7.7486438e-01
   7.6582278e-01
   7.5045208e-01
   7.3056057e-01
   7.0886076e-01
   6.8716093e-01
   6.6365281e-01
   6.4195300e-01
   6.2025317e-01
   6.0126582e-01
   5.8408680e-01
   5.6871610e-01
   5.5605787e-01
   5.4792043e-01
   5.4249548e-01
   5.3978300e-01
   5.4249548e-01
   5.4882458e-01
   5.6238699e-01
   5.8318264e-01
   6.0940324e-01
   6.4285716e-01
   6.7902351e-01
   7.1699820e-01
   7.5406871e-01
   7.8842677e-01
   8.2007233e-01
   8.4719711e-01
   8.6889693e-01
   8.8878843e-01
   9.0506329e-01
   9.1681738e-01
   9.2585896e-01
   9.3128390e-01
   9.3309222e-01
   9.3128390e-01
   9.2676312e-01
   9.2133817e-01
   9.1500904e-01
   9.0506329e-01
   8.9602171e-01
   8.8426764e-01
   8.7160941e-01
   8.5895118e-01
   8.4629297e-01
   8.3634719e-01
   8.2730559e-01
   8.1916817e-01
   8.1193489e-01
   8.0379747e-01
   7.9385171e-01
   7.8028935e-01
   7.6582278e-01
   7.4864376e-01
   7.3236890e-01
   7.1518986e-01
   6.9981918e-01
   6.8625677e-01
   6.7450272e-01
   6.6365281e-01
   6.5732368e-01
   6.5189874e-01
   6.5099458e-01
   6.5099458e-01
   6.5280289e-01
   6.5641952e-01
   6.6003618e-01
   6.6184449e-01
   6.6455697e-01
   6.6636530e-01
   6.6998193e-01
   6.7450270e-01
   6.8083183e-01
   6.8716093e-01
   6.9258590e-01
   6.9529837e-01
   6.9349006e-01
   6.8716095e-01
   6.7902351e-01
   6.6636528e-01
   6.5461121e-01
   6.4285714e-01
   6.3291138e-01
   6.2658228e-01
   6.2386980e-01
   6.2567812e-01
   6.3200722e-01
   6.4104882e-01
   6.5370705e-01
   6.6455697e-01
   6.7540688e-01
   6.7992769e-01
   6.7811935e-01
   6.6726944e-01
   6.5009042e-01
   6.2748643e-01
   6.0307413e-01
   5.7685352e-01
   5.5696202e-01
   5.4249548e-01
   5.3526220e-01
   5.3797469e-01
   5.4792044e-01
   5.6690778e-01
   5.9222422e-01
   6.2296564e-01
   6.5641952e-01
   6.9077758e-01
   7.2242315e-01
   7.4954792e-01
   7.7124775e-01
   7.8661843e-01
   7.9837252e-01
   8.0560579e-01
   8.1103073e-01
   8.1374321e-01
   8.1645570e-01
   8.1464738e-01
   8.1012660e-01
   8.0198916e-01
   7.9113924e-01
   7.7667270e-01
   7.6039783e-01
   7.4412297e-01
   7.2784811e-01
   7.1247739e-01
   6.9981916e-01
   6.8716093e-01
   6.7811935e-01
   6.7088607e-01
   6.6365281e-01
   6.5913200e-01
   6.5461123e-01
   6.4737793e-01
   6.3924051e-01
   6.2748645e-01
   6.1482820e-01
   6.0126582e-01
   5.9041592e-01
   5.8227848e-01
   5.7956601e-01
   5.8227848e-01
   5.9132008e-01
   6.0307415e-01
   6.1663652e-01
   6.3019891e-01
   6.4285714e-01
   6.5370707e-01
   6.6274863e-01
   6.7088609e-01
   6.7811935e-01
   6.8444846e-01
   6.9258590e-01
   7.0253165e-01
   7.1609402e-01
   7.3508138e-01
   7.5858952e-01
   7.8842677e-01
   8.2097649e-01
   8.5533455e-01
   8.8788427e-01
   9.1772154e-01
   9.4303798e-01
   9.6202533e-01
   9.7739603e-01
   9.8734177e-01
   9.9367090e-01
   9.9819168e-01
   1.0000000e+00
   9.9909584e-01
   9.9457505e-01
   9.8643761e-01
   9.7558772e-01
   9.6383363e-01
   9.4936710e-01
   9.3309222e-01
   9.1500904e-01
   8.9602171e-01
   8.7793851e-01
   8.5895118e-01
   8.4358048e-01
   8.3092225e-01
   8.2188065e-01
   8.1735986e-01
   8.1555154e-01
   8.1464738e-01
   8.1103073e-01
   8.0650996e-01
   7.9746835e-01
   7.8481014e-01
   7.7034359e-01
   7.5678118e-01
   7.4321882e-01
   7.3236888e-01
   7.2332730e-01
   7.1971067e-01
   7.1790236e-01
   7.1880651e-01
   7.2151899e-01
   7.2603980e-01
   7.2965643e-01
   7.3146474e-01
   7.3056059e-01
   7.2603978e-01
   7.1790236e-01
   7.0886076e-01
   6.9891502e-01
   6.9168172e-01
   6.8987340e-01
   6.9349006e-01
   7.0343581e-01
   7.1699820e-01
   7.3508138e-01
   7.5587703e-01
   7.7576854e-01
   7.9656421e-01
   8.1645568e-01
   8.3182640e-01
   8.4448463e-01
   8.5171792e-01
   8.5262205e-01
   8.4900544e-01
   8.3996384e-01
   8.2730561e-01
   8.1374323e-01
   8.0018082e-01
   7.8661845e-01
   7.7667270e-01
   7.6763110e-01
   7.5949368e-01
   7.5226039e-01
   7.4683545e-01
   7.4141048e-01
   7.3779385e-01
   7.3598553e-01
   7.3508138e-01
   7.3327306e-01
   7.3236890e-01
   7.2965641e-01
   7.2694394e-01
   7.2423146e-01
   7.2332730e-01
   7.2513564e-01
   7.2875225e-01
   7.3598553e-01
   7.4502711e-01
   7.5406871e-01
   7.6311033e-01
   7.7034357e-01
   7.7757685e-01
   7.8390596e-01
   7.8842677e-01
   7.9204340e-01
   7.9475589e-01
   7.9475587e-01
   7.9475587e-01
   7.9204340e-01
   7.9023508e-01
   7.8752261e-01
   7.8661845e-01
   7.8571429e-01
   7.8481012e-01
   7.8300182e-01
   7.8028935e-01
   7.7486438e-01
   7.6853528e-01
   7.6130199e-01
   7.5316457e-01
   7.4683545e-01
   7.4050632e-01
   7.3508138e-01
   7.2875227e-01
   7.1971065e-01
   7.0976492e-01
   6.9529837e-01
   6.8083183e-01
   6.6455697e-01
   6.4828210e-01
   6.3200722e-01
   6.1573236e-01
   6.0126582e-01
   5.8679927e-01
   5.7323690e-01
   5.6148281e-01
   5.5244123e-01
   5.4792044e-01
   5.4701627e-01
   5.4972876e-01
   5.5605787e-01
   5.6600362e-01
   5.7956601e-01
   5.9584087e-01
   6.1573236e-01
   6.3743219e-01
   6.6094033e-01
   6.8354430e-01
   7.0343581e-01
   7.1880651e-01
   7.2875227e-01
   7.3327306e-01
   7.3236890e-01
   7.2784811e-01
   7.2242315e-01
   7.1880650e-01
   7.1699820e-01
   7.1880650e-01
   7.2423146e-01
   7.3508138e-01
   7.5135624e-01
   7.7124773e-01
   7.9475587e-01
   8.1916817e-01
   8.4267630e-01
   8.6256781e-01
   8.7522604e-01
   8.8245932e-01
   8.7974685e-01
   8.7160941e-01
   8.5985534e-01
   8.4267632e-01
   8.2549728e-01
   8.0470163e-01
   7.8390596e-01
   7.5858952e-01
   7.2965643e-01
   6.9801084e-01
   6.6184449e-01
   6.2567812e-01
   5.8679929e-01
   5.4972876e-01
   5.1537070e-01
   4.8372514e-01
   4.5750452e-01
   4.3580469e-01
   4.1952985e-01
   4.0867992e-01
   4.0325495e-01
   4.0325497e-01
   4.0596745e-01
   4.1229655e-01
   4.2043399e-01
   4.3037975e-01
   4.4303798e-01
   4.5931284e-01
   4.7739601e-01
   4.9819168e-01
   5.2079565e-01
   5.4339964e-01
   5.6509946e-01
   5.8318264e-01
   5.9764919e-01
   6.0849910e-01
   6.1663652e-01
   6.2477396e-01
   6.3200724e-01
   6.3924051e-01
   6.4737795e-01
   6.5370705e-01
   6.5913200e-01
   6.6274865e-01
   6.6455697e-01
   6.6365281e-01
   6.6094033e-01
   6.5641952e-01
   6.5009042e-01
   6.4104882e-01
   6.3019891e-01
   6.1754070e-01
   6.0488247e-01
   5.9312840e-01
   5.8318264e-01
   5.7504522e-01
   5.6871610e-01
   5.6509944e-01
   5.6238697e-01
   5.5967450e-01
   5.5786618e-01
   5.5605787e-01
   5.5605787e-01
   5.5786618e-01
   5.6238699e-01
   5.6781194e-01
   5.7323690e-01
   5.7866185e-01
   5.8499098e-01
   5.8860761e-01
   5.9403255e-01
   5.9674503e-01
   5.9945750e-01
   6.0126584e-01
   6.0126582e-01
   6.0036168e-01
   5.9764919e-01
   5.9493671e-01
   5.9312838e-01
   5.9312840e-01
   5.9764919e-01
   6.0578663e-01
   6.1844484e-01
   6.3291138e-01
   6.4828210e-01
   6.6184449e-01
   6.7450270e-01
   6.8444848e-01
   6.9168174e-01
   6.9439421e-01
   6.9620255e-01
   6.9439423e-01
   6.9077758e-01
   6.8535263e-01
   6.7902351e-01
   6.7450270e-01
   6.7088607e-01
   6.6998191e-01
   6.7179025e-01
   6.7359854e-01
   6.7359854e-01
   6.7179023e-01
   6.6546112e-01
   6.5551537e-01
   6.4195300e-01
   6.2658230e-01
   6.1121157e-01
   5.9674503e-01
   5.8499096e-01
   5.7594938e-01
   5.7052441e-01
   5.6962025e-01
   5.7323688e-01
   5.8047017e-01
   5.9222424e-01
   6.0669076e-01
   6.2206149e-01
   6.3743219e-01
   6.4918626e-01
   6.5822786e-01
   6.6455697e-01
   6.6817360e-01
   6.6907775e-01
   6.6998191e-01
   6.7179023e-01
   6.7269439e-01
   6.7450270e-01
   6.7721519e-01
   6.7992767e-01
   6.8354432e-01
   6.8987342e-01
   6.9981918e-01
   7.1157323e-01
   7.2694396e-01
   7.4321882e-01
   7.6130199e-01
   7.7848101e-01
   7.9475587e-01
   8.1012660e-01
   8.2368896e-01
   8.3634721e-01
   8.4538879e-01
   8.5262207e-01
   8.5352621e-01
   8.4990960e-01
   8.4177216e-01
   8.3092225e-01
   8.1826402e-01
   8.0379747e-01
   7.9204340e-01
   7.8028933e-01
   7.7215191e-01
   7.6401447e-01
   7.5678120e-01
   7.4954792e-01
   7.4321880e-01
   7.3508138e-01
   7.2603978e-01
   7.1518986e-01
   7.0162750e-01
   6.8535263e-01
   6.6726944e-01
   6.4647379e-01
   6.2839061e-01
   6.1121157e-01
   6.0126582e-01
   5.9584087e-01
   5.9764919e-01
   6.0488247e-01
   6.1482820e-01
   6.2748643e-01
   6.3924051e-01
   6.5009042e-01
   6.5732370e-01
   6.6274865e-01
   6.6365281e-01
   6.6184449e-01
   6.5641952e-01
   6.4828210e-01
   6.3833635e-01
   6.2929477e-01
   6.2206149e-01
   6.1754070e-01
   6.1663654e-01
   6.1844484e-01
   6.2206149e-01
   6.2477396e-01
   6.2658228e-01
   6.2567814e-01
   6.2115733e-01
   6.1301989e-01
   6.0397831e-01
   5.9403255e-01
   5.8137432e-01
   5.6871610e-01
   5.5605787e-01
   5.4249548e-01
   5.2983725e-01
   5.1898735e-01
   5.1175407e-01
   5.0813744e-01
   5.0904160e-01
   5.1356239e-01
   5.2260399e-01
   5.3526222e-01
   5.5153708e-01
   5.7142859e-01
   5.9312840e-01
   6.1844484e-01
   6.4285716e-01
   6.6636528e-01
   6.8716093e-01
   7.0253165e-01
   7.1247739e-01
   7.1518988e-01
   7.1247739e-01
   7.0614829e-01
   6.9801086e-01
   6.8716095e-01
   6.7721519e-01
   6.6726944e-01
   6.5913200e-01
   6.5551537e-01
   6.5461121e-01
   6.5913200e-01
   6.6817362e-01
   6.8264014e-01
   7.0072332e-01
   7.1880651e-01
   7.3417722e-01
   7.4864376e-01
   7.5768536e-01
   7.6220615e-01
   7.6491862e-01
   7.6582278e-01
   7.6491862e-01
   7.6311031e-01
   7.6039783e-01
   7.5768536e-01
   7.5316455e-01
   7.4773961e-01
   7.4141050e-01
   7.3417722e-01
   7.2694396e-01
   7.1880651e-01
   7.1066909e-01
   7.0072334e-01
   6.8987342e-01
   6.7902351e-01
   6.7088607e-01
   6.6546112e-01
   6.6365281e-01
   6.6546112e-01
   6.6998191e-01
   6.7631104e-01
   6.8173598e-01
   6.8716093e-01
   6.9077756e-01
   6.9258590e-01
   6.9349006e-01
   6.9168174e-01
   6.9077758e-01
   6.8716093e-01
   6.7992767e-01
   6.7088609e-01
   6.6003616e-01
   6.4647377e-01
   6.3291138e-01
   6.1844484e-01
   6.0669076e-01
   5.9403255e-01
   5.8499096e-01
   5.7685354e-01
   5.7233275e-01
   5.7142857e-01
   5.7414104e-01
   5.8227848e-01
   5.9403255e-01
   6.0669078e-01
   6.2025317e-01
   6.3019891e-01
   6.3652803e-01
   6.3743219e-01
   6.3291140e-01
   6.2567812e-01
   6.1663652e-01
   6.0669076e-01
   5.9945752e-01
   5.9312838e-01
   5.9041590e-01
   5.9041592e-01
   5.9222424e-01
   5.9855334e-01
   6.0669078e-01
   6.1844484e-01
   6.2929475e-01
   6.4104884e-01
   6.5099458e-01
   6.5732368e-01
   6.6094031e-01
   6.6094033e-01
   6.5822786e-01
   6.5641954e-01
   6.5461123e-01
   6.5280289e-01
   6.5099458e-01
   6.5009042e-01
   6.4918626e-01
   6.4737795e-01
   6.4556961e-01
   6.4466545e-01
   6.4376130e-01
   6.4285714e-01
   6.4285714e-01
   6.4285714e-01
   6.4556961e-01
   6.4918624e-01
   6.5551539e-01
   6.6636528e-01
   6.8083183e-01
   6.9891500e-01
   7.1880650e-01
   7.3869803e-01
   7.5587703e-01
   7.7034357e-01
   7.8119349e-01
   7.8842677e-01
   7.9294756e-01
   7.9656419e-01
   7.9837252e-01
   7.9927668e-01
   8.0018084e-01
   7.9837250e-01
   7.9385171e-01
   7.8752261e-01
   7.7757685e-01
   7.6582278e-01
   7.5316455e-01
   7.3779385e-01
   7.2332730e-01
   7.0705244e-01
   6.9168174e-01
   6.7721519e-01
   6.6726944e-01
   6.5913202e-01
   6.5732368e-01
   6.5822784e-01
   6.6455697e-01
   6.7179023e-01
   6.8173598e-01
   6.9349006e-01
   7.0614829e-01
   7.1971067e-01
   7.3327306e-01
   7.4773961e-01
   7.6130199e-01
   7.7305606e-01
   7.8028935e-01
   7.8481014e-01
   7.8481014e-01
   7.8209766e-01
   7.7848101e-01
   7.7305606e-01
   7.6943943e-01
   7.6582278e-01
   7.6311031e-01
   7.5858952e-01
   7.5406871e-01
   7.4864376e-01
   7.4141050e-01
   7.3417722e-01
   7.2603978e-01
   7.1880651e-01
   7.1157323e-01
   7.0433997e-01
   6.9801084e-01
   6.9077756e-01
   6.8535262e-01
   6.8083185e-01
   6.7902351e-01
   6.7811933e-01
   6.7902351e-01
   6.7992767e-01
   6.8173598e-01
   6.8354430e-01
   6.8444846e-01
   6.8806511e-01
   6.9168172e-01
   6.9891502e-01
   7.0705244e-01
   7.1699818e-01
   7.2784811e-01
   7.3688969e-01
   7.4683545e-01
   7.5678120e-01
   7.6763110e-01
   7.7848101e-01
   7.9204342e-01
   8.0650994e-01
   8.2007233e-01
   8.3363472e-01
   8.4538879e-01
   8.5623870e-01
   8.6528030e-01
   8.7341772e-01
   8.7884269e-01
   8.8336348e-01
   8.8517180e-01
   8.8155516e-01
   8.7522604e-01
   8.6256781e-01
   8.4719711e-01
   8.3092225e-01
   8.1374323e-01
   7.9746837e-01
   7.8481014e-01
   7.7576854e-01
   7.7034359e-01
   7.6853526e-01
   7.7034359e-01
   7.7396022e-01
   7.8119349e-01
   7.8842677e-01
   7.9566003e-01
   7.9927668e-01
   7.9927668e-01
   7.9294758e-01
   7.8119349e-01
   7.6491862e-01
   7.4683545e-01
   7.2784811e-01
   7.0976492e-01
   6.9529837e-01
   6.8444846e-01
   6.7721519e-01
   6.7269441e-01
   6.7179023e-01
   6.7269441e-01
   6.7631104e-01
   6.8173598e-01
   6.8716095e-01
   6.9168172e-01
   6.9439421e-01
   6.9439421e-01
   6.9077756e-01
   6.8444846e-01
   6.7721519e-01
   6.6907775e-01
   6.6094033e-01
   6.5551537e-01
   6.5009042e-01
   6.4737793e-01
   6.4647379e-01
   6.4737793e-01
   6.5099458e-01
   6.5822784e-01
   6.6636528e-01
   6.7631104e-01
   6.8716093e-01
   6.9620253e-01
   7.0343581e-01
   7.0886076e-01
   7.1157325e-01
   7.1157325e-01
   7.1066907e-01
   7.0795660e-01
   7.0253165e-01
   6.9439421e-01
   6.8264014e-01
   6.6636528e-01
   6.4647379e-01
   6.2477396e-01
   6.0397829e-01
   5.8679929e-01
   5.7233273e-01
   5.6419529e-01
   5.6057865e-01
   5.6057865e-01
   5.6600362e-01
   5.7414104e-01
   5.8408680e-01
   5.9584087e-01
   6.0940326e-01
   6.2386980e-01
   6.3924051e-01
   6.5461121e-01
   6.6907775e-01
   6.8535262e-01
   7.0162748e-01
   7.2061483e-01
   7.4141048e-01
   7.6401447e-01
   7.8752261e-01
   8.0831826e-01
   8.2820977e-01
   8.4267630e-01
   8.5262207e-01
   8.5714286e-01
   8.5623870e-01
   8.5262205e-01
   8.4719711e-01
   8.3815551e-01
   8.2911393e-01
   8.2007233e-01
   8.1283907e-01
   8.0831826e-01
   8.0741412e-01
   8.1012660e-01
   8.1555154e-01
   8.2188067e-01
   8.2730561e-01
   8.3001809e-01
   8.2730559e-01
   8.1916817e-01
   8.0741412e-01
   7.9204340e-01
   7.7667270e-01
   7.6130199e-01
   7.4773961e-01
   7.3688969e-01
   7.3056057e-01
   7.2784809e-01
   7.2784811e-01
   7.3146474e-01
   7.3960218e-01
   7.4954792e-01
   7.5858952e-01
   7.6672696e-01
   7.7215191e-01
   7.7124773e-01
   7.6763110e-01
   7.6130199e-01
   7.5406873e-01
   7.4773961e-01
   7.4502713e-01
   7.4683545e-01
   7.5316457e-01
   7.6401447e-01
   7.8028933e-01
   7.9927666e-01
   8.2097651e-01
   8.4448463e-01
   8.6437615e-01
   8.8065099e-01
   8.9059674e-01
   8.9330922e-01
   8.8788427e-01
   8.7341772e-01
   8.5533455e-01
   8.3182640e-01
   8.0831828e-01
   7.8752261e-01
   7.6853526e-01
   7.5406871e-01
   7.4321882e-01
   7.3508138e-01
   7.2965643e-01
   7.2694396e-01
   7.2513562e-01
   7.2603978e-01
   7.2603980e-01
   7.2784811e-01
   7.2694396e-01
   7.2694394e-01
   7.2513564e-01
   7.2332732e-01
   7.2332730e-01
   7.2332730e-01
   7.2423146e-01
   7.2603978e-01
   7.2603980e-01
   7.2513562e-01
   7.2151899e-01
   7.1790236e-01
   7.1338157e-01
   7.1157323e-01
   7.1157325e-01
   7.1428571e-01
   7.1971067e-01
   7.2694394e-01
   7.3417722e-01
   7.4141048e-01
   7.4864376e-01
   7.5406873e-01
   7.5768536e-01
   7.5858952e-01
   7.5858952e-01
   7.5497287e-01
   7.4864376e-01
   7.3960218e-01
   7.3056059e-01
   7.2061483e-01
   7.1518988e-01
   7.1338157e-01
   7.1699818e-01
   7.2513562e-01
   7.3779385e-01
   7.5226041e-01
   7.6763110e-01
   7.8209766e-01
   7.9656419e-01
   8.0831828e-01
   8.1826402e-01
   8.2549728e-01
   8.3001809e-01
   8.3182640e-01
   8.3273056e-01
   8.3363474e-01
   8.3725135e-01
   8.4358046e-01
   8.5352623e-01
   8.6618446e-01
   8.8065099e-01
   8.9330924e-01
   9.0325497e-01
   9.0867994e-01
   9.0777576e-01
   9.0054250e-01
   8.8878843e-01
   8.7160941e-01
   8.5081374e-01
   8.2730559e-01
   8.0289331e-01
   7.7757685e-01
   7.5406871e-01
   7.3508138e-01
   7.2061483e-01
   7.1247739e-01
   7.1066909e-01
   7.1428573e-01
   7.2151899e-01
   7.3056059e-01
   7.4050632e-01
   7.4864376e-01
   7.5587705e-01
   7.6039783e-01
   7.6401447e-01
   7.6401447e-01
   7.6130199e-01
   7.5497289e-01
   7.4502711e-01
   7.3236890e-01
   7.1699820e-01
   6.9981916e-01
   6.8264016e-01
   6.6455697e-01
   6.4556961e-01
   6.2658228e-01
   6.0488245e-01
   5.8318264e-01
   5.6148283e-01
   5.4159132e-01
   5.2350814e-01
   5.1084991e-01
   5.0361663e-01
   5.0090416e-01
   5.0361665e-01
   5.1084991e-01
   5.2169983e-01
   5.3707053e-01
   5.5424955e-01
   5.7233273e-01
   5.9312840e-01
   6.1211573e-01
   6.2929475e-01
   6.4285714e-01
   6.5370705e-01
   6.6094031e-01
   6.6817360e-01
   6.7631104e-01
   6.8535262e-01
   6.9801084e-01
   7.1066907e-01
   7.2694394e-01
   7.4412297e-01
   7.6130199e-01
   7.7757685e-01
   7.9475589e-01
   8.1193489e-01
   8.2820977e-01
   8.4358048e-01
   8.5623870e-01
   8.6528028e-01
   8.7160941e-01
   8.7160941e-01
   8.6889693e-01
   8.6075949e-01
   8.4990960e-01
   8.3544305e-01
   8.1826402e-01
   7.9746837e-01
   7.7396020e-01
   7.5226039e-01
   7.3236890e-01
   7.1699820e-01
   7.0614829e-01
   7.0072332e-01
   7.0162750e-01
   7.0524413e-01
   7.0976492e-01
   7.1247739e-01
   7.1338155e-01
   7.1157325e-01
   7.0886076e-01
   7.0524413e-01
   7.0253165e-01
   7.0162750e-01
   7.0524411e-01
   7.1157323e-01
   7.2242315e-01
   7.3688969e-01
   7.5316455e-01
   7.6943943e-01
   7.8481014e-01
   7.9475589e-01
   7.9927668e-01
   7.9385171e-01
   7.8300180e-01
   7.6763110e-01
   7.5135624e-01
   7.3869803e-01
   7.3417722e-01
   7.3779387e-01
   7.5135624e-01
   7.7305606e-01
   8.0108500e-01
   8.2911393e-01
   8.5533455e-01
   8.7703436e-01
   8.9059674e-01
   8.9783003e-01
   8.9783003e-01
   8.9059676e-01
   8.7703436e-01
   8.6075949e-01
   8.4267632e-01
   8.2640146e-01
   8.1283907e-01
   8.0289331e-01
   7.9746835e-01
   7.9475587e-01
   7.9475587e-01
   7.9656421e-01
   7.9746837e-01
   7.9837252e-01
   8.0198916e-01
   8.0470163e-01
   8.0922242e-01
   8.1464738e-01
   8.2097649e-01
   8.2549730e-01
   8.2820977e-01
   8.2820975e-01
   8.2640146e-01
   8.2459314e-01
   8.2278483e-01
   8.2368896e-01
   8.2640144e-01
   8.3363472e-01
   8.4358048e-01
   8.5533455e-01
   8.6980109e-01
   8.8607595e-01
   9.0054250e-01
   9.1410489e-01
   9.2405064e-01
   9.2857143e-01
   9.2405064e-01
   9.1320073e-01
   8.9240508e-01
   8.6618444e-01
   8.3453890e-01
   8.0018084e-01
   7.6672694e-01
   7.3417722e-01
   7.0253165e-01
   6.7359854e-01
   6.4737795e-01
   6.2658228e-01
   6.1121159e-01
   6.0307413e-01
   6.0126584e-01
   6.0578661e-01
   6.1482820e-01
   6.2658228e-01
   6.3833635e-01
   6.4828210e-01
   6.5732368e-01
   6.6184447e-01
   6.6455697e-01
   6.6726944e-01
   6.6817360e-01
   6.6907775e-01
   6.6907775e-01
   6.6907775e-01
   6.6636528e-01
   6.6274865e-01
   6.5732368e-01
   6.4918624e-01
   6.3924051e-01
   6.2477396e-01
   6.0759494e-01
   5.9041592e-01
   5.7233273e-01
   5.5786620e-01
   5.4972876e-01
   5.4882460e-01
   5.5786618e-01
   5.7414104e-01
   5.9584087e-01
   6.2115731e-01
   6.4466545e-01
   6.6546112e-01
   6.7992767e-01
   6.8716095e-01
   6.8806509e-01
   6.8173598e-01
   6.6907775e-01
   6.5280289e-01
   6.3291138e-01
   6.1030742e-01
   5.9041590e-01
   5.7323688e-01
   5.6148281e-01
   5.5424955e-01
   5.5424955e-01
   5.5877034e-01
   5.6600362e-01
   5.7414104e-01
   5.8408680e-01
   5.9312840e-01
   6.0216999e-01
   6.1211573e-01
   6.2206149e-01
   6.3200722e-01
   6.4104882e-01
   6.4918626e-01
   6.5732370e-01
   6.6455697e-01
   6.7179025e-01
   6.7902351e-01
   6.8535263e-01
   6.9258590e-01
   6.9801084e-01
   7.0162750e-01
   7.0253165e-01
   7.0253165e-01
   7.0072334e-01
   7.0072332e-01
   7.0162748e-01
   7.0433995e-01
   7.0886076e-01
   7.1338155e-01
   7.1609404e-01
   7.1880651e-01
   7.1971067e-01
   7.2061483e-01
   7.1971067e-01
   7.1880651e-01
   7.1790236e-01
   7.1699820e-01
   7.1609404e-01
   7.1338157e-01
   7.1066907e-01
   7.0614829e-01
   7.0072332e-01
   6.9620253e-01
   6.9077758e-01
   6.8716095e-01
   6.8264016e-01
   6.7902351e-01
   6.7540688e-01
   6.7179025e-01
   6.7088609e-01
   6.7269441e-01
   6.7811933e-01
   6.8716093e-01
   6.9891500e-01
   7.1157325e-01
   7.2513562e-01
   7.3779385e-01
   7.4954792e-01
   7.6039783e-01
   7.7034359e-01
   7.7848101e-01
   7.8571429e-01
   7.8933093e-01
   7.9023508e-01
   7.8933093e-01
   7.8571429e-01
   7.8028935e-01
   7.7667270e-01
   7.7486438e-01
   7.7396022e-01
   7.7576854e-01
   7.7938517e-01
   7.8481012e-01
   7.9113924e-01
   7.9837250e-01
   8.0650996e-01
   8.1464738e-01
   8.2368898e-01
   8.3182640e-01
   8.3905969e-01
   8.4448463e-01
   8.4719711e-01
   8.4719711e-01
   8.4448463e-01
   8.4267632e-01
   8.3905967e-01
   8.3634719e-01
   8.3273056e-01
   8.2911393e-01
   8.2278481e-01
   8.1464738e-01
   8.0379747e-01
   7.9023508e-01
   7.7305606e-01
   7.5316455e-01
   7.3056057e-01
   7.0524413e-01
   6.7721519e-01
   6.4737793e-01
   6.1934899e-01
   5.9312840e-01
   5.7323688e-01
   5.5877036e-01
   5.5244121e-01
   5.5334539e-01
   5.5877036e-01
   5.6871610e-01
   5.7956601e-01
   5.8951175e-01
   5.9945750e-01
   6.0849908e-01
   6.1482820e-01
   6.2025317e-01
   6.2296564e-01
   6.2115733e-01
   6.1844484e-01
   6.1121157e-01
   6.0397831e-01
   5.9584087e-01
   5.9041592e-01
   5.8860759e-01
   5.9132008e-01
   5.9855334e-01
   6.1211573e-01
   6.2929475e-01
   6.5189874e-01
   6.7721519e-01
   7.0433997e-01
   7.3146472e-01
   7.5587705e-01
   7.7757685e-01
   7.9113924e-01
   7.9837250e-01
   8.0108500e-01
   7.9746835e-01
   7.9294756e-01
   7.8752261e-01
   7.8481014e-01
   7.8571429e-01
   7.9023508e-01
   7.9746837e-01
   8.0560579e-01
   8.1464738e-01
   8.2278481e-01
   8.2730561e-01
   8.2820977e-01
   8.2640146e-01
   8.1826402e-01
   8.0560579e-01
   7.8933093e-01
   7.7215189e-01
   7.5497287e-01
   7.4321880e-01
   7.3779385e-01
   7.3960217e-01
   7.4593129e-01
   7.5678120e-01
   7.6763110e-01
   7.7757685e-01
   7.8300182e-01
   7.8119349e-01
   7.7486438e-01
   7.6311031e-01
   7.4773961e-01
   7.2965641e-01
   7.1066909e-01
   6.9168174e-01
   6.7631104e-01
   6.6546112e-01
   6.5822784e-01
   6.5913200e-01
   6.6546112e-01
   6.7721519e-01
   6.9529837e-01
   7.1518988e-01
   7.3598555e-01
   7.5678120e-01
   7.7576854e-01
   7.9113924e-01
   8.0198916e-01
   8.0741410e-01
   8.0560581e-01
   7.9566005e-01
   7.8028935e-01
   7.5768534e-01
   7.3417722e-01
   7.1066909e-01
   6.9077758e-01
   6.7631102e-01
   6.6907775e-01
   6.6726944e-01
   6.6817360e-01
   6.7088607e-01
   6.7450272e-01
   6.7540686e-01
   6.7359854e-01
   6.6817362e-01
   6.6184449e-01
   6.5099458e-01
   6.3924051e-01
   6.2567812e-01
   6.1121157e-01
   5.9855334e-01
   5.8860759e-01
   5.8137432e-01
   5.8047017e-01
   5.8499096e-01
   5.9493669e-01
   6.0849910e-01
   6.2567812e-01
   6.4556963e-01
   6.6726944e-01
   6.8987342e-01
   7.1066909e-01
   7.3056059e-01
   7.4502711e-01
   7.5406871e-01
   7.5768536e-01
   7.5587705e-01
   7.5135624e-01
   7.4593129e-01
   7.4141050e-01
   7.4231464e-01
   7.4683545e-01
   7.5678120e-01
   7.7034357e-01
   7.8390598e-01
   7.9566003e-01
   8.0379747e-01
   8.0741410e-01
   8.0650994e-01
   8.0198916e-01
   7.9475587e-01
   7.8661843e-01
   7.7757685e-01
   7.7124773e-01
   7.6582280e-01
   7.6491862e-01
   7.6582280e-01
   7.6943941e-01
   7.7486438e-01
   7.7938517e-01
   7.8209764e-01
   7.8481012e-01
   7.8571429e-01
   7.8752261e-01
   7.9204340e-01
   7.9927668e-01
   8.1012658e-01
   8.2459312e-01
   8.3815553e-01
   8.4990958e-01
   8.5623870e-01
   8.5895118e-01
   8.5443039e-01
   8.4538879e-01
   8.3363472e-01
   8.2007235e-01
   8.0650994e-01
   7.9475587e-01
   7.8481012e-01
   7.7757685e-01
   7.7396022e-01
   7.7305606e-01
   7.7576854e-01
   7.8028933e-01
   7.8661845e-01
   7.9113924e-01
   7.9385171e-01
   7.9204340e-01
   7.8752261e-01
   7.7938517e-01
   7.6853528e-01
   7.5678118e-01
   7.4502713e-01
   7.3236890e-01
   7.2151899e-01
   7.1157323e-01
   7.0524411e-01
   7.0433997e-01
   7.0795662e-01
   7.1971067e-01
   7.3779385e-01
   7.6039783e-01
   7.8661845e-01
   8.1193489e-01
   8.3544305e-01
   8.5262205e-01
   8.6618446e-01
   8.7160941e-01
   8.7160941e-01
   8.6528030e-01
   8.5443039e-01
   8.3905969e-01
   8.1826402e-01
   7.9746835e-01
   7.7486438e-01
   7.5406871e-01
   7.3688969e-01
   7.2423148e-01
   7.1699818e-01
   7.1428573e-01
   7.1609404e-01
   7.1971067e-01
   7.2603978e-01
   7.3327306e-01
   7.3869801e-01
   7.4502713e-01
   7.4954792e-01
   7.5226041e-01
   7.5135624e-01
   7.4683545e-01
   7.4050634e-01
   7.3236890e-01
   7.2513564e-01
   7.2061483e-01
   7.1790236e-01
   7.1880651e-01
   7.2151899e-01
   7.2513564e-01
   7.2784811e-01
   7.2694394e-01
   7.2061481e-01
   7.1066909e-01
   6.9710669e-01
   6.7811935e-01
   6.5913202e-01
   6.4014466e-01
   6.2296564e-01
   6.1121157e-01
   6.0578663e-01
   6.1030742e-01
   6.2567812e-01
   6.4918626e-01
   6.8264014e-01
   7.1971067e-01
   7.5949368e-01
   7.9656421e-01
   8.2640144e-01
   8.4990960e-01
   8.6347199e-01
   8.6799278e-01
   8.6437615e-01
   8.5081376e-01
   8.3182640e-01
   8.0741412e-01
   7.8119349e-01
   7.5678120e-01
   7.3779387e-01
   7.2513562e-01
   7.2242315e-01
   7.2694394e-01
   7.3960217e-01
   7.5406871e-01
   7.6853526e-01
   7.7938517e-01
   7.8571427e-01
   7.8571429e-01
   7.8028933e-01
   7.7124773e-01
   7.6130199e-01
   7.5316455e-01
   7.4683545e-01
   7.4683545e-01
   7.5226041e-01
   7.6491862e-01
   7.8390596e-01
   8.0741410e-01
   8.3273058e-01
   8.5533453e-01
   8.7432188e-01
   8.8426764e-01
   8.8517180e-01
   8.7793853e-01
   8.6256783e-01
   8.4267632e-01
   8.2188065e-01
   8.0018084e-01
   7.8209766e-01
   7.6853526e-01
   7.6039783e-01
   7.5768536e-01
   7.6130197e-01
   7.6943941e-01
   7.8028933e-01
   7.9204340e-01
   8.0289329e-01
   8.1012660e-01
   8.1283905e-01
   8.1012660e-01
   8.0560579e-01
   7.9746837e-01
   7.9113924e-01
   7.8661845e-01
   7.8571429e-01
   7.8842677e-01
   7.9475587e-01
   8.0470163e-01
   8.1464738e-01
   8.2549728e-01
   8.3815551e-01
   8.4900544e-01
   8.5985534e-01
   8.6799278e-01
   8.7251357e-01
   8.7341774e-01
   8.7070525e-01
   8.6437615e-01
   8.5443039e-01
   8.4267632e-01
   8.3001809e-01
   8.1555154e-01
   8.0108498e-01
   7.8571427e-01
   7.7215191e-01
   7.5678120e-01
   7.4321882e-01
   7.3327304e-01
   7.2694396e-01
   7.2242315e-01
   7.2332730e-01
   7.2423148e-01
   7.2513564e-01
   7.2603978e-01
   7.2513564e-01
   7.2242315e-01
   7.1880651e-01
   7.1518988e-01
   7.1157323e-01
   7.0795662e-01
   7.0433997e-01
   7.0072334e-01
   6.9891502e-01
   6.9891500e-01
   7.0162748e-01
   7.0705244e-01
   7.1699820e-01
   7.2965643e-01
   7.4502711e-01
   7.6039783e-01
   7.7576854e-01
   7.9023508e-01
   8.0198916e-01
   8.1464738e-01
   8.2640146e-01
   8.3725137e-01
   8.4719711e-01
   8.5714286e-01
   8.6528030e-01
   8.7160941e-01
   8.7613020e-01
   8.7884267e-01
   8.7974685e-01
   8.7974683e-01
   8.7793851e-01
   8.7251357e-01
   8.6528030e-01
   8.5443039e-01
   8.4267632e-01
   8.3092225e-01
   8.2007233e-01
   8.1193489e-01
   8.0650994e-01
   8.0379747e-01
   8.0289331e-01
   8.0198916e-01
   8.0108500e-01
   7.9746835e-01
   7.9294758e-01
   7.8752261e-01
   7.8209766e-01
   7.7667270e-01
   7.7034357e-01
   7.6582280e-01
   7.6220615e-01
   7.5949368e-01
   7.5949366e-01
   7.6039783e-01
   7.6220615e-01
   7.6401447e-01
   7.6220615e-01
   7.5768536e-01
   7.4502713e-01
   7.2423148e-01
   6.9891500e-01
   6.6726944e-01
   6.3291140e-01
   5.9764919e-01
   5.6509946e-01
   5.3526222e-01
   5.0994574e-01
   4.9095840e-01
   4.7739603e-01
   4.7197107e-01
   4.7377938e-01
   4.8372512e-01
   5.0000000e-01
   5.2260397e-01
   5.4792044e-01
   5.7504520e-01
   6.0036166e-01
   6.2477396e-01
   6.4647379e-01
   6.6726944e-01
   6.8625677e-01
   7.0343579e-01
   7.2151899e-01
   7.3779387e-01
   7.5316455e-01
   7.6672694e-01
   7.8209764e-01
   7.9746837e-01
   8.1193489e-01
   8.2640146e-01
   8.3905969e-01
   8.4810126e-01
   8.5352623e-01
   8.5171792e-01
   8.4448463e-01
   8.3182640e-01
   8.1374323e-01
   7.9023508e-01
   7.6582280e-01
   7.3688969e-01
   7.0614829e-01
   6.7540688e-01
   6.4466545e-01
   6.1573238e-01
   5.9132008e-01
   5.7233275e-01
   5.5786618e-01
   5.4882460e-01
   5.4339964e-01
   5.3887885e-01
   5.3616635e-01
   5.3254972e-01
   5.2983725e-01
   5.2893309e-01
   5.2893309e-01
   5.3164556e-01
   5.3616637e-01
   5.4068716e-01
   5.4701627e-01
   5.5244121e-01
   5.5786618e-01
   5.6509946e-01
   5.7323688e-01
   5.8227848e-01
   5.9493671e-01
   6.0669076e-01
   6.1934901e-01
   6.3019893e-01
   6.3743219e-01
   6.4104884e-01
   6.4104882e-01
   6.3652803e-01
   6.2748643e-01
   6.1392405e-01
   5.9764919e-01
   5.7866185e-01
   5.6148283e-01
   5.4520795e-01
   5.3345390e-01
   5.2712477e-01
   5.2531646e-01
   5.2802893e-01
   5.3164558e-01
   5.3707053e-01
   5.3978300e-01
   5.3978300e-01
   5.3616637e-01
   5.3074141e-01
   5.2350814e-01
   5.1627486e-01
   5.0813742e-01
   5.0000000e-01
   4.9276674e-01
   4.8734177e-01
   4.8372514e-01
   4.8462928e-01
   4.9186256e-01
   5.0542495e-01
   5.2441230e-01
   5.4701629e-01
   5.7052441e-01
   5.9312840e-01
   6.1211573e-01
   6.2477396e-01
   6.3019891e-01
   6.3019893e-01
   6.2296564e-01
   6.1030742e-01
   5.9312840e-01
   5.7414106e-01
   5.5424953e-01
   5.3707053e-01
   5.2350814e-01
   5.1717902e-01
   5.1808318e-01
   5.2531646e-01
   5.3707051e-01
   5.5153708e-01
   5.6690776e-01
   5.7956601e-01
   5.8951175e-01
   5.9584087e-01
   5.9855334e-01
   5.9855334e-01
   5.9584087e-01
   5.9222422e-01
   5.8860761e-01
   5.8679927e-01
   5.8770345e-01
   5.9312840e-01
   6.0397831e-01
   6.2206149e-01
   6.4285716e-01
   6.6726944e-01
   6.9077758e-01
   7.1247741e-01
   7.2784809e-01
   7.3869801e-01
   7.4321882e-01
   7.4321882e-01
   7.3688969e-01
   7.2875225e-01
   7.1609404e-01
   7.0162750e-01
   6.8625679e-01
   6.7088607e-01
   6.5551539e-01
   6.4195300e-01
   6.3110309e-01
   6.2296564e-01
   6.1663652e-01
   6.1121157e-01
   6.0488247e-01
   5.9945750e-01
   5.9222424e-01
   5.8408680e-01
   5.7594938e-01
   5.6690778e-01
   5.5877034e-01
   5.4882458e-01
   5.3797469e-01
   5.2712477e-01
   5.1717902e-01
   5.0813742e-01
   5.0271247e-01
   5.0271247e-01
   5.0723326e-01
   5.1446655e-01
   5.2622062e-01
   5.3887885e-01
   5.5153706e-01
   5.6509944e-01
   5.7685354e-01
   5.8951175e-01
   6.0126584e-01
   6.1121157e-01
   6.2115733e-01
   6.2839061e-01
   6.3381556e-01
   6.3652803e-01
   6.3743219e-01
   6.3562387e-01
   6.3200722e-01
   6.2658228e-01
   6.1844486e-01
   6.0849910e-01
   5.9584087e-01
   5.8137430e-01
   5.6600362e-01
   5.5063292e-01
   5.3797469e-01
   5.2983727e-01
   5.2531646e-01
   5.2531646e-01
   5.2802893e-01
   5.3435804e-01
   5.4339964e-01
   5.5515371e-01
   5.6962025e-01
   5.8679927e-01
   6.0578661e-01
   6.2748643e-01
   6.4647379e-01
   6.6365279e-01
   6.7540688e-01
   6.8173598e-01
   6.8264014e-01
   6.7721519e-01
   6.6726944e-01
   6.5280289e-01
   6.3381556e-01
   6.1482820e-01
   5.9312840e-01
   5.7414104e-01
   5.5605787e-01
   5.4249548e-01
   5.3254972e-01
   5.2712477e-01
   5.2350814e-01
   5.2260399e-01
   5.2169981e-01
   5.2079565e-01
   5.2169981e-01
   5.2441230e-01
   5.3074141e-01
   5.4159132e-01
   5.5605787e-01
   5.7414104e-01
   5.9403255e-01
   6.1211573e-01
   6.2567812e-01
   6.3652803e-01
   6.4195300e-01
   6.4376130e-01
   6.4195300e-01
   6.4104882e-01
   6.3924051e-01
   6.3924051e-01
   6.4195298e-01
   6.4737795e-01
   6.5461121e-01
   6.6365281e-01
   6.7179023e-01
   6.7721519e-01
   6.7811933e-01
   6.7359854e-01
   6.6184449e-01
   6.4647377e-01
   6.2839061e-01
   6.1301989e-01
   6.0126582e-01
   5.9764919e-01
   6.0126582e-01
   6.0940326e-01
   6.2206149e-01
   6.3471972e-01
   6.4556963e-01
   6.5009042e-01
   6.5099458e-01
   6.4737793e-01
   6.4104884e-01
   6.3471972e-01
   6.2839061e-01
   6.2567812e-01
   6.2929477e-01
   6.3743219e-01
   6.5189874e-01
   6.7088607e-01
   6.9439421e-01
   7.1699820e-01
   7.3688969e-01
   7.5316455e-01
   7.6491862e-01
   7.7215189e-01
   7.7757687e-01
   7.8300182e-01
   7.9113924e-01
   8.0108500e-01
   8.1374321e-01
   8.2820977e-01
   8.4086800e-01
   8.5171792e-01
   8.5804702e-01
   8.5895118e-01
   8.5623870e-01
   8.4900544e-01
   8.3905969e-01
   8.2459314e-01
   8.1012660e-01
   7.9475589e-01
   7.8028935e-01
   7.6853528e-01
   7.6039783e-01
   7.5587705e-01
   7.5768536e-01
   7.6130199e-01
   7.6853526e-01
   7.7486438e-01
   7.8028935e-01
   7.8481014e-01
   7.8661845e-01
   7.8481014e-01
   7.8209764e-01
   7.7757685e-01
   7.7124773e-01
   7.6582280e-01
   7.6039783e-01
   7.5768534e-01
   7.5949368e-01
   7.6582278e-01
   7.7757687e-01
   7.9385171e-01
   8.1103075e-01
   8.2730561e-01
   8.3905969e-01
   8.4358048e-01
   8.4267632e-01
   8.3544303e-01
   8.2459314e-01
   8.1464738e-01
   8.0741410e-01
   8.0379747e-01
   8.0470163e-01
   8.0922242e-01
   8.1645570e-01
   8.2278481e-01
   8.2640146e-01
   8.2730561e-01
   8.2549730e-01
   8.1735986e-01
   8.0741410e-01
   7.9656419e-01
   7.8571429e-01
   7.7848101e-01
   7.7486438e-01
   7.7667270e-01
   7.8028933e-01
   7.8661845e-01
   7.9113924e-01
   7.8933093e-01
   7.8119349e-01
   7.6853526e-01
   7.4954792e-01
   7.3056059e-01
   7.1518986e-01
   7.0614829e-01
   7.0886076e-01
   7.1971067e-01
   7.4141050e-01
   7.6763110e-01
   7.9837252e-01
   8.2730559e-01
   8.5081374e-01
   8.6889693e-01
   8.7432188e-01
   8.7160941e-01
   8.5804702e-01
   8.3544303e-01
   8.0831828e-01
   7.8119350e-01
   7.5768536e-01
   7.4141050e-01
   7.3327306e-01
   7.3417722e-01
   7.4321882e-01
   7.5587705e-01
   7.7034359e-01
   7.8300182e-01
   7.9294756e-01
   7.9746835e-01
   7.9656419e-01
   7.9113924e-01
   7.8119350e-01
   7.6672696e-01
   7.5045208e-01
   7.3146474e-01
   7.1157325e-01
   6.9439421e-01
   6.7811935e-01
   6.6546112e-01
   6.5822784e-01
   6.5280289e-01
   6.5099458e-01
   6.5280289e-01
   6.5641952e-01
   6.6274865e-01
   6.7088609e-01
   6.8083183e-01
   6.9258590e-01
   7.0343581e-01
   7.1338155e-01
   7.1971067e-01
   7.2151899e-01
   7.2061483e-01
   7.1880651e-01
   7.1518988e-01
   7.1157323e-01
   7.0976492e-01
   7.0705244e-01
   7.0433997e-01
   6.9981918e-01
   6.9349006e-01
   6.8444848e-01
   6.7359856e-01
   6.6274865e-01
   6.5099458e-01
   6.4104882e-01
   6.3291138e-01
   6.2748645e-01
   6.2567812e-01
   6.2748643e-01
   6.3381554e-01
   6.4466545e-01
   6.5732370e-01
   6.7179025e-01
   6.8535262e-01
   6.9801084e-01
   7.0705244e-01
   7.1428573e-01
   7.2061483e-01
   7.2694394e-01
   7.3598553e-01
   7.4864376e-01
   7.6491862e-01
   7.8390596e-01
   8.0198916e-01
   8.2007233e-01
   8.3453888e-01
   8.4448463e-01
   8.5171790e-01
   8.5352623e-01
   8.5171790e-01
   8.4538879e-01
   8.3725137e-01
   8.2640146e-01
   8.1283905e-01
   8.0108500e-01
   7.9023508e-01
   7.8209766e-01
   7.7667270e-01
   7.7396020e-01
   7.7215189e-01
   7.7034357e-01
   7.6763110e-01
   7.6311031e-01
   7.5587705e-01
   7.4773961e-01
   7.3779385e-01
   7.2875225e-01
   7.1971067e-01
   7.1066907e-01
   7.0253163e-01
   6.9529837e-01
   6.9077758e-01
   6.9077758e-01
   6.9439421e-01
   7.0343581e-01
   7.1699820e-01
   7.3508138e-01
   7.5406871e-01
   7.7305606e-01
   7.9023508e-01
   8.0198916e-01
   8.1012658e-01
   8.1283907e-01
   8.0922242e-01
   8.0018084e-01
   7.8571427e-01
   7.6763110e-01
   7.4773961e-01
   7.2694396e-01
   7.0976492e-01
   6.9620253e-01
   6.8987342e-01
   6.8987342e-01
   6.9529837e-01
   7.0524413e-01
   7.1699820e-01
   7.3146474e-01
   7.4683545e-01
   7.6220615e-01
   7.7757685e-01
   7.9294756e-01
   8.0560581e-01
   8.1645570e-01
   8.2097649e-01
   8.2188067e-01
   8.1735986e-01
   8.0922244e-01
   7.9746835e-01
   7.8661845e-01
   7.7305604e-01
   7.6039783e-01
   7.4593129e-01
   7.2965643e-01
   7.1066907e-01
   6.8896925e-01
   6.6546112e-01
   6.4014468e-01
   6.1573238e-01
   5.9222422e-01
   5.7142857e-01
   5.5696202e-01
   5.4882460e-01
   5.4972874e-01
   5.5877034e-01
   5.7685352e-01
   6.0397829e-01
   6.3562387e-01
   6.6998191e-01
   7.0072334e-01
   7.2694396e-01
   7.4593129e-01
   7.5587705e-01
   7.5587705e-01
   7.4864376e-01
   7.3508138e-01
   7.1428571e-01
   6.8896927e-01
   6.6094031e-01
   6.3110307e-01
   6.0307413e-01
   5.7775767e-01
   5.5786618e-01
   5.4701629e-01
   5.4339964e-01
   5.4882460e-01
   5.5967450e-01
   5.7504520e-01
   5.9312838e-01
   6.1211573e-01
   6.3019891e-01
   6.4828210e-01
   6.6546112e-01
   6.8264016e-01
   6.9801084e-01
   7.1247739e-01
   7.2423146e-01
   7.3598553e-01
   7.4683545e-01
   7.5587705e-01
   7.6401449e-01
   7.7034359e-01
   7.7215191e-01
   7.7305606e-01
   7.6853526e-01
   7.6311031e-01
   7.5678120e-01
   7.5135624e-01
   7.4954792e-01
   7.5316457e-01
   7.6039783e-01
   7.7034359e-01
   7.8209764e-01
   7.9204340e-01
   8.0018084e-01
   8.0379747e-01
   8.0379747e-01
   8.0108500e-01
   7.9475587e-01
   7.8661845e-01
   7.7667270e-01
   7.6672694e-01
   7.5678120e-01
   7.4683545e-01
   7.3960218e-01
   7.3327306e-01
   7.2965643e-01
   7.2784809e-01
   7.2694394e-01
   7.2784811e-01
   7.2875227e-01
   7.2965643e-01
   7.3056059e-01
   7.3236888e-01
   7.3417722e-01
   7.3508138e-01
   7.3417722e-01
   7.3056057e-01
   7.2242317e-01
   7.1157325e-01
   6.9801086e-01
   6.8535262e-01
   6.7631104e-01
   6.7179023e-01
   6.7269439e-01
   6.7992767e-01
   6.9168174e-01
   7.0524413e-01
   7.2061483e-01
   7.3417722e-01
   7.4593129e-01
   7.5497287e-01
   7.6130199e-01
   7.6672694e-01
   7.6943943e-01
   7.7305606e-01
   7.7757685e-01
   7.8209764e-01
   7.8842677e-01
   7.9566003e-01
   8.0198916e-01
   8.0379747e-01
   8.0198916e-01
   7.9385171e-01
   7.7938519e-01
   7.6130199e-01
   7.3960217e-01
   7.2242317e-01
   7.0976492e-01
   7.0614829e-01
   7.1157323e-01
   7.2513564e-01
   7.4231464e-01
   7.6311031e-01
   7.8119349e-01
   7.9385173e-01
   7.9927668e-01
   7.9656419e-01
   7.8481014e-01
   7.6401447e-01
   7.3688969e-01
   7.0433997e-01
   6.6998191e-01
   6.3652803e-01
   6.0669078e-01
   5.8318264e-01
   5.6690778e-01
   5.5696202e-01
   5.5334539e-01
   5.5605787e-01
   5.6057865e-01
   5.7052441e-01
   5.8408680e-01
   5.9945750e-01
   6.2025317e-01
   6.4104882e-01
   6.6365281e-01
   6.8264014e-01
   6.9529837e-01
   7.0253163e-01
   7.0072334e-01
   6.9349006e-01
   6.8173598e-01
   6.6726946e-01
   6.5551537e-01
   6.4466547e-01
   6.4014466e-01
   6.4104882e-01
   6.4466545e-01
   6.5009042e-01
   6.5461121e-01
   6.5641954e-01
   6.5189874e-01
   6.3833635e-01
   6.1844486e-01
   5.9403255e-01
   5.6871610e-01
   5.4792043e-01
   5.3887885e-01
   5.4249548e-01
   5.6329113e-01
   5.9674503e-01
   6.3833635e-01
   6.8173598e-01
   7.1880651e-01
   7.4321882e-01
   7.5226041e-01
   7.4502713e-01
   7.2332730e-01
   6.9258590e-01
   6.5641954e-01
   6.2296564e-01
   5.9584087e-01
   5.7866185e-01
   5.7233273e-01
   5.7775767e-01
   5.8860759e-01
   6.0397831e-01
   6.1754068e-01
   6.2477396e-01
   6.2386980e-01
   6.1392405e-01
   5.9855334e-01
   5.8137432e-01
   5.6871610e-01
   5.6329115e-01
   5.7052441e-01
   5.9222424e-01
   6.2386980e-01
