   1.0000000e+00
   7.7177582e-01
   5.2532072e-01
   3.0384874e-01
   1.4044565e-01
   5.2667114e-02
   3.8487512e-02
   8.1026334e-02
   1.5327481e-01
   2.2619851e-01
   2.7819042e-01
   2.9777177e-01
   2.8291694e-01
   2.4375422e-01
   1.9243754e-01
   1.4517219e-01
   1.1343687e-01
   1.0263335e-01
   1.1411210e-01
   1.4584740e-01
   1.8906144e-01
   2.3835246e-01
   2.8426739e-01
   3.1937879e-01
   3.4098583e-01
   3.4503714e-01
   3.3288318e-01
   3.0790006e-01
   2.7616475e-01
   2.4307900e-01
   2.1674544e-01
   2.0189062e-01
   1.9986496e-01
   2.1134369e-01
   2.3295070e-01
   2.6063471e-01
   2.9034436e-01
   3.1802836e-01
   3.3693450e-01
   3.4706278e-01
   3.4436192e-01
   3.3018232e-01
   3.0587439e-01
   2.7548953e-01
   2.4442944e-01
   2.1742066e-01
   2.0121538e-01
   1.9851453e-01
   2.1066847e-01
   2.3565159e-01
   2.6941255e-01
   3.0587441e-01
   3.3828494e-01
   3.6394327e-01
   3.7879811e-01
   3.8284942e-01
   3.7542200e-01
   3.5921676e-01
   3.3625928e-01
   3.0857528e-01
   2.8291695e-01
   2.6063471e-01
   2.4713031e-01
   2.4645510e-01
   2.5928426e-01
   2.8494261e-01
   3.2005401e-01
   3.5921674e-01
   3.9567858e-01
   4.2403780e-01
   4.3889263e-01
   4.3754220e-01
   4.2133693e-01
   3.9297771e-01
   3.5651587e-01
   3.1735314e-01
   2.8089130e-01
   2.5253206e-01
   2.3497637e-01
   2.3227548e-01
   2.4510466e-01
   2.6941255e-01
   3.0182310e-01
   3.3558407e-01
   3.6191762e-01
   3.7474680e-01
   3.7137070e-01
   3.4976367e-01
   3.1397705e-01
   2.6941257e-01
   2.2484808e-01
   1.8501013e-01
   1.5800136e-01
   1.4652263e-01
   1.5124916e-01
   1.7218096e-01
   2.0594193e-01
   2.4915597e-01
   2.9709655e-01
   3.4503714e-01
   3.8690074e-01
   4.1931127e-01
   4.3686697e-01
   4.3956786e-01
   4.2741390e-01
   4.0445644e-01
   3.7339636e-01
   3.4098581e-01
   3.1127616e-01
   2.8696826e-01
   2.7076299e-01
   2.6333557e-01
   2.6468602e-01
   2.7548953e-01
   2.9507090e-01
   3.2275490e-01
   3.5719107e-01
   3.9500338e-01
   4.3214044e-01
   4.6657664e-01
   4.9223497e-01
   5.0844025e-01
   5.1316677e-01
   5.0776503e-01
   4.9358542e-01
   4.7265361e-01
   4.5037137e-01
   4.2741390e-01
   4.0648211e-01
   3.8960162e-01
   3.7812289e-01
   3.7204591e-01
   3.7002025e-01
   3.6731938e-01
   3.6259285e-01
   3.5111411e-01
   3.3153274e-01
   3.0452397e-01
   2.7143822e-01
   2.3835246e-01
   2.1134369e-01
   1.9513842e-01
   1.9311275e-01
   2.0459149e-01
   2.2552329e-01
   2.4983119e-01
   2.7211344e-01
   2.8696826e-01
   2.9034436e-01
   2.8156650e-01
   2.6198515e-01
   2.3632682e-01
   2.0729237e-01
   1.8163403e-01
   1.6407832e-01
   1.5732612e-01
   1.6610398e-01
   1.8973666e-01
   2.2889939e-01
   2.7819041e-01
   3.3085752e-01
   3.7879811e-01
   4.1390953e-01
   4.3214044e-01
   4.2876433e-01
   4.0513167e-01
   3.6326807e-01
   3.1060095e-01
   2.5320730e-01
   1.9783929e-01
   1.5057394e-01
   1.1613775e-01
   9.9257263e-02
   9.9932481e-02
   1.2086428e-01
   1.5800134e-01
   2.0931802e-01
   2.6603646e-01
   3.2275489e-01
   3.7069547e-01
   4.0445645e-01
   4.1998649e-01
   4.1931126e-01
   4.0243080e-01
   3.7609723e-01
   3.4503713e-01
   3.1532748e-01
   2.9169481e-01
   2.7683997e-01
   2.7278865e-01
   2.8021606e-01
   2.9709655e-01
   3.2072923e-01
   3.4976367e-01
   3.7879811e-01
   4.0310600e-01
   4.1931127e-01
   4.2606347e-01
   4.2133693e-01
   4.0513166e-01
   3.8014854e-01
   3.4773801e-01
   3.1127616e-01
   2.7211344e-01
   2.3295071e-01
   1.9716409e-01
   1.6745442e-01
   1.4787307e-01
   1.4044565e-01
   1.4584741e-01
   1.6340311e-01
   1.9041189e-01
   2.2012155e-01
   2.4645510e-01
   2.6536124e-01
   2.7143821e-01
   2.6401081e-01
   2.4442944e-01
   2.1404456e-01
   1.7623227e-01
   1.3571912e-01
   9.5205952e-02
   5.7393658e-02
   2.7008783e-02
   7.4274179e-03
   0.0000000e+00
   9.4530733e-03
   3.2410546e-02
   6.8872387e-02
   1.1343688e-01
   1.6002701e-01
   2.0459149e-01
   2.4240378e-01
   2.7076299e-01
   2.8966914e-01
   2.9777177e-01
   2.9777177e-01
   2.8899392e-01
   2.7278866e-01
   2.5050642e-01
   2.2282242e-01
   1.9311276e-01
   1.6407832e-01
   1.4179609e-01
   1.2964214e-01
   1.2761648e-01
   1.4044563e-01
   1.6340311e-01
   1.9513842e-01
   2.3024984e-01
   2.6401079e-01
   2.9101959e-01
   3.0654963e-01
   3.0790006e-01
   2.9304523e-01
   2.6266037e-01
   2.1877109e-01
   1.6677920e-01
   1.1276165e-01
   6.4821076e-02
   2.7684002e-02
   6.7521995e-03
   3.3760924e-03
   1.3504399e-02
   3.4436186e-02
   6.2120188e-02
   8.9804189e-02
   1.1613774e-01
   1.3841998e-01
   1.5597569e-01
   1.7015531e-01
   1.7893316e-01
   1.8365969e-01
   1.8230924e-01
   1.7555705e-01
   1.6475354e-01
   1.5124916e-01
   1.3706956e-01
   1.2491559e-01
   1.1681297e-01
   1.1478730e-01
   1.1816341e-01
   1.2761648e-01
   1.4314652e-01
   1.6475354e-01
   1.9311276e-01
   2.2552331e-01
   2.6198515e-01
   2.9777177e-01
   3.3018230e-01
   3.5313978e-01
   3.6394329e-01
   3.6056719e-01
   3.4368670e-01
   3.1667792e-01
   2.8629304e-01
   2.5590817e-01
   2.3295070e-01
   2.2079675e-01
   2.2147197e-01
   2.3632680e-01
   2.6333559e-01
   3.0047265e-01
   3.4301147e-01
   3.8555031e-01
   4.2336260e-01
   4.5037137e-01
   4.6387575e-01
   4.6455097e-01
   4.5037137e-01
   4.2673869e-01
   3.9702904e-01
   3.6664415e-01
   3.3625927e-01
   3.0857530e-01
   2.8494261e-01
   2.6603646e-01
   2.4983119e-01
   2.3835246e-01
   2.3295071e-01
   2.3497637e-01
   2.4307900e-01
   2.5725861e-01
   2.7481430e-01
   2.9237001e-01
   3.0722485e-01
   3.1735314e-01
   3.2343010e-01
   3.2545577e-01
   3.2613099e-01
   3.2748143e-01
   3.2950710e-01
   3.3288319e-01
   3.3625928e-01
   3.3828494e-01
   3.3828494e-01
   3.3558407e-01
   3.3220796e-01
   3.2680620e-01
   3.2275489e-01
   3.2072925e-01
   3.2207967e-01
   3.2748143e-01
   3.3828494e-01
   3.5449021e-01
   3.7542200e-01
   3.9972991e-01
   4.2471304e-01
   4.4767049e-01
   4.6320053e-01
   4.6792708e-01
   4.6185010e-01
   4.4429439e-01
   4.1661040e-01
   3.8217420e-01
   3.4436191e-01
   3.0587441e-01
   2.6941255e-01
   2.3632680e-01
   2.0729238e-01
   1.8501013e-01
   1.7015529e-01
   1.6610398e-01
   1.7353140e-01
   1.9446320e-01
   2.2552329e-01
   2.6536124e-01
   3.0857528e-01
   3.5111411e-01
   3.8825118e-01
   4.1593518e-01
   4.3214044e-01
   4.3754219e-01
   4.3079000e-01
   4.1593517e-01
   3.9365293e-01
   3.7002025e-01
   3.4841323e-01
   3.3625927e-01
   3.3760972e-01
   3.5381498e-01
   3.8757595e-01
   4.3484131e-01
   4.8885888e-01
   5.4355165e-01
   5.9014180e-01
   6.2255231e-01
   6.3470628e-01
   6.2525320e-01
   5.9419311e-01
   5.4557731e-01
   4.8345712e-01
   4.1593517e-01
   3.4976367e-01
   2.9237001e-01
   2.5253206e-01
   2.3430115e-01
   2.4172857e-01
   2.7211344e-01
   3.2072925e-01
   3.8149900e-01
   4.4429440e-01
   5.0033761e-01
   5.4220121e-01
   5.6515867e-01
   5.6718433e-01
   5.4895340e-01
   5.1249156e-01
   4.6252533e-01
   4.0243080e-01
   3.3896016e-01
   2.7683997e-01
   2.2214720e-01
   1.8163403e-01
   1.5800136e-01
   1.5192438e-01
   1.6272789e-01
   1.8636056e-01
   2.1674544e-01
   2.4848075e-01
   2.7481432e-01
   2.9439568e-01
   3.0519919e-01
   3.0790006e-01
   3.0519919e-01
   2.9912221e-01
   2.8966914e-01
   2.8021608e-01
   2.7076299e-01
   2.6198515e-01
   2.5590817e-01
   2.5118164e-01
   2.4848077e-01
   2.4713031e-01
   2.4510466e-01
   2.4307900e-01
   2.4105333e-01
   2.3902769e-01
   2.3902768e-01
   2.4307900e-01
   2.5320730e-01
   2.6941255e-01
   2.9034436e-01
   3.1397705e-01
   3.3625927e-01
   3.5516543e-01
   3.6664416e-01
   3.7272113e-01
   3.7204591e-01
   3.6731938e-01
   3.5989196e-01
   3.5246456e-01
   3.4773801e-01
   3.4908845e-01
   3.5584065e-01
   3.7339636e-01
   4.0175557e-01
   4.3889264e-01
   4.8345712e-01
   5.3004725e-01
   5.7258609e-01
   6.0499662e-01
   6.2322755e-01
   6.2390277e-01
   6.0837271e-01
   5.7866306e-01
   5.4085078e-01
   4.9966238e-01
   4.6049966e-01
   4.2741391e-01
   4.0445645e-01
   3.9432815e-01
   3.9567860e-01
   4.0918298e-01
   4.3214044e-01
   4.6117488e-01
   4.9223497e-01
   5.1721809e-01
   5.3207292e-01
   5.3274814e-01
   5.1924374e-01
   4.9088454e-01
   4.5307226e-01
   4.1053342e-01
   3.6799460e-01
   3.3220797e-01
   3.0452397e-01
   2.8831870e-01
   2.8359217e-01
   2.8966915e-01
   3.0384875e-01
   3.2343012e-01
   3.4436192e-01
   3.6259283e-01
   3.7542202e-01
   3.7744767e-01
   3.7002025e-01
   3.5246456e-01
   3.2748143e-01
   2.9912222e-01
   2.7008777e-01
   2.4240378e-01
   2.1877109e-01
   1.9851453e-01
   1.8028360e-01
   1.6542878e-01
   1.5124916e-01
   1.4112087e-01
   1.3369345e-01
   1.2964214e-01
   1.3031736e-01
   1.3234301e-01
   1.3639432e-01
   1.3977043e-01
   1.4247130e-01
   1.4314652e-01
   1.4247130e-01
   1.3909521e-01
   1.3369345e-01
   1.2559081e-01
   1.1411208e-01
   9.9257263e-02
   8.1701553e-02
   6.4145858e-02
   4.9966241e-02
   4.2538823e-02
   4.6590133e-02
   6.0769751e-02
   8.5077660e-02
   1.1681296e-01
   1.5395003e-01
   1.9041189e-01
   2.2349762e-01
   2.5050641e-01
   2.6941255e-01
   2.7819041e-01
   2.7616475e-01
   2.6198515e-01
   2.3700202e-01
   2.0391627e-01
   1.6475354e-01
   1.2491559e-01
   8.7778534e-02
   5.8068877e-02
   3.7812279e-02
   2.8359205e-02
   2.8359220e-02
   3.7812293e-02
   5.4692770e-02
   7.9000679e-02
   1.0871034e-01
   1.4314652e-01
   1.8095882e-01
   2.1809589e-01
   2.4983119e-01
   2.7346386e-01
   2.8561783e-01
   2.8359216e-01
   2.6873735e-01
   2.4375422e-01
   2.1269413e-01
   1.8163402e-01
   1.5395003e-01
   1.3504389e-01
   1.2491559e-01
   1.2694126e-01
   1.4044565e-01
   1.6272789e-01
   1.9243754e-01
   2.2349764e-01
   2.5185684e-01
   2.7143822e-01
   2.7819041e-01
   2.7143821e-01
   2.5050641e-01
   2.2012155e-01
   1.8501013e-01
   1.4922350e-01
   1.1748819e-01
   9.4530719e-02
   8.1026334e-02
   7.5624572e-02
   7.7650227e-02
   8.6428082e-02
   9.9932466e-02
   1.1613775e-01
   1.3234301e-01
   1.4787307e-01
   1.5935179e-01
   1.6610398e-01
   1.6812964e-01
   1.6677920e-01
   1.6475354e-01
   1.6475354e-01
   1.7083051e-01
   1.8365969e-01
   2.0391626e-01
   2.2957460e-01
   2.5658339e-01
   2.8156652e-01
   3.0249830e-01
   3.1735314e-01
   3.2410532e-01
   3.2343012e-01
   3.1532747e-01
   3.0047266e-01
   2.8156650e-01
   2.5928426e-01
   2.3700202e-01
   2.1877111e-01
   2.0526671e-01
   1.9986495e-01
   2.0324105e-01
   2.1201891e-01
   2.2349764e-01
   2.3565159e-01
   2.4375422e-01
   2.4780555e-01
   2.4780553e-01
   2.4510466e-01
   2.4375422e-01
   2.4442944e-01
   2.5050641e-01
   2.6130992e-01
   2.7683997e-01
   2.9574612e-01
   3.1735314e-01
   3.3828494e-01
   3.5921674e-01
   3.7609722e-01
   3.8690074e-01
   3.8960162e-01
   3.8217420e-01
   3.6461849e-01
   3.3963538e-01
   3.1127617e-01
   2.8156652e-01
   2.5590817e-01
   2.3632680e-01
   2.2484808e-01
   2.2214720e-01
   2.2687373e-01
   2.3970291e-01
   2.5928426e-01
   2.8629304e-01
   3.1937879e-01
   3.5584065e-01
   3.9365293e-01
   4.2876435e-01
   4.5577312e-01
   4.7197839e-01
   4.7400404e-01
   4.6320053e-01
   4.4024308e-01
   4.0985820e-01
   3.7542200e-01
   3.4301148e-01
   3.1600270e-01
   2.9912222e-01
   2.9507090e-01
   3.0384875e-01
   3.2613099e-01
   3.5719109e-01
   3.9297771e-01
   4.2741391e-01
   4.5442268e-01
   4.6792708e-01
   4.6657664e-01
   4.4902093e-01
   4.2133693e-01
   3.8690074e-01
   3.5449021e-01
   3.2950709e-01
   3.1600270e-01
   3.1465226e-01
   3.2545576e-01
   3.4503714e-01
   3.7002025e-01
   3.9567860e-01
   4.1796082e-01
   4.3281566e-01
   4.3754220e-01
   4.3011479e-01
   4.1120865e-01
   3.8352465e-01
   3.5111411e-01
   3.2072923e-01
   2.9777177e-01
   2.8696826e-01
   2.8966914e-01
   3.0587441e-01
   3.3018230e-01
   3.5854152e-01
   3.8419987e-01
   4.0310600e-01
   4.1255908e-01
   4.1188387e-01
   4.0243078e-01
   3.8555031e-01
   3.6664416e-01
   3.4773801e-01
   3.3220796e-01
   3.2478056e-01
   3.2545577e-01
   3.3760972e-01
   3.5854152e-01
   3.8690074e-01
   4.1796084e-01
   4.4564482e-01
   4.6522619e-01
   4.7197839e-01
   4.6590141e-01
   4.4564482e-01
   4.1661040e-01
   3.8082376e-01
   3.4571236e-01
   3.1330181e-01
   2.8899393e-01
   2.7481432e-01
   2.7278866e-01
   2.8291694e-01
   3.0452397e-01
   3.3423363e-01
   3.6866982e-01
   4.0175557e-01
   4.3011479e-01
   4.4632006e-01
   4.4834571e-01
   4.3686698e-01
   4.1323429e-01
   3.8149898e-01
   3.4706278e-01
   3.1532747e-01
   2.9034436e-01
   2.7548953e-01
   2.7278865e-01
   2.8359216e-01
   3.0654963e-01
   3.3963538e-01
   3.8082376e-01
   4.2336260e-01
   4.6185010e-01
   4.9155975e-01
   5.0573936e-01
   5.0168805e-01
   4.8143146e-01
   4.4767048e-01
   4.0580689e-01
   3.6461849e-01
   3.3018232e-01
   3.0790006e-01
   3.0114787e-01
   3.1195138e-01
   3.3693450e-01
   3.7272113e-01
   4.1593518e-01
   4.5914922e-01
   4.9561108e-01
   5.2059419e-01
   5.2937205e-01
   5.1991896e-01
   4.9291019e-01
   4.5239702e-01
   4.0648211e-01
   3.5921674e-01
   3.1937879e-01
   2.8966914e-01
   2.7346388e-01
   2.6941257e-01
   2.7413908e-01
   2.8561783e-01
   3.0182308e-01
   3.2005403e-01
   3.3896016e-01
   3.5921674e-01
   3.7879811e-01
   3.9702904e-01
   4.1323431e-01
   4.2471304e-01
   4.3146522e-01
   4.3349088e-01
   4.3281567e-01
   4.2876435e-01
   4.2268737e-01
   4.1458475e-01
   4.0445644e-01
   3.9162727e-01
   3.7542202e-01
   3.5651587e-01
   3.3760972e-01
   3.2005403e-01
   3.0654963e-01
   2.9912221e-01
   2.9912222e-01
   3.0654963e-01
   3.2275489e-01
   3.4503714e-01
   3.7137069e-01
   4.0040513e-01
   4.2943957e-01
   4.5374746e-01
   4.7062795e-01
   4.7670492e-01
   4.7062795e-01
   4.5239702e-01
   4.2606347e-01
   3.9635382e-01
   3.6664416e-01
   3.4368669e-01
   3.2883188e-01
   3.2207967e-01
   3.2410534e-01
   3.3220797e-01
   3.4503713e-01
   3.6326805e-01
   3.8487509e-01
   4.1323429e-01
   4.4699528e-01
   4.8345712e-01
   5.2194463e-01
   5.5773125e-01
   5.8541525e-01
   6.0162053e-01
   6.0364618e-01
   5.9081702e-01
   5.6313302e-01
   5.2397029e-01
   4.7805536e-01
   4.2876435e-01
   3.8352464e-01
   3.4773801e-01
   3.2680621e-01
   3.2545577e-01
   3.4436191e-01
   3.8149900e-01
   4.3214044e-01
   4.8818366e-01
   5.4152599e-01
   5.8406480e-01
   6.0837273e-01
   6.1377446e-01
   5.9891964e-01
   5.6718433e-01
   5.2261985e-01
   4.7197839e-01
   4.2066171e-01
   3.7474678e-01
   3.3828494e-01
   3.1667792e-01
   3.0992574e-01
   3.1937879e-01
   3.4031060e-01
   3.6934503e-01
   3.9905469e-01
   4.2336259e-01
   4.3821741e-01
   4.3956784e-01
   4.2943957e-01
   4.1053342e-01
   3.8690073e-01
   3.6191762e-01
   3.3963538e-01
   3.2275489e-01
   3.1262661e-01
   3.0925052e-01
   3.1262661e-01
   3.2072923e-01
   3.3423363e-01
   3.4908845e-01
   3.6259285e-01
   3.7137069e-01
   3.7339636e-01
   3.6664416e-01
   3.5246454e-01
   3.3220797e-01
   3.1262659e-01
   2.9709655e-01
   2.8966915e-01
   2.9237001e-01
   3.0519919e-01
   3.2748143e-01
   3.5381499e-01
   3.8149898e-01
   4.0445645e-01
   4.1931127e-01
   4.2538824e-01
   4.1998649e-01
   4.0310602e-01
   3.7879811e-01
   3.5043889e-01
   3.2343010e-01
   3.0317354e-01
   2.9439568e-01
   2.9979744e-01
   3.1870358e-01
   3.4706280e-01
   3.7947333e-01
   4.0648209e-01
   4.2403782e-01
   4.2606347e-01
   4.1323429e-01
   3.8555031e-01
   3.4773801e-01
   3.0452397e-01
   2.6130993e-01
   2.2484808e-01
   1.9783931e-01
   1.8568534e-01
   1.9041187e-01
   2.1269411e-01
   2.5050641e-01
   2.9979743e-01
   3.5516542e-01
   4.0850775e-01
   4.5104659e-01
   4.7805537e-01
   4.8345712e-01
   4.6860230e-01
   4.3484133e-01
   3.8825118e-01
   3.3625928e-01
   2.8426739e-01
   2.3902768e-01
   2.0864280e-01
   1.9513842e-01
   2.0054017e-01
   2.2687375e-01
   2.6873733e-01
   3.2207968e-01
   3.7744767e-01
   4.2808911e-01
   4.6522619e-01
   4.8413234e-01
   4.8075624e-01
   4.5779879e-01
   4.1931127e-01
   3.7339636e-01
   3.2545577e-01
   2.8359217e-01
   2.5320730e-01
   2.3565159e-01
   2.3497637e-01
   2.4915597e-01
   2.7548953e-01
   3.1127617e-01
   3.4976367e-01
   3.8622551e-01
   4.1525996e-01
   4.3146522e-01
   4.3281567e-01
   4.1998649e-01
   3.9702904e-01
   3.6731936e-01
   3.3760972e-01
   3.1195139e-01
   2.9507090e-01
   2.8696826e-01
   2.8764348e-01
   2.9642134e-01
   3.1127616e-01
   3.2680621e-01
   3.4233627e-01
   3.5381499e-01
   3.5786631e-01
   3.5313976e-01
   3.3896016e-01
   3.1600270e-01
   2.8696826e-01
   2.5793382e-01
   2.3295071e-01
   2.1607022e-01
   2.0999325e-01
   2.1471978e-01
   2.2889939e-01
   2.4780553e-01
   2.6738690e-01
   2.8359217e-01
   2.9101957e-01
   2.8966915e-01
   2.7616475e-01
   2.5253206e-01
   2.1742066e-01
   1.7488185e-01
   1.2964212e-01
   8.7103301e-02
   5.3342333e-02
   3.5111419e-02
   3.6461856e-02
   5.6718425e-02
   9.5205937e-02
   1.4382174e-01
   1.9513842e-01
   2.3970290e-01
   2.7008779e-01
   2.8291695e-01
   2.7481432e-01
   2.4915597e-01
   2.1066847e-01
   1.6475354e-01
   1.1816341e-01
   7.9675883e-02
   5.4692770e-02
   4.9291022e-02
   6.3470639e-02
   9.7906826e-02
   1.4854828e-01
   2.0729237e-01
   2.6536124e-01
   3.1330183e-01
   3.4503714e-01
   3.5651585e-01
   3.4773801e-01
   3.2275490e-01
   2.8696826e-01
   2.4713033e-01
   2.0999325e-01
   1.8095882e-01
   1.6407832e-01
   1.6002701e-01
   1.7015529e-01
   1.9243754e-01
   2.2282242e-01
   2.5793382e-01
   2.9237001e-01
   3.1937879e-01
   3.3693450e-01
   3.4098581e-01
   3.3153274e-01
   3.1127616e-01
   2.8359217e-01
   2.5253206e-01
   2.2079676e-01
   1.9243754e-01
   1.6880485e-01
   1.4989871e-01
   1.3774476e-01
   1.3301823e-01
   1.3706956e-01
   1.5057393e-01
   1.7218096e-01
   2.0121538e-01
   2.3430115e-01
   2.6671168e-01
   2.9507090e-01
   3.1600270e-01
   3.2613099e-01
   3.2613099e-01
   3.1397703e-01
   2.9304523e-01
   2.6333559e-01
   2.2822417e-01
   1.9176231e-01
   1.5867656e-01
   1.3301823e-01
   1.1951385e-01
   1.2086428e-01
   1.3639432e-01
   1.6542876e-01
   2.0189060e-01
   2.4037811e-01
   2.7481432e-01
   3.0114787e-01
   3.1802836e-01
   3.2478056e-01
   3.2410532e-01
   3.1870359e-01
   3.0925052e-01
   2.9777177e-01
   2.8426737e-01
   2.7008777e-01
   2.5523295e-01
   2.4037813e-01
   2.2754895e-01
   2.1742066e-01
   2.1201891e-01
   2.1269411e-01
   2.2214719e-01
   2.3835247e-01
   2.6198514e-01
   2.9101957e-01
   3.2275489e-01
   3.5449021e-01
   3.8014854e-01
   3.9567860e-01
   3.9635382e-01
   3.8014854e-01
   3.4773801e-01
   3.0384875e-01
   2.5590817e-01
   2.0999325e-01
   1.7555705e-01
   1.5800134e-01
   1.5732614e-01
   1.7488183e-01
   2.0594193e-01
   2.4577988e-01
   2.9034436e-01
   3.3355840e-01
   3.7272114e-01
   4.0580689e-01
   4.3011479e-01
   4.4496962e-01
   4.4834570e-01
   4.4024308e-01
   4.2133693e-01
   3.9365293e-01
   3.5921674e-01
   3.2140446e-01
   2.8224172e-01
   2.4577988e-01
   2.1336933e-01
   1.8973667e-01
   1.7825793e-01
   1.7893316e-01
   1.9648886e-01
   2.2687373e-01
   2.6806212e-01
   3.1397705e-01
   3.5719109e-01
   3.9095205e-01
   4.0850776e-01
   4.0918298e-01
   3.9230249e-01
   3.6326807e-01
   3.2680621e-01
   2.9237003e-01
   2.6401081e-01
   2.4577988e-01
   2.4172855e-01
   2.5050641e-01
   2.7076299e-01
   2.9912222e-01
   3.3153274e-01
   3.6191762e-01
   3.8690074e-01
   4.0040513e-01
   4.0040513e-01
   3.8757595e-01
   3.6191762e-01
   3.2883187e-01
   2.9237003e-01
   2.5658339e-01
   2.2687373e-01
   2.0459149e-01
   1.9041189e-01
   1.8433491e-01
   1.8636056e-01
   1.9513842e-01
   2.0999325e-01
   2.3160026e-01
   2.5658340e-01
   2.8426739e-01
   3.0992574e-01
   3.3085754e-01
   3.4301147e-01
   3.4571234e-01
   3.3760972e-01
   3.2140446e-01
   2.9844699e-01
   2.7143822e-01
   2.4375422e-01
   2.1742066e-01
   1.9648886e-01
   1.8028360e-01
   1.7150574e-01
   1.7150574e-01
   1.7960836e-01
   1.9446320e-01
   2.1269413e-01
   2.3227549e-01
   2.4848075e-01
   2.5928426e-01
   2.6468602e-01
   2.6536124e-01
   2.6468601e-01
   2.6536124e-01
   2.7076299e-01
   2.7954086e-01
   2.9169479e-01
   3.0249830e-01
   3.0992572e-01
   3.1127616e-01
   3.0452397e-01
   2.9101957e-01
   2.7143821e-01
   2.4915597e-01
   2.2619851e-01
   2.0661715e-01
   1.9311276e-01
   1.9041187e-01
   2.0054018e-01
   2.2349764e-01
   2.5995948e-01
   3.0654963e-01
   3.5854152e-01
   4.0850776e-01
   4.5037137e-01
   4.7738015e-01
   4.8818365e-01
   4.8210668e-01
   4.6252533e-01
   4.3484131e-01
   4.0580689e-01
   3.8014856e-01
   3.6326805e-01
   3.5786631e-01
   3.6394327e-01
   3.8149898e-01
   4.0580688e-01
   4.3349088e-01
   4.5982444e-01
   4.7805537e-01
   4.8480755e-01
   4.7738014e-01
   4.5644835e-01
   4.2471304e-01
   3.8622553e-01
   3.4773801e-01
   3.1262661e-01
   2.8629304e-01
   2.6671168e-01
   2.5590817e-01
   2.4983119e-01
   2.4848077e-01
   2.5050641e-01
   2.5658339e-01
   2.6806212e-01
   2.8561783e-01
   3.0790006e-01
   3.3355840e-01
   3.5989198e-01
   3.8217421e-01
   3.9837947e-01
   4.0378122e-01
   3.9837946e-01
   3.8149898e-01
   3.5516542e-01
   3.2005401e-01
   2.7954086e-01
   2.3632680e-01
   1.9581364e-01
   1.6137745e-01
   1.3774476e-01
   1.2694125e-01
   1.3166779e-01
   1.4787307e-01
   1.7488183e-01
   2.0661715e-01
   2.3835246e-01
   2.6536124e-01
   2.8561783e-01
   2.9574612e-01
   2.9642132e-01
   2.8764348e-01
   2.7143821e-01
   2.4848075e-01
   2.2214720e-01
   1.9446320e-01
   1.7015531e-01
   1.5124916e-01
   1.4044563e-01
   1.3706956e-01
   1.3977043e-01
   1.4787305e-01
   1.5597569e-01
   1.6137745e-01
   1.6542876e-01
   1.6812965e-01
   1.7353140e-01
   1.8365969e-01
   2.0121538e-01
   2.2687373e-01
   2.5860906e-01
   2.9169481e-01
   3.2275489e-01
   3.4571236e-01
   3.5719109e-01
   3.5651587e-01
   3.4436192e-01
   3.2343012e-01
   2.9777177e-01
   2.7008779e-01
   2.4780553e-01
   2.3295071e-01
   2.2822418e-01
   2.3497637e-01
   2.4915598e-01
   2.6941257e-01
   2.8764348e-01
   2.9844699e-01
   2.9777177e-01
   2.8224172e-01
   2.5455773e-01
   2.1944631e-01
   1.8230925e-01
   1.5259960e-01
   1.3571910e-01
   1.3369346e-01
   1.4922349e-01
   1.7893315e-01
   2.1944631e-01
   2.6536124e-01
   3.1330183e-01
   3.5854152e-01
   3.9770425e-01
   4.2673869e-01
   4.4564482e-01
   4.5172181e-01
   4.4564484e-01
   4.2808913e-01
   4.0040513e-01
   3.6596894e-01
   3.2680621e-01
   2.8561783e-01
   2.4510466e-01
   2.0864280e-01
   1.7960838e-01
   1.5935179e-01
   1.5057394e-01
   1.5395003e-01
   1.7015531e-01
   1.9513842e-01
   2.2349764e-01
   2.4915597e-01
   2.6671168e-01
   2.7143822e-01
   2.6468601e-01
   2.4780553e-01
   2.2552329e-01
   2.0526671e-01
   1.9311276e-01
   1.9243753e-01
   2.0459149e-01
   2.2889939e-01
   2.6130992e-01
   2.9642134e-01
   3.3220796e-01
   3.6191762e-01
   3.8487509e-01
   3.9635382e-01
   3.9770424e-01
   3.8825117e-01
   3.7069549e-01
   3.4773801e-01
   3.2343012e-01
   3.0317354e-01
   2.9034436e-01
   2.8494261e-01
   2.8831870e-01
   2.9777179e-01
   3.1060095e-01
   3.2140446e-01
   3.2950709e-01
   3.3288318e-01
   3.3153274e-01
   3.2545577e-01
   3.1735314e-01
   3.0925050e-01
   3.0182310e-01
   2.9777177e-01
   2.9709655e-01
   3.0114788e-01
   3.0925050e-01
   3.2005401e-01
   3.3153274e-01
   3.3828494e-01
   3.3693450e-01
   3.2748143e-01
   3.0654963e-01
   2.7954084e-01
   2.4983120e-01
   2.2417286e-01
   2.0796758e-01
   2.0526672e-01
   2.1809588e-01
   2.4442944e-01
   2.8156650e-01
   3.2410532e-01
   3.6799460e-01
   4.0985820e-01
   4.4429440e-01
   4.6927752e-01
   4.8345712e-01
   4.8615799e-01
   4.7670493e-01
   4.5847399e-01
   4.3281566e-01
   4.0243078e-01
   3.7137069e-01
   3.4031060e-01
   3.1195138e-01
   2.8494261e-01
   2.5995948e-01
   2.3835246e-01
   2.2012153e-01
   2.0931802e-01
   2.0729237e-01
   2.1742066e-01
   2.3835246e-01
   2.7008777e-01
   3.0722485e-01
   3.4368669e-01
   3.7542202e-01
   3.9702904e-01
   4.0715733e-01
   4.0783253e-01
   4.0040513e-01
   3.8892638e-01
   3.7812289e-01
   3.7002025e-01
   3.6866982e-01
   3.7339636e-01
   3.8487509e-01
   4.0040513e-01
   4.1863604e-01
   4.3551655e-01
   4.4767049e-01
   4.5104659e-01
   4.4564484e-01
   4.2876435e-01
   4.0445645e-01
   3.7407158e-01
   3.4436192e-01
   3.1735314e-01
   2.9709655e-01
   2.8291695e-01
   2.7413908e-01
   2.7008777e-01
   2.6738690e-01
   2.6603646e-01
   2.6468602e-01
   2.6536124e-01
   2.6873733e-01
   2.7548953e-01
   2.8629304e-01
   3.0047265e-01
   3.1735314e-01
   3.3760972e-01
   3.5989196e-01
   3.8284942e-01
   4.0648209e-01
   4.2876433e-01
   4.4699526e-01
   4.5644835e-01
   4.5509790e-01
   4.4024308e-01
   4.1323429e-01
   3.7474678e-01
   3.3018232e-01
   2.8224172e-01
   2.3767724e-01
   2.0054018e-01
   1.7353140e-01
   1.5935179e-01
   1.5935179e-01
   1.7218096e-01
   1.9648886e-01
   2.2889940e-01
   2.6333557e-01
   2.9439568e-01
   3.1802836e-01
   3.2815665e-01
   3.2410534e-01
   3.0587441e-01
   2.7886563e-01
   2.4915597e-01
   2.1944633e-01
   1.9783929e-01
   1.8568534e-01
   1.8433491e-01
   1.9378798e-01
   2.1336935e-01
   2.4105333e-01
   2.7548953e-01
   3.1465226e-01
   3.5584064e-01
   3.9635380e-01
   4.3079000e-01
   4.5712355e-01
   4.6927752e-01
   4.6792706e-01
   4.5307224e-01
   4.2673869e-01
   3.9297772e-01
   3.5854152e-01
   3.2748143e-01
   3.0452396e-01
   2.9304523e-01
   2.9507088e-01
   3.1060094e-01
   3.3760971e-01
   3.7204591e-01
   4.0918298e-01
   4.4226875e-01
   4.6590141e-01
   4.7670492e-01
   4.7130316e-01
   4.5172181e-01
   4.2066171e-01
   3.8284942e-01
   3.4436191e-01
   3.0790006e-01
   2.7616475e-01
   2.5118164e-01
   2.3362593e-01
   2.2147198e-01
   2.1674544e-01
   2.2012153e-01
   2.2889940e-01
   2.4577988e-01
   2.6603646e-01
   2.8764348e-01
   3.0722485e-01
   3.2072923e-01
   3.2680620e-01
   3.2478056e-01
   3.1532748e-01
   3.0182308e-01
   2.8629304e-01
   2.7076300e-01
   2.5725861e-01
   2.4780553e-01
   2.4240378e-01
   2.4240378e-01
   2.4645510e-01
   2.5590817e-01
   2.6738690e-01
   2.8021606e-01
   2.9034437e-01
   2.9777177e-01
   3.0047266e-01
   2.9844699e-01
   2.9507090e-01
   2.9237001e-01
   2.9237001e-01
   2.9574612e-01
   3.0249830e-01
   3.0992572e-01
   3.1532748e-01
   3.1532748e-01
   3.0790006e-01
   2.9507088e-01
   2.7616475e-01
   2.5590817e-01
   2.3565159e-01
   2.2012153e-01
   2.0999324e-01
   2.0796758e-01
   2.1269413e-01
   2.2417286e-01
   2.4105333e-01
   2.5928426e-01
   2.7683997e-01
   2.8764348e-01
   2.9101957e-01
   2.8359216e-01
   2.6603646e-01
   2.4105335e-01
   2.1134368e-01
   1.8163403e-01
   1.5530047e-01
   1.3436868e-01
   1.2018906e-01
   1.1141121e-01
   1.0803510e-01
   1.0938555e-01
   1.1546252e-01
   1.2829170e-01
   1.4922350e-01
   1.7623227e-01
   2.0796758e-01
   2.4037811e-01
   2.6941255e-01
   2.8899393e-01
   2.9777177e-01
   2.9439568e-01
   2.8021606e-01
   2.5928428e-01
   2.3565159e-01
   2.1404456e-01
   1.9986496e-01
   1.9648886e-01
   2.0459149e-01
   2.2619851e-01
   2.5793382e-01
   2.9912221e-01
   3.4368669e-01
   3.8555031e-01
   4.2066171e-01
   4.4159351e-01
   4.4632004e-01
   4.3484131e-01
   4.0985820e-01
   3.7677245e-01
   3.4031060e-01
   3.0722485e-01
   2.8224173e-01
   2.6738691e-01
   2.6333559e-01
   2.7076299e-01
   2.8561783e-01
   3.0722485e-01
   3.3220796e-01
   3.5651587e-01
   3.7677244e-01
   3.9027684e-01
   3.9432815e-01
   3.8960162e-01
   3.7542202e-01
   3.5584064e-01
   3.3490885e-01
   3.1667792e-01
   3.0384874e-01
   2.9912221e-01
   3.0182308e-01
   3.1060094e-01
   3.2343012e-01
   3.3693450e-01
   3.5043889e-01
   3.5989196e-01
   3.6529371e-01
   3.6259283e-01
   3.5111411e-01
   3.3085752e-01
   3.0182308e-01
   2.6873733e-01
   2.3632680e-01
   2.0999325e-01
   1.9243753e-01
   1.8771100e-01
   1.9446320e-01
   2.1134368e-01
   2.3295070e-01
   2.5388251e-01
   2.6941255e-01
   2.7683997e-01
   2.7346388e-01
   2.6063470e-01
   2.3835247e-01
   2.1134369e-01
   1.8298447e-01
   1.5597569e-01
   1.3639432e-01
   1.2761648e-01
   1.3369345e-01
   1.5327481e-01
   1.8501013e-01
   2.2484808e-01
   2.6536123e-01
   3.0047265e-01
   3.2343012e-01
   3.3355841e-01
   3.2748143e-01
   3.1195138e-01
   2.8831870e-01
   2.6333559e-01
   2.4105335e-01
   2.2619851e-01
   2.2079676e-01
   2.2619851e-01
   2.4172855e-01
   2.6738690e-01
   2.9979743e-01
   3.3625927e-01
   3.7137070e-01
   4.0108036e-01
   4.1931127e-01
   4.2403782e-01
   4.1390951e-01
   3.8960162e-01
   3.5381499e-01
   3.1127616e-01
   2.6671168e-01
   2.2484808e-01
   1.8838623e-01
   1.6272789e-01
   1.4854827e-01
   1.4854828e-01
   1.6272789e-01
   1.9108711e-01
   2.2754895e-01
   2.6873733e-01
   3.0857528e-01
   3.4031060e-01
   3.5921676e-01
   3.6259285e-01
   3.4976367e-01
   3.2343010e-01
   2.8831870e-01
   2.4780553e-01
   2.0729237e-01
   1.6948007e-01
   1.3774476e-01
   1.1478730e-01
   1.0128292e-01
   9.8582029e-02
   1.0533424e-01
   1.2018906e-01
   1.3977043e-01
   1.6137745e-01
   1.8028360e-01
   1.9311276e-01
   1.9986495e-01
   1.9986496e-01
   1.9446320e-01
   1.8771100e-01
   1.8028360e-01
   1.7555705e-01
   1.7353140e-01
   1.7488183e-01
   1.7960836e-01
   1.8501013e-01
   1.9311276e-01
   1.9986496e-01
   2.0661715e-01
   2.1066846e-01
   2.1134369e-01
   2.0864280e-01
   2.0324105e-01
   1.9648886e-01
   1.9041189e-01
   1.8838623e-01
   1.9041187e-01
   1.9648886e-01
   2.0391627e-01
   2.0729237e-01
   2.0594193e-01
   1.9446320e-01
   1.7555705e-01
   1.5057394e-01
   1.2491561e-01
   1.0398381e-01
   9.1829845e-02
   9.2505063e-02
   1.0600945e-01
   1.3099257e-01
   1.6475354e-01
   2.0256584e-01
   2.4037811e-01
   2.7346388e-01
   3.0047266e-01
   3.1735314e-01
   3.2275490e-01
   3.1667792e-01
   2.9979744e-01
   2.7481432e-01
   2.4442944e-01
   2.1201891e-01
   1.8095882e-01
   1.5259960e-01
   1.2896690e-01
   1.1208643e-01
   1.0195814e-01
   1.0060770e-01
   1.1006077e-01
   1.2964214e-01
   1.6137745e-01
   2.0189062e-01
   2.4645511e-01
   2.8966914e-01
   3.2478054e-01
   3.4638758e-01
   3.5178932e-01
   3.4166103e-01
   3.1802836e-01
   2.8561783e-01
   2.5118164e-01
   2.1742066e-01
   1.8973666e-01
   1.7150574e-01
   1.6272789e-01
   1.6542878e-01
   1.7825793e-01
   1.9851451e-01
   2.2552329e-01
   2.5523294e-01
   2.8291694e-01
   3.0384875e-01
   3.1735314e-01
   3.2207968e-01
   3.1870358e-01
   3.1060094e-01
   2.9844701e-01
   2.8764348e-01
   2.7751519e-01
   2.7143821e-01
   2.6873735e-01
   2.6806212e-01
   2.7076299e-01
   2.7481432e-01
   2.7819042e-01
   2.7886563e-01
   2.7481432e-01
   2.6401081e-01
   2.4577988e-01
   2.2079675e-01
   1.9378798e-01
   1.6677921e-01
   1.4719785e-01
   1.3774476e-01
   1.4247130e-01
   1.5867658e-01
   1.8365969e-01
   2.1269413e-01
   2.4105335e-01
   2.6401081e-01
   2.7954086e-01
   2.8764348e-01
   2.9101957e-01
   2.8966915e-01
   2.8966915e-01
   2.8966914e-01
   2.9372046e-01
   3.0047266e-01
   3.1060094e-01
   3.2410534e-01
   3.3828494e-01
   3.5246456e-01
   3.6326807e-01
   3.6934503e-01
   3.6731938e-01
   3.5651587e-01
   3.3896016e-01
   3.1600270e-01
   2.9034437e-01
   2.6603646e-01
   2.4442944e-01
   2.2754895e-01
   2.1674544e-01
   2.1134368e-01
   2.1404456e-01
   2.2282240e-01
   2.3767724e-01
   2.5860904e-01
   2.8291695e-01
   3.0587441e-01
   3.2478056e-01
   3.3558407e-01
   3.3625928e-01
   3.2613098e-01
   3.0722485e-01
   2.8359217e-01
   2.5860904e-01
   2.3767724e-01
   2.2214720e-01
   2.1404456e-01
   2.1336935e-01
   2.2079676e-01
   2.3565159e-01
   2.5793382e-01
   2.8629304e-01
   3.1870359e-01
   3.5246456e-01
   3.8487509e-01
   4.1188386e-01
   4.2876435e-01
   4.3484131e-01
   4.2876435e-01
   4.1188386e-01
   3.8690073e-01
   3.5584065e-01
   3.2343012e-01
   2.9169479e-01
   2.6401081e-01
   2.4307900e-01
   2.3160026e-01
   2.3092504e-01
   2.4037811e-01
   2.5860904e-01
   2.8224173e-01
   3.0722485e-01
   3.2883187e-01
   3.4301147e-01
   3.4841323e-01
   3.4503713e-01
   3.3355841e-01
   3.1600270e-01
   2.9439568e-01
   2.7143822e-01
   2.4780553e-01
   2.2619851e-01
   2.0864280e-01
   1.9716407e-01
   1.9446320e-01
   2.0391627e-01
   2.2349764e-01
   2.5185686e-01
   2.8494261e-01
   3.1802836e-01
   3.4571234e-01
   3.6461850e-01
   3.7474680e-01
   3.7677244e-01
   3.7407156e-01
   3.7002025e-01
   3.6866980e-01
   3.7204591e-01
   3.8217420e-01
   3.9770425e-01
   4.1863606e-01
   4.4091830e-01
   4.6320053e-01
   4.8143146e-01
   4.9223497e-01
   4.9493585e-01
   4.8750843e-01
   4.7062795e-01
   4.4902093e-01
   4.2538824e-01
   4.0445645e-01
   3.8892640e-01
   3.8149898e-01
   3.8014854e-01
   3.8419986e-01
   3.8757595e-01
   3.8892640e-01
   3.8419986e-01
   3.7407158e-01
   3.5719109e-01
   3.3625927e-01
   3.1397705e-01
   2.9169479e-01
   2.7076300e-01
   2.5320730e-01
   2.4037811e-01
   2.3565159e-01
   2.3902768e-01
   2.5050641e-01
   2.6941255e-01
   2.9304524e-01
   3.1735314e-01
   3.3896016e-01
   3.5313976e-01
   3.5989196e-01
   3.5854152e-01
   3.4976367e-01
   3.3625928e-01
   3.2275489e-01
   3.1060095e-01
   3.0114787e-01
   2.9574610e-01
   2.9642134e-01
   3.0384874e-01
   3.1870358e-01
   3.3896016e-01
   3.6394327e-01
   3.8960162e-01
   4.1255908e-01
   4.2943957e-01
   4.3686698e-01
   4.3416610e-01
   4.2268737e-01
   4.0513167e-01
   3.8555031e-01
   3.6866982e-01
   3.5651587e-01
   3.5111412e-01
   3.5313978e-01
   3.6124240e-01
   3.7272114e-01
   3.8622553e-01
   3.9905469e-01
   4.0850776e-01
   4.1120864e-01
   4.0648211e-01
   3.9365293e-01
   3.7339636e-01
   3.5043889e-01
   3.2748142e-01
   3.0925050e-01
   2.9844699e-01
   2.9574610e-01
   3.0047265e-01
   3.1060094e-01
   3.2207967e-01
   3.3288319e-01
   3.4098581e-01
   3.4436192e-01
   3.4368669e-01
   3.3963538e-01
   3.3153276e-01
   3.2005401e-01
   3.0452397e-01
   2.8629304e-01
   2.6603646e-01
   2.4848075e-01
   2.3565159e-01
   2.3092504e-01
   2.3632680e-01
   2.5320730e-01
   2.8021606e-01
   3.1262659e-01
   3.4571234e-01
   3.7474678e-01
   3.9635382e-01
   4.0580688e-01
   4.0108035e-01
   3.8217420e-01
   3.4976368e-01
   3.0790006e-01
   2.6198514e-01
   2.1809588e-01
   1.8433491e-01
   1.6542878e-01
   1.6542876e-01
   1.8433491e-01
   2.1674544e-01
   2.5725862e-01
   2.9574612e-01
   3.2613099e-01
   3.4233625e-01
   3.4233627e-01
   3.2815665e-01
   3.0384874e-01
   2.7683997e-01
   2.5185684e-01
   2.3565159e-01
   2.3024984e-01
   2.3970290e-01
   2.6266037e-01
   2.9642134e-01
   3.3625928e-01
   3.7677245e-01
   4.1255908e-01
   4.3821742e-01
   4.5037135e-01
   4.4767048e-01
   4.3146522e-01
   4.0648211e-01
   3.7609723e-01
   3.4638758e-01
   3.2072923e-01
   3.0047266e-01
   2.8696826e-01
   2.8156650e-01
   2.8156650e-01
   2.8831870e-01
   3.0249832e-01
   3.2207967e-01
   3.4638758e-01
   3.7407156e-01
   4.0040514e-01
   4.2201215e-01
   4.3551655e-01
   4.3754220e-01
   4.2876435e-01
   4.0783255e-01
   3.7812289e-01
   3.4166103e-01
   3.0182308e-01
   2.6333559e-01
   2.2822417e-01
   2.0121540e-01
   1.8636056e-01
   1.8568534e-01
   1.9986496e-01
   2.2687375e-01
   2.6266037e-01
   3.0114787e-01
   3.3558407e-01
   3.6056718e-01
   3.7137070e-01
   3.6866982e-01
   3.5178932e-01
   3.2478056e-01
   2.9101957e-01
   2.5320728e-01
   2.1607022e-01
   1.7960838e-01
   1.4719785e-01
   1.1883863e-01
   9.6556374e-02
   7.9675897e-02
   6.9547606e-02
   6.3470625e-02
   6.1444984e-02
   6.2120188e-02
   6.4145843e-02
   6.7521950e-02
   7.4949353e-02
   8.6428097e-02
   1.0465903e-01
   1.2896692e-01
   1.5665091e-01
   1.8365969e-01
   2.0864280e-01
   2.2619851e-01
   2.3632680e-01
   2.3767726e-01
   2.3295071e-01
   2.2484808e-01
   2.1607022e-01
   2.0999325e-01
   2.0796758e-01
   2.1269413e-01
   2.2417286e-01
   2.4307900e-01
   2.6873733e-01
   2.9979743e-01
   3.3220796e-01
   3.6326807e-01
   3.8622553e-01
   3.9905469e-01
   3.9770425e-01
   3.8352465e-01
   3.5854152e-01
   3.2478054e-01
   2.8831870e-01
   2.5320730e-01
   2.2417286e-01
   2.0256584e-01
   1.9176233e-01
   1.9041187e-01
   1.9986496e-01
   2.1944633e-01
   2.4577988e-01
   2.7548953e-01
   3.0519919e-01
   3.2815665e-01
   3.4368670e-01
   3.4773800e-01
   3.4098581e-01
   3.2545577e-01
   3.0452397e-01
   2.8224173e-01
   2.6333559e-01
   2.4848075e-01
   2.3970290e-01
   2.3767724e-01
   2.4240378e-01
   2.5320730e-01
   2.7008777e-01
   2.9169479e-01
   3.1735314e-01
   3.4436192e-01
   3.6934503e-01
   3.8892640e-01
   3.9972991e-01
   4.0243078e-01
   3.9635382e-01
   3.8555031e-01
   3.7204591e-01
   3.6056718e-01
   3.5381498e-01
   3.5313976e-01
   3.5854152e-01
   3.6866982e-01
   3.8014854e-01
   3.9162727e-01
   3.9972991e-01
   4.0040513e-01
   3.9230249e-01
   3.7407158e-01
   3.4638756e-01
   3.1127617e-01
   2.7143821e-01
   2.3227549e-01
   1.9648886e-01
   1.6880487e-01
   1.4922350e-01
   1.3706956e-01
   1.2964212e-01
   1.2626603e-01
   1.2221472e-01
   1.1883863e-01
   1.1546252e-01
   1.1343688e-01
   1.1141121e-01
   1.1006077e-01
   1.0803510e-01
   1.0533423e-01
   9.9932481e-02
   9.5205952e-02
   9.2505063e-02
   9.4530719e-02
   1.0465901e-01
   1.2356516e-01
   1.5057393e-01
   1.8298447e-01
   2.1539500e-01
   2.4240378e-01
   2.5995948e-01
   2.6671168e-01
   2.6130993e-01
   2.4510466e-01
   2.2417284e-01
   2.0054018e-01
   1.7893315e-01
   1.6475354e-01
   1.6205267e-01
   1.7218096e-01
   1.9716409e-01
   2.3497637e-01
   2.8291695e-01
   3.3288319e-01
   3.7947333e-01
   4.1661039e-01
   4.3754220e-01
   4.4159353e-01
   4.2876435e-01
   4.0445645e-01
   3.7407156e-01
   3.4301147e-01
   3.1802836e-01
   3.0249830e-01
   3.0047265e-01
   3.1060094e-01
   3.3153274e-01
   3.5989196e-01
   3.9230249e-01
   4.2336259e-01
   4.4699526e-01
   4.5779879e-01
   4.5374746e-01
   4.3349088e-01
   3.9972991e-01
   3.5516542e-01
   3.0587441e-01
   2.5725861e-01
   2.1336935e-01
   1.7758272e-01
   1.5124916e-01
   1.3369345e-01
   1.2559083e-01
   1.2761647e-01
   1.3977042e-01
   1.6205267e-01
   1.9378798e-01
   2.3160026e-01
   2.7211344e-01
   3.1060095e-01
   3.4233627e-01
   3.6529371e-01
   3.7677245e-01
   3.7744767e-01
   3.7069547e-01
   3.5651587e-01
   3.3963538e-01
   3.2207967e-01
   3.0519919e-01
   2.9237001e-01
   2.8426739e-01
   2.8089128e-01
   2.8359217e-01
   2.8966914e-01
   2.9912222e-01
   3.0790006e-01
   3.1397703e-01
   3.1532748e-01
   3.1330183e-01
   3.0790006e-01
   3.0114787e-01
   2.9642134e-01
   2.9507090e-01
   2.9642134e-01
   3.0047266e-01
   3.0587441e-01
   3.0992572e-01
   3.1262661e-01
   3.1127617e-01
   3.0722485e-01
   3.0114788e-01
   2.9101957e-01
   2.8021608e-01
   2.6738691e-01
   2.5658339e-01
   2.4915598e-01
   2.4713031e-01
   2.5320730e-01
   2.6806212e-01
   2.9101959e-01
   3.1735314e-01
   3.4166103e-01
   3.5989196e-01
   3.6664415e-01
   3.6124240e-01
   3.4436191e-01
   3.2072923e-01
   2.9439567e-01
   2.7211344e-01
   2.5658339e-01
   2.5185684e-01
   2.5725861e-01
   2.7278865e-01
   2.9777177e-01
   3.2883187e-01
   3.6191762e-01
   3.9297772e-01
   4.1931127e-01
   4.3686698e-01
   4.4361917e-01
   4.3821742e-01
   4.2268737e-01
   3.9837946e-01
   3.7069547e-01
   3.4301147e-01
   3.1870358e-01
   3.0047265e-01
   2.8831870e-01
   2.8629304e-01
   2.9304523e-01
   3.0992572e-01
   3.3423363e-01
   3.6664416e-01
   4.0243078e-01
   4.3686697e-01
   4.6590142e-01
   4.8413234e-01
   4.8818365e-01
   4.7940579e-01
   4.5644833e-01
   4.2403782e-01
   3.8622553e-01
   3.4773801e-01
   3.0992572e-01
   2.7751519e-01
   2.5118164e-01
   2.3227548e-01
   2.2417286e-01
   2.2687373e-01
   2.4307899e-01
   2.7143821e-01
   3.0857528e-01
   3.5111412e-01
   3.9230249e-01
   4.2673869e-01
   4.5104659e-01
   4.6252532e-01
   4.6049965e-01
   4.4767049e-01
   4.2876435e-01
   4.0850776e-01
   3.9162727e-01
   3.7947333e-01
   3.7677245e-01
   3.8352465e-01
   3.9905469e-01
   4.2066171e-01
   4.4429439e-01
   4.6590141e-01
   4.8008101e-01
   4.8413235e-01
   4.7670492e-01
   4.5847401e-01
   4.3349088e-01
   4.0580689e-01
   3.8082376e-01
   3.6124240e-01
   3.5043889e-01
   3.4841323e-01
   3.5381498e-01
   3.6596893e-01
   3.8082376e-01
   3.9770425e-01
   4.1323431e-01
   4.2268738e-01
   4.2538826e-01
   4.1796082e-01
   3.9905469e-01
   3.7069547e-01
   3.3828494e-01
   3.0790006e-01
   2.8629304e-01
   2.7954086e-01
   2.9169481e-01
   3.2140445e-01
   3.6529371e-01
   4.1390953e-01
   4.6049966e-01
   4.9426063e-01
   5.1181634e-01
   5.0979067e-01
   4.8750844e-01
   4.5104659e-01
   4.0580688e-01
   3.5854152e-01
   3.1802836e-01
   2.8899393e-01
   2.7683997e-01
   2.8494261e-01
   3.1060094e-01
   3.4908845e-01
   3.9432815e-01
   4.3821742e-01
   4.7197839e-01
   4.9088454e-01
   4.9020932e-01
   4.7062794e-01
   4.3619175e-01
   3.9095205e-01
   3.4031061e-01
   2.9034436e-01
   2.4442944e-01
   2.0864282e-01
   1.8568534e-01
   1.7758272e-01
   1.8568534e-01
   2.0999325e-01
   2.4780555e-01
   2.9304524e-01
   3.4031060e-01
   3.8284942e-01
   4.1525996e-01
   4.3281566e-01
   4.3551655e-01
   4.2201215e-01
   3.9702904e-01
   3.6461849e-01
   3.2748143e-01
   2.9304523e-01
   2.6266037e-01
   2.4240378e-01
   2.3362593e-01
   2.3902768e-01
   2.5658339e-01
   2.8561783e-01
   3.2005401e-01
   3.5449021e-01
   3.8082376e-01
   3.9567860e-01
   3.9500337e-01
   3.8014854e-01
   3.5246456e-01
   3.1667792e-01
   2.7954084e-01
   2.4645510e-01
   2.2214720e-01
   2.0864280e-01
   2.0729237e-01
   2.1674545e-01
   2.3497637e-01
   2.5523295e-01
   2.7278865e-01
   2.8021606e-01
   2.7278866e-01
   2.4848075e-01
   2.0864280e-01
   1.5867656e-01
   1.0668468e-01
   6.3470625e-02
   3.7137075e-02
   3.3085749e-02
   5.1316677e-02
   8.8453752e-02
   1.3774477e-01
   1.9108709e-01
   2.3902768e-01
   2.7751519e-01
   3.0519919e-01
   3.2005403e-01
   3.2748143e-01
   3.2950710e-01
   3.3018230e-01
   3.3153274e-01
   3.3693450e-01
   3.4503713e-01
   3.5651587e-01
   3.6799460e-01
   3.7744767e-01
   3.8352464e-01
   3.8284942e-01
   3.7474680e-01
   3.5989196e-01
   3.3963539e-01
   3.1532748e-01
   2.9101959e-01
   2.6671168e-01
   2.4307900e-01
   2.2079676e-01
   1.9918973e-01
   1.7960836e-01
   1.6272789e-01
   1.5259960e-01
   1.5327481e-01
   1.6542878e-01
   1.9108711e-01
   2.2754895e-01
   2.7076300e-01
   3.1397705e-01
   3.5043889e-01
   3.7542202e-01
   3.8487507e-01
   3.7879811e-01
   3.5786629e-01
   3.2748143e-01
   2.9034436e-01
   2.5320730e-01
   2.1944633e-01
   1.9581364e-01
   1.8636056e-01
   1.9378798e-01
   2.1809589e-01
   2.5860904e-01
   3.0925050e-01
   3.6394329e-01
   4.1458475e-01
   4.5442268e-01
   4.7873057e-01
   4.8548279e-01
   4.7535448e-01
   4.5037137e-01
   4.1661040e-01
   3.7812289e-01
   3.4166105e-01
   3.1060095e-01
   2.8966915e-01
   2.8156650e-01
   2.8629304e-01
   3.0317352e-01
   3.2748143e-01
   3.5449021e-01
   3.7947333e-01
   3.9567860e-01
   3.9972991e-01
   3.9230249e-01
   3.7339635e-01
   3.4976367e-01
   3.2478056e-01
   3.0384875e-01
   2.8899392e-01
   2.8291694e-01
   2.8426737e-01
   2.9304523e-01
   3.0587441e-01
   3.2207968e-01
   3.3963539e-01
   3.5854152e-01
   3.7474680e-01
   3.8892640e-01
   3.9905469e-01
   4.0445645e-01
   4.0513166e-01
   4.0243080e-01
   3.9702904e-01
   3.8892638e-01
   3.7947333e-01
   3.6934503e-01
   3.5719109e-01
   3.4301148e-01
   3.2815665e-01
   3.1397705e-01
   3.0317352e-01
   2.9642134e-01
   2.9709655e-01
   3.0182308e-01
   3.1195139e-01
   3.2275490e-01
   3.3355841e-01
   3.4233625e-01
   3.4976368e-01
   3.5719109e-01
   3.6664416e-01
   3.7879811e-01
   3.9365293e-01
   4.1053342e-01
   4.2538824e-01
   4.3484133e-01
   4.3686697e-01
   4.3011479e-01
   4.1390951e-01
