   0.0000000e+00
   1.0547786e-01
   2.5815851e-01
   4.2890442e-01
   5.8508157e-01
   7.0104894e-01
   7.6282051e-01
   7.6981351e-01
   7.3193472e-01
   6.6841490e-01
   5.9790209e-01
   5.3962703e-01
   5.0291376e-01
   4.9125873e-01
   5.0174824e-01
   5.2913752e-01
   5.6351980e-01
   5.9965034e-01
   6.3170161e-01
   6.5675990e-01
   6.7365967e-01
   6.8240092e-01
   6.8473193e-01
   6.8181817e-01
   6.7482516e-01
   6.6608390e-01
   6.5559439e-01
   6.4568763e-01
   6.3578089e-01
   6.2529137e-01
   6.1421911e-01
   6.0431235e-01
   5.9498833e-01
   5.8741258e-01
   5.8508157e-01
   5.8857808e-01
   5.9906759e-01
   6.1538461e-01
   6.3519813e-01
   6.5559439e-01
   6.7249416e-01
   6.8298368e-01
   6.8531468e-01
   6.7773892e-01
   6.6142190e-01
   6.3869464e-01
   6.1072261e-01
   5.8275057e-01
   5.5827504e-01
   5.4020978e-01
   5.3321677e-01
   5.3787878e-01
   5.5477855e-01
   5.8275057e-01
   6.1596736e-01
   6.5034963e-01
   6.7832167e-01
   6.9813519e-01
   7.0512820e-01
   7.0163170e-01
   6.8939393e-01
   6.7307692e-01
   6.5675989e-01
   6.4393938e-01
   6.3752914e-01
   6.3752912e-01
   6.4277388e-01
   6.5209789e-01
   6.6258741e-01
   6.7365966e-01
   6.8123543e-01
   6.8531468e-01
   6.8356643e-01
   6.7890442e-01
   6.7074591e-01
   6.6200465e-01
   6.5559439e-01
   6.5442889e-01
   6.5967365e-01
   6.7074591e-01
   6.8764568e-01
   7.0571095e-01
   7.2202795e-01
   7.3484847e-01
   7.4009323e-01
   7.3892772e-01
   7.3076922e-01
   7.1678320e-01
   6.9871794e-01
   6.7832167e-01
   6.5792539e-01
   6.3869462e-01
   6.2470862e-01
   6.1655011e-01
   6.1713286e-01
   6.2587412e-01
   6.4219113e-01
   6.6258740e-01
   6.8298367e-01
   6.9871794e-01
   7.0745920e-01
   7.0629370e-01
   6.9696969e-01
   6.7890442e-01
   6.5559439e-01
   6.3053611e-01
   6.0547784e-01
   5.8391607e-01
   5.6759907e-01
   5.5944056e-01
   5.6002331e-01
   5.7167831e-01
   5.9382283e-01
   6.2412587e-01
   6.5792539e-01
   6.9172494e-01
   7.2027970e-01
   7.3951048e-01
   7.4766899e-01
   7.4475523e-01
   7.3193472e-01
   7.1328671e-01
   6.9114219e-01
   6.7016316e-01
   6.5209789e-01
   6.3927739e-01
   6.3286713e-01
   6.3286713e-01
   6.4044289e-01
   6.5384614e-01
   6.7191141e-01
   6.9289044e-01
   7.1386946e-01
   7.3076922e-01
   7.4242423e-01
   7.4766899e-01
   7.4766898e-01
   7.4300699e-01
   7.3717947e-01
   7.3076922e-01
   7.2610723e-01
   7.2435896e-01
   7.2377621e-01
   7.2668998e-01
   7.3135197e-01
   7.3834498e-01
   7.4650349e-01
   7.5641025e-01
   7.6689976e-01
   7.7622377e-01
   7.8438228e-01
   7.9020979e-01
   7.9312354e-01
   7.9428903e-01
   7.9428903e-01
   7.9254079e-01
   7.9020979e-01
   7.8671328e-01
   7.8088578e-01
   7.7272727e-01
   7.6340325e-01
   7.5349649e-01
   7.4475523e-01
   7.3951048e-01
   7.3659673e-01
   7.3717948e-01
   7.4067598e-01
   7.4533798e-01
   7.4999999e-01
   7.5466200e-01
   7.5815850e-01
   7.6165501e-01
   7.6515151e-01
   7.6864802e-01
   7.6981351e-01
   7.6806526e-01
   7.6107225e-01
   7.4825174e-01
   7.2960372e-01
   7.0571095e-01
   6.8006992e-01
   6.5326339e-01
   6.2878787e-01
   6.0839160e-01
   5.9265733e-01
   5.8333332e-01
   5.8216782e-01
   5.9032633e-01
   6.0955710e-01
   6.3869462e-01
   6.7773892e-01
   7.2319346e-01
   7.7039626e-01
   8.1351980e-01
   8.4848484e-01
   8.6888110e-01
   8.7470861e-01
   8.6363636e-01
   8.3799533e-01
   8.0186479e-01
   7.5990675e-01
   7.1678322e-01
   6.7832167e-01
   6.4976689e-01
   6.3344988e-01
   6.3170161e-01
   6.4335663e-01
   6.6433565e-01
   6.9172494e-01
   7.1736595e-01
   7.3659673e-01
   7.4650348e-01
   7.4475524e-01
   7.3193472e-01
   7.1095571e-01
   6.8589743e-01
   6.5850815e-01
   6.3170161e-01
   6.0722610e-01
   5.8682983e-01
   5.7109556e-01
   5.6060606e-01
   5.5594405e-01
   5.5944056e-01
   5.7051281e-01
   5.8916083e-01
   6.1480185e-01
   6.4452213e-01
   6.7657341e-01
   7.0745920e-01
   7.3426572e-01
   7.5349650e-01
   7.6456875e-01
   7.6398600e-01
   7.5174824e-01
   7.2785546e-01
   6.9522143e-01
   6.5792540e-01
   6.2062937e-01
   5.8974358e-01
   5.7109556e-01
   5.6643355e-01
   5.7634032e-01
   5.9906759e-01
   6.3111886e-01
   6.6666666e-01
   7.0221445e-01
   7.3426572e-01
   7.6048950e-01
   7.8088578e-01
   7.9603728e-01
   8.0361304e-01
   8.0477854e-01
   8.0069929e-01
   7.9137529e-01
   7.7797202e-01
   7.6282050e-01
   7.4825174e-01
   7.3484847e-01
   7.2494171e-01
   7.1969697e-01
   7.1794872e-01
   7.1911420e-01
   7.2377621e-01
   7.3135197e-01
   7.4184148e-01
   7.5291375e-01
   7.6398601e-01
   7.7272727e-01
   7.7738927e-01
   7.7622377e-01
   7.6748251e-01
   7.5291375e-01
   7.3310022e-01
   7.1153844e-01
   6.9230768e-01
   6.7657341e-01
   6.6783216e-01
   6.6608390e-01
   6.7307692e-01
   6.8706293e-01
   7.0862471e-01
   7.3484847e-01
   7.6398600e-01
   7.9312354e-01
   8.1993006e-01
   8.4032633e-01
   8.5023310e-01
   8.4906759e-01
   8.3624708e-01
   8.1526805e-01
   7.8671328e-01
   7.5641025e-01
   7.2668998e-01
   7.0104894e-01
   6.8065267e-01
   6.6608390e-01
   6.5967365e-01
   6.5909090e-01
   6.6433566e-01
   6.7424241e-01
   6.8648018e-01
   6.9930069e-01
   7.0745920e-01
   7.1037294e-01
   7.0687645e-01
   6.9755244e-01
   6.8356643e-01
   6.6899766e-01
   6.5617714e-01
   6.4685313e-01
   6.4219113e-01
   6.4335663e-01
   6.4685313e-01
   6.5442889e-01
   6.6258740e-01
   6.7132867e-01
   6.8065267e-01
   6.9055944e-01
   7.0046619e-01
   7.0862469e-01
   7.1503495e-01
   7.1911422e-01
   7.2144520e-01
   7.2144521e-01
   7.1969695e-01
   7.1794870e-01
   7.1620047e-01
   7.1270396e-01
   7.0804196e-01
   7.0104895e-01
   6.9172494e-01
   6.8065268e-01
   6.6841491e-01
   6.5617714e-01
   6.4510488e-01
   6.3694637e-01
   6.3111888e-01
   6.2820512e-01
   6.2937062e-01
   6.3344986e-01
   6.4277388e-01
   6.5617715e-01
   6.7249416e-01
   6.8939393e-01
   7.0571095e-01
   7.1561770e-01
   7.1794870e-01
   7.1037294e-01
   6.9347318e-01
   6.6958041e-01
   6.4102562e-01
   6.1188810e-01
   5.8624708e-01
   5.6526805e-01
   5.5186480e-01
   5.4545454e-01
   5.4662004e-01
   5.5594406e-01
   5.7226106e-01
   5.9557109e-01
   6.2470862e-01
   6.5559440e-01
   6.8706293e-01
   7.1445221e-01
   7.3484848e-01
   7.4708623e-01
   7.4941724e-01
   7.4242423e-01
   7.2610721e-01
   7.0337995e-01
   6.7657342e-01
   6.4743588e-01
   6.2004662e-01
   5.9790209e-01
   5.8391608e-01
   5.8100232e-01
   5.9032633e-01
   6.1072261e-01
   6.3927737e-01
   6.7191141e-01
   7.0337993e-01
   7.2902096e-01
   7.4708623e-01
   7.5524474e-01
   7.5407924e-01
   7.4475524e-01
   7.3135196e-01
   7.1445221e-01
   6.9755244e-01
   6.8123543e-01
   6.6783216e-01
   6.5850814e-01
   6.5384614e-01
   6.5501164e-01
   6.6142190e-01
   6.7191142e-01
   6.8414918e-01
   6.9696969e-01
   7.0804195e-01
   7.1853147e-01
   7.2727272e-01
   7.3601398e-01
   7.4417249e-01
   7.5349649e-01
   7.6048950e-01
   7.6515151e-01
   7.6573425e-01
   7.6107226e-01
   7.5174824e-01
   7.3834497e-01
   7.2319346e-01
   7.0920746e-01
   6.9813519e-01
   6.9230769e-01
   6.9172494e-01
   6.9755244e-01
   7.0979019e-01
   7.2843821e-01
   7.5291375e-01
   7.8088578e-01
   8.1118880e-01
   8.3974358e-01
   8.6305361e-01
   8.7820513e-01
   8.8228437e-01
   8.7587411e-01
   8.5897435e-01
   8.3449883e-01
   8.0652679e-01
   7.7622377e-01
   7.4766899e-01
   7.2261071e-01
   7.0221445e-01
   6.8822843e-01
   6.8006992e-01
   6.7832167e-01
   6.8006992e-01
   6.8414918e-01
   6.8648017e-01
   6.8414918e-01
   6.7424242e-01
   6.5559440e-01
   6.2937063e-01
   5.9615384e-01
   5.6177156e-01
   5.3030302e-01
   5.0407924e-01
   4.8543124e-01
   4.7610722e-01
   4.7610722e-01
   4.8310023e-01
   4.9650348e-01
   5.1631700e-01
   5.3787878e-01
   5.6060606e-01
   5.8216782e-01
   5.9906759e-01
   6.1072260e-01
   6.1480186e-01
   6.1188811e-01
   6.0431234e-01
   5.9207458e-01
   5.7925407e-01
   5.6526805e-01
   5.5244753e-01
   5.4137529e-01
   5.3146853e-01
   5.2272726e-01
   5.1631700e-01
   5.1282051e-01
   5.1282050e-01
   5.1689976e-01
   5.2622377e-01
   5.3846153e-01
   5.5303030e-01
   5.6876455e-01
   5.8508157e-01
   5.9965034e-01
   6.1305361e-01
   6.2354312e-01
   6.2995338e-01
   6.3111888e-01
   6.2529137e-01
   6.1305360e-01
   5.9557108e-01
   5.7459206e-01
   5.5419580e-01
   5.3613053e-01
   5.2505827e-01
   5.2039626e-01
   5.2214451e-01
   5.2855477e-01
   5.3787878e-01
   5.4778554e-01
   5.5769229e-01
   5.6643355e-01
   5.7342656e-01
   5.7867132e-01
   5.8216782e-01
   5.8333332e-01
   5.8158507e-01
   5.7692306e-01
   5.6876455e-01
   5.5885781e-01
   5.4895104e-01
   5.4079254e-01
   5.3379953e-01
   5.3088577e-01
   5.3205127e-01
   5.3787878e-01
   5.4836829e-01
   5.6351980e-01
   5.8391607e-01
   6.0722610e-01
   6.3170163e-01
   6.5326339e-01
   6.6958041e-01
   6.7657342e-01
   6.7307691e-01
   6.6025639e-01
   6.3869462e-01
   6.1305361e-01
   5.8682983e-01
   5.6468530e-01
   5.4895104e-01
   5.4195803e-01
   5.4545454e-01
   5.5944054e-01
   5.8391607e-01
   6.1829836e-01
   6.5909089e-01
   7.0396270e-01
   7.4766899e-01
   7.8671329e-01
   8.1643356e-01
   8.3333332e-01
   8.3857808e-01
   8.3158507e-01
   8.1818180e-01
   8.0069929e-01
   7.8496503e-01
   7.7447552e-01
   7.6981351e-01
   7.7389277e-01
   7.8496503e-01
   8.0361304e-01
   8.2750582e-01
   8.5431235e-01
   8.8286712e-01
   9.1025640e-01
   9.3473193e-01
   9.5279719e-01
   9.6445220e-01
   9.6853145e-01
   9.6678321e-01
   9.5920745e-01
   9.4755243e-01
   9.3414916e-01
   9.1899766e-01
   9.0384615e-01
   8.9044288e-01
   8.8111887e-01
   8.7587411e-01
   8.7820513e-01
   8.8636362e-01
   9.0093239e-01
   9.1899766e-01
   9.3881117e-01
   9.5571096e-01
   9.6736595e-01
   9.7261071e-01
   9.7202796e-01
   9.6503495e-01
   9.5454544e-01
   9.4172492e-01
   9.2715617e-01
   9.1025641e-01
   8.9277388e-01
   8.7412586e-01
   8.5547785e-01
   8.3741258e-01
   8.2109556e-01
   8.0769229e-01
   7.9895103e-01
   7.9428903e-01
   7.9254079e-01
   7.9370628e-01
   7.9662003e-01
   8.0128204e-01
   8.0827505e-01
   8.1526805e-01
   8.2342656e-01
   8.2983682e-01
   8.3333332e-01
   8.3333332e-01
   8.2634032e-01
   8.1526806e-01
   7.9836828e-01
   7.7855477e-01
   7.5699300e-01
   7.3601398e-01
   7.1736595e-01
   7.0337995e-01
   6.9638694e-01
   6.9696969e-01
   7.0804195e-01
   7.2902096e-01
   7.5932400e-01
   7.9487178e-01
   8.3216783e-01
   8.6421911e-01
   8.8636363e-01
   8.9393939e-01
   8.8636363e-01
   8.6480186e-01
   8.3333333e-01
   7.9720278e-01
   7.6282050e-01
   7.3484847e-01
   7.1794870e-01
   7.1328671e-01
   7.2202796e-01
   7.4242423e-01
   7.7156177e-01
   8.0652679e-01
   8.4090908e-01
   8.7179487e-01
   8.9277388e-01
   9.0384614e-01
   9.0034964e-01
   8.8636362e-01
   8.6363636e-01
   8.3566432e-01
   8.0652680e-01
   7.8030303e-01
   7.5815850e-01
   7.4184148e-01
   7.3193472e-01
   7.2727272e-01
   7.2785546e-01
   7.3426572e-01
   7.4533798e-01
   7.6048950e-01
   7.7855478e-01
   7.9662003e-01
   8.1351980e-01
   8.2692307e-01
   8.3566433e-01
   8.3857808e-01
   8.3508158e-01
   8.2692307e-01
   8.1468530e-01
   7.9953380e-01
   7.8205126e-01
   7.6631701e-01
   7.5291374e-01
   7.4417249e-01
   7.3951048e-01
   7.4067598e-01
   7.4475523e-01
   7.4941724e-01
   7.5058274e-01
   7.4592074e-01
   7.3368297e-01
   7.1386946e-01
   6.8706293e-01
   6.5617714e-01
   6.2412587e-01
   5.9265733e-01
   5.6526805e-01
   5.4079253e-01
   5.2214451e-01
   5.0874125e-01
   5.0291374e-01
   5.0407924e-01
   5.1340326e-01
   5.2972027e-01
   5.5128205e-01
   5.7459206e-01
   5.9557109e-01
   6.1247085e-01
   6.2237761e-01
   6.2529137e-01
   6.2296036e-01
   6.1888111e-01
   6.1363636e-01
   6.0955710e-01
   6.0955710e-01
   6.1188810e-01
   6.1771561e-01
   6.2587412e-01
   6.3636362e-01
   6.4801865e-01
   6.6142190e-01
   6.7365966e-01
   6.8531468e-01
   6.9522144e-01
   7.0337995e-01
   7.0920744e-01
   7.1445221e-01
   7.1853145e-01
   7.2261071e-01
   7.2610723e-01
   7.2785546e-01
   7.2668996e-01
   7.2086245e-01
   7.1153846e-01
   6.9871794e-01
   6.8414917e-01
   6.7016316e-01
   6.5850815e-01
   6.5093239e-01
   6.4801865e-01
   6.4976689e-01
   6.5442889e-01
   6.6375291e-01
   6.7715617e-01
   6.9522144e-01
   7.1620047e-01
   7.3951047e-01
   7.6340325e-01
   7.8438228e-01
   7.9953380e-01
   8.0652679e-01
   8.0419579e-01
   7.9370628e-01
   7.7622377e-01
   7.5582750e-01
   7.3310022e-01
   7.1270396e-01
   6.9696969e-01
   6.8648018e-01
   6.8356643e-01
   6.8939393e-01
   7.0396270e-01
   7.2727272e-01
   7.5699299e-01
   7.9137527e-01
   8.2575757e-01
   8.5664335e-01
   8.7937062e-01
   8.9219113e-01
   8.9277389e-01
   8.8111887e-01
   8.5897435e-01
   8.2692306e-01
   7.8904429e-01
   7.4766899e-01
   7.0862469e-01
   6.7599067e-01
   6.5501165e-01
   6.4743590e-01
   6.5559440e-01
   6.7715617e-01
   7.0920746e-01
   7.4417248e-01
   7.7564102e-01
   7.9895103e-01
   8.0885780e-01
   8.0652679e-01
   7.9254077e-01
   7.7097902e-01
   7.4650349e-01
   7.2319346e-01
   7.0396270e-01
   6.9055943e-01
   6.8473192e-01
   6.8356643e-01
   6.8881118e-01
   6.9696969e-01
   7.0687645e-01
   7.1736595e-01
   7.2668996e-01
   7.3426572e-01
   7.3834497e-01
   7.4184148e-01
   7.4533799e-01
   7.5058274e-01
   7.5874125e-01
   7.6864801e-01
   7.8030302e-01
   7.9079254e-01
   7.9720278e-01
   7.9895105e-01
   7.9370628e-01
   7.8379953e-01
   7.7039626e-01
   7.5641025e-01
   7.4475523e-01
   7.3601397e-01
   7.3251747e-01
   7.3543122e-01
   7.4417248e-01
   7.5757575e-01
   7.7564102e-01
   7.9603728e-01
   8.1585080e-01
   8.3158507e-01
   8.4032633e-01
   8.4032634e-01
   8.2983682e-01
   8.1002330e-01
   7.8321678e-01
   7.5582750e-01
   7.3018647e-01
   7.1037296e-01
   6.9930069e-01
   6.9755244e-01
   7.0512820e-01
   7.2086247e-01
   7.4417249e-01
   7.7156176e-01
   8.0186479e-01
   8.3041957e-01
   8.5314685e-01
   8.6713287e-01
   8.7062935e-01
   8.6247086e-01
   8.4265734e-01
   8.1526805e-01
   7.8438228e-01
   7.5641025e-01
   7.3310022e-01
   7.1911422e-01
   7.1503495e-01
   7.2144521e-01
   7.3601397e-01
   7.5757575e-01
   7.8379953e-01
   8.1118880e-01
   8.3741258e-01
   8.5780885e-01
   8.7004662e-01
   8.7121212e-01
   8.6130536e-01
   8.4032633e-01
   8.1293705e-01
   7.8205126e-01
   7.5349649e-01
   7.3076921e-01
   7.1736595e-01
   7.1445221e-01
   7.2144521e-01
   7.3659673e-01
   7.5815850e-01
   7.8263403e-01
   8.0594404e-01
   8.2459207e-01
   8.3624708e-01
   8.3799533e-01
   8.2808857e-01
   8.0885780e-01
   7.8263403e-01
   7.5349650e-01
   7.2668996e-01
   7.0512820e-01
   6.9172493e-01
   6.8764568e-01
   6.9055943e-01
   7.0046619e-01
   7.1270396e-01
   7.2727272e-01
   7.4184148e-01
   7.5641025e-01
   7.6923076e-01
   7.8146851e-01
   7.9020979e-01
   7.9662003e-01
   8.0011654e-01
   8.0069929e-01
   7.9895105e-01
   7.9836828e-01
   7.9953378e-01
   8.0361304e-01
   8.1060605e-01
   8.2051281e-01
   8.2925407e-01
   8.3741258e-01
   8.4207459e-01
   8.4207458e-01
   8.3682983e-01
   8.2750582e-01
   8.1410255e-01
   7.9720278e-01
   7.7855477e-01
   7.6107225e-01
   7.4650348e-01
   7.3717947e-01
   7.3776222e-01
   7.4708623e-01
   7.6456875e-01
   7.8904427e-01
   8.1701630e-01
   8.4207459e-01
   8.6188809e-01
   8.7121212e-01
   8.7062935e-01
   8.5897436e-01
   8.3857808e-01
   8.1177155e-01
   7.8146853e-01
   7.5116549e-01
   7.2494171e-01
   7.0512820e-01
   6.9522144e-01
   6.9580419e-01
   7.0862469e-01
   7.3018647e-01
   7.5699300e-01
   7.8321676e-01
   8.0419579e-01
   8.1585080e-01
   8.1701630e-01
   8.0594404e-01
   7.8671328e-01
   7.6165500e-01
   7.3659673e-01
   7.1386946e-01
   6.9755244e-01
   6.8939393e-01
   6.8881118e-01
   6.9696969e-01
   7.1095569e-01
   7.2960371e-01
   7.4883449e-01
   7.6515151e-01
   7.7505825e-01
   7.7622377e-01
   7.6748251e-01
   7.5174824e-01
   7.3018647e-01
   7.0804195e-01
   6.8881118e-01
   6.7540792e-01
   6.6899766e-01
   6.6783216e-01
   6.7132866e-01
   6.7657342e-01
   6.8181817e-01
   6.8531468e-01
   6.8589743e-01
   6.8414918e-01
   6.8065267e-01
   6.7599067e-01
   6.7132867e-01
   6.6841491e-01
   6.6899765e-01
   6.7482517e-01
   6.8589742e-01
   7.0221445e-01
   7.2261071e-01
   7.4358973e-01
   7.6282050e-01
   7.7564102e-01
   7.8146853e-01
   7.7855477e-01
   7.6923076e-01
   7.5699300e-01
   7.4358973e-01
   7.3310022e-01
   7.2785547e-01
   7.2843822e-01
   7.3543122e-01
   7.4708624e-01
   7.6398601e-01
   7.8321676e-01
   8.0244753e-01
   8.1993006e-01
   8.3158508e-01
   8.3508158e-01
   8.2867132e-01
   8.1177155e-01
   7.8729603e-01
   7.5699300e-01
   7.2727271e-01
   7.0279720e-01
   6.8764568e-01
   6.8473193e-01
   6.9347319e-01
   7.1445221e-01
   7.4475523e-01
   7.8263401e-01
   8.2284382e-01
   8.6363636e-01
   8.9918414e-01
   9.2657342e-01
   9.4172494e-01
   9.4347319e-01
   9.3123543e-01
   9.0617715e-01
   8.7237762e-01
   8.3216782e-01
   7.9195804e-01
   7.5466199e-01
   7.2261070e-01
   6.9696969e-01
   6.7890442e-01
   6.6783216e-01
   6.6491841e-01
   6.6899766e-01
   6.8006992e-01
   6.9580419e-01
   7.1445221e-01
   7.3310022e-01
   7.4825174e-01
   7.5757575e-01
   7.6048950e-01
   7.5641025e-01
   7.4825174e-01
   7.3717947e-01
   7.2668996e-01
   7.1794872e-01
   7.1445221e-01
   7.1620045e-01
   7.2261071e-01
   7.3310022e-01
   7.4708624e-01
   7.6223775e-01
   7.7738927e-01
   7.8787879e-01
   7.9487178e-01
   7.9428903e-01
   7.8787877e-01
   7.7797203e-01
   7.6748251e-01
   7.5874125e-01
   7.5524475e-01
   7.5932400e-01
   7.6923077e-01
   7.8438228e-01
   8.0244754e-01
   8.1934731e-01
   8.3391607e-01
   8.4440558e-01
   8.4906759e-01
   8.4965034e-01
   8.4557109e-01
   8.3682983e-01
   8.2459206e-01
   8.0944055e-01
   7.9428903e-01
   7.8146853e-01
   7.7272726e-01
   7.7039626e-01
   7.7505825e-01
   7.8379953e-01
   7.9487178e-01
   8.0477854e-01
   8.1060605e-01
   8.1002330e-01
   8.0186479e-01
   7.8846154e-01
   7.7097901e-01
   7.5291374e-01
   7.3601397e-01
   7.2319346e-01
   7.1561770e-01
   7.1620045e-01
   7.2377621e-01
   7.3834498e-01
   7.5815849e-01
   7.7913753e-01
   7.9836828e-01
   8.1002330e-01
   8.1293705e-01
   8.0477856e-01
   7.8671328e-01
   7.6223775e-01
   7.3543122e-01
   7.1037296e-01
   6.9172493e-01
   6.8123543e-01
   6.7948717e-01
   6.8531468e-01
   6.9813519e-01
   7.1561770e-01
   7.3601397e-01
   7.5757575e-01
   7.7738927e-01
   7.9370627e-01
   8.0477854e-01
   8.0885780e-01
   8.0536131e-01
   7.9487178e-01
   7.7913752e-01
   7.5874125e-01
   7.3659673e-01
   7.1445221e-01
   6.9347319e-01
   6.7365966e-01
   6.5734265e-01
   6.4452215e-01
   6.3636362e-01
   6.3403263e-01
   6.3811187e-01
   6.4860138e-01
   6.6317015e-01
   6.8123542e-01
   6.9871794e-01
   7.1386946e-01
   7.2494171e-01
   7.3076922e-01
   7.3251747e-01
   7.3018647e-01
   7.2435896e-01
   7.1561770e-01
   7.0512820e-01
   6.9230769e-01
   6.7890442e-01
   6.6550116e-01
   6.5384614e-01
   6.4510488e-01
   6.3986014e-01
   6.3869464e-01
   6.4102564e-01
   6.4510488e-01
   6.5209789e-01
   6.6025640e-01
   6.7016316e-01
   6.8356642e-01
   6.9871795e-01
   7.1503495e-01
   7.3076922e-01
   7.4242423e-01
   7.4825174e-01
   7.4592074e-01
   7.3484848e-01
   7.1794872e-01
   6.9580419e-01
   6.7482517e-01
   6.5617714e-01
   6.4277388e-01
   6.3752912e-01
   6.3927739e-01
   6.4860138e-01
   6.6433566e-01
   6.8473192e-01
   7.0745920e-01
   7.3018647e-01
   7.4883449e-01
   7.6107225e-01
   7.6398600e-01
   7.5699299e-01
   7.3951048e-01
   7.1386946e-01
   6.8414917e-01
   6.5326339e-01
   6.2529137e-01
   6.0256410e-01
   5.8682983e-01
   5.8100232e-01
   5.8391607e-01
   5.9557108e-01
   6.1596736e-01
   6.4160839e-01
   6.7132866e-01
   7.0046619e-01
   7.2435898e-01
   7.4067598e-01
   7.4592074e-01
   7.4067598e-01
   7.2610721e-01
   7.0512820e-01
   6.8181818e-01
   6.5967364e-01
   6.4219113e-01
   6.2937063e-01
   6.2470862e-01
   6.2703962e-01
   6.3519813e-01
   6.4976689e-01
   6.6724940e-01
   6.8589742e-01
   7.0221444e-01
   7.1386946e-01
   7.1911420e-01
   7.1561770e-01
   7.0629371e-01
   6.9114218e-01
   6.7599066e-01
   6.6317015e-01
   6.5501164e-01
   6.5384614e-01
   6.5850815e-01
   6.6841491e-01
   6.8065268e-01
   6.9405594e-01
   7.0687645e-01
   7.1794870e-01
   7.2610723e-01
   7.3076922e-01
   7.3251747e-01
   7.3076922e-01
   7.2727272e-01
   7.2377621e-01
   7.2144521e-01
   7.2086245e-01
   7.2319346e-01
   7.2668998e-01
   7.2668996e-01
   7.2261071e-01
   7.0979019e-01
   6.8648018e-01
   6.5384614e-01
   6.1480186e-01
   5.7284381e-01
   5.3263402e-01
   4.9825174e-01
   4.7202797e-01
   4.5512819e-01
   4.4755244e-01
   4.4930070e-01
   4.5862470e-01
   4.7494172e-01
   4.9592073e-01
   5.2156176e-01
   5.4836830e-01
   5.7459206e-01
   5.9848484e-01
   6.1829837e-01
   6.3228438e-01
   6.4160839e-01
   6.4568765e-01
   6.4627038e-01
   6.4568763e-01
   6.4335663e-01
   6.4160839e-01
   6.4102564e-01
   6.4277388e-01
   6.4801863e-01
   6.5734265e-01
   6.7132866e-01
   6.8881118e-01
   7.0804195e-01
   7.2610721e-01
   7.3834498e-01
   7.4358973e-01
   7.3892773e-01
   7.2610721e-01
   7.0512820e-01
   6.7773892e-01
   6.4860139e-01
   6.1829836e-01
   5.9090908e-01
   5.6876455e-01
   5.5477855e-01
   5.5011655e-01
   5.5594405e-01
   5.7284381e-01
   5.9790209e-01
   6.2703963e-01
   6.5617714e-01
   6.7948717e-01
   6.9289043e-01
   6.9522144e-01
   6.8764568e-01
   6.7191142e-01
   6.5326339e-01
   6.3519813e-01
   6.2004661e-01
   6.1072260e-01
   6.0780885e-01
   6.1072260e-01
   6.1771561e-01
   6.2762238e-01
   6.3869464e-01
   6.4860138e-01
   6.5617714e-01
   6.5850814e-01
   6.5734264e-01
   6.5151514e-01
   6.4335663e-01
   6.3578088e-01
   6.3111888e-01
   6.3286713e-01
   6.4044289e-01
   6.5559440e-01
   6.7540791e-01
   6.9813519e-01
   7.2027970e-01
   7.4067598e-01
   7.5699300e-01
   7.6923076e-01
   7.7622377e-01
   7.7738927e-01
   7.7272727e-01
   7.6398601e-01
   7.5233099e-01
   7.3951048e-01
   7.2960372e-01
   7.2494171e-01
   7.2727272e-01
   7.3834498e-01
   7.5524474e-01
   7.7564102e-01
   7.9545453e-01
   8.1060605e-01
   8.1876456e-01
   8.1876456e-01
   8.1235430e-01
   8.0011654e-01
   7.8438228e-01
   7.6864802e-01
   7.5407925e-01
   7.4358973e-01
   7.3951048e-01
   7.4300698e-01
   7.5407924e-01
   7.7156176e-01
   7.9370628e-01
   8.1759906e-01
   8.3741258e-01
   8.5023309e-01
   8.5256410e-01
   8.4382283e-01
   8.2517481e-01
   7.9953380e-01
   7.7039627e-01
   7.4300698e-01
   7.2086247e-01
   7.0687645e-01
   7.0279720e-01
   7.0804195e-01
   7.2202796e-01
   7.4358973e-01
   7.6806526e-01
   7.9254079e-01
   8.1118880e-01
   8.2109556e-01
   8.1818181e-01
   8.0361304e-01
   7.7797202e-01
   7.4650348e-01
   7.1270396e-01
   6.8414918e-01
   6.6317015e-01
   6.5384614e-01
   6.5617714e-01
   6.6841491e-01
   6.8822843e-01
   7.1270396e-01
   7.3776222e-01
   7.6107225e-01
   7.7855478e-01
   7.8846152e-01
   7.8904427e-01
   7.7913753e-01
   7.6165500e-01
   7.3892773e-01
   7.1503495e-01
   6.9289043e-01
   6.7773892e-01
   6.7074591e-01
   6.7307691e-01
   6.8298367e-01
   6.9755244e-01
   7.1561770e-01
   7.3310022e-01
   7.4941724e-01
   7.6223775e-01
   7.7039626e-01
   7.7389277e-01
   7.7272727e-01
   7.6631701e-01
   7.5524474e-01
   7.4358973e-01
   7.3193472e-01
   7.2494171e-01
   7.2319346e-01
   7.2843821e-01
   7.3951048e-01
   7.5407924e-01
   7.6923076e-01
   7.8088578e-01
   7.8729603e-01
   7.8613053e-01
   7.7797202e-01
   7.6340326e-01
   7.4242423e-01
   7.1736595e-01
   6.9055943e-01
   6.6375290e-01
   6.4044289e-01
   6.2354312e-01
   6.1655011e-01
   6.2062936e-01
   6.3694639e-01
   6.6317016e-01
   6.9580419e-01
   7.3076922e-01
   7.6340325e-01
   7.8846152e-01
   8.0419579e-01
   8.0944055e-01
   8.0361304e-01
   7.8787877e-01
   7.6515151e-01
   7.3834498e-01
   7.0920744e-01
   6.8356642e-01
   6.6375290e-01
   6.5151514e-01
   6.5093239e-01
   6.5850815e-01
   6.7307691e-01
   6.9114218e-01
   7.0804196e-01
   7.2086245e-01
   7.2668996e-01
   7.2552448e-01
   7.1736595e-01
   7.0512820e-01
   6.8939393e-01
   6.7249416e-01
   6.5559439e-01
   6.3927737e-01
   6.2587412e-01
   6.1655011e-01
   6.1363636e-01
   6.1829836e-01
   6.2995336e-01
   6.4801863e-01
   6.7016316e-01
   6.9405593e-01
   7.1445221e-01
   7.3076922e-01
   7.4125873e-01
   7.4533798e-01
   7.4358973e-01
   7.3776222e-01
   7.2843822e-01
   7.1678320e-01
   7.0396270e-01
   6.9114218e-01
   6.7832167e-01
   6.6608391e-01
   6.5617714e-01
   6.4685315e-01
   6.3927737e-01
   6.3228438e-01
   6.2529137e-01
   6.1888112e-01
   6.1363635e-01
   6.1072261e-01
   6.1130536e-01
   6.1538461e-01
   6.2354312e-01
   6.3344986e-01
   6.4277388e-01
   6.4860139e-01
   6.5034964e-01
   6.4627038e-01
   6.3869464e-01
   6.2820512e-01
   6.1829836e-01
   6.0839160e-01
   6.0023309e-01
   5.9498834e-01
   5.9265734e-01
   5.9324009e-01
   5.9848484e-01
   6.0839160e-01
   6.2354312e-01
   6.4393938e-01
   6.6666666e-01
   6.9055944e-01
   7.1212119e-01
   7.2843822e-01
   7.3892773e-01
   7.4242424e-01
   7.3951048e-01
   7.3135197e-01
   7.1911420e-01
   7.0571095e-01
   6.9055943e-01
   6.7657342e-01
   6.6433566e-01
   6.5734264e-01
   6.5734264e-01
   6.6433565e-01
   6.7890442e-01
   6.9988344e-01
   7.2319346e-01
   7.4592073e-01
   7.6340326e-01
   7.7389277e-01
   7.7564102e-01
   7.6923076e-01
   7.5582749e-01
   7.3717947e-01
   7.1736597e-01
   6.9696969e-01
   6.8065267e-01
   6.6958041e-01
   6.6433566e-01
   6.6608390e-01
   6.7365967e-01
   6.8473193e-01
   6.9696969e-01
   7.0571095e-01
   7.0920744e-01
   7.0629371e-01
   6.9755244e-01
   6.8473193e-01
   6.7074591e-01
   6.5909090e-01
   6.5034964e-01
   6.4510490e-01
   6.4219113e-01
   6.4044289e-01
   6.3752914e-01
   6.3344988e-01
   6.2762237e-01
   6.2179487e-01
   6.1655011e-01
   6.1363636e-01
   6.1247085e-01
   6.1480186e-01
   6.1946386e-01
   6.2645687e-01
   6.3694637e-01
   6.5034964e-01
   6.6666665e-01
   6.8531468e-01
   7.0396270e-01
   7.2202796e-01
   7.3484847e-01
   7.4242423e-01
   7.4417248e-01
   7.4009323e-01
   7.3193472e-01
   7.2027972e-01
   7.0804195e-01
   6.9522144e-01
   6.8356643e-01
   6.7365967e-01
   6.6724941e-01
   6.6491841e-01
   6.6841491e-01
   6.7832167e-01
   6.9347318e-01
   7.1153846e-01
   7.3076922e-01
   7.4650349e-01
   7.5815850e-01
   7.6340325e-01
   7.6223775e-01
   7.5524475e-01
   7.4592074e-01
   7.3426572e-01
   7.2202796e-01
   7.1212121e-01
   7.0337995e-01
   6.9755244e-01
   6.9755244e-01
   7.0163170e-01
   7.1212121e-01
   7.2785547e-01
   7.4766898e-01
   7.6806526e-01
   7.8554778e-01
   7.9778555e-01
   8.0244754e-01
   7.9778555e-01
   7.8554778e-01
   7.6515151e-01
   7.3951048e-01
   7.1095571e-01
   6.8240093e-01
   6.5559439e-01
   6.3344988e-01
   6.1829836e-01
   6.1130535e-01
   6.1247086e-01
   6.2121212e-01
   6.3519813e-01
   6.5034964e-01
   6.6433565e-01
   6.7424241e-01
   6.7773892e-01
   6.7599067e-01
   6.6841491e-01
   6.5734265e-01
   6.4277388e-01
   6.2587412e-01
   6.0780885e-01
   5.8916083e-01
   5.7051281e-01
   5.5419580e-01
   5.4312354e-01
   5.3671328e-01
   5.3787878e-01
   5.4428904e-01
   5.5419580e-01
   5.6643355e-01
   5.7692307e-01
   5.8449883e-01
   5.8916083e-01
   5.9090908e-01
   5.9207458e-01
   5.9324008e-01
   5.9673659e-01
   6.0198134e-01
   6.0897435e-01
   6.1655011e-01
   6.2412587e-01
   6.2995336e-01
   6.3344986e-01
   6.3228438e-01
   6.2762237e-01
   6.1655011e-01
   6.0139859e-01
   5.8391607e-01
   5.6701630e-01
   5.5419580e-01
   5.4953380e-01
   5.5477855e-01
   5.7109556e-01
   5.9615383e-01
   6.2529137e-01
   6.5384614e-01
   6.7599066e-01
   6.8939393e-01
   6.9172493e-01
   6.8356642e-01
   6.6783216e-01
   6.4685315e-01
   6.2529137e-01
   6.0606060e-01
   5.9207458e-01
   5.8741257e-01
   5.9149183e-01
   6.0489510e-01
   6.2587412e-01
   6.5034963e-01
   6.7540791e-01
   6.9463869e-01
   7.0571095e-01
   7.0629370e-01
   6.9522144e-01
   6.7540791e-01
   6.4976688e-01
   6.2179487e-01
   5.9498833e-01
   5.7284381e-01
   5.5477855e-01
   5.4428904e-01
   5.3962703e-01
   5.4254079e-01
   5.5244755e-01
   5.6876457e-01
   5.9032633e-01
   6.1480186e-01
   6.3986014e-01
   6.6142190e-01
   6.7773892e-01
   6.8764568e-01
   6.9055943e-01
   6.8764568e-01
   6.8123542e-01
   6.7365966e-01
   6.6608391e-01
   6.6142190e-01
   6.5792539e-01
   6.5734265e-01
   6.5967365e-01
   6.6491840e-01
   6.7191142e-01
   6.8181817e-01
   6.9230768e-01
   7.0279720e-01
   7.1095571e-01
   7.1794872e-01
   7.2202796e-01
   7.2494171e-01
   7.2610721e-01
   7.2727271e-01
   7.2785547e-01
   7.2610721e-01
   7.2261071e-01
   7.1503495e-01
   7.0454545e-01
   6.9114218e-01
   6.7715617e-01
   6.6491841e-01
   6.5501165e-01
   6.4918414e-01
   6.4627040e-01
   6.4568763e-01
   6.4685313e-01
   6.4743588e-01
   6.4918413e-01
   6.5209789e-01
   6.5734264e-01
   6.6491840e-01
   6.7540791e-01
   6.8764568e-01
   6.9988345e-01
   7.1153846e-01
   7.2086247e-01
   7.2435896e-01
   7.2202796e-01
   7.1212121e-01
   6.9230769e-01
   6.6375291e-01
   6.2762237e-01
   5.8624707e-01
   5.4487179e-01
   5.0932400e-01
   4.8484847e-01
   4.7610722e-01
   4.8484849e-01
   5.0932400e-01
   5.4487179e-01
   5.8566432e-01
   6.2470862e-01
   6.5617714e-01
   6.7715616e-01
   6.8648018e-01
   6.8589743e-01
   6.7890442e-01
   6.6841490e-01
   6.6025640e-01
   6.5617714e-01
   6.5850815e-01
   6.6958041e-01
   6.8822843e-01
   7.1270394e-01
   7.4125873e-01
   7.6981351e-01
   7.9370628e-01
   8.1235430e-01
   8.2167831e-01
   8.2167831e-01
   8.1351980e-01
   7.9895105e-01
   7.7972028e-01
   7.5932400e-01
   7.3776222e-01
   7.1678320e-01
   6.9871794e-01
   6.8473193e-01
   6.7599066e-01
   6.7424241e-01
   6.8123543e-01
   6.9580419e-01
   7.1620045e-01
   7.4009323e-01
   7.6398600e-01
   7.8379953e-01
   7.9895105e-01
   8.0652679e-01
   8.0769230e-01
   8.0244754e-01
   7.9195804e-01
   7.7738927e-01
   7.6048950e-01
   7.4125873e-01
   7.2261071e-01
   7.0629370e-01
   6.9463869e-01
   6.8822843e-01
   6.8939393e-01
   6.9638694e-01
   7.0687645e-01
   7.1853145e-01
   7.2843821e-01
   7.3543122e-01
   7.3776222e-01
   7.3717947e-01
   7.3368297e-01
   7.2843822e-01
   7.2319346e-01
   7.1853145e-01
   7.1503495e-01
   7.1153844e-01
   7.1095569e-01
   7.1270396e-01
   7.1794872e-01
   7.2610721e-01
   7.3659672e-01
   7.4941724e-01
   7.6223775e-01
   7.7447552e-01
   7.8671328e-01
   7.9953380e-01
   8.1410255e-01
   8.3041957e-01
   8.4906759e-01
   8.6946387e-01
   8.8869463e-01
   9.0501165e-01
   9.1491840e-01
   9.1666666e-01
   9.1083915e-01
   8.9860139e-01
   8.8111887e-01
   8.6072259e-01
   8.4032633e-01
   8.2167831e-01
   8.0827505e-01
   8.0011653e-01
   7.9953378e-01
   8.0652679e-01
   8.2109556e-01
   8.3974358e-01
   8.6072259e-01
   8.7878786e-01
   8.9044288e-01
   8.9335663e-01
   8.8636363e-01
   8.7062937e-01
   8.4965034e-01
   8.2575757e-01
   8.0186479e-01
   7.8205126e-01
   7.6689976e-01
   7.5757575e-01
   7.5524475e-01
   7.5874125e-01
   7.6864801e-01
   7.8263403e-01
   8.0069929e-01
   8.1876456e-01
   8.3508158e-01
   8.4615384e-01
   8.5256410e-01
   8.5081585e-01
   8.4382284e-01
   8.3158507e-01
   8.1585080e-01
   7.9778553e-01
   7.7913752e-01
   7.5990675e-01
   7.4009323e-01
   7.2086247e-01
   7.0454545e-01
   6.9230768e-01
   6.8589743e-01
   6.8589743e-01
   6.9289044e-01
   7.0512820e-01
   7.2086247e-01
   7.3834497e-01
   7.5582749e-01
   7.7214451e-01
   7.8613053e-01
   7.9778555e-01
   8.0769230e-01
   8.1351981e-01
   8.1468531e-01
   8.1118880e-01
   8.0361304e-01
   7.9254077e-01
   7.8030303e-01
   7.6864801e-01
   7.6107225e-01
   7.5757574e-01
   7.5932400e-01
   7.6573426e-01
   7.7564102e-01
   7.8787877e-01
   8.0069929e-01
   8.1293706e-01
   8.2459206e-01
   8.3508158e-01
   8.4090909e-01
   8.4382284e-01
   8.4090909e-01
   8.3333332e-01
   8.2109556e-01
   8.0594406e-01
   7.8962704e-01
   7.7272726e-01
   7.5757575e-01
   7.4358973e-01
   7.3251747e-01
   7.2435896e-01
   7.2086247e-01
   7.2261071e-01
   7.3193472e-01
   7.4825174e-01
   7.7039626e-01
   7.9545453e-01
   8.1934731e-01
   8.3799533e-01
   8.4790209e-01
   8.4731934e-01
   8.3741258e-01
   8.1934731e-01
   7.9720278e-01
   7.7447552e-01
   7.5407924e-01
   7.3951048e-01
   7.3076921e-01
   7.2902097e-01
   7.3426572e-01
   7.4533798e-01
   7.6107225e-01
   7.7913752e-01
   7.9720278e-01
   8.1177155e-01
   8.2051281e-01
   8.2109556e-01
   8.1351980e-01
   7.9953380e-01
   7.7972028e-01
   7.5815850e-01
   7.3543122e-01
   7.1503495e-01
   6.9755244e-01
   6.8473193e-01
   6.7832167e-01
   6.7832167e-01
   6.8531468e-01
   6.9871794e-01
   7.1678320e-01
   7.3659673e-01
   7.5524474e-01
   7.6806526e-01
   7.7447552e-01
   7.7331002e-01
   7.6631701e-01
   7.5524475e-01
   7.4475523e-01
   7.3659672e-01
   7.3368297e-01
   7.3484847e-01
   7.4009323e-01
   7.4766898e-01
   7.5466200e-01
   7.6048950e-01
   7.6456876e-01
   7.6515151e-01
   7.6340325e-01
   7.5932400e-01
   7.5407925e-01
   7.4941724e-01
   7.4650348e-01
   7.4650349e-01
   7.4999999e-01
   7.5582750e-01
   7.6340325e-01
   7.6864801e-01
   7.6864801e-01
   7.6165500e-01
   7.4533798e-01
   7.2202796e-01
   6.9522144e-01
   6.6783215e-01
   6.4452215e-01
   6.2820512e-01
   6.2062937e-01
   6.2179486e-01
   6.3053613e-01
   6.4510488e-01
   6.6433565e-01
   6.8531467e-01
   7.0687645e-01
   7.2785546e-01
   7.4475523e-01
   7.5641025e-01
   7.6107225e-01
   7.5757575e-01
   7.4708624e-01
   7.3076922e-01
   7.1153846e-01
   6.9289043e-01
   6.7657342e-01
   6.6491840e-01
   6.5792539e-01
   6.5734264e-01
   6.6200465e-01
   6.7132866e-01
   6.8473192e-01
   7.0046620e-01
   7.1794870e-01
   7.3426572e-01
   7.4708624e-01
   7.5466199e-01
   7.5524475e-01
   7.5116549e-01
   7.4184149e-01
   7.3018647e-01
   7.1853145e-01
   7.0804195e-01
   6.9930069e-01
   6.9230769e-01
   6.8706293e-01
   6.8240092e-01
   6.7890442e-01
   6.7657342e-01
   6.7540792e-01
   6.7540792e-01
   6.7715617e-01
   6.7948717e-01
   6.8240092e-01
   6.8414917e-01
   6.8706293e-01
   6.8997668e-01
   6.9522144e-01
   7.0279718e-01
   7.1270396e-01
   7.2435896e-01
   7.3543122e-01
   7.4358973e-01
   7.4766899e-01
   7.4650349e-01
   7.3951048e-01
   7.2785547e-01
   7.1270396e-01
   6.9522144e-01
   6.7657342e-01
   6.5850814e-01
   6.4160839e-01
   6.3053613e-01
   6.2529137e-01
   6.2878787e-01
   6.3986012e-01
   6.5792540e-01
   6.7948717e-01
   7.0046620e-01
   7.1678320e-01
   7.2435896e-01
   7.2086247e-01
   7.0862471e-01
   6.8764568e-01
   6.6258740e-01
   6.3578088e-01
   6.1188810e-01
   5.9265733e-01
   5.8041957e-01
   5.7692307e-01
   5.8275057e-01
   5.9615384e-01
   6.1771561e-01
   6.4335663e-01
   6.7016316e-01
   6.9463868e-01
   7.1212121e-01
   7.2086245e-01
   7.1969697e-01
   7.0920744e-01
   6.9172493e-01
   6.6899766e-01
   6.4393938e-01
   6.1771561e-01
   5.9382284e-01
   5.7342656e-01
   5.5885781e-01
   5.5186478e-01
   5.5536130e-01
   5.6934730e-01
   5.9382283e-01
   6.2529137e-01
   6.6083915e-01
   6.9580419e-01
   7.2552446e-01
   7.4708624e-01
   7.5874125e-01
   7.6107225e-01
   7.5582750e-01
   7.4533798e-01
   7.3251747e-01
   7.2027972e-01
   7.0920746e-01
   7.0163170e-01
   6.9755244e-01
   6.9696969e-01
   6.9930069e-01
   7.0221445e-01
   7.0512820e-01
   7.0454543e-01
   6.9871794e-01
   6.8822843e-01
   6.7365966e-01
   6.5792539e-01
   6.4393938e-01
   6.3344988e-01
   6.2878787e-01
   6.3053613e-01
   6.3694637e-01
   6.4627038e-01
   6.5792539e-01
   6.6841491e-01
   6.7773892e-01
   6.8589743e-01
   6.9347318e-01
   6.9755244e-01
   7.0104895e-01
   7.0163169e-01
   7.0046619e-01
   6.9988344e-01
   6.9988344e-01
   7.0512820e-01
   7.1561772e-01
   7.3251747e-01
   7.5349650e-01
   7.7738927e-01
   7.9836828e-01
   8.1526805e-01
   8.2400931e-01
   8.2342656e-01
   8.1410255e-01
   7.9662005e-01
   7.7389276e-01
   7.4883449e-01
   7.2552446e-01
   7.0571095e-01
   6.9347318e-01
   6.9114218e-01
   6.9813520e-01
   7.1503495e-01
   7.3834497e-01
   7.6340326e-01
   7.8613053e-01
   8.0244754e-01
   8.0885779e-01
   8.0419579e-01
   7.9079252e-01
   7.7156176e-01
   7.5058274e-01
   7.3135197e-01
   7.1678320e-01
   7.0920744e-01
   7.0862471e-01
   7.1561770e-01
   7.2902096e-01
   7.4708624e-01
   7.6923076e-01
   7.9195804e-01
   8.1177155e-01
   8.2634032e-01
   8.3333333e-01
   8.2925407e-01
   8.1585081e-01
   7.9370628e-01
   7.6631701e-01
   7.3484847e-01
   7.0454545e-01
   6.7715617e-01
   6.5559439e-01
   6.4219113e-01
   6.3752914e-01
   6.4160839e-01
   6.5501164e-01
   6.7599066e-01
   7.0163170e-01
   7.2843822e-01
   7.5291374e-01
   7.7097901e-01
   7.7972027e-01
   7.8030302e-01
   7.7156176e-01
   7.5757575e-01
   7.4125873e-01
   7.2435896e-01
   7.1037296e-01
   6.9930070e-01
   6.9055943e-01
   6.8648018e-01
   6.8414918e-01
   6.8531468e-01
   6.8997669e-01
   6.9522144e-01
   7.0163170e-01
   7.0687645e-01
   7.0979019e-01
   7.0862469e-01
   7.0512818e-01
   7.0104895e-01
   6.9813519e-01
   6.9988344e-01
   7.0745920e-01
   7.2144521e-01
   7.4009323e-01
   7.6048950e-01
   7.7913752e-01
   7.9370628e-01
   8.0186479e-01
   8.0128204e-01
   7.9370628e-01
   7.7913752e-01
   7.5932400e-01
   7.3776222e-01
   7.1678320e-01
   6.9930070e-01
   6.8997668e-01
   6.8822843e-01
   6.9522144e-01
   7.0979019e-01
   7.2902096e-01
   7.4708623e-01
   7.6107225e-01
   7.6689976e-01
   7.6456876e-01
   7.5233099e-01
   7.3426572e-01
   7.1270396e-01
   6.9055943e-01
   6.7074592e-01
   6.5559439e-01
   6.4627040e-01
   6.4627038e-01
   6.5559439e-01
   6.7482517e-01
   7.0279720e-01
   7.3776223e-01
   7.7505827e-01
   8.1177155e-01
   8.4032634e-01
   8.5897435e-01
   8.6421911e-01
   8.5664335e-01
   8.3857808e-01
   8.1177155e-01
   7.8146853e-01
   7.4999999e-01
   7.2086245e-01
   6.9755244e-01
   6.8240092e-01
   6.7657341e-01
   6.8240092e-01
   6.9871795e-01
   7.2494173e-01
   7.5699299e-01
   7.9079254e-01
   8.2226107e-01
   8.4731934e-01
   8.6305361e-01
   8.6829837e-01
   8.6480186e-01
   8.5198134e-01
   8.3275057e-01
   8.0885780e-01
   7.8205128e-01
   7.5466200e-01
   7.2902097e-01
   7.0745920e-01
   6.9114218e-01
   6.8240093e-01
   6.8240092e-01
   6.8939393e-01
   7.0104894e-01
   7.1561770e-01
   7.2902096e-01
   7.4009323e-01
   7.4708624e-01
   7.4883449e-01
   7.4650349e-01
   7.4067598e-01
   7.3076922e-01
   7.1853147e-01
   7.0396270e-01
   6.8881118e-01
   6.7424241e-01
   6.6142190e-01
   6.5268064e-01
   6.4685313e-01
   6.4568763e-01
   6.4627038e-01
   6.4801865e-01
   6.5151514e-01
   6.5326339e-01
   6.5675990e-01
   6.6200465e-01
   6.6899765e-01
   6.7832167e-01
   6.8939394e-01
   7.0046619e-01
   7.0862471e-01
   7.1328671e-01
   7.1212121e-01
   7.0571095e-01
   6.9522144e-01
   6.8181818e-01
   6.6666666e-01
   6.5034963e-01
   6.3403261e-01
   6.1888111e-01
   6.0664334e-01
   5.9906759e-01
   5.9673659e-01
   6.0198134e-01
   6.1421911e-01
   6.3228436e-01
   6.5442889e-01
   6.7657342e-01
   6.9638694e-01
   7.0979019e-01
   7.1503495e-01
   7.1095571e-01
   6.9871795e-01
   6.7773892e-01
   6.5093238e-01
   6.2062936e-01
   5.9265733e-01
   5.6818180e-01
   5.5303030e-01
   5.4953380e-01
   5.5885781e-01
   5.7983682e-01
   6.0722609e-01
   6.3636362e-01
   6.6083915e-01
   6.7599067e-01
   6.7948717e-01
   6.7191141e-01
   6.5442891e-01
   6.3286713e-01
   6.0955710e-01
   5.9032633e-01
   5.7634032e-01
   5.7109556e-01
   5.7226106e-01
   5.8100232e-01
   5.9557109e-01
   6.1363636e-01
   6.3344988e-01
   6.5209789e-01
   6.6608391e-01
   6.7365966e-01
   6.7424241e-01
   6.6783216e-01
   6.5501165e-01
   6.3927739e-01
   6.2296036e-01
   6.0722609e-01
   5.9498834e-01
   5.8624708e-01
   5.8100232e-01
   5.7925407e-01
   5.8041956e-01
   5.8391607e-01
   5.9032633e-01
   5.9848484e-01
   6.0722610e-01
   6.1538460e-01
   6.2179487e-01
   6.2645687e-01
   6.2937063e-01
   6.3286713e-01
   6.3752912e-01
   6.4452215e-01
   6.5442889e-01
   6.6666666e-01
   6.7657342e-01
   6.8298368e-01
   6.8298367e-01
   6.7540791e-01
   6.5967365e-01
   6.3869464e-01
   6.1480186e-01
   5.9090908e-01
   5.6993006e-01
   5.5477855e-01
   5.4662005e-01
   5.4603729e-01
   5.5536130e-01
   5.7284381e-01
   5.9673659e-01
   6.2529137e-01
   6.5384614e-01
   6.7773892e-01
   6.9463869e-01
   7.0104894e-01
   6.9638694e-01
   6.8181817e-01
   6.6025640e-01
   6.3403263e-01
   6.0722610e-01
   5.8391608e-01
   5.6526805e-01
   5.5477855e-01
   5.5361305e-01
   5.6235431e-01
   5.8041957e-01
   6.0547785e-01
   6.3344988e-01
   6.6083915e-01
   6.8181817e-01
   6.9172493e-01
   6.8997669e-01
   6.7424242e-01
   6.4801865e-01
   6.1655010e-01
   5.8391607e-01
   5.5594406e-01
   5.3496503e-01
   5.2505826e-01
   5.2447552e-01
   5.3379953e-01
   5.5069929e-01
   5.7284381e-01
   5.9848484e-01
   6.2529137e-01
   6.5034963e-01
   6.7249416e-01
   6.8939393e-01
   7.0163170e-01
   7.0745920e-01
   7.0862469e-01
   7.0687645e-01
   7.0396268e-01
   7.0163170e-01
   6.9988344e-01
   6.9871795e-01
   6.9871795e-01
   6.9988344e-01
   7.0046619e-01
   7.0163170e-01
   7.0337995e-01
   7.0512820e-01
   7.0512820e-01
   7.0337995e-01
   6.9813520e-01
   6.9055943e-01
   6.8065267e-01
   6.7074591e-01
   6.6317016e-01
   6.6083915e-01
   6.6317015e-01
   6.6958041e-01
   6.7832166e-01
   6.8706293e-01
   6.9289044e-01
   6.9405594e-01
   6.8997669e-01
   6.8065267e-01
   6.6841491e-01
   6.5326339e-01
   6.3752912e-01
   6.2470862e-01
   6.1421911e-01
   6.0955711e-01
   6.1130536e-01
   6.2062937e-01
   6.3694637e-01
   6.5734264e-01
   6.8006992e-01
   6.9988344e-01
   7.1212121e-01
   7.1503495e-01
   7.0804195e-01
   6.9055943e-01
   6.6491840e-01
   6.3752912e-01
   6.0897435e-01
   5.8566433e-01
   5.6818182e-01
   5.6060604e-01
   5.6410255e-01
   5.7867132e-01
   6.0431235e-01
   6.3869462e-01
   6.7890442e-01
   7.2027970e-01
   7.5815850e-01
   7.8671328e-01
   8.0361304e-01
   8.0769229e-01
   8.0011654e-01
   7.8379953e-01
   7.6282051e-01
   7.4125873e-01
   7.2319346e-01
   7.0920746e-01
   7.0104895e-01
   6.9871794e-01
   7.0221445e-01
   7.1153846e-01
   7.2377621e-01
   7.3951047e-01
   7.5524474e-01
   7.6923076e-01
   7.8030302e-01
   7.8671328e-01
   7.8787879e-01
   7.8613053e-01
   7.8088578e-01
   7.7447552e-01
   7.6689976e-01
   7.5932400e-01
   7.5174824e-01
   7.4300698e-01
   7.3310022e-01
   7.2319346e-01
   7.1445221e-01
   7.0629370e-01
   7.0046619e-01
   6.9638694e-01
   6.9405593e-01
   6.9230768e-01
   6.9055943e-01
   6.9114218e-01
   6.9463869e-01
   7.0279718e-01
   7.1794870e-01
   7.4067598e-01
   7.6864801e-01
   7.9953378e-01
   8.2983682e-01
   8.5431235e-01
   8.7237762e-01
   8.7937062e-01
   8.7703963e-01
   8.6713285e-01
   8.5081585e-01
   8.3275058e-01
   8.1526805e-01
   8.0244754e-01
   7.9662003e-01
   7.9836828e-01
   8.0827504e-01
   8.2517481e-01
   8.4498834e-01
   8.6363636e-01
   8.7703961e-01
   8.8170162e-01
   8.7412586e-01
   8.5664335e-01
   8.3158507e-01
   8.0361304e-01
   7.7622377e-01
   7.5466199e-01
   7.4242423e-01
   7.4067598e-01
   7.4999999e-01
   7.6923076e-01
   7.9836830e-01
   8.3449882e-01
   8.7470861e-01
   9.1491840e-01
   9.5221444e-01
   9.8076922e-01
   9.9708624e-01
   1.0000000e+00
   9.8951048e-01
   9.6678320e-01
   9.3648018e-01
   9.0268064e-01
   8.6946387e-01
   8.4090908e-01
   8.1934731e-01
   8.0477854e-01
   7.9953378e-01
   8.0244754e-01
   8.1177155e-01
   8.2692307e-01
   8.4440559e-01
   8.6013984e-01
   8.7121212e-01
   8.7470861e-01
   8.6888110e-01
   8.5489510e-01
   8.3508158e-01
   8.1293705e-01
   7.9254079e-01
   7.7622377e-01
