   3.5899547e-01
   3.9193083e-01
   4.4298064e-01
   5.0349938e-01
   5.6401811e-01
   6.1589131e-01
   6.5294359e-01
   6.7105805e-01
   6.7064635e-01
   6.5335529e-01
   6.2371346e-01
   5.8707286e-01
   5.4878550e-01
   5.1461506e-01
   4.8909016e-01
   4.7344586e-01
   4.6932893e-01
   4.7632770e-01
   4.9320708e-01
   5.1585014e-01
   5.4096335e-01
   5.6566488e-01
   5.8624949e-01
   6.0107039e-01
   6.0930425e-01
   6.1218609e-01
   6.1053931e-01
   6.0683409e-01
   6.0395225e-01
   6.0354055e-01
   6.0765747e-01
   6.1712638e-01
   6.3153560e-01
   6.5047345e-01
   6.7270481e-01
   6.9699464e-01
   7.1963771e-01
   7.3898724e-01
   7.5380815e-01
   7.6327707e-01
   7.6698229e-01
   7.6533552e-01
   7.5874845e-01
   7.5092631e-01
   7.4104569e-01
   7.3240016e-01
   7.2498970e-01
   7.2004940e-01
   7.1799094e-01
   7.1840263e-01
   7.2128448e-01
   7.2540139e-01
   7.3034171e-01
   7.3445862e-01
   7.3692878e-01
   7.3651708e-01
   7.3240016e-01
   7.2498970e-01
   7.1428571e-01
   7.0234664e-01
   6.8958419e-01
   6.7846850e-01
   6.7023465e-01
   6.6529436e-01
   6.6447097e-01
   6.6694113e-01
   6.7311651e-01
   6.8093865e-01
   6.8958419e-01
   6.9658295e-01
   7.0069987e-01
   7.0069987e-01
   6.9617126e-01
   6.8670235e-01
   6.7352819e-01
   6.5870728e-01
   6.4347468e-01
   6.2988884e-01
   6.2083161e-01
   6.1589131e-01
   6.1671470e-01
   6.2165500e-01
   6.3112392e-01
   6.4223960e-01
   6.5294359e-01
   6.6117744e-01
   6.6405927e-01
   6.5994236e-01
   6.4759160e-01
   6.2618361e-01
   5.9736517e-01
   5.6278303e-01
   5.2573075e-01
   4.9073692e-01
   4.6274186e-01
   4.4627418e-01
   4.4339234e-01
   4.5697818e-01
   4.8497323e-01
   5.2449568e-01
   5.7101688e-01
   6.1630301e-01
   6.5294359e-01
   6.7311650e-01
   6.7146974e-01
   6.4429806e-01
   5.9201318e-01
   5.2037875e-01
   4.3762865e-01
   3.5529024e-01
   2.8612597e-01
   2.4083985e-01
   2.2766571e-01
   2.4948538e-01
   3.0629889e-01
   3.8946068e-01
   4.8867847e-01
   5.9077809e-01
   6.8135035e-01
   7.5051461e-01
   7.9003705e-01
   7.9744751e-01
   7.7439276e-01
   7.2787155e-01
   6.6776450e-01
   6.0436393e-01
   5.4960889e-01
   5.1173322e-01
   4.9608892e-01
   5.0473446e-01
   5.3396459e-01
   5.7966241e-01
   6.3277068e-01
   6.8587896e-01
   7.3157677e-01
   7.6327706e-01
   7.7768629e-01
   7.7562783e-01
   7.5792507e-01
   7.2910662e-01
   6.9411279e-01
   6.5911897e-01
   6.2947714e-01
   6.0889254e-01
   6.0065870e-01
   6.0477563e-01
   6.2083161e-01
   6.4429806e-01
   6.7270481e-01
   7.0069988e-01
   7.2416632e-01
   7.4022231e-01
   7.4639769e-01
   7.4269246e-01
   7.2951832e-01
   7.0934541e-01
   6.8505557e-01
   6.5911897e-01
   6.3482915e-01
   6.1424454e-01
   5.9942362e-01
   5.9242486e-01
   5.9242487e-01
   5.9860024e-01
   6.1136269e-01
   6.2741869e-01
   6.4553314e-01
   6.6323590e-01
   6.7888020e-01
   6.9164265e-01
   7.0028818e-01
   7.0481680e-01
   7.0522848e-01
   7.0152326e-01
   6.9452449e-01
   6.8546726e-01
   6.7517497e-01
   6.6529436e-01
   6.5623713e-01
   6.5006175e-01
   6.4676821e-01
   6.4717990e-01
   6.5006174e-01
   6.5459037e-01
   6.6035405e-01
   6.6611774e-01
   6.7023466e-01
   6.7311650e-01
   6.7435158e-01
   6.7352819e-01
   6.7188143e-01
   6.6982296e-01
   6.6776450e-01
   6.6652943e-01
   6.6694112e-01
   6.6899958e-01
   6.7311651e-01
   6.7805681e-01
   6.8340881e-01
   6.8752572e-01
   6.8958419e-01
   6.8834910e-01
   6.8382050e-01
   6.7599835e-01
   6.6570605e-01
   6.5417867e-01
   6.4388636e-01
   6.3524084e-01
   6.3071223e-01
   6.3071223e-01
   6.3565253e-01
   6.4512145e-01
   6.5747221e-01
   6.7229313e-01
   6.8546727e-01
   6.9575957e-01
   7.0069988e-01
   6.9822972e-01
   6.8834910e-01
   6.7146974e-01
   6.5006174e-01
   6.2741869e-01
   6.0724578e-01
   5.9365994e-01
   5.8995471e-01
   5.9736517e-01
   6.1506793e-01
   6.4141622e-01
   6.7188143e-01
   7.0028818e-01
   7.2128448e-01
   7.2787155e-01
   7.1593248e-01
   6.8258542e-01
   6.3071222e-01
   5.6360642e-01
   4.9032523e-01
   4.1992589e-01
   3.6352407e-01
   3.3017703e-01
   3.2606011e-01
   3.5282009e-01
   4.0798682e-01
   4.8291478e-01
   5.6772334e-01
   6.5047345e-01
   7.1922602e-01
   7.6492383e-01
   7.8139151e-01
   7.6862906e-01
   7.3034171e-01
   6.7311650e-01
   6.0683409e-01
   5.4178674e-01
   4.8744338e-01
   4.5080280e-01
   4.3680527e-01
   4.4503911e-01
   4.7344586e-01
   5.1626183e-01
   5.6648826e-01
   6.1630300e-01
   6.6035406e-01
   6.9287773e-01
   7.1222725e-01
   7.1881432e-01
   7.1305063e-01
   6.9905310e-01
   6.8011527e-01
   6.6117743e-01
   6.4470976e-01
   6.3400577e-01
   6.3071223e-01
   6.3482914e-01
   6.4553314e-01
   6.6035405e-01
   6.7682173e-01
   6.9328941e-01
   7.0728695e-01
   7.1634417e-01
   7.2087278e-01
   7.2087278e-01
   7.1634417e-01
   7.0975710e-01
   7.0152325e-01
   6.9328941e-01
   6.8670234e-01
   6.8258542e-01
   6.8093865e-01
   6.8340881e-01
   6.8958419e-01
   6.9946479e-01
   7.1181556e-01
   7.2622478e-01
   7.4145738e-01
   7.5504322e-01
   7.6698229e-01
   7.7562782e-01
   7.7974474e-01
   7.7933305e-01
   7.7398106e-01
   7.6410044e-01
   7.5051461e-01
   7.3528200e-01
   7.1881433e-01
   7.0440510e-01
   6.9205434e-01
   6.8382050e-01
   6.8011528e-01
   6.8011527e-01
   6.8299712e-01
   6.8587896e-01
   6.8834911e-01
   6.8793742e-01
   6.8423219e-01
   6.7682173e-01
   6.6694112e-01
   6.5582544e-01
   6.4512144e-01
   6.3647591e-01
   6.3112392e-01
   6.2947714e-01
   6.3194730e-01
   6.3771098e-01
   6.4594483e-01
   6.5582544e-01
   6.6529436e-01
   6.7435159e-01
   6.8135034e-01
   6.8670234e-01
   6.8999588e-01
   6.9287773e-01
   6.9575957e-01
   6.9905310e-01
   7.0358172e-01
   7.1058048e-01
   7.1922602e-01
   7.2993001e-01
   7.4145738e-01
   7.5298476e-01
   7.6327706e-01
   7.7027583e-01
   7.7151091e-01
   7.6533552e-01
   7.4886785e-01
   7.2087278e-01
   6.8217373e-01
   6.3359407e-01
   5.7966241e-01
   5.2490737e-01
   4.7632770e-01
   4.4009880e-01
   4.2116097e-01
   4.2280773e-01
   4.4462742e-01
   4.8414985e-01
   5.3355290e-01
   5.8583779e-01
   6.3071223e-01
   6.5911897e-01
   6.6364759e-01
   6.4059283e-01
   5.9118978e-01
   5.2079045e-01
   4.3886373e-01
   3.5734870e-01
   2.8900782e-01
   2.4619184e-01
   2.3548785e-01
   2.6101276e-01
   3.1906134e-01
   4.0222313e-01
   4.9897077e-01
   5.9654178e-01
   6.8176204e-01
   7.4475092e-01
   7.8015644e-01
   7.8550843e-01
   7.6327706e-01
   7.2128448e-01
   6.6652943e-01
   6.1053931e-01
   5.6195965e-01
   5.2737752e-01
   5.1173322e-01
   5.1461506e-01
   5.3561136e-01
   5.6895842e-01
   6.0848085e-01
   6.4594483e-01
   6.7599835e-01
   6.9164265e-01
   6.9040757e-01
   6.7105805e-01
   6.3524083e-01
   5.8748455e-01
   5.3355290e-01
   4.8044463e-01
   4.3598189e-01
   4.0675175e-01
   3.9604775e-01
   4.0634005e-01
   4.3639358e-01
   4.8291478e-01
   5.3890489e-01
   5.9777686e-01
   6.5253190e-01
   6.9740634e-01
   7.2951832e-01
   7.4722107e-01
   7.5133800e-01
   7.4475092e-01
   7.3075340e-01
   7.1428571e-01
   6.9740633e-01
   6.8382050e-01
   6.7393989e-01
   6.6899958e-01
   6.6776451e-01
   6.7023466e-01
   6.7352819e-01
   6.7723343e-01
   6.8011527e-01
   6.8176204e-01
   6.8093865e-01
   6.7929189e-01
   6.7641003e-01
   6.7393989e-01
   6.7188143e-01
   6.7064635e-01
   6.7064635e-01
   6.7146974e-01
   6.7229312e-01
   6.7270481e-01
   6.7229312e-01
   6.6941127e-01
   6.6488266e-01
   6.5706052e-01
   6.4635652e-01
   6.3277069e-01
   6.1753807e-01
   6.0107040e-01
   5.8501440e-01
   5.7101688e-01
   5.6072457e-01
   5.5496088e-01
   5.5413751e-01
   5.5948950e-01
   5.6978180e-01
   5.8501441e-01
   6.0354055e-01
   6.2494854e-01
   6.4594483e-01
   6.6529436e-01
   6.7970358e-01
   6.8629065e-01
   6.8299712e-01
   6.6858790e-01
   6.4306298e-01
   6.0848085e-01
   5.6854672e-01
   5.2737752e-01
   4.9073692e-01
   4.6521202e-01
   4.5368464e-01
   4.5986002e-01
   4.8373816e-01
   5.2120214e-01
   5.6854672e-01
   6.1671469e-01
   6.5829559e-01
   6.8299712e-01
   6.8505557e-01
   6.6035405e-01
   6.0848085e-01
   5.3396460e-01
   4.4627419e-01
   3.5734869e-01
   2.8036228e-01
   2.2972416e-01
   2.1407987e-01
   2.3836970e-01
   3.0218196e-01
   3.9728284e-01
   5.1132152e-01
   6.2618361e-01
   7.2540139e-01
   7.9127212e-01
   8.1144503e-01
   7.8097982e-01
   7.0193495e-01
   5.8295595e-01
   4.4174557e-01
   2.9847674e-01
   1.7496912e-01
   9.0160556e-02
   5.6813503e-02
   8.1515026e-02
   1.5973652e-01
   2.8036229e-01
   4.2486620e-01
   5.7266365e-01
   7.0193495e-01
   7.9456566e-01
   8.3902840e-01
   8.3120626e-01
   7.7521614e-01
   6.8093866e-01
   5.6566488e-01
   4.4750926e-01
   3.4540963e-01
   2.7501029e-01
   2.4578015e-01
   2.6265953e-01
   3.2153149e-01
   4.1251543e-01
   5.2161383e-01
   6.3071223e-01
   7.2416632e-01
   7.8756690e-01
   8.1226841e-01
   7.9497736e-01
   7.3898724e-01
   6.5459037e-01
   5.5578427e-01
   4.5738987e-01
   3.7628654e-01
   3.2400165e-01
   3.0959242e-01
   3.3429394e-01
   3.9481268e-01
   4.8167970e-01
   5.8254426e-01
   6.8382050e-01
   7.7315767e-01
   8.4108686e-01
   8.8431453e-01
   9.0242898e-01
   8.9913545e-01
   8.8266776e-01
   8.6002470e-01
   8.3944010e-01
   8.2585426e-01
   8.2256072e-01
   8.2997117e-01
   8.4685055e-01
   8.6867023e-01
   8.9254838e-01
   9.1272128e-01
   9.2507205e-01
   9.2630712e-01
   9.1354467e-01
   8.8637299e-01
   8.4561548e-01
   7.9291889e-01
   7.3404693e-01
   6.7311651e-01
   6.1712638e-01
   5.7142857e-01
   5.4137505e-01
   5.2984767e-01
   5.3890489e-01
   5.6607657e-01
   6.0724577e-01
   6.5706052e-01
   7.0852202e-01
   7.5463154e-01
   7.8921367e-01
   8.1020997e-01
   8.1597365e-01
   8.0897488e-01
   7.9250720e-01
   7.7233429e-01
   7.5298476e-01
   7.3898724e-01
   7.3281185e-01
   7.3528200e-01
   7.4557431e-01
   7.6080692e-01
   7.7892136e-01
   7.9621243e-01
   8.0938657e-01
   8.1762041e-01
   8.1762041e-01
   8.0979827e-01
   7.9374228e-01
   7.7068752e-01
   7.4269246e-01
   7.1305063e-01
   6.8587896e-01
   6.6364759e-01
   6.5129683e-01
   6.5088514e-01
   6.6405928e-01
   6.9040757e-01
   7.2704817e-01
   7.6862906e-01
   8.0691643e-01
   8.3285302e-01
   8.3738163e-01
   8.1268012e-01
   7.5504322e-01
   6.6405928e-01
   5.4672704e-01
   4.1375051e-01
   2.8159736e-01
   1.6838205e-01
   9.1395630e-02
   6.2988875e-02
   9.1395639e-02
   1.7332236e-01
   3.0094689e-01
   4.5574310e-01
   6.1671469e-01
   7.5916015e-01
   8.6208316e-01
   9.0983943e-01
   8.9419514e-01
   8.1803211e-01
   6.9205435e-01
   5.3643474e-01
   3.7505145e-01
   2.3301770e-01
   1.3297654e-01
   8.9337173e-02
   1.0786332e-01
   1.8567312e-01
   3.1000412e-01
   4.6233018e-01
   6.2206669e-01
   7.6862906e-01
   8.8596129e-01
   9.6377109e-01
   1.0000000e+00
   9.9835323e-01
   9.6747633e-01
   9.1972005e-01
   8.6743516e-01
   8.2132564e-01
   7.9003705e-01
   7.7686290e-01
   7.8303828e-01
   8.0526966e-01
   8.3820502e-01
   8.7525731e-01
   9.0860436e-01
   9.3207080e-01
   9.4153972e-01
   9.3371758e-01
   9.0695759e-01
   8.6455331e-01
   8.1020996e-01
   7.4927953e-01
   6.8999588e-01
   6.3812268e-01
   6.0107039e-01
   5.8336764e-01
   5.8748456e-01
   6.1300947e-01
   6.5459036e-01
   7.0769864e-01
   7.6451214e-01
   8.1803210e-01
   8.6167146e-01
   8.9213668e-01
   9.0778098e-01
   9.0983943e-01
   9.0119391e-01
   8.8637299e-01
   8.6867023e-01
   8.5302593e-01
   8.4067517e-01
   8.3449979e-01
   8.3326472e-01
   8.3696994e-01
   8.4355702e-01
   8.5055577e-01
   8.5714286e-01
   8.6084809e-01
   8.6002470e-01
   8.5549609e-01
   8.4685055e-01
   8.3491148e-01
   8.2173734e-01
   8.0815150e-01
   7.9703581e-01
   7.8797858e-01
   7.8056813e-01
   7.7603952e-01
   7.7192261e-01
   7.6821737e-01
   7.6410045e-01
   7.5833676e-01
   7.5298476e-01
   7.4886784e-01
   7.4680939e-01
   7.4927954e-01
   7.5627830e-01
   7.6574722e-01
   7.7439275e-01
   7.7645121e-01
   7.6492383e-01
   7.3198847e-01
   6.7311650e-01
   5.8666118e-01
   4.7632770e-01
   3.4993825e-01
   2.2354878e-01
   1.1198024e-01
   3.2935371e-02
   0.0000000e+00
   1.9349526e-02
   9.0572248e-02
   2.0625772e-01
   3.5034994e-01
   5.0432276e-01
   6.4717990e-01
   7.6245368e-01
   8.3779332e-01
   8.6784684e-01
   8.5549609e-01
   8.0979827e-01
   7.4310416e-01
   6.7064635e-01
   6.0642240e-01
   5.6113626e-01
   5.4055167e-01
   5.4549197e-01
   5.7348703e-01
   6.1712638e-01
   6.6899958e-01
   7.2046109e-01
   7.6574722e-01
   7.9991765e-01
   8.2173734e-01
   8.3120625e-01
   8.3120626e-01
   8.2379579e-01
   8.1144503e-01
   7.9785920e-01
   7.8303828e-01
   7.6862907e-01
   7.5504322e-01
   7.4186908e-01
   7.2910663e-01
   7.1675586e-01
   7.0481679e-01
   6.9287773e-01
   6.8176204e-01
   6.7229312e-01
   6.6405927e-01
   6.5829559e-01
   6.5541374e-01
   6.5417867e-01
   6.5582543e-01
   6.5911897e-01
   6.6323590e-01
   6.6941127e-01
   6.7599835e-01
   6.8340881e-01
   6.9123095e-01
   6.9905311e-01
   7.0646356e-01
   7.1263895e-01
   7.1757925e-01
   7.2046109e-01
   7.2046109e-01
   7.1963771e-01
   7.1716756e-01
   7.1469740e-01
   7.1222725e-01
   7.1099218e-01
   7.1099217e-01
   7.1181555e-01
   7.1387402e-01
   7.1634417e-01
   7.1840264e-01
   7.2004939e-01
   7.2046109e-01
   7.1922601e-01
   7.1552080e-01
   7.0975711e-01
   7.0317002e-01
   6.9534788e-01
   6.8711404e-01
   6.8052696e-01
   6.7558665e-01
   6.7270481e-01
   6.7146974e-01
   6.7229312e-01
   6.7311650e-01
   6.7311650e-01
   6.7105805e-01
   6.6735281e-01
   6.6117743e-01
   6.5376698e-01
   6.4635652e-01
   6.4018114e-01
   6.3812268e-01
   6.4059283e-01
   6.4717991e-01
   6.5788389e-01
   6.7023466e-01
   6.8052697e-01
   6.8423219e-01
   6.7805682e-01
   6.5788390e-01
   6.2247839e-01
   5.7348702e-01
   5.1461506e-01
   4.5244956e-01
   3.9481268e-01
   3.4993824e-01
   3.2482502e-01
   3.2358995e-01
   3.4623301e-01
   3.9069575e-01
   4.4833264e-01
   5.1049814e-01
   5.6648826e-01
   6.0601070e-01
   6.2247838e-01
   6.1218608e-01
   5.7595718e-01
   5.1832030e-01
   4.4956771e-01
   3.7958007e-01
   3.2070811e-01
   2.8283244e-01
   2.7254014e-01
   2.9147797e-01
   3.3841087e-01
   4.0634005e-01
   4.8620831e-01
   5.6731165e-01
   6.3976945e-01
   6.9617126e-01
   7.3157678e-01
   7.4557431e-01
   7.3981062e-01
   7.1881433e-01
   6.8917250e-01
   6.5788390e-01
   6.3112391e-01
   6.1424454e-01
   6.1012762e-01
   6.1959654e-01
   6.4059283e-01
   6.7064635e-01
   7.0275833e-01
   7.3157678e-01
   7.5010291e-01
   7.5339645e-01
   7.3692878e-01
   7.0028818e-01
   6.4470976e-01
   5.7513379e-01
   4.9814739e-01
   4.2363113e-01
   3.6023054e-01
   3.1617950e-01
   2.9765335e-01
   3.0671057e-01
   3.4211610e-01
   3.9851791e-01
   4.6768217e-01
   5.4055166e-01
   6.0724578e-01
   6.6076575e-01
   6.9617126e-01
   7.1346233e-01
   7.1346232e-01
   7.0028818e-01
   6.8011527e-01
   6.5664883e-01
   6.3565253e-01
   6.1918485e-01
   6.0889254e-01
   6.0477562e-01
   6.0642239e-01
   6.1177438e-01
   6.1918484e-01
   6.2741869e-01
   6.3524083e-01
   6.4223961e-01
   6.4841498e-01
   6.5294359e-01
   6.5747220e-01
   6.6117744e-01
   6.6529436e-01
   6.6982297e-01
   6.7435158e-01
   6.7846850e-01
   6.8135035e-01
   6.8340881e-01
   6.8423219e-01
   6.8299712e-01
   6.8011527e-01
   6.7517496e-01
   6.6817621e-01
   6.6035405e-01
   6.5088514e-01
   6.4100452e-01
   6.3112391e-01
   6.2206669e-01
   6.1424454e-01
   6.0806916e-01
   6.0477562e-01
   6.0354055e-01
   6.0477563e-01
   6.0765747e-01
   6.1259777e-01
   6.1877316e-01
   6.2494854e-01
   6.3153560e-01
   6.3688761e-01
   6.3935776e-01
   6.3853437e-01
   6.3359407e-01
   6.2371346e-01
   6.0930424e-01
   5.9201317e-01
   5.7348702e-01
   5.5619597e-01
   5.4302181e-01
   5.3643475e-01
   5.3725812e-01
   5.4590366e-01
   5.6154796e-01
   5.8048579e-01
   5.9983532e-01
   6.1424454e-01
   6.1836147e-01
   6.0848085e-01
   5.8213255e-01
   5.3890490e-01
   4.8250309e-01
   4.1951419e-01
   3.5734870e-01
   3.0588720e-01
   2.7295183e-01
   2.6595306e-01
   2.8571429e-01
   3.3141210e-01
   3.9728283e-01
   4.7385756e-01
   5.5043228e-01
   6.1630300e-01
   6.6200082e-01
   6.8217372e-01
   6.7517497e-01
   6.4265130e-01
   5.9201318e-01
   5.3190613e-01
   4.7138740e-01
   4.2198435e-01
   3.8987237e-01
   3.7999177e-01
   3.9316591e-01
   4.2610127e-01
   4.7303417e-01
   5.2696583e-01
   5.7925071e-01
   6.2330176e-01
   6.5335529e-01
   6.6817620e-01
   6.6735281e-01
   6.5253190e-01
   6.2906545e-01
   6.0189378e-01
   5.7554548e-01
   5.5619597e-01
   5.4672704e-01
   5.4837381e-01
   5.6154796e-01
   5.8419102e-01
   6.1342115e-01
   6.4470976e-01
   6.7393989e-01
   6.9740634e-01
   7.1305064e-01
   7.1922602e-01
   7.1716756e-01
   7.0728694e-01
   6.9328941e-01
   6.7682173e-01
   6.6117744e-01
   6.4882668e-01
   6.4059284e-01
   6.3729930e-01
   6.3976945e-01
   6.4594483e-01
   6.5582544e-01
   6.6652943e-01
   6.7723343e-01
   6.8587896e-01
   6.9205434e-01
   6.9411280e-01
   6.9246603e-01
   6.8629065e-01
   6.7641004e-01
   6.6241252e-01
   6.4512145e-01
   6.2577191e-01
   6.0436394e-01
   5.8336764e-01
   5.6442980e-01
   5.4960888e-01
   5.4096335e-01
   5.3931659e-01
   5.4466859e-01
   5.5619597e-01
   5.7184026e-01
   5.8913133e-01
   6.0724578e-01
   6.2247838e-01
   6.3400576e-01
   6.4182791e-01
   6.4594483e-01
   6.4717990e-01
   6.4717990e-01
   6.4676821e-01
   6.4759160e-01
   6.4965006e-01
   6.5417867e-01
   6.5953067e-01
   6.6570605e-01
   6.7146974e-01
   6.7558665e-01
   6.7764512e-01
   6.7599835e-01
   6.7270482e-01
   6.6694112e-01
   6.5994237e-01
   6.5253190e-01
   6.4594483e-01
   6.4141622e-01
   6.3935776e-01
   6.3976945e-01
   6.4223960e-01
   6.4635652e-01
   6.5088514e-01
   6.5376698e-01
   6.5376698e-01
   6.4759160e-01
   6.3359407e-01
   6.1095101e-01
   5.7925071e-01
   5.4096335e-01
   4.9897077e-01
   4.5738987e-01
   4.2198435e-01
   3.9728283e-01
   3.8740222e-01
   3.9275422e-01
   4.1498560e-01
   4.4956772e-01
   4.9156032e-01
   5.3478797e-01
   5.7142857e-01
   5.9448333e-01
   5.9901194e-01
   5.8172086e-01
   5.4302182e-01
   4.8785508e-01
   4.2198435e-01
   3.5652532e-01
   3.0053520e-01
   2.6389460e-01
   2.5319061e-01
   2.7089337e-01
   3.1617950e-01
   3.8246192e-01
   4.6150679e-01
   5.4137505e-01
   6.1136270e-01
   6.6158913e-01
   6.8670235e-01
   6.8340881e-01
   6.5459037e-01
   6.0518731e-01
   5.4549197e-01
   4.8456154e-01
   4.3268835e-01
   3.9892959e-01
   3.8781391e-01
   4.0139975e-01
   4.3680527e-01
   4.8909016e-01
   5.5043228e-01
   6.1300946e-01
   6.6858790e-01
   7.1099217e-01
   7.3816385e-01
   7.4804446e-01
   7.4351584e-01
   7.2745986e-01
   7.0522849e-01
   6.8176204e-01
   6.6200082e-01
   6.5006175e-01
   6.4717990e-01
   6.5500206e-01
   6.7023466e-01
   6.9246603e-01
   7.1799093e-01
   7.4269247e-01
   7.6451214e-01
   7.8139151e-01
   7.9250720e-01
   7.9703581e-01
   7.9662412e-01
   7.9168381e-01
   7.8386167e-01
   7.7439275e-01
   7.6492383e-01
   7.5586660e-01
   7.4804446e-01
   7.4186908e-01
   7.3775216e-01
   7.3487032e-01
   7.3322355e-01
   7.3116508e-01
   7.2745986e-01
   7.2210786e-01
   7.1387402e-01
   7.0275834e-01
   6.8917250e-01
   6.7352819e-01
   6.5747221e-01
   6.4141622e-01
   6.2700700e-01
   6.1547962e-01
   6.0889254e-01
   6.0724578e-01
   6.1053932e-01
   6.1959654e-01
   6.3235899e-01
   6.4841499e-01
   6.6447097e-01
   6.7970358e-01
   6.9164265e-01
   6.9987648e-01
   7.0358172e-01
   7.0317002e-01
   7.0069988e-01
   6.9658295e-01
   6.9205434e-01
   6.8834911e-01
   6.8629065e-01
   6.8587896e-01
   6.8670234e-01
   6.8958418e-01
   6.9287772e-01
   6.9617126e-01
   6.9987649e-01
   7.0234664e-01
   7.0399342e-01
   7.0399341e-01
   7.0275833e-01
   6.9946480e-01
   6.9534788e-01
   6.8999588e-01
   6.8382050e-01
   6.7888019e-01
   6.7435158e-01
   6.7229312e-01
   6.7311650e-01
   6.7682173e-01
   6.8340881e-01
   6.9164265e-01
   6.9905310e-01
   7.0358172e-01
   7.0234664e-01
   6.9246604e-01
   6.7352819e-01
   6.4553314e-01
   6.1136269e-01
   5.7472210e-01
   5.4137505e-01
   5.1749691e-01
   5.0720460e-01
   5.1296830e-01
   5.3643474e-01
   5.7389873e-01
   6.2165500e-01
   6.7229313e-01
   7.1757924e-01
   7.4927954e-01
   7.6204199e-01
   7.5257307e-01
   7.2087278e-01
   6.7064635e-01
   6.0930424e-01
   5.4549197e-01
   4.9032523e-01
   4.5244956e-01
   4.3721696e-01
   4.4874433e-01
   4.8538493e-01
   5.4096335e-01
   6.0806916e-01
   6.7723343e-01
   7.3857554e-01
   7.8550843e-01
   8.1144504e-01
   8.1556196e-01
   7.9827089e-01
   7.6451214e-01
   7.1963771e-01
   6.7146974e-01
   6.2659530e-01
   5.9077809e-01
   5.6854673e-01
   5.6113627e-01
   5.6772334e-01
   5.8501441e-01
   6.1012763e-01
   6.3606422e-01
   6.5788390e-01
   6.7188143e-01
   6.7352820e-01
   6.6241252e-01
   6.3812268e-01
   6.0354055e-01
   5.6113626e-01
   5.1708521e-01
   4.7591600e-01
   4.4256895e-01
   4.2116097e-01
   4.1333882e-01
   4.1869081e-01
   4.3557020e-01
   4.6068340e-01
   4.8909016e-01
   5.1626183e-01
   5.3808151e-01
   5.5249073e-01
   5.5907781e-01
   5.5825441e-01
   5.5249074e-01
   5.4343351e-01
   5.3396459e-01
   5.2655414e-01
   5.2326059e-01
   5.2408399e-01
   5.2984767e-01
   5.3972828e-01
   5.5290242e-01
   5.6813503e-01
   5.8336764e-01
   5.9777686e-01
   6.0971593e-01
   6.1836146e-01
   6.2453684e-01
   6.2783038e-01
   6.2824207e-01
   6.2741869e-01
   6.2577192e-01
   6.2330177e-01
   6.2165500e-01
   6.2000823e-01
   6.1959654e-01
   6.1959654e-01
   6.2041992e-01
   6.2124331e-01
   6.2206669e-01
   6.2165500e-01
   6.1959653e-01
   6.1589131e-01
   6.1012762e-01
   6.0271716e-01
   5.9407163e-01
   5.8542610e-01
   5.7760395e-01
   5.7184026e-01
   5.6895842e-01
   5.6978180e-01
   5.7472210e-01
   5.8336764e-01
   5.9571840e-01
   6.1095100e-01
   6.2783038e-01
   6.4512145e-01
   6.6035405e-01
   6.7270481e-01
   6.8135035e-01
   6.8505557e-01
   6.8505557e-01
   6.8135035e-01
   6.7641004e-01
   6.7105805e-01
   6.6652943e-01
   6.6488266e-01
   6.6652943e-01
   6.7064635e-01
   6.7805681e-01
   6.8670235e-01
   6.9493619e-01
   7.0152326e-01
   7.0358172e-01
   6.9905310e-01
   6.8752573e-01
   6.6817620e-01
   6.4265130e-01
   6.1383285e-01
   5.8542610e-01
   5.6237134e-01
   5.4796213e-01
   5.4713874e-01
   5.6072457e-01
   5.8748456e-01
   6.2412516e-01
   6.6570605e-01
   7.0317002e-01
   7.2869493e-01
   7.3487031e-01
   7.1510909e-01
   6.6694112e-01
   5.9242486e-01
   4.9773569e-01
   3.9316591e-01
   2.9230136e-01
   2.0872787e-01
   1.5438452e-01
   1.3874022e-01
   1.6467682e-01
   2.2931247e-01
   3.2441334e-01
   4.3762865e-01
   5.5413750e-01
   6.5911897e-01
   7.4104569e-01
   7.9291890e-01
   8.1185673e-01
   7.9950596e-01
   7.6410044e-01
   7.1387402e-01
   6.6035405e-01
   6.1383285e-01
   5.8130918e-01
   5.6772334e-01
   5.7472211e-01
   5.9983532e-01
   6.3729930e-01
   6.8176204e-01
   7.2581308e-01
   7.6286537e-01
   7.8921367e-01
   8.0156443e-01
   7.9991765e-01
   7.8674352e-01
   7.6368876e-01
   7.3569369e-01
   7.0728695e-01
   6.8176204e-01
   6.6323589e-01
   6.5212021e-01
   6.5006174e-01
   6.5500206e-01
   6.6488266e-01
   6.7682173e-01
   6.8793741e-01
   6.9493619e-01
   6.9658295e-01
   6.9246603e-01
   6.8258542e-01
   6.6858789e-01
   6.5294359e-01
   6.3647592e-01
   6.2165501e-01
   6.0930424e-01
   5.9901193e-01
   5.9201317e-01
   5.8707286e-01
   5.8336764e-01
   5.8130917e-01
   5.7925072e-01
   5.7678057e-01
   5.7389872e-01
   5.7101688e-01
   5.6813504e-01
   5.6648826e-01
   5.6689996e-01
   5.6978180e-01
   5.7595718e-01
   5.8501440e-01
   5.9654178e-01
   6.1012762e-01
   6.2453685e-01
   6.3853437e-01
   6.5088514e-01
   6.6076574e-01
   6.6817621e-01
   6.7188144e-01
   6.7270481e-01
   6.7064635e-01
   6.6529436e-01
   6.5870728e-01
   6.5170852e-01
   6.4512144e-01
   6.3976945e-01
   6.3647592e-01
   6.3647591e-01
   6.3812267e-01
   6.4100452e-01
   6.4512145e-01
   6.4965005e-01
   6.5417868e-01
   6.5788390e-01
   6.6117744e-01
   6.6323589e-01
   6.6405928e-01
   6.6323590e-01
   6.5994236e-01
   6.5459037e-01
   6.4594482e-01
   6.3565253e-01
   6.2412515e-01
   6.1177438e-01
   6.0024701e-01
   5.9242486e-01
   5.8830794e-01
   5.8913133e-01
   5.9530671e-01
   6.0518732e-01
   6.1753808e-01
   6.2783038e-01
   6.3235899e-01
   6.2783038e-01
   6.1095100e-01
   5.8130918e-01
   5.4096335e-01
   4.9403046e-01
   4.4874434e-01
   4.1086867e-01
   3.9028406e-01
   3.9069575e-01
   4.1580898e-01
   4.6438863e-01
   5.3149443e-01
   6.0848085e-01
   6.8546726e-01
   7.5133800e-01
   7.9744750e-01
   8.1720872e-01
   8.0773980e-01
   7.7109921e-01
   7.1305064e-01
   6.4265129e-01
   5.7184026e-01
   5.1049814e-01
   4.6850556e-01
   4.5121448e-01
   4.6068340e-01
   4.9485384e-01
   5.4631535e-01
   6.0724578e-01
   6.6817620e-01
   7.2004940e-01
   7.5627829e-01
   7.7274598e-01
   7.6904075e-01
   7.4680938e-01
   7.1016880e-01
   6.6447097e-01
   6.1671469e-01
   5.7225195e-01
   5.3561136e-01
   5.1132153e-01
   5.0061754e-01
   5.0185261e-01
   5.1337999e-01
   5.3149444e-01
   5.5043228e-01
   5.6525319e-01
   5.7019349e-01
   5.6237135e-01
   5.4013997e-01
   5.0308769e-01
   4.5491972e-01
   4.0057637e-01
   3.4623301e-01
   2.9971181e-01
   2.6718815e-01
   2.5360231e-01
   2.6142446e-01
   2.8941952e-01
   3.3347056e-01
   3.8781391e-01
   4.4462741e-01
   4.9650061e-01
   5.3808151e-01
   5.6607657e-01
   5.7966241e-01
   5.8007411e-01
   5.7101688e-01
   5.5660765e-01
   5.4219843e-01
   5.3025937e-01
   5.2367230e-01
   5.2449567e-01
   5.3149444e-01
   5.4466859e-01
   5.6195965e-01
   5.8172086e-01
   6.0107040e-01
   6.1836147e-01
   6.3194730e-01
   6.3976945e-01
   6.4223960e-01
   6.3894607e-01
   6.3071223e-01
   6.1918484e-01
   6.0477563e-01
   5.9036640e-01
   5.7801564e-01
   5.6978180e-01
   5.6607657e-01
   5.6813503e-01
   5.7595718e-01
   5.8830794e-01
   6.0354055e-01
   6.1959654e-01
   6.3359407e-01
   6.4306299e-01
   6.4841498e-01
   6.4882667e-01
   6.4635652e-01
   6.4182791e-01
   6.3771099e-01
   6.3647591e-01
   6.3853437e-01
   6.4429806e-01
   6.5294359e-01
   6.6364758e-01
   6.7435159e-01
   6.8382050e-01
   6.9040757e-01
   6.9246603e-01
   6.9081926e-01
   6.8464388e-01
   6.7476327e-01
   6.6158913e-01
   6.4594483e-01
   6.2988884e-01
   6.1424454e-01
   6.0024701e-01
   5.8954302e-01
   5.8377933e-01
   5.8336764e-01
   5.8913133e-01
   5.9983531e-01
   6.1342116e-01
   6.2577192e-01
   6.3359407e-01
   6.3153560e-01
   6.1424454e-01
   5.7883902e-01
   5.2531906e-01
   4.5697818e-01
   3.7958007e-01
   3.0218196e-01
   2.3631124e-01
   1.9102512e-01
   1.7455743e-01
   1.9102512e-01
   2.4001646e-01
   3.1453273e-01
   4.0634006e-01
   5.0226430e-01
   5.8995471e-01
   6.5747221e-01
   6.9699464e-01
   7.0564018e-01
   6.8299711e-01
   6.3606423e-01
   5.7513380e-01
   5.1173322e-01
   4.5738987e-01
   4.2280774e-01
   4.1416220e-01
   4.3474681e-01
   4.8167970e-01
   5.4837381e-01
   6.2659530e-01
   7.0522849e-01
   7.7439275e-01
   8.2544257e-01
   8.5426101e-01
   8.5837793e-01
   8.3985178e-01
   8.0403459e-01
   7.5751338e-01
   7.0934541e-01
   6.6694113e-01
   6.3771099e-01
   6.2577192e-01
   6.3153561e-01
   6.5500206e-01
   6.9123096e-01
   7.3322355e-01
   7.7439276e-01
   8.0732811e-01
   8.2585426e-01
   8.2708933e-01
   8.1020997e-01
   7.7686290e-01
   7.3198847e-01
   6.8217373e-01
   6.3524083e-01
   5.9695347e-01
   5.7389873e-01
   5.6813503e-01
   5.8048580e-01
   6.0848085e-01
   6.4759160e-01
   6.9040757e-01
   7.3198847e-01
   7.6615892e-01
   7.8962536e-01
   8.0115274e-01
   8.0197612e-01
   7.9374227e-01
   7.8139152e-01
   7.6657060e-01
   7.5298476e-01
   7.4145738e-01
   7.3281185e-01
   7.2745986e-01
   7.2334293e-01
   7.2046109e-01
   7.1716756e-01
   7.1346232e-01
   7.0811033e-01
   7.0193495e-01
   6.9452449e-01
   6.8629065e-01
   6.7723343e-01
   6.6735281e-01
   6.5664883e-01
   6.4553314e-01
   6.3400576e-01
   6.2206669e-01
   6.0971594e-01
   5.9777687e-01
   5.8748455e-01
   5.7925072e-01
   5.7389872e-01
   5.7225195e-01
   5.7472210e-01
   5.8048580e-01
   5.9036640e-01
   6.0230547e-01
   6.1589132e-01
   6.2865376e-01
   6.4100452e-01
   6.5129683e-01
   6.5870728e-01
   6.6241251e-01
   6.6282420e-01
   6.6076575e-01
   6.5541375e-01
   6.4882667e-01
   6.4223961e-01
   6.3606423e-01
   6.3235899e-01
   6.3071222e-01
   6.3071222e-01
   6.3235899e-01
   6.3441745e-01
   6.3524083e-01
   6.3441745e-01
   6.3235899e-01
   6.2865376e-01
   6.2453684e-01
   6.2165500e-01
   6.2165500e-01
   6.2577191e-01
   6.3359407e-01
   6.4594483e-01
   6.6076574e-01
   6.7641004e-01
   6.8958419e-01
   6.9617126e-01
   6.9370110e-01
   6.8011528e-01
   6.5459036e-01
   6.1959654e-01
   5.7925072e-01
   5.3808151e-01
   5.0349939e-01
   4.8126801e-01
   4.7509263e-01
   4.8785508e-01
   5.1832029e-01
   5.6278303e-01
   6.1506793e-01
   6.6858790e-01
   7.1593248e-01
   7.5010291e-01
   7.6698229e-01
   7.6410045e-01
   7.4228078e-01
   7.0522849e-01
   6.5870728e-01
   6.0930424e-01
   5.6484150e-01
   5.3190613e-01
   5.1502676e-01
   5.1626183e-01
   5.3519966e-01
   5.6772334e-01
   6.0889254e-01
   6.5129683e-01
   6.8917250e-01
   7.1634417e-01
   7.2910662e-01
   7.2581308e-01
   7.0811032e-01
   6.7888019e-01
   6.4265130e-01
   6.0642239e-01
   5.7554549e-01
   5.5454919e-01
   5.4713874e-01
   5.5454920e-01
   5.7554549e-01
   6.0642240e-01
   6.4306298e-01
   6.7970357e-01
   7.1016879e-01
   7.3116509e-01
   7.3775215e-01
   7.3034170e-01
   7.0893371e-01
   6.7558665e-01
   6.3482914e-01
   5.9160149e-01
   5.5207904e-01
   5.2079045e-01
   5.0144092e-01
   4.9773570e-01
   5.0967476e-01
   5.3602305e-01
   5.7266364e-01
   6.1630300e-01
   6.6117743e-01
   7.0317002e-01
   7.3734046e-01
   7.6327707e-01
   7.7850967e-01
   7.8509674e-01
   7.8427336e-01
   7.7892137e-01
   7.7109921e-01
   7.6327706e-01
   7.5710169e-01
   7.5463154e-01
   7.5586660e-01
   7.5957184e-01
   7.6615891e-01
   7.7356936e-01
   7.8056813e-01
   7.8468505e-01
   7.8509674e-01
   7.8139152e-01
   7.7274598e-01
   7.6080691e-01
   7.4680938e-01
   7.3240016e-01
   7.2004939e-01
   7.1099218e-01
   7.0728695e-01
   7.0852202e-01
   7.1510909e-01
   7.2581309e-01
   7.3816384e-01
   7.5010292e-01
   7.5833676e-01
   7.6121860e-01
   7.5710168e-01
   7.4680938e-01
   7.3116508e-01
   7.1346233e-01
   6.9699464e-01
   6.8505557e-01
   6.7929189e-01
   6.8135035e-01
   6.9040758e-01
   7.0481680e-01
   7.2128448e-01
   7.3692877e-01
   7.4927954e-01
   7.5627829e-01
   7.5668999e-01
   7.5051461e-01
   7.3939893e-01
   7.2457802e-01
   7.0769864e-01
   6.9081926e-01
   6.7558666e-01
   6.6447097e-01
   6.5829559e-01
   6.5747221e-01
   6.6200082e-01
   6.7188143e-01
   6.8546726e-01
   7.0275833e-01
   7.1963771e-01
   7.3487031e-01
   7.4392754e-01
   7.4392753e-01
   7.3198847e-01
   7.0605186e-01
   6.6652943e-01
   6.1547963e-01
   5.5784272e-01
   5.0020584e-01
   4.4956771e-01
   4.1416220e-01
   3.9851791e-01
   4.0592837e-01
   4.3557019e-01
   4.8291477e-01
   5.4013997e-01
   5.9983531e-01
   6.5212021e-01
   6.8876081e-01
   7.0481679e-01
   6.9740633e-01
   6.6982296e-01
   6.2536023e-01
   5.7225195e-01
   5.1996706e-01
   4.7632770e-01
   4.4833264e-01
   4.4092219e-01
   4.5533141e-01
   4.8867847e-01
   5.3725813e-01
   5.9407163e-01
   6.5170852e-01
   7.0399341e-01
   7.4598599e-01
   7.7439275e-01
   7.8839027e-01
   7.8921366e-01
   7.7933305e-01
   7.6121861e-01
   7.3939893e-01
   7.1716755e-01
   6.9781804e-01
   6.8340881e-01
   6.7558666e-01
   6.7435158e-01
   6.7805681e-01
   6.8629065e-01
   6.9658295e-01
   7.0728695e-01
   7.1552079e-01
   7.2087278e-01
   7.2334294e-01
   7.2169617e-01
   7.1716756e-01
   7.1058048e-01
   7.0358172e-01
   6.9740634e-01
   6.9246603e-01
   6.9040757e-01
   6.9164265e-01
   6.9658295e-01
   7.0358172e-01
   7.1263894e-01
   7.2293124e-01
   7.3240015e-01
   7.4022231e-01
   7.4639769e-01
   7.4969123e-01
   7.5051461e-01
   7.5051461e-01
   7.4886784e-01
   7.4680938e-01
   7.4475092e-01
   7.4351584e-01
   7.4269247e-01
   7.4228078e-01
   7.4228077e-01
   7.4186908e-01
   7.4104569e-01
   7.3857554e-01
   7.3404693e-01
   7.2787155e-01
   7.1922602e-01
   7.0934541e-01
   6.9905311e-01
   6.8876080e-01
   6.8011528e-01
   6.7311650e-01
   6.6899959e-01
   6.6694112e-01
   6.6652943e-01
   6.6735281e-01
   6.6858790e-01
   6.7023466e-01
   6.7146974e-01
   6.7270481e-01
   6.7270481e-01
   6.7270481e-01
   6.7229312e-01
   6.7146974e-01
   6.7023466e-01
   6.6982297e-01
   6.7023465e-01
   6.7064635e-01
   6.7229312e-01
   6.7393989e-01
   6.7517496e-01
   6.7682173e-01
   6.7805681e-01
   6.7888019e-01
   6.7888019e-01
   6.7929188e-01
   6.7846850e-01
   6.7599835e-01
   6.7146974e-01
   6.6323590e-01
   6.5212021e-01
   6.3771099e-01
   6.2083161e-01
   6.0312886e-01
   5.8666118e-01
   5.7348703e-01
   5.6525319e-01
   5.6278303e-01
   5.6648827e-01
   5.7554549e-01
   5.9036640e-01
   6.0848085e-01
   6.2906545e-01
   6.5047345e-01
   6.7146974e-01
   6.9081926e-01
   7.0728695e-01
   7.1840263e-01
   7.2416632e-01
   7.2210787e-01
   7.1222725e-01
   6.9370111e-01
   6.6694112e-01
   6.3441745e-01
   5.9860025e-01
   5.6319472e-01
   5.3231782e-01
   5.1090983e-01
   5.0144092e-01
   5.0596954e-01
   5.2449568e-01
   5.5496089e-01
   5.9201317e-01
   6.3277069e-01
   6.6982297e-01
   7.0069988e-01
   7.2210786e-01
   7.3198846e-01
   7.3281185e-01
   7.2581309e-01
   7.1387402e-01
   6.9987648e-01
   6.8752573e-01
   6.7764512e-01
   6.7188143e-01
   6.7064635e-01
   6.7229312e-01
   6.7682173e-01
   6.8217373e-01
   6.8711404e-01
   6.9123095e-01
   6.9370110e-01
   6.9452449e-01
   6.9328942e-01
   6.9205434e-01
   6.8999588e-01
   6.8876081e-01
   6.8793741e-01
   6.8793741e-01
   6.8876080e-01
   6.9040757e-01
   6.9287772e-01
   6.9699464e-01
   7.0152326e-01
   7.0769864e-01
   7.1387402e-01
   7.1881432e-01
   7.2334293e-01
   7.2498970e-01
   7.2334294e-01
   7.1881433e-01
   7.1181555e-01
   7.0358172e-01
   6.9575957e-01
   6.8999588e-01
   6.8711404e-01
   6.8793742e-01
   6.9287772e-01
   7.0111157e-01
   7.1263894e-01
   7.2622478e-01
   7.3981062e-01
   7.5257307e-01
   7.6245368e-01
   7.6904076e-01
   7.7109921e-01
   7.6986414e-01
   7.6451214e-01
   7.5627829e-01
   7.4722107e-01
   7.3816385e-01
   7.3075340e-01
   7.2581309e-01
   7.2457802e-01
   7.2663647e-01
   7.3240016e-01
   7.4022231e-01
   7.4886784e-01
   7.5545491e-01
   7.5710169e-01
   7.5133800e-01
   7.3692877e-01
   7.1181556e-01
   6.7764512e-01
   6.3688760e-01
   5.9407163e-01
   5.5372581e-01
   5.2120214e-01
   5.0144092e-01
   4.9650061e-01
   5.0596954e-01
   5.2943598e-01
   5.6195965e-01
   5.9777686e-01
   6.3030054e-01
   6.5417867e-01
   6.6488266e-01
   6.5994236e-01
   6.3976945e-01
   6.0848085e-01
   5.7060518e-01
   5.3272952e-01
   5.0308769e-01
   4.8662000e-01
   4.8744338e-01
   5.0555784e-01
   5.4013997e-01
   5.8624948e-01
   6.3771098e-01
   6.8711403e-01
   7.2951831e-01
   7.6080692e-01
   7.7768629e-01
   7.8056813e-01
   7.7027582e-01
   7.5051461e-01
   7.2540140e-01
   6.9987649e-01
   6.7723343e-01
   6.6117744e-01
   6.5417868e-01
   6.5664882e-01
   6.6817620e-01
   6.8629065e-01
   7.0605186e-01
   7.2334293e-01
   7.3281185e-01
   7.2910663e-01
   7.0934541e-01
   6.7105805e-01
   6.1589131e-01
   5.4796212e-01
   4.7262247e-01
   3.9851790e-01
   3.3511733e-01
   2.8983120e-01
   2.6924660e-01
   2.7583368e-01
   3.0876904e-01
   3.6352408e-01
   4.3268835e-01
   5.0679292e-01
   5.7760395e-01
   6.3729929e-01
   6.8176204e-01
   7.0934541e-01
   7.2046109e-01
   7.1922602e-01
   7.0893371e-01
   6.9534788e-01
   6.8176204e-01
   6.7105805e-01
   6.6488266e-01
   6.6323590e-01
   6.6570606e-01
   6.7146974e-01
   6.7929188e-01
   6.8711403e-01
   6.9493619e-01
   6.9987648e-01
   7.0275833e-01
   7.0317002e-01
   7.0152326e-01
   6.9905310e-01
   6.9617126e-01
   6.9452449e-01
   6.9411279e-01
   6.9658295e-01
   7.0234664e-01
   7.1058048e-01
   7.2087278e-01
   7.3240016e-01
   7.4351584e-01
   7.5216138e-01
   7.5710168e-01
   7.5669000e-01
   7.5092631e-01
   7.3981062e-01
   7.2498971e-01
   7.0811033e-01
   6.9123095e-01
   6.7599835e-01
   6.6447097e-01
   6.5664883e-01
   6.5212021e-01
   6.5088514e-01
   6.5129683e-01
   6.5170852e-01
   6.5047345e-01
   6.4676821e-01
   6.3894607e-01
   6.2700700e-01
   6.1012762e-01
   5.8871964e-01
   5.6484150e-01
   5.3890489e-01
   5.1420337e-01
   4.9197201e-01
   4.7509263e-01
   4.6480033e-01
   4.6274186e-01
   4.6809387e-01
   4.8085631e-01
   4.9938245e-01
   5.2120214e-01
   5.4261013e-01
   5.6031288e-01
   5.7225195e-01
   5.7513380e-01
   5.6813504e-01
   5.5002058e-01
   5.2284890e-01
   4.9073692e-01
   4.5697817e-01
   4.2857143e-01
   4.1004528e-01
   4.0551667e-01
   4.1704404e-01
   4.4462742e-01
   4.8456154e-01
   5.3190612e-01
   5.8089748e-01
   6.2289007e-01
   6.5129683e-01
   6.6158913e-01
   6.4923836e-01
   6.1630300e-01
   5.6566488e-01
   5.0514615e-01
   4.4256896e-01
   3.8781391e-01
   3.4911485e-01
   3.3264718e-01
   3.4129271e-01
   3.7299300e-01
   4.2404281e-01
   4.8620832e-01
   5.5207904e-01
   6.1177438e-01
   6.5953067e-01
   6.8999588e-01
   7.0234664e-01
   6.9740633e-01
   6.7888019e-01
   6.5212021e-01
   6.2247839e-01
   5.9654178e-01
   5.7801565e-01
   5.6978180e-01
   5.7348703e-01
   5.8789625e-01
   6.1095100e-01
   6.3771099e-01
   6.6488266e-01
   6.8752573e-01
   7.0234664e-01
   7.0564017e-01
   6.9781803e-01
   6.7888020e-01
   6.5088514e-01
   6.1753808e-01
   5.8419102e-01
   5.5619597e-01
   5.3684644e-01
   5.3108274e-01
   5.3972828e-01
   5.6113626e-01
   5.9324824e-01
   6.3194730e-01
   6.7064635e-01
   7.0564017e-01
   7.3157677e-01
   7.4639769e-01
   7.4969122e-01
   7.4310415e-01
   7.2910663e-01
   7.1181555e-01
   6.9452449e-01
   6.8135035e-01
   6.7270481e-01
   6.7105805e-01
   6.7435159e-01
   6.8258542e-01
   6.9328941e-01
   7.0399341e-01
   7.1305064e-01
   7.1840264e-01
   7.1922602e-01
   7.1469740e-01
   7.0646356e-01
   6.9617125e-01
   6.8464388e-01
   6.7435158e-01
   6.6611775e-01
   6.6117744e-01
   6.5953067e-01
   6.6035406e-01
   6.6241251e-01
   6.6529436e-01
   6.6776451e-01
   6.6817620e-01
   6.6652944e-01
   6.6323590e-01
   6.5706052e-01
   6.4882668e-01
   6.3853437e-01
   6.2824207e-01
   6.1794977e-01
   6.0848085e-01
   6.0148209e-01
   5.9613009e-01
   5.9365994e-01
   5.9407163e-01
   5.9654178e-01
   6.0148209e-01
   6.0806916e-01
   6.1589131e-01
   6.2453684e-01
   6.3277069e-01
   6.4018114e-01
   6.4594483e-01
   6.4882667e-01
   6.4882668e-01
   6.4594483e-01
   6.4141622e-01
   6.3729929e-01
   6.3482914e-01
   6.3647591e-01
   6.4429806e-01
   6.5706052e-01
   6.7558666e-01
   6.9822972e-01
   7.2128448e-01
   7.4145738e-01
   7.5339645e-01
   7.5298476e-01
   7.3734047e-01
   7.0522849e-01
   6.5788390e-01
   5.9942363e-01
   5.3561136e-01
   4.7468093e-01
   4.2568958e-01
   3.9481268e-01
   3.8740222e-01
   4.0386991e-01
   4.4256895e-01
   4.9691231e-01
   5.5948950e-01
   6.2000823e-01
   6.7064635e-01
   7.0399341e-01
   7.1552079e-01
   7.0440510e-01
   6.7352820e-01
   6.2947714e-01
   5.7883902e-01
   5.3149443e-01
   4.9485384e-01
   4.7426925e-01
   4.7426924e-01
   4.9361877e-01
   5.2943598e-01
   5.7678057e-01
   6.2783038e-01
   6.7641004e-01
   7.1675586e-01
   7.4475092e-01
   7.5957184e-01
   7.6080692e-01
   7.5216138e-01
   7.3692877e-01
   7.1922602e-01
   7.0275833e-01
   6.9081926e-01
   6.8505557e-01
   6.8629065e-01
   6.9370110e-01
   7.0605186e-01
   7.2004939e-01
   7.3445862e-01
   7.4557431e-01
   7.5298476e-01
   7.5380815e-01
   7.4927954e-01
   7.3857553e-01
   7.2334294e-01
   7.0440510e-01
   6.8423219e-01
   6.6488266e-01
   6.4759160e-01
   6.3482914e-01
   6.2741869e-01
   6.2659530e-01
   6.3112391e-01
   6.4141622e-01
   6.5500205e-01
   6.6899959e-01
   6.8052697e-01
   6.8876081e-01
   6.9123095e-01
   6.8752573e-01
   6.7846850e-01
   6.6529436e-01
   6.4882667e-01
   6.3194730e-01
   6.1671470e-01
   6.0395224e-01
   5.9613009e-01
   5.9324825e-01
   5.9654178e-01
   6.0436393e-01
   6.1630300e-01
   6.3030053e-01
   6.4306298e-01
   6.5376699e-01
   6.5911897e-01
   6.5911897e-01
   6.5376699e-01
   6.4223960e-01
   6.2783038e-01
   6.1136269e-01
   5.9571840e-01
   5.8295595e-01
   5.7389872e-01
   5.7060518e-01
   5.7225195e-01
   5.7842733e-01
   5.8789624e-01
   5.9818855e-01
   6.0765747e-01
   6.1424454e-01
   6.1671469e-01
   6.1465623e-01
   6.0848085e-01
   5.9983532e-01
   5.8954302e-01
   5.8007410e-01
   5.7307534e-01
   5.6937011e-01
   5.7019349e-01
   5.7389872e-01
   5.8130917e-01
   5.9077809e-01
   6.0107040e-01
   6.1095100e-01
   6.1877316e-01
   6.2289007e-01
   6.2206670e-01
   6.1589131e-01
   6.0518732e-01
   5.8954302e-01
   5.7142857e-01
   5.5290242e-01
   5.3684643e-01
   5.2573075e-01
   5.2120214e-01
   5.2573075e-01
   5.3808151e-01
   5.5701935e-01
   5.8048579e-01
   6.0395224e-01
   6.2330176e-01
   6.3441745e-01
   6.3359407e-01
   6.1918484e-01
   5.9077809e-01
   5.5207904e-01
   5.0761629e-01
   4.6480033e-01
   4.3062988e-01
   4.1169205e-01
   4.1292713e-01
   4.3598188e-01
   4.7920955e-01
   5.3808151e-01
   6.0518732e-01
   6.7146974e-01
   7.2910662e-01
   7.7109921e-01
   7.9333059e-01
   7.9415396e-01
   7.7686289e-01
   7.4516262e-01
   7.0564018e-01
   6.6694112e-01
   6.3524083e-01
   6.1547962e-01
   6.1177439e-01
   6.2247838e-01
   6.4635652e-01
   6.7805681e-01
   7.1263895e-01
   7.4433923e-01
   7.6821737e-01
   7.8015644e-01
   7.7974475e-01
   7.6698229e-01
   7.4351584e-01
   7.1305063e-01
   6.7929188e-01
   6.4676821e-01
   6.2000823e-01
   6.0107040e-01
   5.9201317e-01
   5.9324825e-01
   6.0271716e-01
   6.1794977e-01
   6.3565253e-01
   6.5170852e-01
   6.6364759e-01
   6.6941128e-01
   6.6817620e-01
   6.6076575e-01
   6.5006174e-01
   6.3771099e-01
   6.2618360e-01
   6.1794977e-01
   6.1465623e-01
   6.1630300e-01
   6.2289007e-01
   6.3441745e-01
   6.4882667e-01
   6.6405928e-01
   6.7929188e-01
   6.9287773e-01
   7.0358172e-01
   7.1058048e-01
   7.1428571e-01
   7.1469740e-01
   7.1222725e-01
   7.0811033e-01
   7.0234663e-01
   6.9658295e-01
   6.9123095e-01
   6.8629065e-01
   6.8258542e-01
   6.8011528e-01
   6.7888019e-01
   6.7970357e-01
   6.8135035e-01
   6.8340881e-01
   6.8546726e-01
   6.8711403e-01
   6.8752573e-01
   6.8793741e-01
   6.8752573e-01
   6.8793742e-01
   6.8917249e-01
   6.9246603e-01
   6.9617126e-01
   7.0152326e-01
   7.0646356e-01
   7.1058048e-01
   7.1222725e-01
   7.1099217e-01
   7.0687526e-01
   6.9905310e-01
   6.8793741e-01
   6.7558666e-01
   6.6200082e-01
   6.4965005e-01
   6.3935776e-01
   6.3277069e-01
   6.2947714e-01
   6.2988885e-01
   6.3400576e-01
   6.4018114e-01
   6.4594483e-01
   6.5088514e-01
   6.5335529e-01
   6.5253190e-01
   6.4882667e-01
   6.4223961e-01
   6.3441745e-01
   6.2536023e-01
   6.1630300e-01
   6.0765747e-01
   6.0024701e-01
   5.9365993e-01
   5.8954302e-01
   5.8666117e-01
   5.8707287e-01
   5.8954302e-01
   5.9530671e-01
   6.0354055e-01
   6.1383285e-01
   6.2536023e-01
   6.3647592e-01
   6.4512145e-01
   6.4923837e-01
   6.4594483e-01
   6.3277068e-01
   6.0930424e-01
   5.7472211e-01
   5.3108274e-01
   4.8250309e-01
   4.3392343e-01
   3.9234252e-01
   3.6270069e-01
   3.4993825e-01
   3.5611362e-01
   3.8081514e-01
   4.2116097e-01
   4.7138740e-01
   5.2449568e-01
   5.7389872e-01
   6.1177439e-01
   6.3400576e-01
   6.3812268e-01
   6.2412515e-01
   5.9489502e-01
   5.5537258e-01
