   6.5234709e-01
   6.6742533e-01
   6.8250356e-01
   6.9729730e-01
   7.1123756e-01
   7.2489332e-01
   7.3769559e-01
   7.4850640e-01
   7.5391181e-01
   7.5078236e-01
   7.3456615e-01
   7.0156473e-01
   6.4978663e-01
   5.8122333e-01
   5.0099573e-01
   4.1706971e-01
   3.3968706e-01
   2.8079659e-01
   2.4893315e-01
   2.4921764e-01
   2.8364154e-01
   3.4679944e-01
   4.2930299e-01
   5.1891892e-01
   6.0142248e-01
   6.6401138e-01
   6.9701281e-01
   6.9644381e-01
   6.6315789e-01
   6.0312945e-01
   5.2802276e-01
   4.5120911e-01
   3.8634424e-01
   3.4452347e-01
   3.3371267e-01
   3.5618777e-01
   4.0881935e-01
   4.8392603e-01
   5.7069701e-01
   6.5689901e-01
   7.3115221e-01
   7.8492177e-01
   8.1280228e-01
   8.1337127e-01
   7.9061167e-01
   7.5078236e-01
   7.0184922e-01
   6.5320057e-01
   6.1337127e-01
   5.8862020e-01
   5.8321480e-01
   5.9743954e-01
   6.2958749e-01
   6.7425321e-01
   7.2489332e-01
   7.7325747e-01
   8.1223329e-01
   8.3470839e-01
   8.3726885e-01
   8.1763869e-01
   7.7809388e-01
   7.2375533e-01
   6.6116644e-01
   6.0000000e-01
   5.4850640e-01
   5.1436700e-01
   5.0355619e-01
   5.1692746e-01
   5.5334282e-01
   6.0711238e-01
   6.7083926e-01
   7.3570413e-01
   7.9317212e-01
   8.3755335e-01
   8.6486487e-01
   8.7425321e-01
   8.6827881e-01
   8.5120911e-01
   8.2816501e-01
   8.0369844e-01
   7.8293031e-01
   7.6756757e-01
   7.5931722e-01
   7.5732575e-01
   7.5960171e-01
   7.6472262e-01
   7.7012803e-01
   7.7382646e-01
   7.7439545e-01
   7.7126600e-01
   7.6529161e-01
   7.5647226e-01
   7.4623044e-01
   7.3570413e-01
   7.2631580e-01
   7.1891892e-01
   7.1408250e-01
   7.1209104e-01
   7.1322902e-01
   7.1692746e-01
   7.2347084e-01
   7.3115221e-01
   7.3997155e-01
   7.4793741e-01
   7.5504979e-01
   7.5988620e-01
   7.6244666e-01
   7.6159317e-01
   7.5846373e-01
   7.5334282e-01
   7.4651493e-01
   7.3968706e-01
   7.3314367e-01
   7.2830725e-01
   7.2489332e-01
   7.2347084e-01
   7.2460882e-01
   7.2802276e-01
   7.3371266e-01
   7.4139403e-01
   7.4964438e-01
   7.5846373e-01
   7.6699858e-01
   7.7354196e-01
   7.7809389e-01
   7.8008535e-01
   7.7923187e-01
   7.7638692e-01
   7.7155050e-01
   7.6642959e-01
   7.6159317e-01
   7.5874823e-01
   7.5817923e-01
   7.5988620e-01
   7.6330014e-01
   7.6642959e-01
   7.6756757e-01
   7.6273116e-01
   7.4935989e-01
   7.2546231e-01
   6.8990043e-01
   6.4409673e-01
   5.9089616e-01
   5.3598862e-01
   4.8591750e-01
   4.4751067e-01
   4.2731152e-01
   4.2844950e-01
   4.5206259e-01
   4.9473685e-01
   5.4935989e-01
   6.0568991e-01
   6.5206259e-01
   6.7652917e-01
   6.7027027e-01
   6.2759602e-01
   5.4964438e-01
   4.4267426e-01
   3.1948791e-01
   1.9658606e-01
   9.2176391e-02
   2.2475112e-02
   0.0000000e+00
   3.0156472e-02
   1.1066857e-01
   2.3186345e-01
   3.7724040e-01
   5.2745377e-01
   6.6287340e-01
   7.6642959e-01
   8.2532007e-01
   8.3499289e-01
   7.9772404e-01
   7.2204837e-01
   6.2275960e-01
   5.1635846e-01
   4.1963016e-01
   3.4765292e-01
   3.0953059e-01
   3.1038407e-01
   3.4822191e-01
   4.1621622e-01
   5.0298720e-01
   5.9459460e-01
   6.7766714e-01
   7.4054054e-01
   7.7382646e-01
   7.7496444e-01
   7.4452348e-01
   6.8961594e-01
   6.1963016e-01
   5.4736842e-01
   4.8506401e-01
   4.4409673e-01
   4.3186344e-01
   4.5149360e-01
   5.0128024e-01
   5.7467995e-01
   6.6116643e-01
   7.4907540e-01
   8.2645804e-01
   8.8364154e-01
   9.1322902e-01
   9.1379801e-01
   8.8705548e-01
   8.3897582e-01
   7.7809388e-01
   7.1408250e-01
   6.5689901e-01
   6.1450925e-01
   5.9231864e-01
   5.9203414e-01
   6.1251778e-01
   6.4893315e-01
   6.9445234e-01
   7.4082504e-01
   7.7951636e-01
   8.0369844e-01
   8.0825036e-01
   7.9174965e-01
   7.5618777e-01
   7.0583215e-01
   6.4807966e-01
   5.9146515e-01
   5.4395448e-01
   5.1209104e-01
   5.0099573e-01
   5.1180655e-01
   5.4253201e-01
   5.8890470e-01
   6.4352774e-01
   6.9928876e-01
   7.4793741e-01
   7.8435277e-01
   8.0483642e-01
   8.0881935e-01
   7.9772404e-01
   7.7581793e-01
   7.4879090e-01
   7.2204837e-01
   7.0042675e-01
   6.8790896e-01
   6.8648649e-01
   6.9672831e-01
   7.1664296e-01
   7.4395448e-01
   7.7524894e-01
   8.0654338e-01
   8.3385491e-01
   8.5348507e-01
   8.6344239e-01
   8.6145093e-01
   8.4751067e-01
   8.2361309e-01
   7.9260314e-01
   7.5817923e-01
   7.2603130e-01
   7.0042674e-01
   6.8648649e-01
   6.8677098e-01
   7.0213371e-01
   7.3086772e-01
   7.6842106e-01
   8.0739687e-01
   8.4011380e-01
   8.5718351e-01
   8.5092461e-01
   8.1735420e-01
   7.5561878e-01
   6.6970128e-01
   5.6870555e-01
   4.6543385e-01
   3.7439545e-01
   3.0924609e-01
   2.8108109e-01
   2.9587483e-01
   3.5305832e-01
   4.4608819e-01
   5.6130868e-01
   6.8250356e-01
   7.9174965e-01
   8.7311522e-01
   9.1379801e-01
   9.0867710e-01
   8.5917497e-01
   7.7268848e-01
   6.6372689e-01
   5.4992888e-01
   4.4893315e-01
   3.7695590e-01
   3.4509246e-01
   3.5732575e-01
   4.1251779e-01
   5.0071124e-01
   6.0910384e-01
   7.2176387e-01
   8.2247511e-01
   8.9786629e-01
   9.3854908e-01
   9.4110953e-01
   9.0725463e-01
   8.4438122e-01
   7.6386914e-01
   6.7823613e-01
   6.0085349e-01
   5.4281650e-01
   5.1209104e-01
   5.1209104e-01
   5.4110954e-01
   5.9402560e-01
   6.6145093e-01
   7.3172119e-01
   7.9402561e-01
   8.3812234e-01
   8.5718351e-01
   8.4836415e-01
   8.1251778e-01
   7.5590327e-01
   6.8705548e-01
   6.1735420e-01
   5.5761024e-01
   5.1778094e-01
   5.0497867e-01
   5.2204837e-01
   5.6671408e-01
   6.3442390e-01
   7.1522049e-01
   7.9914651e-01
   8.7652916e-01
   9.3883357e-01
   9.8065434e-01
   1.0000000e+00
   9.9886202e-01
   9.8150783e-01
   9.5448080e-01
   9.2375533e-01
   8.9530583e-01
   8.7396871e-01
   8.6201992e-01
   8.6031295e-01
   8.6685633e-01
   8.8022760e-01
   8.9644381e-01
   9.1237553e-01
   9.2489332e-01
   9.3257468e-01
   9.3371266e-01
   9.2830726e-01
   9.1664296e-01
   9.0099574e-01
   8.8221907e-01
   8.6230441e-01
   8.4324324e-01
   8.2588905e-01
   8.1137980e-01
   8.0028450e-01
   7.9260314e-01
   7.8890470e-01
   7.8805121e-01
   7.8947369e-01
   7.9231863e-01
   7.9601708e-01
   7.9971551e-01
   8.0256046e-01
   8.0483642e-01
   8.0597439e-01
   8.0654339e-01
   8.0682788e-01
   8.0711238e-01
   8.0825036e-01
   8.0967284e-01
   8.1251778e-01
   8.1650071e-01
   8.2162162e-01
   8.2759602e-01
   8.3357042e-01
   8.3783784e-01
   8.3982930e-01
   8.3840683e-01
   8.3214794e-01
   8.2133713e-01
   8.0625890e-01
   7.8890470e-01
   7.7126601e-01
   7.5561878e-01
   7.4537696e-01
   7.4196301e-01
   7.4679943e-01
   7.6017070e-01
   7.7980086e-01
   8.0312945e-01
   8.2532006e-01
   8.4238976e-01
   8.4864865e-01
   8.4096729e-01
   8.1650071e-01
   7.7581792e-01
   7.2091039e-01
   6.5775249e-01
   5.9317212e-01
   5.3541963e-01
   4.9274538e-01
   4.7112376e-01
   4.7482219e-01
   5.0327169e-01
   5.5305832e-01
   6.1621622e-01
   6.8421053e-01
   7.4509246e-01
   7.8975818e-01
   8.0995733e-01
   8.0227596e-01
   7.6614509e-01
   7.0810811e-01
   6.3613087e-01
   5.6187767e-01
   4.9843528e-01
   4.5576103e-01
   4.4153628e-01
   4.5889047e-01
   5.0583215e-01
   5.7524893e-01
   6.5718351e-01
   7.3911807e-01
   8.0967283e-01
   8.5889047e-01
   8.8079658e-01
   8.7396871e-01
   8.4096729e-01
   7.8918919e-01
   7.2716928e-01
   6.6571836e-01
   6.1394026e-01
   5.8008535e-01
   5.6813656e-01
   5.7894737e-01
   6.1024182e-01
   6.5661451e-01
   7.1066856e-01
   7.6443812e-01
   8.1137980e-01
   8.4580370e-01
   8.6429588e-01
   8.6685633e-01
   8.5519204e-01
   8.3243244e-01
   8.0312945e-01
   7.7240399e-01
   7.4452347e-01
   7.2261735e-01
   7.0981508e-01
   7.0583215e-01
   7.1038407e-01
   7.2204837e-01
   7.3769559e-01
   7.5448080e-01
   7.6955903e-01
   7.8093883e-01
   7.8748223e-01
   7.8862020e-01
   7.8492177e-01
   7.7837838e-01
   7.7041252e-01
   7.6301565e-01
   7.5761024e-01
   7.5618777e-01
   7.5874822e-01
   7.6614509e-01
   7.7724039e-01
   7.9089616e-01
   8.0568990e-01
   8.1934567e-01
   8.3044097e-01
   8.3755335e-01
   8.3954481e-01
   8.3641537e-01
   8.2816501e-01
   8.1564722e-01
   8.0028450e-01
   7.8349930e-01
   7.6671408e-01
   7.5106686e-01
   7.3798008e-01
   7.2802276e-01
   7.2233286e-01
   7.2062589e-01
   7.2290186e-01
   7.2859175e-01
   7.3627312e-01
   7.4452347e-01
   7.5192034e-01
   7.5732575e-01
   7.5931721e-01
   7.5761024e-01
   7.5192034e-01
   7.4281650e-01
   7.3143670e-01
   7.1920341e-01
   7.0810811e-01
   6.9900427e-01
   6.9388336e-01
   6.9217639e-01
   6.9445234e-01
   6.9928877e-01
   7.0440967e-01
   7.0697013e-01
   7.0497867e-01
   6.9615932e-01
   6.8022760e-01
   6.5689901e-01
   6.2958749e-01
   6.0085349e-01
   5.7581792e-01
   5.5874822e-01
   5.5334282e-01
   5.6187767e-01
   5.8435278e-01
   6.1792319e-01
   6.5832148e-01
   6.9900426e-01
   7.3229018e-01
   7.5135135e-01
   7.4964438e-01
   7.2432433e-01
   6.7567568e-01
   6.0768136e-01
   5.2802276e-01
   4.4637269e-01
   3.7496444e-01
   3.2347084e-01
   3.0042675e-01
   3.1038407e-01
   3.5220483e-01
   4.2019915e-01
   5.0440968e-01
   5.9231864e-01
   6.6913229e-01
   7.2318635e-01
   7.4452348e-01
   7.2944524e-01
   6.7908962e-01
   6.0085349e-01
   5.0640114e-01
   4.1052632e-01
   3.2859175e-01
   2.7396870e-01
   2.5576102e-01
   2.7795164e-01
   3.3741110e-01
   4.2560456e-01
   5.3029872e-01
   6.3584637e-01
   7.2802276e-01
   7.9459460e-01
   8.2759602e-01
   8.2446658e-01
   7.8862020e-01
   7.2745378e-01
   6.5234709e-01
   5.7667141e-01
   5.1152205e-01
   4.6685633e-01
   4.4864865e-01
   4.5775249e-01
   4.9160740e-01
   5.4338549e-01
   6.0398293e-01
   6.6401138e-01
   7.1493599e-01
   7.5135135e-01
   7.7041252e-01
   7.7211949e-01
   7.6017070e-01
   7.3911807e-01
   7.1465149e-01
   6.9189189e-01
   6.7510669e-01
   6.6600285e-01
   6.6571835e-01
   6.7339972e-01
   6.8648649e-01
   7.0270271e-01
   7.1948791e-01
   7.3485064e-01
   7.4679943e-01
   7.5504979e-01
   7.5988620e-01
   7.6187767e-01
   7.6187767e-01
   7.6102419e-01
   7.5960170e-01
   7.5817924e-01
   7.5761024e-01
   7.5789474e-01
   7.5903272e-01
   7.6017070e-01
   7.6244666e-01
   7.6472262e-01
   7.6642959e-01
   7.6699858e-01
   7.6557610e-01
   7.6187767e-01
   7.5504979e-01
   7.4537695e-01
   7.3342817e-01
   7.1977241e-01
   7.0583215e-01
   6.9359887e-01
   6.8392604e-01
   6.7823613e-01
   6.7738265e-01
   6.8079659e-01
   6.8904695e-01
   7.0071124e-01
   7.1436700e-01
   7.2802276e-01
   7.3997156e-01
   7.4879090e-01
   7.5248933e-01
   7.5078236e-01
   7.4395448e-01
   7.3257468e-01
   7.1834993e-01
   7.0327170e-01
   6.9046941e-01
   6.8136558e-01
   6.7766714e-01
   6.8108109e-01
   6.9103841e-01
   7.0753912e-01
   7.2802276e-01
   7.4992887e-01
   7.7041252e-01
   7.8577525e-01
   7.9288762e-01
   7.9004268e-01
   7.7610242e-01
   7.5277383e-01
   7.2261735e-01
   6.8933144e-01
   6.5889047e-01
   6.3584637e-01
   6.2389759e-01
   6.2645804e-01
   6.4324325e-01
   6.7254623e-01
   7.0896159e-01
   7.4594595e-01
   7.7610242e-01
   7.9203414e-01
   7.8691323e-01
   7.5789474e-01
   7.0469417e-01
   6.3186344e-01
   5.4765291e-01
   4.6173543e-01
   3.8634424e-01
   3.3229019e-01
   3.0753912e-01
   3.1635846e-01
   3.5732575e-01
   4.2503557e-01
   5.0953059e-01
   5.9772405e-01
   6.7652917e-01
   7.3371266e-01
   7.6159317e-01
   7.5561877e-01
   7.1778095e-01
   6.5433855e-01
   5.7496444e-01
   4.9331437e-01
   4.2190612e-01
   3.7211949e-01
   3.5192035e-01
   3.6443813e-01
   4.0768136e-01
   4.7539118e-01
   5.5732575e-01
   6.4153627e-01
   7.1692746e-01
   7.7240399e-01
   8.0284495e-01
   8.0512091e-01
   7.8122333e-01
   7.3741109e-01
   6.8136558e-01
   6.2304410e-01
   5.7211949e-01
   5.3570413e-01
   5.1863443e-01
   5.2204837e-01
   5.4509246e-01
   5.8236131e-01
   6.2788051e-01
   6.7567568e-01
   7.1948791e-01
   7.5561878e-01
   7.8150783e-01
   7.9743954e-01
   8.0455192e-01
   8.0512091e-01
   8.0227596e-01
   7.9715505e-01
   7.9146516e-01
   7.8463727e-01
   7.7695591e-01
   7.6671408e-01
   7.5419630e-01
   7.3854908e-01
   7.2062589e-01
   7.0156473e-01
   6.8421053e-01
   6.6970128e-01
   6.6031295e-01
   6.5718351e-01
   6.6059744e-01
   6.7027027e-01
   6.8392603e-01
   6.9928877e-01
   7.1436700e-01
   7.2631579e-01
   7.3399716e-01
   7.3684210e-01
   7.3513514e-01
   7.3029872e-01
   7.2432433e-01
   7.1920341e-01
   7.1664296e-01
   7.1806543e-01
   7.2318634e-01
   7.3172119e-01
   7.4167852e-01
   7.4964438e-01
   7.5277383e-01
   7.4736842e-01
   7.3058322e-01
   7.0099574e-01
   6.5945946e-01
   6.0881935e-01
   5.5419630e-01
   5.0241821e-01
   4.6059744e-01
   4.3556189e-01
   4.3243243e-01
   4.5263158e-01
   4.9530584e-01
   5.5504979e-01
   6.2446657e-01
   6.9359887e-01
   7.5163585e-01
   7.9004268e-01
   8.0170697e-01
   7.8406828e-01
   7.3854908e-01
   6.7140825e-01
   5.9260313e-01
   5.1351352e-01
   4.4694168e-01
   4.0312944e-01
   3.8918919e-01
   4.0825036e-01
   4.5832149e-01
   5.3229019e-01
   6.1934566e-01
   7.0810811e-01
   7.8577525e-01
   8.4182077e-01
   8.6970128e-01
   8.6714083e-01
   8.3584637e-01
   7.8207682e-01
   7.1522049e-01
   6.4608819e-01
   5.8492176e-01
   5.4167853e-01
   5.2204837e-01
   5.2859176e-01
   5.5988621e-01
   6.1024182e-01
   6.7083926e-01
   7.3200569e-01
   7.8236132e-01
   8.1365577e-01
   8.1877668e-01
   7.9630157e-01
   7.4765292e-01
   6.7908962e-01
   5.9914652e-01
   5.1977240e-01
   4.5149360e-01
   4.0426742e-01
   3.8406828e-01
   3.9345662e-01
   4.3015648e-01
   4.8790896e-01
   5.5817923e-01
   6.3100996e-01
   6.9672831e-01
   7.4822191e-01
   7.8122333e-01
   7.9487909e-01
   7.9146516e-01
   7.7553343e-01
   7.5135135e-01
   7.2574680e-01
   7.0270271e-01
   6.8620199e-01
   6.7823613e-01
   6.7880512e-01
   6.8762447e-01
   7.0270271e-01
   7.2290185e-01
   7.4480797e-01
   7.6642959e-01
   7.8549076e-01
   8.0056899e-01
   8.1024182e-01
   8.1365576e-01
   8.1137980e-01
   8.0341394e-01
   7.9118066e-01
   7.7638692e-01
   7.6102418e-01
   7.4623044e-01
   7.3428165e-01
   7.2574680e-01
   7.2176387e-01
   7.2147938e-01
   7.2432433e-01
   7.2916074e-01
   7.3399716e-01
   7.3826458e-01
   7.4082503e-01
   7.4082504e-01
   7.3883357e-01
   7.3513514e-01
   7.3115221e-01
   7.2716927e-01
   7.2403983e-01
   7.2233286e-01
   7.2233286e-01
   7.2375534e-01
   7.2631579e-01
   7.2916074e-01
   7.3172120e-01
   7.3314367e-01
   7.3257468e-01
   7.2944524e-01
   7.2318635e-01
   7.1351351e-01
   7.0128023e-01
   6.8762447e-01
   6.7425320e-01
   6.6315790e-01
   6.5661451e-01
   6.5689901e-01
   6.6458037e-01
   6.8079659e-01
   7.0355619e-01
   7.3001423e-01
   7.5504978e-01
   7.7297298e-01
   7.7752490e-01
   7.6301565e-01
   7.2660029e-01
   6.6770981e-01
   5.9061167e-01
   5.0241821e-01
   4.1365576e-01
   3.3655762e-01
   2.8193457e-01
   2.5917497e-01
   2.7226174e-01
   3.2062589e-01
   3.9800854e-01
   4.9359887e-01
   5.9317212e-01
   6.8250356e-01
   7.4765292e-01
   7.7951636e-01
   7.7354196e-01
   7.3172119e-01
   6.6059744e-01
   5.7211949e-01
   4.8136558e-01
   4.0284496e-01
   3.4907539e-01
   3.2887624e-01
   3.4623045e-01
   3.9800854e-01
   4.7709815e-01
   5.7098151e-01
   6.6628734e-01
   7.4879090e-01
   8.0739687e-01
   8.3442390e-01
   8.2674253e-01
   7.8691324e-01
   7.2290185e-01
   6.4466573e-01
   5.6500712e-01
   4.9615932e-01
   4.4893315e-01
   4.3072547e-01
   4.4324325e-01
   4.8506402e-01
   5.4935989e-01
   6.2702703e-01
   7.0640114e-01
   7.7695591e-01
   8.2844951e-01
   8.5519204e-01
   8.5433855e-01
   8.2674254e-01
   7.7780939e-01
   7.1522049e-01
   6.4751067e-01
   5.8492177e-01
   5.3541963e-01
   5.0440967e-01
   4.9559033e-01
   5.0782361e-01
   5.3769560e-01
   5.8008535e-01
   6.2788051e-01
   6.7311522e-01
   7.1038407e-01
   7.3598863e-01
   7.4736842e-01
   7.4566146e-01
   7.3371266e-01
   7.1578948e-01
   6.9559034e-01
   6.7766714e-01
   6.6628734e-01
   6.6287341e-01
   6.6827881e-01
   6.8165007e-01
   7.0128023e-01
   7.2432432e-01
   7.4765292e-01
   7.6813656e-01
   7.8349929e-01
   7.9203415e-01
   7.9345662e-01
   7.8805121e-01
   7.7724040e-01
   7.6301565e-01
   7.4679943e-01
   7.3086771e-01
   7.1721196e-01
   7.0668564e-01
   6.9985775e-01
   6.9729730e-01
   6.9815079e-01
   7.0184922e-01
   7.0753912e-01
   7.1351352e-01
   7.1863442e-01
   7.2261735e-01
   7.2432432e-01
   7.2432432e-01
   7.2290185e-01
   7.2062589e-01
   7.1834994e-01
   7.1664296e-01
   7.1692746e-01
   7.1920341e-01
   7.2318635e-01
   7.2916074e-01
   7.3627311e-01
   7.4310100e-01
   7.4907540e-01
   7.5248934e-01
   7.5192034e-01
   7.4651494e-01
   7.3485064e-01
   7.1834994e-01
   6.9729730e-01
   6.7396871e-01
   6.5035562e-01
   6.3044097e-01
   6.1621622e-01
   6.1052632e-01
   6.1450925e-01
   6.2816501e-01
   6.4950213e-01
   6.7596018e-01
   7.0241821e-01
   7.2403983e-01
   7.3541963e-01
   7.3229019e-01
   7.1237554e-01
   6.7510669e-01
   6.2418208e-01
   5.6415363e-01
   5.0327169e-01
   4.5007113e-01
   4.1251779e-01
   3.9658606e-01
   4.0625889e-01
   4.4039829e-01
   4.9445235e-01
   5.6159317e-01
   6.3129446e-01
   6.9302987e-01
   7.3741110e-01
   7.5761025e-01
   7.4935989e-01
   7.1465149e-01
   6.5803699e-01
   5.8862021e-01
   5.1749645e-01
   4.5547653e-01
   4.1308677e-01
   3.9715506e-01
   4.1081081e-01
   4.5177810e-01
   5.1436700e-01
   5.8918919e-01
   6.6543386e-01
   7.3200570e-01
   7.7951636e-01
   8.0142247e-01
   7.9516359e-01
   7.6273116e-01
   7.0924609e-01
   6.4295874e-01
   5.7382646e-01
   5.1152205e-01
   4.6514936e-01
   4.4068279e-01
   4.4125178e-01
   4.6543386e-01
   5.0867710e-01
   5.6386913e-01
   6.2247511e-01
   6.7425320e-01
   7.1095306e-01
   7.2745377e-01
   7.2034140e-01
   6.9046942e-01
   6.4295875e-01
   5.8406828e-01
   5.2403983e-01
   4.7169275e-01
   4.3669986e-01
   4.2446658e-01
   4.3840683e-01
   4.7738264e-01
   5.3684211e-01
   6.0853485e-01
   6.8307255e-01
   7.5106686e-01
   8.0455193e-01
   8.3755335e-01
   8.4807966e-01
   8.3812234e-01
   8.1194879e-01
   7.7610242e-01
   7.3741110e-01
   7.0384069e-01
   6.8051209e-01
   6.7112376e-01
   6.7652916e-01
   6.9473685e-01
   7.2204837e-01
   7.5419631e-01
   7.8520626e-01
   8.0995733e-01
   8.2560455e-01
   8.2987198e-01
   8.2304410e-01
   8.0739687e-01
   7.8577525e-01
   7.6216217e-01
   7.4054055e-01
   7.2403983e-01
   7.1465150e-01
   7.1294453e-01
   7.1834993e-01
   7.2944524e-01
   7.4338549e-01
   7.5874822e-01
   7.7211949e-01
   7.8264580e-01
   7.8890470e-01
   7.9089616e-01
   7.8890469e-01
   7.8435277e-01
   7.7837839e-01
   7.7211949e-01
   7.6728308e-01
   7.6472262e-01
   7.6443812e-01
   7.6671409e-01
   7.7155050e-01
   7.7837838e-01
   7.8662874e-01
   7.9601707e-01
   8.0540541e-01
   8.1394026e-01
   8.2019915e-01
   8.2304410e-01
   8.2133713e-01
   8.1422475e-01
   8.0170697e-01
   7.8435278e-01
   7.6415363e-01
   7.4395448e-01
   7.2603130e-01
   7.1379802e-01
   7.0896160e-01
   7.1294453e-01
   7.2489332e-01
   7.4281650e-01
   7.6187767e-01
   7.7695591e-01
   7.8236131e-01
   7.7268847e-01
   7.4480797e-01
   6.9786629e-01
   6.3470839e-01
   5.6130868e-01
   4.8648649e-01
   4.2048365e-01
   3.7297298e-01
   3.5163584e-01
   3.6073968e-01
   4.0000000e-01
   4.6429587e-01
   5.4480797e-01
   6.2958748e-01
   7.0611664e-01
   7.6301565e-01
   7.9203414e-01
   7.8862020e-01
   7.5448079e-01
   6.9473685e-01
   6.1963016e-01
   5.4110954e-01
   4.7254623e-01
   4.2389758e-01
   4.0312944e-01
   4.1365576e-01
   4.5263158e-01
   5.1436700e-01
   5.8890470e-01
   6.6571836e-01
   7.3342817e-01
   7.8349929e-01
   8.1024183e-01
   8.1166429e-01
   7.9032717e-01
   7.5135135e-01
   7.0327169e-01
   6.5433855e-01
   6.1308677e-01
   5.8605975e-01
   5.7780939e-01
   5.8862020e-01
   6.1678520e-01
   6.5718350e-01
   7.0355619e-01
   7.4822191e-01
   7.8520626e-01
   8.0938834e-01
   8.1763869e-01
   8.0967283e-01
   7.8776671e-01
   7.5618777e-01
   7.1977241e-01
   6.8421053e-01
   6.5490754e-01
   6.3527739e-01
   6.2759602e-01
   6.3214794e-01
   6.4722618e-01
   6.6941679e-01
   6.9559033e-01
   7.2091039e-01
   7.4253201e-01
   7.5732575e-01
   7.6500711e-01
   7.6529161e-01
   7.6017070e-01
   7.5135135e-01
   7.4167852e-01
   7.3342817e-01
   7.2745377e-01
   7.2517781e-01
   7.2631579e-01
   7.3029872e-01
   7.3598863e-01
   7.4167852e-01
   7.4623044e-01
   7.4850640e-01
   7.4793741e-01
   7.4480797e-01
   7.3940256e-01
   7.3257468e-01
   7.2574680e-01
   7.1977241e-01
   7.1635847e-01
   7.1522049e-01
   7.1664296e-01
   7.1977241e-01
   7.2432433e-01
   7.2830726e-01
   7.3115221e-01
   7.3172119e-01
   7.3029872e-01
   7.2603130e-01
   7.1948791e-01
   7.1123755e-01
   7.0184922e-01
   6.9160740e-01
   6.8221906e-01
   6.7311522e-01
   6.6543386e-01
   6.5917497e-01
   6.5519204e-01
   6.5348506e-01
   6.5405406e-01
   6.5718350e-01
   6.6258890e-01
   6.7055477e-01
   6.8022760e-01
   6.9018493e-01
   6.9957326e-01
   7.0583215e-01
   7.0753912e-01
   7.0298720e-01
   6.9075391e-01
   6.7226174e-01
   6.4893315e-01
   6.2361309e-01
   6.0028450e-01
   5.8293030e-01
   5.7524893e-01
   5.8008535e-01
   5.9772405e-01
   6.2617354e-01
   6.6173542e-01
   6.9871978e-01
   7.2916074e-01
   7.4651494e-01
   7.4509246e-01
   7.2091039e-01
   6.7425320e-01
   6.0910385e-01
   5.3314368e-01
   4.5633001e-01
   3.8918920e-01
   3.4253201e-01
   3.2290185e-01
   3.3428165e-01
   3.7496444e-01
   4.3897582e-01
   5.1635846e-01
   5.9601707e-01
   6.6514936e-01
   7.1408250e-01
   7.3627311e-01
   7.2859175e-01
   6.9331437e-01
   6.3669986e-01
   5.6870555e-01
   5.0042675e-01
   4.4210527e-01
   4.0341394e-01
   3.8975818e-01
   4.0312945e-01
   4.4096728e-01
   4.9729730e-01
   5.6358464e-01
   6.3015647e-01
   6.8762447e-01
   7.2830726e-01
   7.4736842e-01
   7.4366999e-01
   7.1891892e-01
   6.7880512e-01
   6.2987198e-01
   5.8093883e-01
   5.3968706e-01
   5.1294453e-01
   5.0469417e-01
   5.1607397e-01
   5.4480797e-01
   5.8719773e-01
   6.3584637e-01
   6.8421053e-01
   7.2574680e-01
   7.5476530e-01
   7.6870555e-01
   7.6642959e-01
   7.5021338e-01
   7.2375533e-01
   6.9132290e-01
   6.5917497e-01
   6.3186344e-01
   6.1337127e-01
   6.0682788e-01
   6.1251778e-01
   6.2987198e-01
   6.5661451e-01
   6.8876245e-01
   7.2261735e-01
   7.5419631e-01
   7.8008535e-01
   7.9743954e-01
   8.0512091e-01
   8.0312945e-01
   7.9260313e-01
   7.7553343e-01
   7.5419630e-01
   7.3200569e-01
   7.1095306e-01
   6.9388336e-01
   6.8193457e-01
   6.7567568e-01
   6.7567568e-01
   6.8022760e-01
   6.8876245e-01
   6.9871977e-01
   7.0839261e-01
   7.1664296e-01
   7.2261735e-01
   7.2574680e-01
   7.2660029e-01
   7.2603130e-01
   7.2403983e-01
   7.2261735e-01
   7.2176387e-01
   7.2233286e-01
   7.2460882e-01
   7.2830725e-01
   7.3371266e-01
   7.3997155e-01
   7.4679943e-01
   7.5391181e-01
   7.6017070e-01
   7.6529161e-01
   7.6842106e-01
   7.6984353e-01
   7.6870555e-01
   7.6586060e-01
   7.6102418e-01
   7.5561878e-01
   7.4992887e-01
   7.4480797e-01
   7.4110953e-01
   7.3883357e-01
   7.3911807e-01
   7.4082504e-01
   7.4338549e-01
   7.4452347e-01
   7.4281650e-01
   7.3627311e-01
   7.2347084e-01
   7.0412518e-01
   6.7908962e-01
   6.5064011e-01
   6.2275960e-01
   5.9914651e-01
   5.8406828e-01
   5.8122333e-01
   5.9231864e-01
   6.1706970e-01
   6.5320057e-01
   6.9530583e-01
   7.3684210e-01
   7.7012803e-01
   7.8748222e-01
   7.8321479e-01
   7.5419630e-01
   7.0099573e-01
   6.2731152e-01
   5.4224751e-01
   4.5689901e-01
   3.8264581e-01
   3.3143670e-01
   3.1123755e-01
   3.2631579e-01
   3.7553343e-01
   4.5177809e-01
   5.4452348e-01
   6.3926032e-01
   7.2147938e-01
   7.7894738e-01
   8.0170698e-01
   7.8662874e-01
   7.3598862e-01
   6.5746800e-01
   5.6358464e-01
   4.6941679e-01
   3.8918920e-01
   3.3627312e-01
   3.1863443e-01
   3.3911807e-01
   3.9487909e-01
   4.7766714e-01
   5.7610242e-01
   6.7624467e-01
   7.6557611e-01
   8.3385491e-01
   8.7311522e-01
   8.8221906e-01
   8.6258891e-01
   8.2048364e-01
   7.6443812e-01
   7.0355619e-01
   6.4751067e-01
   6.0369843e-01
   5.7724040e-01
   5.6955904e-01
   5.8008535e-01
   6.0512091e-01
   6.3954481e-01
   6.7652917e-01
   7.1180655e-01
   7.3968706e-01
   7.5789474e-01
   7.6614509e-01
   7.6472262e-01
   7.5590327e-01
   7.4366999e-01
   7.3086771e-01
   7.2034140e-01
   7.1436700e-01
   7.1379802e-01
   7.1920341e-01
   7.2859175e-01
   7.4082503e-01
   7.5277383e-01
   7.6244666e-01
   7.6756757e-01
   7.6699858e-01
   7.6045519e-01
   7.4850640e-01
   7.3257468e-01
   7.1522048e-01
   6.9843528e-01
   6.8534850e-01
   6.7738265e-01
   6.7624467e-01
   6.8250356e-01
   6.9502134e-01
   7.1322902e-01
   7.3428165e-01
   7.5561878e-01
   7.7439546e-01
   7.8890469e-01
   7.9658606e-01
   7.9743955e-01
   7.9203415e-01
   7.8179232e-01
   7.6899004e-01
   7.5647226e-01
   7.4623044e-01
   7.4054055e-01
   7.3968706e-01
   7.4338549e-01
   7.5078236e-01
   7.6017070e-01
   7.7012803e-01
   7.7894737e-01
   7.8634424e-01
   7.9288763e-01
   7.9914652e-01
   8.0768137e-01
   8.1963016e-01
   8.3499289e-01
   8.5263158e-01
   8.6856330e-01
   8.7624467e-01
   8.6913229e-01
   8.3982931e-01
   7.8293030e-01
   6.9701281e-01
   5.8549076e-01
   4.5832148e-01
   3.2916074e-01
   2.1422475e-01
   1.3029873e-01
   9.1607402e-02
   1.0526316e-01
   1.7183499e-01
   2.8307255e-01
   4.2332859e-01
   5.7240398e-01
   7.0782361e-01
   8.0967284e-01
   8.6372689e-01
   8.6287340e-01
   8.0910384e-01
   7.1351352e-01
   5.9288762e-01
   4.6770982e-01
   3.5874823e-01
   2.8392603e-01
   2.5405406e-01
   2.7311522e-01
   3.3769559e-01
   4.3556188e-01
   5.5220484e-01
   6.6970128e-01
   7.7069702e-01
   8.4210527e-01
   8.7567568e-01
   8.6856330e-01
   8.2389759e-01
   7.5135135e-01
   6.6230442e-01
   5.7069701e-01
   4.9018492e-01
   4.3214794e-01
   4.0341394e-01
   4.0768137e-01
   4.4295875e-01
   5.0184922e-01
   5.7496444e-01
   6.4864865e-01
   7.1066857e-01
   7.4907540e-01
   7.5590327e-01
   7.2830725e-01
   6.6742533e-01
   5.8065434e-01
   4.7937412e-01
   3.7809389e-01
   2.9075392e-01
   2.3100996e-01
   2.0682788e-01
   2.2275961e-01
   2.7539118e-01
   3.5761024e-01
   4.5746800e-01
   5.6130868e-01
   6.5576103e-01
   7.2916074e-01
   7.7439545e-01
   7.8890470e-01
   7.7382646e-01
   7.3513514e-01
   6.8022760e-01
   6.1877668e-01
   5.5960171e-01
   5.1038407e-01
   4.7709816e-01
   4.6201992e-01
   4.6657184e-01
   4.8762447e-01
   5.2119488e-01
   5.6045519e-01
   5.9914652e-01
   6.3015647e-01
   6.4864865e-01
   6.5035562e-01
   6.3584637e-01
   6.0654339e-01
   5.6728308e-01
   5.2432433e-01
   4.8477952e-01
   4.5462305e-01
   4.3783784e-01
   4.3812234e-01
   4.5405405e-01
   4.8278805e-01
   5.2062589e-01
   5.6187767e-01
   6.0085349e-01
   6.3413941e-01
   6.5832149e-01
   6.7339972e-01
   6.7965861e-01
   6.8051210e-01
   6.7766714e-01
   6.7510669e-01
   6.7396871e-01
   6.7624466e-01
   6.8136558e-01
   6.8961593e-01
   6.9900427e-01
   7.0867710e-01
   7.1692746e-01
   7.2261735e-01
   7.2460882e-01
   7.2233286e-01
   7.1578948e-01
   7.0497867e-01
   6.9046942e-01
   6.7425321e-01
   6.5746800e-01
   6.4210527e-01
   6.3044097e-01
   6.2503557e-01
   6.2674253e-01
   6.3669986e-01
   6.5433855e-01
   6.7795164e-01
   7.0497867e-01
   7.3115221e-01
   7.5163585e-01
   7.6187767e-01
   7.5704126e-01
   7.3485064e-01
   6.9530583e-01
   6.4096729e-01
   5.7724040e-01
   5.1152205e-01
   4.5320058e-01
   4.1052632e-01
   3.9032717e-01
   3.9715505e-01
   4.3072547e-01
   4.8677098e-01
   5.5761024e-01
   6.3214794e-01
   6.9928876e-01
   7.4765292e-01
   7.6927454e-01
   7.5903272e-01
   7.1806544e-01
   6.5120911e-01
   5.6870555e-01
   4.8278805e-01
   4.0739687e-01
   3.5362731e-01
   3.3115221e-01
   3.4395448e-01
   3.9032717e-01
   4.6401138e-01
   5.5448080e-01
   6.4836416e-01
   7.3285917e-01
   7.9601707e-01
   8.3015648e-01
   8.3129445e-01
   8.0142248e-01
   7.4679943e-01
   6.7681366e-01
   6.0284495e-01
   5.3741110e-01
   4.9018493e-01
   4.6884780e-01
   4.7567568e-01
   5.0953059e-01
   5.6529161e-01
   6.3413941e-01
   7.0697013e-01
   7.7297298e-01
   8.2418208e-01
   8.5490754e-01
   8.6287340e-01
   8.4921764e-01
   8.1849218e-01
   7.7752490e-01
   7.3428165e-01
   6.9644381e-01
   6.7055477e-01
   6.6145093e-01
   6.6941679e-01
   6.9416785e-01
   7.3115221e-01
   7.7496444e-01
   8.1963016e-01
   8.5889047e-01
   8.8790896e-01
   9.0440967e-01
   9.0782361e-01
   9.0014225e-01
   8.8364154e-01
   8.6287340e-01
   8.4096729e-01
   8.2162162e-01
   8.0768137e-01
   7.9914652e-01
   7.9715505e-01
   8.0056899e-01
   8.0739687e-01
   8.1678521e-01
   8.2645804e-01
   8.3470839e-01
   8.4039830e-01
   8.4295875e-01
   8.4210527e-01
   8.3840683e-01
   8.3186345e-01
   8.2361309e-01
   8.1479374e-01
   8.0625889e-01
   7.9857753e-01
   7.9260314e-01
   7.8862020e-01
   7.8662874e-01
   7.8719773e-01
   7.8975818e-01
   7.9345661e-01
   7.9772404e-01
   8.0142247e-01
   8.0483642e-01
   8.0682788e-01
   8.0739687e-01
   8.0711238e-01
   8.0625890e-01
   8.0540541e-01
   8.0483642e-01
   8.0540541e-01
   8.0682788e-01
   8.0938834e-01
   8.1251779e-01
   8.1621622e-01
   8.1991466e-01
   8.2332859e-01
   8.2503556e-01
   8.2532006e-01
   8.2304410e-01
   8.1849218e-01
   8.1109530e-01
   8.0199147e-01
   7.9118066e-01
   7.8036984e-01
   7.7126600e-01
   7.6557610e-01
   7.6443812e-01
   7.6927454e-01
   7.7951636e-01
   7.9431010e-01
   8.1137980e-01
   8.2645804e-01
   8.3499289e-01
   8.3214794e-01
   8.1337127e-01
   7.7581792e-01
   7.2005690e-01
   6.4893314e-01
   5.6899005e-01
   4.8961594e-01
   4.2133713e-01
   3.7411096e-01
   3.5618776e-01
   3.7126600e-01
   4.1906117e-01
   4.9359886e-01
   5.8520626e-01
   6.8079659e-01
   7.6671409e-01
   8.3129446e-01
   8.6486487e-01
   8.6401138e-01
   8.2987198e-01
   7.6927454e-01
   6.9246089e-01
   6.1308677e-01
   5.4395448e-01
   4.9672831e-01
   4.7908962e-01
   4.9359887e-01
   5.3798008e-01
   6.0512091e-01
   6.8534850e-01
   7.6614510e-01
   8.3641536e-01
   8.8733998e-01
   9.1294452e-01
   9.1152205e-01
   8.8563300e-01
   8.4153628e-01
   7.8748223e-01
   7.3314367e-01
   6.8733997e-01
   6.5718350e-01
   6.4637269e-01
   6.5576103e-01
   6.8307255e-01
   7.2318635e-01
   7.6870555e-01
   8.1251778e-01
   8.4779516e-01
   8.6970128e-01
   8.7567568e-01
   8.6571836e-01
   8.4238976e-01
   8.0967283e-01
   7.7268848e-01
   7.3684211e-01
   7.0725462e-01
   6.8733997e-01
   6.7852063e-01
   6.8079658e-01
   6.9246088e-01
   7.1095306e-01
   7.3200569e-01
   7.5220484e-01
   7.6785207e-01
   7.7695591e-01
   7.7837838e-01
   7.7240399e-01
   7.6073969e-01
   7.4480797e-01
   7.2802276e-01
   7.1237554e-01
   7.0042674e-01
   6.9274538e-01
   6.9046942e-01
   6.9359886e-01
   7.0128023e-01
   7.1237554e-01
   7.2517781e-01
   7.3854908e-01
   7.5163585e-01
   7.6216216e-01
   7.7098151e-01
   7.7724040e-01
   7.8179232e-01
   7.8492177e-01
   7.8776672e-01
   7.9089616e-01
   7.9374111e-01
   7.9715505e-01
   7.9943101e-01
   8.0028450e-01
   7.9914652e-01
   7.9516359e-01
   7.8862020e-01
   7.8008535e-01
   7.7183500e-01
   7.6529161e-01
   7.6244666e-01
   7.6557611e-01
   7.7467994e-01
   7.8776671e-01
   8.0142248e-01
   8.0995733e-01
   8.0625890e-01
   7.8492177e-01
   7.4054055e-01
   6.7283073e-01
   5.8520626e-01
   4.8563300e-01
   3.8605974e-01
   2.9928877e-01
   2.3954481e-01
   2.1564723e-01
   2.3328592e-01
   2.9046942e-01
   3.7951636e-01
   4.8733997e-01
   5.9800853e-01
   6.9559033e-01
   7.6728308e-01
   8.0455192e-01
   8.0512091e-01
   7.7325747e-01
   7.1834993e-01
   6.5320058e-01
   5.9089616e-01
   5.4395448e-01
   5.2119488e-01
   5.2603130e-01
   5.5732575e-01
   6.0967283e-01
   6.7396871e-01
   7.3968706e-01
   7.9687056e-01
   8.3641536e-01
   8.5263159e-01
   8.4438123e-01
   8.1251778e-01
   7.6301565e-01
   7.0327170e-01
   6.4182077e-01
   5.8833571e-01
   5.4907539e-01
   5.3001423e-01
   5.3257468e-01
   5.5476530e-01
   5.9231864e-01
   6.3897582e-01
   6.8677098e-01
   7.2916074e-01
   7.6045519e-01
   7.7695591e-01
   7.7837838e-01
   7.6642959e-01
   7.4480797e-01
   7.1834993e-01
   6.9103841e-01
   6.6799431e-01
   6.5206259e-01
   6.4495022e-01
   6.4694168e-01
   6.5689901e-01
   6.7226173e-01
   6.9103841e-01
   7.1009957e-01
   7.2660029e-01
   7.3911807e-01
   7.4651493e-01
   7.4850641e-01
   7.4566145e-01
   7.3911807e-01
   7.3086772e-01
   7.2204837e-01
   7.1408251e-01
   7.0782362e-01
   7.0440967e-01
   7.0355619e-01
   7.0554766e-01
   7.0953058e-01
   7.1465149e-01
   7.2062589e-01
   7.2603130e-01
   7.3058322e-01
   7.3399716e-01
   7.3598862e-01
   7.3741110e-01
   7.3769559e-01
   7.3769559e-01
   7.3798009e-01
   7.3826458e-01
   7.3883357e-01
   7.3997155e-01
   7.4082504e-01
   7.4167852e-01
   7.4281650e-01
   7.4423898e-01
   7.4594594e-01
   7.4793741e-01
   7.4907540e-01
   7.4935989e-01
   7.4736842e-01
   7.4196302e-01
   7.3371266e-01
   7.2119488e-01
   7.0611664e-01
   6.8990042e-01
   6.7453770e-01
   6.6258890e-01
   6.5689901e-01
   6.5860598e-01
   6.6827881e-01
   6.8421053e-01
   7.0327170e-01
   7.2062589e-01
   7.2972973e-01
   7.2574680e-01
   7.0469417e-01
   6.6514936e-01
   6.0967283e-01
   5.4423898e-01
   4.7766714e-01
   4.1991466e-01
   3.8122333e-01
   3.6899005e-01
   3.8691323e-01
   4.3442390e-01
   5.0554765e-01
   5.9032717e-01
   6.7681366e-01
   7.5192034e-01
   8.0398293e-01
   8.2532006e-01
   8.1280228e-01
   7.6813656e-01
   6.9900426e-01
   6.1621621e-01
   5.3371266e-01
   4.6401138e-01
   4.1877667e-01
   4.0512091e-01
   4.2503557e-01
   4.7539118e-01
   5.4850640e-01
   6.3328592e-01
   7.1692746e-01
   7.8748222e-01
   8.3584637e-01
   8.5576103e-01
   8.4551920e-01
   8.0881935e-01
   7.5248933e-01
   6.8620199e-01
   6.2048364e-01
   5.6557610e-01
   5.2944524e-01
   5.1778094e-01
   5.3143670e-01
   5.6785207e-01
   6.2076814e-01
   6.8165007e-01
   7.4054055e-01
   7.8719773e-01
   8.1365576e-01
   8.1479375e-01
   7.8862020e-01
   7.3769559e-01
   6.6884780e-01
   5.9118066e-01
   5.1550498e-01
   4.5291608e-01
   4.1337127e-01
   4.0170697e-01
   4.2019915e-01
   4.6571835e-01
   5.3172120e-01
   6.0825036e-01
   6.8449503e-01
   7.5135135e-01
   8.0085349e-01
   8.2901850e-01
   8.3584637e-01
   8.2418208e-01
   8.0028450e-01
   7.6927454e-01
   7.3911807e-01
   7.1408250e-01
   6.9871978e-01
   6.9331437e-01
   6.9786629e-01
   7.1038407e-01
   7.2773827e-01
   7.4708393e-01
   7.6472262e-01
   7.7866287e-01
   7.8719773e-01
   7.9004267e-01
   7.8748222e-01
   7.8093884e-01
   7.7211949e-01
   7.6273115e-01
   7.5419630e-01
   7.4793741e-01
   7.4509247e-01
   7.4509247e-01
   7.4793741e-01
   7.5277383e-01
   7.5817923e-01
   7.6301565e-01
   7.6586060e-01
   7.6586060e-01
   7.6216217e-01
   7.5504979e-01
   7.4509247e-01
   7.3371266e-01
   7.2233286e-01
   7.1294453e-01
   7.0668563e-01
   7.0469417e-01
   7.0753912e-01
   7.1436700e-01
   7.2517781e-01
   7.3769559e-01
   7.5163585e-01
   7.6500711e-01
   7.7667141e-01
   7.8577525e-01
   7.9203414e-01
   7.9487909e-01
   7.9431010e-01
   7.9004268e-01
   7.8236131e-01
   7.7183499e-01
   7.5903272e-01
   7.4480797e-01
   7.3058322e-01
   7.1749645e-01
   7.0697013e-01
   7.0014225e-01
   6.9786629e-01
   6.9900426e-01
   7.0156473e-01
   7.0327170e-01
   6.9871978e-01
   6.8563301e-01
   6.5945946e-01
   6.1991466e-01
   5.6813656e-01
   5.0839261e-01
   4.4807966e-01
   3.9573258e-01
   3.6017070e-01
   3.4822191e-01
   3.6443813e-01
   4.0881935e-01
   4.7652916e-01
   5.5874823e-01
   6.4381224e-01
   7.1806544e-01
   7.6870555e-01
   7.8634424e-01
   7.6642959e-01
   7.0924609e-01
   6.2247511e-01
   5.1806544e-01
   4.1194879e-01
   3.2005691e-01
   2.5746800e-01
   2.3442390e-01
   2.5462305e-01
   3.1607397e-01
   4.0995733e-01
   5.2204837e-01
   6.3698436e-01
   7.3826458e-01
   8.1280228e-01
   8.5263158e-01
   8.5490754e-01
   8.2275960e-01
   7.6443812e-01
   6.9189189e-01
   6.1877667e-01
   5.5789474e-01
   5.1948791e-01
   5.0981508e-01
   5.3143670e-01
   5.8036985e-01
   6.4978663e-01
   7.2916074e-01
   8.0654338e-01
   8.6998578e-01
   9.0981508e-01
   9.1891892e-01
   8.9502134e-01
   8.4068279e-01
   7.6216216e-01
   6.7027027e-01
   5.7667141e-01
   4.9502133e-01
   4.3556188e-01
   4.0739687e-01
   4.1280228e-01
   4.5064012e-01
   5.1550498e-01
   5.9658606e-01
   6.8307255e-01
   7.6330014e-01
   8.2731152e-01
   8.6970129e-01
   8.8705548e-01
   8.8165007e-01
   8.5832148e-01
   8.2389758e-01
   7.8492177e-01
   7.4907539e-01
   7.2091039e-01
   7.0327170e-01
   6.9701280e-01
   7.0014225e-01
   7.1123756e-01
   7.2688478e-01
   7.4395448e-01
   7.6017070e-01
   7.7467994e-01
   7.8605975e-01
   7.9516359e-01
   8.0085349e-01
   8.0312945e-01
   8.0085349e-01
   7.9260313e-01
   7.7610242e-01
   7.5049787e-01
   7.1550498e-01
   6.7311522e-01
   6.2588905e-01
   5.7837838e-01
   5.3769560e-01
   5.0867710e-01
   4.9701281e-01
   5.0526316e-01
   5.3314367e-01
   5.7809389e-01
   6.3357042e-01
   6.9189189e-01
   7.4338549e-01
   7.7894738e-01
   7.9231864e-01
   7.7923186e-01
   7.3997156e-01
   6.7965861e-01
   6.0597440e-01
   5.3001422e-01
   4.6344239e-01
   4.1678521e-01
   3.9772404e-01
   4.0967283e-01
   4.5149360e-01
   5.1664296e-01
   5.9544808e-01
   6.7624467e-01
   7.4623044e-01
   7.9487909e-01
   8.1479374e-01
   8.0284495e-01
   7.6073969e-01
   6.9502134e-01
   6.1706970e-01
   5.3826458e-01
   4.7169275e-01
   4.2759602e-01
   4.1280228e-01
   4.3044097e-01
   4.7738265e-01
   5.4651493e-01
   6.2702703e-01
   7.0753912e-01
   7.7610242e-01
   8.2332860e-01
   8.4324325e-01
   8.3413940e-01
   7.9886202e-01
   7.4452347e-01
   6.8022760e-01
   6.1621622e-01
   5.6301565e-01
   5.2830726e-01
   5.1692746e-01
   5.2944523e-01
   5.6358464e-01
   6.1337127e-01
   6.7055477e-01
   7.2773827e-01
   7.7724040e-01
   8.1337127e-01
   8.3328592e-01
   8.3755335e-01
   8.2816501e-01
   8.0938834e-01
   7.8634424e-01
   7.6358464e-01
   7.4566146e-01
   7.3513514e-01
   7.3342817e-01
   7.4054055e-01
   7.5448080e-01
   7.7297298e-01
   7.9288762e-01
   8.1109531e-01
   8.2503556e-01
   8.3300143e-01
   8.3357042e-01
   8.2674253e-01
   8.1337127e-01
   7.9544808e-01
   7.7439545e-01
   7.5305832e-01
   7.3314367e-01
   7.1692746e-01
   7.0554766e-01
   7.0042674e-01
   7.0128023e-01
   7.0725463e-01
   7.1749645e-01
   7.2916074e-01
   7.4054054e-01
   7.4964439e-01
   7.5448080e-01
   7.5504979e-01
   7.5163585e-01
   7.4452347e-01
   7.3513514e-01
   7.2574680e-01
   7.1806543e-01
   7.1294453e-01
   7.1180655e-01
   7.1436700e-01
   7.1977240e-01
   7.2773826e-01
   7.3627312e-01
   7.4452347e-01
   7.5078236e-01
   7.5476530e-01
   7.5590327e-01
   7.5419631e-01
   7.5078236e-01
   7.4623044e-01
   7.4224751e-01
   7.3911807e-01
   7.3826458e-01
   7.3997155e-01
   7.4366999e-01
   7.4935989e-01
   7.5647226e-01
   7.6358464e-01
   7.7012803e-01
   7.7524894e-01
   7.7752490e-01
   7.7610242e-01
   7.6984353e-01
   7.5874822e-01
   7.4224751e-01
   7.2176387e-01
   6.9843528e-01
   6.7539118e-01
   6.5519204e-01
   6.4153628e-01
   6.3698436e-01
   6.4324325e-01
   6.6088194e-01
   6.8790897e-01
   7.2005690e-01
   7.5192035e-01
   7.7581793e-01
   7.8492176e-01
   7.7325747e-01
   7.3712660e-01
   6.7709815e-01
   5.9772405e-01
   5.0697013e-01
   4.1678520e-01
   3.4025605e-01
   2.8904694e-01
   2.7197724e-01
   2.9388336e-01
   3.5220484e-01
   4.4011380e-01
   5.4537696e-01
   6.5376956e-01
   7.5021337e-01
   8.2162162e-01
   8.6031295e-01
   8.6258891e-01
   8.3157895e-01
   7.7439546e-01
   7.0213372e-01
   6.2844951e-01
   5.6500712e-01
   5.2204837e-01
   5.0583215e-01
   5.1721195e-01
   5.5362732e-01
   6.0796586e-01
   6.7140825e-01
   7.3342817e-01
   7.8520626e-01
   8.1934566e-01
   8.3214794e-01
   8.2332860e-01
   7.9487909e-01
   7.5248933e-01
   7.0270271e-01
   6.5348507e-01
   6.1166430e-01
   5.8349929e-01
   5.7183500e-01
   5.7780939e-01
   5.9943101e-01
   6.3243243e-01
   6.7140825e-01
   7.1038407e-01
   7.4281650e-01
   7.6472262e-01
   7.7325747e-01
   7.6842106e-01
   7.5192034e-01
   7.2773826e-01
   6.9957326e-01
   6.7339972e-01
   6.5291608e-01
   6.4096728e-01
   6.4039829e-01
   6.4978663e-01
   6.6827881e-01
   6.9302987e-01
   7.2005690e-01
   7.4623044e-01
   7.6899004e-01
   7.8605975e-01
   7.9658606e-01
   8.0113799e-01
   8.0142248e-01
   7.9829303e-01
   7.9402560e-01
   7.9061167e-01
   7.8862020e-01
   7.8833571e-01
   7.9061167e-01
   7.9374111e-01
   7.9800854e-01
   8.0170698e-01
   8.0369844e-01
   8.0398293e-01
   8.0142247e-01
   7.9573258e-01
   7.8634424e-01
   7.7496444e-01
   7.6187767e-01
   7.4822191e-01
   7.3485064e-01
   7.2375534e-01
   7.1493599e-01
   7.0896159e-01
   7.0611665e-01
   7.0583215e-01
   7.0725463e-01
   7.1009958e-01
   7.1351351e-01
   7.1578948e-01
   7.1692746e-01
   7.1550498e-01
   7.1180655e-01
   7.0554766e-01
   6.9672831e-01
   6.8591750e-01
   6.7482219e-01
   6.6372689e-01
   6.5433855e-01
   6.4807966e-01
   6.4580370e-01
   6.4807966e-01
   6.5490754e-01
   6.6571836e-01
   6.7937412e-01
   6.9274538e-01
   7.0298720e-01
   7.0725463e-01
   7.0184922e-01
   6.8449503e-01
   6.5490754e-01
   6.1507824e-01
   5.6842106e-01
   5.2091039e-01
   4.7937411e-01
   4.5064012e-01
   4.4011380e-01
   4.5206259e-01
   4.8563300e-01
   5.3798009e-01
   6.0256046e-01
   6.6970128e-01
   7.2944524e-01
   7.7211949e-01
   7.8947369e-01
   7.7752490e-01
   7.3627311e-01
   6.7083926e-01
   5.8947369e-01
   5.0440968e-01
   4.2844950e-01
   3.7268848e-01
   3.4651494e-01
   3.5334282e-01
   3.9260313e-01
   4.5775249e-01
   5.3940256e-01
   6.2532005e-01
   7.0213372e-01
   7.5903272e-01
   7.8862020e-01
   7.8691323e-01
   7.5590327e-01
   7.0156473e-01
   6.3357042e-01
   5.6330014e-01
   5.0298720e-01
   4.6201992e-01
   4.4779517e-01
   4.6201992e-01
   5.0270271e-01
   5.6358464e-01
   6.3527738e-01
   7.0611665e-01
   7.6500711e-01
   8.0284495e-01
   8.1337127e-01
   7.9459460e-01
   7.5021338e-01
   6.8534850e-01
   6.1109531e-01
   5.3854908e-01
   4.7823613e-01
   4.3926032e-01
   4.2816501e-01
   4.4551920e-01
   4.8961593e-01
   5.5334282e-01
   6.2816501e-01
   7.0355619e-01
   7.6984353e-01
   8.2019915e-01
   8.4978663e-01
   8.5746799e-01
   8.4551921e-01
   8.1877668e-01
   7.8293030e-01
   7.4480797e-01
   7.1038407e-01
   6.8421053e-01
   6.6884779e-01
   6.6486487e-01
   6.7140825e-01
   6.8563301e-01
   7.0469417e-01
   7.2489332e-01
   7.4253201e-01
   7.5504979e-01
   7.6159317e-01
   7.6102418e-01
   7.5419631e-01
   7.4310100e-01
   7.2916074e-01
   7.1493599e-01
   7.0241821e-01
   6.9274538e-01
   6.8762447e-01
   6.8705548e-01
   6.9075391e-01
   6.9843528e-01
   7.0839261e-01
   7.1863443e-01
   7.2773826e-01
   7.3428165e-01
   7.3655761e-01
   7.3513514e-01
   7.2916074e-01
   7.2005690e-01
   7.0867710e-01
   6.9615932e-01
   6.8392603e-01
   6.7283073e-01
   6.6401138e-01
   6.5746800e-01
   6.5320057e-01
   6.5064011e-01
   6.4893314e-01
   6.4779517e-01
   6.4637269e-01
   6.4352774e-01
   6.3869133e-01
   6.3157895e-01
   6.2247511e-01
   6.1223329e-01
   6.0113798e-01
   5.9089616e-01
   5.8236131e-01
   5.7695591e-01
   5.7581792e-01
   5.8008535e-01
   5.8890470e-01
   6.0256046e-01
   6.1906117e-01
   6.3584637e-01
   6.4978663e-01
   6.5718350e-01
   6.5462304e-01
   6.3926032e-01
   6.0995733e-01
   5.6842106e-01
   5.1863443e-01
   4.6657184e-01
   4.1906117e-01
   3.8463727e-01
   3.7041252e-01
   3.8065434e-01
   4.1650071e-01
   4.7482219e-01
   5.4822191e-01
