   5.7008366e-01
   5.0836820e-01
   4.6025105e-01
   4.2991632e-01
   4.1631799e-01
   4.1631799e-01
   4.2259413e-01
   4.3096234e-01
   4.3514643e-01
   4.3514643e-01
   4.3096234e-01
   4.2677825e-01
   4.2573222e-01
   4.2991632e-01
   4.3933055e-01
   4.5606695e-01
   4.7384935e-01
   4.9372385e-01
   5.1046025e-01
   5.2510460e-01
   5.3451884e-01
   5.4079498e-01
   5.4497907e-01
   5.4602510e-01
   5.4707114e-01
   5.4916319e-01
   5.5230126e-01
   5.5753138e-01
   5.6485354e-01
   5.7531380e-01
   5.8786611e-01
   6.0041839e-01
   6.1192467e-01
   6.2029289e-01
   6.2552300e-01
   6.2761505e-01
   6.2447698e-01
   6.2133891e-01
   6.1506277e-01
   6.0983263e-01
   6.0564853e-01
   6.0460249e-01
   6.0774058e-01
   6.1610877e-01
   6.2970710e-01
   6.4853557e-01
   6.6945606e-01
   6.9037656e-01
   7.0920501e-01
   7.2175731e-01
   7.2280334e-01
   7.1548115e-01
   6.9665270e-01
   6.6945606e-01
   6.3912133e-01
   6.0564853e-01
   5.7531380e-01
   5.5020919e-01
   5.3138077e-01
   5.1778244e-01
   5.0941422e-01
   5.0418411e-01
   5.0000001e-01
   4.9372385e-01
   4.8430961e-01
   4.6966528e-01
   4.5188283e-01
   4.3200836e-01
   4.1004184e-01
   3.9330544e-01
   3.8284519e-01
   3.8284519e-01
   3.9225942e-01
   4.1213389e-01
   4.3828450e-01
   4.6966526e-01
   4.9999999e-01
   5.2824269e-01
   5.4916319e-01
   5.6380754e-01
   5.7112968e-01
   5.7217573e-01
   5.6799161e-01
   5.5962343e-01
   5.5020919e-01
   5.4079498e-01
   5.3138074e-01
   5.2405858e-01
   5.1882844e-01
   5.1464434e-01
   5.1150627e-01
   5.0941422e-01
   5.0627615e-01
   5.0209206e-01
   4.9790796e-01
   4.9372385e-01
   4.9058578e-01
   4.9058575e-01
   4.9372385e-01
   4.9895396e-01
   5.0523013e-01
   5.1464434e-01
   5.2405858e-01
   5.3138074e-01
   5.3974895e-01
   5.4707112e-01
   5.5543933e-01
   5.6171547e-01
   5.6903766e-01
   5.7635983e-01
   5.8368201e-01
   5.8891213e-01
   5.9518830e-01
   6.0251046e-01
   6.0878660e-01
   6.1401672e-01
   6.1820084e-01
   6.2029289e-01
   6.2029289e-01
   6.1924686e-01
   6.1610879e-01
   6.1506274e-01
   6.1506274e-01
   6.1924686e-01
   6.2552303e-01
   6.3702929e-01
   6.4958157e-01
   6.6213390e-01
   6.7259413e-01
   6.8200835e-01
   6.8723849e-01
   6.8723849e-01
   6.8410042e-01
   6.7677823e-01
   6.6736402e-01
   6.5794978e-01
   6.5062762e-01
   6.4748954e-01
   6.4748952e-01
   6.5167364e-01
   6.6108785e-01
   6.7259413e-01
   6.8305437e-01
   6.9037656e-01
   6.9246860e-01
   6.8619246e-01
   6.7259413e-01
   6.5167362e-01
   6.2656905e-01
   5.9937237e-01
   5.7217573e-01
   5.4916319e-01
   5.3033472e-01
   5.1778241e-01
   5.0941422e-01
   5.0627615e-01
   5.0732218e-01
   5.1255229e-01
   5.2092051e-01
   5.2824267e-01
   5.3661086e-01
   5.4497907e-01
   5.5334726e-01
   5.6276150e-01
   5.7217571e-01
   5.8472804e-01
   5.9937239e-01
   6.1506277e-01
   6.3179914e-01
   6.4958159e-01
   6.6736402e-01
   6.8410042e-01
   6.9769875e-01
   7.1129708e-01
   7.2280334e-01
   7.3012550e-01
   7.3326359e-01
   7.3221757e-01
   7.2594143e-01
   7.1338912e-01
   6.9560668e-01
   6.7468620e-01
   6.5376569e-01
   6.3389119e-01
   6.1715481e-01
   6.0564853e-01
   6.0251046e-01
   6.0564853e-01
   6.1401674e-01
   6.2866110e-01
   6.4644352e-01
   6.6422594e-01
   6.7991632e-01
   6.9037658e-01
   6.9351465e-01
   6.9142260e-01
   6.7991632e-01
   6.6317990e-01
   6.4435145e-01
   6.2447698e-01
   6.0983263e-01
   5.9937237e-01
   5.9518827e-01
   5.9728032e-01
   6.0460251e-01
   6.1506274e-01
   6.2970710e-01
   6.4435145e-01
   6.6004183e-01
   6.7364016e-01
   6.8514644e-01
   6.9142258e-01
   6.9351463e-01
   6.8933053e-01
   6.7887028e-01
   6.6108785e-01
   6.3807531e-01
   6.1297072e-01
   5.8472804e-01
   5.5230124e-01
   5.1987446e-01
   4.8535564e-01
   4.5188286e-01
   4.1945606e-01
   3.8807530e-01
   3.6192469e-01
   3.3682008e-01
   3.1694561e-01
   3.0125523e-01
   2.8870292e-01
   2.8138076e-01
   2.7719664e-01
   2.7615062e-01
   2.8138074e-01
   2.8765690e-01
   2.9916316e-01
   3.1276149e-01
   3.3054394e-01
   3.5041841e-01
   3.7447697e-01
   4.0062761e-01
   4.2991632e-01
   4.6025105e-01
   4.9267782e-01
   5.2196651e-01
   5.4811714e-01
   5.6589959e-01
   5.7426778e-01
   5.7112971e-01
   5.5753138e-01
   5.3451884e-01
   5.0523013e-01
   4.7071130e-01
   4.3723848e-01
   4.0585775e-01
   3.8075314e-01
   3.6401674e-01
   3.5669455e-01
   3.5983262e-01
   3.7552300e-01
   3.9853556e-01
   4.2887029e-01
   4.6338912e-01
   4.9686192e-01
   5.2928870e-01
   5.5543931e-01
   5.7635983e-01
   5.9100418e-01
   6.0251046e-01
   6.1192467e-01
   6.1820082e-01
   6.2552300e-01
   6.3179914e-01
   6.3598326e-01
   6.4016736e-01
   6.4016736e-01
   6.3493724e-01
   6.2447698e-01
   6.0564853e-01
   5.8158994e-01
   5.5125524e-01
   5.1882844e-01
   4.8535566e-01
   4.5292886e-01
   4.2782427e-01
   4.0899580e-01
   4.0062761e-01
   3.9958159e-01
   4.0376570e-01
   4.1422594e-01
   4.2782427e-01
   4.4560669e-01
   4.6548119e-01
   4.8953975e-01
   5.1778241e-01
   5.5230126e-01
   5.9205020e-01
   6.3912133e-01
   6.9037656e-01
   7.4581590e-01
   8.0230124e-01
   8.5878661e-01
   9.0899581e-01
   9.5188282e-01
   9.8221755e-01
   9.9790795e-01
   1.0000000e+00
   9.8744769e-01
   9.6234310e-01
   9.3200835e-01
   9.0167362e-01
   8.7552299e-01
   8.5878661e-01
   8.5564854e-01
   8.6401673e-01
   8.8284520e-01
   9.0899581e-01
   9.3619247e-01
   9.6025103e-01
   9.7698744e-01
   9.8117155e-01
   9.7280334e-01
   9.5188282e-01
   9.2364016e-01
   8.8912132e-01
   8.5460249e-01
   8.2635981e-01
   8.0857741e-01
   8.0125522e-01
   8.0543934e-01
   8.1903767e-01
   8.3891214e-01
   8.6192468e-01
   8.8179915e-01
   8.9958157e-01
   9.1004183e-01
   9.1631800e-01
   9.1527197e-01
   9.1108786e-01
   9.0376569e-01
   8.9435146e-01
   8.8389120e-01
   8.7552299e-01
   8.6715482e-01
   8.6192468e-01
   8.5669456e-01
   8.5251044e-01
   8.4937237e-01
   8.4518828e-01
   8.3891211e-01
   8.3158997e-01
   8.2426778e-01
   8.1694562e-01
   8.1066943e-01
   8.0648534e-01
   8.0439329e-01
   8.0230124e-01
   8.0125522e-01
   7.9916317e-01
   7.9497908e-01
   7.8974894e-01
   7.8347280e-01
   7.7510461e-01
   7.6673639e-01
   7.5627614e-01
   7.4581590e-01
   7.3326359e-01
   7.2071129e-01
   7.0606693e-01
   6.9246860e-01
   6.8096235e-01
   6.6945606e-01
   6.6108785e-01
   6.5481171e-01
   6.5167364e-01
   6.5062762e-01
   6.5376569e-01
   6.6108785e-01
   6.7050209e-01
   6.8200837e-01
   6.9560668e-01
   7.0711298e-01
   7.1443512e-01
   7.1652719e-01
   7.1234310e-01
   6.9979079e-01
   6.7991632e-01
   6.5585773e-01
   6.2656905e-01
   5.9728034e-01
   5.7008368e-01
   5.4497907e-01
   5.2405855e-01
   5.1046025e-01
   5.0418411e-01
   5.0627615e-01
   5.1359834e-01
   5.2928870e-01
   5.4811714e-01
   5.7217573e-01
   5.9623432e-01
   6.2133891e-01
   6.4435145e-01
   6.6736402e-01
   6.8619246e-01
   7.0292886e-01
   7.1652717e-01
   7.2489541e-01
   7.2803348e-01
   7.2803348e-01
   7.2071129e-01
   7.1129708e-01
   6.9979079e-01
   6.8828451e-01
   6.7677823e-01
   6.6736402e-01
   6.6004183e-01
   6.5481171e-01
   6.5167364e-01
   6.4853557e-01
   6.4853557e-01
   6.4853555e-01
   6.4748952e-01
   6.4748952e-01
   6.4435145e-01
   6.4121338e-01
   6.3598326e-01
   6.2970710e-01
   6.2447698e-01
   6.2029289e-01
   6.1715481e-01
   6.1506274e-01
   6.1401672e-01
   6.1192470e-01
   6.0774058e-01
   6.0041841e-01
   5.8891213e-01
   5.7426778e-01
   5.5648535e-01
   5.3765691e-01
   5.1987448e-01
   5.0627615e-01
   4.9581589e-01
   4.9163180e-01
   4.9372385e-01
   5.0313806e-01
   5.1987448e-01
   5.4393305e-01
   5.7217573e-01
   6.0355648e-01
   6.3389119e-01
   6.6108787e-01
   6.7887028e-01
   6.9037656e-01
   6.9246860e-01
   6.8514644e-01
   6.7050209e-01
   6.5376569e-01
   6.3598326e-01
   6.2029289e-01
   6.0774058e-01
   6.0146444e-01
   6.0146444e-01
   6.0669456e-01
   6.1297070e-01
   6.1924686e-01
   6.2029289e-01
   6.1610877e-01
   6.0146444e-01
   5.7949792e-01
   5.4916319e-01
   5.1569037e-01
   4.8430961e-01
   4.5711298e-01
   4.3933055e-01
   4.3305439e-01
   4.3933055e-01
   4.5502093e-01
   4.8117154e-01
   5.1359832e-01
   5.4916317e-01
   5.8263597e-01
   6.1297070e-01
   6.3912133e-01
   6.5585773e-01
   6.6422592e-01
   6.6527195e-01
   6.5794978e-01
   6.4644350e-01
   6.3179917e-01
   6.1715479e-01
   6.0460251e-01
   5.9518827e-01
   5.8995816e-01
   5.8682008e-01
   5.8786611e-01
   5.9100418e-01
   5.9309623e-01
   5.9728034e-01
   6.0041841e-01
   6.0251046e-01
   6.0146444e-01
   5.9937237e-01
   5.9309623e-01
   5.8577404e-01
   5.7949790e-01
   5.7217573e-01
   5.6799164e-01
   5.6589957e-01
   5.6694561e-01
   5.6903766e-01
   5.7426778e-01
   5.7740585e-01
   5.8054392e-01
   5.8158994e-01
   5.8054392e-01
   5.7635983e-01
   5.7008368e-01
   5.6171550e-01
   5.5125521e-01
   5.3870293e-01
   5.2615062e-01
   5.1673639e-01
   5.0836820e-01
   5.0418411e-01
   5.0313808e-01
   5.0523013e-01
   5.1046025e-01
   5.1464434e-01
   5.1778244e-01
   5.2196653e-01
   5.2301255e-01
   5.2510460e-01
   5.2719665e-01
   5.3138074e-01
   5.3870293e-01
   5.4916319e-01
   5.6171550e-01
   5.7740585e-01
   5.9623430e-01
   6.1715481e-01
   6.3807531e-01
   6.5794980e-01
   6.7468618e-01
   6.8828451e-01
   6.9560670e-01
   6.9560668e-01
   6.8723849e-01
   6.7259413e-01
   6.5062762e-01
   6.2447698e-01
   5.9518827e-01
   5.6380752e-01
   5.3451884e-01
   5.0732218e-01
   4.8535564e-01
   4.7071128e-01
   4.6548116e-01
   4.7175733e-01
   4.8849371e-01
   5.1359832e-01
   5.4707114e-01
   5.8577406e-01
   6.2343096e-01
   6.6108785e-01
   6.9456068e-01
   7.1966526e-01
   7.3849373e-01
   7.4895397e-01
   7.5104602e-01
   7.4686192e-01
   7.3640166e-01
   7.2280334e-01
   7.0711296e-01
   6.9142258e-01
   6.7573220e-01
   6.6108785e-01
   6.4539747e-01
   6.2761505e-01
   6.0774058e-01
   5.8263599e-01
   5.5125524e-01
   5.1569037e-01
   4.7698745e-01
   4.3514643e-01
   3.9644352e-01
   3.5878660e-01
   3.2426777e-01
   2.9602509e-01
   2.7301255e-01
   2.5732217e-01
   2.4790796e-01
   2.4372384e-01
   2.4372384e-01
   2.4790796e-01
   2.5418410e-01
   2.5941422e-01
   2.6464436e-01
   2.6569038e-01
   2.6464436e-01
   2.6255229e-01
   2.5836819e-01
   2.5732217e-01
   2.5732217e-01
   2.6464434e-01
   2.7824267e-01
   3.0020921e-01
   3.3158996e-01
   3.7029288e-01
   4.1527196e-01
   4.6234309e-01
   5.0627615e-01
   5.4393305e-01
   5.7008366e-01
   5.8263599e-01
   5.8054392e-01
   5.6589959e-01
   5.4079498e-01
   5.1046025e-01
   4.7907949e-01
   4.4979079e-01
   4.2468618e-01
   4.0376568e-01
   3.8807533e-01
   3.7552302e-01
   3.6610879e-01
   3.5774060e-01
   3.5041841e-01
   3.4623431e-01
   3.4518829e-01
   3.4832636e-01
   3.5878662e-01
   3.7761504e-01
   4.0376570e-01
   4.3933053e-01
   4.7907949e-01
   5.2092051e-01
   5.6171547e-01
   5.9623430e-01
   6.2447698e-01
   6.4121338e-01
   6.4853557e-01
   6.4958159e-01
   6.4644352e-01
   6.4225940e-01
   6.4121340e-01
   6.4435145e-01
   6.5271966e-01
   6.6631799e-01
   6.8410042e-01
   7.0397489e-01
   7.2594143e-01
   7.4476988e-01
   7.6359832e-01
   7.7719665e-01
   7.8556487e-01
   7.8870291e-01
   7.8661089e-01
   7.7928870e-01
   7.6882844e-01
   7.5627616e-01
   7.4581590e-01
   7.3640166e-01
   7.3117155e-01
   7.3221757e-01
   7.3849371e-01
   7.4895397e-01
   7.6569037e-01
   7.8451884e-01
   8.0543934e-01
   8.2426776e-01
   8.4205021e-01
   8.5460249e-01
   8.6087866e-01
   8.5878661e-01
   8.4937237e-01
   8.3577407e-01
   8.1589960e-01
   7.9184098e-01
   7.6778242e-01
   7.4372385e-01
   7.2071129e-01
   6.9874477e-01
   6.7887028e-01
   6.6108785e-01
   6.4539747e-01
   6.3075314e-01
   6.1924686e-01
   6.0878660e-01
   5.9832637e-01
   5.8682008e-01
   5.7322175e-01
   5.5857740e-01
   5.4079498e-01
   5.2196651e-01
   5.0418411e-01
   4.8744771e-01
   4.7175733e-01
   4.5711298e-01
   4.4560669e-01
   4.3619248e-01
   4.2991632e-01
   4.2468620e-01
   4.2154813e-01
   4.2259415e-01
   4.2364017e-01
   4.2782425e-01
   4.3200836e-01
   4.3723850e-01
   4.4037655e-01
   4.4351465e-01
   4.4560669e-01
   4.4665272e-01
   4.4665272e-01
   4.4769874e-01
   4.4769874e-01
   4.4874476e-01
   4.5083681e-01
   4.5606695e-01
   4.6338912e-01
   4.7175733e-01
   4.8221756e-01
   4.9163180e-01
   4.9686192e-01
   4.9790794e-01
   4.9163178e-01
   4.7803347e-01
   4.6129707e-01
   4.4142260e-01
   4.2364015e-01
   4.1213389e-01
   4.0794977e-01
   4.1422594e-01
   4.3200836e-01
   4.5815900e-01
   4.9058578e-01
   5.2510460e-01
   5.5857740e-01
   5.8786611e-01
   6.0774058e-01
   6.1924686e-01
   6.2238493e-01
   6.1610879e-01
   6.0251046e-01
   5.8786611e-01
   5.7112971e-01
   5.5648535e-01
   5.4393305e-01
   5.3451884e-01
   5.2615062e-01
   5.1673639e-01
   5.0627615e-01
   4.9372385e-01
   4.7698742e-01
   4.6025105e-01
   4.4351465e-01
   4.2887029e-01
   4.1736401e-01
   4.1004184e-01
   4.0690375e-01
   4.0899582e-01
   4.1631799e-01
   4.2573222e-01
   4.3828453e-01
   4.5188283e-01
   4.6443514e-01
   4.7489540e-01
   4.8326359e-01
   4.8849373e-01
   4.9058578e-01
   4.9267782e-01
   4.9476987e-01
   4.9895396e-01
   5.0523013e-01
   5.1359832e-01
   5.2405858e-01
   5.3556484e-01
   5.4811717e-01
   5.6066945e-01
   5.7322175e-01
   5.8368199e-01
   5.9518827e-01
   6.0460249e-01
   6.1297070e-01
   6.1820084e-01
   6.1924686e-01
   6.1715481e-01
   6.1192470e-01
   6.0146444e-01
   5.8786611e-01
   5.7322173e-01
   5.5753138e-01
   5.3974895e-01
   5.2405858e-01
   5.1046025e-01
   4.9790794e-01
   4.8953973e-01
   4.8430961e-01
   4.8221756e-01
   4.8221759e-01
   4.8430961e-01
   4.8640168e-01
   4.8953973e-01
   4.9267782e-01
   4.9581589e-01
   4.9686192e-01
   4.9999999e-01
   5.0313808e-01
   5.0732218e-01
   5.1046025e-01
   5.1255229e-01
   5.1569037e-01
   5.1882844e-01
   5.2196653e-01
   5.2824267e-01
   5.3661088e-01
   5.5020921e-01
   5.6694559e-01
   5.8472804e-01
   6.0669456e-01
   6.2761505e-01
   6.4748954e-01
   6.6422592e-01
   6.7782425e-01
   6.8410042e-01
   6.8305439e-01
   6.7468618e-01
   6.5899580e-01
   6.3493724e-01
   6.0564853e-01
   5.7217573e-01
   5.4079495e-01
   5.1255229e-01
   4.8744771e-01
   4.7071128e-01
   4.6234309e-01
   4.6234307e-01
   4.7175733e-01
   4.9058578e-01
   5.1882844e-01
   5.5439331e-01
   5.9414225e-01
   6.3912133e-01
   6.8305439e-01
   7.2280334e-01
   7.5627614e-01
   7.7719665e-01
   7.8661087e-01
   7.8347280e-01
   7.6882844e-01
   7.4372385e-01
   7.1129705e-01
   6.7782427e-01
   6.4330543e-01
   6.1506274e-01
   5.9205020e-01
   5.7635983e-01
   5.7008366e-01
   5.7008368e-01
   5.7635983e-01
   5.8368199e-01
   5.9100418e-01
   5.9518827e-01
   5.9518827e-01
   5.9100418e-01
   5.8263597e-01
   5.7008368e-01
   5.5648535e-01
   5.4184100e-01
   5.2719665e-01
   5.1359834e-01
   5.0209204e-01
   4.9267782e-01
   4.8535566e-01
   4.8117154e-01
   4.7594142e-01
   4.7175731e-01
   4.6548119e-01
   4.5815898e-01
   4.4769874e-01
   4.3723850e-01
   4.2573222e-01
   4.1631799e-01
   4.1213389e-01
   4.1317992e-01
   4.2050208e-01
   4.3619246e-01
   4.5920502e-01
   4.8535564e-01
   5.1569039e-01
   5.4811714e-01
   5.8054392e-01
   6.1087865e-01
   6.3598326e-01
   6.5794978e-01
   6.7259413e-01
   6.7887028e-01
   6.7782427e-01
   6.7050209e-01
   6.5481171e-01
   6.3389121e-01
   6.0774058e-01
   5.7635985e-01
   5.4288702e-01
   5.0941422e-01
   4.7489538e-01
   4.4560669e-01
   4.2050208e-01
   4.0376570e-01
   3.9539749e-01
   3.9644352e-01
   4.0481173e-01
   4.1945606e-01
   4.3828453e-01
   4.5711298e-01
   4.7698745e-01
   4.9267782e-01
   5.0523011e-01
   5.1359832e-01
   5.1882846e-01
   5.1882846e-01
   5.1673639e-01
   5.1569037e-01
   5.1464436e-01
   5.1778244e-01
   5.2405858e-01
   5.3661088e-01
   5.5230124e-01
   5.6903764e-01
   5.8472804e-01
   5.9728032e-01
   6.0355648e-01
   6.0460251e-01
   5.9937237e-01
   5.9205020e-01
   5.8263599e-01
   5.7531380e-01
   5.7008368e-01
   5.6903764e-01
   5.7112971e-01
   5.7531380e-01
   5.7949790e-01
   5.8054392e-01
   5.7845187e-01
   5.6799161e-01
   5.5020919e-01
   5.2615062e-01
   4.9476987e-01
   4.6338912e-01
   4.3200836e-01
   4.0585775e-01
   3.8598326e-01
   3.7552302e-01
   3.7238493e-01
   3.7447700e-01
   3.8075314e-01
   3.8389121e-01
   3.8493723e-01
   3.7970711e-01
   3.6820083e-01
   3.4937238e-01
   3.2845189e-01
   3.0334728e-01
   2.7928869e-01
   2.5836819e-01
   2.4476986e-01
   2.3849372e-01
   2.4476989e-01
   2.6046026e-01
   2.8661088e-01
   3.2426777e-01
   3.6924686e-01
   4.1841006e-01
   4.7175733e-01
   5.2510458e-01
   5.7635983e-01
   6.2552300e-01
   6.6841004e-01
   7.0606693e-01
   7.3640169e-01
   7.5732216e-01
   7.6987447e-01
   7.7196651e-01
   7.6673639e-01
   7.5523014e-01
   7.3744769e-01
   7.1757322e-01
   6.9665272e-01
   6.7782425e-01
   6.6004183e-01
   6.4539747e-01
   6.3598326e-01
   6.3284517e-01
   6.3598326e-01
   6.4748954e-01
   6.6422594e-01
   6.8619246e-01
   7.1234308e-01
   7.3953974e-01
   7.6673639e-01
   7.9079496e-01
   8.1171548e-01
   8.2949790e-01
   8.4309623e-01
   8.5041840e-01
   8.5460251e-01
   8.5355649e-01
   8.4937237e-01
   8.4100416e-01
   8.2949790e-01
   8.1276150e-01
   7.9288703e-01
   7.6778242e-01
   7.3953974e-01
   7.0606693e-01
   6.7050209e-01
   6.3389121e-01
   5.9937237e-01
   5.7008368e-01
   5.4916317e-01
   5.3765688e-01
   5.3870293e-01
   5.5125521e-01
   5.7217571e-01
   5.9937237e-01
   6.2970712e-01
   6.6004183e-01
   6.8828453e-01
   7.1129705e-01
   7.2907950e-01
   7.4163178e-01
   7.4790795e-01
   7.4895397e-01
   7.4581588e-01
   7.3744771e-01
   7.2698743e-01
   7.1443515e-01
   6.9769872e-01
   6.8096232e-01
   6.5794978e-01
   6.3389121e-01
   6.0669456e-01
   5.7635983e-01
   5.4602510e-01
   5.1778244e-01
   4.9372385e-01
   4.7803347e-01
   4.7071130e-01
   4.7175731e-01
   4.8117154e-01
   4.9895396e-01
   5.1882844e-01
   5.3974895e-01
   5.5962343e-01
   5.7426778e-01
   5.8263597e-01
   5.8054392e-01
   5.7112971e-01
   5.5543933e-01
   5.3556486e-01
   5.1359832e-01
   4.9476987e-01
   4.8221756e-01
   4.7594142e-01
   4.7907949e-01
   4.8953975e-01
   5.0523013e-01
   5.2510460e-01
   5.4497907e-01
   5.6380752e-01
   5.8054392e-01
   5.9309623e-01
   6.0251046e-01
   6.0983263e-01
   6.1297072e-01
   6.1297070e-01
   6.1297072e-01
   6.1297072e-01
   6.1401672e-01
   6.1820084e-01
   6.2761505e-01
   6.4016736e-01
   6.5690376e-01
   6.7573220e-01
   6.9560670e-01
   7.1548117e-01
   7.3326359e-01
   7.4895397e-01
   7.6046025e-01
   7.6778242e-01
   7.7196651e-01
   7.6987449e-01
   7.6569037e-01
   7.5627616e-01
   7.4581590e-01
   7.3430964e-01
   7.2489541e-01
   7.1757322e-01
   7.1548117e-01
   7.1757319e-01
   7.2384938e-01
   7.3326359e-01
   7.4581590e-01
   7.5941421e-01
   7.7510461e-01
   7.9079496e-01
   8.0543931e-01
   8.1694562e-01
   8.2740583e-01
   8.3368200e-01
   8.3472804e-01
   8.3577404e-01
   8.3577404e-01
   8.3577404e-01
   8.3577407e-01
   8.3995816e-01
   8.4623430e-01
   8.5355647e-01
   8.6401673e-01
   8.7343094e-01
   8.8179915e-01
   8.8912134e-01
   8.9330543e-01
   8.9330543e-01
   8.9121336e-01
   8.8179915e-01
   8.6924684e-01
   8.5041840e-01
   8.2740585e-01
   8.0125524e-01
   7.7510458e-01
   7.4999999e-01
   7.2698745e-01
   7.0711296e-01
   6.9142258e-01
   6.7887030e-01
   6.7050209e-01
   6.6213387e-01
   6.5794978e-01
   6.5167364e-01
   6.4644352e-01
   6.3912133e-01
   6.2970710e-01
   6.2029289e-01
   6.0983265e-01
   6.0146444e-01
   5.9623430e-01
   5.9937237e-01
   6.0774058e-01
   6.2343096e-01
   6.4539747e-01
   6.6945606e-01
   6.9246860e-01
   7.1234310e-01
   7.2594141e-01
   7.3326359e-01
   7.3221757e-01
   7.2489538e-01
   7.1338910e-01
   7.0083682e-01
   6.8619246e-01
   6.7364018e-01
   6.6213387e-01
   6.5376569e-01
   6.4748952e-01
   6.4330545e-01
   6.4016736e-01
   6.3702926e-01
   6.3389121e-01
   6.2761507e-01
   6.2133891e-01
   6.1401674e-01
   6.0460251e-01
   5.9518827e-01
   5.8472804e-01
   5.7531380e-01
   5.6589959e-01
   5.5753138e-01
   5.4916317e-01
   5.4288702e-01
   5.3974895e-01
   5.3974895e-01
   5.4288702e-01
   5.5020921e-01
   5.5857740e-01
   5.7112971e-01
   5.8368199e-01
   5.9728034e-01
   6.1192470e-01
   6.2866107e-01
   6.4748954e-01
   6.6736402e-01
   6.8828451e-01
   7.0711296e-01
   7.2384936e-01
   7.3640169e-01
   7.4267781e-01
   7.4372385e-01
   7.3849371e-01
   7.2907950e-01
   7.1757322e-01
   7.0606693e-01
   6.9874477e-01
   6.9456065e-01
   6.9769872e-01
   7.0711296e-01
   7.2071131e-01
   7.4163178e-01
   7.6673639e-01
   7.9393305e-01
   8.2008369e-01
   8.4414226e-01
   8.6297070e-01
   8.7552301e-01
   8.8284520e-01
   8.8284517e-01
   8.7656903e-01
   8.6506277e-01
   8.4832635e-01
   8.2635981e-01
   8.0230127e-01
   7.7510461e-01
   7.4790795e-01
   7.2280334e-01
   6.9979079e-01
   6.8200837e-01
   6.6736402e-01
   6.5899580e-01
   6.5481171e-01
   6.5271966e-01
   6.5271966e-01
   6.5376569e-01
   6.5481171e-01
   6.5376566e-01
   6.5376569e-01
   6.5271966e-01
   6.5167364e-01
   6.5167364e-01
   6.5271966e-01
   6.5690376e-01
   6.6317992e-01
   6.7364016e-01
   6.8619246e-01
   7.0188284e-01
   7.1652717e-01
   7.3012552e-01
   7.4058576e-01
   7.4895397e-01
   7.5209204e-01
   7.5209204e-01
   7.4895397e-01
   7.4267781e-01
   7.3326359e-01
   7.1966526e-01
   7.0188284e-01
   6.8096232e-01
   6.5690376e-01
   6.3075312e-01
   6.0564853e-01
   5.8263599e-01
   5.6589957e-01
   5.5648533e-01
   5.5648535e-01
   5.6485357e-01
   5.7949792e-01
   6.0251046e-01
   6.2761505e-01
   6.5376569e-01
   6.7677823e-01
   6.9351465e-01
   7.0397489e-01
   7.0502091e-01
   6.9769875e-01
   6.8305437e-01
   6.6736399e-01
   6.5062759e-01
   6.3702929e-01
   6.3075312e-01
   6.3075314e-01
   6.3912133e-01
   6.5376569e-01
   6.7364018e-01
   6.9351463e-01
   7.1338912e-01
   7.3117155e-01
   7.4267781e-01
   7.4895397e-01
   7.4790795e-01
   7.4267783e-01
   7.2907950e-01
   7.1338912e-01
   6.9456068e-01
   6.7573220e-01
   6.5690376e-01
   6.4121338e-01
   6.2761505e-01
   6.1715481e-01
   6.0878660e-01
   6.0146444e-01
   5.9623432e-01
   5.9414225e-01
   5.9518827e-01
   5.9832634e-01
   6.0146444e-01
   6.0564853e-01
   6.0669456e-01
   6.0355648e-01
   5.9728034e-01
   5.8368201e-01
   5.6485354e-01
   5.4288702e-01
   5.1882844e-01
   4.9686192e-01
   4.7594140e-01
   4.6025105e-01
   4.4874476e-01
   4.4560669e-01
   4.4874476e-01
   4.6025105e-01
   4.7489540e-01
   4.9372385e-01
   5.1464436e-01
   5.3451884e-01
   5.4916317e-01
   5.6066945e-01
   5.6589957e-01
   5.6380752e-01
   5.5753138e-01
   5.4602510e-01
   5.3138074e-01
   5.1464436e-01
   4.9790794e-01
   4.8221759e-01
   4.6966526e-01
   4.6338912e-01
   4.6234309e-01
   4.6757321e-01
   4.7803347e-01
   4.9372385e-01
   5.1046025e-01
   5.2719665e-01
   5.4288702e-01
   5.5543933e-01
   5.6589957e-01
   5.7531380e-01
   5.8263599e-01
   5.8995816e-01
   5.9728034e-01
   6.0564853e-01
   6.1297072e-01
   6.2029289e-01
   6.2552300e-01
   6.3075314e-01
   6.3284517e-01
   6.3389121e-01
   6.3284519e-01
   6.2970712e-01
   6.2656905e-01
   6.2343096e-01
   6.2029289e-01
   6.1820082e-01
   6.1610877e-01
   6.1401674e-01
   6.1087865e-01
   6.0564853e-01
   5.9832637e-01
   5.8577406e-01
   5.7217573e-01
   5.5753138e-01
   5.4393305e-01
   5.3661088e-01
   5.3451881e-01
   5.3870291e-01
   5.5020919e-01
   5.6589957e-01
   5.8472804e-01
   6.0251046e-01
   6.1610877e-01
   6.2552300e-01
   6.2970712e-01
   6.2761505e-01
   6.2029289e-01
   6.0878660e-01
   5.9728034e-01
   5.8577406e-01
   5.7845187e-01
   5.7322173e-01
   5.7322173e-01
   5.7635983e-01
   5.7949790e-01
   5.8054392e-01
   5.7949790e-01
   5.7322175e-01
   5.6380752e-01
   5.5230126e-01
   5.3974895e-01
   5.3138074e-01
   5.2824267e-01
   5.3033472e-01
   5.3765688e-01
   5.5125524e-01
   5.6694561e-01
   5.8368201e-01
   5.9937237e-01
   6.1087865e-01
   6.1820084e-01
   6.1820084e-01
   6.1087865e-01
   5.9728034e-01
   5.7845190e-01
   5.5648535e-01
   5.3451881e-01
   5.1569037e-01
   5.0209204e-01
   4.9476987e-01
   4.9581589e-01
   5.0313806e-01
   5.1778244e-01
   5.3661088e-01
   5.5962343e-01
   5.8472801e-01
   6.1087865e-01
   6.3702929e-01
   6.6422592e-01
   6.8933053e-01
   7.1234310e-01
   7.3326359e-01
   7.5104602e-01
   7.6778242e-01
   7.8033472e-01
   7.8870294e-01
   7.9288701e-01
   7.9079496e-01
   7.7928870e-01
   7.6150628e-01
   7.3430962e-01
   7.0188284e-01
   6.6527197e-01
   6.2761507e-01
   5.9414225e-01
   5.6799161e-01
   5.4916319e-01
   5.4079498e-01
   5.4497907e-01
   5.5962343e-01
   5.8368201e-01
   6.1610877e-01
   6.5062759e-01
   6.8514644e-01
   7.1548117e-01
   7.3640166e-01
   7.4790795e-01
   7.4686192e-01
   7.3221757e-01
   7.0815900e-01
   6.7677825e-01
   6.4225940e-01
   6.0669456e-01
   5.7426778e-01
   5.4916317e-01
   5.3138074e-01
   5.2405855e-01
   5.2510460e-01
   5.3556484e-01
   5.5439331e-01
   5.7531380e-01
   6.0041841e-01
   6.2343096e-01
   6.4330543e-01
   6.5899580e-01
   6.7050209e-01
   6.7782425e-01
   6.8200837e-01
   6.8410042e-01
   6.8410039e-01
   6.8305437e-01
   6.8200837e-01
   6.7887028e-01
   6.7677823e-01
   6.7677823e-01
   6.7887028e-01
   6.8200837e-01
   6.8933056e-01
   6.9874477e-01
   7.1129705e-01
   7.2384938e-01
   7.3535564e-01
   7.4163178e-01
   7.4163178e-01
   7.3430962e-01
   7.1757322e-01
   6.9142258e-01
   6.5271964e-01
   6.0460249e-01
   5.4916317e-01
   4.8640166e-01
   4.2259415e-01
   3.6192469e-01
   3.0857742e-01
   2.6569038e-01
   2.3430961e-01
   2.1652718e-01
   2.1338911e-01
   2.2071130e-01
   2.3744770e-01
   2.6255231e-01
   2.9184100e-01
   3.2531380e-01
   3.5878662e-01
   3.9435147e-01
   4.2782427e-01
   4.5815900e-01
   4.8744768e-01
   5.1359832e-01
   5.3661088e-01
   5.5648535e-01
   5.7426778e-01
   5.8786611e-01
   5.9728032e-01
   6.0355648e-01
   6.0460251e-01
   6.0460251e-01
   6.0146444e-01
   5.9832637e-01
   5.9518830e-01
   5.9205020e-01
   5.8891213e-01
   5.8577404e-01
   5.7949790e-01
   5.7217573e-01
   5.5857740e-01
   5.4393305e-01
   5.2510460e-01
   5.0313806e-01
   4.8012552e-01
   4.5711298e-01
   4.3619246e-01
   4.1736401e-01
   4.0585775e-01
   4.0167363e-01
   4.0794977e-01
   4.2573222e-01
   4.5502093e-01
   4.9372385e-01
   5.3870293e-01
   5.8682008e-01
   6.3493722e-01
   6.7677825e-01
   7.0920501e-01
   7.2907950e-01
   7.3535564e-01
   7.2803348e-01
   7.0815898e-01
   6.7991632e-01
   6.4330545e-01
   6.0669456e-01
   5.7322175e-01
   5.4707112e-01
   5.3242677e-01
   5.2928872e-01
   5.3765691e-01
   5.5543933e-01
   5.7635983e-01
   6.0146441e-01
   6.2238493e-01
   6.4016736e-01
   6.4853557e-01
   6.5062762e-01
   6.4330545e-01
   6.2970712e-01
   6.0983263e-01
   5.8577404e-01
   5.6066945e-01
   5.3661088e-01
   5.1464434e-01
   4.9686192e-01
   4.8535564e-01
   4.7907949e-01
   4.7803347e-01
   4.8326359e-01
   4.9267782e-01
   5.0523013e-01
   5.2092048e-01
   5.3870293e-01
   5.5753138e-01
   5.7426778e-01
   5.8786611e-01
   5.9937237e-01
   6.0355648e-01
   6.0355648e-01
   6.0041841e-01
   5.9309625e-01
   5.8472801e-01
   5.7740585e-01
   5.7008366e-01
   5.6589957e-01
   5.6171547e-01
   5.6066945e-01
   5.5857740e-01
   5.5753138e-01
   5.5753138e-01
   5.5543931e-01
   5.5439331e-01
   5.5230126e-01
   5.4811714e-01
   5.4393305e-01
   5.3870293e-01
   5.3242677e-01
   5.2719665e-01
   5.2196653e-01
   5.2092048e-01
   5.2196651e-01
   5.2824267e-01
   5.3661088e-01
   5.4811714e-01
   5.6276150e-01
   5.7845187e-01
   5.9414225e-01
   6.0983265e-01
   6.2238493e-01
   6.2970712e-01
   6.3075312e-01
   6.2447698e-01
   6.1192467e-01
   5.9309623e-01
   5.6903766e-01
   5.4184100e-01
   5.1569037e-01
   4.9058578e-01
   4.6861926e-01
   4.4874476e-01
   4.3305439e-01
   4.2259415e-01
   4.1631799e-01
   4.1527196e-01
   4.1945608e-01
   4.2782425e-01
   4.4037655e-01
   4.5606693e-01
   4.7594142e-01
   4.9895396e-01
   5.2510460e-01
   5.5334726e-01
   5.8472804e-01
   6.1401672e-01
   6.4225940e-01
   6.6527197e-01
   6.8200837e-01
   6.9142260e-01
   6.9142260e-01
   6.8305437e-01
   6.7050209e-01
   6.5376569e-01
   6.3912133e-01
   6.2761505e-01
   6.2238493e-01
   6.2343096e-01
   6.3284517e-01
   6.4853557e-01
   6.7050209e-01
   6.9769872e-01
   7.2594143e-01
   7.5313807e-01
   7.7719665e-01
   7.9184098e-01
   7.9916317e-01
   7.9811715e-01
   7.8765691e-01
   7.6882844e-01
   7.4686192e-01
   7.2280336e-01
   6.9979079e-01
   6.8200837e-01
   6.6945606e-01
   6.6527195e-01
   6.6736402e-01
   6.7573220e-01
   6.8933053e-01
   7.0292886e-01
   7.1652719e-01
   7.2594143e-01
   7.2907950e-01
   7.2698743e-01
   7.1966526e-01
   7.1129705e-01
   7.0397489e-01
   7.0188284e-01
   7.0397489e-01
   7.1443515e-01
   7.2907950e-01
   7.4686192e-01
   7.6359832e-01
   7.7719663e-01
   7.8242677e-01
   7.8242677e-01
   7.7615063e-01
   7.6464435e-01
   7.5104602e-01
   7.3953974e-01
   7.3117155e-01
   7.2803345e-01
   7.3221757e-01
   7.4267781e-01
   7.5732216e-01
   7.7301254e-01
   7.8870291e-01
   8.0020920e-01
   8.0753136e-01
   8.0753138e-01
   8.0230127e-01
   7.9184101e-01
   7.8033472e-01
   7.6673639e-01
   7.5313809e-01
   7.4163181e-01
   7.3012552e-01
   7.1652719e-01
   7.0188284e-01
   6.8723849e-01
   6.6945606e-01
   6.5271966e-01
   6.3493724e-01
   6.1820084e-01
   6.0355648e-01
   5.9100418e-01
   5.8263599e-01
   5.7845190e-01
   5.7845190e-01
   5.8577404e-01
   6.0041839e-01
   6.2133891e-01
   6.4748954e-01
   6.7677825e-01
   7.1025105e-01
   7.4163181e-01
   7.7092049e-01
   7.9707112e-01
   8.1694560e-01
   8.3158997e-01
   8.3682009e-01
   8.3682007e-01
   8.2740585e-01
   8.1171548e-01
   7.8974894e-01
   7.6359832e-01
   7.3326359e-01
   7.0292886e-01
   6.7050209e-01
   6.3912133e-01
   6.0878660e-01
   5.8054392e-01
   5.5334728e-01
   5.2824267e-01
   5.0627613e-01
   4.8430961e-01
   4.6338912e-01
   4.4246862e-01
   4.2050210e-01
   3.9958159e-01
   3.7866109e-01
   3.6297069e-01
   3.5355650e-01
   3.5251046e-01
   3.6401674e-01
   3.8702928e-01
   4.2259413e-01
   4.6443514e-01
   5.1255229e-01
   5.6066945e-01
   6.0355648e-01
   6.4121338e-01
   6.6736402e-01
   6.8514644e-01
   6.9037658e-01
   6.8619246e-01
   6.7364016e-01
   6.5481171e-01
   6.3075312e-01
   6.0460249e-01
   5.7635983e-01
   5.4811714e-01
   5.1987446e-01
   4.9372385e-01
   4.6966528e-01
   4.4769874e-01
   4.3096234e-01
   4.2050210e-01
   4.1841003e-01
   4.2573222e-01
   4.4351465e-01
   4.7071128e-01
   5.0313806e-01
   5.4079498e-01
   5.7635983e-01
   6.0878660e-01
   6.3493724e-01
   6.5481171e-01
   6.6527197e-01
   6.6945606e-01
   6.6736402e-01
   6.6213390e-01
   6.5376569e-01
   6.4435147e-01
   6.3389121e-01
   6.2447698e-01
   6.1506274e-01
   6.0564853e-01
   5.9728034e-01
   5.8577406e-01
   5.7426778e-01
   5.6171550e-01
   5.4707114e-01
   5.3451884e-01
   5.2196653e-01
   5.1255229e-01
   5.0836820e-01
   5.0941422e-01
   5.1569039e-01
   5.2719665e-01
   5.4184098e-01
   5.6066947e-01
   5.8263597e-01
   6.0564851e-01
   6.2970710e-01
   6.5376569e-01
   6.7468618e-01
   6.9665270e-01
   7.1443515e-01
   7.3221757e-01
   7.4790795e-01
   7.6359832e-01
   7.8033472e-01
   7.9707112e-01
   8.1380753e-01
   8.2740585e-01
   8.3786609e-01
   8.3995816e-01
   8.3472804e-01
   8.1903767e-01
   7.9707112e-01
   7.6673639e-01
   7.3326359e-01
   6.9979079e-01
   6.6736402e-01
   6.4330545e-01
   6.2656905e-01
   6.2238493e-01
   6.2866110e-01
   6.4539747e-01
   6.7154811e-01
   7.0083682e-01
   7.3221757e-01
   7.5836818e-01
   7.7824265e-01
   7.9079498e-01
   7.9393303e-01
   7.9184098e-01
   7.8451882e-01
   7.7719663e-01
   7.7301256e-01
   7.7196651e-01
   7.7510458e-01
   7.8033472e-01
   7.8870291e-01
   7.9602510e-01
   7.9916317e-01
   7.9811715e-01
   7.9079496e-01
   7.7824265e-01
   7.5941423e-01
   7.3849371e-01
   7.1652719e-01
   6.9769875e-01
   6.8305439e-01
   6.7364016e-01
   6.7154811e-01
   6.7259413e-01
   6.7573223e-01
   6.7991632e-01
   6.8305437e-01
   6.8410042e-01
   6.8514644e-01
   6.8723849e-01
   6.9142258e-01
   6.9979079e-01
   7.1234310e-01
   7.3012552e-01
   7.4999999e-01
   7.7196651e-01
   7.9184101e-01
   8.0962343e-01
   8.2322176e-01
   8.3158995e-01
   8.3263600e-01
   8.2635983e-01
   8.1380753e-01
   7.9497908e-01
   7.6987449e-01
   7.4372385e-01
   7.1861924e-01
   6.9665272e-01
   6.7991632e-01
   6.7050209e-01
   6.6945606e-01
   6.7468618e-01
   6.8619246e-01
   7.0083682e-01
   7.1757322e-01
   7.3430962e-01
   7.4895397e-01
   7.5836818e-01
   7.6464435e-01
   7.6359832e-01
   7.5836821e-01
   7.5209204e-01
   7.4476988e-01
   7.4058578e-01
   7.3953974e-01
   7.4372385e-01
   7.5313809e-01
   7.6569037e-01
   7.7824268e-01
   7.9079498e-01
   8.0230124e-01
   8.0857738e-01
   8.1066945e-01
   8.0962341e-01
   8.0439331e-01
   7.9811715e-01
   7.9079498e-01
   7.8556487e-01
   7.8242677e-01
   7.8347280e-01
   7.8974896e-01
   7.9916317e-01
   8.1380753e-01
   8.2740585e-01
   8.3995816e-01
   8.4937240e-01
   8.5355649e-01
   8.5146442e-01
   8.4518828e-01
   8.3786609e-01
   8.3054393e-01
   8.2531381e-01
   8.2531381e-01
   8.3054393e-01
   8.4100418e-01
   8.5355647e-01
   8.6820084e-01
   8.7761506e-01
   8.8284517e-01
   8.7970713e-01
   8.6610877e-01
   8.4518828e-01
   8.1694560e-01
   7.8661087e-01
   7.5732218e-01
   7.3430962e-01
   7.1966526e-01
   7.1652719e-01
   7.2384936e-01
   7.3849371e-01
   7.5523014e-01
   7.7196651e-01
   7.8242677e-01
   7.8451882e-01
   7.7719663e-01
   7.6150628e-01
   7.3849371e-01
   7.1025105e-01
   6.8200837e-01
   6.5376569e-01
   6.3075314e-01
   6.1192470e-01
   6.0041841e-01
   5.9518827e-01
   5.9832634e-01
   6.0669456e-01
   6.2029289e-01
   6.3807531e-01
   6.5794978e-01
   6.7677823e-01
   6.9560670e-01
   7.0920501e-01
   7.1861924e-01
   7.2175731e-01
   7.1548117e-01
   6.9979079e-01
   6.7782427e-01
   6.4958159e-01
   6.2029289e-01
   5.9205020e-01
   5.6799164e-01
   5.5125521e-01
   5.4602512e-01
   5.5020921e-01
   5.6171547e-01
   5.7845187e-01
   5.9623430e-01
   6.1192467e-01
   6.2238493e-01
   6.2656905e-01
   6.2343096e-01
   6.1401672e-01
   5.9937239e-01
   5.8054392e-01
   5.6276150e-01
   5.4602510e-01
   5.3451881e-01
   5.2824267e-01
   5.2928870e-01
   5.3451884e-01
   5.4288702e-01
   5.5125524e-01
   5.5962343e-01
   5.6694559e-01
   5.7008368e-01
   5.7322175e-01
   5.7531380e-01
   5.7845187e-01
   5.8158994e-01
   5.8472804e-01
   5.8682008e-01
   5.8682008e-01
   5.8368201e-01
   5.7635983e-01
   5.6485354e-01
   5.4916317e-01
   5.3138074e-01
   5.1255229e-01
   4.9372385e-01
   4.8012552e-01
   4.7071128e-01
   4.7071128e-01
   4.8012552e-01
   4.9999999e-01
   5.2928870e-01
   5.6589957e-01
   6.0564851e-01
   6.4225943e-01
   6.7364018e-01
   6.9560670e-01
   7.0292886e-01
   6.9665270e-01
   6.7468620e-01
   6.4121338e-01
   5.9623432e-01
   5.4497907e-01
   4.9267782e-01
   4.4246862e-01
   4.0062761e-01
   3.6820083e-01
   3.5146443e-01
   3.4728034e-01
   3.5669455e-01
   3.7447697e-01
   3.9853554e-01
   4.2259413e-01
   4.4037657e-01
   4.5188283e-01
   4.5188283e-01
   4.4142258e-01
   4.1945606e-01
   3.9016735e-01
   3.5564853e-01
   3.2112970e-01
   2.9288702e-01
   2.7405857e-01
   2.7092050e-01
   2.8556485e-01
   3.1903765e-01
   3.6924686e-01
   4.3305441e-01
   5.0209204e-01
   5.7008368e-01
   6.2866107e-01
   6.6945606e-01
   6.8933053e-01
   6.8410042e-01
   6.5481171e-01
   6.0774058e-01
   5.5020921e-01
   4.9058578e-01
   4.3723850e-01
   4.0062761e-01
   3.8075314e-01
   3.8179916e-01
   3.9958159e-01
   4.2573222e-01
   4.5397488e-01
   4.7803347e-01
   4.9267782e-01
   4.9895396e-01
   4.9895396e-01
   4.9686192e-01
   5.0000001e-01
   5.1046025e-01
   5.2824267e-01
   5.5125524e-01
   5.7112971e-01
   5.8158994e-01
   5.7845187e-01
   5.5648533e-01
   5.1882846e-01
   4.7489540e-01
   4.3305439e-01
   4.0271966e-01
   3.9539749e-01
   4.1213389e-01
   4.5292886e-01
   5.1150627e-01
   5.7740587e-01
   6.4121338e-01
   6.9246860e-01
   7.2594141e-01
   7.3953976e-01
   7.3744771e-01
   7.2803345e-01
   7.1861924e-01
   7.1443515e-01
   7.2175731e-01
   7.3953974e-01
   7.6255230e-01
   7.8451882e-01
   7.9602508e-01
   7.9393305e-01
   7.7405858e-01
   7.4267783e-01
   7.0292886e-01
   6.6422594e-01
   6.3389121e-01
   6.1715481e-01
   6.1715481e-01
   6.3179914e-01
   6.5585773e-01
   6.8514644e-01
   7.0920503e-01
   7.2594141e-01
   7.3117152e-01
   7.2175731e-01
   7.0188284e-01
   6.7573223e-01
   6.4748954e-01
   6.2552300e-01
   6.1506277e-01
   6.1924686e-01
   6.4016736e-01
   6.7782425e-01
   7.2907948e-01
   7.8661087e-01
   8.4518828e-01
   8.9748953e-01
   9.3514645e-01
   9.5711296e-01
   9.6025103e-01
   9.4142259e-01
   9.0690376e-01
   8.5669456e-01
   7.9707112e-01
   7.3326359e-01
   6.6945606e-01
   6.1297072e-01
   5.6694559e-01
   5.3661086e-01
   5.2301255e-01
   5.2928870e-01
   5.5334726e-01
   5.9309623e-01
   6.4225940e-01
   6.9560670e-01
   7.4790795e-01
   7.8870294e-01
   8.1380753e-01
   8.1694562e-01
   7.9602508e-01
   7.5209204e-01
   6.8828451e-01
   6.1192467e-01
   5.3451881e-01
   4.6548116e-01
   4.1317992e-01
   3.8702928e-01
   3.8702928e-01
   4.1317992e-01
   4.5815898e-01
   5.1359832e-01
   5.6903766e-01
   6.1715481e-01
   6.4748954e-01
   6.5899580e-01
   6.5062762e-01
   6.2447700e-01
   5.8682006e-01
   5.4288702e-01
   5.0313806e-01
   4.7071128e-01
   4.5188283e-01
   4.4979079e-01
   4.6234309e-01
   4.8849373e-01
   5.2301255e-01
   5.6066945e-01
   5.9728032e-01
   6.2552300e-01
   6.4435147e-01
   6.5271964e-01
   6.4853555e-01
   6.3284517e-01
   6.0983263e-01
   5.7845187e-01
   5.4497907e-01
   5.1150627e-01
   4.8221759e-01
   4.6234309e-01
   4.5292886e-01
   4.5502093e-01
   4.6757321e-01
   4.8953975e-01
   5.1673639e-01
   5.4393305e-01
   5.6485354e-01
   5.7740585e-01
   5.7635983e-01
   5.6066947e-01
   5.3347281e-01
   4.9581589e-01
   4.5188283e-01
   4.1004184e-01
   3.7552300e-01
   3.5355648e-01
   3.4728034e-01
   3.5983264e-01
   3.8807533e-01
   4.2782427e-01
   4.7489540e-01
   5.1882844e-01
   5.5753138e-01
   5.8472804e-01
   5.9623430e-01
   5.9414225e-01
   5.7949790e-01
   5.5648535e-01
   5.2719665e-01
   4.9686192e-01
   4.7071128e-01
   4.4874476e-01
   4.3619246e-01
   4.3305439e-01
   4.4142260e-01
   4.6129705e-01
   4.8953975e-01
   5.2405858e-01
   5.5962343e-01
   5.9309625e-01
   6.2029286e-01
   6.3598326e-01
   6.4435147e-01
   6.4225940e-01
   6.3389121e-01
   6.2552300e-01
   6.2133891e-01
   6.2552300e-01
   6.3912133e-01
   6.6213387e-01
   6.9456068e-01
   7.3012550e-01
   7.6359830e-01
   7.8765691e-01
   7.9811715e-01
   7.9079498e-01
   7.6464435e-01
   7.2280334e-01
   6.6945606e-01
   6.0983263e-01
   5.5230124e-01
   5.0209206e-01
   4.6338912e-01
   4.3828450e-01
   4.2677822e-01
   4.2991632e-01
   4.4142260e-01
   4.6129707e-01
   4.8535564e-01
   5.1255229e-01
   5.3765691e-01
   5.5857740e-01
   5.7531380e-01
   5.8577406e-01
   5.8786611e-01
   5.8368199e-01
   5.7635983e-01
   5.6694559e-01
   5.5857740e-01
   5.5334726e-01
   5.5334726e-01
   5.5962343e-01
   5.7112971e-01
   5.8577406e-01
   6.0251046e-01
   6.1924686e-01
   6.3284517e-01
   6.4330543e-01
   6.4644352e-01
   6.4330545e-01
   6.3389119e-01
   6.1715481e-01
   5.9728032e-01
   5.7322175e-01
   5.4707112e-01
   5.2301253e-01
   5.0104604e-01
   4.8430961e-01
   4.7280333e-01
   4.6966526e-01
   4.7594142e-01
   4.9163180e-01
   5.1464434e-01
   5.4707112e-01
   5.8158994e-01
   6.2029289e-01
   6.5481171e-01
   6.8410039e-01
   7.0502091e-01
   7.1652719e-01
   7.1861924e-01
   7.1234308e-01
   7.0083682e-01
   6.8514644e-01
   6.6945606e-01
   6.5376569e-01
   6.4016736e-01
   6.2970710e-01
   6.2238491e-01
   6.1820084e-01
   6.1924686e-01
   6.2552300e-01
   6.3702929e-01
   6.5481171e-01
   6.7677823e-01
   7.0292889e-01
   7.3221757e-01
   7.6046023e-01
   7.8661087e-01
   8.0962341e-01
   8.2740585e-01
   8.3786611e-01
   8.4309621e-01
   8.4205019e-01
   8.3891214e-01
   8.3472802e-01
   8.3158995e-01
   8.3263597e-01
   8.3786609e-01
   8.4414226e-01
   8.5146444e-01
   8.5669456e-01
   8.5669456e-01
   8.5146442e-01
   8.3891211e-01
   8.2008369e-01
   7.9811715e-01
   7.7196654e-01
   7.4163181e-01
   7.0920501e-01
   6.7573220e-01
   6.3912133e-01
   6.0251046e-01
   5.6694559e-01
   5.3870293e-01
   5.1778244e-01
   5.0836820e-01
   5.1569037e-01
   5.3661086e-01
   5.7322175e-01
   6.1820084e-01
   6.6736402e-01
   7.1234308e-01
   7.4686192e-01
   7.6046025e-01
   7.4895397e-01
   7.1129708e-01
   6.4853555e-01
   5.6694561e-01
   4.7907949e-01
   3.9748954e-01
   3.3472803e-01
   3.0230125e-01
   3.0543932e-01
   3.4414227e-01
   4.1108787e-01
   4.9476987e-01
   5.8054392e-01
   6.5271966e-01
   7.0083682e-01
   7.2071129e-01
   7.1129705e-01
   6.7887030e-01
   6.3493722e-01
   5.9414225e-01
   5.6589959e-01
   5.5857740e-01
   5.7531380e-01
   6.1192467e-01
   6.5899583e-01
   7.0815898e-01
   7.4476988e-01
   7.6359832e-01
   7.5836818e-01
   7.3430962e-01
   6.9351463e-01
   6.5062762e-01
   6.1087865e-01
   5.8472804e-01
   5.7531380e-01
   5.8263597e-01
   6.0460251e-01
   6.3284517e-01
   6.6422594e-01
   6.9037656e-01
   7.0815900e-01
   7.1548115e-01
   7.1025105e-01
   6.9665270e-01
   6.7154811e-01
   6.3702929e-01
   5.9623430e-01
   5.5125524e-01
   5.0209204e-01
   4.5292886e-01
   4.0376568e-01
   3.5669455e-01
   3.1485354e-01
   2.7824267e-01
   2.4790794e-01
   2.2489539e-01
   2.1025104e-01
   2.0502090e-01
   2.1025104e-01
   2.2803346e-01
   2.5941422e-01
   3.0439330e-01
   3.5983262e-01
   4.2154813e-01
   4.8744768e-01
   5.4811714e-01
   5.9728034e-01
   6.2761507e-01
   6.3598326e-01
   6.2029289e-01
   5.8158994e-01
   5.2196653e-01
   4.4979079e-01
   3.7343095e-01
   2.9916318e-01
   2.3326361e-01
   1.8096233e-01
   1.4330544e-01
   1.2133892e-01
   1.1192469e-01
   1.1610878e-01
   1.3075313e-01
   1.5690377e-01
   1.9351464e-01
   2.4058577e-01
   2.9707114e-01
   3.5669455e-01
   4.1736401e-01
   4.7698745e-01
   5.2928872e-01
   5.7217573e-01
   6.0564853e-01
   6.2866107e-01
   6.4330543e-01
   6.5167362e-01
   6.5481171e-01
   6.5376569e-01
   6.5167364e-01
   6.4435147e-01
   6.3389121e-01
   6.1820082e-01
   5.9728032e-01
   5.6694561e-01
   5.2824267e-01
   4.7907949e-01
   4.2050208e-01
   3.5460250e-01
   2.8347278e-01
   2.1443513e-01
   1.5167363e-01
   1.0355647e-01
   7.2175743e-02
   6.2761507e-02
   7.7405861e-02
   1.1192469e-01
   1.6317991e-01
   2.2594142e-01
   2.9079497e-01
   3.5251046e-01
   4.0585773e-01
   4.4560669e-01
   4.7384938e-01
   4.8849373e-01
   4.9372385e-01
   4.9267782e-01
   4.8535566e-01
   4.7175731e-01
   4.4979079e-01
   4.1736401e-01
   3.7133890e-01
   3.1171549e-01
   2.4058577e-01
   1.6422593e-01
   9.2050191e-02
   3.3472801e-02
   1.0460236e-03
   0.0000000e+00
   3.4518824e-02
   1.0146445e-01
   1.9246862e-01
   2.9288702e-01
   3.8912133e-01
   4.6548116e-01
   5.0941422e-01
   5.1464434e-01
   4.8012552e-01
   4.1317992e-01
   3.2426777e-01
   2.3221756e-01
   1.5271967e-01
   1.0041840e-01
   8.5774049e-02
   1.1087866e-01
   1.7154810e-01
   2.5836819e-01
   3.5669457e-01
   4.5083681e-01
   5.2928870e-01
   5.8472801e-01
   6.1401672e-01
   6.2133891e-01
   6.1297070e-01
   6.0041839e-01
   5.8891213e-01
   5.8995816e-01
   6.0041839e-01
   6.2343096e-01
   6.5167364e-01
   6.7991630e-01
   7.0083682e-01
   7.1129708e-01
   7.0920503e-01
   6.9351463e-01
   6.6736402e-01
   6.3598326e-01
   6.0251044e-01
   5.7008366e-01
   5.3974895e-01
   5.1046025e-01
   4.8117154e-01
