   0.0000000e+00
   9.6774186e-02
   2.3521504e-01
   3.8978494e-01
   5.3225805e-01
   6.4112902e-01
   7.0698924e-01
   7.2916665e-01
   7.1841397e-01
   6.8749998e-01
   6.5524192e-01
   6.3172043e-01
   6.2500000e-01
   6.3575268e-01
   6.6129031e-01
   6.9422043e-01
   7.2916666e-01
   7.6142472e-01
   7.8830645e-01
   8.0846772e-01
   8.2190859e-01
   8.2930106e-01
   8.3131720e-01
   8.2795699e-01
   8.1989247e-01
   8.0779568e-01
   7.9301074e-01
   7.7553762e-01
   7.5604837e-01
   7.3655914e-01
   7.1706989e-01
   6.9892472e-01
   6.8413977e-01
   6.7137097e-01
   6.6330644e-01
   6.5927418e-01
   6.5860213e-01
   6.5994623e-01
   6.6263439e-01
   6.6330645e-01
   6.6263439e-01
   6.5994623e-01
   6.5658602e-01
   6.5322579e-01
   6.5389785e-01
   6.5658600e-01
   6.6330644e-01
   6.7338708e-01
   6.8682795e-01
   7.0228495e-01
   7.2043010e-01
   7.3991935e-01
   7.6075268e-01
   7.8293010e-01
   8.0443549e-01
   8.2459676e-01
   8.4072579e-01
   8.5215053e-01
   8.5887095e-01
   8.6155913e-01
   8.6021503e-01
   8.5752687e-01
   8.5416666e-01
   8.4946236e-01
   8.4475807e-01
   8.3870967e-01
   8.3333332e-01
   8.2795697e-01
   8.2392472e-01
   8.2056451e-01
   8.1720430e-01
   8.1451612e-01
   8.0981181e-01
   8.0107526e-01
   7.8830645e-01
   7.7016127e-01
   7.4865591e-01
   7.2513439e-01
   7.0228493e-01
   6.8145160e-01
   6.6465052e-01
   6.5322579e-01
   6.4717741e-01
   6.4516127e-01
   6.4717741e-01
   6.5322579e-01
   6.6061827e-01
   6.7002687e-01
   6.7809139e-01
   6.8346773e-01
   6.8481183e-01
   6.8010752e-01
   6.7137096e-01
   6.5994623e-01
   6.4784946e-01
   6.3709677e-01
   6.2836021e-01
   6.2298386e-01
   6.1962365e-01
   6.1693548e-01
   6.1357525e-01
   6.1021504e-01
   6.0483871e-01
   5.9946235e-01
   5.9408600e-01
   5.8803763e-01
   5.8266127e-01
   5.7728494e-01
   5.7190859e-01
   5.6720429e-01
   5.6317204e-01
   5.6182796e-01
   5.6115591e-01
   5.6451611e-01
   5.6787633e-01
   5.7056450e-01
   5.7325267e-01
   5.7392471e-01
   5.7325269e-01
   5.7123654e-01
   5.6989246e-01
   5.6922042e-01
   5.6989248e-01
   5.7258063e-01
   5.7526881e-01
   5.7862902e-01
   5.8131719e-01
   5.8400536e-01
   5.8602148e-01
   5.8736558e-01
   5.8870967e-01
   5.9005377e-01
   5.8803763e-01
   5.8467741e-01
   5.7930106e-01
   5.7190860e-01
   5.6451612e-01
   5.5981182e-01
   5.5712365e-01
   5.5913977e-01
   5.6451612e-01
   5.7190859e-01
   5.7997311e-01
   5.8803763e-01
   5.9408600e-01
   5.9879031e-01
   6.0147848e-01
   6.0147848e-01
   6.0013440e-01
   5.9610214e-01
   5.8938171e-01
   5.8131719e-01
   5.7325267e-01
   5.6720428e-01
   5.6518817e-01
   5.6787633e-01
   5.7526881e-01
   5.8736558e-01
   6.0349461e-01
   6.1895160e-01
   6.3373654e-01
   6.4516127e-01
   6.5389783e-01
   6.5927418e-01
   6.6129033e-01
   6.6061827e-01
   6.5860214e-01
   6.5456988e-01
   6.5053762e-01
   6.4650537e-01
   6.4448924e-01
   6.4583333e-01
   6.4986558e-01
   6.5658602e-01
   6.6397849e-01
   6.7137096e-01
   6.7473118e-01
   6.7540321e-01
   6.7137096e-01
   6.6397849e-01
   6.5456988e-01
   6.4583331e-01
   6.3844085e-01
   6.3239246e-01
   6.2903225e-01
   6.2836019e-01
   6.3104837e-01
   6.3709677e-01
   6.4583333e-01
   6.5725806e-01
   6.6935483e-01
   6.8145160e-01
   6.9018816e-01
   6.9422043e-01
   6.9287633e-01
   6.8615591e-01
   6.7473117e-01
   6.6061828e-01
   6.4583333e-01
   6.3104837e-01
   6.1693546e-01
   6.0551075e-01
   5.9543009e-01
   5.8736558e-01
   5.8198923e-01
   5.7997311e-01
   5.8131719e-01
   5.8400537e-01
   5.8870967e-01
   5.9341398e-01
   5.9677419e-01
   5.9677419e-01
   5.9408602e-01
   5.9005375e-01
   5.8333333e-01
   5.7728494e-01
   5.7190860e-01
   5.6720429e-01
   5.6317203e-01
   5.5913977e-01
   5.5443548e-01
   5.5040323e-01
   5.4704300e-01
   5.4502688e-01
   5.4435483e-01
   5.4435483e-01
   5.4502688e-01
   5.4502688e-01
   5.4368279e-01
   5.4166665e-01
   5.3965052e-01
   5.3629031e-01
   5.3225806e-01
   5.2620967e-01
   5.1881719e-01
   5.0873655e-01
   4.9529568e-01
   4.7849461e-01
   4.6034946e-01
   4.4422042e-01
   4.2943547e-01
   4.1868280e-01
   4.1397849e-01
   4.1330644e-01
   4.1733870e-01
   4.2540323e-01
   4.3615590e-01
   4.5161290e-01
   4.7110213e-01
   4.9529569e-01
   5.2284946e-01
   5.5376342e-01
   5.8467741e-01
   6.1424731e-01
   6.3978494e-01
   6.6061827e-01
   6.7540321e-01
   6.8548387e-01
   6.9018816e-01
   6.9018816e-01
   6.8749999e-01
   6.8212364e-01
   6.7674731e-01
   6.7137097e-01
   6.6801075e-01
   6.6801075e-01
   6.7204300e-01
   6.7741935e-01
   6.8413977e-01
   6.9018816e-01
   6.9220430e-01
   6.9153225e-01
   6.8682795e-01
   6.8010752e-01
   6.7271504e-01
   6.6599462e-01
   6.6061827e-01
   6.5725806e-01
   6.5389785e-01
   6.5188172e-01
   6.4986558e-01
   6.4852150e-01
   6.4852150e-01
   6.4919354e-01
   6.5120967e-01
   6.5456988e-01
   6.5793010e-01
   6.6129033e-01
   6.6397848e-01
   6.6599461e-01
   6.7002687e-01
   6.7405912e-01
   6.8212364e-01
   6.9287633e-01
   7.0631720e-01
   7.2244622e-01
   7.4059139e-01
   7.6075268e-01
   7.8293010e-01
   8.0712365e-01
   8.3400537e-01
   8.6155913e-01
   8.8911289e-01
   9.1599461e-01
   9.4018816e-01
   9.5967742e-01
   9.7513440e-01
   9.8588709e-01
   9.9327956e-01
   9.9865590e-01
   1.0000000e+00
   9.9932794e-01
   9.9529568e-01
   9.8588709e-01
   9.7446234e-01
   9.6034945e-01
   9.4354837e-01
   9.2809138e-01
   9.1330644e-01
   8.9919353e-01
   8.8642473e-01
   8.7432795e-01
   8.6424730e-01
   8.5416666e-01
   8.4610215e-01
   8.4206988e-01
   8.4072580e-01
   8.4206988e-01
   8.4610214e-01
   8.5147849e-01
   8.5618278e-01
   8.5954301e-01
   8.6223116e-01
   8.6424730e-01
   8.6760751e-01
   8.7231182e-01
   8.7768816e-01
   8.8508063e-01
   8.9314514e-01
   9.0120967e-01
   9.1129032e-01
   9.2002688e-01
   9.2943548e-01
   9.3817203e-01
   9.4623655e-01
   9.5094084e-01
   9.5228493e-01
   9.4825267e-01
   9.3884407e-01
   9.2607526e-01
   9.1061826e-01
   8.9516128e-01
   8.8239247e-01
   8.7231182e-01
   8.6693548e-01
   8.6424730e-01
   8.6424730e-01
   8.6693547e-01
   8.7096774e-01
   8.7499999e-01
   8.7903224e-01
   8.8104837e-01
   8.8037633e-01
   8.7567203e-01
   8.6559139e-01
   8.5147847e-01
   8.3333332e-01
   8.1384407e-01
   7.9569891e-01
   7.7889783e-01
   7.6545697e-01
   7.5537634e-01
   7.4731181e-01
   7.4059139e-01
   7.3588708e-01
   7.3051074e-01
   7.2715053e-01
   7.2580644e-01
   7.2580645e-01
   7.2715053e-01
   7.3118279e-01
   7.3588710e-01
   7.4059139e-01
   7.4731182e-01
   7.5268818e-01
   7.5873655e-01
   7.6276881e-01
   7.6344085e-01
   7.6008064e-01
   7.5134408e-01
   7.3588708e-01
   7.1572580e-01
   6.9220429e-01
   6.6868279e-01
   6.4650536e-01
   6.2903225e-01
   6.1760752e-01
   6.1155913e-01
   6.0954301e-01
   6.1223118e-01
   6.1693548e-01
   6.2365590e-01
   6.3104837e-01
   6.3911289e-01
   6.4583333e-01
   6.5120967e-01
   6.5456989e-01
   6.5591396e-01
   6.5591397e-01
   6.5658602e-01
   6.5927418e-01
   6.6532258e-01
   6.7405912e-01
   6.8615591e-01
   6.9892472e-01
   7.0967740e-01
   7.1639785e-01
   7.1774193e-01
   7.1236559e-01
   7.0228493e-01
   6.8817204e-01
   6.7002687e-01
   6.4986558e-01
   6.2903225e-01
   6.1021504e-01
   5.9543009e-01
   5.8602150e-01
   5.8333333e-01
   5.8938171e-01
   6.0215052e-01
   6.2163979e-01
   6.4381720e-01
   6.6465054e-01
   6.8212364e-01
   6.9489246e-01
   7.0094085e-01
   7.0161289e-01
   6.9623654e-01
   6.8749999e-01
   6.7473117e-01
   6.6129031e-01
   6.4650537e-01
   6.3239246e-01
   6.1895160e-01
   6.0954300e-01
   6.0349461e-01
   6.0080644e-01
   6.0282258e-01
   6.0685483e-01
   6.1088710e-01
   6.1559139e-01
   6.1962365e-01
   6.2231181e-01
   6.2432794e-01
   6.2567202e-01
   6.2432795e-01
   6.2163977e-01
   6.1559139e-01
   6.0618279e-01
   5.9408600e-01
   5.7862902e-01
   5.6451612e-01
   5.5040323e-01
   5.4166667e-01
   5.3629031e-01
   5.3629031e-01
   5.4032258e-01
   5.4771504e-01
   5.5779569e-01
   5.6989246e-01
   5.8333333e-01
   5.9744623e-01
   6.1021504e-01
   6.2163979e-01
   6.2970429e-01
   6.3440858e-01
   6.3508063e-01
   6.3306450e-01
   6.2903225e-01
   6.2634408e-01
   6.2432794e-01
   6.2432794e-01
   6.2567202e-01
   6.2768816e-01
   6.2903225e-01
   6.2836021e-01
   6.2768816e-01
   6.2567204e-01
   6.2432795e-01
   6.2298386e-01
   6.2365591e-01
   6.2567204e-01
   6.2836021e-01
   6.3239246e-01
   6.3642473e-01
   6.4247312e-01
   6.4986558e-01
   6.5725806e-01
   6.6465052e-01
   6.7069891e-01
   6.7405912e-01
   6.7405912e-01
   6.7002687e-01
   6.6397849e-01
   6.5725806e-01
   6.5255375e-01
   6.4986558e-01
   6.5053762e-01
   6.5456988e-01
   6.6129033e-01
   6.6868279e-01
   6.7809139e-01
   6.8615591e-01
   6.9354837e-01
   7.0026881e-01
   7.0295698e-01
   7.0228495e-01
   6.9758064e-01
   6.8749999e-01
   6.7473117e-01
   6.5927418e-01
   6.4516129e-01
   6.3306452e-01
   6.2499998e-01
   6.2231181e-01
   6.2365590e-01
   6.2836021e-01
   6.3642473e-01
   6.4381720e-01
   6.5188171e-01
   6.5860214e-01
   6.6465054e-01
   6.6666666e-01
   6.6599462e-01
   6.5994623e-01
   6.4919354e-01
   6.3440858e-01
   6.1626342e-01
   5.9879031e-01
   5.8266127e-01
   5.7123654e-01
   5.6451612e-01
   5.6250000e-01
   5.6451611e-01
   5.6922042e-01
   5.7594085e-01
   5.8400537e-01
   5.9139784e-01
   5.9879031e-01
   6.0618279e-01
   6.1155913e-01
   6.1693548e-01
   6.2096773e-01
   6.2567202e-01
   6.2970429e-01
   6.3709677e-01
   6.4650536e-01
   6.5860214e-01
   6.7204300e-01
   6.8481181e-01
   6.9556450e-01
   7.0295698e-01
   7.0631720e-01
   7.0766127e-01
   7.0900537e-01
   7.1102150e-01
   7.1572579e-01
   7.2379031e-01
   7.3588710e-01
   7.5134408e-01
   7.6747310e-01
   7.8696236e-01
   8.0712364e-01
   8.2862901e-01
   8.5080643e-01
   8.7365590e-01
   8.9448924e-01
   9.1196236e-01
   9.2607526e-01
   9.3615590e-01
   9.4220430e-01
   9.4556451e-01
   9.4623655e-01
   9.4556451e-01
   9.4354838e-01
   9.4018816e-01
   9.3481182e-01
   9.2943548e-01
   9.2338707e-01
   9.1666665e-01
   9.1196236e-01
   9.0927418e-01
   9.0793011e-01
   9.0725805e-01
   9.0725805e-01
   9.0658601e-01
   9.0456988e-01
   9.0322580e-01
   9.0322580e-01
   9.0322578e-01
   9.0658602e-01
   9.1129032e-01
   9.1733870e-01
   9.2271505e-01
   9.2809138e-01
   9.2876343e-01
   9.2809140e-01
   9.2137096e-01
   9.1196236e-01
   8.9650536e-01
   8.7567203e-01
   8.5013439e-01
   8.1989247e-01
   7.8830643e-01
   7.5604839e-01
   7.2782258e-01
   7.0430107e-01
   6.8817204e-01
   6.7943548e-01
   6.7674731e-01
   6.7741935e-01
   6.7943548e-01
   6.8279569e-01
   6.8346773e-01
   6.8413978e-01
   6.8279569e-01
   6.8077956e-01
   6.7540322e-01
   6.6868279e-01
   6.5927418e-01
   6.4784946e-01
   6.3440858e-01
   6.2096773e-01
   6.0819892e-01
   5.9811827e-01
   5.9072581e-01
   5.8669354e-01
   5.8602150e-01
   5.9072579e-01
   5.9879031e-01
   6.1290321e-01
   6.3104837e-01
   6.5322579e-01
   6.7809138e-01
   7.0362902e-01
   7.2647848e-01
   7.4596773e-01
   7.6142472e-01
   7.7284945e-01
   7.8091397e-01
   7.8897849e-01
   7.9771504e-01
   8.0779570e-01
   8.1989247e-01
   8.3333332e-01
   8.4677418e-01
   8.6088709e-01
   8.7365590e-01
   8.8508063e-01
   8.9448924e-01
   9.0255376e-01
   9.0658601e-01
   9.0658601e-01
   9.0188171e-01
   8.9180107e-01
   8.7903224e-01
   8.6290322e-01
   8.4677418e-01
   8.3131720e-01
   8.1787634e-01
   8.0645160e-01
   7.9569891e-01
   7.8494622e-01
   7.7486558e-01
   7.6411289e-01
   7.5336020e-01
   7.4193547e-01
   7.3051074e-01
   7.1908601e-01
   7.0564516e-01
   6.9086020e-01
   6.7607527e-01
   6.6129031e-01
   6.4919354e-01
   6.3978495e-01
   6.3440860e-01
   6.3172042e-01
   6.3172042e-01
   6.3306452e-01
   6.3373654e-01
   6.3306450e-01
   6.3172042e-01
   6.3104837e-01
   6.2970429e-01
   6.3037633e-01
   6.3104837e-01
   6.3239246e-01
   6.3306450e-01
   6.3373654e-01
   6.3172042e-01
   6.2970429e-01
   6.2701612e-01
   6.2432795e-01
   6.2163977e-01
   6.1626344e-01
   6.0954300e-01
   6.0080644e-01
   5.8870967e-01
   5.7526881e-01
   5.6182796e-01
   5.4838709e-01
   5.3763440e-01
   5.2956988e-01
   5.2352149e-01
   5.1948923e-01
   5.1747311e-01
   5.1680107e-01
   5.1747311e-01
   5.1814515e-01
   5.2083332e-01
   5.2352149e-01
   5.2553763e-01
   5.2688171e-01
   5.2620967e-01
   5.2284946e-01
   5.2016128e-01
   5.1680107e-01
   5.1545698e-01
   5.1545698e-01
   5.1747311e-01
   5.2083332e-01
   5.2486558e-01
   5.2822580e-01
   5.3158601e-01
   5.3293009e-01
   5.3561827e-01
   5.3696236e-01
   5.3897850e-01
   5.4032257e-01
   5.3965052e-01
   5.3696236e-01
   5.3158601e-01
   5.2352150e-01
   5.1411290e-01
   5.0403225e-01
   4.9462365e-01
   4.8588709e-01
   4.7782257e-01
   4.7043011e-01
   4.6303763e-01
   4.5698924e-01
   4.5295698e-01
   4.5161290e-01
   4.5497311e-01
   4.6169354e-01
   4.7244622e-01
   4.8588709e-01
   5.0000000e-01
   5.1276881e-01
   5.2419354e-01
   5.3427419e-01
   5.4233869e-01
   5.4637096e-01
   5.4838709e-01
   5.4771504e-01
   5.4368279e-01
   5.3897850e-01
   5.3427419e-01
   5.3225805e-01
   5.3360215e-01
   5.4099461e-01
   5.5443548e-01
   5.6989246e-01
   5.8602150e-01
   5.9946235e-01
   6.0752687e-01
   6.0819892e-01
   6.0147848e-01
   5.9005375e-01
   5.7526881e-01
   5.6048386e-01
   5.4771504e-01
   5.3965052e-01
   5.3696236e-01
   5.3965052e-01
   5.4838709e-01
   5.6115590e-01
   5.7661290e-01
   5.9341398e-01
   6.0752686e-01
   6.1827956e-01
   6.2432795e-01
   6.2500000e-01
   6.2298387e-01
   6.1895160e-01
   6.1626344e-01
   6.1626342e-01
   6.1962366e-01
   6.2567204e-01
   6.3373656e-01
   6.4180106e-01
   6.4784946e-01
   6.5389783e-01
   6.5793010e-01
   6.6061827e-01
   6.6330644e-01
   6.6599461e-01
   6.6801075e-01
   6.6935483e-01
   6.7002687e-01
   6.7137096e-01
   6.7271504e-01
   6.7607527e-01
   6.8212366e-01
   6.8884408e-01
   6.9690860e-01
   7.0295698e-01
   7.0766129e-01
   7.0967741e-01
   7.0833333e-01
   7.0430107e-01
   6.9825267e-01
   6.9018816e-01
   6.8077956e-01
   6.7002687e-01
   6.5658602e-01
   6.4247310e-01
   6.2768816e-01
   6.1357525e-01
   6.0147848e-01
   5.9274193e-01
   5.8803763e-01
   5.8669354e-01
   5.8669354e-01
   5.8803763e-01
   5.9005375e-01
   5.9072581e-01
   5.9274192e-01
   5.9475805e-01
   5.9879031e-01
   6.0416665e-01
   6.1021504e-01
   6.1760752e-01
   6.2567204e-01
   6.3306452e-01
   6.4112902e-01
   6.5053764e-01
   6.5994623e-01
   6.7069891e-01
   6.8145160e-01
   6.9086020e-01
   6.9825268e-01
   7.0228493e-01
   7.0362903e-01
   7.0161291e-01
   6.9690860e-01
   6.9018816e-01
   6.8077957e-01
   6.7002687e-01
   6.5725804e-01
   6.4180106e-01
   6.2768816e-01
   6.1357527e-01
   6.0282256e-01
   5.9543010e-01
   5.9072579e-01
   5.8803763e-01
   5.8669354e-01
   5.8400537e-01
   5.7862902e-01
   5.7190860e-01
   5.6384408e-01
   5.5712365e-01
   5.5309139e-01
   5.5376344e-01
   5.5981183e-01
   5.7123654e-01
   5.8602150e-01
   6.0618278e-01
   6.2768816e-01
   6.5053762e-01
   6.7338710e-01
   6.9354839e-01
   7.0900537e-01
   7.1841397e-01
   7.2110214e-01
   7.1572580e-01
   7.0430107e-01
   6.9018816e-01
   6.7473118e-01
   6.6061827e-01
   6.4919354e-01
   6.4180106e-01
   6.3709677e-01
   6.3508063e-01
   6.3440858e-01
   6.3508064e-01
   6.3575267e-01
   6.3776880e-01
   6.3844085e-01
   6.3911289e-01
   6.3642473e-01
   6.3306452e-01
   6.2701611e-01
   6.2096773e-01
   6.1491934e-01
   6.1088708e-01
   6.0887096e-01
   6.1088708e-01
   6.1357527e-01
   6.1827956e-01
   6.2163977e-01
   6.2365591e-01
   6.2499998e-01
   6.2500000e-01
   6.2499998e-01
   6.2567204e-01
   6.2499998e-01
   6.2567204e-01
   6.2432795e-01
   6.2163979e-01
   6.1827956e-01
   6.1424731e-01
   6.1155913e-01
   6.1021506e-01
   6.1088710e-01
   6.1424731e-01
   6.1895160e-01
   6.2432795e-01
   6.3037635e-01
   6.3709677e-01
   6.4448924e-01
   6.5255375e-01
   6.6196237e-01
   6.7137096e-01
   6.8010752e-01
   6.8615591e-01
   6.8951612e-01
   6.9018816e-01
   6.8749999e-01
   6.8346773e-01
   6.7876343e-01
   6.7405914e-01
   6.7137096e-01
   6.6868277e-01
   6.6868277e-01
   6.6935483e-01
   6.7338708e-01
   6.7943548e-01
   6.8749999e-01
   6.9690860e-01
   7.0698924e-01
   7.1438172e-01
   7.1706989e-01
   7.1505375e-01
   7.0766129e-01
   6.9556450e-01
   6.8010752e-01
   6.6532256e-01
   6.5188171e-01
   6.4045698e-01
   6.3239246e-01
   6.2701612e-01
   6.2231183e-01
   6.2096773e-01
   6.2163977e-01
   6.2298387e-01
   6.2634408e-01
   6.3104839e-01
   6.3642473e-01
   6.4180108e-01
   6.4852150e-01
   6.5524192e-01
   6.6330644e-01
   6.7405912e-01
   6.8749998e-01
   7.0161289e-01
   7.1706987e-01
   7.3118279e-01
   7.4260752e-01
   7.4865589e-01
   7.5201612e-01
   7.5134406e-01
   7.4865591e-01
   7.4395160e-01
   7.3991933e-01
   7.3588708e-01
   7.3051074e-01
   7.2580645e-01
   7.2110214e-01
   7.1706989e-01
   7.1505375e-01
   7.1572580e-01
   7.1841397e-01
   7.2311827e-01
   7.3051074e-01
   7.3723118e-01
   7.4395160e-01
   7.4932795e-01
   7.5336020e-01
   7.5672043e-01
   7.5739247e-01
   7.5537633e-01
   7.5134408e-01
   7.4327956e-01
   7.3185483e-01
   7.1841397e-01
   7.0497312e-01
   6.9422041e-01
   6.8749999e-01
   6.8615591e-01
   6.9086020e-01
   6.9825268e-01
   7.0631719e-01
   7.1236558e-01
   7.1438171e-01
   7.1102150e-01
   7.0094085e-01
   6.8481181e-01
   6.6532258e-01
   6.4381720e-01
   6.2298387e-01
   6.0483869e-01
   5.9274192e-01
   5.8803763e-01
   5.9206988e-01
   6.0483871e-01
   6.2365591e-01
   6.4583333e-01
   6.6868279e-01
   6.8749999e-01
   6.9959677e-01
   7.0430106e-01
   7.0362902e-01
   6.9892471e-01
   6.9220429e-01
   6.8817204e-01
   6.8548385e-01
   6.8682794e-01
   6.9153225e-01
   6.9825267e-01
   7.0766127e-01
   7.1639783e-01
   7.2580645e-01
   7.3387097e-01
   7.3991935e-01
   7.4395160e-01
   7.4529568e-01
   7.4260752e-01
   7.3790322e-01
   7.3252688e-01
   7.2647848e-01
   7.2177418e-01
   7.1841397e-01
   7.1639785e-01
   7.1572579e-01
   7.1505376e-01
   7.1505376e-01
   7.1505375e-01
   7.1774193e-01
   7.2110214e-01
   7.2782258e-01
   7.3655912e-01
   7.4596774e-01
   7.5403226e-01
   7.6142472e-01
   7.6545697e-01
   7.6680106e-01
   7.6680107e-01
   7.6545697e-01
   7.6344085e-01
   7.6075268e-01
   7.5873655e-01
   7.5604837e-01
   7.5201612e-01
   7.4865591e-01
   7.4596773e-01
   7.4327956e-01
   7.4059137e-01
   7.3924729e-01
   7.3655912e-01
   7.3252687e-01
   7.2647849e-01
   7.1975804e-01
   7.1438172e-01
   7.1102150e-01
   7.1169354e-01
   7.1841396e-01
   7.2916666e-01
   7.4462364e-01
   7.6209676e-01
   7.7889784e-01
   7.9502687e-01
   8.0779570e-01
   8.1854837e-01
   8.2526882e-01
   8.2997310e-01
   8.2997311e-01
   8.2526880e-01
   8.1720430e-01
   8.0645161e-01
   7.9233870e-01
   7.7688170e-01
   7.6209676e-01
   7.4798385e-01
   7.3521505e-01
   7.2379031e-01
   7.1236558e-01
   7.0295698e-01
   6.9556450e-01
   6.9153225e-01
   6.9153225e-01
   6.9489246e-01
   7.0228493e-01
   7.1169354e-01
   7.2177420e-01
   7.2916666e-01
   7.3387095e-01
   7.3588710e-01
   7.3588708e-01
   7.3588708e-01
   7.3454300e-01
   7.3521504e-01
   7.3655914e-01
   7.3991935e-01
   7.4395161e-01
   7.4865589e-01
   7.5403224e-01
   7.6075268e-01
   7.6814516e-01
   7.7620968e-01
   7.8494622e-01
   7.9166664e-01
   7.9704301e-01
   8.0174730e-01
   8.0577956e-01
   8.1115591e-01
   8.1720429e-01
   8.2459676e-01
   8.3266128e-01
   8.4139783e-01
   8.4744622e-01
   8.5080643e-01
   8.5080643e-01
   8.4744622e-01
   8.4274193e-01
   8.3736559e-01
   8.3333332e-01
   8.2930107e-01
   8.2594085e-01
   8.2190859e-01
   8.1854837e-01
   8.1317203e-01
   8.0712364e-01
   8.0174730e-01
   7.9569891e-01
   7.8965053e-01
   7.8360214e-01
   7.7755376e-01
   7.7016128e-01
   7.6344085e-01
   7.5739247e-01
   7.5268816e-01
   7.4932794e-01
   7.4596773e-01
   7.4327956e-01
   7.3924731e-01
   7.3319891e-01
   7.2513439e-01
   7.1438172e-01
   7.0295699e-01
   6.9354839e-01
   6.8749999e-01
   6.8548385e-01
   6.8749999e-01
   6.9422041e-01
   7.0564514e-01
   7.1975806e-01
   7.3655912e-01
   7.5470430e-01
   7.7352149e-01
   7.8965053e-01
   8.0174730e-01
   8.0846772e-01
   8.0712365e-01
   7.9704301e-01
   7.8158601e-01
   7.6142472e-01
   7.3991935e-01
   7.2110214e-01
   7.0564516e-01
   6.9422041e-01
   6.8884406e-01
   6.8749999e-01
   6.8951612e-01
   6.9489246e-01
   7.0295698e-01
   7.1438172e-01
   7.2647849e-01
   7.3991935e-01
   7.5134408e-01
   7.6209676e-01
   7.7150537e-01
   7.7755375e-01
   7.8158601e-01
   7.8494622e-01
   7.8696236e-01
   7.8696235e-01
   7.8561828e-01
   7.8293010e-01
   7.7755375e-01
   7.7016127e-01
   7.6209676e-01
   7.5470430e-01
   7.4865591e-01
   7.4462364e-01
   7.4193547e-01
   7.3924731e-01
   7.3588708e-01
   7.2849460e-01
   7.1975806e-01
   7.0900537e-01
   6.9623656e-01
   6.8481183e-01
   6.7473118e-01
   6.6666666e-01
   6.6196235e-01
   6.5860214e-01
   6.5793009e-01
   6.5927418e-01
   6.6196235e-01
   6.6666666e-01
   6.7204301e-01
   6.7741935e-01
   6.8212364e-01
   6.8413977e-01
   6.8279570e-01
   6.7943548e-01
   6.7338710e-01
   6.6666666e-01
   6.5927418e-01
   6.5255375e-01
   6.4583331e-01
   6.3911289e-01
   6.3306452e-01
   6.2567204e-01
   6.1962366e-01
   6.1491935e-01
   6.1155913e-01
   6.1088708e-01
   6.1155913e-01
   6.1290322e-01
   6.1424729e-01
   6.1491935e-01
   6.1559139e-01
   6.1626344e-01
   6.1895160e-01
   6.2432795e-01
   6.3306450e-01
   6.4180106e-01
   6.5188172e-01
   6.5994623e-01
   6.6532258e-01
   6.6666666e-01
   6.6599461e-01
   6.6263439e-01
   6.5927418e-01
   6.5524192e-01
   6.5188172e-01
   6.4784946e-01
   6.4448923e-01
   6.4180106e-01
   6.3978494e-01
   6.3844084e-01
   6.3776881e-01
   6.3978494e-01
   6.4314515e-01
   6.4717740e-01
   6.5188172e-01
   6.5725806e-01
   6.6330644e-01
   6.7002687e-01
   6.7876343e-01
   6.9018816e-01
   7.0094085e-01
   7.1236558e-01
   7.2244622e-01
   7.2916666e-01
   7.3319891e-01
   7.3454301e-01
   7.3454301e-01
   7.3319893e-01
   7.3252687e-01
   7.3252687e-01
   7.3252687e-01
   7.3252687e-01
   7.3118279e-01
   7.2916665e-01
   7.2580645e-01
   7.2110214e-01
   7.1639783e-01
   7.1034945e-01
   7.0228493e-01
   6.9153225e-01
   6.7943548e-01
   6.6532256e-01
   6.5053762e-01
   6.3844085e-01
   6.2903225e-01
   6.2298386e-01
   6.2163977e-01
   6.2298387e-01
   6.2634408e-01
   6.2970429e-01
   6.3172043e-01
   6.3172042e-01
   6.3037633e-01
   6.2634408e-01
   6.2029569e-01
   6.1290322e-01
   6.0282258e-01
   5.9341398e-01
   5.8467741e-01
   5.7795698e-01
   5.7661290e-01
   5.8064515e-01
   5.9139784e-01
   6.0819892e-01
   6.2701612e-01
   6.4717740e-01
   6.6599462e-01
   6.8145160e-01
   6.9153225e-01
   6.9690860e-01
   6.9758063e-01
   6.9354839e-01
   6.8481181e-01
   6.7271505e-01
   6.5725806e-01
   6.3978494e-01
   6.2298386e-01
   6.0819892e-01
   5.9744623e-01
   5.9274192e-01
   5.9139784e-01
   5.9543010e-01
   6.0013440e-01
   6.0618279e-01
   6.1088710e-01
   6.1290321e-01
   6.1357525e-01
   6.1223118e-01
   6.0887096e-01
   6.0483871e-01
   6.0013440e-01
   5.9677419e-01
   5.9408602e-01
   5.9341396e-01
   5.9677419e-01
   6.0483871e-01
   6.1559139e-01
   6.2903225e-01
   6.4247312e-01
   6.5389783e-01
   6.6196237e-01
   6.6599461e-01
   6.6733870e-01
   6.6733870e-01
   6.6868279e-01
   6.7204300e-01
   6.7876343e-01
   6.8817204e-01
   6.9892472e-01
   7.0967741e-01
   7.1908601e-01
   7.2647849e-01
   7.3185483e-01
   7.3387095e-01
   7.3252687e-01
   7.2916666e-01
   7.2177418e-01
   7.1236558e-01
   7.0094085e-01
   6.9086020e-01
   6.8279569e-01
   6.7741935e-01
   6.7674731e-01
   6.8010752e-01
   6.8615591e-01
   6.9422043e-01
   7.0295698e-01
   7.1102150e-01
   7.1908600e-01
   7.2513439e-01
   7.2983869e-01
   7.3252687e-01
   7.3118279e-01
   7.2715052e-01
   7.1908601e-01
   7.0766129e-01
   6.9556451e-01
   6.8615590e-01
   6.8077956e-01
   6.8077956e-01
   6.8682795e-01
   6.9959675e-01
   7.1706989e-01
   7.3790321e-01
   7.5940860e-01
   7.8091397e-01
   8.0107526e-01
   8.1720429e-01
   8.3064516e-01
   8.3803763e-01
   8.3938170e-01
   8.3602151e-01
   8.2728493e-01
   8.1451612e-01
   7.9905914e-01
   7.8494622e-01
   7.7217741e-01
   7.6209676e-01
   7.5336020e-01
   7.4865589e-01
   7.4529568e-01
   7.4395160e-01
   7.4596774e-01
   7.5134408e-01
   7.6075267e-01
   7.7217741e-01
   7.8561828e-01
   7.9973116e-01
   8.1182795e-01
   8.2056451e-01
   8.2594085e-01
   8.2661290e-01
   8.2392472e-01
   8.1720429e-01
   8.0779568e-01
   7.9569893e-01
   7.8158601e-01
   7.6612903e-01
   7.5134408e-01
   7.3857526e-01
   7.2983870e-01
   7.2513439e-01
   7.2647848e-01
   7.3051074e-01
   7.3790322e-01
   7.4663978e-01
   7.5537633e-01
   7.6411289e-01
   7.7419354e-01
   7.8427418e-01
   7.9569891e-01
   8.0712365e-01
   8.1653224e-01
   8.2258064e-01
   8.2190859e-01
   8.1586022e-01
   8.0309139e-01
   7.8427418e-01
   7.6276881e-01
   7.3924731e-01
   7.1908601e-01
   7.0161289e-01
   6.9086020e-01
   6.8615591e-01
   6.8817204e-01
   6.9825268e-01
   7.1370968e-01
   7.3319891e-01
   7.5403226e-01
   7.7217741e-01
   7.8494624e-01
   7.9166664e-01
   7.8965053e-01
   7.8225805e-01
   7.6948924e-01
   7.5403224e-01
   7.3790322e-01
   7.2244622e-01
   7.0900537e-01
   6.9758064e-01
   6.8682795e-01
   6.7943548e-01
   6.7473118e-01
   6.7338708e-01
   6.7674731e-01
   6.8279570e-01
   6.9153226e-01
   7.0161289e-01
   7.1102150e-01
   7.1841397e-01
   7.2379031e-01
   7.2580645e-01
   7.2513439e-01
   7.2110214e-01
   7.1303762e-01
   7.0295699e-01
   6.8951612e-01
   6.7405912e-01
   6.5927418e-01
   6.4583333e-01
   6.3642471e-01
   6.3306450e-01
   6.3508063e-01
   6.4112902e-01
   6.4986558e-01
   6.5994623e-01
   6.7069891e-01
   6.8077956e-01
   6.9018816e-01
   7.0026881e-01
   7.1102150e-01
   7.2311828e-01
   7.3588710e-01
   7.4798387e-01
   7.6008064e-01
   7.7016127e-01
   7.7889783e-01
   7.8494624e-01
   7.8830645e-01
   7.8897848e-01
   7.8494622e-01
   7.7620968e-01
   7.6411290e-01
   7.4999998e-01
   7.3588710e-01
   7.2446237e-01
   7.1774193e-01
   7.1774193e-01
   7.2379031e-01
   7.3655914e-01
   7.5201612e-01
   7.6948924e-01
   7.8696235e-01
   8.0376343e-01
   8.1922043e-01
   8.3266128e-01
   8.4475805e-01
   8.5551074e-01
   8.6290322e-01
   8.6827955e-01
   8.6962365e-01
   8.6962364e-01
   8.6626343e-01
   8.6357526e-01
   8.5954301e-01
   8.5618280e-01
   8.5147849e-01
   8.4475805e-01
   8.3803762e-01
   8.2997310e-01
   8.2123655e-01
   8.1384407e-01
   8.0779568e-01
   8.0309139e-01
   8.0040322e-01
   7.9771505e-01
   7.9435483e-01
   7.8965053e-01
   7.8427418e-01
   7.7620966e-01
   7.6948924e-01
   7.6344086e-01
   7.5739246e-01
   7.5336020e-01
   7.5067203e-01
   7.4865589e-01
   7.4731182e-01
   7.4731182e-01
   7.4798387e-01
   7.4798385e-01
   7.4798387e-01
   7.4462364e-01
   7.3723116e-01
   7.2446235e-01
   7.0766127e-01
   6.8749999e-01
   6.6733870e-01
   6.4986560e-01
   6.3709675e-01
   6.3239246e-01
   6.3575268e-01
   6.4516127e-01
   6.6061827e-01
   6.7809139e-01
   6.9825268e-01
   7.1841397e-01
   7.3723116e-01
   7.5470429e-01
   7.6881720e-01
   7.7956989e-01
   7.8494624e-01
   7.8629032e-01
   7.8293010e-01
   7.7620966e-01
   7.6680106e-01
   7.5604837e-01
   7.4395161e-01
   7.3118279e-01
   7.1706987e-01
   7.0295698e-01
   6.8951612e-01
   6.7809138e-01
   6.6868279e-01
   6.6397849e-01
   6.6196235e-01
   6.6196235e-01
   6.6196235e-01
   6.6061827e-01
   6.5591396e-01
   6.4852150e-01
   6.3844084e-01
   6.2903225e-01
   6.2231183e-01
   6.1962365e-01
   6.2029569e-01
   6.2432794e-01
   6.3239246e-01
   6.3978494e-01
   6.4650536e-01
   6.5120968e-01
   6.5188172e-01
   6.4784946e-01
   6.3911289e-01
   6.2499998e-01
   6.0685483e-01
   5.8534946e-01
   5.6250000e-01
   5.4166665e-01
   5.2419353e-01
   5.1344086e-01
   5.0806450e-01
   5.0940859e-01
   5.1545697e-01
   5.2419354e-01
   5.3427419e-01
   5.4637096e-01
   5.5712365e-01
   5.6854838e-01
   5.7795698e-01
   5.8669354e-01
   5.9274193e-01
   5.9610214e-01
   5.9677417e-01
   5.9408602e-01
   5.8938171e-01
   5.8602150e-01
   5.8333332e-01
   5.8333333e-01
   5.8669354e-01
   5.9274192e-01
   6.0080644e-01
   6.1021504e-01
   6.2096773e-01
   6.3239246e-01
   6.4516129e-01
   6.5860214e-01
   6.7204301e-01
   6.8481181e-01
   6.9556450e-01
   7.0228493e-01
   7.0631720e-01
   7.0766129e-01
   7.0631719e-01
   7.0497310e-01
   7.0295698e-01
   7.0094085e-01
   6.9892472e-01
   6.9758064e-01
   6.9556450e-01
   6.9489246e-01
   6.9489247e-01
   6.9758064e-01
   7.0228493e-01
   7.0833333e-01
   7.1706987e-01
   7.2513439e-01
   7.3185483e-01
   7.3790322e-01
   7.4059139e-01
   7.4059139e-01
   7.3857525e-01
   7.3387095e-01
   7.2580644e-01
   7.1438172e-01
   6.9959677e-01
   6.8212364e-01
   6.6397849e-01
   6.4717741e-01
   6.3373656e-01
   6.2567204e-01
   6.2231181e-01
   6.2298386e-01
   6.2634407e-01
   6.3172042e-01
   6.3575267e-01
   6.3844085e-01
   6.3978494e-01
   6.4112902e-01
   6.4180106e-01
   6.4314515e-01
   6.4583331e-01
   6.4919354e-01
   6.5389783e-01
   6.6061827e-01
   6.6935483e-01
   6.7876343e-01
   6.8817204e-01
   6.9758064e-01
   7.0430107e-01
   7.0698923e-01
   7.0430106e-01
   6.9690860e-01
   6.8615591e-01
   6.7338708e-01
   6.6129033e-01
   6.5188171e-01
   6.4784946e-01
   6.4784944e-01
   6.5322579e-01
   6.6129031e-01
   6.7338710e-01
   6.8817204e-01
   7.0564516e-01
   7.2311827e-01
   7.3924731e-01
   7.5268816e-01
   7.6075268e-01
   7.6276881e-01
   7.5873654e-01
   7.4865591e-01
   7.3521504e-01
   7.2110214e-01
   7.0698924e-01
   6.9422041e-01
   6.8481183e-01
   6.7674731e-01
   6.7002687e-01
   6.6330644e-01
   6.5658602e-01
   6.4919354e-01
   6.4180106e-01
   6.3239246e-01
   6.2231183e-01
   6.0954300e-01
   5.9408602e-01
   5.7728494e-01
   5.5981182e-01
   5.4435483e-01
   5.3091396e-01
   5.2150537e-01
   5.1680107e-01
   5.1680107e-01
   5.2016128e-01
   5.2486558e-01
   5.3091396e-01
   5.3830644e-01
   5.4637096e-01
   5.5510752e-01
   5.6384407e-01
   5.7123656e-01
   5.7930108e-01
   5.8534944e-01
   5.9139785e-01
   5.9744623e-01
   6.0483869e-01
   6.1626344e-01
   6.3037633e-01
   6.4717741e-01
   6.6599462e-01
   6.8413978e-01
   7.0026881e-01
   7.1303762e-01
   7.2244622e-01
   7.2782258e-01
   7.3118279e-01
   7.3185483e-01
   7.2916665e-01
   7.2379032e-01
   7.1572580e-01
   7.0497312e-01
   6.9153225e-01
   6.7809139e-01
   6.6532258e-01
   6.5591397e-01
   6.4986558e-01
   6.4852150e-01
   6.5053762e-01
   6.5658602e-01
   6.6666666e-01
   6.7809139e-01
   6.9153225e-01
   7.0564514e-01
   7.1841397e-01
   7.2715053e-01
   7.3118279e-01
   7.2983870e-01
   7.2446235e-01
   7.1438172e-01
   7.0362902e-01
   6.9422041e-01
   6.8817202e-01
   6.8749999e-01
   6.9086020e-01
   6.9825268e-01
   7.0698924e-01
   7.1639785e-01
   7.2647848e-01
   7.3588708e-01
   7.4462364e-01
   7.5134408e-01
   7.5672043e-01
   7.5739247e-01
   7.5268816e-01
   7.4193547e-01
   7.2580644e-01
   7.0564516e-01
   6.8346774e-01
   6.6263439e-01
   6.4516129e-01
   6.3306452e-01
   6.2701612e-01
   6.2836021e-01
   6.3709677e-01
   6.5188171e-01
   6.7069891e-01
   6.9354837e-01
   7.1572579e-01
   7.3521504e-01
   7.4932795e-01
   7.5403226e-01
   7.5134408e-01
   7.3991935e-01
   7.2311828e-01
   7.0430107e-01
   6.8481181e-01
   6.6868279e-01
   6.5793010e-01
   6.5188171e-01
   6.5053762e-01
   6.5255375e-01
   6.5725806e-01
   6.6330644e-01
   6.7069891e-01
   6.7674729e-01
   6.8212364e-01
   6.8413977e-01
   6.8413978e-01
   6.8077956e-01
   6.7473118e-01
   6.6801075e-01
   6.6263439e-01
   6.5860214e-01
   6.5793010e-01
   6.5860214e-01
   6.6061827e-01
   6.6196235e-01
   6.6263439e-01
   6.6061827e-01
   6.5591397e-01
   6.4784946e-01
   6.3776881e-01
   6.2499998e-01
   6.0819892e-01
   5.8938171e-01
   5.6922042e-01
   5.4838709e-01
   5.2956989e-01
   5.1612902e-01
   5.0940860e-01
   5.1075267e-01
   5.1948923e-01
   5.3360215e-01
   5.5241934e-01
   5.7190859e-01
   5.9005375e-01
   6.0685483e-01
   6.2096773e-01
   6.3104837e-01
   6.3844085e-01
   6.4112902e-01
   6.4045699e-01
   6.3642473e-01
   6.3037633e-01
   6.2365590e-01
   6.1827956e-01
   6.1424731e-01
   6.1424729e-01
   6.1693548e-01
   6.2163977e-01
   6.2768816e-01
   6.3306450e-01
   6.3776881e-01
   6.4045698e-01
   6.4314515e-01
   6.4516129e-01
   6.4717740e-01
   6.4919354e-01
   6.4986558e-01
   6.5053762e-01
   6.4986560e-01
   6.5053764e-01
   6.4986558e-01
   6.5053762e-01
   6.5053762e-01
   6.4852150e-01
   6.4516129e-01
   6.3978494e-01
   6.3104837e-01
   6.2298386e-01
   6.1626342e-01
   6.1559138e-01
   6.2163977e-01
   6.3508064e-01
   6.5591396e-01
   6.8145160e-01
   7.0900535e-01
   7.3521504e-01
   7.5739247e-01
   7.7419354e-01
   7.8494622e-01
   7.8830643e-01
   7.8494622e-01
   7.7620966e-01
   7.6209676e-01
   7.4462364e-01
   7.2513441e-01
   7.0631719e-01
   6.8817204e-01
   6.7137097e-01
   6.5658602e-01
   6.4247312e-01
   6.2768816e-01
   6.1223117e-01
   5.9475806e-01
   5.7862902e-01
   5.6384407e-01
   5.5376342e-01
   5.4838710e-01
   5.5040321e-01
   5.5779569e-01
   5.6989246e-01
   5.8467741e-01
   6.0080644e-01
   6.1626344e-01
   6.3104837e-01
   6.4381719e-01
   6.5389785e-01
   6.6061828e-01
   6.6397849e-01
   6.6330645e-01
   6.6129033e-01
   6.5658602e-01
   6.5120967e-01
   6.4784944e-01
   6.4583333e-01
   6.4583331e-01
   6.4650537e-01
   6.4717740e-01
   6.4852148e-01
   6.5053762e-01
   6.5255376e-01
   6.5658600e-01
   6.6397848e-01
   6.7338710e-01
   6.8413978e-01
   6.9287633e-01
   6.9825268e-01
   6.9959677e-01
   6.9287633e-01
   6.8145160e-01
   6.6465054e-01
   6.4516129e-01
   6.2567204e-01
   6.0685483e-01
   5.9072579e-01
   5.7795698e-01
   5.6989248e-01
   5.6787633e-01
   5.7056450e-01
   5.7795698e-01
   5.9005375e-01
   6.0483869e-01
   6.2096774e-01
   6.3575268e-01
   6.4852150e-01
   6.5793010e-01
   6.6465052e-01
   6.6801073e-01
   6.6868279e-01
   6.6532258e-01
   6.5927418e-01
   6.4784946e-01
   6.3373654e-01
   6.1760750e-01
   6.0215054e-01
   5.8938171e-01
   5.8266129e-01
   5.8131719e-01
   5.8669354e-01
   5.9610214e-01
   6.0752687e-01
   6.1827956e-01
   6.2701612e-01
   6.3239246e-01
   6.3373656e-01
   6.3172042e-01
   6.2701612e-01
   6.1962365e-01
   6.1223117e-01
   6.0483871e-01
   5.9946235e-01
   5.9610214e-01
   5.9744623e-01
   6.0349461e-01
   6.1424729e-01
   6.2768816e-01
   6.4180108e-01
   6.5389783e-01
   6.6196235e-01
   6.6397849e-01
   6.6061827e-01
   6.5188171e-01
   6.3911289e-01
   6.2365591e-01
   6.0618278e-01
   5.8938171e-01
   5.7325267e-01
   5.5981182e-01
   5.4973118e-01
   5.4502688e-01
   5.4569892e-01
   5.5174730e-01
   5.6249998e-01
   5.7728494e-01
   5.9274193e-01
   6.0819892e-01
   6.2231181e-01
   6.3642471e-01
   6.4852150e-01
   6.6061827e-01
   6.7137096e-01
   6.7943548e-01
   6.8413978e-01
   6.8481181e-01
   6.8010752e-01
   6.7137096e-01
   6.5860214e-01
   6.4314515e-01
   6.2768816e-01
   6.1290321e-01
   5.9879033e-01
   5.8669354e-01
   5.7728494e-01
   5.7056450e-01
   5.6653225e-01
   5.6653225e-01
   5.7123656e-01
   5.7862902e-01
   5.8870967e-01
   5.9879031e-01
   6.0752686e-01
   6.1357525e-01
   6.1626344e-01
   6.1626344e-01
   6.1424731e-01
   6.1155914e-01
   6.0819892e-01
   6.0618278e-01
   6.0282258e-01
   6.0080644e-01
   5.9811827e-01
   5.9610213e-01
   5.9475805e-01
   5.9475805e-01
   5.9677419e-01
   6.0147848e-01
   6.0819892e-01
   6.1626344e-01
   6.2634408e-01
   6.3776881e-01
   6.4852150e-01
   6.5994623e-01
   6.7002687e-01
   6.7674731e-01
   6.7876343e-01
   6.7338710e-01
   6.6263441e-01
   6.4583331e-01
   6.2634408e-01
   6.0618279e-01
   5.9005375e-01
   5.7795698e-01
   5.7056450e-01
   5.6922042e-01
   5.7123654e-01
   5.7661290e-01
   5.8266129e-01
   5.9005377e-01
   5.9946237e-01
   6.0954300e-01
   6.2096773e-01
   6.3440858e-01
   6.4919354e-01
   6.6397849e-01
   6.7809138e-01
   6.9018816e-01
   7.0161289e-01
   7.1102150e-01
   7.1774192e-01
   7.2110214e-01
   7.2177418e-01
   7.1841397e-01
   7.1102150e-01
   7.0161289e-01
   6.9153225e-01
   6.8077957e-01
   6.7204300e-01
   6.6465052e-01
   6.5793010e-01
   6.4986558e-01
   6.4045698e-01
   6.2701611e-01
   6.1155913e-01
   5.9408602e-01
   5.7594085e-01
   5.5779569e-01
   5.4166667e-01
   5.2889785e-01
   5.1948923e-01
   5.1411290e-01
   5.1344086e-01
   5.1881719e-01
   5.2956988e-01
   5.4637096e-01
   5.6720429e-01
   5.9005375e-01
   6.1223118e-01
   6.3104837e-01
   6.4516127e-01
   6.5524192e-01
   6.6196235e-01
   6.6733870e-01
   6.7204301e-01
   6.7809139e-01
   6.8615591e-01
   6.9623654e-01
   7.0631719e-01
   7.1774193e-01
   7.2782256e-01
   7.3790322e-01
   7.4462364e-01
   7.4865591e-01
   7.4865591e-01
   7.4462364e-01
   7.3588710e-01
   7.2379031e-01
   7.1034945e-01
   6.9892472e-01
   6.9153225e-01
   6.9086020e-01
   6.9489246e-01
   7.0362902e-01
   7.1370966e-01
   7.2379032e-01
   7.2983870e-01
   7.3118279e-01
   7.2580645e-01
   7.1438171e-01
   6.9758063e-01
   6.7540322e-01
   6.5053762e-01
   6.2365591e-01
   5.9744623e-01
   5.7459677e-01
   5.5577955e-01
   5.4301075e-01
   5.3696236e-01
   5.3696236e-01
   5.4099462e-01
   5.4704300e-01
   5.5309139e-01
   5.5779569e-01
   5.6182794e-01
   5.6586019e-01
   5.6989246e-01
   5.7526881e-01
   5.8131719e-01
   5.8803763e-01
   5.9408600e-01
   5.9879031e-01
   6.0282256e-01
   6.0551075e-01
   6.0752687e-01
   6.0954300e-01
   6.1155913e-01
   6.1357527e-01
   6.1626344e-01
   6.1693546e-01
   6.1827956e-01
   6.1827956e-01
   6.1827956e-01
   6.1895160e-01
   6.2096774e-01
   6.2365591e-01
   6.2499998e-01
   6.2500000e-01
   6.2432795e-01
   6.2298386e-01
   6.2163979e-01
   6.2163979e-01
   6.2500000e-01
   6.3037633e-01
   6.3911289e-01
   6.4852150e-01
   6.5927418e-01
   6.6868279e-01
   6.7809139e-01
   6.8615590e-01
   6.9354839e-01
   7.0161289e-01
   7.0766127e-01
   7.1236559e-01
   7.1572580e-01
   7.1572580e-01
   7.1370966e-01
   7.1034944e-01
   7.0631719e-01
   7.0295698e-01
   7.0094085e-01
   7.0026881e-01
   6.9959677e-01
   7.0026881e-01
   7.0094085e-01
   7.0228493e-01
   7.0362902e-01
   7.0833333e-01
   7.1438171e-01
   7.2043010e-01
   7.2715052e-01
   7.3118279e-01
   7.3252688e-01
   7.2983870e-01
   7.2311827e-01
   7.1370966e-01
   7.0228493e-01
   6.9086020e-01
   6.8077956e-01
   6.7204300e-01
   6.6465054e-01
   6.6129033e-01
   6.6129031e-01
   6.6532256e-01
   6.7271505e-01
   6.8279569e-01
   6.9422041e-01
   7.0430106e-01
   7.1034945e-01
   7.1236559e-01
   7.0900537e-01
   7.0362902e-01
   6.9623654e-01
   6.9018816e-01
   6.8749999e-01
   6.8817204e-01
   6.9354837e-01
   7.0161289e-01
   7.1303764e-01
   7.2580645e-01
   7.3857526e-01
   7.5201612e-01
   7.6344085e-01
   7.7284947e-01
   7.7822580e-01
   7.8024193e-01
   7.7755376e-01
   7.7016128e-01
   7.5940860e-01
   7.4798385e-01
   7.3521504e-01
   7.2446235e-01
   7.1438171e-01
   7.0564516e-01
   6.9825268e-01
   6.9220429e-01
   6.8615590e-01
   6.8279570e-01
   6.7943548e-01
   6.7741933e-01
   6.7607525e-01
   6.7338708e-01
   6.6733870e-01
   6.5927418e-01
   6.4717740e-01
   6.3440858e-01
   6.2096773e-01
   6.0954300e-01
   6.0147848e-01
   5.9677419e-01
   5.9475805e-01
   5.9543010e-01
   5.9744623e-01
   6.0080645e-01
   6.0551073e-01
   6.1290321e-01
   6.2163979e-01
   6.3373656e-01
   6.4583333e-01
   6.5860214e-01
   6.7002687e-01
   6.7943548e-01
   6.8682794e-01
   6.9220429e-01
   6.9690860e-01
   7.0161289e-01
   7.0564516e-01
   7.1034945e-01
   7.1505375e-01
   7.2043010e-01
   7.2647848e-01
   7.3319891e-01
   7.4059139e-01
   7.4932795e-01
   7.5873655e-01
   7.6612902e-01
   7.7284947e-01
   7.7755376e-01
   7.7956987e-01
   7.8024193e-01
   7.7956987e-01
   7.7889784e-01
   7.7755376e-01
   7.7486558e-01
   7.7083333e-01
   7.6276881e-01
   7.5268816e-01
   7.3991935e-01
   7.2647848e-01
   7.1505376e-01
   7.0698924e-01
   7.0295698e-01
   7.0564516e-01
   7.1303762e-01
   7.2446235e-01
   7.3655912e-01
   7.4999999e-01
   7.6075268e-01
   7.6814516e-01
   7.7083333e-01
   7.6612902e-01
   7.5268816e-01
   7.3118279e-01
   7.0161289e-01
   6.6666665e-01
   6.2970429e-01
   5.9475806e-01
   5.6586021e-01
   5.4704300e-01
   5.3965052e-01
   5.4368279e-01
   5.5712365e-01
   5.7862902e-01
   6.0416666e-01
   6.3172042e-01
   6.5793010e-01
   6.7943548e-01
   6.9422041e-01
   6.9959677e-01
   6.9690860e-01
   6.8682795e-01
   6.6868277e-01
   6.4919354e-01
   6.2903225e-01
   6.1223117e-01
   6.0080644e-01
   5.9341396e-01
   5.9274193e-01
   5.9543009e-01
   6.0080644e-01
   6.0685483e-01
   6.1491935e-01
   6.2298387e-01
   6.3239246e-01
   6.4180106e-01
   6.5120967e-01
   6.5927418e-01
   6.6532258e-01
   6.6935483e-01
   6.7271504e-01
   6.7405912e-01
   6.7809138e-01
   6.8279569e-01
   6.8884408e-01
   6.9758064e-01
   7.0766129e-01
   7.1908601e-01
   7.3387095e-01
   7.5134408e-01
   7.7284945e-01
   7.9771504e-01
   8.2526880e-01
   8.5282257e-01
   8.7970430e-01
   9.0322580e-01
   9.2137096e-01
   9.3413978e-01
   9.4086021e-01
   9.4354838e-01
   9.4153224e-01
   9.3548386e-01
   9.2674730e-01
   9.1465053e-01
   9.0053762e-01
   8.8508063e-01
   8.7029569e-01
   8.5752687e-01
   8.4811828e-01
   8.4274193e-01
   8.4072580e-01
   8.4072580e-01
   8.3938170e-01
   8.3736559e-01
   8.3198924e-01
   8.2325268e-01
   8.1182793e-01
   7.9771505e-01
   7.8024193e-01
   7.6142472e-01
   7.4059139e-01
   7.2043010e-01
   7.0228493e-01
   6.8749999e-01
   6.7809138e-01
   6.7405912e-01
   6.7540322e-01
   6.8145160e-01
   6.8884408e-01
   6.9758064e-01
   7.0430107e-01
   7.0967741e-01
   7.1303764e-01
   7.1505376e-01
   7.1572580e-01
   7.1505375e-01
   7.1169354e-01
   7.0698923e-01
   6.9892472e-01
   6.8817204e-01
   6.7540322e-01
   6.6397849e-01
   6.5322579e-01
   6.4650537e-01
   6.4247312e-01
   6.4247310e-01
   6.4583333e-01
   6.5053762e-01
   6.5725806e-01
   6.6397848e-01
   6.7137096e-01
   6.7741935e-01
   6.8145160e-01
   6.8212364e-01
   6.7809138e-01
   6.7069893e-01
   6.6061827e-01
   6.4919354e-01
   6.3776881e-01
   6.2970429e-01
   6.2567202e-01
   6.2567204e-01
   6.2836021e-01
   6.3373654e-01
   6.4180106e-01
   6.4986558e-01
   6.5793010e-01
   6.6666666e-01
   6.7540322e-01
   6.8279569e-01
   6.8749998e-01
   6.8817204e-01
   6.8481181e-01
   6.7741935e-01
   6.6666666e-01
   6.5456989e-01
   6.4314516e-01
   6.3373656e-01
   6.2768816e-01
   6.2499998e-01
   6.2499998e-01
   6.2836021e-01
   6.3440858e-01
   6.4180106e-01
   6.5120968e-01
   6.6061827e-01
   6.6935483e-01
   6.7540322e-01
   6.7741933e-01
   6.7473117e-01
   6.6733870e-01
   6.5725806e-01
   6.4516127e-01
   6.3440860e-01
   6.2567202e-01
   6.2096774e-01
   6.1895160e-01
   6.2096773e-01
   6.2500000e-01
   6.3104837e-01
   6.3776881e-01
   6.4516129e-01
   6.5188171e-01
   6.5793009e-01
   6.6061827e-01
   6.5927418e-01
   6.5255375e-01
   6.4112902e-01
   6.2567204e-01
   6.0819892e-01
   5.8938171e-01
   5.7392473e-01
   5.5981182e-01
   5.4905913e-01
   5.4099462e-01
   5.3494623e-01
   5.3091396e-01
   5.2956989e-01
   5.2956988e-01
   5.3158601e-01
   5.3494623e-01
   5.3965052e-01
   5.4502686e-01
   5.5040323e-01
   5.5645161e-01
   5.6317204e-01
   5.7056450e-01
   5.7997311e-01
   5.9072579e-01
   6.0215052e-01
   6.1088708e-01
   6.1693546e-01
   6.1962365e-01
   6.1693546e-01
   6.1088708e-01
   6.0282256e-01
   5.9408600e-01
   5.8669354e-01
   5.8198923e-01
   5.7930106e-01
   5.8064515e-01
   5.8467740e-01
   5.9341396e-01
   6.0551075e-01
   6.2163977e-01
   6.3978494e-01
   6.5927418e-01
   6.7741935e-01
   6.9086020e-01
