   2.5177390e+00
  -4.8523690e+00
  -1.1352712e+01
  -1.6205081e+01
  -1.9089037e+01
  -2.0187686e+01
  -1.9729916e+01
  -1.8402380e+01
  -1.6525521e+01
  -1.4373999e+01
  -1.2085145e+01
  -9.5216300e+00
  -6.6376750e+00
  -3.4790570e+00
  -1.8310900e-01
   2.7466240e+00
   5.0354770e+00
   5.9967950e+00
   5.4932480e+00
   3.4790570e+00
   0.0000000e+00
  -4.3488210e+00
  -9.0180820e+00
  -1.3504234e+01
  -1.7166400e+01
  -1.9729916e+01
  -2.1057451e+01
  -2.1149004e+01
  -2.0416572e+01
  -1.9226368e+01
  -1.8127718e+01
  -1.7395285e+01
  -1.7349508e+01
  -1.7990386e+01
  -1.9226367e+01
  -2.0737011e+01
  -2.2247654e+01
  -2.3437857e+01
  -2.4124514e+01
  -2.4307622e+01
  -2.4078736e+01
  -2.3575189e+01
  -2.3163195e+01
  -2.2842755e+01
  -2.2751202e+01
  -2.2888532e+01
  -2.3208972e+01
  -2.3620966e+01
  -2.4124514e+01
  -2.4719615e+01
  -2.5360495e+01
  -2.6092928e+01
  -2.6916915e+01
  -2.7695125e+01
  -2.8290227e+01
  -2.8610666e+01
  -2.8473335e+01
  -2.7878233e+01
  -2.6688029e+01
  -2.5131609e+01
  -2.3208972e+01
  -2.1194782e+01
  -1.9226368e+01
  -1.7578393e+01
  -1.6388189e+01
  -1.5884642e+01
  -1.5930419e+01
  -1.6662852e+01
  -1.7807279e+01
  -1.9180590e+01
  -2.0508126e+01
  -2.1652552e+01
  -2.2568094e+01
  -2.3163196e+01
  -2.3483635e+01
  -2.3712520e+01
  -2.3895628e+01
  -2.4032959e+01
  -2.4078736e+01
  -2.3849851e+01
  -2.3254749e+01
  -2.2339208e+01
  -2.0965896e+01
  -1.9363699e+01
  -1.7578393e+01
  -1.5930419e+01
  -1.4465552e+01
  -1.3275349e+01
  -1.2451362e+01
  -1.1993591e+01
  -1.1810483e+01
  -1.2039369e+01
  -1.2588693e+01
  -1.3504234e+01
  -1.4785992e+01
  -1.6388190e+01
  -1.8173495e+01
  -2.0004578e+01
  -2.1789883e+01
  -2.3254749e+01
  -2.4353399e+01
  -2.4994278e+01
  -2.5085832e+01
  -2.4536508e+01
  -2.3437857e+01
  -2.1652552e+01
  -1.9409476e+01
  -1.6708629e+01
  -1.3916228e+01
  -1.1078050e+01
  -8.4687570e+00
  -6.2714580e+00
  -4.5319290e+00
  -3.4332800e+00
  -2.9297320e+00
  -3.1128400e+00
  -3.9368270e+00
  -5.3559160e+00
  -7.3243300e+00
  -9.7505150e+00
  -1.2497138e+01
  -1.5426871e+01
  -1.8265049e+01
  -2.0965896e+01
  -2.3346303e+01
  -2.5314717e+01
  -2.6779584e+01
  -2.7740902e+01
  -2.8061341e+01
  -2.7649348e+01
  -2.6459144e+01
  -2.4444953e+01
  -2.1698329e+01
  -1.8448157e+01
  -1.4877547e+01
  -1.1398490e+01
  -8.1940950e+00
  -5.5848020e+00
  -3.7994960e+00
  -2.7008460e+00
  -2.2888540e+00
  -2.2888540e+00
  -2.5635160e+00
  -2.8381780e+00
  -2.7924010e+00
  -2.2430760e+00
  -1.0528720e+00
   8.2398700e-01
   3.2959490e+00
   6.1341260e+00
   9.1096360e+00
   1.1810483e+01
   1.4007782e+01
   1.5381094e+01
   1.5976196e+01
   1.5838865e+01
   1.5289540e+01
   1.4694438e+01
   1.4328222e+01
   1.4557106e+01
   1.5518425e+01
   1.7166400e+01
   1.9546807e+01
   2.2247654e+01
   2.5131609e+01
   2.7786679e+01
   3.0029755e+01
   3.1677730e+01
   3.2639048e+01
   3.2822156e+01
   3.2410163e+01
   3.1448844e+01
   3.0075532e+01
   2.8519112e+01
   2.6733806e+01
   2.4902724e+01
   2.2934310e+01
   2.0920119e+01
   1.8860151e+01
   1.6937514e+01
   1.5381094e+01
   1.4419776e+01
   1.4145114e+01
   1.4831769e+01
   1.6159304e+01
   1.8081940e+01
   2.0050355e+01
   2.1789883e+01
   2.2842756e+01
   2.3163196e+01
   2.2522316e+01
   2.1103228e+01
   1.9272144e+01
   1.7257954e+01
   1.5518425e+01
   1.4236668e+01
   1.3778897e+01
   1.4145113e+01
   1.5289540e+01
   1.6983291e+01
   1.8997483e+01
   2.0965897e+01
   2.2476539e+01
   2.3392081e+01
   2.3483635e+01
   2.2888533e+01
   2.1835660e+01
   2.0553902e+01
   1.9455253e+01
   1.8768596e+01
   1.8677043e+01
   1.9134814e+01
   2.0004577e+01
   2.0965896e+01
   2.1744106e+01
   2.2018769e+01
   2.1652552e+01
   2.0508126e+01
   1.8539712e+01
   1.5930418e+01
   1.2771801e+01
   9.4300750e+00
   6.0883500e+00
   3.0670640e+00
   6.8665600e-01
  -9.1554100e-01
  -1.6479740e+00
  -1.5106430e+00
  -6.4087800e-01
   7.7821000e-01
   2.5177380e+00
   4.2114900e+00
   5.7221340e+00
   6.8207820e+00
   7.3243300e+00
   7.2785530e+00
   6.6376750e+00
   5.5390250e+00
   4.1657130e+00
   2.7924010e+00
   1.4648660e+00
   4.5777100e-01
  -2.2888600e-01
  -7.3243300e-01
  -1.1902030e+00
  -1.9226360e+00
  -3.1586170e+00
  -4.9897010e+00
  -7.3701070e+00
  -1.0070954e+01
  -1.2726025e+01
  -1.4831769e+01
  -1.6067750e+01
  -1.6113527e+01
  -1.4969101e+01
  -1.2680247e+01
  -9.7047380e+00
  -6.4087890e+00
  -3.2043940e+00
  -5.4932500e-01
   1.1444270e+00
   1.8310830e+00
   1.3275350e+00
  -1.8310800e-01
  -2.4261840e+00
  -5.1728090e+00
  -7.9652090e+00
  -1.0620279e+01
  -1.2863355e+01
  -1.4602884e+01
  -1.5884641e+01
  -1.6662852e+01
  -1.7166399e+01
  -1.7441062e+01
  -1.7532617e+01
  -1.7395285e+01
  -1.6983291e+01
  -1.6296635e+01
  -1.5381094e+01
  -1.4236667e+01
  -1.3046463e+01
  -1.1993592e+01
  -1.1078050e+01
  -1.0437171e+01
  -9.9336230e+00
  -9.6589610e+00
  -9.4300750e+00
  -9.2927440e+00
  -9.2469670e+00
  -9.2927440e+00
  -9.4300750e+00
  -9.6131840e+00
  -9.7505150e+00
  -9.7505150e+00
  -9.4300750e+00
  -8.6976420e+00
  -7.4616610e+00
  -5.8136880e+00
  -3.7537190e+00
  -1.6021970e+00
   4.5777100e-01
   2.1515220e+00
   3.1128410e+00
   3.2501720e+00
   2.3804070e+00
   5.4932500e-01
  -2.1057450e+00
  -5.1728090e+00
  -8.3772030e+00
  -1.1169604e+01
  -1.3183795e+01
  -1.4145113e+01
  -1.4007782e+01
  -1.2817579e+01
  -1.0849164e+01
  -8.5145340e+00
  -6.1799040e+00
  -4.1199360e+00
  -2.5635160e+00
  -1.7853050e+00
  -1.6021970e+00
  -2.1057450e+00
  -3.1586180e+00
  -4.6234840e+00
  -6.2714580e+00
  -8.0567640e+00
  -9.8420690e+00
  -1.1535821e+01
  -1.3046464e+01
  -1.4602884e+01
  -1.6067750e+01
  -1.7669947e+01
  -1.9272144e+01
  -2.0782788e+01
  -2.2110322e+01
  -2.2888533e+01
  -2.2888533e+01
  -2.1972992e+01
  -2.0187686e+01
  -1.7578393e+01
  -1.4373998e+01
  -1.0940718e+01
  -7.5074390e+00
  -4.3488210e+00
  -1.6479740e+00
   5.4932400e-01
   2.1972990e+00
   3.2501720e+00
   3.8452740e+00
   3.9826050e+00
   3.6621650e+00
   2.8381780e+00
   1.5106430e+00
  -2.7466200e-01
  -2.6092930e+00
  -5.3101390e+00
  -8.3314260e+00
  -1.1490043e+01
  -1.4373999e+01
  -1.6800184e+01
  -1.8448158e+01
  -1.9180591e+01
  -1.9043259e+01
  -1.8127718e+01
  -1.6800183e+01
  -1.5564202e+01
  -1.4785992e+01
  -1.4694438e+01
  -1.5381094e+01
  -1.6754406e+01
  -1.8448158e+01
  -2.0096132e+01
  -2.1469444e+01
  -2.2293431e+01
  -2.2522316e+01
  -2.2384986e+01
  -2.2018769e+01
  -2.1652553e+01
  -2.1423667e+01
  -2.1469444e+01
  -2.1606775e+01
  -2.1698329e+01
  -2.1515221e+01
  -2.0691234e+01
  -1.9043259e+01
  -1.6571298e+01
  -1.3275349e+01
  -9.4758520e+00
  -5.6763560e+00
  -2.3346310e+00
   0.0000000e+00
   8.2398700e-01
   1.3733100e-01
  -2.0599680e+00
  -5.4016940e+00
  -9.3842980e+00
  -1.3366904e+01
  -1.6754407e+01
  -1.9089037e+01
  -2.0233463e+01
  -2.0050354e+01
  -1.8768597e+01
  -1.6571298e+01
  -1.3870451e+01
  -1.0986495e+01
  -8.2398720e+00
  -5.9052410e+00
  -4.1657130e+00
  -3.2501720e+00
  -3.2043950e+00
  -3.9826050e+00
  -5.4474700e+00
  -7.4616620e+00
  -9.7505150e+00
  -1.1993592e+01
  -1.4145114e+01
  -1.5884642e+01
  -1.7166400e+01
  -1.7898832e+01
  -1.8173495e+01
  -1.8036164e+01
  -1.7624171e+01
  -1.7029069e+01
  -1.6388189e+01
  -1.5930419e+01
  -1.5701534e+01
  -1.5701534e+01
  -1.5976195e+01
  -1.6342412e+01
  -1.6891738e+01
  -1.7441062e+01
  -1.8081941e+01
  -1.8860151e+01
  -1.9775692e+01
  -2.0828564e+01
  -2.2018768e+01
  -2.3254749e+01
  -2.4261845e+01
  -2.4856947e+01
  -2.4902724e+01
  -2.4399176e+01
  -2.3346303e+01
  -2.2018768e+01
  -2.0553902e+01
  -1.9134813e+01
  -1.7807279e+01
  -1.6708629e+01
  -1.5609980e+01
  -1.4419776e+01
  -1.2954910e+01
  -1.1215381e+01
  -9.0638590e+00
  -6.7750060e+00
  -4.3945980e+00
  -2.1057450e+00
  -1.3733100e-01
   1.3275350e+00
   2.1515220e+00
   2.2888530e+00
   1.7395280e+00
   5.9510200e-01
  -9.1554200e-01
  -2.6550700e+00
  -4.3488210e+00
  -5.9052420e+00
  -7.1412220e+00
  -8.1940940e+00
  -9.1096360e+00
  -1.0162509e+01
  -1.1627374e+01
  -1.3550012e+01
  -1.5976196e+01
  -1.8905928e+01
  -2.2156100e+01
  -2.5406271e+01
  -2.8473335e+01
  -3.0945296e+01
  -3.2593271e+01
  -3.3188373e+01
  -3.2639048e+01
  -3.0899519e+01
  -2.8198673e+01
  -2.4765392e+01
  -2.1011673e+01
  -1.7349508e+01
  -1.4328222e+01
  -1.2222477e+01
  -1.1306935e+01
  -1.1673152e+01
  -1.3183795e+01
  -1.5564203e+01
  -1.8631266e+01
  -2.2018769e+01
  -2.5497826e+01
  -2.8793774e+01
  -3.1769283e+01
  -3.4149691e+01
  -3.5751889e+01
  -3.6484321e+01
  -3.6163882e+01
  -3.4790570e+01
  -3.2410163e+01
  -2.9114213e+01
  -2.5085832e+01
  -2.0645457e+01
  -1.5930419e+01
  -1.1444267e+01
  -7.2785530e+00
  -3.9368270e+00
  -1.5564200e+00
  -2.2888500e-01
  -9.1554000e-02
  -9.6131800e-01
  -2.7008470e+00
  -4.9439230e+00
  -7.5074390e+00
  -1.0025177e+01
  -1.2405585e+01
  -1.4557107e+01
  -1.6388189e+01
  -1.8036164e+01
  -1.9455253e+01
  -2.0691233e+01
  -2.1698329e+01
  -2.2476539e+01
  -2.3117418e+01
  -2.3712520e+01
  -2.4261844e+01
  -2.4994278e+01
  -2.6001373e+01
  -2.7191577e+01
  -2.8381781e+01
  -2.9480431e+01
  -3.0029755e+01
  -2.9892424e+01
  -2.8747998e+01
  -2.6596475e+01
  -2.3483634e+01
  -1.9546807e+01
  -1.5243763e+01
  -1.0803388e+01
  -6.7750060e+00
  -3.4332800e+00
  -1.0528730e+00
   9.1554000e-02
   9.1554000e-02
  -1.0070960e+00
  -2.9297330e+00
  -5.4932480e+00
  -8.2856490e+00
  -1.1123827e+01
  -1.3824674e+01
  -1.6250859e+01
  -1.8310826e+01
  -2.0050355e+01
  -2.1286336e+01
  -2.1789884e+01
  -2.1515221e+01
  -2.0279240e+01
  -1.8036164e+01
  -1.4877547e+01
  -1.1169604e+01
  -7.2785530e+00
  -3.6163880e+00
  -7.7821000e-01
   1.0070960e+00
   1.5106440e+00
   8.2398700e-01
  -8.6976400e-01
  -3.3417250e+00
  -5.9510190e+00
  -8.4229800e+00
  -1.0162509e+01
  -1.1078049e+01
  -1.0940719e+01
  -9.9336230e+00
  -8.3314260e+00
  -6.5918980e+00
  -5.2185860e+00
  -4.6692600e+00
  -5.4016940e+00
  -7.4158850e+00
  -1.0666056e+01
  -1.4831770e+01
  -1.9317922e+01
  -2.3620966e+01
  -2.7237354e+01
  -2.9709316e+01
  -3.0716411e+01
  -3.0212863e+01
  -2.8152895e+01
  -2.4856947e+01
  -2.0462348e+01
  -1.5564202e+01
  -1.0528725e+01
  -5.9052410e+00
  -2.0599680e+00
   6.4087900e-01
   2.1057460e+00
   2.2888530e+00
   1.3275350e+00
  -4.1199400e-01
  -2.6092920e+00
  -4.8981460e+00
  -7.0038920e+00
  -8.6060880e+00
  -9.4300760e+00
  -9.4300760e+00
  -8.6518660e+00
  -7.1412220e+00
  -5.1270310e+00
  -2.8839550e+00
  -7.7821000e-01
   9.6131900e-01
   2.1057450e+00
   2.5177390e+00
   2.2430760e+00
   1.5106440e+00
   3.6621700e-01
  -1.0528720e+00
  -2.4261840e+00
  -3.9368280e+00
  -5.5848020e+00
  -7.4616620e+00
  -9.6589610e+00
  -1.2039368e+01
  -1.4557107e+01
  -1.7029069e+01
  -1.9226368e+01
  -2.0874342e+01
  -2.1744106e+01
  -2.1652552e+01
  -2.0508125e+01
  -1.8448158e+01
  -1.5655757e+01
  -1.2497139e+01
  -9.4300760e+00
  -6.9123370e+00
  -5.3101400e+00
  -4.7608150e+00
  -5.3101400e+00
  -6.6834520e+00
  -8.4687570e+00
  -1.0162509e+01
  -1.1306935e+01
  -1.1398489e+01
  -1.0299840e+01
  -7.9652100e+00
  -4.5777060e+00
  -3.6621600e-01
   4.2572670e+00
   9.0180820e+00
   1.3504234e+01
   1.7441062e+01
   2.0370794e+01
   2.1972991e+01
   2.2110323e+01
   2.0370794e+01
   1.7029068e+01
   1.2130923e+01
   6.0883490e+00
  -5.0354800e-01
  -7.0038910e+00
  -1.2771801e+01
  -1.7212177e+01
  -2.0050355e+01
  -2.1057450e+01
  -2.0370794e+01
  -1.8356603e+01
  -1.5518425e+01
  -1.2451361e+01
  -9.7047380e+00
  -7.7363240e+00
  -6.8665600e+00
  -7.0954450e+00
  -8.2398720e+00
  -9.8878460e+00
  -1.1581598e+01
  -1.2863355e+01
  -1.3504235e+01
  -1.3321126e+01
  -1.2497139e+01
  -1.1215381e+01
  -9.6589610e+00
  -8.2398720e+00
  -6.9123370e+00
  -5.9052410e+00
  -5.0812540e+00
  -4.3488220e+00
  -3.7079430e+00
  -2.8839550e+00
  -1.9684140e+00
  -9.6131800e-01
   4.5777000e-02
   8.6976400e-01
   1.4190890e+00
   1.4648670e+00
   7.7821000e-01
  -5.0354700e-01
  -2.3346300e+00
  -4.4861520e+00
  -6.5461200e+00
  -8.1483180e+00
  -8.8807510e+00
  -8.5145340e+00
  -7.0954450e+00
  -4.7608150e+00
  -1.8310820e+00
   1.0986500e+00
   3.6621650e+00
   5.4016940e+00
   6.1341270e+00
   5.9510190e+00
   4.9439240e+00
   3.3875030e+00
   1.6937520e+00
   1.3733200e-01
  -9.6131900e-01
  -1.4648660e+00
  -1.3733120e+00
  -8.6976500e-01
   0.0000000e+00
   7.7821000e-01
   1.3275350e+00
   1.3275340e+00
   6.8665600e-01
  -5.9510200e-01
  -2.3804080e+00
  -4.5319290e+00
  -6.8665600e+00
  -9.2469680e+00
  -1.1581597e+01
  -1.3733120e+01
  -1.5747310e+01
  -1.7395285e+01
  -1.8585488e+01
  -1.9089036e+01
  -1.8677043e+01
  -1.7166400e+01
  -1.4557107e+01
  -1.0940719e+01
  -6.5918980e+00
  -1.9684140e+00
   2.4719620e+00
   6.2256810e+00
   8.9723050e+00
   1.0299840e+01
   1.0299840e+01
   8.9723050e+00
   6.5461200e+00
   3.4332790e+00
   0.0000000e+00
  -3.2959490e+00
  -6.0425720e+00
  -7.9194330e+00
  -8.8349740e+00
  -8.6976430e+00
  -7.6447700e+00
  -5.9967950e+00
  -4.0283820e+00
  -1.9226370e+00
   9.1554000e-02
   1.7395280e+00
   3.0212860e+00
   3.8910500e+00
   4.2572670e+00
   4.1199360e+00
   3.4332800e+00
   2.2888530e+00
   6.8665600e-01
  -1.0986500e+00
  -2.9755090e+00
  -4.7608150e+00
  -6.2256810e+00
  -7.2785540e+00
  -7.9652090e+00
  -8.1940950e+00
  -8.0567640e+00
  -7.4616610e+00
  -6.5461210e+00
  -5.2643620e+00
  -3.7079430e+00
  -2.0141910e+00
  -3.6621600e-01
   1.1444260e+00
   2.1972990e+00
   2.7008470e+00
   2.5635160e+00
   1.7853050e+00
   5.0354800e-01
  -9.6131800e-01
  -2.4261850e+00
  -3.5248340e+00
  -4.0283810e+00
  -3.7079430e+00
  -2.3804080e+00
  -1.3733100e-01
   2.8839550e+00
   6.3172350e+00
   9.7047370e+00
   1.2542916e+01
   1.4373998e+01
   1.4923323e+01
   1.4053559e+01
   1.1902037e+01
   8.8807510e+00
   5.3559170e+00
   1.9226370e+00
  -1.0528730e+00
  -3.1586180e+00
  -4.3030440e+00
  -4.5777070e+00
  -4.0283820e+00
  -2.9297320e+00
  -1.5564200e+00
  -1.8310800e-01
   1.0070950e+00
   1.7395280e+00
   1.9226370e+00
   1.6021970e+00
   8.2398700e-01
  -2.2888600e-01
  -1.4190890e+00
  -2.6550700e+00
  -3.7537200e+00
  -4.7608150e+00
  -5.6305800e+00
  -6.5003430e+00
  -7.2785540e+00
  -7.9194320e+00
  -8.2856490e+00
  -8.2856490e+00
  -7.7821010e+00
  -6.5461200e+00
  -4.7150370e+00
  -2.4261850e+00
   2.2888500e-01
   2.9297320e+00
   5.4016940e+00
   7.3243300e+00
   8.5603110e+00
   8.9265280e+00
   8.4687580e+00
   7.0954450e+00
   5.0354770e+00
   2.4719610e+00
  -2.2888500e-01
  -2.7466240e+00
  -4.8523690e+00
  -6.2714580e+00
  -6.8665600e+00
  -6.6834520e+00
  -5.8594650e+00
  -4.5319300e+00
  -2.9755090e+00
  -1.2359810e+00
   4.5777000e-01
   1.9684130e+00
   3.2959490e+00
   4.3488210e+00
   4.9897000e+00
   5.1728080e+00
   4.8981460e+00
   4.1657120e+00
   3.1128400e+00
   1.8310830e+00
   5.9510200e-01
  -4.5777100e-01
  -1.1902030e+00
  -1.4648660e+00
  -1.1902040e+00
  -4.5777100e-01
   8.2398700e-01
   2.5177380e+00
   4.4403750e+00
   6.3630120e+00
   8.0567640e+00
   9.2469670e+00
   9.7047380e+00
   9.3842990e+00
   8.1483180e+00
   6.3172350e+00
   4.0741590e+00
   1.8310820e+00
  -4.5777000e-02
  -1.2817580e+00
  -1.6021970e+00
  -1.0070950e+00
   5.0354800e-01
   2.7466240e+00
   5.4016930e+00
   8.1483180e+00
   1.0574502e+01
   1.2405585e+01
   1.3275349e+01
   1.3092241e+01
   1.1947815e+01
   1.0025177e+01
   7.5532160e+00
   5.0812540e+00
   2.8381780e+00
   1.1902040e+00
   2.2888600e-01
  -1.8310800e-01
  -9.1554000e-02
   2.7466200e-01
   6.4087900e-01
   1.0070960e+00
   1.2817580e+00
   1.5564210e+00
   1.9684130e+00
   2.4719610e+00
   3.2043940e+00
   4.0741590e+00
   5.0812550e+00
   5.9967960e+00
   6.7750060e+00
   7.0954460e+00
   6.9123370e+00
   6.1341270e+00
   4.7608140e+00
   2.9297320e+00
   8.6976400e-01
  -1.1444260e+00
  -2.7924010e+00
  -3.8910510e+00
  -4.3030440e+00
  -3.9826050e+00
  -3.1128400e+00
  -1.9226370e+00
  -6.4087900e-01
   4.1199300e-01
   1.0986490e+00
   1.3733120e+00
   1.0986490e+00
   3.6621600e-01
  -7.3243300e-01
  -2.1972990e+00
  -3.8452740e+00
  -5.4932480e+00
  -7.0954450e+00
  -8.4687570e+00
  -9.3385210e+00
  -9.6131840e+00
  -9.2927440e+00
  -8.3772040e+00
  -7.0038910e+00
  -5.4016940e+00
  -3.5706110e+00
  -1.8768590e+00
  -2.7466300e-01
   1.1444270e+00
   2.2430760e+00
   3.0212860e+00
   3.3875030e+00
   3.2501710e+00
   2.6550700e+00
   1.6937520e+00
   3.6621700e-01
  -9.6131900e-01
  -2.0599680e+00
  -2.7008470e+00
  -2.5635150e+00
  -1.6937510e+00
  -4.5777000e-02
   2.2430760e+00
   4.8981460e+00
   7.5989920e+00
   9.9336230e+00
   1.1627375e+01
   1.2451362e+01
   1.2130922e+01
   1.0757611e+01
   8.3772030e+00
   5.2643620e+00
   1.7853060e+00
  -1.5564200e+00
  -4.4861530e+00
  -6.6834520e+00
  -8.0109870e+00
  -8.4229800e+00
  -7.9652100e+00
  -6.8207820e+00
  -5.2185850e+00
  -3.2501720e+00
  -1.2359810e+00
   5.4932500e-01
   1.9684130e+00
   2.7924010e+00
   2.9755090e+00
   2.3804070e+00
   1.1444270e+00
  -5.0354800e-01
  -2.3804080e+00
  -4.2114900e+00
  -5.8136880e+00
  -7.0496680e+00
  -7.8736550e+00
  -8.4229800e+00
  -8.6518650e+00
  -8.6518660e+00
  -8.4229800e+00
  -7.9652090e+00
  -7.2327760e+00
  -6.2714580e+00
  -5.1270320e+00
  -3.8452740e+00
  -2.5177390e+00
  -1.2359810e+00
  -9.1554000e-02
   9.6131800e-01
   1.9684140e+00
   2.9755100e+00
   3.8910510e+00
   4.7608150e+00
   5.4474700e+00
   5.8136880e+00
   5.9052420e+00
   5.5390250e+00
   4.6692600e+00
   3.4790570e+00
   2.0141910e+00
   4.5777100e-01
  -1.0528720e+00
  -2.3346300e+00
  -3.1586170e+00
  -3.4790570e+00
  -3.1586180e+00
  -2.4261850e+00
  -1.4648660e+00
  -5.4932500e-01
   4.5777000e-02
   1.8310800e-01
  -3.6621700e-01
  -1.5106430e+00
  -2.9755090e+00
  -4.5319300e+00
  -5.7679100e+00
  -6.5003430e+00
  -6.5003430e+00
  -5.8136870e+00
  -4.5319290e+00
  -2.8381780e+00
  -9.1554100e-01
   9.6131800e-01
   2.7466240e+00
   4.1199360e+00
   5.1270320e+00
   5.5390250e+00
   5.3559170e+00
   4.4861530e+00
   3.0212860e+00
   1.0528730e+00
  -1.1902030e+00
  -3.5248340e+00
  -5.5390250e+00
  -7.0496680e+00
  -7.7821010e+00
  -7.6905470e+00
  -6.5918980e+00
  -4.7150370e+00
  -2.2888530e+00
   5.0354700e-01
   3.0212860e+00
   5.0812540e+00
   6.2256810e+00
   6.2256810e+00
   5.2185860e+00
   3.2959480e+00
   8.6976500e-01
  -1.5106440e+00
  -3.3875030e+00
  -4.2114900e+00
  -3.7994960e+00
  -2.0599680e+00
   9.1554100e-01
   4.8523690e+00
   9.2927440e+00
   1.3916228e+01
   1.8265050e+01
   2.1927214e+01
   2.4536507e+01
   2.5909819e+01
   2.5955596e+01
   2.4582284e+01
   2.1972991e+01
   1.8356603e+01
   1.4145114e+01
   9.7047380e+00
   5.4016930e+00
   1.4648660e+00
  -1.7853050e+00
  -4.2114900e+00
  -5.9052410e+00
  -6.6834520e+00
  -6.6834520e+00
  -6.0425720e+00
  -4.8981460e+00
  -3.3875030e+00
  -1.7853060e+00
  -2.7466200e-01
   9.6131800e-01
   1.9226370e+00
   2.6550700e+00
   3.2043940e+00
   3.7994970e+00
   4.4861530e+00
   5.4932480e+00
   6.7750060e+00
   8.1940940e+00
   9.7505150e+00
   1.1261159e+01
   1.2497139e+01
   1.3321126e+01
   1.3687343e+01
   1.3412680e+01
   1.2588693e+01
   1.1123827e+01
   9.2011900e+00
   7.0496680e+00
   4.8065920e+00
   2.7924010e+00
   1.1444270e+00
   0.0000000e+00
  -6.4087900e-01
  -8.6976400e-01
  -7.3243400e-01
  -4.5777100e-01
  -1.3733100e-01
   1.8310800e-01
   4.5777000e-01
   6.8665600e-01
   1.0070960e+00
   1.2817580e+00
   1.5106430e+00
   1.7395290e+00
   1.8310830e+00
   1.9226370e+00
   1.9684140e+00
   1.9684140e+00
   1.9684130e+00
   1.9684140e+00
   1.9226370e+00
   1.7395280e+00
   1.5106430e+00
   1.1444270e+00
   8.2398700e-01
   5.4932500e-01
   4.5777000e-01
   5.4932500e-01
   8.6976400e-01
   1.2817570e+00
   1.8310820e+00
   2.4261850e+00
   3.0212860e+00
   3.5248340e+00
   4.0741590e+00
   4.6234840e+00
   5.1728080e+00
   5.7221330e+00
   6.2256810e+00
   6.4545670e+00
   6.4545660e+00
   5.9510180e+00
   5.0354770e+00
   3.5706120e+00
   1.6021970e+00
  -7.7821000e-01
  -3.2501710e+00
  -5.6305790e+00
  -7.4616620e+00
  -8.5145340e+00
  -8.2856490e+00
  -6.7750050e+00
  -3.9826050e+00
  -1.3733100e-01
   4.2572670e+00
   8.6976430e+00
   1.2542916e+01
   1.5381094e+01
   1.7074845e+01
   1.7532617e+01
   1.6937515e+01
   1.5701534e+01
   1.4190890e+01
   1.2817578e+01
   1.1856260e+01
   1.1581598e+01
   1.2039368e+01
   1.3138018e+01
   1.4694439e+01
   1.6388189e+01
   1.7898833e+01
   1.8951705e+01
   1.9226368e+01
   1.8677043e+01
   1.7303731e+01
   1.5289540e+01
   1.3000687e+01
   1.0803387e+01
   9.1096360e+00
   8.1483180e+00
   8.1483180e+00
   9.1096370e+00
   1.0940718e+01
   1.3412680e+01
   1.6479744e+01
   1.9775693e+01
   2.3117419e+01
   2.6276035e+01
   2.9068437e+01
   3.1403067e+01
   3.3234150e+01
   3.4332799e+01
   3.4882125e+01
   3.4744793e+01
   3.3920806e+01
   3.2410163e+01
   3.0121309e+01
   2.7283131e+01
   2.3941405e+01
   2.0325017e+01
   1.6845960e+01
   1.3824674e+01
   1.1490044e+01
   1.0208286e+01
   9.8878460e+00
   1.0437171e+01
   1.1535821e+01
   1.2817578e+01
   1.4007782e+01
   1.4785992e+01
   1.5152209e+01
   1.5060654e+01
   1.4740215e+01
   1.4190890e+01
   1.3641566e+01
   1.3092241e+01
   1.2497139e+01
   1.1810483e+01
   1.0849165e+01
   9.4300760e+00
   7.6447700e+00
   5.4016940e+00
   2.8381780e+00
   9.1554000e-02
  -2.6092920e+00
  -5.0354770e+00
  -6.8665600e+00
  -7.9652090e+00
  -8.4687570e+00
  -8.3314260e+00
  -7.8736550e+00
  -7.4158840e+00
  -7.3243300e+00
  -7.7821020e+00
  -8.9723050e+00
  -1.0894942e+01
  -1.3366903e+01
  -1.6159304e+01
  -1.8997482e+01
  -2.1515221e+01
  -2.3483634e+01
  -2.4673838e+01
  -2.4948500e+01
  -2.4124514e+01
  -2.2156099e+01
  -1.9134814e+01
  -1.5152208e+01
  -1.0620279e+01
  -5.8594640e+00
  -1.4648670e+00
   2.1515220e+00
   4.4861520e+00
   5.4016940e+00
   4.8065920e+00
   2.6550690e+00
  -6.4087900e-01
  -4.7608150e+00
  -9.3385210e+00
  -1.3962005e+01
  -1.8127718e+01
  -2.1606775e+01
  -2.4170291e+01
  -2.5726711e+01
  -2.6321812e+01
  -2.6138704e+01
  -2.5497826e+01
  -2.4673838e+01
  -2.3804074e+01
  -2.3300527e+01
  -2.3025864e+01
  -2.3163195e+01
  -2.3483634e+01
  -2.3895628e+01
  -2.4307622e+01
  -2.4582284e+01
  -2.4582284e+01
  -2.4444953e+01
  -2.4032960e+01
  -2.3437858e+01
  -2.2796979e+01
  -2.2201877e+01
  -2.1835661e+01
  -2.1881437e+01
  -2.2293431e+01
  -2.3208973e+01
  -2.4353399e+01
  -2.5589379e+01
  -2.6596475e+01
  -2.7100022e+01
  -2.6962692e+01
  -2.6138705e+01
  -2.4765393e+01
  -2.3071641e+01
  -2.1332112e+01
  -1.9913024e+01
  -1.8905928e+01
  -1.8402381e+01
  -1.8356603e+01
  -1.8677043e+01
  -1.9134813e+01
  -1.9638361e+01
  -1.9913023e+01
  -1.9958800e+01
  -1.9684138e+01
  -1.9089037e+01
  -1.8310826e+01
  -1.7441062e+01
  -1.6617075e+01
  -1.5930419e+01
  -1.5472648e+01
  -1.5197985e+01
  -1.5152208e+01
  -1.5106432e+01
  -1.4969100e+01
  -1.4740215e+01
  -1.4282445e+01
  -1.3641566e+01
  -1.2863356e+01
  -1.1947814e+01
  -1.1032273e+01
  -9.9336230e+00
  -8.6518650e+00
  -7.0496680e+00
  -5.0812550e+00
  -2.8839550e+00
  -4.1199300e-01
   2.0599680e+00
   4.3030440e+00
   6.1799040e+00
   7.5074390e+00
   8.1940950e+00
   8.1940950e+00
   7.5532150e+00
   6.4087890e+00
   4.8523690e+00
   2.9755090e+00
   1.0528720e+00
  -7.7821000e-01
  -2.1973000e+00
  -3.1128410e+00
  -3.4790570e+00
  -3.0670630e+00
  -2.1515220e+00
  -8.6976400e-01
   7.3243300e-01
   2.2888540e+00
   3.6621650e+00
   4.7150380e+00
   5.3559170e+00
   5.5390250e+00
   5.4016940e+00
   4.9897000e+00
   4.5319300e+00
   4.2572670e+00
   4.4861530e+00
   5.3101400e+00
   6.8665600e+00
   9.1096370e+00
   1.1764706e+01
   1.4465553e+01
   1.6754406e+01
   1.8265049e+01
   1.8722820e+01
   1.8081941e+01
   1.6479744e+01
   1.4328221e+01
   1.1993591e+01
   9.8878470e+00
   8.4229810e+00
   7.8736560e+00
   8.2398710e+00
   9.3385220e+00
   1.1078050e+01
   1.3000687e+01
   1.4740215e+01
   1.6159304e+01
   1.6800183e+01
   1.6708629e+01
   1.6021973e+01
   1.4831770e+01
   1.3595789e+01
   1.2588693e+01
   1.2268254e+01
   1.2726025e+01
   1.4007783e+01
   1.5976196e+01
   1.8310826e+01
   2.0645456e+01
   2.2705425e+01
   2.4216067e+01
   2.4994278e+01
   2.5131609e+01
   2.4673838e+01
   2.3849851e+01
   2.2934309e+01
   2.2110322e+01
   2.1652552e+01
   2.1606775e+01
   2.2064545e+01
   2.3025864e+01
   2.4170290e+01
   2.5314717e+01
   2.6138705e+01
   2.6413366e+01
   2.5909820e+01
   2.4673838e+01
   2.2751202e+01
   2.0370794e+01
   1.7807278e+01
   1.5335317e+01
   1.3138018e+01
   1.1490043e+01
   1.0482948e+01
   1.0116732e+01
   1.0391394e+01
   1.1261159e+01
   1.2542916e+01
   1.4007782e+01
   1.5381094e+01
   1.6342413e+01
   1.6754406e+01
   1.6250858e+01
   1.4969101e+01
   1.2954910e+01
   1.0482948e+01
   7.8278780e+00
   5.4474710e+00
   3.4332800e+00
   2.1515220e+00
   1.5564200e+00
   1.7395280e+00
   2.6092930e+00
   3.9368270e+00
   5.7221330e+00
   7.6447700e+00
   9.6131830e+00
   1.1398489e+01
   1.2863355e+01
   1.3778897e+01
   1.4145113e+01
   1.3916228e+01
   1.3138018e+01
   1.1902037e+01
   1.0391394e+01
   8.7434200e+00
   7.0496680e+00
   5.6305800e+00
   4.5777060e+00
   4.0741590e+00
   4.3030440e+00
   5.3101400e+00
   6.9581140e+00
   9.1554130e+00
   1.1490044e+01
   1.3824673e+01
   1.5609980e+01
   1.6662852e+01
   1.6845960e+01
   1.6021973e+01
   1.4465552e+01
   1.2268253e+01
   9.7962920e+00
   7.4158840e+00
   5.4016940e+00
   3.9368280e+00
   3.2043950e+00
   3.1586180e+00
   3.7079430e+00
   4.5319300e+00
   5.3559170e+00
   5.9052420e+00
   5.8136880e+00
   5.0812540e+00
   3.7994960e+00
   2.0141900e+00
   2.7466200e-01
  -1.3275350e+00
  -2.5635160e+00
  -3.2501710e+00
  -3.5248340e+00
  -3.4790570e+00
  -3.3417260e+00
  -3.2501720e+00
  -3.1586180e+00
  -3.1128400e+00
  -2.9755090e+00
  -2.5177390e+00
  -1.7853050e+00
  -6.4087800e-01
   9.1554200e-01
   2.5635150e+00
   4.2114900e+00
   5.5390250e+00
   6.4087890e+00
   6.5003440e+00
   5.7221340e+00
   4.0741590e+00
   1.6021970e+00
  -1.4648660e+00
  -4.8523690e+00
  -8.1940950e+00
  -1.1032273e+01
  -1.3275349e+01
  -1.4557107e+01
  -1.4877546e+01
  -1.4328222e+01
  -1.3046464e+01
  -1.1169604e+01
  -8.9723050e+00
  -6.6834510e+00
  -4.3945980e+00
  -2.2888530e+00
  -6.4087900e-01
   5.4932500e-01
   1.1444260e+00
   1.1444270e+00
   5.0354800e-01
  -5.4932500e-01
  -1.9684140e+00
  -3.4332800e+00
  -4.8523690e+00
  -6.0425720e+00
  -6.9581140e+00
  -7.5074390e+00
  -7.5989930e+00
  -7.2785530e+00
  -6.3630120e+00
  -4.9897000e+00
  -3.2043950e+00
  -1.0528720e+00
   1.1444260e+00
   3.2043950e+00
   4.8981460e+00
   6.0425730e+00
   6.4545670e+00
   6.2256810e+00
   5.4474710e+00
   4.2572670e+00
   2.9297330e+00
   1.5564200e+00
   4.5777000e-01
  -3.2044000e-01
  -5.4932500e-01
  -3.2043900e-01
   4.5777100e-01
   1.6021980e+00
   2.8381780e+00
   4.1199360e+00
   5.0812540e+00
   5.5848020e+00
   5.6763560e+00
   5.3101400e+00
   4.5777070e+00
   3.7537200e+00
   2.9297330e+00
   2.1972990e+00
   1.6021970e+00
   1.2359800e+00
   1.0070950e+00
   9.1554100e-01
   1.0070960e+00
   1.2359810e+00
   1.6021970e+00
   2.0599680e+00
   2.5635160e+00
   2.9755090e+00
   3.2501710e+00
   3.1586170e+00
   2.7466240e+00
   1.9684130e+00
   8.6976400e-01
  -5.0354800e-01
  -2.1057450e+00
  -3.6621650e+00
  -5.2185850e+00
  -6.5461210e+00
  -7.5989930e+00
  -8.1940950e+00
  -8.2398720e+00
  -7.7363250e+00
  -6.6834520e+00
  -5.2185850e+00
  -3.5706110e+00
  -1.8768590e+00
  -3.2043900e-01
   9.1554200e-01
   1.8768590e+00
   2.3804080e+00
   2.6092930e+00
   2.4261840e+00
   1.9226370e+00
   1.1902040e+00
   2.2888500e-01
  -7.7821000e-01
  -1.7395290e+00
  -2.5177390e+00
  -3.0670640e+00
  -3.2501720e+00
  -3.0670640e+00
  -2.6092930e+00
  -1.8768590e+00
  -1.0528720e+00
  -2.2888500e-01
   5.4932500e-01
   1.0528730e+00
   1.2359800e+00
   9.1554200e-01
   1.3733100e-01
  -1.3275340e+00
  -3.2043950e+00
  -5.3559160e+00
  -7.4158850e+00
  -9.1554130e+00
  -1.0162509e+01
  -1.0208286e+01
  -9.2011900e+00
  -7.2327770e+00
  -4.4403750e+00
  -1.2359810e+00
   2.1515220e+00
   5.3559160e+00
   8.1025400e+00
   1.0208286e+01
   1.1444266e+01
   1.1856260e+01
   1.1490043e+01
   1.0391394e+01
   8.8807510e+00
   7.0496680e+00
   5.3101390e+00
   3.8452730e+00
   2.7466240e+00
   2.1057450e+00
   1.9684140e+00
   2.1972990e+00
   2.7924010e+00
   3.5248340e+00
   4.3488210e+00
   5.2185850e+00
   5.9510180e+00
   6.5003440e+00
   6.7750060e+00
   6.5918980e+00
   6.0425730e+00
   5.0812550e+00
   3.9368280e+00
   2.7466240e+00
   1.7853050e+00
   1.1902040e+00
   1.0986500e+00
   1.5106430e+00
   2.4261840e+00
   3.5248340e+00
   4.7150380e+00
   5.7679100e+00
   6.5003440e+00
   6.7750060e+00
   6.5461200e+00
   5.8594650e+00
   4.7608140e+00
   3.3875030e+00
   2.0141900e+00
   7.7821000e-01
  -1.8310800e-01
  -6.8665600e-01
  -8.6976400e-01
  -8.6976500e-01
  -8.2398700e-01
  -9.6131800e-01
  -1.4648660e+00
  -2.3346300e+00
  -3.5248340e+00
  -4.8065920e+00
  -5.9510190e+00
  -6.8665600e+00
  -7.1869990e+00
  -7.0038910e+00
  -6.2714580e+00
  -5.1270310e+00
  -3.7537200e+00
  -2.3346300e+00
  -1.1444260e+00
  -3.6621600e-01
  -2.2888500e-01
  -7.7821000e-01
  -2.0599680e+00
  -3.9368280e+00
  -6.2256810e+00
  -8.6060890e+00
  -1.0849165e+01
  -1.2634470e+01
  -1.3778896e+01
  -1.4236668e+01
  -1.3962005e+01
  -1.3046463e+01
  -1.1627374e+01
  -9.7505150e+00
  -7.5074390e+00
  -4.9897010e+00
  -2.3804080e+00
   9.1554000e-02
   2.2888530e+00
   4.0283810e+00
   5.0812540e+00
   5.2643620e+00
   4.7608150e+00
   3.6163880e+00
   2.1515220e+00
   5.4932500e-01
  -7.7821000e-01
  -1.6479750e+00
  -1.9226370e+00
  -1.5106430e+00
  -3.6621600e-01
   1.3733120e+00
   3.6621650e+00
   6.1341270e+00
   8.5145350e+00
   1.0574503e+01
   1.1947814e+01
   1.2542916e+01
   1.2268254e+01
   1.1215381e+01
   9.5674060e+00
   7.5074380e+00
   5.4932480e+00
   3.6621650e+00
   2.2888530e+00
   1.5564210e+00
   1.5564200e+00
   2.2888530e+00
   3.8452740e+00
   6.0425730e+00
   8.6518660e+00
   1.1352712e+01
   1.3916228e+01
   1.5884642e+01
   1.7029068e+01
   1.7257954e+01
   1.6433967e+01
   1.4785992e+01
   1.2542916e+01
   1.0025178e+01
   7.5532160e+00
   5.4016930e+00
   3.7079420e+00
   2.5635160e+00
   1.8768600e+00
   1.6479740e+00
   1.6479740e+00
   1.6479740e+00
   1.4648660e+00
   1.0070950e+00
   1.3733100e-01
  -1.0986490e+00
  -2.4719620e+00
  -3.7994970e+00
  -4.8065920e+00
  -5.3559170e+00
  -5.3101390e+00
  -4.7608150e+00
  -3.7994960e+00
  -2.6092920e+00
  -1.5564200e+00
  -5.9510200e-01
   1.8310800e-01
   7.7821000e-01
   1.3733120e+00
   1.9684140e+00
   2.7008470e+00
   3.5706110e+00
   4.4861530e+00
   5.3559160e+00
   6.0425720e+00
   6.5918970e+00
   6.8665590e+00
   7.0038910e+00
   6.9581130e+00
   6.8665600e+00
   6.6376740e+00
   6.4545660e+00
   6.2256810e+00
   5.9967960e+00
   5.7679100e+00
   5.5848020e+00
   5.4016940e+00
   5.2185860e+00
   5.0354770e+00
   4.9897010e+00
   4.9897000e+00
   5.1728080e+00
   5.4932480e+00
   5.8594640e+00
   6.2714580e+00
   6.4087890e+00
   6.1799040e+00
   5.4016940e+00
   4.1657130e+00
   2.4719620e+00
   4.5777000e-01
  -1.4648660e+00
  -3.0670630e+00
  -4.2572670e+00
  -4.8981460e+00
  -4.9439230e+00
  -4.4403750e+00
  -3.4790570e+00
  -2.0141910e+00
  -9.1555000e-02
   2.3346300e+00
   5.1728080e+00
   8.3314260e+00
   1.1718928e+01
   1.4785992e+01
   1.7441062e+01
   1.9089037e+01
   1.9638361e+01
   1.8951706e+01
   1.7029068e+01
   1.4190891e+01
   1.0757611e+01
   7.2327760e+00
   4.1199350e+00
   1.9226360e+00
   8.2398700e-01
   1.0528720e+00
   2.4719620e+00
   4.6692610e+00
   7.2327770e+00
   9.5674070e+00
   1.1123827e+01
   1.1535820e+01
   1.0666056e+01
   8.6060890e+00
   5.6763560e+00
   2.3346310e+00
  -9.1554100e-01
  -3.6163880e+00
  -5.3559170e+00
  -6.1341260e+00
  -5.8594640e+00
  -4.6234840e+00
  -2.7924010e+00
  -5.9510100e-01
   1.6021970e+00
   3.3875020e+00
   4.5777060e+00
   4.8981460e+00
   4.3488210e+00
   3.1128400e+00
   1.3733120e+00
  -4.1199400e-01
  -1.8768590e+00
  -2.5635160e+00
  -2.3346300e+00
  -1.1444270e+00
   1.0528730e+00
   3.8452730e+00
   7.0038910e+00
   1.0025177e+01
   1.2726024e+01
   1.4648661e+01
   1.5701534e+01
   1.5838864e+01
   1.5060654e+01
   1.3458457e+01
   1.1352712e+01
   8.9723040e+00
   6.5003440e+00
   4.1657130e+00
   2.0599680e+00
   2.2888500e-01
  -1.4190890e+00
  -2.8381780e+00
  -4.0283820e+00
  -4.9897000e+00
  -5.5848020e+00
  -5.7679100e+00
  -5.4016940e+00
  -4.4403750e+00
  -3.2043950e+00
  -1.5564200e+00
   1.8310800e-01
   1.7853060e+00
   3.2501720e+00
   4.4861520e+00
   5.3559170e+00
   5.8594650e+00
   5.9967950e+00
   5.7679110e+00
   5.1728090e+00
   4.2572670e+00
   3.2501720e+00
   2.2888530e+00
   1.6937510e+00
   1.6021970e+00
   2.2430760e+00
   3.5248340e+00
   5.4474710e+00
   7.5989930e+00
   9.6589610e+00
   1.1306935e+01
   1.2268253e+01
   1.2314030e+01
   1.1444266e+01
   9.7047380e+00
   7.2327770e+00
   4.3945980e+00
   1.5106430e+00
  -1.0528720e+00
  -3.0212860e+00
  -4.0741590e+00
  -4.1657130e+00
  -3.3875030e+00
  -1.7853060e+00
   4.1199400e-01
   2.8381780e+00
   5.4016940e+00
   7.8736550e+00
   1.0162509e+01
   1.2176699e+01
   1.3916228e+01
   1.5289540e+01
   1.6205081e+01
   1.6525520e+01
   1.6159304e+01
   1.5152208e+01
   1.3550012e+01
   1.1581598e+01
   9.3385220e+00
   7.1869990e+00
   5.2185850e+00
   3.5248340e+00
   2.3346300e+00
   1.5564200e+00
   1.2359810e+00
   1.2359810e+00
   1.5106430e+00
   2.0599680e+00
   2.6092920e+00
   3.2501720e+00
   3.6163880e+00
   3.8910510e+00
   3.7994970e+00
   3.5248340e+00
   3.0670640e+00
   2.5177380e+00
   1.9684140e+00
   1.4648660e+00
   1.0986500e+00
   9.6131800e-01
   1.0070950e+00
   1.3275350e+00
   1.8310830e+00
   2.5177390e+00
   3.2959490e+00
   3.8910510e+00
   4.2114900e+00
   4.0283820e+00
   3.2959480e+00
   2.0599680e+00
   3.6621700e-01
  -1.5564200e+00
  -3.4332800e+00
  -4.8981460e+00
  -5.9052410e+00
  -6.2256810e+00
  -5.8594640e+00
  -5.1270310e+00
  -3.9826050e+00
  -2.7008460e+00
  -1.5564200e+00
  -5.4932500e-01
   1.3733200e-01
   5.0354800e-01
   6.4087900e-01
   6.4087900e-01
   5.4932500e-01
   5.4932500e-01
   6.8665600e-01
   8.6976500e-01
   1.0986500e+00
   1.0528730e+00
   5.9510200e-01
  -4.5777100e-01
  -2.1972990e+00
  -4.6234840e+00
  -7.2785530e+00
  -1.0025178e+01
  -1.2405584e+01
  -1.4053559e+01
  -1.4740215e+01
  -1.4373999e+01
  -1.3092241e+01
  -1.0986496e+01
  -8.3772030e+00
  -5.6763560e+00
  -3.2501720e+00
  -1.4190890e+00
  -5.4932500e-01
  -8.6976500e-01
  -2.3346310e+00
  -4.8981460e+00
  -8.2398720e+00
  -1.1856260e+01
  -1.5197986e+01
  -1.7853056e+01
  -1.9272144e+01
  -1.9363699e+01
  -1.7990386e+01
  -1.5472648e+01
  -1.1993591e+01
  -7.9652090e+00
  -3.8910510e+00
  -1.3733200e-01
   2.9297320e+00
   5.0354780e+00
   6.0425730e+00
   5.8594640e+00
   4.5319290e+00
   2.2888530e+00
  -5.4932500e-01
  -3.6163890e+00
  -6.5461210e+00
  -8.9723050e+00
  -1.0711833e+01
  -1.1673152e+01
  -1.1856260e+01
  -1.1352712e+01
  -1.0254063e+01
  -8.7891960e+00
  -7.0954450e+00
  -5.3559170e+00
  -3.7079420e+00
  -2.2888530e+00
  -1.3733120e+00
  -9.1554100e-01
  -1.0528720e+00
  -1.7395290e+00
  -2.9297320e+00
  -4.4861530e+00
  -6.2256810e+00
  -8.0109870e+00
  -9.7047380e+00
  -1.1123827e+01
  -1.2268253e+01
  -1.2909133e+01
  -1.3183795e+01
  -1.2954910e+01
  -1.2497139e+01
  -1.1902037e+01
  -1.1490043e+01
  -1.1444266e+01
  -1.1947814e+01
  -1.3000686e+01
  -1.4557106e+01
  -1.6433967e+01
  -1.8310826e+01
  -1.9958801e+01
  -2.1240559e+01
  -2.1881438e+01
  -2.1972992e+01
  -2.1606775e+01
  -2.0737011e+01
  -1.9684138e+01
  -1.8493934e+01
  -1.7303730e+01
  -1.6205081e+01
  -1.5289540e+01
  -1.4602884e+01
  -1.4145114e+01
  -1.3916228e+01
  -1.3824674e+01
  -1.3778897e+01
  -1.3641566e+01
  -1.3458458e+01
  -1.3046463e+01
  -1.2588693e+01
  -1.2130923e+01
  -1.1673152e+01
  -1.1398489e+01
  -1.1306936e+01
  -1.1490043e+01
  -1.1810483e+01
  -1.2359808e+01
  -1.2954909e+01
  -1.3550012e+01
  -1.4099336e+01
  -1.4328221e+01
  -1.4236668e+01
  -1.3641566e+01
  -1.2542916e+01
  -1.1032273e+01
  -9.3385210e+00
  -7.6447700e+00
  -6.3172350e+00
  -5.4932480e+00
  -5.4474710e+00
  -6.0883500e+00
  -7.2785540e+00
  -8.7891970e+00
  -1.0254063e+01
  -1.1398489e+01
  -1.1993591e+01
  -1.1764705e+01
  -1.0757610e+01
  -8.9265270e+00
  -6.4087890e+00
  -3.4332800e+00
  -3.2043900e-01
   2.5177390e+00
   4.8065920e+00
   6.1799040e+00
   6.5918980e+00
   5.9510190e+00
   4.4861520e+00
   2.4719620e+00
   1.8310900e-01
  -1.8310830e+00
  -3.5248340e+00
  -4.5777070e+00
  -4.9439230e+00
  -4.7608150e+00
  -3.9826040e+00
  -2.8381780e+00
  -1.5564200e+00
  -2.7466300e-01
   8.2398700e-01
   1.5106430e+00
   1.6479740e+00
   1.1444260e+00
  -9.1554000e-02
  -1.8310830e+00
  -4.0283820e+00
  -6.5003440e+00
  -8.9265280e+00
  -1.1169604e+01
  -1.3046464e+01
  -1.4328221e+01
  -1.4923324e+01
  -1.4740215e+01
  -1.3778897e+01
  -1.1993591e+01
  -9.4758520e+00
  -6.5461210e+00
  -3.4790570e+00
  -5.9510200e-01
   1.8310830e+00
   3.5706110e+00
   4.5319290e+00
   4.7150370e+00
   4.3488220e+00
   3.5248340e+00
   2.4719620e+00
   1.4190890e+00
   4.1199400e-01
  -3.2043900e-01
  -8.2398700e-01
  -1.0070950e+00
  -9.1554200e-01
  -6.4087900e-01
  -9.1554000e-02
   5.4932500e-01
   1.2359810e+00
   2.0599680e+00
   2.8839550e+00
   3.7994960e+00
   4.8981460e+00
   6.2256800e+00
   7.7363240e+00
   9.3385210e+00
   1.0894941e+01
   1.2359808e+01
   1.3458458e+01
   1.4145114e+01
   1.4465552e+01
   1.4419776e+01
   1.4190891e+01
   1.3870451e+01
   1.3458458e+01
   1.3138018e+01
   1.2863356e+01
   1.2771801e+01
   1.2817579e+01
   1.3183795e+01
   1.3778897e+01
   1.4648661e+01
   1.5655757e+01
   1.6662852e+01
   1.7486839e+01
   1.7853056e+01
   1.7669947e+01
   1.6937515e+01
   1.5518425e+01
   1.3687342e+01
   1.1627374e+01
   9.5674070e+00
   7.7821010e+00
   6.5003440e+00
   5.8594640e+00
   5.9052410e+00
   6.5461200e+00
   7.5532160e+00
   8.6976430e+00
   9.6589610e+00
   1.0070954e+01
   9.7962920e+00
   8.7891970e+00
   7.1412220e+00
   5.1270310e+00
   3.0212870e+00
   1.1902040e+00
  -4.5777000e-02
  -5.4932400e-01
  -2.7466200e-01
   6.8665600e-01
   2.1515220e+00
   4.0741590e+00
   6.1341270e+00
   8.3314260e+00
   1.0437171e+01
   1.2314031e+01
   1.3778897e+01
   1.4740216e+01
   1.4923324e+01
   1.4465553e+01
   1.3183795e+01
   1.1352712e+01
   9.0180820e+00
   6.5003430e+00
   3.9368280e+00
   1.6021970e+00
  -4.5777100e-01
  -1.9684140e+00
  -2.7924010e+00
  -2.9755100e+00
  -2.2430760e+00
  -8.2398800e-01
   1.2817570e+00
   3.9368280e+00
   6.7750060e+00
   9.6131840e+00
   1.2176700e+01
   1.4190891e+01
   1.5701534e+01
   1.6662852e+01
   1.7074845e+01
   1.7029068e+01
   1.6708629e+01
   1.6205081e+01
   1.5609980e+01
   1.5152209e+01
   1.4785992e+01
   1.4602884e+01
   1.4557107e+01
   1.4694438e+01
   1.4831770e+01
   1.4923323e+01
   1.4877546e+01
   1.4694438e+01
   1.4419776e+01
   1.4007782e+01
   1.3504235e+01
   1.2817578e+01
   1.1993591e+01
   1.0940719e+01
   9.5674060e+00
   7.9652100e+00
   6.1341260e+00
   4.2114900e+00
   2.2888530e+00
   6.4087900e-01
  -8.2398700e-01
  -1.9684140e+00
  -2.9297320e+00
  -3.7079420e+00
  -4.3030440e+00
  -4.8065920e+00
  -5.0354770e+00
  -4.9897010e+00
  -4.5319300e+00
  -3.6621650e+00
  -2.3804080e+00
  -7.7821100e-01
   9.1554200e-01
   2.4719620e+00
   3.7994960e+00
   4.7608150e+00
   5.1728080e+00
   5.1270310e+00
   4.7150380e+00
   3.9826050e+00
   3.2959480e+00
   2.7008470e+00
   2.4719620e+00
   2.7924010e+00
   3.7079420e+00
   5.0354780e+00
   6.6834510e+00
   8.1940950e+00
   9.4300760e+00
   1.0025178e+01
   9.8878460e+00
   9.0180820e+00
   7.5532160e+00
   5.7679110e+00
   3.9826050e+00
   2.3804070e+00
   1.2817580e+00
   7.7821000e-01
   9.1554100e-01
   1.7395290e+00
   3.2043940e+00
   5.0812540e+00
   7.2327760e+00
   9.4758530e+00
   1.1490044e+01
   1.2954910e+01
   1.3687343e+01
   1.3504234e+01
   1.2451361e+01
   1.0666057e+01
   8.3772030e+00
   5.9052420e+00
   3.5706110e+00
   1.8310830e+00
   7.7821000e-01
   6.4087900e-01
   1.5106430e+00
   3.1128400e+00
   5.4474710e+00
   8.0567630e+00
   1.0574502e+01
   1.2634470e+01
   1.3962005e+01
   1.4282444e+01
   1.3687343e+01
   1.2222477e+01
   1.0162509e+01
   7.8736550e+00
   5.5390250e+00
   3.5248340e+00
   1.9226370e+00
   7.7821000e-01
   9.1555000e-02
  -3.6621700e-01
  -5.9510200e-01
  -7.3243300e-01
  -9.6131900e-01
  -1.1902040e+00
  -1.5564210e+00
  -1.9226360e+00
  -2.2888530e+00
  -2.4719620e+00
  -2.4719620e+00
  -2.1972990e+00
  -1.7395280e+00
  -1.2359810e+00
  -9.1554200e-01
  -1.1444270e+00
  -2.0599680e+00
  -3.7079420e+00
  -6.0883500e+00
  -8.7891960e+00
  -1.1535821e+01
  -1.3778896e+01
  -1.5197986e+01
  -1.5472648e+01
  -1.4557106e+01
  -1.2542916e+01
  -9.7047380e+00
  -6.4087900e+00
  -3.1128410e+00
  -1.3733100e-01
   2.1515220e+00
   3.4332800e+00
   3.7079420e+00
   2.8839550e+00
   1.0986490e+00
  -1.3275350e+00
  -4.0741580e+00
  -6.8207820e+00
  -9.1096360e+00
  -1.0757611e+01
  -1.1398489e+01
  -1.1123827e+01
  -9.9336230e+00
  -8.1025410e+00
  -5.7679110e+00
  -3.3875030e+00
  -1.1902030e+00
   3.6621600e-01
   1.1444270e+00
   9.1554100e-01
  -2.7466300e-01
  -2.3804070e+00
  -5.0354770e+00
  -7.8736550e+00
  -1.0482948e+01
  -1.2451362e+01
  -1.3550012e+01
  -1.3641565e+01
  -1.2771801e+01
  -1.0986496e+01
  -8.5145340e+00
  -5.6305800e+00
  -2.5635160e+00
   5.0354800e-01
   3.2959480e+00
   5.6305790e+00
   7.2785530e+00
   8.1483180e+00
   8.1025410e+00
   7.2327760e+00
   5.7221330e+00
   3.7994970e+00
   1.7395280e+00
  -1.3733100e-01
  -1.6479740e+00
  -2.6550700e+00
  -3.0670640e+00
  -2.8381780e+00
  -2.1515230e+00
  -9.6131800e-01
   5.4932500e-01
   2.2888530e+00
   4.1199360e+00
   5.8594640e+00
   7.3701080e+00
   8.4229800e+00
   9.0180820e+00
   9.0638590e+00
   8.6518660e+00
   7.7821010e+00
   6.6834520e+00
   5.5390250e+00
   4.3945980e+00
   3.5248340e+00
   3.0670630e+00
   3.0670630e+00
   3.6621650e+00
   4.7608140e+00
   6.3172350e+00
   8.2398710e+00
   1.0208285e+01
   1.2130922e+01
   1.3595789e+01
   1.4602884e+01
   1.4969101e+01
   1.4694438e+01
   1.3733120e+01
   1.2222476e+01
   1.0116731e+01
   7.5532160e+00
   4.7150380e+00
   1.8310820e+00
  -7.7821000e-01
  -2.7924010e+00
  -3.8910510e+00
  -3.8452740e+00
  -2.6550700e+00
  -3.6621700e-01
   2.7466240e+00
   6.2714580e+00
   9.9336240e+00
   1.3229572e+01
   1.5976196e+01
   1.7990387e+01
   1.9134814e+01
   1.9409476e+01
   1.8997482e+01
   1.7807279e+01
   1.6113527e+01
   1.4099336e+01
   1.1993591e+01
   1.0025177e+01
   8.4229800e+00
   7.4158850e+00
   7.1412220e+00
   7.5989930e+00
   8.7891970e+00
   1.0528725e+01
   1.2588693e+01
   1.4648661e+01
   1.6525520e+01
   1.7944610e+01
   1.8539712e+01
   1.8265049e+01
   1.7120622e+01
   1.5197986e+01
   1.2771801e+01
   1.0162508e+01
   7.7363240e+00
   5.8594640e+00
   4.6692610e+00
   4.3030440e+00
   4.8065920e+00
   5.9052420e+00
   7.4616620e+00
   9.3842980e+00
   1.1398489e+01
   1.3321126e+01
   1.5060654e+01
   1.6433967e+01
   1.7212177e+01
   1.7441062e+01
   1.6983291e+01
   1.5976196e+01
   1.4602884e+01
   1.3092241e+01
   1.1718928e+01
   1.0757611e+01
   1.0254062e+01
   1.0299840e+01
   1.0803388e+01
   1.1764706e+01
   1.2909132e+01
   1.4145113e+01
   1.5381094e+01
   1.6433966e+01
   1.7303731e+01
   1.7761501e+01
   1.7898832e+01
   1.7486839e+01
   1.6479744e+01
   1.4969101e+01
   1.3000687e+01
   1.0711834e+01
   8.2398720e+00
   5.8136870e+00
   3.5706110e+00
   1.7395280e+00
   4.1199400e-01
  -2.7466200e-01
  -3.6621600e-01
   9.1554000e-02
   8.6976400e-01
   1.8310820e+00
