  -2.2133211e+02
  -1.9803159e+02
  -1.5426871e+02
  -9.9153124e+01
  -4.3854429e+01
   1.2359810e+00
   2.8976882e+01
   3.6804760e+01
   2.6550698e+01
   3.9368280e+00
  -2.3758297e+01
  -4.9439231e+01
  -6.7841611e+01
  -7.6401923e+01
  -7.5165942e+01
  -6.6422522e+01
  -5.3238728e+01
  -3.9047837e+01
  -2.6733806e+01
  -1.7990386e+01
  -1.3687342e+01
  -1.3641566e+01
  -1.7120623e+01
  -2.2842755e+01
  -2.9343099e+01
  -3.5339894e+01
  -3.9505607e+01
  -4.1153582e+01
  -4.0146487e+01
  -3.6530099e+01
  -3.0945297e+01
  -2.4078737e+01
  -1.6571298e+01
  -8.7434190e+00
  -9.1554200e-01
   6.6376750e+00
   1.3595788e+01
   1.9363699e+01
   2.3208972e+01
   2.4444953e+01
   2.2522316e+01
   1.7486839e+01
   9.7505150e+00
   5.4932500e-01
  -9.0638590e+00
  -1.7715724e+01
  -2.4399176e+01
  -2.8702220e+01
  -3.0350195e+01
  -2.9571984e+01
  -2.6550698e+01
  -2.1698329e+01
  -1.5472648e+01
  -8.6518650e+00
  -1.7853060e+00
   4.1199360e+00
   8.2398720e+00
   1.0070954e+01
   9.3385210e+00
   6.2714580e+00
   1.4648660e+00
  -4.2572670e+00
  -1.0208286e+01
  -1.5701534e+01
  -2.0233463e+01
  -2.3529412e+01
  -2.5131609e+01
  -2.4536507e+01
  -2.1377890e+01
  -1.5518426e+01
  -7.0954450e+00
   3.1586180e+00
   1.3962006e+01
   2.3804074e+01
   3.1082627e+01
   3.4790570e+01
   3.4332799e+01
   2.9938201e+01
   2.2430763e+01
   1.2954909e+01
   2.7924010e+00
  -6.8665600e+00
  -1.5014878e+01
  -2.1057450e+01
  -2.4353399e+01
  -2.4811170e+01
  -2.2430763e+01
  -1.7761501e+01
  -1.1535820e+01
  -4.6692600e+00
   1.6937520e+00
   6.7750050e+00
   1.0254063e+01
   1.2176700e+01
   1.2863355e+01
   1.2771802e+01
   1.2085146e+01
   1.0711833e+01
   8.1940950e+00
   3.8910500e+00
  -2.7008470e+00
  -1.1535821e+01
  -2.1972991e+01
  -3.2913711e+01
  -4.2938887e+01
  -5.0629435e+01
  -5.4886702e+01
  -5.5024033e+01
  -5.1041428e+01
  -4.3305105e+01
  -3.2730602e+01
  -2.0462348e+01
  -7.8278780e+00
   3.7079420e+00
   1.2771801e+01
   1.8219272e+01
   1.9317921e+01
   1.6067750e+01
   9.1554130e+00
  -1.8310800e-01
  -1.0208286e+01
  -1.9272145e+01
  -2.6092928e+01
  -2.9983978e+01
  -3.0579080e+01
  -2.8290226e+01
  -2.3575189e+01
  -1.7120623e+01
  -9.4758520e+00
  -1.2817580e+00
   6.8207830e+00
   1.4099336e+01
   1.9546807e+01
   2.2476540e+01
   2.2293431e+01
   1.8951705e+01
   1.2909133e+01
   5.0812540e+00
  -3.4790570e+00
  -1.1490043e+01
  -1.7990387e+01
  -2.2201877e+01
  -2.3666743e+01
  -2.2110322e+01
  -1.7578393e+01
  -1.0162509e+01
  -4.1199400e-01
   1.0803388e+01
   2.2247654e+01
   3.2272831e+01
   3.9505607e+01
   4.2755779e+01
   4.1565576e+01
   3.6026551e+01
   2.7191577e+01
   1.6342413e+01
   5.1270320e+00
  -5.1270320e+00
  -1.3229572e+01
  -1.8448157e+01
  -2.0325017e+01
  -1.8677043e+01
  -1.3595789e+01
  -5.5848020e+00
   4.6692610e+00
   1.5930419e+01
   2.6779583e+01
   3.5751889e+01
   4.1657130e+01
   4.3900206e+01
   4.2252231e+01
   3.7445640e+01
   3.0395971e+01
   2.2293431e+01
   1.4099337e+01
   6.5918980e+00
   4.1199400e-01
  -4.0741590e+00
  -6.6376750e+00
  -7.0954460e+00
  -5.4016940e+00
  -1.9226370e+00
   2.9755090e+00
   8.5145350e+00
   1.3870451e+01
   1.8448157e+01
   2.1927214e+01
   2.4261845e+01
   2.5680934e+01
   2.6504922e+01
   2.6733806e+01
   2.5864042e+01
   2.3300527e+01
   1.8036164e+01
   9.5674070e+00
  -2.3346300e+00
  -1.6983291e+01
  -3.3051041e+01
  -4.8615244e+01
  -6.1615931e+01
  -7.0405127e+01
  -7.3609522e+01
  -7.0679790e+01
  -6.1799039e+01
  -4.7791257e+01
  -3.0258641e+01
  -1.1078050e+01
   7.4158850e+00
   2.3071641e+01
   3.4012359e+01
   3.9093614e+01
   3.8223850e+01
   3.2181277e+01
   2.2842756e+01
   1.2314030e+01
   2.8381780e+00
  -3.8910510e+00
  -7.1412220e+00
  -6.8665590e+00
  -3.9826050e+00
   3.2043900e-01
   4.4861530e+00
   7.4158840e+00
   8.2856490e+00
   6.5918980e+00
   2.2888530e+00
  -4.2114900e+00
  -1.2359808e+01
  -2.1103228e+01
  -2.9343099e+01
  -3.5889220e+01
  -3.9871824e+01
  -4.0833143e+01
  -3.9002060e+01
  -3.5248340e+01
  -3.0945296e+01
  -2.7466240e+01
  -2.5955596e+01
  -2.7054245e+01
  -3.0762188e+01
  -3.6438544e+01
  -4.3121996e+01
  -4.9805447e+01
  -5.5710689e+01
  -6.0151064e+01
  -6.2897688e+01
  -6.3859006e+01
  -6.3126574e+01
  -6.1020828e+01
  -5.8091097e+01
  -5.4932479e+01
  -5.2414740e+01
  -5.1270313e+01
  -5.2094301e+01
  -5.5024033e+01
  -5.9464408e+01
  -6.4591440e+01
  -6.9214923e+01
  -7.2327764e+01
  -7.3014420e+01
  -7.1046006e+01
  -6.6559854e+01
  -6.0151064e+01
  -5.2460518e+01
  -4.4357977e+01
  -3.6438544e+01
  -2.9617761e+01
  -2.4582284e+01
  -2.2156100e+01
  -2.2934310e+01
  -2.7191577e+01
  -3.4561685e+01
  -4.4266423e+01
  -5.4749370e+01
  -6.4316778e+01
  -7.1320669e+01
  -7.4433509e+01
  -7.3289082e+01
  -6.7978942e+01
  -5.9418631e+01
  -4.8889906e+01
  -3.7949188e+01
  -2.7924010e+01
  -2.0187686e+01
  -1.5793088e+01
  -1.5335317e+01
  -1.9043260e+01
  -2.6504921e+01
  -3.6530098e+01
  -4.7608148e+01
  -5.7679103e+01
  -6.4774548e+01
  -6.7383841e+01
  -6.4957656e+01
  -5.7679103e+01
  -4.6692607e+01
  -3.3783475e+01
  -2.0920119e+01
  -9.8878470e+00
  -2.0599670e+00
   1.7853060e+00
   1.3275350e+00
  -3.1586180e+00
  -1.0986496e+01
  -2.1103228e+01
  -3.1998169e+01
  -4.2069123e+01
  -4.9622339e+01
  -5.3330281e+01
  -5.2506294e+01
  -4.7196155e+01
  -3.8406958e+01
  -2.7695125e+01
  -1.6937515e+01
  -7.8278780e+00
  -1.5106430e+00
   1.5106430e+00
   1.4648660e+00
  -9.6131900e-01
  -4.8523690e+00
  -9.3385220e+00
  -1.3733120e+01
  -1.7715725e+01
  -2.0965896e+01
  -2.3575189e+01
  -2.5680934e+01
  -2.7786678e+01
  -3.0487526e+01
  -3.4561684e+01
  -4.0604258e+01
  -4.8981460e+01
  -5.9739071e+01
  -7.2373541e+01
  -8.6015107e+01
  -9.9610894e+01
  -1.1233692e+02
  -1.2359808e+02
  -1.3321126e+02
  -1.4131380e+02
  -1.4827192e+02
  -1.5436027e+02
  -1.5976196e+02
  -1.6470588e+02
  -1.6928359e+02
  -1.7381552e+02
  -1.7871367e+02
  -1.8452735e+02
  -1.9166857e+02
  -2.0027466e+02
  -2.0993362e+02
  -2.2005035e+02
  -2.2961776e+02
  -2.3781186e+02
  -2.4394598e+02
  -2.4783703e+02
  -2.4962234e+02
  -2.4985123e+02
  -2.4911879e+02
  -2.4783703e+02
  -2.4655528e+02
  -2.4559396e+02
  -2.4531930e+02
  -2.4596017e+02
  -2.4769970e+02
  -2.5049210e+02
  -2.5392538e+02
  -2.5722133e+02
  -2.5928130e+02
  -2.5891508e+02
  -2.5516136e+02
  -2.4742504e+02
  -2.3584344e+02
  -2.2073701e+02
  -2.0311284e+02
  -1.8393225e+02
  -1.6401923e+02
  -1.4419776e+02
  -1.2501717e+02
  -1.0693523e+02
  -9.0409705e+01
  -7.5761044e+01
  -6.3080796e+01
  -5.2231632e+01
  -4.2893110e+01
  -3.4332799e+01
  -2.5955596e+01
  -1.7166400e+01
  -7.8736560e+00
   1.8310820e+00
   1.1490043e+01
   2.0553903e+01
   2.8839551e+01
   3.6346991e+01
   4.3167773e+01
   4.9851224e+01
   5.6534676e+01
   6.3309681e+01
   6.9810025e+01
   7.5669490e+01
   8.0384527e+01
   8.3680476e+01
   8.5740444e+01
   8.6793317e+01
   8.7434196e+01
   8.8120851e+01
   8.9265279e+01
   9.1142137e+01
   9.4026093e+01
   9.8054475e+01
   1.0336461e+02
   1.1009384e+02
   1.1801327e+02
   1.2657359e+02
   1.3485924e+02
   1.4158846e+02
   1.4552529e+02
   1.4579995e+02
   1.4213779e+02
   1.3504234e+02
   1.2556649e+02
   1.1535821e+02
   1.0601968e+02
   9.9015793e+01
   9.5262074e+01
   9.5445182e+01
   9.9519341e+01
   1.0716411e+02
   1.1773861e+02
   1.3014420e+02
   1.4319066e+02
   1.5509270e+02
   1.6438544e+02
   1.6960403e+02
   1.6997025e+02
   1.6525521e+02
   1.5623712e+02
   1.4415198e+02
   1.3078508e+02
   1.1783017e+02
   1.0684367e+02
   9.8924239e+01
   9.4712749e+01
   9.4621195e+01
   9.8420691e+01
   1.0592813e+02
   1.1631952e+02
   1.2849622e+02
   1.4103914e+02
   1.5220874e+02
   1.6044862e+02
   1.6438544e+02
   1.6346990e+02
   1.5788510e+02
   1.4850080e+02
   1.3669032e+02
   1.2405585e+02
   1.1210803e+02
   1.0208286e+02
   9.4987412e+01
   9.1462577e+01
   9.1874571e+01
   9.6314946e+01
   1.0432593e+02
   1.1517510e+02
   1.2758068e+02
   1.3975738e+02
   1.5005722e+02
   1.5692378e+02
   1.5939574e+02
   1.5733578e+02
   1.5129320e+02
   1.4218357e+02
   1.3142596e+02
   1.2034791e+02
   1.0981918e+02
   1.0084688e+02
   9.3934538e+01
   8.9494163e+01
   8.7800412e+01
   8.8807507e+01
   9.2195010e+01
   9.7322042e+01
   1.0304418e+02
   1.0835432e+02
   1.1201648e+02
   1.1329824e+02
   1.1201648e+02
   1.0844587e+02
   1.0313573e+02
   9.7093157e+01
   9.1050584e+01
   8.5511559e+01
   8.1025406e+01
   7.7637904e+01
   7.5486381e+01
   7.4708171e+01
   7.5165942e+01
   7.6722362e+01
   7.9056993e+01
   8.1757839e+01
   8.4367132e+01
   8.6610208e+01
   8.8487068e+01
   9.0272374e+01
   9.2103456e+01
   9.4209202e+01
   9.6498054e+01
   9.8283360e+01
   9.8970016e+01
   9.7642482e+01
   9.3888761e+01
   8.7891966e+01
   8.0247196e+01
   7.2190432e+01
   6.5049210e+01
   5.9601739e+01
   5.6443122e+01
   5.5161364e+01
   5.4978256e+01
   5.4840925e+01
   5.3696498e+01
   5.0904097e+01
   4.6326390e+01
   4.0100709e+01
   3.2867933e+01
   2.5452049e+01
   1.8631266e+01
   1.3138018e+01
   9.6131840e+00
   8.3314260e+00
   9.2469680e+00
   1.2039368e+01
   1.5747310e+01
   1.9455253e+01
   2.2156099e+01
   2.2980087e+01
   2.1698329e+01
   1.8722820e+01
   1.4831769e+01
   1.1078050e+01
   8.4687570e+00
   7.6905470e+00
   8.9723050e+00
   1.1993591e+01
   1.6296635e+01
   2.1332113e+01
   2.6550698e+01
   3.1631952e+01
   3.6255436e+01
   4.0375372e+01
   4.3762875e+01
   4.6463722e+01
   4.8661021e+01
   5.0766765e+01
   5.3513390e+01
   5.7633326e+01
   6.3721675e+01
   7.1732662e+01
   8.1208514e+01
   9.0821698e+01
   9.9061570e+01
   1.0432593e+02
   1.0542458e+02
   1.0203708e+02
   9.4529641e+01
   8.3955139e+01
   7.1869993e+01
   5.9830625e+01
   4.9210346e+01
   4.1062028e+01
   3.6118105e+01
   3.4699015e+01
   3.6713207e+01
   4.1794461e+01
   4.9164568e+01
   5.7770657e+01
   6.6239414e+01
   7.3472190e+01
   7.8370336e+01
   8.0521859e+01
   8.0064088e+01
   7.7592126e+01
   7.3884184e+01
   6.9764248e+01
   6.5827420e+01
   6.2302586e+01
   5.9098192e+01
   5.6214237e+01
   5.3421836e+01
   5.0858320e+01
   4.8615244e+01
   4.6875715e+01
   4.5685512e+01
   4.5044633e+01
   4.4724193e+01
   4.4724193e+01
   4.4953079e+01
   4.5456626e+01
   4.6372167e+01
   4.7882811e+01
   4.9713894e+01
   5.1361868e+01
   5.2185854e+01
   5.1453422e+01
   4.8752575e+01
   4.4037537e+01
   3.7857633e+01
   3.1036850e+01
   2.4582285e+01
   1.9409476e+01
   1.6021973e+01
   1.4465553e+01
   1.4740215e+01
   1.6296635e+01
   1.8860151e+01
   2.2018769e+01
   2.5543603e+01
   2.8976882e+01
   3.1723506e+01
   3.3005265e+01
   3.2135500e+01
   2.8702220e+01
   2.2384986e+01
   1.3641566e+01
   3.2501710e+00
  -7.6905470e+00
  -1.7898833e+01
  -2.6047150e+01
  -3.1082628e+01
  -3.2181278e+01
  -2.8702220e+01
  -2.0508125e+01
  -7.8736560e+00
   8.2856490e+00
   2.6321813e+01
   4.4129092e+01
   5.9189746e+01
   6.9123369e+01
   7.2236210e+01
   6.7795834e+01
   5.6260014e+01
   3.9093614e+01
   1.8631265e+01
  -2.6550700e+00
  -2.2339209e+01
  -3.8452735e+01
  -4.9668116e+01
  -5.5207141e+01
  -5.4886701e+01
  -4.9118791e+01
  -3.8727398e+01
  -2.5131609e+01
  -1.0070955e+01
   4.4861520e+00
   1.6479744e+01
   2.4307622e+01
   2.7145800e+01
   2.4811170e+01
   1.8127718e+01
   8.2398720e+00
  -3.1128410e+00
  -1.4419775e+01
  -2.4216068e+01
  -3.1357290e+01
  -3.5065233e+01
  -3.4836347e+01
  -3.0533303e+01
  -2.2430763e+01
  -1.1444266e+01
   1.1444270e+00
   1.3687343e+01
   2.4490730e+01
   3.2089723e+01
   3.5614557e+01
   3.4973678e+01
   3.0716411e+01
   2.3987182e+01
   1.6021973e+01
   8.1025400e+00
   1.1902030e+00
  -4.2114900e+00
  -7.6905470e+00
  -9.2469680e+00
  -8.8349740e+00
  -6.6376750e+00
  -3.1128410e+00
   1.2817580e+00
   5.8594640e+00
   9.7962920e+00
   1.2680247e+01
   1.4190891e+01
   1.4557106e+01
   1.4236667e+01
   1.3550012e+01
   1.2954909e+01
   1.2497139e+01
   1.1993592e+01
   1.1169604e+01
   9.8420690e+00
   8.1025400e+00
   6.2256810e+00
   4.8981460e+00
   4.4861520e+00
   5.1270310e+00
   6.6834510e+00
   8.3772030e+00
   9.3842980e+00
   8.7891960e+00
   6.1799040e+00
   1.3275350e+00
  -5.3101400e+00
  -1.3138018e+01
  -2.1332113e+01
  -2.9068437e+01
  -3.5660335e+01
  -4.0466926e+01
  -4.3076219e+01
  -4.3259327e+01
  -4.0833143e+01
  -3.6255436e+01
  -2.9938201e+01
  -2.2705425e+01
  -1.5243763e+01
  -8.1940940e+00
  -1.7853050e+00
   4.2114900e+00
   1.0208285e+01
   1.6525521e+01
   2.3208972e+01
   2.9892424e+01
   3.5614557e+01
   3.9368277e+01
   4.0054933e+01
   3.7125201e+01
   3.0670634e+01
   2.1469444e+01
   1.0666056e+01
  -2.2888500e-01
  -9.7505150e+00
  -1.6845960e+01
  -2.0553903e+01
  -2.0462348e+01
  -1.6388189e+01
  -8.5145340e+00
   2.5177390e+00
   1.5609979e+01
   2.9343099e+01
   4.1931793e+01
   5.1590753e+01
   5.6946670e+01
   5.7267109e+01
   5.2552071e+01
   4.3579767e+01
   3.1723507e+01
   1.8539712e+01
   5.6305790e+00
  -5.5848020e+00
  -1.4007782e+01
  -1.8905928e+01
  -1.9775693e+01
  -1.6525520e+01
  -9.5674070e+00
   9.1554000e-02
   1.0986496e+01
   2.1286336e+01
   2.8931105e+01
   3.2318608e+01
   3.0441749e+01
   2.3208972e+01
   1.1306935e+01
  -3.6621650e+00
  -2.0050354e+01
  -3.6118105e+01
  -5.0400549e+01
  -6.1844816e+01
  -6.9947357e+01
  -7.4662394e+01
  -7.6218815e+01
  -7.5257496e+01
  -7.2785534e+01
  -6.9947356e+01
  -6.8070497e+01
  -6.8207828e+01
  -7.1137560e+01
  -7.6951248e+01
  -8.5282673e+01
  -9.5307851e+01
  -1.0597391e+02
  -1.1641108e+02
  -1.2597848e+02
  -1.3444724e+02
  -1.4200046e+02
  -1.4872969e+02
  -1.5477226e+02
  -1.6003662e+02
  -1.6429389e+02
  -1.6740673e+02
  -1.6928359e+02
  -1.7006180e+02
  -1.7029068e+02
  -1.7033646e+02
  -1.7074845e+02
  -1.7189288e+02
  -1.7376974e+02
  -1.7637903e+02
  -1.7953765e+02
  -1.8310826e+02
  -1.8709087e+02
  -1.9121080e+02
  -1.9510185e+02
  -1.9830625e+02
  -2.0004578e+02
  -1.9972534e+02
  -1.9670405e+02
  -1.9093614e+02
  -1.8255894e+02
  -1.7221332e+02
  -1.6063172e+02
  -1.4822614e+02
  -1.3550011e+02
  -1.2259098e+02
  -1.0949874e+02
  -9.6543832e+01
  -8.4229801e+01
  -7.3243305e+01
  -6.4316777e+01
  -5.8228428e+01
  -5.5207141e+01
  -5.4840924e+01
  -5.6305791e+01
  -5.8457313e+01
  -5.9876402e+01
  -5.9418631e+01
  -5.6168459e+01
  -4.9622339e+01
  -3.9597162e+01
  -2.6230259e+01
  -1.0025177e+01
   8.2856490e+00
   2.7374685e+01
   4.5914396e+01
   6.2073701e+01
   7.4387732e+01
   8.1940947e+01
   8.4367132e+01
   8.2078279e+01
   7.6310369e+01
   6.8665598e+01
   6.0791943e+01
   5.4062714e+01
   4.9668117e+01
   4.8249027e+01
   5.0217441e+01
   5.5619135e+01
   6.4316778e+01
   7.5944152e+01
   8.9631494e+01
   1.0418860e+02
   1.1810483e+02
   1.2973220e+02
   1.3765164e+02
   1.4099336e+02
   1.3957427e+02
   1.3380636e+02
   1.2487984e+02
   1.1416800e+02
   1.0318151e+02
   9.3202106e+01
   8.5511559e+01
   8.0979629e+01
   8.0201419e+01
   8.3360037e+01
   9.0226596e+01
   1.0016022e+02
   1.1165026e+02
   1.2318608e+02
   1.3311971e+02
   1.3980316e+02
   1.4259556e+02
   1.4126802e+02
   1.3655299e+02
   1.2941177e+02
   1.2117189e+02
   1.1284047e+02
   1.0528725e+02
   9.8970016e+01
   9.3980316e+01
   9.0409705e+01
   8.8212406e+01
   8.7296865e+01
   8.7479973e+01
   8.8578622e+01
   8.9997711e+01
   9.1462578e+01
   9.2561227e+01
   9.3156329e+01
   9.3385214e+01
   9.3522545e+01
   9.3705654e+01
   9.3934539e+01
   9.4071870e+01
   9.3522545e+01
   9.1737240e+01
   8.8303960e+01
   8.3176928e+01
   7.6859693e+01
   7.0130465e+01
   6.3950561e+01
   5.9235523e+01
   5.6626230e+01
   5.6488900e+01
   5.8731975e+01
   6.3263905e+01
   6.9764248e+01
   7.7775234e+01
   8.6610208e+01
   9.5582513e+01
   1.0341039e+02
   1.0894942e+02
   1.1119249e+02
   1.0940719e+02
   1.0350194e+02
   9.4163424e+01
   8.2719158e+01
   7.0634012e+01
   5.9555962e+01
   5.0858320e+01
   4.5502403e+01
   4.3762875e+01
   4.5822842e+01
   5.1270313e+01
   5.9601739e+01
   6.9901580e+01
   8.1071184e+01
   9.1737240e+01
   1.0057221e+02
   1.0629435e+02
   1.0817121e+02
   1.0601968e+02
   1.0029755e+02
   9.2057680e+01
   8.2352941e+01
   7.2510872e+01
   6.3401236e+01
   5.5664912e+01
   4.9668116e+01
   4.5639734e+01
   4.3625544e+01
   4.3854429e+01
   4.6143282e+01
   5.0217441e+01
   5.5161364e+01
   6.0059510e+01
   6.3492790e+01
   6.4362554e+01
   6.1982147e+01
   5.6260014e+01
   4.7562372e+01
   3.6896315e+01
   2.5497825e+01
   1.4602884e+01
   5.2643620e+00
  -1.4648660e+00
  -4.9439230e+00
  -4.7150380e+00
  -5.4932500e-01
   7.3701070e+00
   1.8310826e+01
   3.0991073e+01
   4.3762875e+01
   5.4840925e+01
   6.2668803e+01
   6.6193637e+01
   6.5186542e+01
   6.0196841e+01
   5.2140078e+01
   4.2618448e+01
   3.2822156e+01
   2.3987183e+01
   1.6983291e+01
   1.2268254e+01
   1.0116732e+01
   1.0574502e+01
   1.3412680e+01
   1.8081941e+01
   2.3666743e+01
   2.9297322e+01
   3.3875029e+01
   3.6575876e+01
   3.7125201e+01
   3.5614557e+01
   3.2593271e+01
   2.8747997e+01
   2.4811170e+01
   2.1286336e+01
   1.8265050e+01
   1.5609980e+01
   1.3275349e+01
   1.1032272e+01
   9.1096360e+00
   7.5989930e+00
   6.7292290e+00
   6.7292290e+00
   7.4616610e+00
   8.8349740e+00
   1.0574502e+01
   1.2634470e+01
   1.5060655e+01
   1.7898833e+01
   2.1103228e+01
   2.4628061e+01
   2.7832456e+01
   3.0075532e+01
   3.0579080e+01
   2.8839551e+01
   2.4765393e+01
   1.8814374e+01
   1.1947814e+01
   5.1728090e+00
  -3.6621700e-01
  -3.9368280e+00
  -4.9897000e+00
  -3.5248340e+00
   3.2044000e-01
   6.3172360e+00
   1.3962005e+01
   2.2613871e+01
   3.1448844e+01
   3.9368277e+01
   4.5090409e+01
   4.7653925e+01
   4.6234837e+01
   4.0650034e+01
   3.1494621e+01
   1.9775693e+01
   6.7750050e+00
  -6.1799040e+00
  -1.7944609e+01
  -2.7924010e+01
  -3.5706111e+01
  -4.1153582e+01
  -4.4312200e+01
  -4.5319295e+01
  -4.4083315e+01
  -4.1016251e+01
  -3.6575876e+01
  -3.1403067e+01
  -2.6367590e+01
  -2.2293431e+01
  -1.9821469e+01
  -1.9317922e+01
  -2.0737011e+01
  -2.3987182e+01
  -2.8519111e+01
  -3.3783474e+01
  -3.9139391e+01
  -4.3579766e+01
  -4.6097506e+01
  -4.5502404e+01
  -4.1062028e+01
  -3.2318608e+01
  -1.9501029e+01
  -3.8452730e+00
   1.2771802e+01
   2.8107118e+01
   4.0100710e+01
   4.7196155e+01
   4.8752575e+01
   4.5136187e+01
   3.7445640e+01
   2.7328908e+01
   1.6571297e+01
   6.7750050e+00
  -8.6976400e-01
  -5.4016940e+00
  -6.3172350e+00
  -3.5248340e+00
   2.6092930e+00
   1.1352712e+01
   2.1515221e+01
   3.1494621e+01
   3.9871824e+01
   4.5365072e+01
   4.7241932e+01
   4.5410850e+01
   4.0421149e+01
   3.3234150e+01
   2.5040055e+01
   1.6754406e+01
   9.2011900e+00
   2.6550700e+00
  -2.4719620e+00
  -6.2256810e+00
  -8.4687570e+00
  -9.2469680e+00
  -8.6060880e+00
  -6.8207830e+00
  -4.3030440e+00
  -1.4648660e+00
   1.3733120e+00
   3.9368270e+00
   6.3172350e+00
   8.6976430e+00
   1.1123827e+01
   1.3550012e+01
   1.5472648e+01
   1.6296636e+01
   1.5289539e+01
   1.2085145e+01
   6.5003430e+00
  -8.2398700e-01
  -8.9265270e+00
  -1.6571298e+01
  -2.2751202e+01
  -2.6459144e+01
  -2.7374685e+01
  -2.5360495e+01
  -2.0691234e+01
  -1.3778897e+01
  -5.2643620e+00
   4.3030440e+00
   1.3824673e+01
   2.2293431e+01
   2.8519112e+01
   3.1586175e+01
   3.0853742e+01
   2.6367590e+01
   1.8631265e+01
   8.8349740e+00
  -1.6479740e+00
  -1.1444267e+01
  -1.9501030e+01
  -2.4948501e+01
  -2.7374686e+01
  -2.6504921e+01
  -2.2384985e+01
  -1.5197986e+01
  -5.5390250e+00
   5.8136870e+00
   1.7486839e+01
   2.7924010e+01
   3.5568780e+01
   3.9230945e+01
   3.8223850e+01
   3.2730602e+01
   2.3712520e+01
   1.2451362e+01
   6.4087900e-01
  -1.0162509e+01
  -1.8539712e+01
  -2.3712520e+01
  -2.5040055e+01
  -2.2247654e+01
  -1.5564202e+01
  -5.6763560e+00
   6.4545660e+00
   1.9226367e+01
   3.0853743e+01
   3.9688716e+01
   4.4312200e+01
   4.4083314e+01
   3.9139391e+01
   3.0304417e+01
   1.8905928e+01
   6.6376740e+00
  -5.1270320e+00
  -1.5106431e+01
  -2.2384985e+01
  -2.6413367e+01
  -2.6779584e+01
  -2.3392080e+01
  -1.6525521e+01
  -6.9581140e+00
   4.1657130e+00
   1.5335317e+01
   2.4765393e+01
   3.1174182e+01
   3.3417258e+01
   3.1357290e+01
   2.5360495e+01
   1.6525521e+01
   6.2714580e+00
  -4.2114900e+00
  -1.3687343e+01
  -2.1240558e+01
  -2.6413367e+01
  -2.8793774e+01
  -2.8336003e+01
  -2.5268940e+01
  -2.0141909e+01
  -1.3778897e+01
  -7.1869990e+00
  -1.3275350e+00
   2.9755090e+00
   5.3559170e+00
   5.9052410e+00
   4.9897000e+00
   3.3417260e+00
   1.4648660e+00
  -3.6621600e-01
  -2.2888530e+00
  -4.4861520e+00
  -7.1870000e+00
  -1.0482948e+01
  -1.4099337e+01
  -1.7532616e+01
  -2.0233463e+01
  -2.1744106e+01
  -2.1744106e+01
  -2.0233464e+01
  -1.7349508e+01
  -1.3366903e+01
  -8.4687570e+00
  -2.9755090e+00
   2.7466240e+00
   8.2398720e+00
   1.2634471e+01
   1.5243763e+01
   1.5243763e+01
   1.2222477e+01
   6.2714580e+00
  -1.9684140e+00
  -1.1398489e+01
  -2.0782788e+01
  -2.8885329e+01
  -3.4927901e+01
  -3.8452735e+01
  -3.9276722e+01
  -3.7582971e+01
  -3.3554589e+01
  -2.7557793e+01
  -2.0050355e+01
  -1.1535821e+01
  -2.9755100e+00
   4.7150380e+00
   1.0620280e+01
   1.3962005e+01
   1.4465552e+01
   1.2359807e+01
   8.2398720e+00
   2.9755090e+00
  -2.6092930e+00
  -7.6447700e+00
  -1.1627374e+01
  -1.4190890e+01
  -1.5014878e+01
  -1.3778897e+01
  -1.0299840e+01
  -4.5777060e+00
   3.0670640e+00
   1.1856260e+01
   2.0645457e+01
   2.8015564e+01
   3.2776379e+01
   3.4149691e+01
   3.1769284e+01
   2.5955596e+01
   1.7578393e+01
   7.6447700e+00
  -2.5177390e+00
  -1.1810483e+01
  -1.9043259e+01
  -2.3346303e+01
  -2.3758297e+01
  -1.9913024e+01
  -1.1627375e+01
   2.7466300e-01
   1.4511329e+01
   2.9205768e+01
   4.2114901e+01
   5.1178759e+01
   5.5069810e+01
   5.3147173e+01
   4.5777066e+01
   3.4241245e+01
   2.0187686e+01
   5.4932480e+00
  -8.1025400e+00
  -1.9089037e+01
  -2.6504921e+01
  -2.9663538e+01
  -2.8473335e+01
  -2.3300526e+01
  -1.5014877e+01
  -4.9897000e+00
   5.0354770e+00
   1.3550011e+01
   1.9043259e+01
   2.0782788e+01
   1.8722820e+01
   1.3412680e+01
   5.9967950e+00
  -2.4261840e+00
  -1.0666056e+01
  -1.7853055e+01
  -2.3529412e+01
  -2.7420462e+01
  -2.9480430e+01
  -2.9755092e+01
  -2.8381781e+01
  -2.5635156e+01
  -2.1972991e+01
  -1.7807278e+01
  -1.3733119e+01
  -1.0025177e+01
  -6.8665600e+00
  -3.9826050e+00
  -1.2359810e+00
   1.6021970e+00
   4.4861520e+00
   6.9581140e+00
   8.2856490e+00
   7.8736550e+00
   5.2185850e+00
   4.1199400e-01
  -5.9052420e+00
  -1.2542916e+01
  -1.8539711e+01
  -2.2842756e+01
  -2.5177386e+01
  -2.5726711e+01
  -2.5177386e+01
  -2.4399176e+01
  -2.4216068e+01
  -2.5177386e+01
  -2.7512016e+01
  -3.1036850e+01
  -3.5523003e+01
  -4.0421149e+01
  -4.5319295e+01
  -4.9622339e+01
  -5.2872511e+01
  -5.4657817e+01
  -5.4703594e+01
  -5.2918288e+01
  -4.9530785e+01
  -4.4953079e+01
  -3.9734493e+01
  -3.4287022e+01
  -2.8702221e+01
  -2.2888533e+01
  -1.6617075e+01
  -9.5674070e+00
  -1.9684140e+00
   5.7221330e+00
   1.2588693e+01
   1.7441062e+01
   1.9317922e+01
   1.7624170e+01
   1.2451362e+01
   4.5319300e+00
  -5.0354770e+00
  -1.4923323e+01
  -2.3758297e+01
  -3.0533303e+01
  -3.4515908e+01
  -3.5202564e+01
  -3.2501716e+01
  -2.6367590e+01
  -1.7395285e+01
  -6.5003440e+00
   5.0812550e+00
   1.5747310e+01
   2.3895628e+01
   2.8290226e+01
   2.8244449e+01
   2.3666743e+01
   1.5472648e+01
   4.7608140e+00
  -7.0038910e+00
  -1.8448157e+01
  -2.8427558e+01
  -3.6072328e+01
  -4.0833142e+01
  -4.2252232e+01
  -4.0146487e+01
  -3.4790570e+01
  -2.6688029e+01
  -1.6937515e+01
  -6.8665600e+00
   1.8768600e+00
   7.9652100e+00
   1.0482948e+01
   9.0638590e+00
   4.1199360e+00
  -3.5248340e+00
  -1.2588693e+01
  -2.2064546e+01
  -3.0762188e+01
  -3.8132296e+01
  -4.3488213e+01
  -4.6601053e+01
  -4.7287709e+01
  -4.5639735e+01
  -4.2069124e+01
  -3.7216754e+01
  -3.1998169e+01
  -2.7191577e+01
  -2.3575188e+01
  -2.1560998e+01
  -2.1103227e+01
  -2.1972991e+01
  -2.3529412e+01
  -2.5543602e+01
  -2.7832456e+01
  -3.0395971e+01
  -3.3371480e+01
  -3.6667430e+01
  -4.0100709e+01
  -4.3167773e+01
  -4.5044633e+01
  -4.5365072e+01
  -4.4037537e+01
  -4.1474022e+01
  -3.8681620e+01
  -3.6987869e+01
  -3.7582971e+01
  -4.1382467e+01
  -4.8523690e+01
  -5.8594644e+01
  -7.0634013e+01
  -8.3222705e+01
  -9.4941634e+01
  -1.0441749e+02
  -1.1041428e+02
  -1.1219959e+02
  -1.0945296e+02
  -1.0244907e+02
  -9.2011902e+01
  -7.9331654e+01
  -6.5964752e+01
  -5.3238728e+01
  -4.2298008e+01
  -3.3417258e+01
  -2.6504921e+01
  -2.0874342e+01
  -1.5701533e+01
  -1.0574502e+01
  -5.4932480e+00
  -9.1554100e-01
   2.1972990e+00
   2.8839550e+00
   5.4932500e-01
  -4.8981460e+00
  -1.2863356e+01
  -2.2384985e+01
  -3.2089723e+01
  -4.0833143e+01
  -4.7516594e+01
  -5.1270314e+01
  -5.1773862e+01
  -4.8889906e+01
  -4.2572671e+01
  -3.3508812e+01
  -2.2430763e+01
  -1.0757610e+01
   9.1555000e-02
   8.6060880e+00
   1.3458458e+01
   1.4236668e+01
   1.0711834e+01
   3.7994960e+00
  -5.5390250e+00
  -1.6021973e+01
  -2.6321813e+01
  -3.5477226e+01
  -4.2618448e+01
  -4.7104600e+01
  -4.8340581e+01
  -4.6143282e+01
  -4.0558480e+01
  -3.2135500e+01
  -2.1835660e+01
  -1.1261158e+01
  -1.9684140e+00
   4.4403760e+00
   6.9581140e+00
   5.3559160e+00
  -9.1554000e-02
  -8.3772030e+00
  -1.8265049e+01
  -2.8473335e+01
  -3.7903411e+01
  -4.5731289e+01
  -5.1316091e+01
  -5.4291600e+01
  -5.4474708e+01
  -5.2002746e+01
  -4.7287709e+01
  -4.1062028e+01
  -3.4332799e+01
  -2.8290227e+01
  -2.3804074e+01
  -2.1515221e+01
  -2.1469444e+01
  -2.3346304e+01
  -2.6642252e+01
  -3.0762188e+01
  -3.5248340e+01
  -3.9826047e+01
  -4.4449531e+01
  -4.9164569e+01
  -5.3696498e+01
  -5.7770657e+01
  -6.0929275e+01
  -6.2714580e+01
  -6.2943465e+01
  -6.1615930e+01
  -5.9098192e+01
  -5.5756466e+01
  -5.2094301e+01
  -4.8477912e+01
  -4.5273518e+01
  -4.2801557e+01
  -4.1336691e+01
  -4.1336690e+01
  -4.3213550e+01
  -4.7104601e+01
  -5.2964065e+01
  -6.0242618e+01
  -6.7887389e+01
  -7.4799725e+01
  -7.9697872e+01
  -8.1940948e+01
  -8.1116960e+01
  -7.7454795e+01
  -7.1549554e+01
  -6.4225223e+01
  -5.6305790e+01
  -4.8432135e+01
  -4.1336690e+01
  -3.5431449e+01
  -3.1448844e+01
  -2.9709316e+01
  -3.0487526e+01
  -3.3600366e+01
  -3.8406958e+01
  -4.3945983e+01
  -4.9027238e+01
  -5.2643625e+01
  -5.4383154e+01
  -5.4566263e+01
  -5.4108492e+01
  -5.4291600e+01
  -5.6534676e+01
  -6.1844816e+01
  -7.0450904e+01
  -8.1895170e+01
  -9.4987411e+01
  -1.0830854e+02
  -1.2007324e+02
  -1.2881666e+02
  -1.3348592e+02
  -1.3339437e+02
  -1.2858778e+02
  -1.1975280e+02
  -1.0812543e+02
  -9.5490959e+01
  -8.3817807e+01
  -7.4845503e+01
  -6.9993134e+01
  -6.9489585e+01
  -7.3014420e+01
  -7.9377432e+01
  -8.6701762e+01
  -9.3247883e+01
  -9.7688258e+01
  -9.9015793e+01
  -9.7138933e+01
  -9.2195010e+01
  -8.4916457e+01
  -7.5989929e+01
  -6.6193637e+01
  -5.6351568e+01
  -4.7013047e+01
  -3.8818952e+01
  -3.2089723e+01
  -2.6962692e+01
  -2.3163195e+01
  -2.0004577e+01
  -1.6708629e+01
  -1.2542916e+01
  -7.1869990e+00
  -6.8665600e-01
   6.1341270e+00
   1.2222477e+01
   1.6479744e+01
   1.8036164e+01
   1.6662852e+01
   1.2588693e+01
   6.6834520e+00
  -1.8310800e-01
  -6.9581140e+00
  -1.2817578e+01
  -1.7349508e+01
  -2.0004578e+01
  -2.0645457e+01
  -1.9180590e+01
  -1.5793087e+01
  -1.0711834e+01
  -4.6692610e+00
   1.3733120e+00
   6.4545660e+00
   9.6589610e+00
   1.0437171e+01
   8.8349740e+00
   5.1728080e+00
   0.0000000e+00
  -5.9967960e+00
  -1.2451362e+01
  -1.9272144e+01
  -2.6459144e+01
  -3.4058137e+01
  -4.2069123e+01
  -5.0080109e+01
  -5.7679103e+01
  -6.4087892e+01
  -6.8757153e+01
  -7.1183337e+01
  -7.1137560e+01
  -6.8528267e+01
  -6.3492790e+01
  -5.6031128e+01
  -4.6692607e+01
  -3.5889220e+01
  -2.4673839e+01
  -1.4190890e+01
  -5.8136870e+00
  -7.7821000e-01
   2.7466200e-01
  -2.7466240e+00
  -9.0638590e+00
  -1.7303731e+01
  -2.5772487e+01
  -3.2730602e+01
  -3.7033646e+01
  -3.7949187e+01
  -3.5385672e+01
  -2.9755093e+01
  -2.1744106e+01
  -1.2359808e+01
  -2.6550700e+00
   6.3172350e+00
   1.3504234e+01
   1.7898833e+01
   1.8997482e+01
   1.6617075e+01
   1.1261158e+01
   3.9368280e+00
  -4.2114900e+00
  -1.1856260e+01
  -1.8036164e+01
  -2.2064546e+01
  -2.3895628e+01
  -2.3666743e+01
  -2.1744106e+01
  -1.8356603e+01
  -1.3824673e+01
  -8.2856490e+00
  -2.0599680e+00
   4.3030440e+00
   1.0299840e+01
   1.5060655e+01
   1.8081941e+01
   1.8951705e+01
   1.7761501e+01
   1.4877547e+01
   1.0849164e+01
   6.3630120e+00
   1.9684140e+00
  -1.7853050e+00
  -4.6234840e+00
  -5.9967960e+00
  -5.3101400e+00
  -2.2888530e+00
   3.4332800e+00
   1.1718928e+01
   2.1698329e+01
   3.2272831e+01
   4.1977569e+01
   4.9210345e+01
   5.3009842e+01
   5.2918288e+01
   4.9210345e+01
   4.2664225e+01
   3.4424354e+01
   2.5680934e+01
   1.7486839e+01
   1.0574502e+01
   5.6763570e+00
   2.9755090e+00
   2.7466240e+00
   4.8981460e+00
   9.0638590e+00
   1.4557107e+01
   2.0508125e+01
   2.5909819e+01
   2.9846646e+01
   3.1998169e+01
   3.2227054e+01
   3.1036850e+01
   2.8931105e+01
   2.6459144e+01
   2.3895628e+01
   2.1377889e+01
   1.8631266e+01
   1.5655757e+01
   1.2268254e+01
   8.6976430e+00
   5.2643620e+00
   2.3804080e+00
   3.6621700e-01
  -5.9510100e-01
  -4.1199400e-01
   8.6976500e-01
   3.2501720e+00
   6.6834520e+00
   1.1215381e+01
   1.6617075e+01
   2.2430762e+01
   2.7832456e+01
   3.1769283e+01
   3.3325703e+01
   3.1860838e+01
   2.7420462e+01
   2.0508126e+01
   1.2268254e+01
   4.1199360e+00
  -2.7466240e+00
  -7.1870000e+00
  -8.8349740e+00
  -7.5074380e+00
  -3.5248340e+00
   2.6092930e+00
   1.0345617e+01
   1.8768597e+01
   2.7054246e+01
   3.4241245e+01
   3.9093614e+01
   4.0787366e+01
   3.8818952e+01
   3.3279927e+01
   2.4765393e+01
   1.4419775e+01
   3.6621660e+00
  -6.1341270e+00
  -1.3824674e+01
  -1.8677042e+01
  -2.0370794e+01
  -1.8585488e+01
  -1.3687343e+01
  -5.9052410e+00
   4.1199360e+00
   1.5381094e+01
   2.6688029e+01
   3.6484322e+01
   4.3488213e+01
   4.6555276e+01
   4.5410849e+01
   4.0238041e+01
   3.1998169e+01
   2.2064545e+01
   1.1810483e+01
   2.6092930e+00
  -4.6692610e+00
  -9.2011900e+00
  -1.0666056e+01
  -8.9265280e+00
  -3.9368280e+00
   3.7994970e+00
   1.3641566e+01
   2.4307622e+01
   3.4378576e+01
   4.2435340e+01
   4.7058823e+01
   4.7608148e+01
   4.3991760e+01
   3.6758984e+01
   2.7054246e+01
   1.6113527e+01
   5.1270310e+00
  -4.7150380e+00
  -1.2588693e+01
  -1.7853056e+01
  -1.9958801e+01
  -1.8677043e+01
  -1.4053559e+01
  -6.4545670e+00
   3.1128410e+00
   1.3412680e+01
   2.2980087e+01
   3.0487526e+01
   3.4927901e+01
   3.5934997e+01
   3.3737698e+01
   2.9022659e+01
   2.2705425e+01
   1.5655756e+01
   8.6976420e+00
   2.2430760e+00
  -3.1586180e+00
  -7.2327760e+00
  -9.6589610e+00
  -1.0254062e+01
  -9.0638590e+00
  -6.3172350e+00
  -2.4261840e+00
   1.8768590e+00
   6.0425720e+00
   9.7047380e+00
   1.2817579e+01
   1.5426871e+01
   1.7624170e+01
   1.9546807e+01
   2.0920119e+01
   2.1332113e+01
   2.0279241e+01
   1.7441062e+01
   1.2817578e+01
   6.8207820e+00
   1.3733100e-01
  -6.3172350e+00
  -1.1718929e+01
  -1.5381094e+01
  -1.6983291e+01
  -1.6342413e+01
  -1.3504234e+01
  -8.5603110e+00
  -1.8310820e+00
   6.1799040e+00
   1.4557107e+01
   2.2201877e+01
   2.7740901e+01
   2.9892424e+01
   2.7695124e+01
   2.1103227e+01
   1.0666056e+01
  -2.2430760e+00
  -1.5747311e+01
  -2.8107118e+01
  -3.7537194e+01
  -4.3121996e+01
  -4.4220646e+01
  -4.1016251e+01
  -3.3966583e+01
  -2.4216067e+01
  -1.3046464e+01
  -1.9684140e+00
   7.1869990e+00
   1.3000686e+01
   1.4282444e+01
   1.0528725e+01
   2.0599680e+00
  -1.0070955e+01
  -2.4261845e+01
  -3.8727398e+01
  -5.1865415e+01
  -6.2302586e+01
  -6.9489585e+01
  -7.3014420e+01
  -7.3014420e+01
  -6.9855802e+01
  -6.3859007e+01
  -5.5756466e+01
  -4.6326391e+01
  -3.6621653e+01
  -2.7969787e+01
  -2.1515221e+01
  -1.8219273e+01
  -1.8493934e+01
  -2.2018769e+01
  -2.8107118e+01
  -3.5568780e+01
  -4.3167773e+01
  -4.9851225e+01
  -5.4612039e+01
  -5.6855116e+01
  -5.6122682e+01
  -5.2277409e+01
  -4.5181964e+01
  -3.5111010e+01
  -2.2705425e+01
  -8.9723050e+00
   4.6234840e+00
   1.6571297e+01
   2.5543603e+01
   3.0579080e+01
   3.1631952e+01
   2.9068437e+01
   2.3987182e+01
   1.7532616e+01
   1.0894941e+01
   5.0354770e+00
   6.8665600e-01
  -1.7853060e+00
  -2.1515230e+00
  -2.2888500e-01
   3.7994970e+00
   9.4300760e+00
   1.6113528e+01
   2.2934310e+01
   2.8839552e+01
   3.3142596e+01
   3.5294117e+01
   3.5477226e+01
   3.3920806e+01
   3.1311513e+01
   2.8198672e+01
   2.4948501e+01
   2.1606775e+01
   1.8127718e+01
   1.4373999e+01
   1.0391394e+01
   6.2714580e+00
   2.5177390e+00
  -5.9510200e-01
  -2.7008470e+00
  -3.5706110e+00
  -3.2043940e+00
  -1.5564200e+00
   1.3275350e+00
   5.4474710e+00
   1.0803387e+01
   1.7120623e+01
   2.3849851e+01
   2.9983978e+01
   3.4332799e+01
   3.5843442e+01
   3.3600366e+01
   2.7512016e+01
   1.8127718e+01
   6.7292280e+00
  -5.1270310e+00
  -1.5838864e+01
  -2.3895629e+01
  -2.8473335e+01
  -2.9068437e+01
  -2.5635157e+01
  -1.8585489e+01
  -8.6976420e+00
   3.0212860e+00
   1.5289540e+01
   2.6367590e+01
   3.4836347e+01
   3.9185168e+01
   3.8544289e+01
   3.2822156e+01
   2.2705425e+01
   9.5674060e+00
  -4.8065920e+00
  -1.8493935e+01
  -2.9800870e+01
  -3.7537194e+01
  -4.0878920e+01
  -3.9505608e+01
  -3.3646143e+01
  -2.3758297e+01
  -1.0803387e+01
   3.8452740e+00
   1.8493935e+01
   3.1311513e+01
   4.0695811e+01
   4.5456626e+01
   4.5227740e+01
   4.0421149e+01
   3.2181277e+01
   2.2018769e+01
   1.1535821e+01
   2.2430760e+00
  -4.8065920e+00
  -8.9265280e+00
  -9.7505150e+00
  -7.1412230e+00
  -1.4190890e+00
   7.0038910e+00
   1.7212177e+01
   2.8107118e+01
   3.8178073e+01
   4.6005951e+01
   5.0446326e+01
   5.0812543e+01
   4.7196155e+01
   4.0283818e+01
   3.1357290e+01
   2.1652553e+01
   1.2542916e+01
   5.0354770e+00
  -1.3733100e-01
  -2.3346310e+00
  -1.4648660e+00
   2.7466240e+00
   9.8420690e+00
   1.9317922e+01
   3.0029755e+01
   4.0695811e+01
   4.9805448e+01
   5.6168460e+01
   5.9006638e+01
   5.8274205e+01
   5.4337377e+01
   4.8157473e+01
   4.0695811e+01
   3.2959487e+01
   2.5543603e+01
   1.8951705e+01
   1.3458457e+01
   9.2927450e+00
   6.6376750e+00
   5.4932480e+00
   5.8594650e+00
   7.3243310e+00
   9.5216300e+00
   1.1764706e+01
   1.3504234e+01
   1.4373999e+01
   1.4511330e+01
   1.3916228e+01
   1.3000687e+01
   1.1902037e+01
   1.0437171e+01
   8.4687580e+00
   5.4932480e+00
   1.3733120e+00
  -3.7079420e+00
  -9.4300760e+00
  -1.4877546e+01
  -1.9272145e+01
  -2.2064546e+01
  -2.2980087e+01
  -2.2384985e+01
  -2.0828565e+01
  -1.9226368e+01
  -1.8265049e+01
  -1.8677043e+01
  -2.0645457e+01
  -2.4307622e+01
  -2.9571984e+01
  -3.6026550e+01
  -4.3213550e+01
  -5.0400549e+01
  -5.6717784e+01
  -6.1295491e+01
  -6.3401236e+01
  -6.2577249e+01
  -5.8777752e+01
  -5.2552071e+01
  -4.4586862e+01
  -3.5568780e+01
  -2.6230258e+01
  -1.6983292e+01
  -7.9652100e+00
   5.4932400e-01
   8.2856490e+00
   1.4648661e+01
   1.8905928e+01
   2.0416572e+01
   1.8814374e+01
   1.4282445e+01
   7.5989930e+00
  -9.1555000e-02
  -7.5074390e+00
  -1.3916228e+01
  -1.8951705e+01
  -2.2980087e+01
  -2.6962691e+01
  -3.1998169e+01
  -3.8864729e+01
  -4.7791256e+01
  -5.8503090e+01
  -6.9993133e+01
  -8.0979629e+01
  -9.0135043e+01
  -9.6223392e+01
  -9.8420691e+01
  -9.6498054e+01
  -9.0638590e+01
  -8.1803617e+01
  -7.1274891e+01
  -6.0791943e+01
  -5.2094301e+01
  -4.6692607e+01
  -4.5410849e+01
  -4.8340581e+01
  -5.4703594e+01
  -6.2897688e+01
  -7.1137560e+01
  -7.7592127e+01
  -8.0979630e+01
  -8.0613412e+01
  -7.6585031e+01
  -6.9398032e+01
  -5.9967956e+01
  -4.9256123e+01
  -3.8086519e+01
  -2.7374685e+01
  -1.7761502e+01
  -9.8420690e+00
  -4.0741590e+00
  -5.4932500e-01
   9.1554200e-01
   9.6131800e-01
   5.4932500e-01
   5.0354700e-01
   1.5564210e+00
   3.8910510e+00
   7.1412230e+00
   1.0620280e+01
   1.3458458e+01
   1.5014877e+01
   1.4969101e+01
   1.3321126e+01
   1.0528725e+01
   7.0954450e+00
   3.5706110e+00
   9.1554000e-02
  -2.9755090e+00
  -5.7221330e+00
  -7.8278780e+00
  -9.3385210e+00
  -9.8420700e+00
  -9.3385210e+00
  -7.9194330e+00
  -5.8136870e+00
  -3.4332800e+00
  -1.0528730e+00
   1.0070950e+00
   2.7466240e+00
   4.3945980e+00
   6.0883500e+00
   7.7363240e+00
   9.1096360e+00
   9.7962920e+00
   9.2011900e+00
   6.9123370e+00
   3.0212870e+00
  -2.1515220e+00
  -7.7821010e+00
  -1.3000687e+01
  -1.7029069e+01
  -1.9317922e+01
  -1.9592584e+01
  -1.8036164e+01
  -1.4740215e+01
  -1.0208286e+01
  -4.8065920e+00
   9.6131900e-01
   6.3630120e+00
   1.0666057e+01
   1.2954910e+01
   1.2680247e+01
   9.7047380e+00
   4.5777060e+00
  -1.8768600e+00
  -8.2856480e+00
  -1.3458457e+01
  -1.6617075e+01
  -1.7807279e+01
  -1.7669948e+01
  -1.7486839e+01
  -1.8585489e+01
  -2.2064546e+01
  -2.8473335e+01
  -3.7582971e+01
  -4.8432135e+01
  -5.9601740e+01
  -6.9443809e+01
  -7.6401922e+01
  -7.9240101e+01
  -7.7180132e+01
  -7.0130465e+01
  -5.8731975e+01
  -4.4174868e+01
  -2.8152895e+01
  -1.2634470e+01
   8.6976500e-01
   1.1398489e+01
   1.8677043e+01
   2.3483635e+01
   2.7008469e+01
   3.0533302e+01
   3.5156786e+01
   4.1153582e+01
   4.7928588e+01
   5.4520486e+01
   5.9372854e+01
   6.1432822e+01
   5.9967956e+01
   5.5115587e+01
   4.7562372e+01
   3.8406958e+01
   2.9114213e+01
   2.1011673e+01
   1.5381095e+01
   1.2954910e+01
   1.4557107e+01
   2.0279240e+01
   2.9892424e+01
   4.2618449e+01
   5.7129778e+01
   7.1686885e+01
   8.4504463e+01
   9.4071870e+01
   9.9382009e+01
   1.0020600e+02
   9.7093156e+01
   9.1004807e+01
   8.3176928e+01
   7.4982834e+01
   6.7200732e+01
   6.0608834e+01
   5.5756466e+01
   5.2826734e+01
   5.2094300e+01
   5.3467613e+01
   5.6763561e+01
   6.1524377e+01
   6.6971847e+01
   7.2419318e+01
   7.7134356e+01
   8.0704966e+01
   8.3085374e+01
   8.4367132e+01
   8.5008011e+01
   8.5099565e+01
   8.4687572e+01
   8.3543145e+01
   8.1300069e+01
   7.7729458e+01
   7.2877089e+01
   6.7154956e+01
   6.1158159e+01
   5.5710689e+01
   5.1590753e+01
   4.9256123e+01
   4.8935684e+01
   5.0766766e+01
   5.4428932e+01
   5.9784848e+01
   6.6422523e+01
   7.3655299e+01
   8.0704966e+01
   8.6610208e+01
   9.0135042e+01
   9.0455482e+01
   8.7159533e+01
   8.0613413e+01
   7.1686885e+01
   6.1890593e+01
   5.2918288e+01
   4.6189059e+01
   4.2572671e+01
   4.2389563e+01
   4.5227741e+01
   5.0308995e+01
   5.6763562e+01
   6.3492790e+01
   6.9626917e+01
   7.4341955e+01
   7.7088578e+01
   7.7409018e+01
   7.5165942e+01
   7.0725567e+01
   6.4591440e+01
   5.7862211e+01
   5.1407645e+01
   4.6326390e+01
   4.3167773e+01
   4.2114901e+01
   4.3076219e+01
   4.5731289e+01
   4.9713894e+01
   5.4795148e+01
   6.0929274e+01
   6.8024719e+01
   7.5761043e+01
   8.3634699e+01
   9.0775921e+01
   9.6086061e+01
   9.8741130e+01
   9.8100252e+01
   9.4209202e+01
   8.7571527e+01
   7.9056992e+01
   6.9764248e+01
   6.0791943e+01
   5.3101396e+01
   4.7379263e+01
   4.4357977e+01
   4.4312200e+01
   4.7516594e+01
   5.3696498e+01
   6.2348364e+01
   7.2144656e+01
   8.1712062e+01
   8.9402609e+01
   9.3842985e+01
   9.4117647e+01
   9.0089265e+01
   8.2307164e+01
   7.1778439e+01
   5.9876402e+01
   4.7882811e+01
   3.6987869e+01
   2.8107119e+01
   2.1835660e+01
   1.8768596e+01
   1.9043259e+01
   2.2659647e+01
   2.9114214e+01
   3.7537194e+01
   4.6555276e+01
   5.4932479e+01
   6.1249714e+01
   6.4774548e+01
   6.5323872e+01
   6.3172351e+01
   5.9052414e+01
   5.3925383e+01
   4.8569467e+01
   4.3625543e+01
   3.9368277e+01
   3.6026550e+01
   3.3783475e+01
   3.2684825e+01
   3.2867933e+01
   3.4287022e+01
   3.6758984e+01
   3.9826047e+01
   4.3213550e+01
   4.6463722e+01
   4.9439231e+01
   5.2140078e+01
   5.4703594e+01
   5.7221332e+01
   5.9693293e+01
   6.1799039e+01
   6.2897688e+01
   6.2256809e+01
   5.9601739e+01
   5.4703593e+01
   4.8157473e+01
   4.0650034e+01
   3.3279927e+01
   2.6871137e+01
   2.2110323e+01
   1.9409476e+01
   1.8768597e+01
   2.0141909e+01
   2.3254749e+01
   2.7786678e+01
   3.3234150e+01
   3.8910505e+01
   4.3900206e+01
   4.7196154e+01
   4.7882810e+01
   4.5502403e+01
   4.0146486e+01
   3.2410163e+01
   2.3575189e+01
   1.4877547e+01
   7.7363240e+00
   2.9755090e+00
   1.0986490e+00
   2.0141900e+00
   5.4932480e+00
   1.0849164e+01
   1.7578393e+01
   2.4719615e+01
   3.1540399e+01
   3.6987869e+01
   4.0100710e+01
   4.0100710e+01
   3.6667429e+01
   2.9983978e+01
   2.0782787e+01
   1.0299840e+01
  -1.3733100e-01
  -9.1554130e+00
  -1.5884642e+01
  -1.9638361e+01
  -2.0279240e+01
  -1.7944610e+01
  -1.2909132e+01
  -5.5848020e+00
   3.3875030e+00
   1.3229572e+01
   2.2934310e+01
   3.1128404e+01
   3.6804761e+01
   3.9139391e+01
   3.7766079e+01
   3.2913710e+01
   2.5314717e+01
   1.6159304e+01
   6.5003430e+00
  -2.6550700e+00
  -1.0482948e+01
  -1.6571298e+01
  -2.0416571e+01
  -2.1789883e+01
  -2.0370794e+01
  -1.6296635e+01
  -9.7962920e+00
  -1.7395280e+00
   6.8207830e+00
   1.4419775e+01
   1.9867246e+01
   2.2110323e+01
   2.0874342e+01
   1.6342412e+01
   9.2011900e+00
   5.4932500e-01
  -8.6976420e+00
  -1.7532616e+01
  -2.5177386e+01
  -3.0991073e+01
  -3.4470130e+01
  -3.5202564e+01
  -3.3188373e+01
  -2.8702221e+01
  -2.2384985e+01
  -1.5335317e+01
  -8.7891970e+00
  -3.7994960e+00
  -1.0528720e+00
  -6.8665600e-01
  -2.4719610e+00
  -5.6763560e+00
  -9.7047380e+00
  -1.4007782e+01
  -1.8127718e+01
  -2.2018768e+01
  -2.5635157e+01
  -2.8931105e+01
  -3.1815061e+01
  -3.4058137e+01
  -3.5523003e+01
  -3.6209659e+01
  -3.6163882e+01
  -3.5477226e+01
  -3.4332799e+01
  -3.2593271e+01
  -3.0167086e+01
  -2.6779583e+01
  -2.2430762e+01
  -1.7349508e+01
  -1.2451362e+01
  -8.6976420e+00
  -7.4616610e+00
  -9.5674060e+00
  -1.5564202e+01
  -2.5040055e+01
  -3.6850538e+01
  -4.9576562e+01
  -6.1432822e+01
  -7.0862898e+01
  -7.6539253e+01
  -7.7729457e+01
  -7.4158846e+01
  -6.6147860e+01
  -5.4337377e+01
  -4.0009156e+01
  -2.4811170e+01
  -1.0574503e+01
   7.3243300e-01
   7.6447700e+00
   9.2011900e+00
   5.3101400e+00
  -3.2043940e+00
  -1.4831769e+01
  -2.7740902e+01
  -4.0054933e+01
  -5.0263218e+01
  -5.7450218e+01
  -6.1020829e+01
  -6.0975051e+01
  -5.7633326e+01
  -5.1407645e+01
  -4.3213550e+01
  -3.4149691e+01
  -2.5497826e+01
  -1.8722820e+01
  -1.5197986e+01
  -1.5747311e+01
  -2.0737011e+01
  -2.9800870e+01
  -4.1840238e+01
  -5.5481803e+01
  -6.9260701e+01
  -8.1803617e+01
  -9.2057679e+01
  -9.9336233e+01
  -1.0318151e+02
  -1.0345617e+02
  -1.0020600e+02
  -9.3842984e+01
  -8.5282673e+01
  -7.5623712e+01
  -6.6605630e+01
  -5.9693293e+01
  -5.6351568e+01
  -5.7358663e+01
  -6.2806134e+01
  -7.2190432e+01
  -8.4275578e+01
  -9.7734035e+01
  -1.1110094e+02
  -1.2327764e+02
  -1.3307393e+02
  -1.3989471e+02
  -1.4305333e+02
  -1.4254978e+02
  -1.3838407e+02
  -1.3138018e+02
  -1.2259098e+02
  -1.1361868e+02
  -1.0606546e+02
  -1.0144198e+02
  -1.0043488e+02
  -1.0331884e+02
  -1.0945296e+02
  -1.1769284e+02
  -1.2684825e+02
  -1.3577478e+02
  -1.4346532e+02
  -1.4946212e+02
  -1.5353628e+02
  -1.5555047e+02
  -1.5559625e+02
  -1.5381094e+02
  -1.5042344e+02
  -1.4566262e+02
  -1.4003204e+02
  -1.3385214e+02
  -1.2739757e+02
  -1.2062257e+02
  -1.1348135e+02
  -1.0583658e+02
  -9.7734035e+01
  -8.9585718e+01
  -8.2261387e+01
  -7.6813916e+01
  -7.4341954e+01
  -7.5532158e+01
  -8.0384527e+01
  -8.7891966e+01
  -9.6635386e+01
  -1.0464637e+02
  -1.1009384e+02
  -1.1132982e+02
  -1.0757610e+02
  -9.8603799e+01
  -8.4824903e+01
  -6.7383840e+01
  -4.7470818e+01
  -2.6825360e+01
  -7.0038910e+00
   1.0162508e+01
   2.3392080e+01
   3.1540399e+01
