   3.6041190e-01
   3.6041190e-01
   3.6613272e-01
   3.8100686e-01
   4.0160182e-01
   4.2906179e-01
   4.6109838e-01
   4.9542335e-01
   5.2745994e-01
   5.5606407e-01
   5.7665903e-01
   5.8810068e-01
   5.8924485e-01
   5.8466819e-01
   5.7322654e-01
   5.5835239e-01
   5.4233408e-01
   5.2860413e-01
   5.1487415e-01
   5.0343249e-01
   4.9542335e-01
   4.8627002e-01
   4.7597252e-01
   4.6453089e-01
   4.5080091e-01
   4.3707095e-01
   4.2105262e-01
   4.0617848e-01
   3.9130436e-01
   3.7757437e-01
   3.6498855e-01
   3.5583522e-01
   3.4782608e-01
   3.4439359e-01
   3.4324941e-01
   3.4553776e-01
   3.5125860e-01
   3.6041190e-01
   3.7070939e-01
   3.7986270e-01
   3.8672770e-01
   3.8901600e-01
   3.8329519e-01
   3.7070937e-01
   3.5240276e-01
   3.3066364e-01
   3.1235698e-01
   2.9862699e-01
   2.9519450e-01
   3.0549197e-01
   3.2837528e-01
   3.6155606e-01
   4.0389017e-01
   4.4279174e-01
   4.7711669e-01
   4.9771167e-01
   5.0228833e-01
   4.8855837e-01
   4.5995422e-01
   4.1990846e-01
   3.7643019e-01
   3.3638445e-01
   3.0549200e-01
   2.8947369e-01
   2.9061783e-01
   3.0892449e-01
   3.3981694e-01
   3.7757437e-01
   4.1647597e-01
   4.4965675e-01
   4.7368420e-01
   4.8169334e-01
   4.7597252e-01
   4.5766589e-01
   4.2906179e-01
   3.9702517e-01
   3.6498855e-01
   3.3981694e-01
   3.2265447e-01
   3.1807779e-01
   3.2379861e-01
   3.3981694e-01
   3.6041190e-01
   3.8558354e-01
   4.0961099e-01
   4.3135011e-01
   4.4508010e-01
   4.5308924e-01
   4.5080091e-01
   4.4164758e-01
   4.2677346e-01
   4.0617848e-01
   3.8558351e-01
   3.6384439e-01
   3.4668192e-01
   3.3180777e-01
   3.2379861e-01
   3.2151031e-01
   3.2723112e-01
   3.3638443e-01
   3.5240274e-01
   3.6956521e-01
   3.8787184e-01
   4.0503431e-01
   4.1990846e-01
   4.3020595e-01
   4.3707093e-01
   4.3935928e-01
   4.3707095e-01
   4.3363844e-01
   4.2906179e-01
   4.2562930e-01
   4.2334097e-01
   4.2334095e-01
   4.2562930e-01
   4.2677346e-01
   4.2906179e-01
   4.2906179e-01
   4.2448511e-01
   4.1533181e-01
   4.0160182e-01
   3.8329521e-01
   3.6041190e-01
   3.3638443e-01
   3.1235698e-01
   2.9176202e-01
   2.7574371e-01
   2.6430205e-01
   2.5972540e-01
   2.6201373e-01
   2.6887873e-01
   2.7917620e-01
   2.9061785e-01
   3.0205948e-01
   3.1121281e-01
   3.1922198e-01
   3.2608696e-01
   3.3295194e-01
   3.3981692e-01
   3.5125860e-01
   3.6384439e-01
   3.8215103e-01
   4.0503434e-01
   4.3020595e-01
   4.5652173e-01
   4.8169337e-01
   5.0572084e-01
   5.2288329e-01
   5.3432494e-01
   5.3890160e-01
   5.3661327e-01
   5.2631578e-01
   5.0915330e-01
   4.8627002e-01
   4.5995424e-01
   4.3135011e-01
   4.0274599e-01
   3.7757435e-01
   3.5812358e-01
   3.4782608e-01
   3.4897025e-01
   3.5926774e-01
   3.8100686e-01
   4.0961097e-01
   4.4164758e-01
   4.7368420e-01
   5.0228833e-01
   5.2173912e-01
   5.2974827e-01
   5.2631578e-01
   5.1144163e-01
   4.8627002e-01
   4.5537756e-01
   4.2219681e-01
   3.8901600e-01
   3.6041190e-01
   3.3867275e-01
   3.2608696e-01
   3.2265447e-01
   3.2723112e-01
   3.3524029e-01
   3.4782608e-01
   3.6041190e-01
   3.6842104e-01
   3.7299770e-01
   3.7185356e-01
   3.6613272e-01
   3.5697939e-01
   3.4897025e-01
   3.4439359e-01
   3.4439359e-01
   3.5469106e-01
   3.7643019e-01
   4.0503431e-01
   4.4393593e-01
   4.8398169e-01
   5.2173912e-01
   5.5148741e-01
   5.6864989e-01
   5.6864989e-01
   5.5377574e-01
   5.2288329e-01
   4.8054920e-01
   4.3020595e-01
   3.8215103e-01
   3.3867275e-01
   3.0549197e-01
   2.8489701e-01
   2.7803203e-01
   2.8375285e-01
   2.9977118e-01
   3.2265447e-01
   3.4668192e-01
   3.7299772e-01
   3.9473684e-01
   4.1189932e-01
   4.2105262e-01
   4.2219678e-01
   4.1304348e-01
   3.9702517e-01
   3.7528602e-01
   3.5011441e-01
   3.2608696e-01
   3.0663616e-01
   2.9633867e-01
   2.9977116e-01
   3.1693363e-01
   3.4897027e-01
   3.9359268e-01
   4.4508010e-01
   4.9885584e-01
   5.4576657e-01
   5.8237984e-01
   6.0068648e-01
   6.0183064e-01
   5.8466819e-01
   5.5034325e-01
   5.0686498e-01
   4.5652173e-01
   4.0617848e-01
   3.6041188e-01
   3.2379863e-01
   2.9633867e-01
   2.8146452e-01
   2.7459954e-01
   2.7574371e-01
   2.8146452e-01
   2.9061785e-01
   3.0091535e-01
   3.0892449e-01
   3.1350114e-01
   3.1464530e-01
   3.1006865e-01
   3.0434781e-01
   2.9405034e-01
   2.8718536e-01
   2.8146452e-01
   2.8146452e-01
   2.9061785e-01
   3.1121281e-01
   3.4324943e-01
   3.8558351e-01
   4.3478260e-01
   4.9084667e-01
   5.4462241e-01
   5.9610983e-01
   6.3501145e-01
   6.6247139e-01
   6.7391304e-01
   6.6819223e-01
   6.4759724e-01
   6.1556062e-01
   5.7437070e-01
   5.2745996e-01
   4.8169337e-01
   4.4050342e-01
   4.0846683e-01
   3.8672768e-01
   3.7643021e-01
   3.8100686e-01
   3.9473682e-01
   4.1762013e-01
   4.4736842e-01
   4.7940501e-01
   5.0915330e-01
   5.3661327e-01
   5.5720823e-01
   5.6979405e-01
   5.7665903e-01
   5.7665903e-01
   5.7322654e-01
   5.6521740e-01
   5.5835242e-01
   5.5377574e-01
   5.5148741e-01
   5.5491990e-01
   5.6292905e-01
   5.7551486e-01
   5.8924482e-01
   6.0526316e-01
   6.1899314e-01
   6.2929061e-01
   6.3272312e-01
   6.2929061e-01
   6.1556065e-01
   5.9610983e-01
   5.7208238e-01
   5.4347825e-01
   5.1258582e-01
   4.8627002e-01
   4.6567506e-01
   4.5308924e-01
   4.5080091e-01
   4.5881008e-01
   4.7711671e-01
   5.0457668e-01
   5.3661327e-01
   5.7093821e-01
   6.0526316e-01
   6.3386728e-01
   6.5675057e-01
   6.7276888e-01
   6.8077802e-01
   6.7963386e-01
   6.7276885e-01
   6.5789473e-01
   6.3844394e-01
   6.1556062e-01
   5.8695652e-01
   5.5491990e-01
   5.2288329e-01
   4.8970253e-01
   4.5652175e-01
   4.2677346e-01
   4.0160182e-01
   3.8100686e-01
   3.6727691e-01
   3.5926774e-01
   3.5697941e-01
   3.5583525e-01
   3.5583525e-01
   3.5354692e-01
   3.4782608e-01
   3.3638445e-01
   3.2265444e-01
   3.0663616e-01
   2.8947369e-01
   2.7803203e-01
   2.7345536e-01
   2.7574371e-01
   2.8718534e-01
   3.0663616e-01
   3.2951945e-01
   3.5697941e-01
   3.8329519e-01
   4.0732266e-01
   4.2906179e-01
   4.4622426e-01
   4.6338673e-01
   4.7940504e-01
   4.9656749e-01
   5.1601831e-01
   5.3775743e-01
   5.6178491e-01
   5.8581233e-01
   6.0755148e-01
   6.2471395e-01
   6.3501145e-01
   6.3844394e-01
   6.3157893e-01
   6.1784897e-01
   5.9839818e-01
   5.7551489e-01
   5.5034323e-01
   5.2860413e-01
   5.1029749e-01
   4.9771165e-01
   4.9542335e-01
   5.0114416e-01
   5.1716247e-01
   5.4233411e-01
   5.7551486e-01
   6.1098400e-01
   6.4874140e-01
   6.8306635e-01
   7.0823796e-01
   7.2196797e-01
   7.2311210e-01
   7.1167047e-01
   6.9107551e-01
   6.6361557e-01
   6.3958810e-01
   6.2013730e-01
   6.1212813e-01
   6.1670479e-01
   6.3386726e-01
   6.6132725e-01
   6.9107551e-01
   7.2082380e-01
   7.4027458e-01
   7.4713958e-01
   7.3798627e-01
   7.1281464e-01
   6.7505720e-01
   6.2929061e-01
   5.8237987e-01
   5.4233408e-01
   5.1487412e-01
   5.0457665e-01
   5.1487415e-01
   5.4691076e-01
   5.9496566e-01
   6.5789473e-01
   7.2768878e-01
   7.9977116e-01
   8.6613272e-01
   9.2448511e-01
   9.6681920e-01
   9.9313500e-01
   1.0000000e+00
   9.9084667e-01
   9.6567503e-01
   9.2677344e-01
   8.7871851e-01
   8.2379861e-01
   7.6887870e-01
   7.1281464e-01
   6.6018306e-01
   6.1327230e-01
   5.7208238e-01
   5.4004576e-01
   5.1372998e-01
   4.9542335e-01
   4.8283753e-01
   4.7597252e-01
   4.7025171e-01
   4.6567506e-01
   4.6109840e-01
   4.5537756e-01
   4.4851259e-01
   4.4164758e-01
   4.3821512e-01
   4.3707093e-01
   4.4050344e-01
   4.5080091e-01
   4.6681922e-01
   4.8741418e-01
   5.0915333e-01
   5.2974827e-01
   5.4691076e-01
   5.5835239e-01
   5.6178488e-01
   5.5720823e-01
   5.4691076e-01
   5.3203662e-01
   5.1487415e-01
   4.9656751e-01
   4.8169337e-01
   4.6796338e-01
   4.5766592e-01
   4.5080091e-01
   4.4279177e-01
   4.3478260e-01
   4.2448511e-01
   4.1189932e-01
   3.9816933e-01
   3.8329519e-01
   3.6956523e-01
   3.5697941e-01
   3.4668192e-01
   3.3981692e-01
   3.3524026e-01
   3.3066364e-01
   3.2723112e-01
   3.2265447e-01
   3.1807782e-01
   3.1350114e-01
   3.0778032e-01
   3.0434783e-01
   3.0549200e-01
   3.1006865e-01
   3.1922196e-01
   3.3180777e-01
   3.5011441e-01
   3.7299770e-01
   3.9588101e-01
   4.2219678e-01
   4.4851256e-01
   4.7482839e-01
   5.0114416e-01
   5.2631578e-01
   5.5034325e-01
   5.6979405e-01
   5.8581236e-01
   5.9610983e-01
   6.0068650e-01
   5.9725399e-01
   5.8810066e-01
   5.7437070e-01
   5.5720823e-01
   5.4004576e-01
   5.2517161e-01
   5.1258582e-01
   5.0457665e-01
   5.0000000e-01
   4.9771167e-01
   4.9542335e-01
   4.9084667e-01
   4.8169337e-01
   4.7025171e-01
   4.5423340e-01
   4.3592677e-01
   4.1418764e-01
   3.9359268e-01
   3.7528605e-01
   3.6155606e-01
   3.5354690e-01
   3.5240274e-01
   3.6041190e-01
   3.7757435e-01
   4.0160182e-01
   4.3249428e-01
   4.6567506e-01
   5.0114416e-01
   5.3203662e-01
   5.5720823e-01
   5.7551486e-01
   5.8237984e-01
   5.7894735e-01
   5.6292907e-01
   5.3775743e-01
   5.0572082e-01
   4.7025171e-01
   4.3478260e-01
   3.9931350e-01
   3.7070937e-01
   3.5125857e-01
   3.3981694e-01
   3.3752861e-01
   3.4439359e-01
   3.6041190e-01
   3.8329519e-01
   4.1189929e-01
   4.4279177e-01
   4.7482839e-01
   5.0457665e-01
   5.3089245e-01
   5.5148741e-01
   5.6407323e-01
   5.6979405e-01
   5.6750572e-01
   5.5949656e-01
   5.4691074e-01
   5.3432494e-01
   5.2173912e-01
   5.1258582e-01
   5.0686498e-01
   5.0686498e-01
   5.1029749e-01
   5.1487415e-01
   5.1830663e-01
   5.1945080e-01
   5.1487412e-01
   5.0457665e-01
   4.8970251e-01
   4.7139590e-01
   4.5194507e-01
   4.3478260e-01
   4.2448511e-01
   4.1876429e-01
   4.2219678e-01
   4.3135011e-01
   4.4622423e-01
   4.6224257e-01
   4.7826085e-01
   4.8855837e-01
   4.9199086e-01
   4.8627002e-01
   4.7254004e-01
   4.5080091e-01
   4.2334095e-01
   3.9244849e-01
   3.5926774e-01
   3.2608696e-01
   2.9519450e-01
   2.6773454e-01
   2.4599544e-01
   2.2997711e-01
   2.2082380e-01
   2.1967962e-01
   2.2654462e-01
   2.4027460e-01
   2.5972540e-01
   2.8489701e-01
   3.1235698e-01
   3.3981694e-01
   3.6498855e-01
   3.8443935e-01
   3.9702517e-01
   4.0160182e-01
   3.9702517e-01
   3.8787187e-01
   3.7299770e-01
   3.5697941e-01
   3.4210527e-01
   3.3180780e-01
   3.2837528e-01
   3.2837528e-01
   3.3524026e-01
   3.4668192e-01
   3.5812358e-01
   3.6727688e-01
   3.7414188e-01
   3.7414188e-01
   3.6842104e-01
   3.5583525e-01
   3.3867275e-01
   3.1807779e-01
   2.9862699e-01
   2.8146452e-01
   2.7002287e-01
   2.6659040e-01
   2.7002287e-01
   2.8146455e-01
   2.9862702e-01
   3.1922196e-01
   3.3981692e-01
   3.6041190e-01
   3.7757437e-01
   3.9130436e-01
   4.0274599e-01
   4.1075515e-01
   4.1762013e-01
   4.2334097e-01
   4.2562927e-01
   4.2906179e-01
   4.2677344e-01
   4.2219678e-01
   4.1075513e-01
   3.9473684e-01
   3.7070937e-01
   3.3981694e-01
   3.0320365e-01
   2.6201373e-01
   2.1853548e-01
   1.7848969e-01
   1.4073226e-01
   1.0983981e-01
   8.8100684e-02
   7.4370702e-02
   7.3226538e-02
   8.3524031e-02
   1.0183067e-01
   1.3043477e-01
   1.6704806e-01
   2.0938215e-01
   2.5629291e-01
   3.0778032e-01
   3.6041190e-01
   4.1533181e-01
   4.6910755e-01
   5.1945080e-01
   5.6636156e-01
   6.0755148e-01
   6.4302059e-01
   6.6819223e-01
   6.8306635e-01
   6.8764300e-01
   6.7963386e-01
   6.6132722e-01
   6.3272312e-01
   5.9725399e-01
   5.5491990e-01
   5.1029749e-01
   4.6453087e-01
   4.1876429e-01
   3.7185353e-01
   3.2723112e-01
   2.8146452e-01
   2.3684211e-01
   1.9450803e-01
   1.5446224e-01
   1.1784897e-01
   9.0389010e-02
   6.9794049e-02
   5.8352393e-02
   5.7208230e-02
   6.6361560e-02
   8.3524031e-02
   1.0755151e-01
   1.3501142e-01
   1.6247139e-01
   1.9107551e-01
   2.1510299e-01
   2.3684209e-01
   2.5400458e-01
   2.6887873e-01
   2.8146455e-01
   2.9290618e-01
   3.0434783e-01
   3.1578949e-01
   3.2723112e-01
   3.3867278e-01
   3.5011441e-01
   3.6041190e-01
   3.6842107e-01
   3.7528602e-01
   3.7986267e-01
   3.8100686e-01
   3.7986270e-01
   3.7414186e-01
   3.6498855e-01
   3.5354692e-01
   3.4096108e-01
   3.2494280e-01
   3.1121281e-01
   2.9748286e-01
   2.8947369e-01
   2.8375287e-01
   2.8146452e-01
   2.8375285e-01
   2.8832950e-01
   2.9405034e-01
   2.9862699e-01
   3.0320365e-01
   3.0778032e-01
   3.1006865e-01
   3.1350116e-01
   3.1807782e-01
   3.2494277e-01
   3.3752861e-01
   3.5583525e-01
   3.7986270e-01
   4.0961099e-01
   4.4622426e-01
   4.8169337e-01
   5.1945080e-01
   5.5377574e-01
   5.8237987e-01
   6.0411899e-01
   6.1899314e-01
   6.2242563e-01
   6.1784897e-01
   6.0411899e-01
   5.8123571e-01
   5.5034325e-01
   5.1258582e-01
   4.7254006e-01
   4.2906179e-01
   3.8558351e-01
   3.4668192e-01
   3.1235698e-01
   2.8375285e-01
   2.6315789e-01
   2.4942791e-01
   2.3913044e-01
   2.3340962e-01
   2.2654464e-01
   2.1967962e-01
   2.0938215e-01
   1.9450800e-01
   1.7734553e-01
   1.5789473e-01
   1.3958810e-01
   1.2471398e-01
   1.1784897e-01
   1.2013730e-01
   1.3272312e-01
   1.5560641e-01
   1.8878719e-01
   2.2654462e-01
   2.6659040e-01
   3.0663616e-01
   3.4210524e-01
   3.6956521e-01
   3.8901603e-01
   4.0160182e-01
   4.0732264e-01
   4.0617848e-01
   4.0389015e-01
   4.0045766e-01
   3.9588101e-01
   3.9359268e-01
   3.9359268e-01
   3.9588101e-01
   4.0160182e-01
   4.0846680e-01
   4.2105262e-01
   4.3592677e-01
   4.5537756e-01
   4.8054918e-01
   5.0800914e-01
   5.3775743e-01
   5.6521740e-01
   5.9038901e-01
   6.0869564e-01
   6.1670481e-01
   6.1441646e-01
   6.0183067e-01
   5.8123568e-01
   5.5377574e-01
   5.2402745e-01
   4.9542335e-01
   4.7025171e-01
   4.4965675e-01
   4.3707093e-01
   4.3249428e-01
   4.3135011e-01
   4.3707093e-01
   4.4508007e-01
   4.5308924e-01
   4.5995422e-01
   4.6453089e-01
   4.6338673e-01
   4.5766589e-01
   4.4508010e-01
   4.2906176e-01
   4.0732264e-01
   3.8329519e-01
   3.6041190e-01
   3.3981694e-01
   3.2379863e-01
   3.1693365e-01
   3.1807779e-01
   3.2723112e-01
   3.4668192e-01
   3.7070937e-01
   3.9702517e-01
   4.2562927e-01
   4.4851259e-01
   4.6567503e-01
   4.7368420e-01
   4.7254006e-01
   4.6224254e-01
   4.4508010e-01
   4.2334097e-01
   3.9931350e-01
   3.7528605e-01
   3.5469109e-01
   3.3752859e-01
   3.2379863e-01
   3.1578947e-01
   3.0892449e-01
   3.0663614e-01
   3.0434783e-01
   3.0320365e-01
   3.0205951e-01
   2.9977116e-01
   2.9862699e-01
   2.9748286e-01
   2.9633867e-01
   2.9977118e-01
   3.0434783e-01
   3.1235698e-01
   3.2379863e-01
   3.3524029e-01
   3.5011441e-01
   3.6384439e-01
   3.7414186e-01
   3.8329519e-01
   3.8901603e-01
   3.9244852e-01
   3.9244849e-01
   3.9130433e-01
   3.8901603e-01
   3.8558351e-01
   3.8443938e-01
   3.8443935e-01
   3.8558351e-01
   3.8672768e-01
   3.8672768e-01
   3.8329519e-01
   3.7528602e-01
   3.6155606e-01
   3.4439359e-01
   3.2151031e-01
   2.9862702e-01
   2.7688787e-01
   2.5858124e-01
   2.4485125e-01
   2.3569795e-01
   2.3226546e-01
   2.2997711e-01
   2.2997711e-01
   2.2768878e-01
   2.2082378e-01
   2.1052631e-01
   1.9679633e-01
   1.8077802e-01
   1.6590390e-01
   1.5446224e-01
   1.4988559e-01
   1.5446224e-01
   1.7048055e-01
   1.9679633e-01
   2.3112130e-01
   2.7231122e-01
   3.1464533e-01
   3.5240276e-01
   3.8443938e-01
   4.0274599e-01
   4.0732264e-01
   3.9931350e-01
   3.7986270e-01
   3.5240274e-01
   3.2036612e-01
   2.8947366e-01
   2.6659040e-01
   2.5286042e-01
   2.5286040e-01
   2.6544621e-01
   2.8832953e-01
   3.1922196e-01
   3.5583525e-01
   3.9130433e-01
   4.2334097e-01
   4.4851259e-01
   4.6910755e-01
   4.8169337e-01
   4.9199086e-01
   4.9999998e-01
   5.0800914e-01
   5.1716247e-01
   5.2974827e-01
   5.4576660e-01
   5.6292905e-01
   5.8123568e-01
   5.9954231e-01
   6.1556065e-01
   6.2700230e-01
   6.3501145e-01
   6.3844394e-01
   6.3729977e-01
   6.3043477e-01
   6.1784895e-01
   5.9954231e-01
   5.7551489e-01
   5.4691074e-01
   5.1487415e-01
   4.7940504e-01
   4.4164761e-01
   4.0274599e-01
   3.6613272e-01
   3.2951945e-01
   2.9748283e-01
   2.6659040e-01
   2.4027460e-01
   2.1853548e-01
   1.9908468e-01
   1.8421051e-01
   1.7505720e-01
   1.7048055e-01
   1.7276888e-01
   1.7963388e-01
   1.9450800e-01
   2.1395880e-01
   2.3684211e-01
   2.6315789e-01
   2.8947369e-01
   3.1464530e-01
   3.3409613e-01
   3.4897025e-01
   3.5697939e-01
   3.5697941e-01
   3.5011443e-01
   3.3524026e-01
   3.1464533e-01
   2.8832953e-01
   2.5972540e-01
   2.2883295e-01
   1.9794049e-01
   1.7048055e-01
   1.4759724e-01
   1.3043479e-01
   1.2013730e-01
   1.1556065e-01
   1.2128146e-01
   1.3043477e-01
   1.4645308e-01
   1.6590387e-01
   1.8535470e-01
   2.0594966e-01
   2.2654462e-01
   2.4599542e-01
   2.6201373e-01
   2.7688787e-01
   2.9061785e-01
   3.0320365e-01
   3.1350114e-01
   3.2151031e-01
   3.2608693e-01
   3.2951945e-01
   3.2951945e-01
   3.2379863e-01
   3.1807779e-01
   3.1006865e-01
   3.0091532e-01
   2.9405034e-01
   2.8832950e-01
   2.8375285e-01
   2.8146455e-01
   2.7803203e-01
   2.7574371e-01
   2.7116703e-01
   2.6430208e-01
   2.5629291e-01
   2.4599544e-01
   2.3569795e-01
   2.2768878e-01
   2.2082380e-01
   2.1624715e-01
   2.1624715e-01
   2.1967964e-01
   2.2654462e-01
   2.3569792e-01
   2.4485128e-01
   2.5286042e-01
   2.5972540e-01
   2.6430205e-01
   2.6887870e-01
   2.7116705e-01
   2.7574371e-01
   2.7917620e-01
   2.8718536e-01
   2.9977116e-01
   3.1578947e-01
   3.3638445e-01
   3.5812358e-01
   3.8215105e-01
   4.0389015e-01
   4.2334095e-01
   4.3592679e-01
   4.3935928e-01
   4.3249428e-01
   4.1533181e-01
   3.8901600e-01
   3.5583525e-01
   3.1922196e-01
   2.8375285e-01
   2.6086956e-01
   2.5057209e-01
   2.6430205e-01
   2.9862699e-01
   3.5926771e-01
   4.3821509e-01
   5.3089245e-01
   6.2356979e-01
   7.0938212e-01
   7.7345536e-01
   8.1006863e-01
   8.1350111e-01
   7.8489701e-01
   7.2883295e-01
   6.5102975e-01
   5.6636156e-01
   4.8169337e-01
   4.0846683e-01
   3.5354690e-01
   3.1807782e-01
   3.0434781e-01
   3.0549200e-01
   3.1922196e-01
   3.3752861e-01
   3.5583522e-01
   3.7185356e-01
   3.8329519e-01
   3.9016019e-01
   3.9359268e-01
   3.9588101e-01
   3.9702517e-01
   4.0045766e-01
   4.0389017e-01
   4.0846680e-01
   4.1533181e-01
   4.2448511e-01
   4.3478260e-01
   4.4736842e-01
   4.6338673e-01
   4.8283753e-01
   5.0457665e-01
   5.2860413e-01
   5.5377574e-01
   5.7894735e-01
   6.0068648e-01
   6.2013728e-01
   6.3501145e-01
   6.4416475e-01
   6.4874140e-01
   6.4988559e-01
   6.4645310e-01
   6.4073226e-01
   6.3501142e-01
   6.2700228e-01
   6.1670479e-01
   6.0297483e-01
   5.8581236e-01
   5.6636156e-01
   5.4118992e-01
   5.1258582e-01
   4.8054920e-01
   4.5080091e-01
   4.2562927e-01
   4.0732266e-01
   3.9702517e-01
   3.9702517e-01
   4.0961097e-01
   4.3478260e-01
   4.6567506e-01
   5.0343249e-01
   5.4118992e-01
   5.7437070e-01
   6.0183067e-01
   6.1784897e-01
   6.2128146e-01
   6.1327230e-01
   5.9153317e-01
   5.6064072e-01
   5.2288329e-01
   4.8283753e-01
   4.4050344e-01
   4.0389015e-01
   3.6956523e-01
   3.4324943e-01
   3.2379863e-01
   3.1121281e-01
   3.0434781e-01
   3.0205951e-01
   3.0320365e-01
   3.0663616e-01
   3.0778032e-01
   3.0892449e-01
   3.0892449e-01
   3.0892449e-01
   3.0778032e-01
   3.1006865e-01
   3.1464530e-01
   3.2379861e-01
   3.3867275e-01
   3.5583525e-01
   3.7414186e-01
   3.8901600e-01
   4.0045766e-01
   4.0389015e-01
   4.0045766e-01
   3.8787187e-01
   3.6956521e-01
   3.4782608e-01
   3.2608696e-01
   3.0549200e-01
   2.9290618e-01
   2.8832953e-01
   2.9290615e-01
   3.0434781e-01
   3.2265444e-01
   3.4439359e-01
   3.6613272e-01
   3.8672768e-01
   4.0389015e-01
   4.1418764e-01
   4.2105265e-01
   4.2219678e-01
   4.2105262e-01
   4.1762013e-01
   4.1533181e-01
   4.1533181e-01
   4.2219681e-01
   4.3478260e-01
   4.5652173e-01
   4.8627002e-01
   5.2402748e-01
   5.6521737e-01
   6.0983981e-01
   6.5102975e-01
   6.8535470e-01
   7.1052631e-01
   7.2082380e-01
   7.1739129e-01
   7.0137301e-01
   6.7276888e-01
   6.3729977e-01
   5.9725399e-01
   5.5835239e-01
   5.2173912e-01
   4.9084667e-01
   4.6681922e-01
   4.4851259e-01
   4.3478260e-01
   4.2562927e-01
   4.1533181e-01
   4.0503431e-01
   3.9244852e-01
   3.7757437e-01
   3.5926774e-01
   3.3981692e-01
   3.1922196e-01
   3.0205951e-01
   2.8832953e-01
   2.8146452e-01
   2.8146452e-01
   2.9290618e-01
   3.1464530e-01
   3.4668192e-01
   3.8787187e-01
   4.3821512e-01
   4.9313500e-01
   5.4919906e-01
   6.0297483e-01
   6.4874140e-01
   6.8421053e-01
   7.0709380e-01
   7.1510296e-01
   7.1052631e-01
   6.9450800e-01
   6.7048053e-01
   6.4187640e-01
   6.1327232e-01
   5.8924485e-01
   5.7208238e-01
   5.6292905e-01
   5.6064074e-01
   5.6407323e-01
   5.7208238e-01
   5.8009152e-01
   5.8810068e-01
   5.9496569e-01
   5.9954231e-01
   6.0297483e-01
   6.0640732e-01
   6.1212816e-01
   6.1899311e-01
   6.2814644e-01
   6.3844394e-01
   6.4988559e-01
   6.6132722e-01
   6.7276888e-01
   6.8192218e-01
   6.9336384e-01
   7.0366131e-01
   7.1739129e-01
   7.3340962e-01
   7.5171623e-01
   7.7002287e-01
   7.8718534e-01
   8.0205948e-01
   8.1006863e-01
   8.1350111e-01
   8.1121279e-01
   8.0320365e-01
   7.9061783e-01
   7.7459952e-01
   7.5972540e-01
   7.4256293e-01
   7.2540043e-01
   7.0938215e-01
   6.9221968e-01
   6.7505720e-01
   6.5903890e-01
   6.4187642e-01
   6.2700228e-01
   6.1670481e-01
   6.1098397e-01
   6.1212813e-01
   6.2128146e-01
   6.3844394e-01
   6.5903890e-01
   6.8192218e-01
   7.0480547e-01
   7.2540046e-01
   7.4027458e-01
   7.4942791e-01
   7.5057207e-01
   7.4599542e-01
   7.3569792e-01
   7.1967962e-01
   7.0022882e-01
   6.7963386e-01
   6.5903890e-01
   6.3958807e-01
   6.2013730e-01
   6.0411897e-01
   5.9038901e-01
   5.7894735e-01
   5.6979405e-01
   5.6292907e-01
   5.5491990e-01
   5.4919906e-01
   5.4347827e-01
   5.4004578e-01
   5.3661327e-01
   5.3432494e-01
   5.3432494e-01
   5.3546911e-01
   5.3546911e-01
   5.3775743e-01
   5.3661327e-01
   5.3546911e-01
   5.3203659e-01
   5.2631580e-01
   5.2059496e-01
   5.1601831e-01
   5.1372998e-01
   5.1601828e-01
   5.2288329e-01
   5.3318078e-01
   5.4462241e-01
   5.5720823e-01
   5.6636153e-01
   5.6979402e-01
   5.6521740e-01
   5.5263158e-01
   5.3432494e-01
   5.1029749e-01
   4.8627002e-01
   4.6453089e-01
   4.4851259e-01
   4.3935926e-01
   4.4050344e-01
   4.4736842e-01
   4.6224254e-01
   4.8054920e-01
   5.0114416e-01
   5.2173912e-01
   5.4118992e-01
   5.5835242e-01
   5.7437070e-01
   5.8810068e-01
   5.9839818e-01
   6.0640732e-01
   6.0983981e-01
   6.0983981e-01
   6.0411899e-01
   5.9267734e-01
   5.7665905e-01
   5.5491990e-01
   5.3089245e-01
   5.0915330e-01
   4.8741418e-01
   4.7368420e-01
   4.6910755e-01
   4.7368420e-01
   4.8627004e-01
   5.0457668e-01
   5.2631580e-01
   5.4919909e-01
   5.6864989e-01
   5.7894738e-01
   5.8352401e-01
   5.7894738e-01
   5.6636156e-01
   5.5148739e-01
   5.3203662e-01
   5.1258582e-01
   4.9542332e-01
   4.8169337e-01
   4.7254006e-01
   4.6453087e-01
   4.6109838e-01
   4.6109840e-01
   4.6109840e-01
   4.6338673e-01
   4.6681922e-01
   4.7254004e-01
   4.7826088e-01
   4.8512585e-01
   4.9199083e-01
   4.9656751e-01
   4.9999998e-01
   4.9771167e-01
   4.9084667e-01
   4.8054920e-01
   4.6681922e-01
   4.5194507e-01
   4.3821509e-01
   4.2791762e-01
   4.2334095e-01
   4.2219678e-01
   4.2677344e-01
   4.3249428e-01
   4.3821509e-01
   4.4164761e-01
   4.4050342e-01
   4.3478263e-01
   4.2562927e-01
   4.1304348e-01
   4.0045766e-01
   3.9130436e-01
   3.8558351e-01
   3.8787187e-01
   3.9702517e-01
   4.1189929e-01
   4.3020595e-01
   4.5080091e-01
   4.6796338e-01
   4.8398169e-01
   4.9542335e-01
   5.0228833e-01
   5.0572082e-01
   5.0457665e-01
   5.0114416e-01
   4.9542335e-01
   4.8855834e-01
   4.7940501e-01
   4.6681922e-01
   4.5308924e-01
   4.3821509e-01
   4.2105262e-01
   4.0732266e-01
   3.9473684e-01
   3.8558351e-01
   3.8100686e-01
   3.7986270e-01
   3.8100686e-01
   3.8443935e-01
   3.8672768e-01
   3.8787187e-01
   3.8787184e-01
   3.8443935e-01
   3.7871854e-01
   3.7185356e-01
   3.6727688e-01
   3.6270023e-01
   3.6270023e-01
   3.6613272e-01
   3.7299772e-01
   3.8329519e-01
   3.9816933e-01
   4.1418764e-01
   4.3020595e-01
   4.4508010e-01
   4.5766589e-01
   4.6453089e-01
   4.6567503e-01
   4.5766589e-01
   4.4393591e-01
   4.2448514e-01
   4.0045766e-01
   3.7643021e-01
   3.5583522e-01
   3.4096108e-01
   3.3524026e-01
   3.4096108e-01
   3.5697941e-01
   3.8215103e-01
   4.1304348e-01
   4.4508010e-01
   4.7597252e-01
   5.0000000e-01
   5.1601831e-01
   5.2173912e-01
   5.1601831e-01
   5.0457665e-01
   4.8855834e-01
   4.6910755e-01
   4.5080091e-01
   4.3592677e-01
   4.2791762e-01
   4.2448511e-01
   4.2791762e-01
   4.3592677e-01
   4.4736842e-01
   4.5995424e-01
   4.7254004e-01
   4.8398169e-01
   4.9084670e-01
   4.9313500e-01
   4.9199086e-01
   4.8741418e-01
   4.8054920e-01
   4.7482836e-01
   4.7025171e-01
   4.7254004e-01
   4.7940501e-01
   4.9542335e-01
   5.1830663e-01
   5.4919909e-01
   5.8466819e-01
   6.2128146e-01
   6.5903887e-01
   6.9107551e-01
   7.1739129e-01
   7.3340962e-01
   7.4141874e-01
   7.3913044e-01
   7.2883295e-01
   7.0938212e-01
   6.8535467e-01
   6.5331808e-01
   6.1556062e-01
   5.7437070e-01
   5.2860410e-01
   4.8054918e-01
   4.2906179e-01
   3.7986270e-01
   3.3066361e-01
   2.8718536e-01
   2.4828374e-01
   2.1510299e-01
   1.8649886e-01
   1.6361555e-01
   1.4645310e-01
   1.3043479e-01
   1.2013730e-01
   1.0983981e-01
   1.0526316e-01
   1.0755151e-01
   1.1784897e-01
   1.3958810e-01
   1.7391304e-01
   2.1967964e-01
   2.7917620e-01
   3.4553776e-01
   4.1647597e-01
   4.8627002e-01
   5.4691074e-01
   5.9267734e-01
   6.2128146e-01
   6.3157896e-01
   6.2356979e-01
   5.9954231e-01
   5.6636156e-01
   5.3089245e-01
   4.9771165e-01
   4.7368420e-01
   4.5881008e-01
   4.5881005e-01
   4.6796338e-01
   4.8741418e-01
   5.1029749e-01
   5.3203662e-01
   5.4805490e-01
   5.5606407e-01
   5.5148739e-01
   5.3546911e-01
   5.0915333e-01
   4.7482836e-01
   4.3363844e-01
   3.9130433e-01
   3.4897025e-01
   3.1006865e-01
   2.7459954e-01
   2.4485125e-01
   2.1967964e-01
   2.0137301e-01
   1.8993135e-01
   1.8649886e-01
   1.9107554e-01
   2.0709382e-01
   2.3226543e-01
   2.7002289e-01
   3.2151031e-01
   3.8443935e-01
   4.5881005e-01
   5.3890160e-01
   6.2128146e-01
   7.0137301e-01
   7.6887870e-01
   8.2151028e-01
   8.5240274e-01
   8.5926774e-01
   8.4210524e-01
   8.0320365e-01
   7.4599542e-01
   6.8192218e-01
   6.1556065e-01
   5.5720823e-01
   5.1029747e-01
   4.8169337e-01
   4.7254006e-01
   4.7940504e-01
   5.0000000e-01
   5.2860410e-01
   5.5949656e-01
   5.8810068e-01
   6.0755148e-01
   6.1670481e-01
   6.1441649e-01
   6.0183067e-01
   5.8123571e-01
   5.5491990e-01
   5.2631578e-01
   5.0000000e-01
   4.7940504e-01
   4.6224257e-01
   4.5308924e-01
   4.4965675e-01
   4.5080091e-01
   4.5537756e-01
   4.6109840e-01
   4.6567503e-01
   4.6910755e-01
   4.6681922e-01
   4.6109840e-01
   4.5194507e-01
   4.4050342e-01
   4.2906179e-01
   4.1762013e-01
   4.1075513e-01
   4.0846680e-01
   4.1189929e-01
   4.1990846e-01
   4.3135011e-01
   4.4508010e-01
   4.5995424e-01
   4.7139587e-01
   4.8169337e-01
   4.8855834e-01
   4.9084667e-01
   4.9199083e-01
   4.9084667e-01
   4.9084667e-01
   4.9084667e-01
   4.9427918e-01
   4.9885584e-01
   5.0343249e-01
   5.0800914e-01
   5.1144166e-01
   5.0915330e-01
   5.0114414e-01
   4.8627002e-01
   4.6453089e-01
   4.3707093e-01
   4.0503434e-01
   3.7299772e-01
   3.3867275e-01
   3.0892449e-01
   2.8146455e-01
   2.5858124e-01
   2.4370709e-01
   2.3569792e-01
   2.3340960e-01
   2.3798625e-01
   2.4828374e-01
   2.6315789e-01
   2.8146455e-01
   3.0091532e-01
   3.2151031e-01
   3.4324943e-01
   3.6270020e-01
   3.8215103e-01
   4.0045766e-01
   4.1762013e-01
   4.3249428e-01
   4.4622426e-01
   4.5537756e-01
   4.6109838e-01
   4.6224257e-01
   4.5766589e-01
   4.4965675e-01
   4.3707093e-01
   4.2334095e-01
   4.0846683e-01
   3.9588101e-01
   3.8672770e-01
   3.8215103e-01
   3.8329519e-01
   3.8672768e-01
   3.9130436e-01
   3.9588101e-01
   3.9588101e-01
   3.8787184e-01
   3.7414188e-01
   3.4897025e-01
   3.1464530e-01
   2.7688787e-01
   2.3340960e-01
   1.9336384e-01
   1.5675057e-01
   1.2929061e-01
   1.1441649e-01
   1.1327232e-01
   1.2700228e-01
   1.5560641e-01
   1.9565219e-01
   2.4599542e-01
   3.0205951e-01
   3.6041190e-01
   4.1876432e-01
   4.7139587e-01
   5.1716247e-01
   5.5377574e-01
   5.8123571e-01
   6.0068648e-01
   6.1212813e-01
   6.1899314e-01
   6.1784897e-01
   6.1441649e-01
   6.0869564e-01
   6.0183067e-01
   5.9267734e-01
   5.8466819e-01
   5.7437073e-01
   5.6407321e-01
   5.5377574e-01
   5.4233411e-01
   5.3089245e-01
   5.1830663e-01
   5.0572082e-01
   4.9427916e-01
   4.8398169e-01
   4.7254004e-01
   4.6224257e-01
   4.4965675e-01
   4.3478260e-01
   4.1533181e-01
   3.8901600e-01
   3.5697939e-01
   3.1807782e-01
   2.7574371e-01
   2.2997711e-01
   1.8421053e-01
   1.4302061e-01
   1.0983981e-01
   8.5812358e-02
   7.3226538e-02
   7.0938212e-02
   7.8947379e-02
   9.1533173e-02
   1.0755148e-01
   1.2242563e-01
   1.3501145e-01
   1.4302059e-01
   1.4645310e-01
   1.4530894e-01
   1.4302059e-01
   1.3729977e-01
   1.3043479e-01
   1.2471398e-01
   1.1670481e-01
   1.0755148e-01
   9.4965687e-02
   8.1235705e-02
   6.5217397e-02
   4.9199088e-02
   3.4324943e-02
   1.9450798e-02
   9.1533298e-03
   2.2883512e-03
   0.0000000e+00
   2.2883262e-03
   6.8650036e-03
   1.3729982e-02
   2.2883287e-02
   3.4324943e-02
   4.9199088e-02
   6.8649886e-02
   8.9244847e-02
   1.1670481e-01
   1.4874140e-01
   1.8306637e-01
   2.1967962e-01
   2.5400456e-01
   2.8375285e-01
   3.0434781e-01
   3.1235698e-01
   3.0892449e-01
   2.9290618e-01
   2.6887873e-01
   2.3798627e-01
   2.0938215e-01
   1.8535467e-01
   1.7162472e-01
   1.6933639e-01
   1.7963388e-01
   2.0251714e-01
   2.3340960e-01
   2.6773457e-01
   3.0091532e-01
   3.2951945e-01
   3.4897025e-01
   3.5812358e-01
   3.5697941e-01
   3.4668192e-01
   3.3180777e-01
   3.1464530e-01
   3.0205951e-01
   2.9519450e-01
   2.9862699e-01
   3.1235698e-01
   3.3409613e-01
   3.6384439e-01
   3.9359268e-01
   4.2219678e-01
   4.4279174e-01
   4.5423340e-01
   4.5308926e-01
   4.3821512e-01
   4.1304348e-01
   3.7986270e-01
   3.4210527e-01
   3.0205948e-01
   2.6659038e-01
   2.3798625e-01
   2.1967964e-01
   2.1167047e-01
   2.1510296e-01
   2.2768878e-01
   2.4599544e-01
   2.6773457e-01
   2.8832953e-01
   3.0320367e-01
   3.1121281e-01
   3.1006865e-01
   2.9862699e-01
   2.7917620e-01
   2.5400458e-01
   2.2540046e-01
   2.0022884e-01
   1.7963386e-01
   1.6819223e-01
   1.6819220e-01
   1.7848969e-01
   1.9908468e-01
   2.2654462e-01
   2.5972540e-01
   2.9290618e-01
   3.2494280e-01
   3.5240274e-01
   3.7414188e-01
   3.8901600e-01
   3.9702517e-01
   3.9931350e-01
   3.9473684e-01
   3.8901603e-01
   3.7871851e-01
   3.6842104e-01
   3.5583525e-01
   3.4324941e-01
   3.3180777e-01
   3.2265447e-01
   3.1350114e-01
   3.0892449e-01
   3.0663614e-01
   3.0663616e-01
   3.1121281e-01
   3.1693363e-01
   3.2608696e-01
   3.3409613e-01
   3.4096110e-01
   3.4553776e-01
   3.4668192e-01
   3.4439359e-01
   3.3638445e-01
   3.2608696e-01
   3.1464533e-01
   3.0549200e-01
   2.9862702e-01
   2.9519450e-01
   2.9633867e-01
   3.0091535e-01
   3.0892449e-01
   3.1578947e-01
   3.2265447e-01
   3.2723112e-01
   3.2951945e-01
   3.3180777e-01
   3.3295194e-01
   3.3409610e-01
   3.3867278e-01
   3.4668192e-01
   3.5354690e-01
   3.6041190e-01
   3.6384439e-01
   3.6270020e-01
   3.5469109e-01
   3.4096110e-01
   3.2265447e-01
   3.0434781e-01
   2.8718534e-01
   2.7688787e-01
   2.7459954e-01
   2.8032036e-01
   2.9290618e-01
   3.0663616e-01
   3.1922196e-01
   3.2723112e-01
   3.2837528e-01
   3.2036612e-01
   3.0663616e-01
   2.9061785e-01
   2.7574371e-01
   2.7002289e-01
   2.7231122e-01
   2.8718534e-01
   3.1235698e-01
   3.4553776e-01
   3.8215103e-01
   4.1533181e-01
   4.4164761e-01
   4.5881008e-01
   4.6567506e-01
   4.5995424e-01
   4.4508010e-01
   4.2677344e-01
   4.0846683e-01
   3.9359268e-01
   3.8443935e-01
   3.8443938e-01
   3.9130433e-01
   4.0503431e-01
   4.2448511e-01
   4.4508010e-01
   4.6567506e-01
   4.8283753e-01
   4.9427916e-01
   4.9999998e-01
   4.9771167e-01
   4.8970251e-01
   4.7711671e-01
   4.6224257e-01
   4.4508010e-01
   4.3135011e-01
   4.2219678e-01
   4.1876429e-01
   4.2105262e-01
   4.3020593e-01
   4.4508007e-01
   4.6224254e-01
   4.8169337e-01
   5.0000000e-01
   5.1487412e-01
   5.2631578e-01
   5.3089245e-01
   5.2860413e-01
   5.2059496e-01
   5.0800914e-01
   4.9084667e-01
   4.7025171e-01
   4.5080089e-01
   4.3135011e-01
   4.1533181e-01
   4.0160185e-01
   3.9016017e-01
   3.8215103e-01
   3.7528605e-01
   3.7185353e-01
   3.6727688e-01
   3.6498855e-01
   3.6384439e-01
   3.6498855e-01
   3.6842104e-01
   3.7414188e-01
   3.7986270e-01
   3.8787184e-01
   3.9359268e-01
   3.9816933e-01
   3.9931350e-01
   3.9931350e-01
   3.9473684e-01
   3.9016017e-01
   3.8672768e-01
   3.8558351e-01
   3.8901603e-01
   3.9702517e-01
   4.0846683e-01
   4.2448511e-01
   4.4164758e-01
   4.5652175e-01
   4.6910755e-01
   4.7711669e-01
   4.7826088e-01
   4.7597252e-01
   4.6910755e-01
   4.6109838e-01
   4.5537756e-01
   4.5080091e-01
   4.4851259e-01
   4.5080091e-01
   4.5308924e-01
   4.5766589e-01
   4.5995422e-01
   4.5881008e-01
   4.5537756e-01
   4.4508007e-01
   4.3020593e-01
   4.1075515e-01
   3.8672768e-01
   3.6155606e-01
   3.3524026e-01
   3.1121281e-01
   2.9061783e-01
   2.7574371e-01
   2.7002289e-01
   2.7002287e-01
   2.7917620e-01
   2.9290618e-01
   3.1350114e-01
   3.3295194e-01
   3.5240274e-01
   3.6727688e-01
   3.7528602e-01
   3.7528602e-01
   3.6842104e-01
   3.5697941e-01
   3.4439359e-01
   3.3295194e-01
   3.2723112e-01
   3.2608696e-01
   3.3409610e-01
   3.4897025e-01
   3.6956521e-01
   3.9244852e-01
   4.1533181e-01
   4.3478260e-01
   4.4965675e-01
   4.5995422e-01
   4.6567506e-01
   4.6567506e-01
   4.6453089e-01
   4.6224254e-01
   4.5652175e-01
   4.5194507e-01
   4.4279174e-01
   4.3249428e-01
   4.1647597e-01
   3.9816933e-01
   3.7871851e-01
   3.5812358e-01
   3.3638445e-01
   3.2036614e-01
   3.0778030e-01
   3.0320365e-01
   3.0205951e-01
   3.0778032e-01
   3.1578947e-01
   3.2379863e-01
   3.2951945e-01
   3.3295194e-01
   3.3066361e-01
   3.2265444e-01
   3.1350114e-01
   3.0091535e-01
   2.9061785e-01
   2.8146452e-01
   2.7917620e-01
   2.8032036e-01
   2.8832950e-01
   2.9977116e-01
   3.1350114e-01
   3.2837528e-01
   3.4324943e-01
   3.5697941e-01
   3.6956521e-01
   3.8215103e-01
   3.9473684e-01
   4.1075515e-01
   4.2791762e-01
   4.4965675e-01
   4.7254006e-01
   4.9656749e-01
   5.1601831e-01
   5.3203662e-01
   5.3890160e-01
   5.3775743e-01
   5.2745996e-01
   5.0915333e-01
   4.8855834e-01
   4.7139587e-01
   4.5995422e-01
   4.6109840e-01
   4.7368422e-01
   5.0000000e-01
   5.3546911e-01
   5.7780319e-01
   6.2013730e-01
   6.6018306e-01
   6.9450800e-01
   7.1739129e-01
   7.3340960e-01
   7.4141876e-01
   7.4599542e-01
   7.4942791e-01
   7.5171623e-01
   7.5629291e-01
   7.6201373e-01
   7.6887873e-01
   7.7231119e-01
   7.7231119e-01
   7.6659038e-01
   7.5400456e-01
   7.3798625e-01
   7.1853545e-01
   7.0022884e-01
   6.8535467e-01
   6.7620137e-01
   6.7505720e-01
   6.8421053e-01
   7.0137301e-01
   7.2654462e-01
   7.5514875e-01
   7.8375285e-01
   8.0892446e-01
   8.2951942e-01
   8.3752861e-01
   8.3638443e-01
   8.2151031e-01
   7.9862699e-01
   7.6773457e-01
   7.3340962e-01
   7.0251717e-01
   6.7620137e-01
   6.5675057e-01
   6.4759726e-01
   6.4759724e-01
   6.5560638e-01
   6.6819223e-01
   6.8192218e-01
   6.9336384e-01
   7.0251717e-01
   7.0709380e-01
   7.1052631e-01
   7.1167047e-01
   7.1510296e-01
   7.1967962e-01
   7.2997711e-01
   7.4599542e-01
   7.6544621e-01
   7.9061785e-01
   8.1807779e-01
   8.4782608e-01
   8.7528602e-01
   9.0045764e-01
   9.2334095e-01
   9.3935926e-01
   9.5080091e-01
   9.5652173e-01
   9.5537756e-01
   9.4851256e-01
   9.3592677e-01
   9.1990846e-01
   8.9816931e-01
   8.7643019e-01
   8.5240274e-01
   8.2837528e-01
   8.0663614e-01
   7.8718534e-01
   7.7002287e-01
   7.5629288e-01
   7.4599542e-01
   7.4027458e-01
   7.3798627e-01
   7.3798627e-01
   7.4256293e-01
   7.4942791e-01
   7.5858124e-01
   7.7002287e-01
   7.8146452e-01
   7.9290618e-01
   8.0205948e-01
   8.0892446e-01
   8.1235698e-01
   8.1350114e-01
   8.1235695e-01
   8.0778030e-01
   8.0205948e-01
   7.9519450e-01
   7.8718534e-01
   7.7917620e-01
   7.7002287e-01
   7.6201370e-01
   7.5286040e-01
   7.4370709e-01
   7.3340960e-01
   7.2196797e-01
   7.0823798e-01
   6.9450800e-01
   6.8077802e-01
   6.6475971e-01
   6.5102975e-01
   6.3844394e-01
   6.2814644e-01
   6.2013730e-01
   6.1441649e-01
   6.1098397e-01
   6.0640732e-01
   6.0068648e-01
   5.9038901e-01
   5.7780322e-01
   5.5949656e-01
   5.3775743e-01
   5.1487415e-01
   4.9313502e-01
   4.7482836e-01
   4.6224257e-01
   4.6109840e-01
   4.6681922e-01
   4.8283753e-01
   5.0572082e-01
   5.3318078e-01
   5.5949656e-01
   5.8237984e-01
   5.9725399e-01
   6.0297483e-01
   5.9839818e-01
   5.8352401e-01
   5.6064072e-01
   5.3203659e-01
   5.0000000e-01
   4.7139587e-01
   4.4622426e-01
   4.3020593e-01
   4.2219678e-01
   4.2448511e-01
   4.3592677e-01
   4.5537756e-01
   4.8054920e-01
   5.0686498e-01
   5.3432494e-01
   5.5949658e-01
   5.7665903e-01
   5.9038901e-01
   5.9610983e-01
   5.9610983e-01
   5.9038901e-01
   5.8466817e-01
   5.8009152e-01
   5.7780319e-01
   5.8009154e-01
   5.8924482e-01
   6.0411897e-01
   6.2242560e-01
   6.4187642e-01
   6.5789473e-01
   6.6933639e-01
   6.7276888e-01
   6.6704806e-01
   6.5217389e-01
   6.3043477e-01
   6.0526316e-01
   5.8123568e-01
   5.5949656e-01
   5.4347825e-01
   5.3775743e-01
   5.4004576e-01
   5.4919906e-01
   5.6636153e-01
   5.8581236e-01
   6.0640732e-01
   6.2585812e-01
   6.4187642e-01
   6.5331806e-01
   6.5903890e-01
   6.6018306e-01
   6.5560641e-01
   6.4988559e-01
   6.4187642e-01
   6.3272309e-01
   6.2585812e-01
   6.1899314e-01
   6.1441649e-01
   6.1098397e-01
   6.0983981e-01
   6.0869564e-01
   6.0869564e-01
   6.0869564e-01
   6.0640732e-01
   6.0297483e-01
   5.9725401e-01
   5.9038901e-01
   5.8123568e-01
   5.7093821e-01
   5.5835239e-01
   5.4347827e-01
   5.2745996e-01
   5.1029747e-01
   4.8970251e-01
   4.6796338e-01
   4.4622423e-01
   4.2334097e-01
   4.0160182e-01
   3.8329519e-01
   3.6956523e-01
   3.6155606e-01
   3.6155606e-01
   3.6956523e-01
   3.8215103e-01
   4.0160182e-01
   4.2677346e-01
   4.5194507e-01
   4.7826085e-01
   5.0343249e-01
   5.2288329e-01
   5.3890160e-01
   5.4691074e-01
   5.4919906e-01
   5.4347827e-01
   5.3089243e-01
   5.1144163e-01
   4.8627002e-01
   4.5881005e-01
   4.3135011e-01
   4.0503431e-01
   3.8215103e-01
   3.6613272e-01
   3.5812358e-01
   3.5697939e-01
   3.6041188e-01
   3.6842104e-01
   3.7643019e-01
   3.8100686e-01
   3.7871854e-01
   3.6956521e-01
   3.5125857e-01
   3.2494280e-01
   2.9405034e-01
   2.6430205e-01
   2.3913044e-01
   2.2196797e-01
   2.1624713e-01
   2.2196797e-01
   2.4256293e-01
   2.7231122e-01
   3.0892449e-01
   3.5125857e-01
   3.9130433e-01
   4.2906179e-01
   4.5995422e-01
   4.8283750e-01
   5.0000000e-01
   5.0800914e-01
   5.0915333e-01
   5.0572082e-01
   5.0000000e-01
   4.9313502e-01
   4.8855837e-01
   4.8741418e-01
   4.9084667e-01
   5.0114416e-01
   5.1487415e-01
   5.3203662e-01
   5.5034325e-01
   5.6636156e-01
   5.7551486e-01
   5.7780319e-01
   5.6864989e-01
   5.5034323e-01
   5.2173912e-01
   4.8855834e-01
   4.5423343e-01
   4.2334095e-01
   3.9816933e-01
   3.8329519e-01
   3.7986270e-01
   3.8901603e-01
   4.0846680e-01
   4.3478260e-01
   4.6681922e-01
   5.0228833e-01
   5.3318078e-01
   5.6178491e-01
   5.8581236e-01
   6.0297483e-01
   6.1327230e-01
   6.2128144e-01
   6.2471395e-01
   6.2585812e-01
   6.2929061e-01
   6.3157896e-01
   6.3501142e-01
   6.3958810e-01
   6.4302059e-01
   6.4530891e-01
   6.4302059e-01
   6.3615558e-01
   6.2585812e-01
   6.1212813e-01
   5.9610985e-01
   5.8009152e-01
   5.6407321e-01
   5.5034325e-01
   5.4004576e-01
   5.3318075e-01
   5.3089245e-01
   5.2974829e-01
   5.3089243e-01
   5.2974827e-01
   5.2860410e-01
   5.2402748e-01
   5.1830663e-01
   5.1029747e-01
   5.0343249e-01
   4.9885584e-01
   4.9771167e-01
   5.0343249e-01
   5.1372998e-01
   5.3089245e-01
   5.5263158e-01
   5.7894735e-01
   6.0526316e-01
   6.2929061e-01
   6.4874140e-01
   6.6247139e-01
   6.7162472e-01
   6.7391304e-01
   6.7162472e-01
   6.6590390e-01
   6.5789473e-01
   6.5217392e-01
   6.4759726e-01
   6.4874140e-01
   6.5217389e-01
   6.6132722e-01
   6.7391302e-01
   6.9107549e-01
   7.0823798e-01
   7.2654459e-01
   7.4256290e-01
   7.5514872e-01
   7.6201373e-01
   7.6201373e-01
   7.5629291e-01
   7.4256293e-01
   7.2082378e-01
   6.9107549e-01
   6.5675057e-01
   6.1899314e-01
   5.7894738e-01
   5.4118992e-01
   5.0572082e-01
   4.7597252e-01
   4.5194507e-01
   4.3478260e-01
   4.2677346e-01
   4.2562930e-01
   4.3249428e-01
   4.4393591e-01
   4.6109840e-01
   4.8054920e-01
   5.0114416e-01
   5.2288329e-01
   5.4233408e-01
   5.5835239e-01
   5.6979405e-01
   5.7665903e-01
   5.7894735e-01
   5.7665903e-01
   5.6864989e-01
   5.5835242e-01
   5.4462241e-01
   5.3089243e-01
   5.1945080e-01
   5.1029747e-01
   5.0343249e-01
   5.0457665e-01
   5.1029747e-01
   5.2173912e-01
   5.3661327e-01
   5.5491990e-01
   5.7665903e-01
   5.9839818e-01
   6.1784895e-01
   6.3615558e-01
   6.5102973e-01
   6.6132722e-01
   6.6361555e-01
   6.5789471e-01
   6.4416475e-01
   6.2242563e-01
   5.9267734e-01
   5.5835239e-01
   5.2059496e-01
   4.8398169e-01
   4.5080091e-01
   4.2334097e-01
   4.0617848e-01
   3.9588101e-01
   3.9588101e-01
   4.0045766e-01
   4.1075515e-01
   4.2219678e-01
   4.3249428e-01
   4.3821509e-01
   4.3821509e-01
   4.3249428e-01
   4.2105262e-01
   4.0617848e-01
   3.8901603e-01
   3.7414188e-01
   3.6384439e-01
   3.5926774e-01
   3.6270023e-01
   3.7528605e-01
   3.9359266e-01
   4.1990846e-01
   4.4622426e-01
   4.7482836e-01
   4.9885584e-01
   5.1487412e-01
   5.2288331e-01
   5.1716247e-01
   4.9885584e-01
   4.7025171e-01
   4.2906179e-01
   3.8100686e-01
   3.3066361e-01
   2.7803203e-01
   2.2997713e-01
   1.8764302e-01
   1.5331808e-01
   1.2814644e-01
   1.1327230e-01
   1.0869567e-01
   1.1212813e-01
   1.2471398e-01
   1.4302059e-01
   1.6704804e-01
   1.9221968e-01
   2.1853548e-01
   2.4485125e-01
   2.6887873e-01
   2.8947369e-01
   3.0549200e-01
   3.1693363e-01
   3.2265447e-01
   3.2608696e-01
   3.2265447e-01
   3.1578947e-01
   3.1006865e-01
   3.0434783e-01
   3.0091535e-01
   3.0320367e-01
   3.1121281e-01
   3.2494277e-01
   3.4553776e-01
   3.7070937e-01
   3.9702517e-01
   4.2448514e-01
   4.4851259e-01
   4.6681922e-01
   4.7711669e-01
   4.8054920e-01
   4.7254004e-01
   4.5423340e-01
   4.2906176e-01
   3.9816933e-01
   3.6155606e-01
   3.2151028e-01
   2.8260869e-01
   2.4370709e-01
   2.0823798e-01
   1.7848972e-01
   1.5675057e-01
   1.4302059e-01
   1.3844394e-01
   1.4416475e-01
   1.5789473e-01
   1.8192218e-01
   2.0938215e-01
   2.4027460e-01
   2.7002289e-01
   2.9748283e-01
   3.1922196e-01
   3.3524029e-01
   3.4439359e-01
   3.4782608e-01
   3.4668192e-01
   3.4439359e-01
   3.3981692e-01
   3.3524026e-01
   3.2951945e-01
   3.2608696e-01
