   1.0000000e+00
   8.7074235e-01
   6.8515283e-01
   4.7641921e-01
   2.7947598e-01
   1.2445414e-01
   3.0131009e-02
   0.0000000e+00
   2.5764193e-02
   8.9519646e-02
   1.6986899e-01
   2.4803493e-01
   3.1091703e-01
   3.5196506e-01
   3.7205240e-01
   3.7554585e-01
   3.6768558e-01
   3.5589520e-01
   3.4366812e-01
   3.3362445e-01
   3.2707423e-01
   3.2445415e-01
   3.2532751e-01
   3.2925764e-01
   3.3493449e-01
   3.4017467e-01
   3.4541485e-01
   3.4890829e-01
   3.5021834e-01
   3.5021833e-01
   3.4978166e-01
   3.5021834e-01
   3.5283843e-01
   3.5633187e-01
   3.6113538e-01
   3.6550218e-01
   3.6768559e-01
   3.6768558e-01
   3.6506550e-01
   3.6026201e-01
   3.5414848e-01
   3.4759826e-01
   3.4061136e-01
   3.3362445e-01
   3.2794759e-01
   3.2445415e-01
   3.2358079e-01
   3.2663756e-01
   3.3275109e-01
   3.4323144e-01
   3.5633188e-01
   3.6899564e-01
   3.8078602e-01
   3.8820960e-01
   3.9213974e-01
   3.9257642e-01
   3.9082969e-01
   3.8820960e-01
   3.8558952e-01
   3.8340611e-01
   3.8165939e-01
   3.7903930e-01
   3.7641922e-01
   3.7292576e-01
   3.6943231e-01
   3.6724891e-01
   3.6506550e-01
   3.6331878e-01
   3.6113538e-01
   3.5764192e-01
   3.5196506e-01
   3.4497817e-01
   3.3755459e-01
   3.3187773e-01
   3.2969432e-01
   3.3231441e-01
   3.3842795e-01
   3.4847161e-01
   3.5982532e-01
   3.7030568e-01
   3.7860262e-01
   3.8427948e-01
   3.8602620e-01
   3.8384280e-01
   3.7816594e-01
   3.6855895e-01
   3.5633187e-01
   3.4323144e-01
   3.3056769e-01
   3.2096069e-01
   3.1703056e-01
   3.2008733e-01
   3.2882095e-01
   3.4323144e-01
   3.5982533e-01
   3.7598253e-01
   3.8908296e-01
   3.9868995e-01
   4.0436681e-01
   4.0655022e-01
   4.0742358e-01
   4.0742358e-01
   4.0655022e-01
   4.0567685e-01
   4.0524017e-01
   4.0436681e-01
   4.0349345e-01
   4.0349345e-01
   4.0480349e-01
   4.0698690e-01
   4.1004367e-01
   4.1179039e-01
   4.1266375e-01
   4.1222707e-01
   4.1091703e-01
   4.0960698e-01
   4.1004367e-01
   4.1310043e-01
   4.1834061e-01
   4.2620087e-01
   4.3406113e-01
   4.4192140e-01
   4.4759826e-01
   4.5152838e-01
   4.5371179e-01
   4.5458516e-01
   4.5371179e-01
   4.5021834e-01
   4.4497816e-01
   4.3711790e-01
   4.2663755e-01
   4.1528384e-01
   4.0393012e-01
   3.9475983e-01
   3.8908296e-01
   3.8733624e-01
   3.8908297e-01
   3.9170306e-01
   3.9563319e-01
   3.9825327e-01
   4.0000000e-01
   4.0000000e-01
   4.0087336e-01
   4.0174673e-01
   4.0436681e-01
   4.0655022e-01
   4.0960699e-01
   4.1179039e-01
   4.1441048e-01
   4.1659389e-01
   4.1877729e-01
   4.2183405e-01
   4.2489083e-01
   4.2663755e-01
   4.2576419e-01
   4.2183406e-01
   4.1441048e-01
   4.0480349e-01
   3.9388646e-01
   3.8340611e-01
   3.7554585e-01
   3.7030568e-01
   3.6681222e-01
   3.6506550e-01
   3.6375546e-01
   3.6157206e-01
   3.6026200e-01
   3.5938864e-01
   3.5895196e-01
   3.6069870e-01
   3.6331877e-01
   3.6637555e-01
   3.6986899e-01
   3.7248908e-01
   3.7379912e-01
   3.7467249e-01
   3.7554584e-01
   3.7554584e-01
   3.7510916e-01
   3.7248908e-01
   3.6812227e-01
   3.6113538e-01
   3.5240174e-01
   3.4366812e-01
   3.3668122e-01
   3.3362446e-01
   3.3449781e-01
   3.3973799e-01
   3.4759826e-01
   3.5676856e-01
   3.6506550e-01
   3.7117903e-01
   3.7510916e-01
   3.7685590e-01
   3.7641922e-01
   3.7423580e-01
   3.6943231e-01
   3.6331878e-01
   3.5589519e-01
   3.4759825e-01
   3.4104804e-01
   3.3624454e-01
   3.3537118e-01
   3.3886463e-01
   3.4585153e-01
   3.5502184e-01
   3.6419214e-01
   3.7248909e-01
   3.7772925e-01
   3.8122270e-01
   3.8078602e-01
   3.7903930e-01
   3.7510917e-01
   3.6855896e-01
   3.5982533e-01
   3.4934498e-01
   3.3711790e-01
   3.2620087e-01
   3.1746725e-01
   3.1222707e-01
   3.1179039e-01
   3.1572052e-01
   3.2314411e-01
   3.3100437e-01
   3.3799127e-01
   3.4366812e-01
   3.4716157e-01
   3.4934497e-01
   3.5021833e-01
   3.5109170e-01
   3.5152838e-01
   3.5196506e-01
   3.5196506e-01
   3.5196506e-01
   3.5327512e-01
   3.5676855e-01
   3.6244542e-01
   3.7117904e-01
   3.8253275e-01
   3.9388646e-01
   4.0524017e-01
   4.1441047e-01
   4.2139737e-01
   4.2663755e-01
   4.3100437e-01
   4.3537118e-01
   4.4017468e-01
   4.4628821e-01
   4.5152838e-01
   4.5633188e-01
   4.5938864e-01
   4.6026201e-01
   4.6026200e-01
   4.5895196e-01
   4.5676856e-01
   4.5327510e-01
   4.4803494e-01
   4.4017467e-01
   4.2969432e-01
   4.1790393e-01
   4.0524017e-01
   3.9432314e-01
   3.8602621e-01
   3.8122270e-01
   3.7903930e-01
   3.7903930e-01
   3.7860262e-01
   3.7860262e-01
   3.7641922e-01
   3.7379912e-01
   3.7074235e-01
   3.6812227e-01
   3.6637554e-01
   3.6419214e-01
   3.6157205e-01
   3.5764192e-01
   3.5327511e-01
   3.4890830e-01
   3.4497817e-01
   3.4323144e-01
   3.4366812e-01
   3.4672489e-01
   3.5065502e-01
   3.5545852e-01
   3.5938864e-01
   3.6288210e-01
   3.6506550e-01
   3.6637554e-01
   3.6681222e-01
   3.6724891e-01
   3.6550218e-01
   3.6244541e-01
   3.5720524e-01
   3.5152838e-01
   3.4628821e-01
   3.4279475e-01
   3.4366811e-01
   3.4847161e-01
   3.5720524e-01
   3.6812227e-01
   3.7903930e-01
   3.8820960e-01
   3.9519651e-01
   3.9912663e-01
   4.0087336e-01
   4.0087336e-01
   3.9912664e-01
   3.9606986e-01
   3.9126637e-01
   3.8471616e-01
   3.7598253e-01
   3.6681222e-01
   3.5764192e-01
   3.5065502e-01
   3.4541485e-01
   3.4323144e-01
   3.4192140e-01
   3.4235807e-01
   3.4235808e-01
   3.4323144e-01
   3.4366812e-01
   3.4541485e-01
   3.4759825e-01
   3.5021834e-01
   3.5196506e-01
   3.5152838e-01
   3.4847162e-01
   3.4192140e-01
   3.3275109e-01
   3.2314411e-01
   3.1441049e-01
   3.0786026e-01
   3.0393013e-01
   3.0218340e-01
   3.0131004e-01
   3.0174673e-01
   3.0262009e-01
   3.0393013e-01
   3.0655023e-01
   3.1135371e-01
   3.1790393e-01
   3.2532751e-01
   3.3318777e-01
   3.4061135e-01
   3.4585153e-01
   3.4934498e-01
   3.5283843e-01
   3.5502183e-01
   3.5851528e-01
   3.6288210e-01
   3.6637554e-01
   3.6986899e-01
   3.7161572e-01
   3.7161572e-01
   3.6986899e-01
   3.6768558e-01
   3.6550218e-01
   3.6288210e-01
   3.6069869e-01
   3.5938865e-01
   3.5807860e-01
   3.5720524e-01
   3.5807860e-01
   3.6200873e-01
   3.6855895e-01
   3.7860262e-01
   3.8951965e-01
   4.0043668e-01
   4.0917031e-01
   4.1353711e-01
   4.1310043e-01
   4.1004367e-01
   4.0436680e-01
   3.9956333e-01
   3.9650654e-01
   3.9606987e-01
   3.9868995e-01
   4.0305676e-01
   4.0829694e-01
   4.1397380e-01
   4.2008734e-01
   4.2576419e-01
   4.3187773e-01
   4.3711790e-01
   4.4148471e-01
   4.4323144e-01
   4.4279475e-01
   4.3930132e-01
   4.3406113e-01
   4.2794759e-01
   4.2183406e-01
   4.1615721e-01
   4.1135370e-01
   4.0611353e-01
   4.0043668e-01
   3.9432314e-01
   3.8733624e-01
   3.8078602e-01
   3.7598253e-01
   3.7336244e-01
   3.7248908e-01
   3.7336245e-01
   3.7379912e-01
   3.7292576e-01
   3.7117904e-01
   3.6724890e-01
   3.6244542e-01
   3.5764192e-01
   3.5327512e-01
   3.4934498e-01
   3.4454148e-01
   3.3930131e-01
   3.3275109e-01
   3.2489082e-01
   3.1703056e-01
   3.0960699e-01
   3.0305676e-01
   2.9868996e-01
   2.9519651e-01
   2.9213974e-01
   2.8820961e-01
   2.8340612e-01
   2.7729258e-01
   2.7117904e-01
   2.6593886e-01
   2.6244541e-01
   2.6069869e-01
   2.6026201e-01
   2.5982533e-01
   2.6026201e-01
   2.6069869e-01
   2.6157205e-01
   2.6419214e-01
   2.6768559e-01
   2.7423581e-01
   2.8165939e-01
   2.8951964e-01
   2.9694322e-01
   3.0349344e-01
   3.0829694e-01
   3.1179039e-01
   3.1397380e-01
   3.1397380e-01
   3.1135371e-01
   3.0524017e-01
   2.9432314e-01
   2.7991266e-01
   2.6113537e-01
   2.4061135e-01
   2.2183407e-01
   2.0655022e-01
   1.9606987e-01
   1.9126638e-01
   1.9082970e-01
   1.9432314e-01
   2.0000000e-01
   2.0698690e-01
   2.1572052e-01
   2.2489083e-01
   2.3449782e-01
   2.4366812e-01
   2.5152838e-01
   2.5676856e-01
   2.5851528e-01
   2.5764192e-01
   2.5502184e-01
   2.5196507e-01
   2.5021834e-01
   2.5065502e-01
   2.5414847e-01
   2.5938864e-01
   2.6550218e-01
   2.7117904e-01
   2.7685589e-01
   2.8122271e-01
   2.8427948e-01
   2.8689956e-01
   2.8777292e-01
   2.8689956e-01
   2.8427948e-01
   2.7947598e-01
   2.7336244e-01
   2.6768559e-01
   2.6331878e-01
   2.6200874e-01
   2.6506550e-01
   2.7074236e-01
   2.7860262e-01
   2.8602620e-01
   2.9257642e-01
   2.9650654e-01
   2.9912664e-01
   3.0043668e-01
   3.0043668e-01
   3.0043669e-01
   3.0000000e-01
   2.9912664e-01
   2.9737991e-01
   2.9563318e-01
   2.9388646e-01
   2.9388647e-01
   2.9606987e-01
   3.0043668e-01
   3.0655022e-01
   3.1266375e-01
   3.1790393e-01
   3.2008734e-01
   3.2008733e-01
   3.1746725e-01
   3.1310043e-01
   3.0917030e-01
   3.0524017e-01
   3.0218340e-01
   3.0000000e-01
   2.9694323e-01
   2.9432314e-01
   2.9257642e-01
   2.9082970e-01
   2.9082970e-01
   2.9213974e-01
   2.9388646e-01
   2.9563318e-01
   2.9563319e-01
   2.9388646e-01
   2.9039301e-01
   2.8602620e-01
   2.8209607e-01
   2.8034934e-01
   2.8078602e-01
   2.8340612e-01
   2.8689956e-01
   2.8995632e-01
   2.9170306e-01
   2.9170306e-01
   2.9082970e-01
   2.8908296e-01
   2.8777293e-01
   2.8646288e-01
   2.8646289e-01
   2.8558952e-01
   2.8558952e-01
   2.8515284e-01
   2.8602621e-01
   2.8777293e-01
   2.9126638e-01
   2.9650655e-01
   3.0218341e-01
   3.0655022e-01
   3.0873363e-01
   3.0873363e-01
   3.0567685e-01
   3.0131005e-01
   2.9694323e-01
   2.9344978e-01
   2.9126638e-01
   2.9082970e-01
   2.9082970e-01
   2.9039300e-01
   2.9039301e-01
   2.8951965e-01
   2.8951965e-01
   2.9126638e-01
   2.9432314e-01
   2.9825327e-01
   3.0305677e-01
   3.0698690e-01
   3.0917031e-01
   3.1048035e-01
   3.1048035e-01
   3.0917030e-01
   3.0873363e-01
   3.0829695e-01
   3.0655023e-01
   3.0349345e-01
   2.9956332e-01
   2.9344978e-01
   2.8689956e-01
   2.8165939e-01
   2.7903930e-01
   2.7860262e-01
   2.8034935e-01
   2.8384280e-01
   2.8689956e-01
   2.8864628e-01
   2.8864629e-01
   2.8689956e-01
   2.8515284e-01
   2.8296943e-01
   2.8165938e-01
   2.8165938e-01
   2.8165939e-01
   2.8253274e-01
   2.8427947e-01
   2.8689956e-01
   2.9170306e-01
   2.9868996e-01
   3.0873362e-01
   3.1965065e-01
   3.3013101e-01
   3.3886463e-01
   3.4454148e-01
   3.4716157e-01
   3.4759825e-01
   3.4672490e-01
   3.4628822e-01
   3.4716157e-01
   3.4890829e-01
   3.5021834e-01
   3.5196506e-01
   3.5109170e-01
   3.4934497e-01
   3.4585153e-01
   3.4235808e-01
   3.3930131e-01
   3.3624454e-01
   3.3406114e-01
   3.3231441e-01
   3.3100437e-01
   3.3144105e-01
   3.3362446e-01
   3.3886463e-01
   3.4716157e-01
   3.5807860e-01
   3.6986900e-01
   3.8078602e-01
   3.8820961e-01
   3.9213974e-01
   3.9213974e-01
   3.8908296e-01
   3.8427948e-01
   3.7903930e-01
   3.7467249e-01
   3.7074236e-01
   3.6768559e-01
   3.6419214e-01
   3.5982532e-01
   3.5589519e-01
   3.5240174e-01
   3.5109170e-01
   3.5065502e-01
   3.5196506e-01
   3.5371179e-01
   3.5589519e-01
   3.5851528e-01
   3.6157206e-01
   3.6550219e-01
   3.7117904e-01
   3.7772926e-01
   3.8558952e-01
   3.9257642e-01
   3.9737991e-01
   3.9781659e-01
   3.9432315e-01
   3.8689956e-01
   3.7641922e-01
   3.6462882e-01
   3.5240174e-01
   3.4017467e-01
   3.2751091e-01
   3.1572052e-01
   3.0480349e-01
   2.9563319e-01
   2.8951965e-01
   2.8733625e-01
   2.9039300e-01
   2.9781659e-01
   3.0829694e-01
   3.1921397e-01
   3.2882095e-01
   3.3537118e-01
   3.3755459e-01
   3.3624454e-01
   3.3144105e-01
   3.2358079e-01
   3.1397380e-01
   3.0262009e-01
   2.9082969e-01
   2.7903930e-01
   2.7030568e-01
   2.6419214e-01
   2.6375546e-01
   2.6812227e-01
   2.7685590e-01
   2.8777292e-01
   2.9868996e-01
   3.0698691e-01
   3.1135371e-01
   3.1222707e-01
   3.0917031e-01
   3.0480349e-01
   2.9912664e-01
   2.9388646e-01
   2.8908296e-01
   2.8515284e-01
   2.8122271e-01
   2.7903930e-01
   2.7860262e-01
   2.8034934e-01
   2.8427948e-01
   2.9082970e-01
   2.9825327e-01
   3.0524017e-01
   3.1179039e-01
   3.1572052e-01
   3.1746725e-01
   3.1834061e-01
   3.1746725e-01
   3.1659388e-01
   3.1441049e-01
   3.1091703e-01
   3.0567685e-01
   2.9825327e-01
   2.9039301e-01
   2.8296943e-01
   2.7860262e-01
   2.7860262e-01
   2.8296943e-01
   2.9213974e-01
   3.0349345e-01
   3.1528384e-01
   3.2751092e-01
   3.3755459e-01
   3.4541485e-01
   3.5109170e-01
   3.5545852e-01
   3.5807860e-01
   3.5851528e-01
   3.5676856e-01
   3.5240174e-01
   3.4628822e-01
   3.4017467e-01
   3.3493449e-01
   3.3144105e-01
   3.3144105e-01
   3.3362446e-01
   3.3842795e-01
   3.4366812e-01
   3.4847162e-01
   3.5371179e-01
   3.5851528e-01
   3.6331878e-01
   3.6812227e-01
   3.7292576e-01
   3.7598253e-01
   3.7729258e-01
   3.7598253e-01
   3.7248908e-01
   3.6855895e-01
   3.6419213e-01
   3.6157206e-01
   3.6157206e-01
   3.6331878e-01
   3.6681222e-01
   3.6943231e-01
   3.7161572e-01
   3.7248908e-01
   3.7292576e-01
   3.7248908e-01
   3.7248908e-01
   3.7248908e-01
   3.7161572e-01
   3.6899564e-01
   3.6419214e-01
   3.5633187e-01
   3.4716157e-01
   3.3668122e-01
   3.2794760e-01
   3.2139738e-01
   3.1746725e-01
   3.1615721e-01
   3.1615721e-01
   3.1746724e-01
   3.1965066e-01
   3.2227075e-01
   3.2576419e-01
   3.2882096e-01
   3.3231442e-01
   3.3493449e-01
   3.3624453e-01
   3.3493449e-01
   3.3275109e-01
   3.2969432e-01
   3.2794759e-01
   3.2882096e-01
   3.3231441e-01
   3.3842795e-01
   3.4585154e-01
   3.5240174e-01
   3.5807860e-01
   3.6113537e-01
   3.6331878e-01
   3.6550218e-01
   3.6855896e-01
   3.7336244e-01
   3.7991266e-01
   3.8733624e-01
   3.9475982e-01
   4.0131005e-01
   4.0698690e-01
   4.1004366e-01
   4.1179039e-01
   4.1091702e-01
   4.0829694e-01
   4.0218341e-01
   3.9301310e-01
   3.8165938e-01
   3.6943232e-01
   3.5807860e-01
   3.4978166e-01
   3.4628821e-01
   3.4716157e-01
   3.5196506e-01
   3.5851528e-01
   3.6506550e-01
   3.6986900e-01
   3.7292576e-01
   3.7336244e-01
   3.7336244e-01
   3.7292576e-01
   3.7161572e-01
   3.7030568e-01
   3.6768558e-01
   3.6331878e-01
   3.5720524e-01
   3.5021833e-01
   3.4323144e-01
   3.3711790e-01
   3.3187773e-01
   3.2794759e-01
   3.2445415e-01
   3.2096070e-01
   3.1746725e-01
   3.1528384e-01
   3.1441049e-01
   3.1572053e-01
   3.2052402e-01
   3.2794759e-01
   3.3668122e-01
   3.4497817e-01
   3.5152838e-01
   3.5545851e-01
   3.5720524e-01
   3.5676856e-01
   3.5414847e-01
   3.5065502e-01
   3.4585154e-01
   3.3930131e-01
   3.3100437e-01
   3.2183406e-01
   3.1222707e-01
   3.0436680e-01
   2.9868996e-01
   2.9781659e-01
   3.0000000e-01
   3.0567685e-01
   3.1310043e-01
   3.2139737e-01
   3.2882096e-01
   3.3624454e-01
   3.4279476e-01
   3.4934497e-01
   3.5545852e-01
   3.6069870e-01
   3.6419214e-01
   3.6506550e-01
   3.6419214e-01
   3.6113537e-01
   3.5720524e-01
   3.5414847e-01
   3.5240174e-01
   3.5283843e-01
   3.5502183e-01
   3.5676856e-01
   3.5807860e-01
   3.5764192e-01
   3.5633188e-01
   3.5371180e-01
   3.5109170e-01
   3.4978166e-01
   3.4847161e-01
   3.4803494e-01
   3.4803493e-01
   3.4716157e-01
   3.4628822e-01
   3.4585153e-01
   3.4672489e-01
   3.4890830e-01
   3.5327511e-01
   3.5807860e-01
   3.6244542e-01
   3.6593886e-01
   3.6768559e-01
   3.6768559e-01
   3.6681223e-01
   3.6593886e-01
   3.6462882e-01
   3.6288209e-01
   3.6069869e-01
   3.5633188e-01
   3.5021833e-01
   3.4192139e-01
   3.3362445e-01
   3.2620088e-01
   3.2008733e-01
   3.1703056e-01
   3.1615721e-01
   3.1790393e-01
   3.1965065e-01
   3.2183406e-01
   3.2489083e-01
   3.2882095e-01
   3.3362446e-01
   3.4017468e-01
   3.4803493e-01
   3.5545851e-01
   3.6157205e-01
   3.6593886e-01
   3.6724891e-01
   3.6681223e-01
   3.6550218e-01
   3.6419214e-01
   3.6462882e-01
   3.6550218e-01
   3.6768558e-01
   3.6986900e-01
   3.7161572e-01
   3.7292576e-01
   3.7379912e-01
   3.7467248e-01
   3.7510917e-01
   3.7554585e-01
   3.7423580e-01
   3.7161572e-01
   3.6637554e-01
   3.5982532e-01
   3.5283843e-01
   3.4716158e-01
   3.4366812e-01
   3.4323144e-01
   3.4541485e-01
   3.4847162e-01
   3.5196506e-01
   3.5327511e-01
   3.5196506e-01
   3.4934498e-01
   3.4585153e-01
   3.4235808e-01
   3.3886463e-01
   3.3624454e-01
   3.3318777e-01
   3.3056768e-01
   3.2838427e-01
   3.2707423e-01
   3.2751091e-01
   3.3013101e-01
   3.3406113e-01
   3.3930131e-01
   3.4366812e-01
   3.4716157e-01
   3.4716157e-01
   3.4585153e-01
   3.4279475e-01
   3.4061136e-01
   3.4017467e-01
   3.4235808e-01
   3.4628821e-01
   3.5109170e-01
   3.5633188e-01
   3.6026200e-01
   3.6375546e-01
   3.6637554e-01
   3.6855896e-01
   3.7117904e-01
   3.7336244e-01
   3.7467248e-01
   3.7423580e-01
   3.7248908e-01
   3.6986900e-01
   3.6681222e-01
   3.6550218e-01
   3.6724890e-01
   3.7161572e-01
   3.7947598e-01
   3.8864629e-01
   3.9868995e-01
   4.0698690e-01
   4.1441048e-01
   4.1834062e-01
   4.1965065e-01
   4.1659389e-01
   4.0829694e-01
   3.9475982e-01
   3.7554585e-01
   3.5240174e-01
   3.2751091e-01
   3.0436680e-01
   2.8646289e-01
   2.7685590e-01
   2.7598253e-01
   2.8471616e-01
   3.0043669e-01
   3.2008733e-01
   3.4017467e-01
   3.5895196e-01
   3.7379912e-01
   3.8471616e-01
   3.9082969e-01
   3.9126637e-01
   3.8689956e-01
   3.7729258e-01
   3.6419214e-01
   3.4847162e-01
   3.3275109e-01
   3.1965065e-01
   3.1004366e-01
   3.0567685e-01
   3.0567685e-01
   3.0917030e-01
   3.1353711e-01
   3.1790393e-01
   3.2139737e-01
   3.2489082e-01
   3.2707423e-01
   3.2969433e-01
   3.3275110e-01
   3.3493450e-01
   3.3711790e-01
   3.3842795e-01
   3.3930131e-01
   3.3973799e-01
   3.4104803e-01
   3.4366812e-01
   3.4847162e-01
   3.5502184e-01
   3.6113537e-01
   3.6681223e-01
   3.7248908e-01
   3.7598253e-01
   3.7947598e-01
   3.8296942e-01
   3.8646288e-01
   3.8864628e-01
   3.8908297e-01
   3.8646288e-01
   3.7903930e-01
   3.6899563e-01
   3.5633187e-01
   3.4410480e-01
   3.3449781e-01
   3.2925764e-01
   3.3013101e-01
   3.3580785e-01
   3.4541486e-01
   3.5807860e-01
   3.7161572e-01
   3.8427948e-01
   3.9563318e-01
   4.0524017e-01
   4.1135371e-01
   4.1310044e-01
   4.1091703e-01
   4.0480349e-01
   3.9519650e-01
   3.8558952e-01
   3.7729258e-01
   3.7248908e-01
   3.7248908e-01
   3.7554584e-01
   3.8165939e-01
   3.8820960e-01
   3.9388647e-01
   3.9694323e-01
   3.9825327e-01
   3.9781659e-01
   3.9650654e-01
   3.9475983e-01
   3.9257642e-01
   3.9039301e-01
   3.8646288e-01
   3.8209607e-01
   3.7598253e-01
   3.7030568e-01
   3.6506550e-01
   3.6069869e-01
   3.5720523e-01
   3.5371180e-01
   3.5065501e-01
   3.4759825e-01
   3.4497817e-01
   3.4279475e-01
   3.4279476e-01
   3.4541485e-01
   3.4890830e-01
   3.5371179e-01
   3.5807860e-01
   3.6069869e-01
   3.6069870e-01
   3.5895196e-01
   3.5676856e-01
   3.5589520e-01
   3.5676856e-01
   3.5982532e-01
   3.6462882e-01
   3.6943232e-01
   3.7336244e-01
   3.7510916e-01
   3.7423580e-01
   3.7205240e-01
   3.6855895e-01
   3.6462882e-01
   3.5982532e-01
   3.5414847e-01
   3.4803494e-01
   3.4192140e-01
   3.3580786e-01
   3.3100437e-01
   3.2838428e-01
   3.2751092e-01
   3.2882095e-01
   3.3056769e-01
   3.3187773e-01
   3.3100437e-01
   3.2838428e-01
   3.2445415e-01
   3.2008733e-01
   3.1572053e-01
   3.1266375e-01
   3.0960699e-01
   3.0698690e-01
   3.0393013e-01
   2.9956332e-01
   2.9519651e-01
   2.9126638e-01
   2.8951965e-01
   2.9039300e-01
   2.9432314e-01
   3.0043669e-01
   3.0786026e-01
   3.1615720e-01
   3.2358078e-01
   3.3056769e-01
   3.3711790e-01
   3.4323144e-01
   3.4847161e-01
   3.5240174e-01
   3.5371179e-01
   3.5196506e-01
   3.4672489e-01
   3.3886463e-01
   3.2925764e-01
   3.2139737e-01
   3.1484716e-01
   3.1135371e-01
   3.0960699e-01
   3.0960699e-01
   3.0873363e-01
   3.0742359e-01
   3.0480349e-01
   3.0218340e-01
   3.0000000e-01
   2.9912664e-01
   3.0000000e-01
   3.0262009e-01
   3.0611353e-01
   3.1091702e-01
   3.1572053e-01
   3.2052401e-01
   3.2576419e-01
   3.3100437e-01
   3.3537118e-01
   3.3799127e-01
   3.3930131e-01
   3.3755459e-01
   3.3362445e-01
   3.2925764e-01
   3.2620087e-01
   3.2532751e-01
   3.2751092e-01
   3.3275109e-01
   3.3930131e-01
   3.4541485e-01
   3.5021834e-01
   3.5283843e-01
   3.5458516e-01
   3.5502183e-01
   3.5589519e-01
   3.5764192e-01
   3.5982533e-01
   3.6113537e-01
   3.6069869e-01
   3.5764192e-01
   3.5152838e-01
   3.4410480e-01
   3.3537117e-01
   3.2663755e-01
   3.1834061e-01
   3.1135370e-01
   3.0524017e-01
   3.0000001e-01
   2.9519651e-01
   2.9257643e-01
   2.9213974e-01
   2.9388647e-01
   2.9737991e-01
   3.0174672e-01
   3.0611354e-01
   3.0960699e-01
   3.1135371e-01
   3.1135371e-01
   3.1222707e-01
   3.1353711e-01
   3.1703057e-01
   3.2183406e-01
   3.2838427e-01
   3.3406113e-01
   3.3842795e-01
   3.4148472e-01
   3.4279475e-01
   3.4366812e-01
   3.4541485e-01
   3.4759825e-01
   3.5109169e-01
   3.5502183e-01
   3.5807860e-01
   3.6069870e-01
   3.6200873e-01
   3.6375546e-01
   3.6593886e-01
   3.6899564e-01
   3.7336245e-01
   3.7816594e-01
   3.8296943e-01
   3.8602620e-01
   3.8733625e-01
   3.8777292e-01
   3.8733624e-01
   3.8689957e-01
   3.8733624e-01
   3.8820961e-01
   3.8864628e-01
   3.8864629e-01
   3.8820961e-01
   3.8646288e-01
   3.8602620e-01
   3.8558952e-01
   3.8689956e-01
   3.8951964e-01
   3.9213974e-01
   3.9432314e-01
   3.9475983e-01
   3.9432314e-01
   3.9301310e-01
   3.9213974e-01
   3.9301310e-01
   3.9650654e-01
   4.0174673e-01
   4.0786026e-01
   4.1397379e-01
   4.1790393e-01
   4.1834061e-01
   4.1703057e-01
   4.1353711e-01
   4.0917031e-01
   4.0480349e-01
   4.0000001e-01
   3.9519650e-01
   3.8908297e-01
   3.8209606e-01
   3.7467248e-01
   3.6768559e-01
   3.6157205e-01
   3.5633188e-01
   3.5283843e-01
   3.4978166e-01
   3.4672489e-01
   3.4279475e-01
   3.3886463e-01
   3.3537117e-01
   3.3318777e-01
   3.3187773e-01
   3.3275109e-01
   3.3406113e-01
   3.3537117e-01
   3.3580785e-01
   3.3493450e-01
   3.3318778e-01
   3.3231441e-01
   3.3231441e-01
   3.3406114e-01
   3.3755459e-01
   3.4104803e-01
   3.4279475e-01
   3.4235808e-01
   3.3930131e-01
   3.3318777e-01
   3.2663755e-01
   3.1921397e-01
   3.1353711e-01
   3.0917030e-01
   3.0698690e-01
   3.0567685e-01
   3.0524017e-01
   3.0567686e-01
   3.0742358e-01
   3.0960698e-01
   3.1353711e-01
   3.1746725e-01
   3.2096069e-01
   3.2270743e-01
   3.2314411e-01
   3.2183406e-01
   3.1965066e-01
   3.1834061e-01
   3.1790393e-01
   3.1965065e-01
   3.2183406e-01
   3.2358079e-01
   3.2401747e-01
   3.2227074e-01
   3.1790392e-01
   3.1266375e-01
   3.0742358e-01
   3.0262008e-01
   2.9956332e-01
   2.9825327e-01
   2.9737991e-01
   2.9694323e-01
   2.9606987e-01
   2.9563319e-01
   2.9606987e-01
   2.9825327e-01
   3.0131004e-01
   3.0524017e-01
   3.0960699e-01
   3.1222707e-01
   3.1222707e-01
   3.1004367e-01
   3.0611353e-01
   3.0218341e-01
   2.9825327e-01
   2.9519651e-01
   2.9301310e-01
   2.9082970e-01
   2.8820960e-01
   2.8427948e-01
   2.7947599e-01
   2.7423581e-01
   2.6986900e-01
   2.6724890e-01
   2.6550218e-01
   2.6462882e-01
   2.6506550e-01
   2.6593886e-01
   2.6812227e-01
   2.7161572e-01
   2.7729258e-01
   2.8558952e-01
   2.9432314e-01
   3.0393013e-01
   3.1135371e-01
   3.1572053e-01
   3.1703057e-01
   3.1441048e-01
   3.0960699e-01
   3.0436681e-01
   3.0000001e-01
   2.9606987e-01
   2.9257642e-01
   2.8908296e-01
   2.8558952e-01
   2.8078602e-01
   2.7685590e-01
   2.7379912e-01
   2.7248908e-01
   2.7336244e-01
   2.7641921e-01
   2.8034935e-01
   2.8515284e-01
   2.9082970e-01
   2.9606987e-01
   3.0218341e-01
   3.1004367e-01
   3.1965065e-01
   3.2925764e-01
   3.3842795e-01
   3.4585153e-01
   3.5021834e-01
   3.5109170e-01
   3.4978166e-01
   3.4716157e-01
   3.4410480e-01
   3.4104803e-01
   3.3755459e-01
   3.3406114e-01
   3.2925764e-01
   3.2401747e-01
   3.1790392e-01
   3.1266375e-01
   3.1004367e-01
   3.1048035e-01
   3.1397380e-01
   3.1965065e-01
   3.2620087e-01
   3.3275109e-01
   3.3799127e-01
   3.4235808e-01
   3.4541485e-01
   3.4716157e-01
   3.4890830e-01
   3.4934498e-01
   3.4803494e-01
   3.4497817e-01
   3.4017467e-01
   3.3362445e-01
   3.2751091e-01
   3.2183406e-01
   3.1834061e-01
   3.1703057e-01
   3.1703057e-01
   3.1790393e-01
   3.1877729e-01
   3.1921397e-01
   3.1965065e-01
   3.2096069e-01
   3.2445415e-01
   3.2969433e-01
   3.3624454e-01
   3.4366812e-01
   3.4978166e-01
   3.5371179e-01
   3.5633188e-01
   3.5676856e-01
   3.5676856e-01
   3.5676856e-01
   3.5764192e-01
   3.5807860e-01
   3.5807860e-01
   3.5807860e-01
   3.5676856e-01
   3.5633188e-01
   3.5720524e-01
   3.6026201e-01
   3.6506550e-01
   3.7248908e-01
   3.7991266e-01
   3.8689956e-01
   3.9126637e-01
   3.9301310e-01
   3.9257642e-01
   3.9039300e-01
   3.8646288e-01
   3.8209607e-01
   3.7641922e-01
   3.6899564e-01
   3.6026200e-01
   3.5021834e-01
   3.4017467e-01
   3.3144105e-01
   3.2532751e-01
   3.2314411e-01
   3.2358079e-01
   3.2707423e-01
   3.3144105e-01
   3.3580786e-01
   3.3930131e-01
   3.4148471e-01
   3.4279476e-01
   3.4410480e-01
   3.4497816e-01
   3.4585153e-01
   3.4585154e-01
   3.4497817e-01
   3.4366812e-01
   3.4235807e-01
   3.4235808e-01
   3.4323144e-01
   3.4672489e-01
   3.5065502e-01
   3.5371179e-01
   3.5545851e-01
   3.5327512e-01
   3.4803493e-01
   3.4017467e-01
   3.3187773e-01
   3.2358079e-01
   3.1703057e-01
   3.1266375e-01
   3.1004366e-01
   3.0873362e-01
   3.0829695e-01
   3.0786026e-01
   3.0829694e-01
   3.1004367e-01
   3.1266375e-01
   3.1572052e-01
   3.1921397e-01
   3.2139738e-01
   3.2227075e-01
   3.2183406e-01
   3.2052402e-01
   3.2052401e-01
   3.2139738e-01
   3.2445415e-01
   3.2838428e-01
   3.3231441e-01
   3.3624454e-01
   3.3755459e-01
   3.3755458e-01
   3.3711790e-01
   3.3624454e-01
   3.3668121e-01
   3.3755459e-01
   3.3842795e-01
   3.3842795e-01
   3.3711790e-01
   3.3406113e-01
   3.3013101e-01
   3.2532751e-01
   3.2139737e-01
   3.1834061e-01
   3.1615721e-01
   3.1441048e-01
   3.1222707e-01
   3.0917031e-01
   3.0655023e-01
   3.0436680e-01
   3.0393013e-01
   3.0655023e-01
   3.1179039e-01
   3.1877729e-01
   3.2576419e-01
   3.3231441e-01
   3.3711790e-01
   3.4017467e-01
   3.4104803e-01
   3.4104803e-01
   3.4017467e-01
   3.3886463e-01
   3.3624453e-01
   3.3187773e-01
   3.2663755e-01
   3.2008733e-01
   3.1397380e-01
   3.0917030e-01
   3.0655022e-01
   3.0524017e-01
   3.0567685e-01
   3.0698691e-01
   3.0655022e-01
   3.0567685e-01
   3.0436680e-01
   3.0349345e-01
   3.0349345e-01
   3.0524017e-01
   3.0829694e-01
   3.1179039e-01
   3.1615720e-01
   3.1877729e-01
   3.2052401e-01
   3.2183406e-01
   3.2401746e-01
   3.2707423e-01
   3.3187773e-01
   3.3668122e-01
   3.4148471e-01
   3.4410480e-01
   3.4454148e-01
   3.4235808e-01
   3.3755459e-01
   3.3187773e-01
   3.2576419e-01
   3.1877729e-01
   3.1179039e-01
   3.0393012e-01
   2.9606987e-01
   2.8864628e-01
   2.8253275e-01
   2.7903930e-01
   2.7947598e-01
   2.8296943e-01
   2.8951964e-01
   2.9694323e-01
   3.0436681e-01
   3.0960699e-01
   3.1266375e-01
   3.1441049e-01
   3.1484716e-01
   3.1484716e-01
   3.1572052e-01
   3.1572053e-01
   3.1441048e-01
   3.1135371e-01
   3.0655022e-01
   3.0000001e-01
   2.9170306e-01
   2.8253274e-01
   2.7248908e-01
   2.6113537e-01
   2.4847161e-01
   2.3318777e-01
   2.1746725e-01
   2.0218341e-01
   1.8951964e-01
   1.8034934e-01
   1.7729257e-01
   1.7991267e-01
   1.8733624e-01
   1.9781660e-01
   2.0960698e-01
   2.2139738e-01
   2.3231441e-01
   2.4148472e-01
   2.4934497e-01
   2.5589520e-01
   2.6069870e-01
   2.6288210e-01
   2.6288209e-01
   2.6069869e-01
   2.5676856e-01
   2.5327512e-01
   2.5196507e-01
   2.5327512e-01
   2.5720523e-01
   2.6288209e-01
   2.6943231e-01
   2.7510917e-01
   2.7860262e-01
   2.7903930e-01
   2.7772926e-01
   2.7467249e-01
   2.7030568e-01
   2.6550218e-01
   2.5982533e-01
   2.5371179e-01
   2.4803494e-01
   2.4366812e-01
   2.4235808e-01
   2.4541485e-01
   2.5240175e-01
   2.6331877e-01
   2.7598253e-01
   2.8820960e-01
   2.9694322e-01
   3.0174673e-01
   3.0131004e-01
   2.9694323e-01
   2.8995633e-01
   2.8165938e-01
   2.7336245e-01
   2.6681223e-01
   2.6200873e-01
   2.5895196e-01
   2.5938865e-01
   2.6157205e-01
   2.6812227e-01
   2.7685589e-01
   2.8689956e-01
   2.9606986e-01
   3.0305676e-01
   3.0567685e-01
   3.0305677e-01
   2.9606986e-01
   2.8646288e-01
   2.7598254e-01
   2.6768559e-01
   2.6200874e-01
   2.6026201e-01
   2.6244542e-01
   2.6768559e-01
   2.7685590e-01
   2.8733624e-01
   3.0000000e-01
   3.1310044e-01
   3.2489083e-01
   3.3406113e-01
   3.3886464e-01
   3.3842795e-01
   3.3275109e-01
   3.2401747e-01
   3.1441048e-01
   3.0611353e-01
   3.0087336e-01
   2.9868996e-01
   2.9868996e-01
   2.9956332e-01
   3.0043668e-01
   2.9912664e-01
   2.9694322e-01
   2.9388646e-01
   2.9082970e-01
   2.8864629e-01
   2.8777292e-01
   2.8820960e-01
   2.8864628e-01
   2.8820961e-01
   2.8777292e-01
   2.8733624e-01
   2.8777293e-01
   2.8908297e-01
   2.9039301e-01
   2.9301310e-01
   2.9519651e-01
   2.9650655e-01
   2.9781659e-01
   2.9912664e-01
   3.0087336e-01
   3.0393012e-01
   3.0786027e-01
   3.1266375e-01
   3.1703057e-01
   3.1877729e-01
   3.1834061e-01
   3.1528384e-01
   3.1091703e-01
   3.0698690e-01
   3.0393012e-01
   3.0305676e-01
   3.0393013e-01
   3.0524017e-01
   3.0655022e-01
   3.0698691e-01
   3.0786026e-01
   3.0742358e-01
   3.0742359e-01
   3.0829694e-01
   3.0960699e-01
   3.1004367e-01
   3.0960698e-01
   3.0829695e-01
   3.0611354e-01
   3.0524017e-01
   3.0655022e-01
   3.1004367e-01
   3.1659389e-01
   3.2532751e-01
   3.3493449e-01
   3.4279476e-01
   3.4890830e-01
   3.5152838e-01
   3.5152838e-01
   3.4890830e-01
   3.4454148e-01
   3.3842795e-01
   3.3144105e-01
   3.2401746e-01
   3.1659388e-01
   3.1091703e-01
   3.0873362e-01
   3.1048035e-01
   3.1703057e-01
   3.2751091e-01
   3.3886463e-01
   3.4978166e-01
   3.5807860e-01
   3.6157205e-01
   3.6069869e-01
   3.5676856e-01
   3.5152838e-01
   3.4716157e-01
   3.4541485e-01
   3.4585153e-01
   3.4978166e-01
   3.5458515e-01
   3.6157205e-01
   3.6943232e-01
   3.7729258e-01
   3.8427948e-01
   3.9082968e-01
   3.9519651e-01
   3.9606987e-01
   3.9344979e-01
   3.8689956e-01
   3.7729257e-01
   3.6593886e-01
   3.5414847e-01
   3.4366812e-01
   3.3406113e-01
   3.2576419e-01
   3.1877729e-01
   3.1179039e-01
   3.0655023e-01
   3.0262009e-01
   3.0174673e-01
   3.0349345e-01
   3.0786026e-01
   3.1397380e-01
   3.2052402e-01
   3.2576420e-01
   3.2925764e-01
   3.3144105e-01
   3.3275109e-01
   3.3537117e-01
   3.3973799e-01
   3.4628821e-01
   3.5458516e-01
   3.6288209e-01
   3.6943231e-01
   3.7379912e-01
   3.7598253e-01
   3.7554584e-01
   3.7336244e-01
   3.6943232e-01
   3.6550218e-01
   3.5982533e-01
   3.5327511e-01
   3.4541485e-01
   3.3668121e-01
   3.2882095e-01
   3.2227074e-01
   3.1877729e-01
   3.1834061e-01
   3.2052402e-01
   3.2445415e-01
   3.2969433e-01
   3.3580786e-01
   3.4235807e-01
   3.5021834e-01
   3.5938864e-01
   3.6899564e-01
   3.7772926e-01
   3.8602620e-01
   3.9126637e-01
   3.9344978e-01
   3.9301310e-01
   3.9082969e-01
   3.8864628e-01
   3.8602621e-01
   3.8515284e-01
   3.8384280e-01
   3.8122271e-01
   3.7554585e-01
   3.6637554e-01
   3.5371179e-01
   3.3886463e-01
   3.2358079e-01
   3.0960698e-01
   2.9825327e-01
   2.9039300e-01
   2.8646288e-01
   2.8733624e-01
   2.9213974e-01
   3.0174673e-01
   3.1441048e-01
   3.2925764e-01
   3.4454148e-01
   3.5720524e-01
   3.6550218e-01
   3.6768558e-01
   3.6419214e-01
   3.5676856e-01
   3.4716157e-01
   3.3930131e-01
   3.3493450e-01
   3.3537117e-01
   3.4017467e-01
   3.4847162e-01
   3.5807860e-01
   3.6768558e-01
   3.7641922e-01
   3.8340611e-01
   3.8951965e-01
   3.9519650e-01
   3.9956332e-01
   4.0262009e-01
   4.0436681e-01
   4.0436681e-01
   4.0349345e-01
   4.0131004e-01
   3.9956332e-01
   3.9737991e-01
   3.9519651e-01
   3.9301310e-01
   3.8864628e-01
   3.8427948e-01
   3.7991266e-01
   3.7641922e-01
   3.7510916e-01
   3.7729258e-01
   3.8296942e-01
   3.8995633e-01
   3.9650655e-01
   4.0174672e-01
   4.0393013e-01
   4.0218341e-01
   3.9868995e-01
   3.9432314e-01
   3.9039300e-01
   3.8820961e-01
   3.8820960e-01
   3.8995633e-01
   3.9301310e-01
   3.9694323e-01
   4.0174673e-01
   4.0742359e-01
   4.1353711e-01
   4.2008733e-01
   4.2489083e-01
   4.2882096e-01
   4.2925764e-01
   4.2751091e-01
   4.2401747e-01
   4.2008733e-01
   4.1746725e-01
   4.1746725e-01
   4.2096069e-01
   4.2663755e-01
   4.3231441e-01
   4.3755458e-01
   4.4061135e-01
   4.4148472e-01
   4.4061135e-01
   4.3842796e-01
   4.3624453e-01
   4.3406114e-01
   4.3144105e-01
   4.2838428e-01
   4.2576419e-01
   4.2358079e-01
   4.2227074e-01
   4.2270742e-01
   4.2576419e-01
   4.2925764e-01
   4.3275109e-01
   4.3449781e-01
   4.3275109e-01
   4.2663756e-01
   4.1572052e-01
   4.0218341e-01
   3.8602620e-01
   3.7030568e-01
   3.5545852e-01
   3.4148472e-01
   3.2969433e-01
   3.1965065e-01
   3.1266375e-01
   3.1004367e-01
   3.1179039e-01
   3.1790393e-01
   3.2794760e-01
   3.4061136e-01
   3.5240174e-01
   3.6288210e-01
   3.6943232e-01
   3.7248908e-01
   3.7292577e-01
   3.7117904e-01
   3.6855895e-01
   3.6593886e-01
   3.6331878e-01
   3.6026201e-01
   3.5764192e-01
   3.5502183e-01
   3.5371179e-01
   3.5545852e-01
   3.6069869e-01
   3.7030567e-01
   3.8253274e-01
   3.9606987e-01
   4.1004367e-01
   4.2227074e-01
   4.3144105e-01
   4.3755458e-01
   4.3886463e-01
   4.3668122e-01
   4.3013100e-01
   4.1834061e-01
   4.0218340e-01
   3.8165939e-01
   3.6026200e-01
   3.4061135e-01
   3.2576419e-01
   3.1746725e-01
   3.1659389e-01
   3.2314411e-01
   3.3493449e-01
   3.4803494e-01
   3.6026200e-01
   3.6986899e-01
   3.7467248e-01
   3.7510916e-01
   3.7205240e-01
   3.6637554e-01
   3.5807860e-01
   3.4978166e-01
   3.4104804e-01
   3.3449781e-01
   3.3056769e-01
   3.3100436e-01
   3.3580786e-01
   3.4497817e-01
   3.5589520e-01
   3.6724891e-01
   3.7641921e-01
   3.8209607e-01
   3.8384279e-01
   3.8165938e-01
   3.7685589e-01
   3.7074236e-01
   3.6375546e-01
   3.5720524e-01
   3.5109170e-01
   3.4497817e-01
   3.4017467e-01
   3.3711790e-01
   3.3668122e-01
   3.3842795e-01
   3.4235808e-01
   3.4628822e-01
   3.4978166e-01
   3.5065502e-01
   3.4847162e-01
   3.4323143e-01
   3.3755459e-01
   3.3187773e-01
   3.2794759e-01
   3.2751091e-01
   3.2925764e-01
   3.3275110e-01
   3.3668121e-01
   3.3930131e-01
   3.4017468e-01
   3.4017467e-01
   3.3930132e-01
   3.3755459e-01
   3.3580785e-01
   3.3406114e-01
   3.3144105e-01
   3.2969433e-01
   3.2882096e-01
   3.2969433e-01
   3.3318777e-01
   3.3930132e-01
   3.4759826e-01
   3.5589520e-01
   3.6331878e-01
   3.6855896e-01
   3.7074236e-01
   3.6943231e-01
   3.6724891e-01
   3.6462882e-01
   3.6288210e-01
   3.6200874e-01
   3.6157206e-01
   3.6069869e-01
   3.5938865e-01
   3.5676856e-01
   3.5414848e-01
   3.5196506e-01
   3.5152838e-01
   3.5240174e-01
   3.5458515e-01
   3.5720524e-01
   3.5938864e-01
   3.5938864e-01
   3.5807860e-01
   3.5545851e-01
   3.5240174e-01
   3.5021834e-01
   3.4803494e-01
   3.4672489e-01
   3.4716157e-01
   3.4803493e-01
   3.5065501e-01
   3.5545851e-01
   3.6244542e-01
   3.7248908e-01
   3.8296943e-01
   3.9301310e-01
   4.0000000e-01
   4.0305676e-01
   4.0043668e-01
   3.9301310e-01
   3.8296943e-01
   3.7292576e-01
   3.6331878e-01
   3.5676856e-01
   3.5240174e-01
   3.4978166e-01
   3.4759825e-01
   3.4541485e-01
   3.4235808e-01
   3.3973799e-01
   3.3668122e-01
   3.3537118e-01
   3.3493450e-01
   3.3624454e-01
   3.3930131e-01
   3.4410480e-01
   3.5021834e-01
   3.5807860e-01
   3.6768558e-01
   3.7860262e-01
   3.8908296e-01
   3.9650655e-01
   4.0043668e-01
   3.9912663e-01
   3.9388646e-01
   3.8515284e-01
   3.7598253e-01
   3.6812227e-01
   3.6462882e-01
   3.6506550e-01
   3.6943232e-01
   3.7641922e-01
   3.8515284e-01
   3.9388646e-01
   4.0218341e-01
   4.1004367e-01
   4.1703056e-01
   4.2139737e-01
   4.2358079e-01
   4.2270743e-01
   4.1746725e-01
   4.1004367e-01
   4.0087337e-01
   3.9170306e-01
   3.8471616e-01
   3.8034935e-01
   3.8034935e-01
   3.8209607e-01
   3.8558952e-01
   3.9039300e-01
   3.9475983e-01
   3.9912663e-01
   4.0305677e-01
   4.0742358e-01
   4.1135371e-01
   4.1397379e-01
   4.1484716e-01
   4.1353711e-01
   4.1048035e-01
   4.0655021e-01
   4.0305676e-01
   4.0218341e-01
   4.0349345e-01
   4.0786027e-01
   4.1310043e-01
   4.1790393e-01
   4.2052402e-01
   4.2052401e-01
   4.1746725e-01
   4.1222707e-01
   4.0524017e-01
   3.9781659e-01
   3.9082968e-01
   3.8340611e-01
   3.7598253e-01
   3.6899564e-01
   3.6244542e-01
   3.5807860e-01
   3.5545851e-01
   3.5545852e-01
   3.5633187e-01
   3.5676856e-01
   3.5633188e-01
   3.5458516e-01
   3.5021834e-01
   3.4541485e-01
   3.4148471e-01
   3.3886463e-01
   3.3973799e-01
   3.4235807e-01
   3.4716157e-01
   3.5283843e-01
   3.5764192e-01
   3.6244541e-01
   3.6681222e-01
   3.7117904e-01
   3.7641922e-01
   3.8122270e-01
   3.8602620e-01
   3.8951965e-01
   3.9170306e-01
   3.9170306e-01
   3.9126637e-01
   3.9039301e-01
   3.8995633e-01
   3.8951964e-01
   3.8820960e-01
   3.8558953e-01
   3.8034934e-01
   3.7205240e-01
   3.6113538e-01
   3.4847161e-01
   3.3580785e-01
   3.2489083e-01
   3.1615721e-01
   3.0873363e-01
   3.0349345e-01
   2.9825327e-01
   2.9432314e-01
   2.9039301e-01
   2.8864629e-01
   2.8777293e-01
   2.8908297e-01
   2.9126638e-01
   2.9388646e-01
   2.9519650e-01
   2.9519651e-01
   2.9388647e-01
   2.9170306e-01
   2.8951965e-01
   2.8777293e-01
   2.8646288e-01
   2.8515284e-01
   2.8340611e-01
   2.8034935e-01
   2.7685590e-01
   2.7248909e-01
   2.7030568e-01
   2.7074236e-01
   2.7554586e-01
   2.8471616e-01
   2.9694322e-01
   3.1004367e-01
   3.2270743e-01
   3.3362445e-01
   3.4279476e-01
   3.4890830e-01
   3.5196506e-01
   3.5240174e-01
   3.4934498e-01
   3.4366812e-01
   3.3493449e-01
   3.2445415e-01
   3.1353711e-01
   3.0480349e-01
   2.9825327e-01
   2.9606986e-01
   2.9606987e-01
   2.9781659e-01
   3.0000000e-01
   3.0087336e-01
   3.0087337e-01
   2.9956332e-01
   2.9912664e-01
   2.9868996e-01
   3.0043669e-01
   3.0349345e-01
   3.0611353e-01
   3.0829694e-01
   3.0917030e-01
   3.0873363e-01
   3.0742358e-01
   3.0611353e-01
   3.0567685e-01
   3.0480349e-01
   3.0524017e-01
   3.0436681e-01
   3.0262009e-01
   3.0043668e-01
   2.9868996e-01
   2.9737991e-01
   2.9868996e-01
   3.0218341e-01
   3.0698691e-01
   3.1310043e-01
   3.1877729e-01
   3.2358079e-01
   3.2707424e-01
   3.3013101e-01
   3.3318778e-01
   3.3580785e-01
   3.3842795e-01
   3.4017468e-01
   3.4061135e-01
   3.3842795e-01
   3.3449781e-01
   3.2882096e-01
   3.2314410e-01
   3.1877729e-01
   3.1528385e-01
   3.1397380e-01
   3.1266375e-01
   3.1179039e-01
   3.1048035e-01
   3.0960699e-01
   3.0873362e-01
   3.0960698e-01
   3.1179039e-01
   3.1572053e-01
   3.1921397e-01
   3.2227074e-01
   3.2270742e-01
   3.2139738e-01
   3.1921397e-01
   3.1659389e-01
   3.1615721e-01
   3.1834061e-01
   3.2314411e-01
   3.2969433e-01
   3.3624454e-01
   3.4192139e-01
   3.4628822e-01
   3.4847162e-01
   3.4890829e-01
   3.4759825e-01
   3.4454148e-01
   3.3973799e-01
   3.3275109e-01
   3.2445415e-01
   3.1528385e-01
   3.0698690e-01
   3.0087336e-01
   2.9781659e-01
   2.9956333e-01
   3.0567685e-01
   3.1441048e-01
   3.2489083e-01
   3.3493449e-01
   3.4497817e-01
   3.5414847e-01
   3.6288209e-01
   3.7161572e-01
   3.7816593e-01
   3.8296943e-01
   3.8515284e-01
   3.8296943e-01
   3.7772926e-01
   3.7117904e-01
   3.6331878e-01
   3.5676855e-01
   3.5152838e-01
   3.4890830e-01
   3.4716157e-01
   3.4454148e-01
   3.4017468e-01
   3.3362445e-01
   3.2489083e-01
   3.1572053e-01
   3.0698690e-01
   3.0000000e-01
   2.9519651e-01
   2.9170306e-01
   2.8951965e-01
   2.8908297e-01
   2.8864629e-01
   2.8864628e-01
   2.8908297e-01
   2.8864629e-01
   2.8777292e-01
   2.8471615e-01
   2.7947599e-01
   2.7161572e-01
   2.6288209e-01
   2.5458515e-01
   2.4934498e-01
   2.4759825e-01
   2.4978166e-01
   2.5502184e-01
   2.6157206e-01
   2.6768559e-01
   2.7248908e-01
   2.7554586e-01
   2.7772926e-01
   2.8034934e-01
   2.8340611e-01
   2.8864628e-01
   2.9519651e-01
   3.0218340e-01
   3.0917031e-01
   3.1441048e-01
   3.1790393e-01
   3.2052402e-01
   3.2227075e-01
   3.2401747e-01
   3.2576420e-01
   3.2751091e-01
   3.2882096e-01
   3.3013101e-01
   3.3275109e-01
   3.3711790e-01
   3.4235807e-01
   3.4934498e-01
   3.5589520e-01
   3.6113538e-01
   3.6244542e-01
   3.5938865e-01
   3.5240174e-01
   3.4323144e-01
   3.3362445e-01
   3.2751091e-01
   3.2576420e-01
   3.2838428e-01
   3.3580786e-01
   3.4541485e-01
   3.5589520e-01
   3.6593886e-01
   3.7379912e-01
   3.7991266e-01
   3.8340611e-01
   3.8427948e-01
   3.8296943e-01
   3.7860262e-01
   3.7074236e-01
   3.6157206e-01
   3.5152838e-01
   3.4192140e-01
   3.3493449e-01
   3.3056768e-01
   3.2882096e-01
   3.2838427e-01
   3.2925764e-01
   3.3013100e-01
   3.3013101e-01
   3.3056769e-01
   3.3187773e-01
   3.3449781e-01
   3.3799127e-01
   3.4192140e-01
   3.4541485e-01
   3.4847162e-01
   3.5065502e-01
   3.5109170e-01
   3.5240174e-01
   3.5458516e-01
   3.5807860e-01
   3.6288209e-01
   3.6768559e-01
   3.7030568e-01
   3.7117904e-01
   3.6943231e-01
   3.6593886e-01
   3.6157205e-01
   3.5676855e-01
   3.5196506e-01
   3.4716157e-01
   3.4192139e-01
   3.3580785e-01
   3.2882096e-01
   3.2227074e-01
   3.1659389e-01
   3.1310043e-01
   3.1266375e-01
   3.1397380e-01
   3.1703057e-01
   3.1965065e-01
   3.2052401e-01
   3.1965065e-01
   3.1746725e-01
   3.1441048e-01
   3.1222707e-01
   3.1048035e-01
   3.1091703e-01
   3.1179039e-01
   3.1397380e-01
   3.1659388e-01
   3.1965065e-01
   3.2401747e-01
   3.2969433e-01
   3.3624454e-01
   3.4366812e-01
   3.5021834e-01
   3.5458515e-01
   3.5633188e-01
   3.5502183e-01
   3.5109170e-01
   3.4672489e-01
   3.4235808e-01
   3.3930131e-01
   3.3755459e-01
   3.3624454e-01
   3.3493449e-01
   3.3231441e-01
   3.2838427e-01
   3.2401746e-01
   3.1834061e-01
   3.1353712e-01
   3.0742358e-01
   3.0087337e-01
   2.9388646e-01
   2.8602620e-01
   2.7772926e-01
   2.7074236e-01
   2.6593886e-01
   2.6462882e-01
   2.6724890e-01
   2.7248908e-01
   2.7991266e-01
   2.8733624e-01
   2.9344979e-01
   2.9825327e-01
   3.0218341e-01
   3.0611353e-01
   3.1048035e-01
   3.1484716e-01
   3.1965065e-01
   3.2270743e-01
   3.2401747e-01
   3.2227074e-01
   3.1834061e-01
   3.1266375e-01
   3.0786026e-01
   3.0305677e-01
   3.0043669e-01
   2.9912664e-01
   2.9825327e-01
   2.9825327e-01
   2.9912664e-01
   2.9956332e-01
   3.0174672e-01
   3.0393012e-01
   3.0698690e-01
   3.0829694e-01
   3.0917031e-01
   3.0655022e-01
   3.0218340e-01
   2.9606987e-01
   2.9039301e-01
   2.8558952e-01
   2.8384280e-01
   2.8558952e-01
   2.8951965e-01
   2.9606987e-01
   3.0349345e-01
   3.1222707e-01
   3.2139737e-01
   3.3144105e-01
   3.4104803e-01
   3.4934497e-01
   3.5458515e-01
   3.5589519e-01
   3.5109170e-01
   3.4148471e-01
   3.2663755e-01
   3.1004367e-01
   2.9257643e-01
   2.7772926e-01
   2.6550218e-01
   2.5720524e-01
   2.5327511e-01
   2.5283843e-01
   2.5633187e-01
   2.6331877e-01
   2.7423581e-01
   2.8820961e-01
   3.0393013e-01
   3.2052402e-01
   3.3537118e-01
   3.4672490e-01
   3.5458516e-01
   3.5807860e-01
   3.5938864e-01
   3.5938864e-01
   3.5938864e-01
   3.5982532e-01
   3.5982532e-01
   3.5938865e-01
   3.5676856e-01
   3.5327512e-01
   3.4847161e-01
   3.4279475e-01
   3.3842795e-01
   3.3493449e-01
   3.3231441e-01
   3.2969433e-01
   3.2663755e-01
   3.2227075e-01
   3.1659389e-01
   3.1048035e-01
