   5.8647592e-01
   2.7828348e-01
   7.2821826e-02
   0.0000000e+00
   5.5916779e-02
   2.0806243e-01
   4.0962286e-01
   6.0988296e-01
   7.7243172e-01
   8.7256175e-01
   9.1027307e-01
   8.9986994e-01
   8.5955787e-01
   8.1014303e-01
   7.6592978e-01
   7.3602079e-01
   7.1781533e-01
   7.0871261e-01
   7.0481142e-01
   7.0221067e-01
   6.9830948e-01
   6.9310792e-01
   6.8660595e-01
   6.7750324e-01
   6.6710013e-01
   6.5279583e-01
   6.3849153e-01
   6.2678804e-01
   6.1898568e-01
   6.1898568e-01
   6.2938881e-01
   6.4629386e-01
   6.6970091e-01
   6.9570870e-01
   7.2431727e-01
   7.5292587e-01
   7.7893369e-01
   8.0234070e-01
   8.1924575e-01
   8.2834850e-01
   8.2574769e-01
   8.0754226e-01
   7.7633288e-01
   7.3472040e-01
   6.8790634e-01
   6.4369311e-01
   6.0988296e-01
   5.8907672e-01
   5.8127436e-01
   5.8517556e-01
   5.9817944e-01
   6.1378413e-01
   6.3068920e-01
   6.4499347e-01
   6.5799738e-01
   6.6579974e-01
   6.6579971e-01
   6.5669700e-01
   6.3589076e-01
   6.0728219e-01
   5.7347203e-01
   5.3836150e-01
   5.1105329e-01
   4.9544863e-01
   4.9284785e-01
   5.0195057e-01
   5.1885567e-01
   5.3966188e-01
   5.5786735e-01
   5.7217165e-01
   5.8257475e-01
   5.8907672e-01
   5.9557866e-01
   6.0078022e-01
   6.0468141e-01
   6.0598180e-01
   6.0338102e-01
   5.9947983e-01
   5.9427827e-01
   5.9037711e-01
   5.8907672e-01
   5.9037711e-01
   5.9297789e-01
   5.9297789e-01
   5.9037711e-01
   5.8387517e-01
   5.7087126e-01
   5.6046812e-01
   5.5266579e-01
   5.5006502e-01
   5.5006502e-01
   5.5396618e-01
   5.5526657e-01
   5.5396618e-01
   5.4876460e-01
   5.3966188e-01
   5.3055917e-01
   5.2665797e-01
   5.2925878e-01
   5.3576072e-01
   5.4486347e-01
   5.5526657e-01
   5.6436932e-01
   5.6957084e-01
   5.7477242e-01
   5.7997398e-01
   5.8387517e-01
   5.9167747e-01
   5.9817944e-01
   6.0338102e-01
   6.0598177e-01
   6.0468138e-01
   6.0208060e-01
   6.0078024e-01
   5.9947983e-01
   5.9817944e-01
   5.9687905e-01
   5.9427827e-01
   5.8517553e-01
   5.7217165e-01
   5.5656696e-01
   5.4356308e-01
   5.3706111e-01
   5.3706111e-01
   5.4486344e-01
   5.5656696e-01
   5.6436929e-01
   5.6566971e-01
   5.5656696e-01
   5.3576072e-01
   5.0455134e-01
   4.6814045e-01
   4.3302991e-01
   4.0182053e-01
   3.7841352e-01
   3.6410922e-01
   3.5890766e-01
   3.6410922e-01
   3.7971390e-01
   4.0182053e-01
   4.2912874e-01
   4.5903770e-01
   4.8374513e-01
   4.9804940e-01
   5.0195060e-01
   4.9674902e-01
   4.8374513e-01
   4.7204158e-01
   4.6814045e-01
   4.7464239e-01
   4.9154746e-01
   5.1625487e-01
   5.4616385e-01
   5.7607281e-01
   6.0338102e-01
   6.2548762e-01
   6.4369311e-01
   6.5929777e-01
   6.7490246e-01
   6.9050715e-01
   7.0091025e-01
   7.1131339e-01
   7.1651494e-01
   7.2041613e-01
   7.2691807e-01
   7.3342001e-01
   7.4122234e-01
   7.5162548e-01
   7.6202858e-01
   7.6853055e-01
   7.7113130e-01
   7.7113133e-01
   7.6853053e-01
   7.6723017e-01
   7.7243169e-01
   7.8153444e-01
   7.9323796e-01
   8.0624184e-01
   8.1404420e-01
   8.1794536e-01
   8.1794536e-01
   8.1404420e-01
   8.1014303e-01
   8.0624187e-01
   8.0234070e-01
   7.9583873e-01
   7.8543563e-01
   7.6853053e-01
   7.4512354e-01
   7.2171649e-01
   7.0091025e-01
   6.8790637e-01
   6.8400518e-01
   6.9050715e-01
   7.0481142e-01
   7.2301691e-01
   7.4122234e-01
   7.5812742e-01
   7.7503249e-01
   7.8803641e-01
   8.0234068e-01
   8.1404420e-01
   8.2314692e-01
   8.2834850e-01
   8.2964886e-01
   8.2704811e-01
   8.2184653e-01
   8.1664498e-01
   8.1404420e-01
   8.1274381e-01
   8.1014301e-01
   8.0234068e-01
   7.9063718e-01
   7.7113133e-01
   7.4642390e-01
   7.2171649e-01
   7.0221064e-01
   6.8790637e-01
   6.8400520e-01
   6.8790637e-01
   6.9570870e-01
   7.0221064e-01
   7.0611183e-01
   7.0871258e-01
   7.0741222e-01
   7.0481144e-01
   7.0091025e-01
   6.9570870e-01
   6.8790637e-01
   6.7750326e-01
   6.6579974e-01
   6.5279583e-01
   6.4239270e-01
   6.3979192e-01
   6.4629389e-01
   6.5929777e-01
   6.7880362e-01
   6.9960986e-01
   7.1781533e-01
   7.2951885e-01
   7.3472040e-01
   7.3602082e-01
   7.3602079e-01
   7.3602079e-01
   7.3472040e-01
   7.3211963e-01
   7.2821846e-01
   7.2041610e-01
   7.1001300e-01
   7.0091028e-01
   6.9830948e-01
   6.9960989e-01
   7.1131339e-01
   7.2951885e-01
   7.5292587e-01
   7.7763327e-01
   8.0234070e-01
   8.2574772e-01
   8.4785432e-01
   8.6736017e-01
   8.8296486e-01
   8.9206761e-01
   8.9076722e-01
   8.7646292e-01
   8.5045513e-01
   8.1534459e-01
   7.7763327e-01
   7.4382312e-01
   7.1911572e-01
   7.0741219e-01
   7.0871261e-01
   7.1911572e-01
   7.3211963e-01
   7.4512354e-01
   7.5292587e-01
   7.5552664e-01
   7.5032509e-01
   7.3992196e-01
   7.2431730e-01
   7.0351103e-01
   6.7880362e-01
   6.5279583e-01
   6.2678804e-01
   6.0598180e-01
   5.9427827e-01
   5.9427827e-01
   6.0468138e-01
   6.2158646e-01
   6.4239270e-01
   6.6059816e-01
   6.7620285e-01
   6.8530556e-01
   6.9310792e-01
   6.9830948e-01
   7.0351103e-01
   7.0741219e-01
   7.1001300e-01
   7.0741222e-01
   6.9830948e-01
   6.8530556e-01
   6.6710013e-01
   6.5019503e-01
   6.3979192e-01
   6.3459037e-01
   6.3719114e-01
   6.4499347e-01
   6.5539661e-01
   6.6579974e-01
   6.7620285e-01
   6.8530556e-01
   6.9440831e-01
   7.0481144e-01
   7.1521455e-01
   7.2301691e-01
   7.2691807e-01
   7.2561766e-01
   7.2041610e-01
   7.0871258e-01
   6.9830950e-01
   6.8790637e-01
   6.7620285e-01
   6.6710010e-01
   6.5279583e-01
   6.3459037e-01
   6.1118332e-01
   5.8387514e-01
   5.5916774e-01
   5.3966191e-01
   5.2925875e-01
   5.3055914e-01
   5.4096227e-01
   5.5916774e-01
   5.7867359e-01
   5.9687905e-01
   6.1378413e-01
   6.2548762e-01
   6.3719114e-01
   6.4239270e-01
   6.4629389e-01
   6.4369308e-01
   6.3459037e-01
   6.2158646e-01
   6.0468138e-01
   5.8907672e-01
   5.7867359e-01
   5.7477242e-01
   5.7997398e-01
   5.9037711e-01
   6.0468141e-01
   6.1768529e-01
   6.2808843e-01
   6.3849153e-01
   6.4759425e-01
   6.5799738e-01
   6.6840052e-01
   6.7880362e-01
   6.8530559e-01
   6.8400520e-01
   6.7360207e-01
   6.5539661e-01
   6.3068920e-01
   6.0468141e-01
   5.7997398e-01
   5.5916774e-01
   5.4356305e-01
   5.3185955e-01
   5.2145645e-01
   5.1365409e-01
   5.0715215e-01
   5.0455134e-01
   5.0715212e-01
   5.1885564e-01
   5.3576072e-01
   5.5656696e-01
   5.7867359e-01
   5.9687905e-01
   6.1248371e-01
   6.2548765e-01
   6.3459037e-01
   6.4239270e-01
   6.5019503e-01
   6.5539661e-01
   6.5799738e-01
   6.5409622e-01
   6.4759425e-01
   6.3979192e-01
   6.3328998e-01
   6.3068920e-01
   6.3328995e-01
   6.3979192e-01
   6.4889464e-01
   6.5279580e-01
   6.5149544e-01
   6.4629386e-01
   6.3589076e-01
   6.2808843e-01
   6.2288684e-01
   6.2418723e-01
   6.3328998e-01
   6.4759428e-01
   6.6449932e-01
   6.8140443e-01
   6.9570870e-01
   7.1001300e-01
   7.2171649e-01
   7.3211963e-01
   7.3992196e-01
   7.4512354e-01
   7.4252273e-01
   7.3211963e-01
   7.1781533e-01
   7.0091025e-01
   6.8660598e-01
   6.7750324e-01
   6.7490246e-01
   6.7620285e-01
   6.7880362e-01
   6.7880362e-01
   6.7360207e-01
   6.6059816e-01
   6.4369308e-01
   6.2418726e-01
   6.0338099e-01
   5.8517556e-01
   5.6827048e-01
   5.5396618e-01
   5.3966188e-01
   5.2925878e-01
   5.2535758e-01
   5.2795836e-01
   5.3966191e-01
   5.6046812e-01
   5.8257475e-01
   6.0598177e-01
   6.2418723e-01
   6.3328998e-01
   6.3198959e-01
   6.2418723e-01
   6.1118335e-01
   5.9817944e-01
   5.8517553e-01
   5.7477242e-01
   5.6697009e-01
   5.6046812e-01
   5.5656696e-01
   5.5526657e-01
   5.6046812e-01
   5.7217165e-01
   5.9037711e-01
   6.1118335e-01
   6.3068917e-01
   6.4889464e-01
   6.5929780e-01
   6.6319894e-01
   6.6579974e-01
   6.6579971e-01
   6.6970091e-01
   6.7750324e-01
   6.8790637e-01
   6.9960986e-01
   7.0871258e-01
   7.1391416e-01
   7.1521455e-01
   7.1391416e-01
   7.1001300e-01
   7.0481142e-01
   6.9960986e-01
   6.9180751e-01
   6.7880362e-01
   6.6059816e-01
   6.3719114e-01
   6.1378413e-01
   5.9167747e-01
   5.7477242e-01
   5.6046812e-01
   5.5136538e-01
   5.4096227e-01
   5.3055917e-01
   5.1495448e-01
   4.9934979e-01
   4.8634588e-01
   4.7854355e-01
   4.7724316e-01
   4.8764627e-01
   5.0325096e-01
   5.2275681e-01
   5.4486344e-01
   5.6436929e-01
   5.8257478e-01
   5.9947983e-01
   6.1638490e-01
   6.3198959e-01
   6.4239272e-01
   6.4889467e-01
   6.4759425e-01
   6.4109231e-01
   6.3068917e-01
   6.2028607e-01
   6.1248374e-01
   6.0988293e-01
   6.1118332e-01
   6.1638490e-01
   6.2028607e-01
   6.1898568e-01
   6.1248371e-01
   6.0078022e-01
   5.8647592e-01
   5.7217165e-01
   5.5916776e-01
   5.4876460e-01
   5.3966188e-01
   5.3055914e-01
   5.2275681e-01
   5.1885564e-01
   5.1885564e-01
   5.2665800e-01
   5.4356308e-01
   5.6566968e-01
   5.9037711e-01
   6.1118335e-01
   6.2418723e-01
   6.2938879e-01
   6.2548762e-01
   6.1898568e-01
   6.0858255e-01
   6.0338099e-01
   6.0208060e-01
   6.0598180e-01
   6.1248374e-01
   6.2158648e-01
   6.3068917e-01
   6.4239270e-01
   6.5409622e-01
   6.6579971e-01
   6.7620285e-01
   6.8270479e-01
   6.8270479e-01
   6.7750324e-01
   6.6579971e-01
   6.5409622e-01
   6.4369311e-01
   6.4109231e-01
   6.4759428e-01
   6.5929777e-01
   6.7230168e-01
   6.8530556e-01
   6.9050715e-01
   6.8920676e-01
   6.8270479e-01
   6.7100129e-01
   6.5799738e-01
   6.4629389e-01
   6.3198959e-01
   6.1638490e-01
   5.9687905e-01
   5.7607281e-01
   5.5396618e-01
   5.3315991e-01
   5.1885564e-01
   5.0845254e-01
   5.0715212e-01
   5.0585173e-01
   5.0585176e-01
   5.0195060e-01
   4.9804940e-01
   4.9414824e-01
   4.8894666e-01
   4.8894669e-01
   4.9414824e-01
   5.0065018e-01
   5.0975293e-01
   5.1755526e-01
   5.2535758e-01
   5.3185953e-01
   5.3966188e-01
   5.5006499e-01
   5.6046812e-01
   5.7217165e-01
   5.7997398e-01
   5.8257475e-01
   5.7737320e-01
   5.6697007e-01
   5.5526657e-01
   5.4746421e-01
   5.4616382e-01
   5.5396618e-01
   5.6957084e-01
   5.9167750e-01
   6.1638490e-01
   6.3979192e-01
   6.6189855e-01
   6.8140440e-01
   6.9960986e-01
   7.1911574e-01
   7.3732118e-01
   7.5162548e-01
   7.6072820e-01
   7.6462936e-01
   7.6202858e-01
   7.5422625e-01
   7.4642390e-01
   7.3992196e-01
   7.3472040e-01
   7.3211963e-01
   7.2821846e-01
   7.2431730e-01
   7.1911572e-01
   7.1261377e-01
   7.0741222e-01
   7.0741222e-01
   7.1131339e-01
   7.2041610e-01
   7.2821843e-01
   7.3342001e-01
   7.3342001e-01
   7.2821846e-01
   7.1651494e-01
   7.0351103e-01
   6.9050715e-01
   6.8270479e-01
   6.7750324e-01
   6.7360207e-01
   6.7230165e-01
   6.6970091e-01
   6.6970091e-01
   6.7360207e-01
   6.8270482e-01
   6.9830948e-01
   7.1911572e-01
   7.3992196e-01
   7.5812742e-01
   7.6853055e-01
   7.6983094e-01
   7.6332900e-01
   7.5032509e-01
   7.3472040e-01
   7.1781533e-01
   7.0351106e-01
   6.8660598e-01
   6.6970091e-01
   6.5019505e-01
   6.3198959e-01
   6.1508451e-01
   6.0468141e-01
   6.0078022e-01
   6.0468138e-01
   6.1378413e-01
   6.2418726e-01
   6.3459037e-01
   6.4499350e-01
   6.5279583e-01
   6.6189858e-01
   6.7100129e-01
   6.8140440e-01
   6.9310792e-01
   7.0091025e-01
   7.0351103e-01
   6.9960986e-01
   6.9180753e-01
   6.8270479e-01
   6.7360207e-01
   6.7230168e-01
   6.7360207e-01
   6.7750324e-01
   6.8270482e-01
   6.8270479e-01
   6.7750324e-01
   6.6579971e-01
   6.5149544e-01
   6.3459037e-01
   6.2028607e-01
   6.0858255e-01
   5.9817944e-01
   5.9037708e-01
   5.8257475e-01
   5.7737320e-01
   5.7477242e-01
   5.7737320e-01
   5.8387514e-01
   5.9557866e-01
   6.0728216e-01
   6.1638490e-01
   6.2158646e-01
   6.1898568e-01
   6.1248374e-01
   6.0468141e-01
   5.9947983e-01
   5.9557866e-01
   5.9687905e-01
   5.9947986e-01
   5.9817944e-01
   5.9297789e-01
   5.8257475e-01
   5.6697007e-01
   5.5006502e-01
   5.3446033e-01
   5.2145642e-01
   5.1105329e-01
   5.0065018e-01
   4.9284785e-01
   4.8504549e-01
   4.8114433e-01
   4.8114436e-01
   4.9024705e-01
   5.0715212e-01
   5.2925878e-01
   5.5396618e-01
   5.7737320e-01
   5.9427827e-01
   6.0598180e-01
   6.1118332e-01
   6.1118335e-01
   6.0988296e-01
   6.0858257e-01
   6.0598180e-01
   6.0208063e-01
   5.9557866e-01
   5.8907672e-01
   5.8257478e-01
   5.7997398e-01
   5.8517556e-01
   5.9687905e-01
   6.1638490e-01
   6.3849153e-01
   6.5929777e-01
   6.7620285e-01
   6.8920676e-01
   6.9440831e-01
   6.9700909e-01
   7.0221067e-01
   7.0741219e-01
   7.1521455e-01
   7.2301691e-01
   7.2821846e-01
   7.3081924e-01
   7.2821843e-01
   7.2431730e-01
   7.1781533e-01
   7.1261377e-01
   7.0611180e-01
   6.9960986e-01
   6.9180751e-01
   6.8010401e-01
   6.6840052e-01
   6.5539661e-01
   6.4369308e-01
   6.3719114e-01
   6.3719114e-01
   6.3979192e-01
   6.4109234e-01
   6.4109231e-01
   6.3849156e-01
   6.3328998e-01
   6.2548762e-01
   6.2288687e-01
   6.2548765e-01
   6.3328998e-01
   6.4499347e-01
   6.5799738e-01
   6.6840052e-01
   6.7490246e-01
   6.7620285e-01
   6.7490246e-01
   6.7230168e-01
   6.6840052e-01
   6.6319896e-01
   6.5669700e-01
   6.4629389e-01
   6.3068917e-01
   6.0988296e-01
   5.8777631e-01
   5.6436929e-01
   5.4486347e-01
   5.2665797e-01
   5.0975290e-01
   4.9154746e-01
   4.7334200e-01
   4.5513653e-01
   4.3823146e-01
   4.2912871e-01
   4.3042910e-01
   4.4473343e-01
   4.7074122e-01
   5.0065018e-01
   5.3446033e-01
   5.6306890e-01
   5.8647595e-01
   6.0208060e-01
   6.1118335e-01
   6.1508451e-01
   6.1378413e-01
   6.0728216e-01
   5.9687905e-01
   5.8387514e-01
   5.6827045e-01
   5.5526657e-01
   5.4616385e-01
   5.4746421e-01
   5.5786735e-01
   5.7607281e-01
   5.9947983e-01
   6.2028607e-01
   6.3719114e-01
   6.4759428e-01
   6.5279583e-01
   6.5539661e-01
   6.5409622e-01
   6.5539661e-01
   6.5669700e-01
   6.5669700e-01
   6.5539661e-01
   6.5539661e-01
   6.5539661e-01
   6.5929777e-01
   6.6970091e-01
   6.8790637e-01
   7.0871261e-01
   7.3081924e-01
   7.4902470e-01
   7.6072820e-01
   7.6072820e-01
   7.5422625e-01
   7.4122237e-01
   7.2691807e-01
   7.1131339e-01
   6.9700909e-01
   6.8400520e-01
   6.6970091e-01
   6.5539661e-01
   6.4239270e-01
   6.3068920e-01
   6.2548762e-01
   6.2288687e-01
   6.2548765e-01
   6.2808843e-01
   6.2938881e-01
   6.2808840e-01
   6.2288684e-01
   6.1638490e-01
   6.1378413e-01
   6.1768529e-01
   6.2678801e-01
   6.4369308e-01
   6.6449935e-01
   6.8660595e-01
   7.0741222e-01
   7.2691807e-01
   7.4512354e-01
   7.6072820e-01
   7.7503249e-01
   7.8803638e-01
   7.9583873e-01
   7.9713912e-01
   7.8933679e-01
   7.7503249e-01
   7.5422625e-01
   7.3211963e-01
   7.1391416e-01
   6.9960989e-01
   6.9050715e-01
   6.8400518e-01
   6.7880362e-01
   6.7100129e-01
   6.6319896e-01
   6.5539661e-01
   6.5019503e-01
   6.5019505e-01
   6.5539661e-01
   6.6449935e-01
   6.7230168e-01
   6.8140443e-01
   6.8660595e-01
   6.9050715e-01
   6.9440831e-01
   7.0221067e-01
   7.1261377e-01
   7.2951885e-01
   7.4512351e-01
   7.5942784e-01
   7.7113133e-01
   7.8153444e-01
   7.8933679e-01
   7.9843954e-01
   8.0884262e-01
   8.1924575e-01
   8.2574769e-01
   8.2964889e-01
   8.2314694e-01
   8.1014301e-01
   7.9063718e-01
   7.6853055e-01
   7.5032509e-01
   7.3732118e-01
   7.3081924e-01
   7.3211963e-01
   7.3472040e-01
   7.3862160e-01
   7.4122237e-01
   7.4252273e-01
   7.4382312e-01
   7.4512354e-01
   7.4772431e-01
   7.5032509e-01
   7.5162545e-01
   7.5162548e-01
   7.5162548e-01
   7.5292587e-01
   7.5812742e-01
   7.6853055e-01
   7.8543563e-01
   8.0494148e-01
   8.2184656e-01
   8.3355005e-01
   8.3745122e-01
   8.3355005e-01
   8.2574772e-01
   8.1664498e-01
   8.1144339e-01
   8.1404420e-01
   8.2054614e-01
   8.3094927e-01
   8.4525354e-01
   8.5565671e-01
   8.6475940e-01
   8.7386214e-01
   8.8426525e-01
   8.9466838e-01
   9.0637188e-01
   9.1677501e-01
   9.2327695e-01
   9.2457737e-01
   9.1937579e-01
   9.0767227e-01
   8.9206761e-01
   8.7776334e-01
   8.6215862e-01
   8.4785435e-01
   8.3224966e-01
   8.1664498e-01
   8.0104032e-01
   7.8673602e-01
   7.7893369e-01
   7.7893366e-01
   7.8673599e-01
   7.9973990e-01
   8.1404420e-01
   8.2444730e-01
   8.2964889e-01
   8.2574772e-01
   8.1534459e-01
   8.0234068e-01
   7.9063718e-01
   7.8153444e-01
   7.7633288e-01
   7.7633288e-01
   7.8023405e-01
   7.8413521e-01
   7.9063718e-01
   7.9843951e-01
   8.0884265e-01
   8.2054614e-01
   8.3224966e-01
   8.4005202e-01
   8.4005199e-01
   8.3094927e-01
   8.1274381e-01
   7.8803638e-01
   7.6202858e-01
   7.3732118e-01
   7.1651494e-01
   7.0221067e-01
   6.9050715e-01
   6.8270479e-01
   6.7490246e-01
   6.6449932e-01
   6.5409622e-01
   6.4629386e-01
   6.3849153e-01
   6.2938881e-01
   6.2158646e-01
   6.1118335e-01
   5.9817944e-01
   5.8127439e-01
   5.6566968e-01
   5.5136538e-01
   5.4486347e-01
   5.4616382e-01
   5.5266577e-01
   5.6176851e-01
   5.7217162e-01
   5.8127436e-01
   5.8647592e-01
   5.9427827e-01
   6.0208060e-01
   6.1248374e-01
   6.2548765e-01
   6.4109231e-01
   6.5019505e-01
   6.5539661e-01
   6.5409622e-01
   6.4499347e-01
   6.3459037e-01
   6.2548762e-01
   6.1898568e-01
   6.1508451e-01
   6.1508451e-01
   6.1508451e-01
   6.1248374e-01
   6.0728219e-01
   6.0078022e-01
   5.9557866e-01
   5.9037711e-01
   5.8907672e-01
   5.8647592e-01
   5.8127436e-01
   5.7087126e-01
   5.5786735e-01
   5.4096227e-01
   5.2405720e-01
   5.0975290e-01
   5.0195057e-01
   4.9934979e-01
   4.9934979e-01
   5.0065018e-01
   5.0195060e-01
   5.0195057e-01
   5.0195057e-01
   5.0455134e-01
   5.0975293e-01
   5.1885564e-01
   5.3055917e-01
   5.4096227e-01
   5.4876463e-01
   5.5266579e-01
   5.5526657e-01
   5.5526657e-01
   5.6046812e-01
   5.6957087e-01
   5.8257475e-01
   5.9817944e-01
   6.1508451e-01
   6.3198959e-01
   6.4499350e-01
   6.5799738e-01
   6.7100129e-01
   6.8270479e-01
   6.9180753e-01
   6.9440831e-01
   6.9050715e-01
   6.7360204e-01
   6.4759428e-01
   6.1248374e-01
   5.7477242e-01
   5.4226269e-01
   5.1885564e-01
   5.0975293e-01
   5.1235370e-01
   5.2535761e-01
   5.4486344e-01
   5.6827045e-01
   5.8777633e-01
   6.0598177e-01
   6.1898568e-01
   6.2678804e-01
   6.2548762e-01
   6.1638490e-01
   5.9817944e-01
   5.7217165e-01
   5.4486344e-01
   5.1625487e-01
   4.9414824e-01
   4.7854355e-01
   4.6684003e-01
   4.5773731e-01
   4.4733418e-01
   4.3042913e-01
   4.0572173e-01
   3.7581274e-01
   3.4460336e-01
   3.1729518e-01
   2.9648894e-01
   2.8738623e-01
   2.8608581e-01
   2.9388817e-01
   3.0559166e-01
   3.2119635e-01
   3.4070220e-01
   3.6280883e-01
   3.8491549e-01
   4.0702211e-01
   4.2782833e-01
   4.4213262e-01
   4.5253576e-01
   4.5643692e-01
   4.5773731e-01
   4.6033809e-01
   4.6423925e-01
   4.7074119e-01
   4.7854355e-01
   4.8244472e-01
   4.7854355e-01
   4.6944081e-01
   4.5383615e-01
   4.3823146e-01
   4.2782833e-01
   4.2782833e-01
   4.3693107e-01
   4.5643692e-01
   4.8114433e-01
   5.0845251e-01
   5.3055917e-01
   5.4746421e-01
   5.5526657e-01
   5.5656696e-01
   5.5006499e-01
   5.4096227e-01
   5.2795839e-01
   5.1365406e-01
   5.0195057e-01
   4.9414821e-01
   4.9544863e-01
   5.0715215e-01
   5.3185955e-01
   5.6436929e-01
   5.9687905e-01
   6.2418723e-01
   6.4239270e-01
   6.4239272e-01
   6.2808843e-01
   6.0468141e-01
   5.7217162e-01
   5.4226269e-01
   5.1625487e-01
   4.9674902e-01
   4.8374513e-01
   4.7724316e-01
   4.7854355e-01
   4.8634588e-01
   4.9934979e-01
   5.1885564e-01
   5.3706111e-01
   5.5526657e-01
   5.6436929e-01
   5.6436929e-01
   5.5266579e-01
   5.3446030e-01
   5.1235370e-01
   4.9154746e-01
   4.7594278e-01
   4.6684003e-01
   4.6293886e-01
   4.6163848e-01
   4.6293886e-01
   4.6293886e-01
   4.6423925e-01
   4.6684003e-01
   4.7074122e-01
   4.7594278e-01
   4.7854355e-01
   4.7854355e-01
   4.7074119e-01
   4.5513653e-01
   4.3563068e-01
   4.1352405e-01
   3.9401820e-01
   3.7971390e-01
   3.7321196e-01
   3.7061119e-01
   3.7191157e-01
   3.7711313e-01
   3.8231468e-01
   3.9141740e-01
   4.0182053e-01
   4.2002600e-01
   4.4213262e-01
   4.6684006e-01
   4.9414824e-01
   5.2015603e-01
   5.4096230e-01
   5.5786735e-01
   5.7087123e-01
   5.8257475e-01
   5.9297789e-01
   5.9947986e-01
   6.0208063e-01
   5.9817944e-01
   5.8647595e-01
   5.6957084e-01
   5.4746424e-01
   5.2795839e-01
   5.1105331e-01
   5.0325096e-01
   5.0065021e-01
   5.0455137e-01
   5.1105331e-01
   5.1755526e-01
   5.2275684e-01
   5.3185955e-01
   5.4486344e-01
   5.6306890e-01
   5.8777633e-01
   6.1508451e-01
   6.4239270e-01
   6.6970091e-01
   6.8790637e-01
   7.0351106e-01
   7.1131336e-01
   7.1781533e-01
   7.2171649e-01
   7.2041610e-01
   7.1781533e-01
   7.0741219e-01
   6.9180753e-01
   6.7360207e-01
   6.5409622e-01
   6.3719114e-01
   6.2548762e-01
   6.2158646e-01
   6.2158646e-01
   6.2288687e-01
   6.2678801e-01
   6.2938881e-01
   6.3328995e-01
   6.4239270e-01
   6.5409622e-01
   6.7360207e-01
   6.9440831e-01
   7.1651494e-01
   7.3472040e-01
   7.4512351e-01
   7.4512354e-01
   7.4122234e-01
   7.3472040e-01
   7.2561769e-01
   7.1911572e-01
   7.1651494e-01
   7.1261377e-01
   7.1131339e-01
   7.1001300e-01
   7.0741219e-01
   7.0871258e-01
   7.1261377e-01
   7.1911572e-01
   7.2561766e-01
   7.3211963e-01
   7.3211963e-01
   7.2691807e-01
   7.1521455e-01
   7.0221064e-01
   6.9050712e-01
   6.8270482e-01
   6.8010401e-01
   6.8270479e-01
   6.8790634e-01
   6.9310792e-01
   6.9700909e-01
   6.9570870e-01
   6.9180751e-01
   6.9050715e-01
   6.8920676e-01
   6.8790634e-01
   6.8790637e-01
   6.8660598e-01
   6.8400518e-01
   6.8010401e-01
   6.7620285e-01
   6.7750326e-01
   6.8660595e-01
   6.9960986e-01
   7.1521455e-01
   7.2821846e-01
   7.3602079e-01
   7.3211963e-01
   7.1911572e-01
   6.9830948e-01
   6.7230168e-01
   6.4629386e-01
   6.2418723e-01
   6.0728219e-01
   5.9687905e-01
   5.8907669e-01
   5.9037711e-01
   5.9817944e-01
   6.1378413e-01
   6.3849153e-01
   6.6970088e-01
   7.0221064e-01
   7.3211963e-01
   7.5422625e-01
   7.6723017e-01
   7.6983094e-01
   7.6332897e-01
   7.5292587e-01
   7.3992196e-01
   7.2431730e-01
   7.1001297e-01
   6.9310792e-01
   6.7490246e-01
   6.5539661e-01
   6.3589076e-01
   6.2158646e-01
   6.1378413e-01
   6.1378410e-01
   6.1768529e-01
   6.2418723e-01
   6.3068917e-01
   6.3328998e-01
   6.3328998e-01
   6.3328995e-01
   6.3459037e-01
   6.3979192e-01
   6.4889467e-01
   6.5929780e-01
   6.7100129e-01
   6.7880362e-01
   6.8400518e-01
   6.8660595e-01
   6.9050715e-01
   6.9700909e-01
   7.0741222e-01
   7.2301688e-01
   7.3862157e-01
   7.5292587e-01
   7.6332900e-01
   7.6983094e-01
   7.7243172e-01
   7.7373211e-01
   7.7763327e-01
   7.8283485e-01
   7.8803641e-01
   7.9063718e-01
   7.8803638e-01
   7.7893369e-01
   7.6332897e-01
   7.4122234e-01
   7.1391416e-01
   6.8530556e-01
   6.5149541e-01
   6.1638490e-01
   5.7607281e-01
   5.3706111e-01
   4.9934979e-01
   4.6944083e-01
   4.4993495e-01
   4.4343304e-01
   4.5123537e-01
   4.6553964e-01
   4.8244472e-01
   4.9804940e-01
   5.0715215e-01
   5.0975290e-01
   5.0455134e-01
   4.9544863e-01
   4.8634591e-01
   4.7724316e-01
   4.6944083e-01
   4.6163848e-01
   4.5643692e-01
   4.5253576e-01
   4.5123534e-01
   4.5643692e-01
   4.6684003e-01
   4.8374510e-01
   5.0325096e-01
   5.2015603e-01
   5.3185955e-01
   5.3836150e-01
   5.4096227e-01
   5.3966188e-01
   5.4096230e-01
   5.4486347e-01
   5.5266579e-01
   5.6306890e-01
   5.7087123e-01
   5.7477242e-01
   5.7347203e-01
   5.6827048e-01
   5.5916774e-01
   5.5136541e-01
   5.4486344e-01
   5.3576072e-01
   5.2665797e-01
   5.1365409e-01
   4.9544863e-01
   4.7334200e-01
   4.5123537e-01
   4.3433027e-01
   4.2132638e-01
   4.1482444e-01
   4.1612483e-01
   4.2132638e-01
   4.2912871e-01
   4.3823146e-01
   4.4993498e-01
   4.6423925e-01
   4.8504549e-01
   5.0585176e-01
   5.2925878e-01
   5.4876463e-01
   5.6176851e-01
   5.6827045e-01
   5.6697007e-01
   5.6046812e-01
   5.5266579e-01
   5.4486344e-01
   5.3836150e-01
   5.3185955e-01
   5.2275681e-01
   5.0715215e-01
   4.8764627e-01
   4.6293886e-01
   4.4083224e-01
   4.1872561e-01
   4.0442131e-01
   3.9661898e-01
   3.9401820e-01
   3.9401820e-01
   3.9921976e-01
   4.0572170e-01
   4.1612483e-01
   4.3042913e-01
   4.4993495e-01
   4.6944083e-01
   4.9024707e-01
   5.0455134e-01
   5.1495448e-01
   5.2015603e-01
   5.2145642e-01
   5.2275684e-01
   5.2795836e-01
   5.3836150e-01
   5.5266579e-01
   5.6827045e-01
   5.8127439e-01
   5.8647592e-01
   5.8647592e-01
   5.7997398e-01
   5.7217162e-01
   5.6306893e-01
   5.5786735e-01
   5.5526657e-01
   5.5266579e-01
   5.5396618e-01
   5.5266579e-01
   5.5396618e-01
   5.5786735e-01
   5.6827048e-01
   5.8257478e-01
   6.0208060e-01
   6.2288684e-01
   6.4499347e-01
   6.6449935e-01
   6.8270479e-01
   6.9960986e-01
   7.1911572e-01
   7.3992196e-01
   7.6072820e-01
   7.8023405e-01
   7.9193754e-01
   7.9583873e-01
   7.8803641e-01
   7.7113133e-01
   7.4902467e-01
   7.2691807e-01
   7.0741219e-01
   6.9180753e-01
   6.8140443e-01
   6.7230168e-01
   6.6449935e-01
   6.5929777e-01
   6.5669700e-01
   6.5929780e-01
   6.6579971e-01
   6.7750324e-01
   6.9180753e-01
   7.0221064e-01
   7.0871258e-01
   7.0741222e-01
   6.9700909e-01
   6.8400518e-01
   6.6970091e-01
   6.5929777e-01
   6.5539661e-01
   6.6059816e-01
   6.6970091e-01
   6.8660595e-01
   7.0741219e-01
   7.3472040e-01
   7.6462936e-01
   7.9713912e-01
   8.3094925e-01
   8.5695707e-01
   8.7256175e-01
   8.7386214e-01
   8.5955784e-01
   8.3094927e-01
   7.9453835e-01
   7.5812742e-01
   7.2301691e-01
   6.9830948e-01
   6.8010401e-01
   6.6840052e-01
   6.6189858e-01
   6.5799738e-01
   6.5929780e-01
   6.6189855e-01
   6.6840049e-01
   6.7750324e-01
   6.8660595e-01
   6.9570870e-01
   7.0221067e-01
   7.0611183e-01
   7.0871261e-01
   7.1391416e-01
   7.2691804e-01
   7.4512351e-01
   7.7113133e-01
   7.9973990e-01
   8.2574769e-01
   8.4395316e-01
   8.5435629e-01
   8.5305590e-01
   8.4395316e-01
   8.3224966e-01
   8.1664498e-01
   8.0104029e-01
   7.8153444e-01
   7.6202861e-01
   7.4122237e-01
   7.1911572e-01
   6.9960986e-01
   6.8400518e-01
   6.7490246e-01
   6.7100129e-01
   6.7100129e-01
   6.7230168e-01
   6.7230168e-01
   6.7100127e-01
   6.6710010e-01
   6.6579974e-01
   6.6449932e-01
   6.6840049e-01
   6.7230168e-01
   6.7620285e-01
   6.7750326e-01
   6.7490246e-01
   6.6840052e-01
   6.5929777e-01
   6.5409622e-01
   6.5149544e-01
   6.5409622e-01
   6.5799741e-01
   6.6319894e-01
   6.6579974e-01
   6.6579971e-01
   6.6319894e-01
   6.6189855e-01
   6.6319894e-01
   6.6840049e-01
   6.8010401e-01
   6.9440831e-01
   7.0871261e-01
   7.2301688e-01
   7.3081924e-01
   7.3992196e-01
   7.4902467e-01
   7.5942781e-01
   7.7113133e-01
   7.8023408e-01
   7.8543563e-01
   7.8543563e-01
   7.7503249e-01
   7.5812742e-01
   7.3732121e-01
   7.1651494e-01
   7.0091025e-01
   6.9050715e-01
   6.8660598e-01
   6.8660598e-01
   6.8920676e-01
   6.9700909e-01
   7.0741219e-01
   7.2301688e-01
   7.4122234e-01
   7.6202861e-01
   7.8153446e-01
   7.9583873e-01
   8.0364106e-01
   8.0234070e-01
   7.9193757e-01
   7.7763327e-01
   7.6332897e-01
   7.4902467e-01
   7.3862157e-01
   7.2951885e-01
   7.2171649e-01
   7.1261377e-01
   7.0351103e-01
   6.9570870e-01
   6.9180753e-01
   6.9050715e-01
   6.9440831e-01
   6.9960986e-01
   7.0351103e-01
   7.0351103e-01
   6.9570870e-01
   6.8400520e-01
   6.6970088e-01
   6.5669700e-01
   6.4889464e-01
   6.4759428e-01
   6.4889467e-01
   6.5409622e-01
   6.5799738e-01
   6.5929777e-01
   6.5929777e-01
   6.5929777e-01
   6.6059816e-01
   6.6449935e-01
   6.6970088e-01
   6.7620285e-01
   6.8270479e-01
   6.8660595e-01
   6.9050715e-01
   6.9570870e-01
   7.0351106e-01
   7.1521455e-01
   7.2691807e-01
   7.3732118e-01
   7.4252273e-01
   7.3992196e-01
   7.2821843e-01
   7.1131336e-01
   6.9180751e-01
   6.7360207e-01
   6.5799738e-01
   6.4629389e-01
   6.3719114e-01
   6.2808840e-01
   6.1638490e-01
   6.0338099e-01
   5.9037711e-01
   5.7997398e-01
   5.7347203e-01
   5.7217162e-01
   5.7607281e-01
   5.8257475e-01
   5.8777633e-01
   5.9297789e-01
   5.9687905e-01
   6.0208060e-01
   6.0858255e-01
   6.1898571e-01
   6.2808843e-01
   6.3459037e-01
   6.3849156e-01
   6.3589076e-01
   6.2938879e-01
   6.2028607e-01
   6.1378413e-01
   6.1118335e-01
   6.1508451e-01
   6.2288687e-01
   6.3198956e-01
   6.3849153e-01
   6.4369308e-01
   6.4499350e-01
   6.4369308e-01
   6.4239272e-01
   6.4239270e-01
   6.3979192e-01
   6.3589076e-01
   6.2548762e-01
   6.0988293e-01
   5.8907672e-01
   5.6827048e-01
   5.5006502e-01
   5.3836150e-01
   5.3836150e-01
   5.4616385e-01
   5.6306890e-01
   5.8387517e-01
   6.0858257e-01
   6.3459037e-01
   6.6059816e-01
   6.8920676e-01
   7.1781536e-01
   7.4512351e-01
   7.6723017e-01
   7.8283485e-01
   7.8803641e-01
   7.8803641e-01
   7.8283482e-01
   7.7763327e-01
   7.7633288e-01
   7.7893366e-01
   7.8803641e-01
   7.9843951e-01
   8.1014303e-01
   8.1924575e-01
   8.2704811e-01
   8.3224966e-01
   8.3745122e-01
   8.4265280e-01
   8.4915474e-01
   8.5435629e-01
   8.5565668e-01
   8.5565671e-01
   8.5305590e-01
   8.5045510e-01
   8.5175551e-01
   8.5825746e-01
   8.7256175e-01
   8.9206761e-01
   9.1287385e-01
   9.3237970e-01
   9.4668400e-01
   9.5838749e-01
   9.6749024e-01
   9.7529260e-01
   9.8309492e-01
   9.9219764e-01
   9.9869958e-01
   1.0000000e+00
   9.9609881e-01
   9.8699606e-01
   9.7269179e-01
   9.5578671e-01
   9.4148242e-01
   9.3237970e-01
   9.2717815e-01
   9.2197656e-01
   9.1937582e-01
   9.1547462e-01
   9.0897268e-01
   9.0507152e-01
   9.0247071e-01
   9.0507149e-01
   9.1027307e-01
   9.1417423e-01
   9.1677504e-01
   9.1157346e-01
   8.9726916e-01
   8.7646292e-01
   8.5045510e-01
   8.1924575e-01
   7.9063718e-01
   7.6202858e-01
   7.3472040e-01
   7.1131339e-01
   6.9310792e-01
   6.8010401e-01
   6.7750324e-01
   6.8920676e-01
   7.1391416e-01
   7.4772429e-01
   7.8803641e-01
   8.2574769e-01
   8.5695707e-01
   8.7776331e-01
   8.8556567e-01
   8.8556564e-01
   8.7906370e-01
   8.7256175e-01
   8.6475942e-01
   8.6085826e-01
   8.5955784e-01
   8.5695707e-01
   8.5825746e-01
   8.5955784e-01
   8.6475942e-01
   8.7126137e-01
   8.7516253e-01
   8.7516253e-01
   8.6605981e-01
   8.4525354e-01
   8.1534459e-01
   7.7633288e-01
   7.3472040e-01
   6.9440831e-01
   6.6189855e-01
   6.3849153e-01
   6.2288687e-01
   6.1118335e-01
   6.0078024e-01
   5.9427827e-01
   5.8777633e-01
   5.8387514e-01
   5.8517556e-01
   5.8777631e-01
   5.9167747e-01
   5.9817947e-01
   6.0208060e-01
   6.0598180e-01
   6.1248374e-01
   6.2288684e-01
   6.4109234e-01
   6.6579971e-01
   6.9700909e-01
   7.3081921e-01
   7.6072822e-01
   7.8283482e-01
   7.9453835e-01
   7.9583873e-01
   7.9063715e-01
   7.8153446e-01
   7.6983094e-01
   7.5812742e-01
   7.4642393e-01
   7.3472040e-01
   7.2041610e-01
   7.0871258e-01
   6.9830950e-01
   6.9050712e-01
   6.8660598e-01
   6.8530556e-01
   6.8530559e-01
   6.8140440e-01
   6.7620285e-01
   6.6970091e-01
   6.6319894e-01
   6.6059816e-01
   6.6579971e-01
   6.7620285e-01
   6.8920673e-01
   6.9960986e-01
   7.0351103e-01
   6.9830950e-01
   6.8400518e-01
   6.6319896e-01
   6.3979192e-01
   6.1768529e-01
   6.0208060e-01
   5.9037711e-01
   5.8517553e-01
   5.8387514e-01
   5.8647592e-01
   5.9167747e-01
   5.9947983e-01
   6.1378410e-01
   6.2938881e-01
   6.4759425e-01
   6.6189855e-01
   6.7360207e-01
   6.8400520e-01
   6.9180753e-01
   7.0091025e-01
   7.1651494e-01
   7.4122237e-01
   7.7243172e-01
   8.0364106e-01
   8.3485044e-01
   8.5435629e-01
   8.6345901e-01
   8.5825746e-01
   8.4005199e-01
   8.1274381e-01
   7.8283485e-01
   7.4902467e-01
   7.1781533e-01
   6.8660595e-01
   6.6189855e-01
   6.4239270e-01
   6.3198959e-01
   6.3328998e-01
   6.4369311e-01
   6.6059819e-01
   6.8010401e-01
   6.9960986e-01
   7.1261377e-01
   7.1911572e-01
   7.1911572e-01
   7.1651494e-01
   7.1651494e-01
   7.1651494e-01
   7.2171649e-01
   7.2951885e-01
   7.3602079e-01
   7.3992196e-01
   7.4252273e-01
   7.4382312e-01
   7.4382312e-01
   7.4772431e-01
   7.5162548e-01
   7.5422625e-01
   7.5032509e-01
   7.3992196e-01
   7.2041610e-01
   6.9570870e-01
   6.6970091e-01
   6.4889464e-01
   6.3979192e-01
   6.4109234e-01
   6.5539661e-01
   6.7620285e-01
   7.0351103e-01
   7.2951885e-01
   7.5422625e-01
   7.7243172e-01
   7.8673602e-01
   7.9323796e-01
   7.9193757e-01
   7.8023405e-01
   7.6332897e-01
   7.3992196e-01
   7.1651494e-01
   6.9960986e-01
   6.8790637e-01
   6.8920673e-01
   6.9440831e-01
   7.0351106e-01
   7.1001300e-01
   7.1001300e-01
   7.0221067e-01
   6.9180753e-01
   6.8010401e-01
   6.7360207e-01
   6.7750324e-01
   6.9180753e-01
   7.1391416e-01
   7.3862157e-01
   7.6462939e-01
   7.8803638e-01
   8.0234068e-01
   8.0884265e-01
   8.0754226e-01
   7.9583873e-01
   7.7373211e-01
   7.4642393e-01
   7.1261377e-01
   6.7880362e-01
   6.5409622e-01
   6.3979192e-01
   6.4369311e-01
   6.6059819e-01
   6.8790634e-01
   7.2041613e-01
   7.5032506e-01
   7.7373211e-01
   7.8413524e-01
   7.8673599e-01
   7.8153444e-01
   7.7503249e-01
   7.6592978e-01
   7.6072820e-01
   7.5682703e-01
   7.5682703e-01
   7.6072820e-01
   7.7243172e-01
   7.9193754e-01
   8.1924575e-01
   8.5305590e-01
   8.8556567e-01
   9.1677501e-01
   9.3888167e-01
   9.4928477e-01
   9.4798439e-01
   9.3888164e-01
   9.2587776e-01
   9.1417423e-01
   9.0637191e-01
   9.0117032e-01
   8.9856958e-01
   8.9336799e-01
   8.8686602e-01
   8.8036408e-01
   8.6996098e-01
   8.6215862e-01
   8.5435629e-01
   8.4655393e-01
   8.3875160e-01
   8.2834850e-01
   8.1794536e-01
   8.0624184e-01
   7.9843954e-01
   7.9843954e-01
   8.0624184e-01
   8.2184656e-01
   8.4135241e-01
   8.6345901e-01
   8.8036408e-01
   8.9076719e-01
   8.9206761e-01
   8.8556567e-01
   8.7386214e-01
   8.5695707e-01
   8.3485044e-01
   8.0624184e-01
   7.7373211e-01
   7.3472040e-01
   6.9180751e-01
   6.5019503e-01
   6.0858257e-01
   5.7347203e-01
   5.4616382e-01
   5.2145642e-01
   5.0195057e-01
   4.8374510e-01
   4.6423925e-01
   4.4863459e-01
   4.3953185e-01
   4.3823146e-01
   4.4733421e-01
   4.6553964e-01
   4.8764627e-01
   5.0975293e-01
   5.2925875e-01
   5.4096227e-01
   5.4616382e-01
   5.4616385e-01
   5.4356305e-01
   5.4096227e-01
   5.3706111e-01
   5.3185955e-01
   5.2535761e-01
   5.1495448e-01
   5.0585173e-01
   4.9674902e-01
   4.9024707e-01
   4.8634591e-01
   4.8634588e-01
   4.8504549e-01
   4.8374510e-01
   4.8114433e-01
   4.7854355e-01
   4.7724316e-01
   4.8504549e-01
   5.0065018e-01
   5.2275681e-01
   5.4876460e-01
   5.7477242e-01
   5.9427827e-01
   6.0598177e-01
   6.0598180e-01
   6.0208060e-01
   5.9557866e-01
   5.9297789e-01
   5.9427827e-01
   6.0338099e-01
   6.1508451e-01
   6.3198959e-01
   6.4759428e-01
   6.6449935e-01
   6.8010404e-01
   6.9570870e-01
   7.0871261e-01
   7.1781533e-01
   7.1911572e-01
   7.1391416e-01
   7.0091025e-01
   6.8400520e-01
   6.6710013e-01
   6.5279580e-01
   6.4629386e-01
   6.4759428e-01
   6.5279583e-01
   6.6059816e-01
   6.6710013e-01
   6.7100127e-01
   6.6970091e-01
   6.6840052e-01
   6.6710010e-01
   6.6840049e-01
   6.7230165e-01
   6.7490246e-01
   6.7490246e-01
   6.7230168e-01
   6.6710010e-01
   6.6189855e-01
   6.5669700e-01
   6.5279583e-01
   6.4759428e-01
   6.4109231e-01
   6.2678804e-01
   6.0468141e-01
   5.7347203e-01
   5.3576072e-01
   4.9804940e-01
   4.6423925e-01
   4.3953185e-01
   4.2262677e-01
   4.1092328e-01
   4.0572170e-01
   4.0312092e-01
   3.9921976e-01
   3.9531859e-01
   3.9271781e-01
   3.9141743e-01
   3.9141743e-01
   3.9011704e-01
   3.9011701e-01
   3.8621587e-01
   3.7841352e-01
   3.7191157e-01
   3.6671002e-01
   3.6540963e-01
   3.6931077e-01
   3.7971390e-01
   3.9271781e-01
   4.0702211e-01
   4.1872561e-01
   4.2912871e-01
   4.3953185e-01
   4.5123534e-01
   4.6423928e-01
   4.7854355e-01
   4.9154746e-01
   5.0195057e-01
   5.0585176e-01
   5.0455137e-01
   5.0065018e-01
   4.9414824e-01
   4.9154743e-01
   4.9414824e-01
   4.9804940e-01
   5.0455134e-01
   5.0715215e-01
   5.0715215e-01
   5.0065018e-01
   4.9154746e-01
   4.8114433e-01
   4.7594275e-01
   4.7464239e-01
   4.7854355e-01
   4.8504549e-01
   4.9284785e-01
   4.9804940e-01
   5.0325096e-01
   5.0845254e-01
   5.1625487e-01
   5.2795839e-01
   5.4356305e-01
   5.6176854e-01
   5.8127439e-01
   5.9557866e-01
   6.0988293e-01
   6.2158646e-01
   6.3198956e-01
   6.4499347e-01
   6.5669700e-01
   6.6840049e-01
   6.7620285e-01
   6.8010401e-01
   6.7880362e-01
   6.7490246e-01
   6.7230168e-01
   6.7360207e-01
   6.7880362e-01
   6.8920673e-01
   6.9830948e-01
   7.0351103e-01
   7.0221067e-01
   6.9180753e-01
   6.7490246e-01
   6.5539661e-01
   6.3719114e-01
   6.2418723e-01
   6.1638490e-01
   6.1508451e-01
   6.1768532e-01
   6.2418726e-01
   6.3198959e-01
   6.4369308e-01
   6.5929777e-01
   6.8010401e-01
   7.0351106e-01
   7.2561766e-01
   7.4252276e-01
   7.5032509e-01
   7.4642390e-01
   7.3342001e-01
   7.1521455e-01
   6.9180753e-01
   6.6710010e-01
   6.4499350e-01
   6.2158646e-01
   5.9947986e-01
   5.7607281e-01
   5.5656696e-01
   5.4226266e-01
   5.3706111e-01
   5.4356305e-01
   5.5786735e-01
   5.7737320e-01
   5.9687905e-01
   6.1248374e-01
   6.2028607e-01
   6.2158646e-01
   6.1378413e-01
   5.9947986e-01
   5.7997398e-01
   5.5786735e-01
   5.3055917e-01
   5.0195057e-01
   4.7074122e-01
   4.4213262e-01
   4.1872561e-01
   4.0442131e-01
   4.0182053e-01
   4.1222367e-01
   4.3042913e-01
   4.5253576e-01
   4.7464239e-01
   4.9284785e-01
   5.1105331e-01
   5.2535758e-01
   5.3966188e-01
   5.5656696e-01
   5.7347203e-01
   5.9037711e-01
   6.0338099e-01
   6.1118335e-01
   6.1508451e-01
   6.1768532e-01
   6.1898568e-01
   6.2418723e-01
   6.3198959e-01
   6.4239270e-01
   6.4889467e-01
   6.5279583e-01
   6.4889467e-01
   6.3719114e-01
   6.2288687e-01
   6.0468141e-01
   5.8777633e-01
   5.7087123e-01
   5.5656696e-01
   5.4356305e-01
   5.3315994e-01
   5.2665800e-01
   5.2535761e-01
   5.3185953e-01
   5.4616385e-01
   5.6957087e-01
   5.9297786e-01
   6.1378413e-01
   6.2678804e-01
   6.2938879e-01
   6.2158646e-01
   6.0468138e-01
   5.8517556e-01
   5.6436932e-01
   5.4616382e-01
   5.3185953e-01
   5.1755526e-01
   5.0715212e-01
   5.0065018e-01
   4.9414824e-01
   4.9414824e-01
   4.9934979e-01
   5.0715215e-01
   5.1625487e-01
   5.2275681e-01
   5.2275681e-01
   5.1755526e-01
   5.0715212e-01
   4.9674902e-01
   4.9024705e-01
   4.9284785e-01
   5.0065018e-01
   5.1625487e-01
   5.3576072e-01
   5.5656696e-01
   5.7347203e-01
   5.8777633e-01
   5.9947983e-01
   6.0858257e-01
   6.1508451e-01
   6.1768529e-01
   6.1378413e-01
   6.0338102e-01
   5.8777631e-01
   5.6957087e-01
   5.5526657e-01
   5.4876463e-01
   5.5396618e-01
   5.7347203e-01
   6.0208060e-01
   6.3719114e-01
   6.7360207e-01
   7.0481142e-01
   7.2821846e-01
   7.4382315e-01
   7.5032509e-01
   7.4772429e-01
   7.3732118e-01
   7.2041613e-01
   6.9570870e-01
   6.6840049e-01
   6.4239270e-01
   6.2158646e-01
   6.1118335e-01
   6.1378413e-01
   6.2938881e-01
   6.5539661e-01
   6.8530559e-01
   7.1651494e-01
   7.4642390e-01
   7.7243172e-01
   7.9583873e-01
   8.1664500e-01
   8.3485044e-01
   8.4785435e-01
   8.5435629e-01
   8.4915471e-01
   8.3355005e-01
   8.0754226e-01
   7.7633288e-01
   7.4122234e-01
   7.0871261e-01
   6.8140440e-01
   6.5669700e-01
   6.3459037e-01
   6.1248374e-01
   5.9167750e-01
   5.6827045e-01
   5.4746424e-01
   5.3185953e-01
   5.2145642e-01
   5.1625487e-01
   5.1625487e-01
   5.1755526e-01
   5.2015603e-01
   5.2535758e-01
   5.3185955e-01
   5.4226266e-01
   5.5786735e-01
   5.7477242e-01
   5.8907672e-01
   5.9947983e-01
   6.0078024e-01
   5.9167750e-01
   5.7477242e-01
   5.5786735e-01
   5.4096227e-01
   5.3315994e-01
   5.3446030e-01
   5.4096227e-01
   5.5396615e-01
   5.6957087e-01
   5.8517553e-01
   5.9687905e-01
   6.0468141e-01
   6.0988296e-01
   6.1118335e-01
   6.0468141e-01
   5.9297789e-01
   5.7347203e-01
   5.5006502e-01
   5.2795836e-01
   5.0715215e-01
   4.9674902e-01
   4.9674902e-01
   5.0325096e-01
   5.1625487e-01
   5.3055917e-01
   5.4226266e-01
   5.4876463e-01
   5.5526657e-01
   5.6176851e-01
   5.7477242e-01
   5.9427827e-01
   6.2028610e-01
   6.5019505e-01
   6.8010401e-01
   7.0871261e-01
   7.3211963e-01
   7.5032509e-01
   7.6332900e-01
   7.7243172e-01
   7.7373211e-01
   7.6723017e-01
   7.5032506e-01
   7.2561769e-01
   6.9440831e-01
   6.5929777e-01
   6.2548765e-01
   6.0078022e-01
   5.8647595e-01
   5.7997398e-01
   5.7997400e-01
   5.8257478e-01
   5.8517553e-01
   5.8647592e-01
   5.8647595e-01
   5.8647592e-01
   5.8907672e-01
   5.9167747e-01
   5.9427827e-01
   5.9557866e-01
   5.9297789e-01
   5.8777631e-01
   5.7997398e-01
   5.7477242e-01
   5.7347203e-01
   5.7477239e-01
   5.7867359e-01
   5.8387517e-01
   5.8517553e-01
   5.8257475e-01
   5.7737320e-01
   5.7347203e-01
   5.7477242e-01
   5.8257475e-01
   5.9817944e-01
   6.1768529e-01
   6.3979192e-01
   6.5799738e-01
   6.7100129e-01
   6.7620285e-01
   6.7620285e-01
   6.7100127e-01
   6.6059816e-01
   6.4889464e-01
   6.3068917e-01
   6.0988293e-01
   5.8517556e-01
   5.6176851e-01
   5.4096227e-01
   5.2795836e-01
   5.2665800e-01
   5.3315991e-01
   5.4746421e-01
   5.6306893e-01
   5.7607281e-01
   5.8387517e-01
   5.8517553e-01
   5.7997398e-01
   5.7217165e-01
   5.6176851e-01
   5.4876463e-01
   5.3576072e-01
   5.2145642e-01
   5.0195057e-01
   4.8244472e-01
   4.6293886e-01
   4.4863457e-01
   4.4083224e-01
   4.4083224e-01
   4.4733421e-01
   4.5643689e-01
   4.6684003e-01
   4.7724316e-01
   4.8764627e-01
   4.9674902e-01
   5.0975290e-01
   5.2405720e-01
   5.3836150e-01
   5.5006502e-01
   5.5396618e-01
   5.4876463e-01
   5.3315994e-01
   5.1105329e-01
   4.8504552e-01
   4.6163848e-01
   4.4213265e-01
   4.2782833e-01
   4.1872561e-01
   4.1222364e-01
   4.0702209e-01
   4.0572170e-01
   4.0832250e-01
   4.1612483e-01
   4.3042910e-01
   4.4993498e-01
   4.7204161e-01
   4.9024705e-01
   5.0585173e-01
   5.1365409e-01
   5.1625487e-01
   5.1235367e-01
   5.0455137e-01
   4.9414824e-01
   4.8114433e-01
   4.6423925e-01
   4.4343301e-01
   4.2132638e-01
   4.0052014e-01
   3.8491546e-01
   3.7971390e-01
   3.8621584e-01
   4.0182053e-01
   4.2392716e-01
   4.4473343e-01
   4.6163848e-01
   4.6944083e-01
   4.6814042e-01
   4.5903770e-01
   4.4733418e-01
   4.3433029e-01
   4.2132638e-01
   4.0962286e-01
   3.9921976e-01
   3.9011704e-01
   3.8231468e-01
   3.8101429e-01
   3.8491549e-01
   3.9531859e-01
   4.1092328e-01
   4.2392719e-01
   4.3302991e-01
   4.3302991e-01
   4.2392716e-01
   4.0702209e-01
   3.8751626e-01
   3.6931080e-01
   3.5890766e-01
   3.5500650e-01
   3.5890766e-01
   3.6801041e-01
   3.8231468e-01
   3.9791937e-01
   4.1612483e-01
   4.3693107e-01
   4.6033809e-01
   4.8114433e-01
   5.0195057e-01
   5.1755526e-01
   5.2665800e-01
   5.2925875e-01
   5.3055917e-01
   5.2925878e-01
   5.3446033e-01
   5.4486347e-01
   5.5916774e-01
   5.7347203e-01
   5.8647592e-01
   5.9297789e-01
   5.9297789e-01
   5.8777631e-01
   5.7997398e-01
   5.7347203e-01
   5.6957084e-01
   5.6957084e-01
   5.7217162e-01
   5.7607281e-01
   5.8257475e-01
   5.9297789e-01
   6.0858255e-01
   6.2808840e-01
   6.5279583e-01
   6.7620288e-01
   6.9440831e-01
   7.0221064e-01
   6.9700909e-01
   6.7620285e-01
   6.4629389e-01
   6.0858257e-01
   5.6957087e-01
   5.3185953e-01
   4.9674902e-01
   4.6684003e-01
   4.4083224e-01
   4.1872561e-01
   4.0442131e-01
   3.9661898e-01
   3.9661898e-01
   4.0572170e-01
   4.2262677e-01
   4.3953185e-01
