   3.6454066e-01
   3.7448800e-01
   3.8619076e-01
   3.9906378e-01
   4.1018139e-01
   4.1778818e-01
   4.2188414e-01
   4.2129901e-01
   4.1544763e-01
   4.0608543e-01
   3.9379753e-01
   3.7916910e-01
   3.6337039e-01
   3.4757168e-01
   3.3235811e-01
   3.1889994e-01
   3.0836746e-01
   3.0076067e-01
   2.9783498e-01
   2.9959040e-01
   3.0661204e-01
   3.1772966e-01
   3.3294323e-01
   3.5108249e-01
   3.7097718e-01
   3.9087185e-01
   4.0901111e-01
   4.2480983e-01
   4.3768286e-01
   4.4704505e-01
   4.5348156e-01
   4.5640726e-01
   4.5757752e-01
   4.5640725e-01
   4.5523697e-01
   4.5289643e-01
   4.4997074e-01
   4.4645991e-01
   4.4294909e-01
   4.3885312e-01
   4.3358689e-01
   4.2773552e-01
   4.2246928e-01
   4.1720304e-01
   4.1310708e-01
   4.1076652e-01
   4.0959626e-01
   4.1018139e-01
   4.1076652e-01
   4.1135167e-01
   4.1135166e-01
   4.1018139e-01
   4.0608543e-01
   4.0081919e-01
   3.9262727e-01
   3.8326506e-01
   3.7214745e-01
   3.6161498e-01
   3.5166764e-01
   3.4347570e-01
   3.3820949e-01
   3.3528379e-01
   3.3586893e-01
   3.3820947e-01
   3.4230543e-01
   3.4698655e-01
   3.5166764e-01
   3.5517846e-01
   3.5751902e-01
   3.5810416e-01
   3.5693387e-01
   3.5459332e-01
   3.5225278e-01
   3.5049736e-01
   3.4874195e-01
   3.4991223e-01
   3.5225278e-01
   3.5751902e-01
   3.6512580e-01
   3.7448800e-01
   3.8502048e-01
   3.9672323e-01
   4.0842599e-01
   4.1954360e-01
   4.2890579e-01
   4.3709771e-01
   4.4294909e-01
   4.4704506e-01
   4.4821533e-01
   4.4763018e-01
   4.4470450e-01
   4.4002341e-01
   4.3417203e-01
   4.2715039e-01
   4.1954359e-01
   4.1135166e-01
   4.0374487e-01
   3.9613808e-01
   3.8911644e-01
   3.8209479e-01
   3.7624341e-01
   3.7097718e-01
   3.6629608e-01
   3.6278525e-01
   3.6044470e-01
   3.5868928e-01
   3.5927442e-01
   3.5985955e-01
   3.6220011e-01
   3.6512581e-01
   3.6980690e-01
   3.7390286e-01
   3.7858395e-01
   3.8267994e-01
   3.8677588e-01
   3.9087186e-01
   3.9379755e-01
   3.9672322e-01
   3.9964891e-01
   4.0198946e-01
   4.0374487e-01
   4.0550028e-01
   4.0667057e-01
   4.0608543e-01
   4.0433001e-01
   4.0081920e-01
   3.9672323e-01
   3.9145699e-01
   3.8560561e-01
   3.8033938e-01
   3.7624342e-01
   3.7507313e-01
   3.7565827e-01
   3.7916910e-01
   3.8385021e-01
   3.9087185e-01
   3.9906378e-01
   4.0725570e-01
   4.1427734e-01
   4.2012872e-01
   4.2422469e-01
   4.2715039e-01
   4.2773551e-01
   4.2656524e-01
   4.2598010e-01
   4.2422468e-01
   4.2305442e-01
   4.2129901e-01
   4.2071386e-01
   4.1837332e-01
   4.1661790e-01
   4.1427734e-01
   4.1076654e-01
   4.0667057e-01
   4.0140434e-01
   3.9672323e-01
   3.9145700e-01
   3.8619074e-01
   3.8150965e-01
   3.7565828e-01
   3.6980690e-01
   3.6454066e-01
   3.5927443e-01
   3.5459332e-01
   3.5166763e-01
   3.4991223e-01
   3.5049736e-01
   3.5342305e-01
   3.5810414e-01
   3.6454066e-01
   3.7039204e-01
   3.7624342e-01
   3.7975424e-01
   3.8033938e-01
   3.7624341e-01
   3.6863663e-01
   3.5693388e-01
   3.4172031e-01
   3.2416618e-01
   3.0661204e-01
   2.9022819e-01
   2.7677004e-01
   2.6623756e-01
   2.6038619e-01
   2.5863077e-01
   2.6155645e-01
   2.6857811e-01
   2.7794032e-01
   2.9081334e-01
   3.0485664e-01
   3.1889994e-01
   3.3294324e-01
   3.4640140e-01
   3.5810416e-01
   3.6863662e-01
   3.7624341e-01
   3.8209479e-01
   3.8619074e-01
   3.8736103e-01
   3.8677589e-01
   3.8502047e-01
   3.8150966e-01
   3.7682854e-01
   3.7273259e-01
   3.6805149e-01
   3.6337040e-01
   3.6044470e-01
   3.5868929e-01
   3.5985955e-01
   3.6220011e-01
   3.6688122e-01
   3.7273259e-01
   3.8033938e-01
   3.8794617e-01
   3.9496782e-01
   4.0198947e-01
   4.0667057e-01
   4.0901111e-01
   4.1018139e-01
   4.0842598e-01
   4.0433002e-01
   3.9906378e-01
   3.9321240e-01
   3.8619074e-01
   3.7975424e-01
   3.7390286e-01
   3.6805148e-01
   3.6278525e-01
   3.5751902e-01
   3.5166764e-01
   3.4523113e-01
   3.3820949e-01
   3.3001756e-01
   3.2124048e-01
   3.1012287e-01
   2.9900526e-01
   2.8671738e-01
   2.7442949e-01
   2.6214160e-01
   2.5043884e-01
   2.3932123e-01
   2.3054417e-01
   2.2352252e-01
   2.1942656e-01
   2.1825629e-01
   2.2001170e-01
   2.2352252e-01
   2.2937390e-01
   2.3698069e-01
   2.4575774e-01
   2.5394968e-01
   2.6214160e-01
   2.6857811e-01
   2.7442949e-01
   2.7794032e-01
   2.7911058e-01
   2.7969572e-01
   2.7794032e-01
   2.7559976e-01
   2.7267407e-01
   2.6857812e-01
   2.6331188e-01
   2.5804563e-01
   2.5160912e-01
   2.4400233e-01
   2.3698069e-01
   2.3054417e-01
   2.2352252e-01
   2.1708601e-01
   2.1240491e-01
   2.0889409e-01
   2.0772381e-01
   2.0772380e-01
   2.0830895e-01
   2.0947922e-01
   2.1123463e-01
   2.1240492e-01
   2.1181977e-01
   2.1181977e-01
   2.0947922e-01
   2.0655354e-01
   2.0304271e-01
   1.9953189e-01
   1.9719133e-01
   1.9426565e-01
   1.9309537e-01
   1.9251024e-01
   1.9251024e-01
   1.9309537e-01
   1.9485078e-01
   1.9660620e-01
   1.9894674e-01
   2.0187243e-01
   2.0596839e-01
   2.1123463e-01
   2.1767114e-01
   2.2644821e-01
   2.3639555e-01
   2.4692802e-01
   2.5863077e-01
   2.7150380e-01
   2.8379168e-01
   2.9607957e-01
   3.0778233e-01
   3.1831480e-01
   3.2709186e-01
   3.3528378e-01
   3.4113517e-01
   3.4581626e-01
   3.4932708e-01
   3.5108249e-01
   3.5166764e-01
   3.5049737e-01
   3.4932708e-01
   3.4640140e-01
   3.4406085e-01
   3.4172029e-01
   3.3937976e-01
   3.3820947e-01
   3.3762434e-01
   3.3879462e-01
   3.4113517e-01
   3.4406085e-01
   3.4757168e-01
   3.5049737e-01
   3.5342304e-01
   3.5517846e-01
   3.5576360e-01
   3.5517846e-01
   3.5342305e-01
   3.5108250e-01
   3.4932708e-01
   3.4874195e-01
   3.4932709e-01
   3.5166764e-01
   3.5693387e-01
   3.6220011e-01
   3.6922177e-01
   3.7565828e-01
   3.8092451e-01
   3.8502047e-01
   3.8677589e-01
   3.8677589e-01
   3.8443533e-01
   3.8209479e-01
   3.7858397e-01
   3.7507313e-01
   3.7273259e-01
   3.7097716e-01
   3.7039204e-01
   3.7039204e-01
   3.7156231e-01
   3.7273259e-01
   3.7390286e-01
   3.7565827e-01
   3.7741369e-01
   3.7858395e-01
   3.8033938e-01
   3.8326506e-01
   3.8619074e-01
   3.8970158e-01
   3.9496781e-01
   3.9964891e-01
   4.0491516e-01
   4.0959625e-01
   4.1310708e-01
   4.1427736e-01
   4.1427736e-01
   4.1193681e-01
   4.0842598e-01
   4.0491516e-01
   4.0140434e-01
   3.9847864e-01
   3.9847864e-01
   3.9906378e-01
   4.0198946e-01
   4.0491516e-01
   4.0959625e-01
   4.1252193e-01
   4.1427736e-01
   4.1369222e-01
   4.1018139e-01
   4.0315973e-01
   3.9438268e-01
   3.8385020e-01
   3.7214746e-01
   3.6044470e-01
   3.4932709e-01
   3.3996490e-01
   3.3294324e-01
   3.2767700e-01
   3.2416618e-01
   3.2358104e-01
   3.2416618e-01
   3.2650673e-01
   3.3060268e-01
   3.3586891e-01
   3.4230543e-01
   3.4874196e-01
   3.5517846e-01
   3.6044470e-01
   3.6571093e-01
   3.6863663e-01
   3.7039204e-01
   3.7039204e-01
   3.6746636e-01
   3.6395552e-01
   3.5751901e-01
   3.5166764e-01
   3.4523113e-01
   3.4055002e-01
   3.3762434e-01
   3.3703920e-01
   3.3937976e-01
   3.4523113e-01
   3.5342305e-01
   3.6395552e-01
   3.7565827e-01
   3.8677589e-01
   3.9789350e-01
   4.0784084e-01
   4.1486249e-01
   4.1954359e-01
   4.2129900e-01
   4.2071387e-01
   4.1895845e-01
   4.1544763e-01
   4.1252195e-01
   4.1018140e-01
   4.0901111e-01
   4.0959625e-01
   4.1193680e-01
   4.1661790e-01
   4.2246928e-01
   4.2832065e-01
   4.3475716e-01
   4.3943826e-01
   4.4353423e-01
   4.4528964e-01
   4.4470450e-01
   4.4236395e-01
   4.3826798e-01
   4.3300174e-01
   4.2656524e-01
   4.2188414e-01
   4.1661790e-01
   4.1252195e-01
   4.1076652e-01
   4.0959625e-01
   4.0959625e-01
   4.1193681e-01
   4.1544763e-01
   4.2012873e-01
   4.2598010e-01
   4.3358689e-01
   4.4119367e-01
   4.4997074e-01
   4.5757753e-01
   4.6401404e-01
   4.6928028e-01
   4.7279110e-01
   4.7337624e-01
   4.7220596e-01
   4.6986542e-01
   4.6576946e-01
   4.6108835e-01
   4.5699238e-01
   4.5231129e-01
   4.4704505e-01
   4.4294909e-01
   4.3885312e-01
   4.3417203e-01
   4.2890580e-01
   4.2246928e-01
   4.1544763e-01
   4.0784084e-01
   3.9906378e-01
   3.8970158e-01
   3.8033938e-01
   3.7156231e-01
   3.6337040e-01
   3.5576360e-01
   3.4874196e-01
   3.4406085e-01
   3.3996490e-01
   3.3645406e-01
   3.3469865e-01
   3.3469865e-01
   3.3528379e-01
   3.3762435e-01
   3.4172031e-01
   3.4698654e-01
   3.5400819e-01
   3.6278525e-01
   3.7273259e-01
   3.8502047e-01
   3.9847864e-01
   4.1252195e-01
   4.2773552e-01
   4.4236395e-01
   4.5582211e-01
   4.6693973e-01
   4.7747221e-01
   4.8449386e-01
   4.8976009e-01
   4.9210065e-01
   4.9385606e-01
   4.9385606e-01
   4.9268577e-01
   4.9034523e-01
   4.8741954e-01
   4.8332357e-01
   4.7922762e-01
   4.7337625e-01
   4.6693972e-01
   4.5991808e-01
   4.5289643e-01
   4.4528964e-01
   4.3768286e-01
   4.3066121e-01
   4.2480983e-01
   4.1895845e-01
   4.1544762e-01
   4.1310707e-01
   4.1193680e-01
   4.1076652e-01
   4.1076654e-01
   4.1135166e-01
   4.1135167e-01
   4.1193680e-01
   4.1193681e-01
   4.1193680e-01
   4.1193681e-01
   4.1193680e-01
   4.1252193e-01
   4.1369222e-01
   4.1603277e-01
   4.1837331e-01
   4.2188414e-01
   4.2422469e-01
   4.2598010e-01
   4.2480983e-01
   4.2071387e-01
   4.1193681e-01
   3.9964893e-01
   3.8326506e-01
   3.6395552e-01
   3.4347572e-01
   3.2299591e-01
   3.0544178e-01
   2.9198361e-01
   2.8554709e-01
   2.8554709e-01
   2.9315390e-01
   3.0661205e-01
   3.2650673e-01
   3.4932709e-01
   3.7390286e-01
   3.9847864e-01
   4.2071386e-01
   4.3885313e-01
   4.5289643e-01
   4.6225864e-01
   4.6869514e-01
   4.7220598e-01
   4.7454651e-01
   4.7630192e-01
   4.7864248e-01
   4.8215330e-01
   4.8800468e-01
   4.9444120e-01
   5.0263312e-01
   5.1199531e-01
   5.2077238e-01
   5.3013458e-01
   5.3891165e-01
   5.4593329e-01
   5.5178467e-01
   5.5646576e-01
   5.5939146e-01
   5.6173200e-01
   5.6348743e-01
   5.6348743e-01
   5.6348743e-01
   5.6290228e-01
   5.6173200e-01
   5.6056174e-01
   5.5880632e-01
   5.5588064e-01
   5.5295494e-01
   5.4827385e-01
   5.4359274e-01
   5.3715624e-01
   5.3013458e-01
   5.2077238e-01
   5.1141017e-01
   5.0146284e-01
   4.9034523e-01
   4.7922762e-01
   4.6869514e-01
   4.5816267e-01
   4.4763018e-01
   4.3709771e-01
   4.2598010e-01
   4.1486249e-01
   4.0374488e-01
   3.9262726e-01
   3.8209480e-01
   3.7273259e-01
   3.6512581e-01
   3.5985955e-01
   3.5751902e-01
   3.5810416e-01
   3.6220011e-01
   3.6922175e-01
   3.7916910e-01
   3.9087185e-01
   4.0491514e-01
   4.2012872e-01
   4.3534230e-01
   4.5114102e-01
   4.6576945e-01
   4.8039789e-01
   4.9385606e-01
   5.0614394e-01
   5.1726155e-01
   5.2662375e-01
   5.3481569e-01
   5.4125219e-01
   5.4534815e-01
   5.4768871e-01
   5.4710357e-01
   5.4476301e-01
   5.3949678e-01
   5.3364542e-01
   5.2603861e-01
   5.1784669e-01
   5.0965476e-01
   5.0146285e-01
   4.9385605e-01
   4.8683441e-01
   4.8098303e-01
   4.7571678e-01
   4.7103569e-01
   4.6576946e-01
   4.6050322e-01
   4.5406670e-01
   4.4704505e-01
   4.3943827e-01
   4.3124634e-01
   4.2246928e-01
   4.1486248e-01
   4.0901111e-01
   4.0433001e-01
   4.0257461e-01
   4.0315973e-01
   4.0725570e-01
   4.1369221e-01
   4.2188414e-01
   4.3183148e-01
   4.4177880e-01
   4.5114102e-01
   4.5874779e-01
   4.6342891e-01
   4.6518431e-01
   4.6459919e-01
   4.6050322e-01
   4.5465184e-01
   4.4821532e-01
   4.4119368e-01
   4.3651257e-01
   4.3183148e-01
   4.2949093e-01
   4.2773551e-01
   4.2773551e-01
   4.2773552e-01
   4.2715039e-01
   4.2539497e-01
   4.2188414e-01
   4.1720304e-01
   4.1018139e-01
   4.0081919e-01
   3.9145699e-01
   3.8150965e-01
   3.7156231e-01
   3.6278525e-01
   3.5517846e-01
   3.4932708e-01
   3.4581626e-01
   3.4347572e-01
   3.4347572e-01
   3.4406085e-01
   3.4523113e-01
   3.4757168e-01
   3.4991222e-01
   3.5108250e-01
   3.5283791e-01
   3.5283791e-01
   3.5342305e-01
   3.5283790e-01
   3.5283791e-01
   3.5225278e-01
   3.5283790e-01
   3.5400819e-01
   3.5634873e-01
   3.5927443e-01
   3.6220011e-01
   3.6512580e-01
   3.6746634e-01
   3.6863663e-01
   3.6863662e-01
   3.6746636e-01
   3.6395552e-01
   3.5985957e-01
   3.5517847e-01
   3.5049737e-01
   3.4640141e-01
   3.4406085e-01
   3.4230544e-01
   3.4347570e-01
   3.4523113e-01
   3.4757167e-01
   3.5049737e-01
   3.5283791e-01
   3.5342305e-01
   3.5283791e-01
   3.4991223e-01
   3.4581626e-01
   3.4113517e-01
   3.3645406e-01
   3.3177296e-01
   3.2767700e-01
   3.2475130e-01
   3.2299591e-01
   3.2299589e-01
   3.2299591e-01
   3.2299589e-01
   3.2299591e-01
   3.2241077e-01
   3.2182562e-01
   3.2065535e-01
   3.1831480e-01
   3.1772966e-01
   3.1772966e-01
   3.1948507e-01
   3.2299589e-01
   3.2884727e-01
   3.3645406e-01
   3.4464599e-01
   3.5400819e-01
   3.6161498e-01
   3.6805149e-01
   3.7273259e-01
   3.7565827e-01
   3.7682854e-01
   3.7741369e-01
   3.7741369e-01
   3.7916909e-01
   3.8150965e-01
   3.8560562e-01
   3.9262726e-01
   4.0023405e-01
   4.0901111e-01
   4.1720304e-01
   4.2422469e-01
   4.2832065e-01
   4.2890580e-01
   4.2539497e-01
   4.1954359e-01
   4.1076652e-01
   4.0023405e-01
   3.9028671e-01
   3.8150965e-01
   3.7448801e-01
   3.7097718e-01
   3.7214745e-01
   3.7682854e-01
   3.8502047e-01
   3.9555294e-01
   4.0901111e-01
   4.2246927e-01
   4.3592744e-01
   4.4821532e-01
   4.5874781e-01
   4.6693973e-01
   4.7396137e-01
   4.7805734e-01
   4.8098303e-01
   4.8156816e-01
   4.8039789e-01
   4.7688707e-01
   4.7162083e-01
   4.6518432e-01
   4.5699238e-01
   4.4880047e-01
   4.4177880e-01
   4.3592744e-01
   4.3358689e-01
   4.3475716e-01
   4.4060854e-01
   4.5055588e-01
   4.6401404e-01
   4.7922762e-01
   4.9561147e-01
   5.1199531e-01
   5.2603863e-01
   5.3598595e-01
   5.4183733e-01
   5.4242248e-01
   5.3774137e-01
   5.2896431e-01
   5.1726155e-01
   5.0380339e-01
   4.9034524e-01
   4.7864248e-01
   4.6811001e-01
   4.6108835e-01
   4.5757753e-01
   4.5699240e-01
   4.5874781e-01
   4.6284376e-01
   4.6752486e-01
   4.7337624e-01
   4.7864247e-01
   4.8449385e-01
   4.8917495e-01
   4.9385606e-01
   4.9795202e-01
   5.0204798e-01
   5.0672909e-01
   5.1141018e-01
   5.1609129e-01
   5.2018725e-01
   5.2311293e-01
   5.2428320e-01
   5.2369807e-01
   5.2018723e-01
   5.1433587e-01
   5.0497367e-01
   4.9327092e-01
   4.7981275e-01
   4.6518432e-01
   4.4938559e-01
   4.3358689e-01
   4.1954359e-01
   4.0725570e-01
   3.9730837e-01
   3.9087186e-01
   3.8677589e-01
   3.8560562e-01
   3.8560562e-01
   3.8619076e-01
   3.8560562e-01
   3.8267992e-01
   3.7624342e-01
   3.6688121e-01
   3.5400819e-01
   3.3937976e-01
   3.2358104e-01
   3.0895260e-01
   2.9666472e-01
   2.8905793e-01
   2.8671737e-01
   2.8964305e-01
   2.9842011e-01
   3.1129315e-01
   3.2767700e-01
   3.4464599e-01
   3.6220011e-01
   3.7682856e-01
   3.9028671e-01
   4.0023405e-01
   4.0784084e-01
   4.1310708e-01
   4.1720304e-01
   4.2012872e-01
   4.2188414e-01
   4.2480983e-01
   4.2773551e-01
   4.3124633e-01
   4.3475716e-01
   4.3826798e-01
   4.4002339e-01
   4.4002339e-01
   4.3943826e-01
   4.3592744e-01
   4.3007606e-01
   4.2129900e-01
   4.1135166e-01
   3.9964893e-01
   3.8619076e-01
   3.7273259e-01
   3.5927443e-01
   3.4640140e-01
   3.3586893e-01
   3.2709186e-01
   3.2182563e-01
   3.1948507e-01
   3.2182562e-01
   3.2650673e-01
   3.3528379e-01
   3.4581626e-01
   3.5810414e-01
   3.6922175e-01
   3.7916910e-01
   3.8736103e-01
   3.9262726e-01
   3.9672323e-01
   3.9847864e-01
   3.9964893e-01
   4.0198946e-01
   4.0491516e-01
   4.1135166e-01
   4.1954359e-01
   4.3066120e-01
   4.4411936e-01
   4.5933293e-01
   4.7513165e-01
   4.8917495e-01
   5.0146284e-01
   5.0906964e-01
   5.1258046e-01
   5.1141017e-01
   5.0497367e-01
   4.9385606e-01
   4.7864248e-01
   4.5991808e-01
   4.3943827e-01
   4.1778818e-01
   3.9613809e-01
   3.7565827e-01
   3.5693388e-01
   3.4172031e-01
   3.2943241e-01
   3.2065535e-01
   3.1480397e-01
   3.1129315e-01
   3.1070801e-01
   3.1129315e-01
   3.1304856e-01
   3.1655939e-01
   3.2007021e-01
   3.2358103e-01
   3.2767700e-01
   3.3235811e-01
   3.3645406e-01
   3.4055002e-01
   3.4406084e-01
   3.4757168e-01
   3.5108249e-01
   3.5342305e-01
   3.5634873e-01
   3.5927442e-01
   3.6337039e-01
   3.6688121e-01
   3.7273259e-01
   3.7975424e-01
   3.8853130e-01
   3.9906378e-01
   4.1193680e-01
   4.2480983e-01
   4.3885312e-01
   4.5114102e-01
   4.6225864e-01
   4.7103569e-01
   4.7688707e-01
   4.7981275e-01
   4.7922762e-01
   4.7630193e-01
   4.7045055e-01
   4.6342891e-01
   4.5465184e-01
   4.4587477e-01
   4.3651259e-01
   4.2832065e-01
   4.2071386e-01
   4.1427734e-01
   4.0901111e-01
   4.0374488e-01
   3.9964891e-01
   3.9496782e-01
   3.9028671e-01
   3.8677589e-01
   3.8326506e-01
   3.8033938e-01
   3.7741369e-01
   3.7448800e-01
   3.7214745e-01
   3.7097718e-01
   3.6922177e-01
   3.6746636e-01
   3.6629607e-01
   3.6395554e-01
   3.6278525e-01
   3.6161498e-01
   3.6044470e-01
   3.6044469e-01
   3.6102984e-01
   3.6278525e-01
   3.6512580e-01
   3.6980690e-01
   3.7390286e-01
   3.7916910e-01
   3.8385020e-01
   3.8794617e-01
   3.9145699e-01
   3.9321241e-01
   3.9438267e-01
   3.9379753e-01
   3.9262726e-01
   3.9145700e-01
   3.9028671e-01
   3.9028673e-01
   3.9028671e-01
   3.9145699e-01
   3.9379753e-01
   3.9672322e-01
   3.9964891e-01
   4.0198946e-01
   4.0257460e-01
   4.0257460e-01
   3.9906378e-01
   3.9379755e-01
   3.8677589e-01
   3.7682856e-01
   3.6629607e-01
   3.5459332e-01
   3.4289058e-01
   3.3118782e-01
   3.2124048e-01
   3.1187828e-01
   3.0427151e-01
   2.9842013e-01
   2.9432416e-01
   2.9198361e-01
   2.9256875e-01
   2.9607957e-01
   3.0134581e-01
   3.0953774e-01
   3.2007022e-01
   3.3235811e-01
   3.4464599e-01
   3.5868929e-01
   3.7214745e-01
   3.8443533e-01
   3.9555294e-01
   4.0374488e-01
   4.0901111e-01
   4.1193681e-01
   4.1076652e-01
   4.0608543e-01
   3.9906378e-01
   3.8970158e-01
   3.7799882e-01
   3.6512580e-01
   3.5225278e-01
   3.3937975e-01
   3.2767700e-01
   3.1831480e-01
   3.1070801e-01
   3.0661204e-01
   3.0485664e-01
   3.0602692e-01
   3.0895260e-01
   3.1304856e-01
   3.1889994e-01
   3.2358103e-01
   3.2767700e-01
   3.2943241e-01
   3.2943241e-01
   3.2709186e-01
   3.2299591e-01
   3.1772966e-01
   3.1070801e-01
   3.0485663e-01
   2.9959040e-01
   2.9724984e-01
   2.9724984e-01
   3.0017554e-01
   3.0544178e-01
   3.1480398e-01
   3.2592159e-01
   3.3820947e-01
   3.5225278e-01
   3.6629607e-01
   3.8092451e-01
   3.9496781e-01
   4.0901111e-01
   4.2188414e-01
   4.3358689e-01
   4.4353423e-01
   4.5055587e-01
   4.5582212e-01
   4.5816266e-01
   4.5874781e-01
   4.5699240e-01
   4.5406670e-01
   4.5114102e-01
   4.4938559e-01
   4.4821532e-01
   4.4938559e-01
   4.5172615e-01
   4.5640726e-01
   4.6108835e-01
   4.6635460e-01
   4.6986542e-01
   4.7220598e-01
   4.7279110e-01
   4.7103569e-01
   4.6752487e-01
   4.6167349e-01
   4.5406670e-01
   4.4528964e-01
   4.3651257e-01
   4.2656525e-01
   4.1661790e-01
   4.0667057e-01
   3.9672323e-01
   3.8619076e-01
   3.7565827e-01
   3.6571093e-01
   3.5576361e-01
   3.4464599e-01
   3.3411352e-01
   3.2182563e-01
   3.1012287e-01
   2.9666470e-01
   2.8496196e-01
   2.7325921e-01
   2.6448215e-01
   2.5921592e-01
   2.5746050e-01
   2.6155647e-01
   2.7033352e-01
   2.8320655e-01
   2.9900526e-01
   3.1714453e-01
   3.3411350e-01
   3.4991223e-01
   3.6220011e-01
   3.6980689e-01
   3.7214745e-01
   3.6980690e-01
   3.6337039e-01
   3.5342305e-01
   3.4230544e-01
   3.3118783e-01
   3.2182562e-01
   3.1538912e-01
   3.1187828e-01
   3.1187828e-01
   3.1480398e-01
   3.1948507e-01
   3.2533645e-01
   3.3294323e-01
   3.3879461e-01
   3.4464599e-01
   3.4757167e-01
   3.4932709e-01
   3.4757168e-01
   3.4523113e-01
   3.4113517e-01
   3.3586893e-01
   3.3001756e-01
   3.2533644e-01
   3.2065535e-01
   3.1772966e-01
   3.1597425e-01
   3.1655939e-01
   3.1831480e-01
   3.2182562e-01
   3.2592159e-01
   3.3060268e-01
   3.3528378e-01
   3.3879462e-01
   3.4055003e-01
   3.4113516e-01
   3.4113516e-01
   3.3937975e-01
   3.3762434e-01
   3.3645406e-01
   3.3528379e-01
   3.3703920e-01
   3.3996488e-01
   3.4523113e-01
   3.5283791e-01
   3.6220011e-01
   3.7273259e-01
   3.8385021e-01
   3.9555296e-01
   4.0608543e-01
   4.1544763e-01
   4.2305442e-01
   4.2715038e-01
   4.2890580e-01
   4.2598010e-01
   4.2012872e-01
   4.1018139e-01
   3.9730837e-01
   3.8267992e-01
   3.6629607e-01
   3.4874196e-01
   3.3177296e-01
   3.1480397e-01
   3.0017554e-01
   2.8847278e-01
   2.7969572e-01
   2.7325921e-01
   2.7033353e-01
   2.7033352e-01
   2.7267407e-01
   2.7677004e-01
   2.8203627e-01
   2.8788765e-01
   2.9373902e-01
   2.9783499e-01
   3.0017554e-01
   2.9959040e-01
   2.9666470e-01
   2.8964306e-01
   2.8028086e-01
   2.6916325e-01
   2.5570509e-01
   2.4283207e-01
   2.2995903e-01
   2.1825627e-01
   2.0772380e-01
   1.9836160e-01
   1.8958454e-01
   1.8256290e-01
   1.7495611e-01
   1.6851959e-01
   1.6208308e-01
   1.5623171e-01
   1.5096548e-01
   1.4686950e-01
   1.4394381e-01
   1.4218842e-01
   1.4101813e-01
   1.4043299e-01
   1.3867758e-01
   1.3516676e-01
   1.2873024e-01
   1.1936805e-01
   1.0590988e-01
   9.0111176e-02
   7.1386777e-02
   5.2662365e-02
   3.5108239e-02
   1.9309523e-02
   7.6067768e-03
   1.7553972e-03
   0.0000000e+00
   2.9256834e-03
   9.9473235e-03
   1.8724399e-02
   2.8671723e-02
   3.8619059e-02
   4.6225849e-02
   5.3247502e-02
   5.7928608e-02
   6.2024564e-02
   6.4950261e-02
   6.8461081e-02
   7.2557050e-02
   7.7823280e-02
   8.3674647e-02
   8.9526027e-02
   9.5377406e-02
   1.0064365e-01
   1.0415447e-01
   1.0649502e-01
   1.0766529e-01
   1.0825044e-01
   1.0825043e-01
   1.0883556e-01
   1.1000584e-01
   1.1234640e-01
   1.1644236e-01
   1.2170860e-01
   1.2873025e-01
   1.3750731e-01
   1.4628436e-01
   1.5564657e-01
   1.6559391e-01
   1.7554125e-01
   1.8490345e-01
   1.9368051e-01
   2.0128730e-01
   2.0772381e-01
   2.1357518e-01
   2.1825627e-01
   2.2352252e-01
   2.2937390e-01
   2.3698067e-01
   2.4575775e-01
   2.5629022e-01
   2.6974838e-01
   2.8379168e-01
   2.9842013e-01
   3.1304856e-01
   3.2475130e-01
   3.3469864e-01
   3.4055002e-01
   3.4172031e-01
   3.3879461e-01
   3.3235809e-01
   3.2299591e-01
   3.1187828e-01
   3.0017554e-01
   2.8847279e-01
   2.7794031e-01
   2.6799297e-01
   2.5980106e-01
   2.5277940e-01
   2.4692802e-01
   2.4224692e-01
   2.3873610e-01
   2.3639554e-01
   2.3581040e-01
   2.3639554e-01
   2.3756582e-01
   2.4049151e-01
   2.4400234e-01
   2.4809830e-01
   2.5277939e-01
   2.5746050e-01
   2.6214160e-01
   2.6682271e-01
   2.7267407e-01
   2.7735517e-01
   2.8320655e-01
   2.9022820e-01
   2.9724985e-01
   3.0602690e-01
   3.1480397e-01
   3.2241076e-01
   3.3001755e-01
   3.3528379e-01
   3.3820947e-01
   3.3879461e-01
   3.3820947e-01
   3.3528379e-01
   3.3177296e-01
   3.2884727e-01
   3.2650673e-01
   3.2533645e-01
   3.2592158e-01
   3.2709186e-01
   3.2943241e-01
   3.3235809e-01
   3.3528379e-01
   3.3762434e-01
   3.3937975e-01
   3.4055002e-01
   3.4230544e-01
   3.4289058e-01
   3.4581626e-01
   3.4874195e-01
   3.5225278e-01
   3.5751901e-01
   3.6220011e-01
   3.6571093e-01
   3.6805148e-01
   3.6805149e-01
   3.6571093e-01
   3.6044470e-01
   3.5283791e-01
   3.4347572e-01
   3.3352837e-01
   3.2475132e-01
   3.1831480e-01
   3.1421884e-01
   3.1304856e-01
   3.1538910e-01
   3.2065535e-01
   3.2884727e-01
   3.3762434e-01
   3.4640141e-01
   3.5576360e-01
   3.6337039e-01
   3.6980690e-01
   3.7331772e-01
   3.7682856e-01
   3.7975424e-01
   3.8267994e-01
   3.8560561e-01
   3.8970158e-01
   3.9379755e-01
   3.9847864e-01
   4.0315975e-01
   4.0667055e-01
   4.0784084e-01
   4.0901111e-01
   4.0784084e-01
   4.0491514e-01
   4.0198947e-01
   3.9847864e-01
   3.9613809e-01
   3.9496782e-01
   3.9379755e-01
   3.9438268e-01
   3.9438268e-01
   3.9379753e-01
   3.9204214e-01
   3.8853130e-01
   3.8326507e-01
   3.7565827e-01
   3.6746636e-01
   3.5927443e-01
   3.5225278e-01
   3.4581626e-01
   3.4230544e-01
   3.4055003e-01
   3.4113517e-01
   3.4230544e-01
   3.4347570e-01
   3.4406085e-01
   3.4347570e-01
   3.4172029e-01
   3.3879461e-01
   3.3469865e-01
   3.3118782e-01
   3.2767700e-01
   3.2650673e-01
   3.2650673e-01
   3.2884727e-01
   3.3294323e-01
   3.3937976e-01
   3.4640140e-01
   3.5342305e-01
   3.5927442e-01
   3.6395552e-01
   3.6688121e-01
   3.6922177e-01
   3.6922175e-01
   3.6863663e-01
   3.6805149e-01
   3.6688121e-01
   3.6629607e-01
   3.6571093e-01
   3.6454066e-01
   3.6278525e-01
   3.6102983e-01
   3.5927443e-01
   3.5868928e-01
   3.5810416e-01
   3.5868928e-01
   3.6220011e-01
   3.6688122e-01
   3.7331772e-01
   3.8209479e-01
   3.9028671e-01
   3.9847864e-01
   4.0491516e-01
   4.0901111e-01
   4.0901111e-01
   4.0491516e-01
   3.9672323e-01
   3.8443535e-01
   3.6980690e-01
   3.5225278e-01
   3.3528379e-01
   3.1889994e-01
   3.0544177e-01
   2.9490931e-01
   2.8847278e-01
   2.8613224e-01
   2.8847279e-01
   2.9432416e-01
   3.0310122e-01
   3.1246343e-01
   3.2299591e-01
   3.3235809e-01
   3.3996490e-01
   3.4581626e-01
   3.4874195e-01
   3.4991223e-01
   3.5049737e-01
   3.4932708e-01
   3.4932708e-01
   3.4991223e-01
   3.5225278e-01
   3.5517846e-01
   3.5868929e-01
   3.6337039e-01
   3.6805148e-01
   3.7273259e-01
   3.7682854e-01
   3.8033938e-01
   3.8209479e-01
   3.8267992e-01
   3.8209479e-01
   3.7975424e-01
   3.7624342e-01
   3.7214745e-01
   3.6746634e-01
   3.6395552e-01
   3.6161498e-01
   3.6161498e-01
   3.6395554e-01
   3.6922177e-01
   3.7682854e-01
   3.8677589e-01
   3.9847864e-01
   4.1076652e-01
   4.2188413e-01
   4.3300175e-01
   4.4236395e-01
   4.5114102e-01
   4.5874781e-01
   4.6576945e-01
   4.7337624e-01
   4.8215330e-01
   4.9210064e-01
   5.0204797e-01
   5.1141018e-01
   5.2077238e-01
   5.2720889e-01
   5.3130486e-01
   5.3247513e-01
   5.2954945e-01
   5.2428320e-01
   5.1667641e-01
   5.0731421e-01
   4.9736688e-01
   4.8800468e-01
   4.8039789e-01
   4.7454652e-01
   4.7045055e-01
   4.6752487e-01
   4.6752487e-01
   4.6811001e-01
   4.6869513e-01
   4.7103569e-01
   4.7337625e-01
   4.7630193e-01
   4.7864248e-01
   4.8215331e-01
   4.8507900e-01
   4.8800468e-01
   4.8976009e-01
   4.8976010e-01
   4.8741954e-01
   4.8273845e-01
   4.7513166e-01
   4.6518432e-01
   4.5465185e-01
   4.4294909e-01
   4.3183148e-01
   4.2305442e-01
   4.1720304e-01
   4.1544763e-01
   4.1720304e-01
   4.2305441e-01
   4.3183148e-01
   4.4294909e-01
   4.5406670e-01
   4.6518432e-01
   4.7396137e-01
   4.8098303e-01
   4.8624926e-01
   4.8858982e-01
   4.8917495e-01
   4.9034524e-01
   4.9151550e-01
   4.9502633e-01
   4.9970743e-01
   5.0672908e-01
   5.1609128e-01
   5.2720890e-01
   5.3891165e-01
   5.5061439e-01
   5.6173200e-01
   5.6992393e-01
   5.7694558e-01
   5.8162668e-01
   5.8396723e-01
   5.8455237e-01
   5.8396723e-01
   5.8279695e-01
   5.8162668e-01
   5.8104154e-01
   5.8045641e-01
   5.8045640e-01
   5.8045641e-01
   5.8045640e-01
   5.7987127e-01
   5.7694558e-01
   5.7284962e-01
   5.6641311e-01
   5.5822118e-01
   5.4827383e-01
   5.3715622e-01
   5.2545348e-01
   5.1375073e-01
   5.0380338e-01
   4.9561147e-01
   4.9034524e-01
   4.8741953e-01
   4.8683441e-01
   4.8917495e-01
   4.9210065e-01
   4.9619661e-01
   4.9970744e-01
   5.0321826e-01
   5.0438853e-01
   5.0497367e-01
   5.0438853e-01
   5.0263312e-01
   4.9970743e-01
   4.9795202e-01
   4.9502633e-01
   4.9385605e-01
   4.9385605e-01
   4.9444120e-01
   4.9736688e-01
   5.0263312e-01
   5.0848450e-01
   5.1609128e-01
   5.2369807e-01
   5.3130486e-01
   5.3774136e-01
   5.4242248e-01
   5.4534816e-01
   5.4593330e-01
   5.4300760e-01
   5.3891165e-01
   5.3306028e-01
   5.2720890e-01
   5.2135751e-01
   5.1667641e-01
   5.1433587e-01
   5.1258046e-01
   5.1316558e-01
   5.1433587e-01
   5.1550614e-01
   5.1550614e-01
   5.1492102e-01
   5.1258046e-01
   5.0731421e-01
   5.0087771e-01
   4.9210065e-01
   4.8215331e-01
   4.7220596e-01
   4.6167349e-01
   4.5114102e-01
   4.4060854e-01
   4.3066120e-01
   4.2188414e-01
   4.1369221e-01
   4.0608542e-01
   3.9964891e-01
   3.9379753e-01
   3.8970158e-01
   3.8677589e-01
   3.8560561e-01
   3.8677589e-01
   3.9028671e-01
   3.9555296e-01
   4.0257460e-01
   4.1076654e-01
   4.1895845e-01
   4.2715038e-01
   4.3417203e-01
   4.4002341e-01
   4.4353423e-01
   4.4528964e-01
   4.4470450e-01
   4.4294909e-01
   4.3943826e-01
   4.3534230e-01
   4.3124634e-01
   4.2773552e-01
   4.2422469e-01
   4.2305441e-01
   4.2363955e-01
   4.2598011e-01
   4.3124634e-01
   4.3709772e-01
   4.4411936e-01
   4.5231129e-01
   4.6050322e-01
   4.6693972e-01
   4.7279110e-01
   4.7688706e-01
   4.8039789e-01
   4.8215331e-01
   4.8332359e-01
   4.8449386e-01
   4.8449386e-01
   4.8507900e-01
   4.8683441e-01
   4.8800468e-01
   4.8917495e-01
   4.9093036e-01
   4.9210064e-01
   4.9268579e-01
   4.9385606e-01
   4.9385606e-01
   4.9385606e-01
   4.9268579e-01
   4.9151550e-01
   4.8976009e-01
   4.8741954e-01
   4.8507898e-01
   4.8215331e-01
   4.8039790e-01
   4.7922762e-01
   4.7864248e-01
   4.7981275e-01
   4.8098304e-01
   4.8390871e-01
   4.8741954e-01
   4.9093038e-01
   4.9385606e-01
   4.9619661e-01
   4.9619661e-01
   4.9385605e-01
   4.9093036e-01
   4.8507900e-01
   4.7805734e-01
   4.7045055e-01
   4.6284376e-01
   4.5582212e-01
   4.5172615e-01
   4.5055588e-01
   4.5172615e-01
   4.5699240e-01
   4.6518431e-01
   4.7513166e-01
   4.8566413e-01
   4.9561147e-01
   5.0321826e-01
   5.0789935e-01
   5.0848449e-01
   5.0438853e-01
   4.9678174e-01
   4.8566413e-01
   4.7454651e-01
   4.6459919e-01
   4.5874781e-01
   4.5933293e-01
   4.6811001e-01
   4.8741953e-01
   5.1609128e-01
   5.5588064e-01
   6.0269163e-01
   6.5535401e-01
   7.1035694e-01
   7.6477472e-01
   8.1568169e-01
   8.5956701e-01
   8.9643067e-01
   9.2510240e-01
   9.4616736e-01
   9.6138093e-01
   9.7132826e-01
   9.7893505e-01
   9.8478643e-01
   9.8946753e-01
   9.9414863e-01
   9.9824459e-01
   1.0000000e+00
   9.9941488e-01
   9.9590404e-01
   9.8829725e-01
   9.7776478e-01
   9.6430662e-01
   9.4850791e-01
   9.3270919e-01
   9.1808075e-01
   9.0520773e-01
   8.9409012e-01
   8.8648332e-01
   8.8063195e-01
   8.7712113e-01
   8.7536571e-01
   8.7361030e-01
   8.7068462e-01
   8.6717378e-01
   8.6190755e-01
   8.5430078e-01
   8.4552370e-01
   8.3557636e-01
   8.2562903e-01
   8.1568169e-01
   8.0631948e-01
   7.9812757e-01
   7.9110591e-01
   7.8408427e-01
   7.7764776e-01
   7.7004097e-01
   7.6126390e-01
   7.4956114e-01
   7.3610299e-01
   7.2030427e-01
   7.0333528e-01
   6.8695143e-01
   6.7173786e-01
   6.5886483e-01
   6.5008777e-01
   6.4482154e-01
   6.4306613e-01
   6.4423640e-01
   6.4774722e-01
   6.5008777e-01
   6.5008777e-01
   6.4716209e-01
   6.3955530e-01
   6.2843769e-01
   6.1380924e-01
   5.9684027e-01
   5.7870100e-01
   5.6231715e-01
   5.4827385e-01
   5.3657110e-01
   5.3071972e-01
   5.2779402e-01
   5.2896431e-01
   5.3364540e-01
   5.4008192e-01
   5.4651842e-01
   5.5354009e-01
   5.5880632e-01
   5.6348741e-01
   5.6699825e-01
   5.6933879e-01
   5.7226449e-01
   5.7694558e-01
   5.8221181e-01
   5.8981861e-01
   5.9918080e-01
   6.0971329e-01
   6.2024576e-01
   6.2960796e-01
   6.3604446e-01
   6.3955530e-01
   6.3838502e-01
   6.3136337e-01
   6.2083088e-01
   6.0561732e-01
   5.8806319e-01
   5.6875366e-01
   5.5061439e-01
   5.3423054e-01
   5.2194266e-01
   5.1375073e-01
   5.1023990e-01
   5.1082505e-01
   5.1433587e-01
   5.2018723e-01
   5.2603863e-01
   5.3013458e-01
   5.3306027e-01
   5.3247513e-01
   5.2779404e-01
   5.2077238e-01
   5.1082505e-01
   4.9795202e-01
   4.8390872e-01
   4.6986542e-01
   4.5640725e-01
   4.4411936e-01
   4.3358689e-01
   4.2598010e-01
   4.2012872e-01
   4.1778818e-01
   4.1661790e-01
   4.1837331e-01
   4.2305441e-01
   4.2949092e-01
   4.3709771e-01
   4.4587479e-01
   4.5582212e-01
   4.6401405e-01
   4.7045055e-01
   4.7454652e-01
   4.7454651e-01
   4.7045055e-01
   4.6167349e-01
   4.4821533e-01
   4.3183148e-01
   4.1193681e-01
   3.9028671e-01
   3.6863663e-01
   3.4815681e-01
   3.3060268e-01
   3.1655939e-01
   3.0836746e-01
   3.0427151e-01
   3.0427149e-01
   3.0836746e-01
   3.1480397e-01
   3.2182562e-01
   3.2884729e-01
   3.3469865e-01
   3.3820947e-01
   3.3937975e-01
   3.3703920e-01
   3.3235811e-01
   3.2650673e-01
   3.1772966e-01
   3.0895260e-01
   2.9959039e-01
   2.9022820e-01
   2.8145113e-01
   2.7384435e-01
   2.6682270e-01
   2.6038619e-01
   2.5570509e-01
   2.5102399e-01
   2.4809830e-01
   2.4517260e-01
   2.4224693e-01
   2.3990638e-01
   2.3756582e-01
   2.3581041e-01
   2.3405500e-01
   2.3346987e-01
   2.3405499e-01
   2.3522528e-01
   2.3815096e-01
   2.4166178e-01
   2.4517261e-01
   2.4809830e-01
   2.5102398e-01
   2.5102398e-01
   2.4926857e-01
   2.4634289e-01
   2.4049152e-01
   2.3464013e-01
   2.2878876e-01
   2.2352252e-01
   2.2001170e-01
   2.1825629e-01
   2.1884142e-01
   2.1942656e-01
   2.2176711e-01
   2.2352252e-01
   2.2352252e-01
   2.2176712e-01
   2.1884142e-01
   2.1357519e-01
   2.0596839e-01
   1.9894674e-01
   1.9075483e-01
   1.8490345e-01
   1.7963720e-01
   1.7729666e-01
   1.7788179e-01
   1.8022234e-01
   1.8373317e-01
   1.8782913e-01
   1.9251024e-01
   1.9543592e-01
   1.9719134e-01
   1.9777647e-01
   1.9660619e-01
   1.9543593e-01
   1.9309537e-01
   1.9192509e-01
   1.9133996e-01
   1.9075483e-01
   1.9309536e-01
   1.9485078e-01
   1.9777647e-01
   2.0011702e-01
   2.0070215e-01
   2.0070216e-01
   1.9836161e-01
   1.9485078e-01
   1.9075483e-01
   1.8548858e-01
   1.8139263e-01
   1.7729666e-01
   1.7495611e-01
   1.7437097e-01
   1.7378584e-01
   1.7320070e-01
   1.7261555e-01
   1.7027500e-01
   1.6676418e-01
   1.6208309e-01
   1.5623171e-01
   1.4921006e-01
   1.4218840e-01
   1.3516675e-01
   1.2990052e-01
   1.2521943e-01
   1.2287887e-01
   1.2170860e-01
   1.2287887e-01
   1.2404914e-01
   1.2755996e-01
   1.3165593e-01
   1.3575189e-01
   1.4101814e-01
   1.4628437e-01
   1.5213575e-01
   1.5915739e-01
   1.6617905e-01
   1.7378582e-01
   1.8256289e-01
   1.9133995e-01
   1.9894675e-01
   2.0655354e-01
   2.1299006e-01
   2.1884142e-01
   2.2293739e-01
   2.2469279e-01
   2.2527793e-01
   2.2410765e-01
   2.2235224e-01
   2.1884142e-01
   2.1474545e-01
   2.1064950e-01
   2.0713868e-01
   2.0362784e-01
   1.9953189e-01
   1.9660619e-01
   1.9368051e-01
   1.9016968e-01
   1.8841427e-01
   1.8665886e-01
   1.8724401e-01
   1.8899942e-01
   1.9309537e-01
   2.0011702e-01
   2.0947921e-01
   2.2059683e-01
   2.3288472e-01
   2.4575775e-01
   2.5629022e-01
   2.6565242e-01
   2.7150380e-01
   2.7384435e-01
   2.7150380e-01
   2.6623756e-01
   2.5804565e-01
   2.4868343e-01
   2.3873610e-01
   2.3112932e-01
   2.2527794e-01
   2.2293738e-01
   2.2293738e-01
   2.2469280e-01
   2.2703334e-01
   2.2878876e-01
   2.2878876e-01
   2.2527793e-01
   2.1942656e-01
   2.1123463e-01
   2.0070216e-01
   1.8958455e-01
   1.8022235e-01
   1.7320070e-01
   1.7086014e-01
   1.7320070e-01
   1.8139263e-01
   1.9368050e-01
   2.1123463e-01
   2.2937390e-01
   2.4868343e-01
   2.6565242e-01
   2.7969573e-01
   2.8847279e-01
   2.9139846e-01
   2.8905793e-01
   2.8203627e-01
   2.7033352e-01
   2.5687536e-01
   2.4166178e-01
   2.2703334e-01
   2.1357518e-01
   2.0187243e-01
   1.9309537e-01
   1.8782913e-01
   1.8431831e-01
   1.8314804e-01
   1.8314802e-01
   1.8373317e-01
   1.8431831e-01
   1.8373317e-01
   1.8256290e-01
   1.7963722e-01
   1.7671152e-01
   1.7261556e-01
   1.6793446e-01
   1.6442364e-01
   1.6032767e-01
   1.5740198e-01
   1.5623171e-01
   1.5506144e-01
   1.5506142e-01
   1.5623171e-01
   1.5740198e-01
   1.5915739e-01
   1.5974253e-01
   1.6032768e-01
   1.5915739e-01
   1.5681685e-01
   1.5330601e-01
   1.4921006e-01
   1.4452895e-01
   1.4043299e-01
   1.3575189e-01
   1.3282620e-01
   1.3165593e-01
   1.3107079e-01
   1.3282620e-01
   1.3692217e-01
   1.4101813e-01
   1.4628436e-01
   1.5213574e-01
   1.5740198e-01
   1.6266821e-01
   1.6793447e-01
   1.7261556e-01
   1.7729666e-01
   1.8139261e-01
   1.8607372e-01
   1.9133996e-01
   1.9660619e-01
   2.0187243e-01
   2.0655354e-01
   2.1064950e-01
   2.1533059e-01
   2.1884141e-01
   2.2293738e-01
   2.2703334e-01
   2.3171444e-01
   2.3698067e-01
   2.4283205e-01
   2.4868343e-01
   2.5453481e-01
   2.5921591e-01
   2.6331188e-01
   2.6506729e-01
   2.6331188e-01
   2.5863078e-01
   2.5219427e-01
   2.4283207e-01
   2.3229958e-01
   2.2059683e-01
   2.1064950e-01
   2.0245757e-01
   1.9660619e-01
   1.9368051e-01
   1.9368051e-01
   1.9660619e-01
   2.0128730e-01
   2.0772381e-01
   2.1474547e-01
   2.2176711e-01
   2.2878876e-01
   2.3464013e-01
   2.3932123e-01
   2.4166179e-01
   2.4283205e-01
   2.4283207e-01
   2.3990637e-01
   2.3639554e-01
   2.3171444e-01
   2.2586306e-01
   2.2001170e-01
   2.1474545e-01
   2.1064950e-01
   2.0889407e-01
   2.1006435e-01
   2.1533059e-01
   2.2469279e-01
   2.3698069e-01
   2.5277940e-01
   2.6916325e-01
   2.8554709e-01
   3.0017554e-01
   3.1129315e-01
   3.1831480e-01
   3.2065535e-01
   3.1889994e-01
   3.1304857e-01
   3.0310122e-01
   2.9198361e-01
   2.7911059e-01
   2.6740783e-01
   2.5687536e-01
   2.4751316e-01
   2.4107666e-01
   2.3756582e-01
   2.3698069e-01
   2.3756582e-01
   2.3990637e-01
   2.4400234e-01
   2.4809830e-01
   2.5277939e-01
   2.5746050e-01
   2.6272674e-01
   2.6740783e-01
   2.7267406e-01
   2.7852545e-01
   2.8379168e-01
   2.8964306e-01
   2.9607957e-01
   3.0193095e-01
   3.0661205e-01
   3.1012287e-01
   3.1129315e-01
   3.1070801e-01
   3.0778233e-01
   3.0310122e-01
   2.9607957e-01
   2.8847279e-01
   2.8203627e-01
   2.7677003e-01
   2.7384435e-01
   2.7384435e-01
   2.7618491e-01
   2.8145114e-01
   2.8964305e-01
   2.9842013e-01
   3.0895260e-01
   3.2007021e-01
   3.3118782e-01
   3.4113517e-01
   3.5049737e-01
   3.5810414e-01
   3.6454066e-01
   3.6922177e-01
   3.7156231e-01
   3.7156231e-01
   3.7039203e-01
   3.6746634e-01
   3.6278525e-01
   3.5751901e-01
   3.5108250e-01
   3.4406084e-01
   3.3703921e-01
   3.3001755e-01
   3.2299591e-01
   3.1597425e-01
   3.0953774e-01
   3.0251608e-01
   2.9607957e-01
   2.9139846e-01
   2.8671737e-01
   2.8554709e-01
   2.8671738e-01
   2.9022819e-01
   2.9607957e-01
   3.0427149e-01
   3.1304857e-01
   3.2182562e-01
   3.2943242e-01
   3.3469865e-01
   3.3645406e-01
   3.3645406e-01
   3.3294323e-01
   3.2767700e-01
   3.2182562e-01
   3.1597425e-01
   3.1129315e-01
   3.0895260e-01
   3.0895260e-01
   3.1246342e-01
   3.1714453e-01
   3.2241077e-01
   3.2826214e-01
   3.3352837e-01
   3.3586893e-01
   3.3645406e-01
   3.3469865e-01
   3.3118783e-01
   3.2767700e-01
   3.2533645e-01
   3.2416618e-01
   3.2592159e-01
   3.3060268e-01
   3.3645406e-01
   3.4289057e-01
   3.4991223e-01
   3.5459332e-01
   3.5634873e-01
   3.5517846e-01
   3.5049736e-01
   3.4172031e-01
   3.3235809e-01
   3.2124048e-01
   3.1129315e-01
   3.0427149e-01
   3.0017554e-01
   2.9900526e-01
   3.0251608e-01
   3.0895260e-01
   3.1772966e-01
   3.2767700e-01
   3.3820947e-01
   3.4874196e-01
   3.5751901e-01
   3.6629607e-01
   3.7390286e-01
   3.8150965e-01
   3.8794617e-01
   3.9496781e-01
   4.0198946e-01
   4.0842598e-01
   4.1427736e-01
   4.1895845e-01
   4.2305441e-01
   4.2363955e-01
   4.2305442e-01
   4.1954359e-01
   4.1369221e-01
   4.0550029e-01
   3.9613809e-01
   3.8560562e-01
   3.7448800e-01
   3.6337039e-01
   3.5400819e-01
   3.4464598e-01
   3.3762434e-01
   3.3294323e-01
   3.3001755e-01
   3.2884727e-01
   3.2943242e-01
   3.3118783e-01
   3.3235811e-01
   3.3352838e-01
   3.3352837e-01
   3.3177297e-01
   3.2943241e-01
   3.2533645e-01
   3.2124050e-01
   3.1772966e-01
   3.1480398e-01
   3.1421883e-01
   3.1538912e-01
   3.1889994e-01
   3.2358103e-01
   3.3118782e-01
   3.3996488e-01
   3.4932708e-01
   3.5927443e-01
   3.6922177e-01
   3.7858395e-01
   3.8911643e-01
   3.9789350e-01
   4.0667057e-01
   4.1486249e-01
   4.2071386e-01
   4.2598010e-01
   4.2832065e-01
   4.2832065e-01
   4.2422469e-01
   4.1603277e-01
   4.0433002e-01
   3.8853130e-01
   3.6980689e-01
   3.4932709e-01
   3.2767700e-01
   3.0778233e-01
   2.8847279e-01
   2.7267407e-01
   2.5980104e-01
   2.5160913e-01
   2.4634289e-01
   2.4400234e-01
   2.4517261e-01
   2.4809830e-01
   2.5336453e-01
   2.5921591e-01
   2.6506729e-01
   2.7208893e-01
   2.7911059e-01
   2.8554709e-01
   2.9139847e-01
   2.9666472e-01
   2.9959040e-01
   3.0134581e-01
   3.0134581e-01
   3.0017554e-01
   2.9783499e-01
   2.9490931e-01
   2.9256875e-01
   2.9081334e-01
   2.9022820e-01
   2.9139847e-01
   2.9432417e-01
   2.9842013e-01
   3.0310122e-01
   3.0778233e-01
   3.1304856e-01
   3.1714453e-01
   3.2065536e-01
   3.2475132e-01
   3.2709186e-01
   3.3001756e-01
   3.3235811e-01
   3.3528379e-01
   3.3879461e-01
   3.4230543e-01
   3.4698654e-01
   3.5108250e-01
   3.5517846e-01
   3.5868928e-01
   3.5927442e-01
   3.5810416e-01
   3.5342305e-01
   3.4581626e-01
   3.3528379e-01
   3.2241076e-01
   3.0953774e-01
   2.9607957e-01
   2.8554709e-01
   2.7735518e-01
   2.7325921e-01
   2.7325920e-01
   2.7735518e-01
   2.8496196e-01
   2.9315388e-01
   3.0193095e-01
   3.1070801e-01
   3.1714453e-01
   3.2182562e-01
   3.2475132e-01
   3.2592159e-01
   3.2650673e-01
   3.2709186e-01
   3.2884727e-01
   3.3060270e-01
   3.3411352e-01
   3.3879461e-01
   3.4464599e-01
   3.5166764e-01
   3.5927443e-01
   3.6805149e-01
   3.7858397e-01
   3.9028671e-01
   4.0374487e-01
   4.1778818e-01
   4.3124634e-01
   4.4411936e-01
   4.5465185e-01
   4.6050322e-01
   4.6167349e-01
   4.5816267e-01
   4.4997073e-01
   4.3651257e-01
   4.2071387e-01
   4.0550028e-01
   3.9087185e-01
   3.7916909e-01
   3.7214745e-01
   3.6863662e-01
   3.6980689e-01
   3.7331772e-01
   3.7799882e-01
   3.8150965e-01
   3.8326506e-01
   3.8092451e-01
   3.7624342e-01
   3.6922175e-01
   3.6044469e-01
   3.5225278e-01
   3.4523113e-01
   3.4055002e-01
   3.3879462e-01
   3.4055003e-01
   3.4523113e-01
   3.5108250e-01
   3.5868928e-01
   3.6629608e-01
   3.7390286e-01
   3.8092451e-01
   3.8677588e-01
   3.9087185e-01
   3.9496782e-01
   3.9789350e-01
   4.0023405e-01
   4.0257461e-01
   4.0315975e-01
   4.0315973e-01
   4.0257460e-01
   3.9964891e-01
   3.9672323e-01
   3.9204214e-01
   3.8677589e-01
   3.8092451e-01
   3.7448800e-01
   3.6746636e-01
   3.5985957e-01
   3.5283791e-01
   3.4523113e-01
   3.3820947e-01
   3.3118782e-01
   3.2592159e-01
   3.2065535e-01
   3.1714453e-01
   3.1421884e-01
   3.1304856e-01
   3.1187828e-01
   3.1187828e-01
   3.1304857e-01
   3.1538912e-01
   3.1889994e-01
   3.2533645e-01
   3.3411352e-01
   3.4523113e-01
   3.5927443e-01
   3.7448800e-01
   3.9028671e-01
   4.0433002e-01
   4.1603277e-01
   4.2305442e-01
   4.2480983e-01
   4.2188414e-01
   4.1486249e-01
   4.0491514e-01
   3.9321241e-01
   3.8267992e-01
   3.7390286e-01
   3.6863662e-01
   3.6688122e-01
   3.6805149e-01
   3.7156231e-01
   3.7682854e-01
   3.8267992e-01
   3.8911644e-01
   3.9613809e-01
   4.0374487e-01
   4.1310708e-01
   4.2305442e-01
   4.3475716e-01
   4.4645991e-01
   4.5933294e-01
   4.6986542e-01
   4.7864248e-01
   4.8332359e-01
   4.8390872e-01
   4.7922762e-01
   4.7162083e-01
   4.6108835e-01
   4.4938561e-01
   4.3943827e-01
   4.3183148e-01
   4.2773551e-01
   4.2832065e-01
   4.3300175e-01
   4.4060853e-01
   4.5055587e-01
   4.6167349e-01
   4.7162083e-01
   4.7922762e-01
   4.8507900e-01
   4.8741954e-01
   4.8800468e-01
   4.8566413e-01
   4.8098303e-01
   4.7571678e-01
   4.6869514e-01
