   8.4463626e-01
   8.8286067e-01
   9.0875462e-01
   9.2231813e-01
   9.2231813e-01
   9.1491984e-01
   8.9765720e-01
   8.7422936e-01
   8.4710232e-01
   8.1997533e-01
   7.9161529e-01
   7.6448830e-01
   7.3982737e-01
   7.1763255e-01
   6.9913687e-01
   6.8557338e-01
   6.7570901e-01
   6.7200987e-01
   6.7570898e-01
   6.8557336e-01
   7.0283600e-01
   7.2379777e-01
   7.4722563e-01
   7.6942047e-01
   7.8914920e-01
   8.0271271e-01
   8.0641184e-01
   8.0147964e-01
   7.8791616e-01
   7.6448827e-01
   7.3366215e-01
   7.0036991e-01
   6.6214550e-01
   6.2638717e-01
   5.9309493e-01
   5.6226881e-01
   5.3760791e-01
   5.1911219e-01
   5.0678175e-01
   5.0061651e-01
   5.0061651e-01
   5.0554871e-01
   5.1541306e-01
   5.2651048e-01
   5.4377312e-01
   5.6103577e-01
   5.8076447e-01
   5.9926018e-01
   6.2022195e-01
   6.3871761e-01
   6.5721329e-01
   6.7200985e-01
   6.8557336e-01
   6.9667078e-01
   7.0776820e-01
   7.1516646e-01
   7.2256473e-01
   7.2749693e-01
   7.2872997e-01
   7.2872997e-01
   7.2256473e-01
   7.1270038e-01
   6.9420466e-01
   6.7077680e-01
   6.4118372e-01
   6.0789149e-01
   5.6966710e-01
   5.3267570e-01
   4.9815042e-01
   4.6855731e-01
   4.4636250e-01
   4.3279899e-01
   4.2909986e-01
   4.3403203e-01
   4.4636250e-01
   4.6485818e-01
   4.8581998e-01
   5.0924782e-01
   5.3267570e-01
   5.5487055e-01
   5.7583232e-01
   5.9432798e-01
   6.1282366e-01
   6.3131935e-01
   6.5104810e-01
   6.7077680e-01
   6.9050556e-01
   7.1146733e-01
   7.2996302e-01
   7.4845867e-01
   7.6325526e-01
   7.7435265e-01
   7.8298396e-01
   7.8914920e-01
   7.9161529e-01
   7.9161529e-01
   7.9038225e-01
   7.8791613e-01
   7.8421703e-01
   7.8051787e-01
   7.7558569e-01
   7.7065352e-01
   7.6695439e-01
   7.6448827e-01
   7.6325523e-01
   7.6572134e-01
   7.7065352e-01
   7.8051787e-01
   7.8914920e-01
   7.9654747e-01
   8.0271269e-01
   8.0394576e-01
   7.9778054e-01
   7.8421703e-01
   7.6202218e-01
   7.3489519e-01
   7.0406904e-01
   6.7324292e-01
   6.4364981e-01
   6.2145500e-01
   6.0665844e-01
   6.0049320e-01
   6.0172627e-01
   6.1159064e-01
   6.2515413e-01
   6.3995068e-01
   6.5228115e-01
   6.6214550e-01
   6.6214550e-01
   6.5598028e-01
   6.4488286e-01
   6.2762021e-01
   6.0665844e-01
   5.8692971e-01
   5.7090012e-01
   5.6103574e-01
   5.5610356e-01
   5.5980269e-01
   5.6966707e-01
   5.8323055e-01
   6.0172627e-01
   6.1775586e-01
   6.3625155e-01
   6.5104808e-01
   6.6337854e-01
   6.7570901e-01
   6.8557336e-01
   6.9543774e-01
   7.0530209e-01
   7.1886560e-01
   7.3242910e-01
   7.4722566e-01
   7.6202221e-01
   7.7558569e-01
   7.8545007e-01
   7.8914920e-01
   7.8791616e-01
   7.8051787e-01
   7.6448827e-01
   7.4229348e-01
   7.1393342e-01
   6.8187423e-01
   6.4611590e-01
   6.0912453e-01
   5.7459927e-01
   5.4254005e-01
   5.1418002e-01
   4.9445129e-01
   4.7842172e-01
   4.7225647e-01
   4.6979038e-01
   4.7348952e-01
   4.8212082e-01
   4.9445129e-01
   5.1048089e-01
   5.2897657e-01
   5.4870530e-01
   5.7090012e-01
   5.9309493e-01
   6.1652282e-01
   6.3748459e-01
   6.5844637e-01
   6.7817509e-01
   6.9420469e-01
   7.0776817e-01
   7.1516644e-01
   7.2133168e-01
   7.2009864e-01
   7.1639951e-01
   7.0653513e-01
   6.9297165e-01
   6.7570898e-01
   6.5228112e-01
   6.2762021e-01
   6.0049322e-01
   5.7213316e-01
   5.4377312e-01
   5.1664611e-01
   4.9445129e-01
   4.7595560e-01
   4.6362514e-01
   4.5622688e-01
   4.5252772e-01
   4.5376079e-01
   4.5869296e-01
   4.6362514e-01
   4.6855734e-01
   4.7225647e-01
   4.7348952e-01
   4.7472256e-01
   4.7225645e-01
   4.6979038e-01
   4.6732430e-01
   4.6609125e-01
   4.6855734e-01
   4.7102343e-01
   4.7842169e-01
   4.8828607e-01
   4.9815042e-01
   5.0924784e-01
   5.1664611e-01
   5.2034524e-01
   5.1787915e-01
   5.1171393e-01
   4.9938346e-01
   4.8458694e-01
   4.6979038e-01
   4.5622688e-01
   4.4636250e-01
   4.4143032e-01
   4.4143032e-01
   4.4759554e-01
   4.5622688e-01
   4.6855734e-01
   4.8088778e-01
   4.9198520e-01
   4.9938349e-01
   5.0308262e-01
   5.0184955e-01
   4.9938349e-01
   4.9198520e-01
   4.8458694e-01
   4.7595560e-01
   4.6732427e-01
   4.5869296e-01
   4.5006163e-01
   4.4266337e-01
   4.3279899e-01
   4.2416771e-01
   4.1553637e-01
   4.0567200e-01
   3.9950678e-01
   3.9580765e-01
   3.9580765e-01
   3.9950678e-01
   4.0690507e-01
   4.1676939e-01
   4.2786684e-01
   4.4143032e-01
   4.5376079e-01
   4.6362517e-01
   4.7102340e-01
   4.7718865e-01
   4.7965476e-01
   4.8212082e-01
   4.8212082e-01
   4.8335387e-01
   4.8581998e-01
   4.9198520e-01
   5.0061654e-01
   5.1294697e-01
   5.2897657e-01
   5.4870530e-01
   5.6966707e-01
   5.9432800e-01
   6.1775584e-01
   6.4241677e-01
   6.6584463e-01
   6.8680640e-01
   7.0406904e-01
   7.1639951e-01
   7.2626389e-01
   7.3119603e-01
   7.2996302e-01
   7.2379777e-01
   7.1270038e-01
   6.9913687e-01
   6.7940814e-01
   6.5844637e-01
   6.3255242e-01
   6.0542540e-01
   5.7583229e-01
   5.4500617e-01
   5.1418002e-01
   4.8088781e-01
   4.5129470e-01
   4.2046855e-01
   3.9334156e-01
   3.6991370e-01
   3.4895192e-01
   3.3292230e-01
   3.2305795e-01
   3.1565966e-01
   3.1689273e-01
   3.2059184e-01
   3.2552404e-01
   3.3538839e-01
   3.4648581e-01
   3.5635019e-01
   3.6744758e-01
   3.7484587e-01
   3.8101109e-01
   3.8840938e-01
   3.9210851e-01
   3.9827373e-01
   4.0320591e-01
   4.0937115e-01
   4.1553637e-01
   4.2293464e-01
   4.3156597e-01
   4.4143035e-01
   4.5129470e-01
   4.6115908e-01
   4.6979038e-01
   4.7965474e-01
   4.8705303e-01
   4.9691738e-01
   5.0678173e-01
   5.1664613e-01
   5.3020959e-01
   5.4377312e-01
   5.5980269e-01
   5.7459927e-01
   5.8939583e-01
   6.0295931e-01
   6.1405673e-01
   6.2022192e-01
   6.2145497e-01
   6.1775586e-01
   6.0542540e-01
   5.8939580e-01
   5.6720098e-01
   5.4377312e-01
   5.1911219e-01
   4.9691740e-01
   4.8088778e-01
   4.7102343e-01
   4.6855731e-01
   4.7102343e-01
   4.7965474e-01
   4.9075213e-01
   5.0061654e-01
   5.0554868e-01
   5.0308260e-01
   4.9445129e-01
   4.7718865e-01
   4.5252772e-01
   4.2416768e-01
   3.9334156e-01
   3.6498150e-01
   3.4032059e-01
   3.2429099e-01
   3.1565966e-01
   3.1442662e-01
   3.2059184e-01
   3.3292230e-01
   3.4771888e-01
   3.6498150e-01
   3.8101109e-01
   3.9457460e-01
   4.0813811e-01
   4.1923551e-01
   4.2786684e-01
   4.3773119e-01
   4.4759557e-01
   4.5992603e-01
   4.7472253e-01
   4.9198517e-01
   5.1541306e-01
   5.4130701e-01
   5.7090012e-01
   6.0295931e-01
   6.3748459e-01
   6.7200985e-01
   7.0406904e-01
   7.3119606e-01
   7.5462392e-01
   7.7065352e-01
   7.7928483e-01
   7.8175091e-01
   7.7435265e-01
   7.6325526e-01
   7.4475954e-01
   7.2256473e-01
   6.9913687e-01
   6.7324289e-01
   6.4858199e-01
   6.2392108e-01
   6.0049322e-01
   5.7583229e-01
   5.5117141e-01
   5.2651046e-01
   5.0061651e-01
   4.7472256e-01
   4.4882861e-01
   4.2416768e-01
   4.0197286e-01
   3.8101109e-01
   3.6374845e-01
   3.4895192e-01
   3.3785448e-01
   3.3045624e-01
   3.2429099e-01
   3.1935882e-01
   3.1689273e-01
   3.1812577e-01
   3.2182491e-01
   3.2552404e-01
   3.3292233e-01
   3.4278668e-01
   3.5388407e-01
   3.6744758e-01
   3.8224414e-01
   3.9704069e-01
   4.1183722e-01
   4.2540075e-01
   4.4019728e-01
   4.5376079e-01
   4.6855734e-01
   4.8458691e-01
   5.0061654e-01
   5.2034524e-01
   5.4007399e-01
   5.6103577e-01
   5.8199754e-01
   6.0049322e-01
   6.1775586e-01
   6.3008630e-01
   6.4118370e-01
   6.4611593e-01
   6.4981503e-01
   6.4858199e-01
   6.4488286e-01
   6.3995068e-01
   6.3131937e-01
   6.2392108e-01
   6.1405673e-01
   6.0419235e-01
   5.9309496e-01
   5.8076449e-01
   5.7090012e-01
   5.5733661e-01
   5.4377312e-01
   5.3144266e-01
   5.1911219e-01
   5.0801477e-01
   4.9691738e-01
   4.9075216e-01
   4.8705300e-01
   4.8705303e-01
   4.8705300e-01
   4.9075213e-01
   4.9568433e-01
   5.0184958e-01
   5.0801480e-01
   5.1294697e-01
   5.1664611e-01
   5.2034524e-01
   5.2404440e-01
   5.2404437e-01
   5.2527741e-01
   5.2527744e-01
   5.2651048e-01
   5.2897657e-01
   5.3144266e-01
   5.3637483e-01
   5.4130704e-01
   5.4993834e-01
   5.5856968e-01
   5.6843403e-01
   5.7953145e-01
   5.9309493e-01
   6.0419235e-01
   6.1405671e-01
   6.2145500e-01
   6.2762024e-01
   6.2885329e-01
   6.2638717e-01
   6.1898891e-01
   6.0665844e-01
   5.9186189e-01
   5.7213316e-01
   5.4993834e-01
   5.2404440e-01
   4.9691738e-01
   4.6855734e-01
   4.4143032e-01
   4.1553637e-01
   3.9210851e-01
   3.7607892e-01
   3.6251541e-01
   3.5511714e-01
   3.5511714e-01
   3.5881628e-01
   3.6868065e-01
   3.7977802e-01
   3.9210849e-01
   4.0443898e-01
   4.1183724e-01
   4.1676942e-01
   4.1676942e-01
   4.1307029e-01
   4.0567200e-01
   3.9704069e-01
   3.8840936e-01
   3.8224414e-01
   3.7731196e-01
   3.7607892e-01
   3.7731193e-01
   3.7854500e-01
   3.8101109e-01
   3.8101109e-01
   3.7854500e-01
   3.7114674e-01
   3.6251541e-01
   3.5141799e-01
   3.3908755e-01
   3.3045621e-01
   3.2305795e-01
   3.2059184e-01
   3.2429099e-01
   3.3168928e-01
   3.4278668e-01
   3.5758323e-01
   3.7237979e-01
   3.8717631e-01
   3.9704069e-01
   4.0443895e-01
   4.0813811e-01
   4.0690507e-01
   4.0320591e-01
   3.9580765e-01
   3.8840938e-01
   3.8101109e-01
   3.7237976e-01
   3.6621454e-01
   3.6128236e-01
   3.5758323e-01
   3.5388407e-01
   3.4895192e-01
   3.4525277e-01
   3.3908755e-01
   3.3045621e-01
   3.1935882e-01
   3.0579531e-01
   2.9346487e-01
   2.7990136e-01
   2.7127003e-01
   2.6633785e-01
   2.6880394e-01
   2.7743525e-01
   2.9469789e-01
   3.1812577e-01
   3.4401972e-01
   3.6991370e-01
   3.9334156e-01
   4.1183724e-01
   4.2293464e-01
   4.2540073e-01
   4.1676942e-01
   4.0197286e-01
   3.7731196e-01
   3.5018494e-01
   3.1935882e-01
   2.9099876e-01
   2.6633785e-01
   2.4660912e-01
   2.3304561e-01
   2.2564735e-01
   2.2318126e-01
   2.2811341e-01
   2.3551170e-01
   2.4784217e-01
   2.6140568e-01
   2.7620220e-01
   2.9099876e-01
   3.0579531e-01
   3.2182491e-01
   3.3785448e-01
   3.5511714e-01
   3.7361283e-01
   3.9087544e-01
   4.0937113e-01
   4.2540073e-01
   4.3896423e-01
   4.4882861e-01
   4.5129470e-01
   4.4882861e-01
   4.3896423e-01
   4.2293464e-01
   4.0320591e-01
   3.8224414e-01
   3.6004932e-01
   3.3908755e-01
   3.2182491e-01
   3.1072748e-01
   3.0332922e-01
   2.9963009e-01
   3.0086313e-01
   3.0332922e-01
   3.0702835e-01
   3.1072748e-01
   3.1565969e-01
   3.2059186e-01
   3.2429099e-01
   3.2799013e-01
   3.3292233e-01
   3.4032059e-01
   3.4771885e-01
   3.6128236e-01
   3.7731196e-01
   3.9704066e-01
   4.1800246e-01
   4.4143032e-01
   4.6609125e-01
   4.8951911e-01
   5.0924784e-01
   5.2774353e-01
   5.4254008e-01
   5.5240443e-01
   5.5733661e-01
   5.6103574e-01
   5.5980269e-01
   5.6103574e-01
   5.5980269e-01
   5.6103574e-01
   5.6226878e-01
   5.6596794e-01
   5.7213319e-01
   5.7829841e-01
   5.8569667e-01
   5.9432798e-01
   6.0049320e-01
   6.0789149e-01
   6.1282366e-01
   6.1775584e-01
   6.2145500e-01
   6.2145497e-01
   6.2268804e-01
   6.2392108e-01
   6.2392108e-01
   6.2268804e-01
   6.1898891e-01
   6.1405673e-01
   6.0789149e-01
   5.9679406e-01
   5.8076447e-01
   5.6226878e-01
   5.4130701e-01
   5.1664611e-01
   4.9075216e-01
   4.6485818e-01
   4.4019728e-01
   4.1800246e-01
   3.9950678e-01
   3.8594327e-01
   3.7607892e-01
   3.7114674e-01
   3.7361283e-01
   3.7977805e-01
   3.9457460e-01
   4.1430330e-01
   4.3896423e-01
   4.6855734e-01
   4.9938346e-01
   5.3144266e-01
   5.6473490e-01
   5.9186192e-01
   6.1652279e-01
   6.3378543e-01
   6.4488286e-01
   6.5104810e-01
   6.4981503e-01
   6.4611590e-01
   6.4118372e-01
   6.3255239e-01
   6.2638717e-01
   6.2022195e-01
   6.1652279e-01
   6.1528978e-01
   6.1282366e-01
   6.0789149e-01
   6.0049322e-01
   5.8816276e-01
   5.6966707e-01
   5.4500617e-01
   5.1541306e-01
   4.8088778e-01
   4.4389641e-01
   4.0937113e-01
   3.7854500e-01
   3.5388410e-01
   3.3785450e-01
   3.3168926e-01
   3.3662146e-01
   3.5018497e-01
   3.6991367e-01
   3.9210851e-01
   4.1800246e-01
   4.4019728e-01
   4.6115905e-01
   4.7842169e-01
   4.9198520e-01
   5.0554868e-01
   5.1911219e-01
   5.3637483e-01
   5.5610356e-01
   5.7829838e-01
   6.0542540e-01
   6.3255239e-01
   6.6214550e-01
   6.8927252e-01
   7.1146733e-01
   7.2996299e-01
   7.4106044e-01
   7.4352650e-01
   7.3982737e-01
   7.2749690e-01
   7.1023426e-01
   6.8434031e-01
   6.5598028e-01
   6.2515413e-01
   5.9309496e-01
   5.6226878e-01
   5.3267570e-01
   5.0678173e-01
   4.8581998e-01
   4.6732427e-01
   4.5129467e-01
   4.3896423e-01
   4.2909986e-01
   4.2170159e-01
   4.1553637e-01
   4.1183724e-01
   4.1060420e-01
   4.1430333e-01
   4.2170159e-01
   4.3279902e-01
   4.4882861e-01
   4.6609125e-01
   4.8335387e-01
   5.0184955e-01
   5.1418002e-01
   5.2527741e-01
   5.3144266e-01
   5.3390875e-01
   5.3514179e-01
   5.3390877e-01
   5.3267573e-01
   5.2897657e-01
   5.2651046e-01
   5.2034526e-01
   5.1294697e-01
   5.0184955e-01
   4.8705300e-01
   4.6485818e-01
   4.4143032e-01
   4.1430333e-01
   3.8840936e-01
   3.6744761e-01
   3.5141799e-01
   3.4525277e-01
   3.4895192e-01
   3.6251541e-01
   3.8347718e-01
   4.0937115e-01
   4.3649815e-01
   4.6115908e-01
   4.7965474e-01
   4.8951911e-01
   4.9075216e-01
   4.8335387e-01
   4.6979038e-01
   4.5252774e-01
   4.3773119e-01
   4.2786684e-01
   4.2786684e-01
   4.3649815e-01
   4.5499383e-01
   4.8212085e-01
   5.1418002e-01
   5.4623919e-01
   5.7706534e-01
   6.0049322e-01
   6.1528975e-01
   6.2268804e-01
   6.2268804e-01
   6.1775586e-01
   6.1159062e-01
   6.0419235e-01
   6.0049322e-01
   5.9926015e-01
   5.9802711e-01
   5.9802711e-01
   5.9556102e-01
   5.9062885e-01
   5.8199754e-01
   5.6720098e-01
   5.4993834e-01
   5.2774350e-01
   5.0308260e-01
   4.7965474e-01
   4.5745992e-01
   4.3773119e-01
   4.2170159e-01
   4.0813808e-01
   3.9950678e-01
   3.9457460e-01
   3.9334153e-01
   3.9457460e-01
   4.0073982e-01
   4.0937115e-01
   4.1923551e-01
   4.2909986e-01
   4.3896423e-01
   4.4512945e-01
   4.4759557e-01
   4.4389644e-01
   4.3403206e-01
   4.1923551e-01
   4.0197286e-01
   3.8224414e-01
   3.6498150e-01
   3.4895190e-01
   3.4032059e-01
   3.3415537e-01
   3.3538842e-01
   3.4032059e-01
   3.4895190e-01
   3.5511712e-01
   3.6374845e-01
   3.6744758e-01
   3.6991370e-01
   3.7114674e-01
   3.6991367e-01
   3.6868063e-01
   3.6744758e-01
   3.7114674e-01
   3.7854498e-01
   3.8717634e-01
   3.9827373e-01
   4.0937113e-01
   4.1676942e-01
   4.1923551e-01
   4.1430333e-01
   4.0320591e-01
   3.8594327e-01
   3.6498150e-01
   3.4401972e-01
   3.2552404e-01
   3.1442664e-01
   3.1072748e-01
   3.1812575e-01
   3.3662146e-01
   3.6004929e-01
   3.9087544e-01
   4.2293466e-01
   4.5376079e-01
   4.8088778e-01
   5.0061651e-01
   5.1171393e-01
   5.1664611e-01
   5.1294697e-01
   5.0554868e-01
   4.9445129e-01
   4.8212082e-01
   4.6979038e-01
   4.5622688e-01
   4.4143035e-01
   4.2786684e-01
   4.1183722e-01
   3.9580765e-01
   3.7854500e-01
   3.6128236e-01
   3.4525279e-01
   3.3045621e-01
   3.1935882e-01
   3.1196056e-01
   3.0949444e-01
   3.1072748e-01
   3.1812577e-01
   3.2922320e-01
   3.4401972e-01
   3.6004932e-01
   3.7854500e-01
   3.9704069e-01
   4.1430333e-01
   4.3033293e-01
   4.4512948e-01
   4.5745992e-01
   4.6855734e-01
   4.7595560e-01
   4.8458691e-01
   4.9075216e-01
   4.9445129e-01
   4.9815045e-01
   4.9938349e-01
   4.9691738e-01
   4.9568433e-01
   4.9075213e-01
   4.8458694e-01
   4.7965474e-01
   4.7348952e-01
   4.6855731e-01
   4.6609125e-01
   4.6609125e-01
   4.6855731e-01
   4.7472256e-01
   4.8335389e-01
   4.9691738e-01
   5.1048089e-01
   5.2527741e-01
   5.3884092e-01
   5.4993834e-01
   5.5733661e-01
   5.6103574e-01
   5.5856965e-01
   5.5240443e-01
   5.4130704e-01
   5.2651048e-01
   5.1048089e-01
   4.9445132e-01
   4.8088778e-01
   4.7102343e-01
   4.6485821e-01
   4.6362514e-01
   4.6732430e-01
   4.7348952e-01
   4.8212082e-01
   4.9321825e-01
   5.0431567e-01
   5.1541309e-01
   5.2404437e-01
   5.3020962e-01
   5.3514179e-01
   5.3760791e-01
   5.3637483e-01
   5.3267570e-01
   5.2651048e-01
   5.1787915e-01
   5.0801480e-01
   4.9938346e-01
   4.9198520e-01
   4.8951911e-01
   4.9075216e-01
   4.9815042e-01
   5.0924782e-01
   5.2527744e-01
   5.4254005e-01
   5.6226881e-01
   5.8076447e-01
   5.9679406e-01
   6.0912453e-01
   6.1652282e-01
   6.2022195e-01
   6.2022195e-01
   6.1898891e-01
   6.1898891e-01
   6.2022192e-01
   6.2392108e-01
   6.3008630e-01
   6.3871761e-01
   6.5104808e-01
   6.6584463e-01
   6.8064118e-01
   6.9543774e-01
   7.1023429e-01
   7.2256473e-01
   7.3489519e-01
   7.4352650e-01
   7.4969175e-01
   7.5215781e-01
   7.5339088e-01
   7.5215783e-01
   7.5092476e-01
   7.4969175e-01
   7.4969175e-01
   7.5092479e-01
   7.5339088e-01
   7.5585697e-01
   7.6202218e-01
   7.6695436e-01
   7.7311961e-01
   7.7928483e-01
   7.8668312e-01
   7.9408138e-01
   8.0394576e-01
   8.1504315e-01
   8.2983970e-01
   8.4710232e-01
   8.6559803e-01
   8.8409372e-01
   9.0258937e-01
   9.1861897e-01
   9.3218248e-01
   9.4204686e-01
   9.4697903e-01
   9.4574599e-01
   9.4204686e-01
   9.3341552e-01
   9.2231813e-01
   9.0875462e-01
   8.9395809e-01
   8.7792847e-01
   8.6189890e-01
   8.4586927e-01
   8.2860666e-01
   8.1381011e-01
   8.0024660e-01
   7.8914918e-01
   7.7928483e-01
   7.7311961e-01
   7.6818740e-01
   7.6572132e-01
   7.6325523e-01
   7.6202221e-01
   7.5955610e-01
   7.5462392e-01
   7.4722563e-01
   7.3736128e-01
   7.2503084e-01
   7.1270035e-01
   6.9790382e-01
   6.8434031e-01
   6.7077680e-01
   6.5721332e-01
   6.4488286e-01
   6.3255239e-01
   6.2145500e-01
   6.0912453e-01
   5.9679409e-01
   5.8446363e-01
   5.7336620e-01
   5.6473490e-01
   5.5856968e-01
   5.5610356e-01
   5.5733663e-01
   5.6350183e-01
   5.7213316e-01
   5.8446363e-01
   6.0049320e-01
   6.1775586e-01
   6.3378543e-01
   6.5104808e-01
   6.6584463e-01
   6.8187423e-01
   6.9297162e-01
   7.0406907e-01
   7.1270038e-01
   7.1763255e-01
   7.2133168e-01
   7.2133168e-01
   7.1886560e-01
   7.1393342e-01
   7.0653516e-01
   6.9667078e-01
   6.8680640e-01
   6.7694205e-01
   6.6707767e-01
   6.5721332e-01
   6.4981506e-01
   6.4364981e-01
   6.3995068e-01
   6.3871764e-01
   6.3748459e-01
   6.3871764e-01
   6.4241677e-01
   6.4858199e-01
   6.5721332e-01
   6.6831074e-01
   6.8187423e-01
   6.9297162e-01
   7.0653516e-01
   7.1516646e-01
   7.1886560e-01
   7.1516646e-01
   7.0653513e-01
   6.8803947e-01
   6.6584463e-01
   6.3871764e-01
   6.1159062e-01
   5.8569667e-01
   5.6350185e-01
   5.4500617e-01
   5.3020959e-01
   5.2034524e-01
   5.1294697e-01
   5.0431564e-01
   4.9321825e-01
   4.7718865e-01
   4.5745992e-01
   4.3403206e-01
   4.0937113e-01
   3.8347718e-01
   3.6128236e-01
   3.4155363e-01
   3.3045621e-01
   3.2552404e-01
   3.2552404e-01
   3.3168928e-01
   3.4278665e-01
   3.5265103e-01
   3.6128236e-01
   3.6744761e-01
   3.6744761e-01
   3.6128236e-01
   3.4771885e-01
   3.2675708e-01
   3.0209615e-01
   2.7127003e-01
   2.4044390e-01
   2.0838471e-01
   1.8125769e-01
   1.6029592e-01
   1.4796548e-01
   1.4426632e-01
   1.5289765e-01
   1.6769421e-01
   1.9112207e-01
   2.1948213e-01
   2.5154133e-01
   2.7990136e-01
   3.0579531e-01
   3.2552404e-01
   3.3785448e-01
   3.4278668e-01
   3.4032059e-01
   3.3168928e-01
   3.1565969e-01
   2.9716400e-01
   2.7620220e-01
   2.5400739e-01
   2.3304561e-01
   2.1331688e-01
   1.9728731e-01
   1.8495685e-01
   1.7632551e-01
   1.7385943e-01
   1.7632551e-01
   1.8372378e-01
   1.9605424e-01
   2.1208384e-01
   2.3057953e-01
   2.5030825e-01
   2.6880394e-01
   2.8729962e-01
   3.0332919e-01
   3.1935882e-01
   3.3538839e-01
   3.4895192e-01
   3.6128236e-01
   3.7237976e-01
   3.8347718e-01
   3.9087544e-01
   3.9827373e-01
   4.0320591e-01
   4.0937113e-01
   4.1430333e-01
   4.1923551e-01
   4.2540073e-01
   4.3403206e-01
   4.4636250e-01
   4.5992603e-01
   4.7842169e-01
   4.9815042e-01
   5.2157828e-01
   5.4623921e-01
   5.7090012e-01
   5.9556102e-01
   6.1775584e-01
   6.3625152e-01
   6.4858199e-01
   6.5474721e-01
   6.5351416e-01
   6.4241677e-01
   6.2392108e-01
   5.9926018e-01
   5.6966707e-01
   5.3514179e-01
   5.0184958e-01
   4.6855734e-01
   4.4019728e-01
   4.1553637e-01
   3.9580765e-01
   3.8224414e-01
   3.7484587e-01
   3.6991370e-01
   3.6991370e-01
   3.7114671e-01
   3.7484587e-01
   3.7854500e-01
   3.8347718e-01
   3.8840938e-01
   3.9457460e-01
   4.0073982e-01
   4.0690504e-01
   4.1307029e-01
   4.1923551e-01
   4.2293464e-01
   4.2786684e-01
   4.2786684e-01
   4.2663377e-01
   4.2170162e-01
   4.1430333e-01
   4.0320591e-01
   3.8840938e-01
   3.7114671e-01
   3.5018497e-01
   3.2922317e-01
   3.0826140e-01
   2.8729962e-01
   2.6880394e-01
   2.5400739e-01
   2.4414303e-01
   2.3921083e-01
   2.3921086e-01
   2.4414303e-01
   2.5277437e-01
   2.6263872e-01
   2.7127003e-01
   2.7990136e-01
   2.8483354e-01
   2.8483354e-01
   2.8483354e-01
   2.8236745e-01
   2.7866832e-01
   2.7620220e-01
   2.7620220e-01
   2.7990133e-01
   2.8483351e-01
   2.9099876e-01
   2.9839705e-01
   3.0702835e-01
   3.1565969e-01
   3.2429099e-01
   3.3415537e-01
   3.4401972e-01
   3.5388410e-01
   3.6498150e-01
   3.7854498e-01
   3.9334153e-01
   4.0813811e-01
   4.2293464e-01
   4.3526510e-01
   4.4512948e-01
   4.5129467e-01
   4.5376079e-01
   4.5376079e-01
   4.4759554e-01
   4.4143032e-01
   4.3403206e-01
   4.2663377e-01
   4.2170159e-01
   4.2046855e-01
   4.2293466e-01
   4.3156594e-01
   4.4512945e-01
   4.6362514e-01
   4.8705303e-01
   5.0924782e-01
   5.3267570e-01
   5.5117139e-01
   5.6226881e-01
   5.6596794e-01
   5.6226878e-01
   5.4993834e-01
   5.3144266e-01
   5.0801480e-01
   4.8088778e-01
   4.5622688e-01
   4.3156597e-01
   4.0937115e-01
   3.9087547e-01
   3.7361280e-01
   3.5881628e-01
   3.4525277e-01
   3.3045621e-01
   3.1689270e-01
   3.0332919e-01
   2.9099878e-01
   2.7866832e-01
   2.6880394e-01
   2.6140565e-01
   2.5647347e-01
   2.5524043e-01
   2.5277434e-01
   2.5277434e-01
   2.5277434e-01
   2.5154130e-01
   2.4907521e-01
   2.4660912e-01
   2.4167695e-01
   2.3674474e-01
   2.3057953e-01
   2.2688039e-01
   2.2441431e-01
   2.2688039e-01
   2.3181257e-01
   2.4167692e-01
   2.5893956e-01
   2.8113440e-01
   3.0702835e-01
   3.3908755e-01
   3.6991370e-01
   4.0320591e-01
   4.3403206e-01
   4.6115905e-01
   4.8088778e-01
   4.9815045e-01
   5.0801477e-01
   5.1171393e-01
   5.1171393e-01
   5.1048086e-01
   5.0678175e-01
   5.0554868e-01
   5.0678175e-01
   5.1171393e-01
   5.2034524e-01
   5.3144266e-01
   5.4254005e-01
   5.5487052e-01
   5.6350183e-01
   5.6720098e-01
   5.6596794e-01
   5.5980269e-01
   5.4993834e-01
   5.3390875e-01
   5.1664613e-01
   4.9691740e-01
   4.7718865e-01
   4.5745992e-01
   4.3773119e-01
   4.2046855e-01
   4.0320591e-01
   3.8717631e-01
   3.7361283e-01
   3.6251541e-01
   3.5511714e-01
   3.5265103e-01
   3.5758323e-01
   3.6498150e-01
   3.7854498e-01
   3.9704069e-01
   4.1923551e-01
   4.4389644e-01
   4.6979038e-01
   4.9568433e-01
   5.1664611e-01
   5.3637483e-01
   5.4993834e-01
   5.5980269e-01
   5.6473490e-01
   5.6473490e-01
   5.6103574e-01
   5.5610359e-01
   5.4747226e-01
   5.4130704e-01
   5.3637483e-01
   5.3514179e-01
   5.3760788e-01
   5.4500617e-01
   5.5487052e-01
   5.6843403e-01
   5.7953145e-01
   5.8939580e-01
   5.9432800e-01
   5.9432798e-01
   5.9186189e-01
   5.8323055e-01
   5.7459925e-01
   5.6596794e-01
   5.6103577e-01
   5.6226881e-01
   5.6843403e-01
   5.8076449e-01
   5.9802711e-01
   6.1652282e-01
   6.3255239e-01
   6.4611590e-01
   6.5228115e-01
   6.5228112e-01
   6.4734894e-01
   6.3995068e-01
   6.2885326e-01
   6.1898888e-01
   6.1405673e-01
   6.1282366e-01
   6.1898891e-01
   6.3008630e-01
   6.4488286e-01
   6.6091245e-01
   6.7817509e-01
   6.9297165e-01
   7.0406904e-01
   7.1146733e-01
   7.1763255e-01
   7.2133168e-01
   7.2503081e-01
   7.2996299e-01
   7.3736128e-01
   7.4599259e-01
   7.5832305e-01
   7.6942047e-01
   7.8051787e-01
   7.8914918e-01
   7.9161529e-01
   7.8791616e-01
   7.7928483e-01
   7.6572134e-01
   7.4845870e-01
   7.2996299e-01
   7.1270038e-01
   7.0036991e-01
   6.9050556e-01
   6.8434031e-01
   6.8310727e-01
   6.8557338e-01
   6.8927249e-01
   6.9543774e-01
   7.0406904e-01
   7.1393342e-01
   7.2749690e-01
   7.4352650e-01
   7.6202218e-01
   7.8298398e-01
   8.0641184e-01
   8.2860666e-01
   8.4833539e-01
   8.6683105e-01
   8.8162763e-01
   8.9149198e-01
   9.0012331e-01
   9.0505549e-01
   9.0998769e-01
   9.1245375e-01
   9.1615291e-01
   9.1861900e-01
   9.1985201e-01
   9.1985201e-01
   9.1615291e-01
   9.0998766e-01
   9.0258940e-01
   8.9025893e-01
   8.7669545e-01
   8.6189887e-01
   8.4833539e-01
   8.3477188e-01
   8.2367446e-01
   8.1381011e-01
   8.0517880e-01
   7.9654747e-01
   7.8791613e-01
   7.7681874e-01
   7.6572134e-01
   7.5339085e-01
   7.3982737e-01
   7.2626386e-01
   7.1146733e-01
   6.9913687e-01
   6.8557336e-01
   6.7324292e-01
   6.6214550e-01
   6.5351416e-01
   6.4734894e-01
   6.4118370e-01
   6.3748459e-01
   6.3378546e-01
   6.3255242e-01
   6.3255242e-01
   6.3378543e-01
   6.3501848e-01
   6.3871764e-01
   6.4364981e-01
   6.4858199e-01
   6.5351419e-01
   6.5967941e-01
   6.6214550e-01
   6.6337857e-01
   6.6214550e-01
   6.5844637e-01
   6.5104808e-01
   6.4364981e-01
   6.3501850e-01
   6.2762021e-01
   6.2145500e-01
   6.1775586e-01
   6.1652282e-01
   6.1898888e-01
   6.2392108e-01
   6.3255239e-01
   6.4241677e-01
   6.5351416e-01
   6.6707767e-01
   6.7940814e-01
   6.9420469e-01
   7.0776820e-01
   7.2009864e-01
   7.3242908e-01
   7.4475954e-01
   7.5585697e-01
   7.6325523e-01
   7.6942047e-01
   7.7435265e-01
   7.7435265e-01
   7.7311961e-01
   7.6818743e-01
   7.6325526e-01
   7.5585697e-01
   7.4599261e-01
   7.3489517e-01
   7.2503084e-01
   7.1516646e-01
   7.0530209e-01
   6.9790382e-01
   6.9050553e-01
   6.8557336e-01
   6.8187423e-01
   6.8064118e-01
   6.8064118e-01
   6.8187423e-01
   6.8557336e-01
   6.9173860e-01
   7.0160298e-01
   7.1393339e-01
   7.2872995e-01
   7.4599261e-01
   7.6695439e-01
   7.8791616e-01
   8.1134399e-01
   8.3477188e-01
   8.5819974e-01
   8.7916151e-01
   8.9889024e-01
   9.1615291e-01
   9.2848335e-01
   9.3834773e-01
   9.4327987e-01
   9.4451295e-01
   9.3958077e-01
   9.3341555e-01
   9.2231813e-01
   9.0875462e-01
   8.9519114e-01
   8.8162763e-01
   8.7053021e-01
   8.6066583e-01
   8.5450061e-01
   8.5203452e-01
   8.5326759e-01
   8.5696672e-01
   8.6189887e-01
   8.6559803e-01
   8.6806412e-01
   8.6806412e-01
   8.6436499e-01
   8.5573365e-01
   8.4463626e-01
   8.2983970e-01
   8.1504315e-01
   8.0147967e-01
   7.8914920e-01
   7.8175091e-01
   7.7928483e-01
   7.8051787e-01
   7.8545004e-01
   7.9408138e-01
   8.0271271e-01
   8.0764489e-01
   8.0764486e-01
   8.0271271e-01
   7.8914918e-01
   7.6942047e-01
   7.4722563e-01
   7.2009864e-01
   6.9543774e-01
   6.7447594e-01
   6.5721332e-01
   6.4734894e-01
   6.4488286e-01
   6.4981503e-01
   6.6214550e-01
   6.7817507e-01
   7.0036991e-01
   7.2379777e-01
   7.5215781e-01
   7.8298396e-01
   8.1627620e-01
   8.4956843e-01
   8.8286067e-01
   9.1491984e-01
   9.4574599e-01
   9.7040692e-01
   9.8890261e-01
   1.0000000e+00
   1.0000000e+00
   9.9013565e-01
   9.7410603e-01
   9.4697903e-01
   9.1615288e-01
   8.8286064e-01
   8.4710232e-01
   8.1381011e-01
   7.8421700e-01
   7.5955610e-01
   7.3982737e-01
   7.2749693e-01
   7.1763255e-01
   7.1270038e-01
   7.1023426e-01
   7.0653516e-01
   7.0530209e-01
   7.0036991e-01
   6.9543774e-01
   6.9050556e-01
   6.8557336e-01
   6.8187423e-01
   6.8064118e-01
   6.8557336e-01
   6.9543774e-01
   7.0900122e-01
   7.2503084e-01
   7.4229346e-01
   7.5585697e-01
   7.6448827e-01
   7.6695436e-01
   7.5955610e-01
   7.4599259e-01
   7.2256473e-01
   6.9543774e-01
   6.6461158e-01
   6.3501850e-01
   6.0789149e-01
   5.8446360e-01
   5.6720098e-01
   5.5610356e-01
   5.4993834e-01
   5.4870530e-01
   5.4870530e-01
   5.5240443e-01
   5.5610356e-01
   5.6103574e-01
   5.6843403e-01
   5.7706536e-01
   5.9186192e-01
   6.0789149e-01
   6.2638717e-01
   6.4611590e-01
   6.6461158e-01
   6.7817509e-01
   6.8557336e-01
   6.8434031e-01
   6.7694202e-01
   6.5844637e-01
   6.3255239e-01
   6.0542540e-01
   5.7706536e-01
   5.5240443e-01
   5.3514179e-01
   5.2774353e-01
   5.3267573e-01
   5.4870530e-01
   5.7336620e-01
   6.0665844e-01
   6.4241677e-01
   6.7940814e-01
   7.1516646e-01
   7.4352650e-01
   7.6695439e-01
   7.8298398e-01
   7.9038222e-01
   7.9038225e-01
   7.8298398e-01
   7.6942045e-01
   7.5092479e-01
   7.2872995e-01
   7.0653513e-01
   6.8310727e-01
   6.6091245e-01
   6.4364981e-01
   6.3008630e-01
   6.2268804e-01
   6.1898888e-01
   6.2145497e-01
   6.2638717e-01
   6.3255242e-01
   6.3995068e-01
   6.4611590e-01
   6.4734894e-01
   6.4734894e-01
   6.4241677e-01
   6.3378546e-01
   6.2515413e-01
   6.1405673e-01
   6.0172624e-01
   5.9062885e-01
   5.8076447e-01
   5.7090012e-01
   5.6226881e-01
   5.5610356e-01
   5.4870530e-01
   5.4623921e-01
   5.4377310e-01
   5.4747226e-01
   5.5733661e-01
   5.7090012e-01
   5.9062885e-01
   6.1405671e-01
   6.3995065e-01
   6.6831074e-01
   6.9420466e-01
   7.1639951e-01
   7.3489519e-01
   7.4722563e-01
   7.5339085e-01
   7.5339088e-01
   7.4969175e-01
   7.4352650e-01
   7.3612824e-01
   7.2872997e-01
   7.2503081e-01
   7.2256473e-01
   7.2379777e-01
   7.2626386e-01
   7.3242910e-01
   7.3736128e-01
   7.4229346e-01
   7.4599259e-01
   7.4845867e-01
   7.4845867e-01
   7.4599261e-01
   7.3982737e-01
   7.3119606e-01
   7.2256473e-01
   7.1023426e-01
   6.9667078e-01
   6.8434031e-01
   6.6954376e-01
   6.5844634e-01
   6.4981503e-01
   6.4364981e-01
   6.3871761e-01
   6.3625155e-01
   6.3625155e-01
   6.3625152e-01
   6.3625155e-01
   6.3501850e-01
   6.3131935e-01
   6.2392108e-01
   6.1282366e-01
   5.9679409e-01
   5.7953145e-01
   5.5980272e-01
   5.4007399e-01
   5.2157828e-01
   5.0678175e-01
   4.9815045e-01
   4.9445129e-01
   4.9815042e-01
   5.0801480e-01
   5.2527744e-01
   5.4747226e-01
   5.7213316e-01
   5.9802714e-01
   6.2145500e-01
   6.4241677e-01
   6.5721332e-01
   6.6584463e-01
   6.7077683e-01
   6.6954376e-01
   6.6584463e-01
   6.6091245e-01
   6.5721332e-01
   6.5351416e-01
   6.5104810e-01
   6.4981506e-01
   6.4858199e-01
   6.4488286e-01
   6.3995068e-01
   6.3131935e-01
   6.2022195e-01
   6.0665844e-01
   5.9186189e-01
   5.7953145e-01
   5.7090012e-01
   5.6473490e-01
   5.6473490e-01
   5.6843400e-01
   5.7459925e-01
   5.8323058e-01
   5.9309493e-01
   6.0172627e-01
   6.0912453e-01
   6.1035757e-01
   6.0789149e-01
   6.0172627e-01
   5.9186192e-01
   5.7829841e-01
   5.6226878e-01
   5.4500617e-01
   5.2774353e-01
   5.0924784e-01
   4.9198520e-01
   4.7595560e-01
   4.6115905e-01
   4.4882861e-01
   4.4019728e-01
   4.3526510e-01
   4.3403203e-01
   4.3773119e-01
   4.4512945e-01
   4.5499383e-01
   4.6855734e-01
   4.8212082e-01
   4.9691738e-01
   5.1171393e-01
   5.2404440e-01
   5.3390875e-01
   5.4130701e-01
   5.4623919e-01
   5.4747223e-01
   5.4377312e-01
   5.3884095e-01
   5.3020962e-01
   5.2034524e-01
   5.0678175e-01
   4.9198517e-01
   4.7718865e-01
   4.6362514e-01
   4.5129470e-01
   4.4143032e-01
   4.3526508e-01
   4.3279902e-01
   4.3156594e-01
   4.3279902e-01
   4.3403206e-01
   4.3156597e-01
   4.2663380e-01
   4.1676942e-01
   4.0443895e-01
   3.8594327e-01
   3.6744758e-01
   3.5018494e-01
   3.3785450e-01
   3.3045621e-01
   3.3168926e-01
   3.4032059e-01
   3.5635019e-01
   3.7731196e-01
   3.9827373e-01
   4.1800246e-01
   4.3156594e-01
   4.3773119e-01
   4.3773119e-01
   4.3033293e-01
   4.2170159e-01
   4.1553637e-01
   4.1553637e-01
   4.2293464e-01
   4.4019728e-01
   4.6362514e-01
   4.9321825e-01
   5.2281132e-01
   5.4623921e-01
   5.6350183e-01
   5.6966707e-01
   5.6473487e-01
   5.5117139e-01
   5.3020962e-01
   5.0924784e-01
   4.8828607e-01
   4.7102343e-01
   4.6115905e-01
   4.5622688e-01
   4.5376079e-01
   4.5252774e-01
   4.4759557e-01
   4.3526510e-01
   4.1676942e-01
   3.8964240e-01
   3.5881628e-01
   3.2429099e-01
   2.9099876e-01
   2.6263872e-01
   2.4167695e-01
   2.3057953e-01
   2.2934648e-01
   2.3674474e-01
   2.5154130e-01
   2.7003698e-01
   2.8853267e-01
   3.0579531e-01
   3.1935882e-01
   3.2552404e-01
   3.2675708e-01
   3.2305795e-01
   3.1442664e-01
   3.0086313e-01
   2.8606658e-01
   2.7127003e-01
   2.5524043e-01
   2.4167695e-01
   2.3057953e-01
   2.2071515e-01
   2.1208384e-01
   2.0345251e-01
   1.9605424e-01
   1.8742294e-01
   1.7879160e-01
   1.7139334e-01
   1.6152899e-01
   1.5289765e-01
   1.4426632e-01
   1.3686806e-01
   1.3070284e-01
   1.2823672e-01
   1.2700368e-01
   1.3070281e-01
   1.3686806e-01
   1.4796548e-01
   1.5906287e-01
   1.7139334e-01
   1.8372380e-01
   1.9482120e-01
   2.0221949e-01
   2.0591862e-01
   2.0468558e-01
   1.9975338e-01
   1.8988902e-01
   1.7755856e-01
   1.6152896e-01
   1.4549936e-01
   1.3193588e-01
   1.2083849e-01
   1.1713933e-01
   1.2207150e-01
   1.3563501e-01
   1.5659679e-01
   1.8742294e-01
   2.2194819e-01
   2.5893956e-01
   2.9469789e-01
   3.2305795e-01
   3.4401972e-01
   3.5265106e-01
   3.4525277e-01
   3.2675708e-01
   2.9469791e-01
   2.5400741e-01
   2.0715167e-01
   1.5782983e-01
   1.1097408e-01
   6.9050537e-02
   3.5758326e-02
   1.3563482e-02
   1.2330439e-03
   0.0000000e+00
   9.8643509e-03
   2.7126992e-02
   5.1787923e-02
   8.0147959e-02
   1.0974107e-01
   1.3810110e-01
   1.6399505e-01
   1.8372378e-01
   1.9852033e-01
   2.0715164e-01
   2.1085080e-01
   2.1208384e-01
   2.1085080e-01
   2.0838468e-01
   2.0715167e-01
   2.0715167e-01
   2.1085080e-01
   2.1578300e-01
   2.2441428e-01
   2.3797782e-01
   2.5400739e-01
   2.7127003e-01
   2.8853267e-01
   3.0456226e-01
   3.1935882e-01
   3.3168926e-01
   3.4032059e-01
   3.4401972e-01
   3.4401972e-01
   3.4155361e-01
   3.3538842e-01
   3.2429099e-01
   3.1196053e-01
   2.9839705e-01
   2.8113438e-01
   2.6387176e-01
   2.4660910e-01
   2.2811341e-01
   2.1331688e-01
   2.0345251e-01
   1.9728729e-01
   1.9605424e-01
   2.0221946e-01
   2.1085080e-01
   2.2441428e-01
   2.4167695e-01
   2.5770654e-01
   2.7496916e-01
   2.9223180e-01
   3.1072751e-01
   3.2922320e-01
   3.4895190e-01
   3.7237979e-01
   3.9704069e-01
   4.2293464e-01
   4.4882859e-01
   4.6979038e-01
   4.8581996e-01
   4.9445129e-01
   4.9445129e-01
   4.8335387e-01
   4.6485821e-01
   4.3896423e-01
   4.0937115e-01
   3.7731196e-01
   3.4895190e-01
   3.2059186e-01
   2.9839705e-01
   2.7866829e-01
   2.6263872e-01
   2.5030825e-01
   2.3797782e-01
   2.2441431e-01
   2.1331688e-01
   2.0098645e-01
   1.9235511e-01
   1.8618987e-01
   1.8618989e-01
   1.9112207e-01
   2.0221949e-01
   2.2194819e-01
   2.4660912e-01
   2.7250307e-01
   3.0086311e-01
   3.2675711e-01
   3.4895192e-01
   3.6868063e-01
   3.8347718e-01
   3.9457457e-01
   4.0443898e-01
   4.1183724e-01
   4.1923551e-01
   4.2663377e-01
   4.3403203e-01
   4.4389641e-01
   4.5376079e-01
   4.6115908e-01
   4.6855731e-01
   4.7472256e-01
   4.7842169e-01
   4.7965474e-01
   4.8212085e-01
   4.8335389e-01
   4.8581996e-01
   4.9075216e-01
   4.9691738e-01
   5.0678175e-01
   5.1911222e-01
   5.3390875e-01
   5.4870530e-01
   5.6350183e-01
   5.7829841e-01
   5.8939580e-01
   5.9802711e-01
   6.0295931e-01
   6.0419235e-01
   6.0172627e-01
   5.9679406e-01
   5.9062885e-01
   5.8323058e-01
   5.7829838e-01
   5.7583229e-01
   5.7459927e-01
   5.7583229e-01
   5.7829841e-01
   5.7953145e-01
   5.7953145e-01
   5.7583232e-01
   5.7090012e-01
   5.6103577e-01
   5.4993834e-01
   5.3760791e-01
   5.2404440e-01
   5.1048089e-01
   4.9691738e-01
   4.8581998e-01
   4.7472256e-01
   4.6362517e-01
   4.5499383e-01
   4.4512948e-01
   4.3649815e-01
   4.2663377e-01
   4.1800246e-01
   4.0937113e-01
   4.0073982e-01
   3.9087547e-01
   3.8101109e-01
   3.6991367e-01
   3.5758323e-01
   3.4155363e-01
   3.2305795e-01
   3.0456226e-01
   2.8483351e-01
   2.6510481e-01
   2.5030825e-01
   2.4044390e-01
   2.3674474e-01
   2.3921083e-01
   2.5030825e-01
   2.6757087e-01
   2.8853269e-01
   3.1442664e-01
   3.4155363e-01
   3.6744758e-01
   3.9210851e-01
   4.1430330e-01
   4.3033293e-01
   4.4512945e-01
   4.5622688e-01
   4.6609123e-01
   4.7102343e-01
   4.7718865e-01
   4.8088778e-01
   4.8458694e-01
   4.8705303e-01
   4.9198520e-01
   4.9568433e-01
   5.0184955e-01
   5.0801480e-01
   5.1418002e-01
   5.2281135e-01
   5.3144266e-01
   5.4007399e-01
   5.4993834e-01
   5.5733661e-01
   5.6473490e-01
   5.7090012e-01
   5.7706534e-01
   5.8199754e-01
   5.8816276e-01
   5.9556102e-01
   6.0295931e-01
   6.1035760e-01
   6.1898888e-01
   6.2515413e-01
   6.2885326e-01
   6.3255239e-01
   6.3378543e-01
   6.3378543e-01
   6.3131935e-01
   6.3255239e-01
   6.3501850e-01
   6.3995068e-01
   6.4858199e-01
   6.5967941e-01
   6.7077680e-01
   6.8310727e-01
   6.9543774e-01
   7.0160295e-01
   7.0530209e-01
   7.0283600e-01
   6.9420469e-01
   6.8310727e-01
   6.6831072e-01
   6.5474723e-01
   6.3995068e-01
   6.3131935e-01
   6.2638717e-01
   6.2885326e-01
   6.3625155e-01
   6.4858199e-01
   6.6337854e-01
   6.7817507e-01
   6.9050556e-01
   6.9790382e-01
   6.9790382e-01
   6.9050553e-01
   6.7447594e-01
   6.5228112e-01
   6.2638720e-01
   5.9679409e-01
   5.6843403e-01
   5.4377310e-01
   5.2404437e-01
   5.1171393e-01
   5.0308260e-01
   5.0061654e-01
   5.0184958e-01
   5.0308262e-01
   5.0678175e-01
   5.0924784e-01
   5.0801480e-01
   5.0431564e-01
   4.9815045e-01
   4.9198520e-01
   4.8088778e-01
   4.6979036e-01
   4.5745992e-01
   4.4389644e-01
   4.3156597e-01
   4.2170159e-01
   4.1430330e-01
   4.1183724e-01
   4.1183722e-01
   4.1676939e-01
   4.2663377e-01
   4.4019728e-01
   4.5745992e-01
   4.7348952e-01
   4.8951909e-01
   5.0431567e-01
   5.1541306e-01
   5.2404440e-01
   5.2897657e-01
   5.3020962e-01
   5.3144266e-01
   5.3020962e-01
   5.2774353e-01
   5.2527744e-01
   5.2281132e-01
   5.1911219e-01
   5.1541306e-01
   5.1294697e-01
   5.0924784e-01
   5.0678175e-01
   5.0308262e-01
   5.0061651e-01
   4.9938346e-01
   4.9815042e-01
   4.9568433e-01
   4.9321825e-01
   4.8828604e-01
   4.8212085e-01
   4.7225647e-01
   4.6115905e-01
   4.4389641e-01
   4.2416768e-01
   4.0197286e-01
   3.7484587e-01
   3.4648584e-01
   3.1442662e-01
   2.8360049e-01
   2.5524043e-01
   2.3181257e-01
   2.1331688e-01
   2.0591862e-01
   2.0715167e-01
   2.1824906e-01
   2.4044388e-01
   2.7127003e-01
   3.0702835e-01
   3.4771885e-01
   3.8964243e-01
   4.2786684e-01
   4.6239212e-01
   4.9075216e-01
   5.1171393e-01
   5.2404437e-01
   5.2897657e-01
   5.2651046e-01
   5.1787915e-01
   5.0431567e-01
   4.8951911e-01
   4.7225647e-01
   4.5869296e-01
   4.4759554e-01
   4.4266339e-01
   4.4266337e-01
   4.5006166e-01
   4.6239212e-01
   4.7965474e-01
   4.9568433e-01
   5.1171393e-01
   5.2527741e-01
   5.3267570e-01
   5.3514179e-01
   5.3144266e-01
   5.2404437e-01
   5.1294697e-01
   5.0184958e-01
   4.9198520e-01
   4.8212085e-01
   4.7595560e-01
   4.7225645e-01
   4.6732430e-01
   4.6609125e-01
   4.6362514e-01
   4.5992601e-01
   4.5745992e-01
   4.5376079e-01
   4.4759554e-01
   4.4019728e-01
   4.3279899e-01
   4.2416768e-01
   4.1430330e-01
   4.0443898e-01
   3.9457460e-01
   3.8594327e-01
   3.7854500e-01
   3.7361283e-01
   3.7484585e-01
   3.8101109e-01
   3.9334153e-01
   4.1060417e-01
   4.3156597e-01
   4.5376079e-01
   4.7472256e-01
   4.9198520e-01
   5.0308260e-01
   5.0554868e-01
   5.0184958e-01
   4.8951909e-01
   4.7102343e-01
   4.5006163e-01
   4.2540075e-01
   4.0320591e-01
   3.8471022e-01
   3.6991367e-01
   3.6128236e-01
   3.5881628e-01
   3.6128236e-01
   3.7114671e-01
   3.8471022e-01
   4.0320591e-01
   4.2416771e-01
   4.4882859e-01
   4.7595560e-01
   5.0308260e-01
   5.2897657e-01
   5.5487055e-01
   5.7583232e-01
   5.9432798e-01
   6.0665844e-01
   6.1528975e-01
   6.1898891e-01
   6.1775586e-01
   6.1528975e-01
   6.1035757e-01
   6.0542540e-01
   6.0049322e-01
   5.9679406e-01
   5.9309493e-01
   5.8816276e-01
   5.8323058e-01
   5.7583232e-01
   5.6596791e-01
   5.5363748e-01
   5.3514179e-01
   5.1541306e-01
   4.9321825e-01
   4.7102343e-01
   4.5006163e-01
   4.3033293e-01
   4.1553637e-01
   4.0813811e-01
   4.0690504e-01
   4.1430333e-01
   4.2786684e-01
   4.4636250e-01
   4.6732430e-01
   4.8951911e-01
   5.0924784e-01
   5.2404440e-01
   5.3390875e-01
   5.4007397e-01
   5.4007397e-01
   5.3637483e-01
   5.3020962e-01
   5.2157831e-01
   5.1418002e-01
   5.1048089e-01
   5.1048089e-01
   5.1418002e-01
   5.2404437e-01
   5.3760788e-01
   5.5733663e-01
   5.7829841e-01
   6.0295928e-01
   6.3008630e-01
   6.5721329e-01
   6.8434031e-01
   7.0900122e-01
   7.2996302e-01
   7.4722566e-01
   7.5955610e-01
   7.6448827e-01
   7.6325523e-01
   7.5585694e-01
   7.4352653e-01
   7.2626386e-01
   7.0776820e-01
   6.8803944e-01
   6.6954379e-01
   6.5228115e-01
   6.4118372e-01
   6.3501850e-01
   6.3255242e-01
   6.3625155e-01
   6.4241677e-01
   6.4981503e-01
   6.5598028e-01
   6.5967941e-01
   6.6091245e-01
   6.5598028e-01
   6.4734894e-01
   6.3625155e-01
   6.2268804e-01
   6.1035757e-01
   5.9926015e-01
   5.9309493e-01
   5.9062885e-01
   5.9556102e-01
   6.0665844e-01
   6.2145500e-01
   6.4118372e-01
   6.6337854e-01
   6.8557336e-01
   7.0653516e-01
   7.2626386e-01
   7.4475957e-01
   7.5955612e-01
   7.7065352e-01
   7.8175091e-01
   7.9038225e-01
   7.9778051e-01
   8.0271271e-01
   8.0764486e-01
   8.1011098e-01
   8.0887793e-01
   8.0641184e-01
   8.0147964e-01
   7.9408138e-01
   7.8545007e-01
   7.7558569e-01
   7.6695439e-01
   7.6202218e-01
   7.5709001e-01
   7.5709001e-01
   7.5709001e-01
   7.5832305e-01
   7.5955610e-01
   7.5955612e-01
   7.5709001e-01
   7.5215783e-01
   7.4475957e-01
   7.3859432e-01
   7.3242908e-01
   7.2872995e-01
   7.2749690e-01
   7.2996302e-01
   7.3736128e-01
   7.4845870e-01
   7.5955610e-01
   7.7188656e-01
   7.8421700e-01
   7.9284833e-01
   8.0271269e-01
   8.1011095e-01
   8.1627622e-01
   8.1997535e-01
   8.2614057e-01
   8.2983970e-01
   8.3107275e-01
   8.2983970e-01
   8.2614057e-01
   8.1874228e-01
   8.0764489e-01
   7.9408138e-01
   7.7928483e-01
   7.6202218e-01
   7.4722563e-01
   7.3242908e-01
   7.2256473e-01
   7.1516646e-01
   7.0900122e-01
   7.0530209e-01
   7.0160295e-01
   6.9543771e-01
   6.9050556e-01
   6.8187423e-01
   6.7324289e-01
   6.6584466e-01
   6.6214550e-01
   6.6091245e-01
   6.6214550e-01
   6.6831074e-01
   6.7447596e-01
   6.8064118e-01
   6.8434031e-01
   6.8310727e-01
   6.7694205e-01
   6.6461158e-01
   6.4611590e-01
   6.2515413e-01
   6.0295931e-01
   5.7953145e-01
   5.5980272e-01
   5.4623919e-01
   5.3760788e-01
   5.3514179e-01
   5.3884095e-01
   5.4747226e-01
   5.5856968e-01
   5.7090012e-01
   5.8199754e-01
   5.9432798e-01
   6.0665844e-01
   6.1898891e-01
   6.3255239e-01
   6.4611590e-01
   6.6337854e-01
   6.7940814e-01
   6.9543771e-01
   7.1146733e-01
   7.2256473e-01
   7.2996299e-01
   7.3119606e-01
   7.2503084e-01
   7.1393342e-01
   6.9790382e-01
   6.7817509e-01
   6.5721332e-01
   6.3625152e-01
   6.1528975e-01
   5.9679406e-01
   5.8076449e-01
   5.6720098e-01
   5.5363748e-01
   5.4130701e-01
   5.2774350e-01
   5.1541306e-01
   5.0431567e-01
   4.9321825e-01
   4.8458694e-01
   4.8088778e-01
   4.7965474e-01
   4.8335389e-01
   4.8705303e-01
   4.9445129e-01
   4.9938346e-01
   5.0308260e-01
   5.0184958e-01
   4.9815042e-01
   4.8951909e-01
