   2.7594340e-01
   3.9386793e-01
   5.0471700e-01
   5.9119497e-01
   6.4544026e-01
   6.6823900e-01
   6.6745282e-01
   6.5094340e-01
   6.2971699e-01
   6.0927674e-01
   5.9198115e-01
   5.7468554e-01
   5.5267296e-01
   5.2594340e-01
   4.9056604e-01
   4.5047169e-01
   4.0880503e-01
   3.7342769e-01
   3.4512579e-01
   3.3018869e-01
   3.2783019e-01
   3.3569183e-01
   3.5298743e-01
   3.7735849e-01
   4.0330190e-01
   4.3160378e-01
   4.5676101e-01
   4.7955975e-01
   4.9842768e-01
   5.1022014e-01
   5.1493711e-01
   5.1100630e-01
   4.9921385e-01
   4.8034591e-01
   4.5597485e-01
   4.2688680e-01
   3.9701258e-01
   3.6949686e-01
   3.4748428e-01
   3.3411950e-01
   3.3333334e-01
   3.4512579e-01
   3.6792452e-01
   3.9858490e-01
   4.3160378e-01
   4.6069184e-01
   4.8113208e-01
   4.9056604e-01
   4.8820756e-01
   4.7641510e-01
   4.5911951e-01
   4.4182391e-01
   4.2688680e-01
   4.1981132e-01
   4.1981132e-01
   4.2924529e-01
   4.4418241e-01
   4.6147800e-01
   4.7877359e-01
   4.9135220e-01
   4.9606920e-01
   4.8899370e-01
   4.6933962e-01
   4.3867926e-01
   3.9937107e-01
   3.5770439e-01
   3.1839624e-01
   2.8852201e-01
   2.7044024e-01
   2.6808177e-01
   2.7830190e-01
   2.9795598e-01
   3.2389937e-01
   3.5062895e-01
   3.7578616e-01
   3.9544025e-01
   4.1037736e-01
   4.1981132e-01
   4.2452832e-01
   4.2688680e-01
   4.2767296e-01
   4.3003145e-01
   4.3474843e-01
   4.4339623e-01
   4.5676101e-01
   4.7405660e-01
   4.9213837e-01
   5.0864780e-01
   5.2044025e-01
   5.2437108e-01
   5.1886792e-01
   5.0471698e-01
   4.8427674e-01
   4.6147800e-01
   4.4103774e-01
   4.2531448e-01
   4.1745284e-01
   4.2059749e-01
   4.3396226e-01
   4.5676101e-01
   4.8663523e-01
   5.1965409e-01
   5.5031447e-01
   5.7311321e-01
   5.8254716e-01
   5.7547172e-01
   5.5031447e-01
   5.1022014e-01
   4.6069184e-01
   4.0880503e-01
   3.6320756e-01
   3.3018869e-01
   3.1446542e-01
   3.1682389e-01
   3.3490566e-01
   3.6399371e-01
   3.9937107e-01
   4.3553461e-01
   4.6698114e-01
   4.9056604e-01
   5.0550316e-01
   5.1022014e-01
   5.0471698e-01
   4.8977988e-01
   4.6855346e-01
   4.4339623e-01
   4.1588051e-01
   3.8915096e-01
   3.6556605e-01
   3.4591195e-01
   3.3176100e-01
   3.2389937e-01
   3.2468554e-01
   3.3569183e-01
   3.5691825e-01
   3.8993710e-01
   4.3081761e-01
   4.7720126e-01
   5.2437108e-01
   5.6682390e-01
   5.9748427e-01
   6.1635222e-01
   6.2106919e-01
   6.1399373e-01
   6.0062895e-01
   5.8333334e-01
   5.6603775e-01
   5.5503146e-01
   5.4874215e-01
   5.5110063e-01
   5.5974844e-01
   5.7389938e-01
   5.9355345e-01
   6.1713836e-01
   6.4150943e-01
   6.6509435e-01
   6.8317611e-01
   6.9575472e-01
   6.9889937e-01
   6.9025158e-01
   6.7138365e-01
   6.4150945e-01
   6.0220128e-01
   5.5581761e-01
   5.0471698e-01
   4.5440252e-01
   4.0644655e-01
   3.6713836e-01
   3.3962264e-01
   3.2783019e-01
   3.3176101e-01
   3.4905660e-01
   3.7578616e-01
   4.0723271e-01
   4.3946542e-01
   4.6776730e-01
   4.9056604e-01
   5.0707547e-01
   5.2044025e-01
   5.2987421e-01
   5.3852202e-01
   5.4559750e-01
   5.5031447e-01
   5.5188680e-01
   5.5031447e-01
   5.4559750e-01
   5.3773586e-01
   5.3223270e-01
   5.2830189e-01
   5.3144654e-01
   5.4245283e-01
   5.6132076e-01
   5.8883648e-01
   6.2421384e-01
   6.6273587e-01
   7.0125786e-01
   7.3270441e-01
   7.5393082e-01
   7.5864780e-01
   7.4449686e-01
   7.1147799e-01
   6.6430817e-01
   6.0770441e-01
   5.5267296e-01
   5.0471698e-01
   4.7012579e-01
   4.5518868e-01
   4.5911951e-01
   4.7955975e-01
   5.1257861e-01
   5.5188680e-01
   5.9198113e-01
   6.2735849e-01
   6.5566039e-01
   6.7295599e-01
   6.7845913e-01
   6.7295599e-01
   6.5801887e-01
   6.3522013e-01
   6.0927674e-01
   5.8176100e-01
   5.5817611e-01
   5.3930818e-01
   5.2594339e-01
   5.1808178e-01
   5.1493711e-01
   5.1886792e-01
   5.2830189e-01
   5.4559748e-01
   5.7154087e-01
   6.0455975e-01
   6.4386792e-01
   6.8474845e-01
   7.2327046e-01
   7.5314466e-01
   7.7122643e-01
   7.7594341e-01
   7.6572328e-01
   7.4371070e-01
   7.1383649e-01
   6.8081760e-01
   6.4937107e-01
   6.2500000e-01
   6.0927672e-01
   6.0534592e-01
   6.1320757e-01
   6.3207548e-01
   6.5959120e-01
   6.8867924e-01
   7.1619498e-01
   7.3584906e-01
   7.4606920e-01
   7.4606918e-01
   7.3663523e-01
   7.2169813e-01
   7.0440252e-01
   6.9182391e-01
   6.8632076e-01
   6.8946542e-01
   7.0204404e-01
   7.2169811e-01
   7.4606918e-01
   7.7279876e-01
   7.9795599e-01
   8.1603774e-01
   8.2547171e-01
   8.2311322e-01
   8.0817612e-01
   7.8223271e-01
   7.4685536e-01
   7.0911950e-01
   6.7059749e-01
   6.4072327e-01
   6.2028303e-01
   6.1242139e-01
   6.1477987e-01
   6.2657233e-01
   6.4150945e-01
   6.5644655e-01
   6.6823900e-01
   6.7452832e-01
   6.7610064e-01
   6.7216983e-01
   6.6588050e-01
   6.5723271e-01
   6.5015725e-01
   6.4701258e-01
   6.4858491e-01
   6.5566039e-01
   6.6902517e-01
   6.8632076e-01
   7.0597485e-01
   7.2327044e-01
   7.3506289e-01
   7.4056605e-01
   7.3820754e-01
   7.2798741e-01
   7.1383649e-01
   6.9732706e-01
   6.8238994e-01
   6.6902517e-01
   6.5959120e-01
   6.5644655e-01
   6.5801887e-01
   6.6745284e-01
   6.8553461e-01
   7.1147799e-01
   7.4449688e-01
   7.8144654e-01
   8.1996857e-01
   8.5298742e-01
   8.7500001e-01
   8.8128932e-01
   8.7028303e-01
   8.4198115e-01
   7.9874215e-01
   7.4528304e-01
   6.8867924e-01
   6.3522013e-01
   5.9198113e-01
   5.6525157e-01
   5.5738995e-01
   5.6996855e-01
   6.0220126e-01
   6.4622642e-01
   6.9654088e-01
   7.4292453e-01
   7.7830189e-01
   7.9481134e-01
   7.9009435e-01
   7.6572328e-01
   7.2720127e-01
   6.8160378e-01
   6.3679247e-01
   6.0220126e-01
   5.8018869e-01
   5.7547170e-01
   5.8569183e-01
   6.1084906e-01
   6.4701258e-01
   6.8867924e-01
   7.3270441e-01
   7.7279874e-01
   8.0581761e-01
   8.2783021e-01
   8.3647800e-01
   8.3176102e-01
   8.1367925e-01
   7.8459119e-01
   7.4764151e-01
   7.0518869e-01
   6.6116352e-01
   6.1713838e-01
   5.7704403e-01
   5.4323899e-01
   5.1729560e-01
   5.0157233e-01
   4.9606920e-01
   4.9921385e-01
   5.0864780e-01
   5.1886792e-01
   5.2672956e-01
   5.2908805e-01
   5.2358491e-01
   5.1179246e-01
   4.9606918e-01
   4.7877359e-01
   4.6698114e-01
   4.5990566e-01
   4.6147798e-01
   4.7012579e-01
   4.8427674e-01
   4.9921385e-01
   5.1493711e-01
   5.2672956e-01
   5.3380503e-01
   5.3537737e-01
   5.2987423e-01
   5.1965409e-01
   5.0628932e-01
   4.9213837e-01
   4.7798743e-01
   4.7012579e-01
   4.6776730e-01
   4.7091197e-01
   4.8034593e-01
   4.9292453e-01
   5.0471700e-01
   5.1572327e-01
   5.2122643e-01
   5.2358491e-01
   5.2201259e-01
   5.1965409e-01
   5.1650944e-01
   5.1336479e-01
   5.1179246e-01
   5.1179246e-01
   5.1179246e-01
   5.1257862e-01
   5.1415095e-01
   5.1572327e-01
   5.1729560e-01
   5.1729562e-01
   5.1257862e-01
   5.0314466e-01
   4.8742138e-01
   4.6383649e-01
   4.3474844e-01
   4.0094341e-01
   3.6635219e-01
   3.3254718e-01
   3.0267297e-01
   2.7830189e-01
   2.6179246e-01
   2.5471698e-01
   2.5786165e-01
   2.7279875e-01
   2.9874214e-01
   3.3176100e-01
   3.7028302e-01
   4.0723271e-01
   4.3710691e-01
   4.5361636e-01
   4.5597485e-01
   4.4103773e-01
   4.1430819e-01
   3.7971699e-01
   3.4433963e-01
   3.1525157e-01
   2.9795598e-01
   2.9716982e-01
   3.1367924e-01
   3.4669812e-01
   3.9308177e-01
   4.4811320e-01
   5.0314466e-01
   5.5188680e-01
   5.8726416e-01
   6.0220126e-01
   5.9591196e-01
   5.6996855e-01
   5.2908807e-01
   4.8113209e-01
   4.3396228e-01
   3.9622643e-01
   3.7342769e-01
   3.6949686e-01
   3.8364780e-01
   4.1430817e-01
   4.5597485e-01
   5.0393084e-01
   5.5188681e-01
   5.9591196e-01
   6.3050314e-01
   6.5094341e-01
   6.5723271e-01
   6.4858491e-01
   6.2657234e-01
   5.9433963e-01
   5.5581762e-01
   5.1493711e-01
   4.7720126e-01
   4.4261007e-01
   4.1666667e-01
   3.9701260e-01
   3.8600629e-01
   3.8207548e-01
   3.8600631e-01
   3.9858490e-01
   4.1745284e-01
   4.4103774e-01
   4.6619497e-01
   4.9056604e-01
   5.0943397e-01
   5.2279874e-01
   5.2987421e-01
   5.2987421e-01
   5.2515724e-01
   5.1729560e-01
   5.0864781e-01
   4.9921385e-01
   4.9213837e-01
   4.8427673e-01
   4.7877359e-01
   4.7641510e-01
   4.7484278e-01
   4.7798743e-01
   4.8270442e-01
   4.8977988e-01
   4.9764152e-01
   5.0550315e-01
   5.1257862e-01
   5.1808176e-01
   5.2358491e-01
   5.2830191e-01
   5.3301886e-01
   5.3537737e-01
   5.3616353e-01
   5.3380504e-01
   5.2751573e-01
   5.1729560e-01
   5.0393082e-01
   4.9056604e-01
   4.7798743e-01
   4.6933962e-01
   4.6619497e-01
   4.6776730e-01
   4.7484276e-01
   4.8742139e-01
   5.0471698e-01
   5.2594340e-01
   5.4952831e-01
   5.7468554e-01
   5.9905661e-01
   6.1871070e-01
   6.3050316e-01
   6.3207548e-01
   6.2185535e-01
   6.0220128e-01
   5.7468554e-01
   5.4166668e-01
   5.0943396e-01
   4.8034591e-01
   4.5833333e-01
   4.4418239e-01
   4.3867926e-01
   4.4339623e-01
   4.5597486e-01
   4.7720126e-01
   5.0314466e-01
   5.3066038e-01
   5.5738995e-01
   5.8018869e-01
   5.9669812e-01
   6.0377358e-01
   6.0141510e-01
   5.9276731e-01
   5.7625788e-01
   5.5660379e-01
   5.3459119e-01
   5.1179246e-01
   4.9056604e-01
   4.7248427e-01
   4.6069184e-01
   4.5676101e-01
   4.6226416e-01
   4.7798743e-01
   5.0235850e-01
   5.3223272e-01
   5.6367925e-01
   5.9198115e-01
   6.1320755e-01
   6.2185535e-01
   6.1871070e-01
   6.0220128e-01
   5.7547170e-01
   5.4009436e-01
   5.0235850e-01
   4.6540881e-01
   4.3632075e-01
   4.2138365e-01
   4.2138365e-01
   4.3946542e-01
   4.7405661e-01
   5.2122641e-01
   5.7389938e-01
   6.2500000e-01
   6.6823900e-01
   6.9811323e-01
   7.1226415e-01
   7.1147799e-01
   6.9889937e-01
   6.7767295e-01
   6.5251574e-01
   6.2578616e-01
   6.0062893e-01
   5.7861637e-01
   5.5974844e-01
   5.4716982e-01
   5.3930818e-01
   5.3773586e-01
   5.4481133e-01
   5.5738993e-01
   5.7625786e-01
   5.9827045e-01
   6.2106917e-01
   6.4229559e-01
   6.5880504e-01
   6.6902517e-01
   6.6981133e-01
   6.6116352e-01
   6.4150945e-01
   6.1320757e-01
   5.7704403e-01
   5.3773586e-01
   4.9764150e-01
   4.6305032e-01
   4.3553459e-01
   4.1666667e-01
   4.0801887e-01
   4.0801887e-01
   4.1430819e-01
   4.2767296e-01
   4.4418239e-01
   4.6462265e-01
   4.8663523e-01
   5.0707547e-01
   5.2437106e-01
   5.3380504e-01
   5.3459119e-01
   5.2279875e-01
   4.9999999e-01
   4.6933964e-01
   4.3553459e-01
   4.0487422e-01
   3.8364780e-01
   3.7657232e-01
   3.8522013e-01
   4.1116354e-01
   4.5125787e-01
   5.0235850e-01
   5.6053460e-01
   6.1871070e-01
   6.7374216e-01
   7.1855347e-01
   7.5000000e-01
   7.6650944e-01
   7.6493712e-01
   7.4685535e-01
   7.1462264e-01
   6.7216981e-01
   6.2342768e-01
   5.7389938e-01
   5.2830189e-01
   4.8977988e-01
   4.6147800e-01
   4.4496855e-01
   4.4418239e-01
   4.5754717e-01
   4.8506291e-01
   5.2358491e-01
   5.6682390e-01
   6.1084906e-01
   6.4701258e-01
   6.6902517e-01
   6.7374214e-01
   6.6037736e-01
   6.3050314e-01
   5.9040880e-01
   5.4559750e-01
   5.0157233e-01
   4.6698114e-01
   4.4339623e-01
   4.3553459e-01
   4.4182391e-01
   4.6147798e-01
   4.8899372e-01
   5.2201257e-01
   5.5110063e-01
   5.7389938e-01
   5.8647799e-01
   5.8569183e-01
   5.7232705e-01
   5.5110065e-01
   5.2594340e-01
   5.0235850e-01
   4.8584907e-01
   4.7641510e-01
   4.7720126e-01
   4.8427674e-01
   4.9606918e-01
   5.0943397e-01
   5.2122641e-01
   5.3144654e-01
   5.3852202e-01
   5.4402517e-01
   5.4638366e-01
   5.4716980e-01
   5.4559748e-01
   5.4481132e-01
   5.4245283e-01
   5.4088050e-01
   5.3930818e-01
   5.3773586e-01
   5.3537737e-01
   5.3144654e-01
   5.2358491e-01
   5.1257862e-01
   4.9921383e-01
   4.8427673e-01
   4.6933962e-01
   4.5676101e-01
   4.4732706e-01
   4.4025158e-01
   4.3396226e-01
   4.3081761e-01
   4.2845913e-01
   4.2924529e-01
   4.3474843e-01
   4.4811322e-01
   4.6855348e-01
   4.9606920e-01
   5.2830189e-01
   5.6289309e-01
   5.9433963e-01
   6.1792454e-01
   6.3286164e-01
   6.3679246e-01
   6.2893083e-01
   6.1242139e-01
   5.8883648e-01
   5.6053460e-01
   5.3066038e-01
   5.0235850e-01
   4.7877359e-01
   4.6147800e-01
   4.5361636e-01
   4.5440250e-01
   4.6226414e-01
   4.7248427e-01
   4.8506291e-01
   4.9371069e-01
   4.9764150e-01
   4.9528302e-01
   4.8584907e-01
   4.7327045e-01
   4.5911950e-01
   4.4496855e-01
   4.3317612e-01
   4.2688680e-01
   4.2610064e-01
   4.3396226e-01
   4.4889937e-01
   4.7169811e-01
   5.0000001e-01
   5.3066039e-01
   5.6053460e-01
   5.8490567e-01
   5.9984277e-01
   6.0220126e-01
   5.9355347e-01
   5.7232704e-01
   5.4323901e-01
   5.0786163e-01
   4.7012579e-01
   4.3474844e-01
   4.0566038e-01
   3.8522013e-01
   3.7578618e-01
   3.7735850e-01
   3.9150944e-01
   4.1194968e-01
   4.3867926e-01
   4.6305031e-01
   4.8113209e-01
   4.9056604e-01
   4.8742139e-01
   4.7405661e-01
   4.5204402e-01
   4.2452832e-01
   3.9544025e-01
   3.6871070e-01
   3.4827046e-01
   3.3254718e-01
   3.2311321e-01
   3.2154087e-01
   3.2625786e-01
   3.3805031e-01
   3.5534592e-01
   3.7500000e-01
   3.9622642e-01
   4.1430819e-01
   4.2845913e-01
   4.3632075e-01
   4.4025156e-01
   4.4103774e-01
   4.4182391e-01
   4.4654088e-01
   4.5518868e-01
   4.7091197e-01
   4.9135220e-01
   5.1415095e-01
   5.3773586e-01
   5.5896227e-01
   5.7547170e-01
   5.8411951e-01
   5.8647799e-01
   5.7940251e-01
   5.6525159e-01
   5.4559748e-01
   5.2358490e-01
   5.0235850e-01
   4.8663523e-01
   4.7720126e-01
   4.7562892e-01
   4.8270442e-01
   4.9528302e-01
   5.0943396e-01
   5.2437106e-01
   5.3537737e-01
   5.4088050e-01
   5.4088052e-01
   5.3537735e-01
   5.2515724e-01
   5.1022012e-01
   4.9449685e-01
   4.7720126e-01
   4.6462263e-01
   4.5754719e-01
   4.5911950e-01
   4.7169811e-01
   4.9528302e-01
   5.2672956e-01
   5.6367925e-01
   5.9984277e-01
   6.2971698e-01
   6.4937107e-01
   6.5801887e-01
   6.5487422e-01
   6.4386793e-01
   6.2814465e-01
   6.1242140e-01
   5.9984277e-01
   5.9355347e-01
   5.9591196e-01
   6.0691825e-01
   6.2500000e-01
   6.4858493e-01
   6.7452832e-01
   6.9654088e-01
   7.1069182e-01
   7.1383649e-01
   7.0518869e-01
   6.8317611e-01
   6.5330190e-01
   6.1871070e-01
   5.8726417e-01
   5.6289309e-01
   5.4952831e-01
   5.5110065e-01
   5.6603774e-01
   5.9433963e-01
   6.3207548e-01
   6.7610063e-01
   7.2327046e-01
   7.6886794e-01
   8.0738994e-01
   8.3726416e-01
   8.5377360e-01
   8.5377359e-01
   8.3805032e-01
   8.0738995e-01
   7.6415095e-01
   7.1305033e-01
   6.5801887e-01
   6.0613209e-01
   5.6132076e-01
   5.2751573e-01
   5.0786163e-01
   5.0471698e-01
   5.1729560e-01
   5.4402517e-01
   5.7940253e-01
   6.1713838e-01
   6.5251574e-01
   6.7845913e-01
   6.8946542e-01
   6.8710692e-01
   6.6981133e-01
   6.4465410e-01
   6.1477987e-01
   5.8805032e-01
   5.6682392e-01
   5.5345912e-01
   5.4874215e-01
   5.5110063e-01
   5.5896227e-01
   5.6918240e-01
   5.8018869e-01
   5.9040882e-01
   5.9905661e-01
   6.0377360e-01
   6.0534592e-01
   6.0455976e-01
   5.9984277e-01
   5.9512578e-01
   5.9198115e-01
   5.9119498e-01
   5.9433963e-01
   6.0141510e-01
   6.0927674e-01
   6.1792452e-01
   6.2264151e-01
   6.2185535e-01
   6.1556604e-01
   6.0377360e-01
   5.8569181e-01
   5.6603774e-01
   5.4481132e-01
   5.2437106e-01
   5.0786165e-01
   4.9842768e-01
   4.9764150e-01
   5.0707547e-01
   5.2672956e-01
   5.5581761e-01
   5.8726416e-01
   6.1713836e-01
   6.3915096e-01
   6.4858493e-01
   6.4229559e-01
   6.2185535e-01
   5.9119497e-01
   5.5424528e-01
   5.2122641e-01
   4.9606918e-01
   4.8427674e-01
   4.8899372e-01
   5.1022012e-01
   5.4481132e-01
   5.9040880e-01
   6.3915094e-01
   6.8710692e-01
   7.2562893e-01
   7.4842767e-01
   7.5393082e-01
   7.3899372e-01
   7.0754717e-01
   6.6194969e-01
   6.1163522e-01
   5.6132076e-01
   5.1886792e-01
   4.9056604e-01
   4.7720126e-01
   4.7955975e-01
   4.9685534e-01
   5.2358490e-01
   5.5817611e-01
   5.9591196e-01
   6.3207548e-01
   6.6273585e-01
   6.8474843e-01
   6.9496856e-01
   6.9339623e-01
   6.8160378e-01
   6.6116354e-01
   6.3600629e-01
   6.1006290e-01
   5.8805032e-01
   5.7075471e-01
   5.5974844e-01
   5.5503145e-01
   5.5581762e-01
   5.6210692e-01
   5.7311321e-01
   5.8883650e-01
   6.0849057e-01
   6.2971699e-01
   6.5330190e-01
   6.7295599e-01
   6.8946542e-01
   6.9968553e-01
   7.0125788e-01
   6.9811323e-01
   6.8946542e-01
   6.7767297e-01
   6.6352201e-01
   6.4937109e-01
   6.3679246e-01
   6.2578616e-01
   6.1792454e-01
   6.1399373e-01
   6.1556604e-01
   6.2264151e-01
   6.3600631e-01
   6.5408806e-01
   6.7295598e-01
   6.9182391e-01
   7.0597485e-01
   7.1462264e-01
   7.1305031e-01
   7.0047171e-01
   6.7531448e-01
   6.3836478e-01
   5.8962264e-01
   5.3380504e-01
   4.7484278e-01
   4.1902516e-01
   3.7106919e-01
   3.3569183e-01
   3.1682389e-01
   3.1525157e-01
   3.2625786e-01
   3.4748428e-01
   3.7342767e-01
   3.9858492e-01
   4.2295599e-01
   4.4339623e-01
   4.6069182e-01
   4.7484278e-01
   4.8506289e-01
   4.9292455e-01
   4.9606918e-01
   4.9528303e-01
   4.9056604e-01
   4.8034593e-01
   4.7012579e-01
   4.5911951e-01
   4.5125787e-01
   4.4811320e-01
   4.4968555e-01
   4.5597485e-01
   4.6619497e-01
   4.8113208e-01
   4.9764152e-01
   5.1572327e-01
   5.3223272e-01
   5.4559748e-01
   5.5345912e-01
   5.5424528e-01
   5.4402517e-01
   5.2437106e-01
   4.9764150e-01
   4.6540881e-01
   4.3238996e-01
   4.0172955e-01
   3.7893083e-01
   3.6556603e-01
   3.6477989e-01
   3.7657232e-01
   4.0172955e-01
   4.3867926e-01
   4.8506291e-01
   5.3616353e-01
   5.8726416e-01
   6.3286164e-01
   6.6745284e-01
   6.8710693e-01
   6.9025158e-01
   6.7924529e-01
   6.5644655e-01
   6.2893083e-01
   6.0141510e-01
   5.7861637e-01
   5.6525159e-01
   5.6289309e-01
   5.7154089e-01
   5.9119498e-01
   6.1792454e-01
   6.5015723e-01
   6.8396229e-01
   7.1462265e-01
   7.3977988e-01
   7.5628931e-01
   7.6336477e-01
   7.6100629e-01
   7.5314466e-01
   7.4213837e-01
   7.3191824e-01
   7.2562894e-01
   7.2641511e-01
   7.3270441e-01
   7.4449686e-01
   7.6100630e-01
   7.8144656e-01
   8.0188680e-01
   8.2232706e-01
   8.3883648e-01
   8.5062894e-01
   8.5613207e-01
   8.5220126e-01
   8.3805032e-01
   8.1210693e-01
   7.7751573e-01
   7.3663522e-01
   6.9339623e-01
   6.4858491e-01
   6.0613209e-01
   5.6682390e-01
   5.2987421e-01
   4.9685534e-01
   4.6462265e-01
   4.3474844e-01
   4.0723271e-01
   3.8286164e-01
   3.6006290e-01
   3.4040880e-01
   3.2389937e-01
   3.0896227e-01
   2.9481133e-01
   2.8066037e-01
   2.6336478e-01
   2.4449685e-01
   2.2327045e-01
   1.9811322e-01
   1.6902516e-01
   1.3679245e-01
   1.0377359e-01
   7.1540882e-02
   4.4025163e-02
   2.1226419e-02
   7.0754788e-03
   0.0000000e+00
   0.0000000e+00
   3.9308292e-03
   1.0220111e-02
   1.8867932e-02
   2.9874223e-02
   4.4811326e-02
   6.2106916e-02
   8.4119497e-02
   1.1006289e-01
   1.3600628e-01
   1.6037735e-01
   1.7845912e-01
   1.8789307e-01
   1.8710693e-01
   1.7610064e-01
   1.5566038e-01
   1.2893082e-01
   9.9056600e-02
   7.0754719e-02
   4.5597488e-02
   2.9874223e-02
   2.5157231e-02
   3.6163522e-02
   6.1320753e-02
   1.0220125e-01
   1.5251573e-01
   2.0676100e-01
   2.5786165e-01
   3.0031447e-01
   3.2861635e-01
   3.3883649e-01
   3.3333334e-01
   3.1525157e-01
   2.9088052e-01
   2.6336478e-01
   2.4135220e-01
   2.2798742e-01
   2.2641510e-01
   2.4056604e-01
   2.6650943e-01
   3.0503144e-01
   3.5141511e-01
   3.9937107e-01
   4.4418239e-01
   4.7877359e-01
   4.9842767e-01
   5.0157233e-01
   4.8899372e-01
   4.6383649e-01
   4.3238994e-01
   4.0015723e-01
   3.7421385e-01
   3.5927673e-01
   3.5691825e-01
   3.7028302e-01
   3.9465409e-01
   4.2924527e-01
   4.6776730e-01
   5.0471700e-01
   5.3459121e-01
   5.5110063e-01
   5.5345914e-01
   5.3930818e-01
   5.1179246e-01
   4.7720125e-01
   4.4182391e-01
   4.1352202e-01
   3.9701260e-01
   3.9622642e-01
   4.1116354e-01
   4.4025158e-01
   4.7798743e-01
   5.2044027e-01
   5.6210692e-01
   5.9905661e-01
   6.2735851e-01
   6.4308177e-01
   6.4701260e-01
   6.3836478e-01
   6.1792452e-01
   5.8805032e-01
   5.5424528e-01
   5.2122643e-01
   4.9292453e-01
   4.7248429e-01
   4.6226416e-01
   4.6147798e-01
   4.7012580e-01
   4.8349058e-01
   4.9842767e-01
   5.1257861e-01
   5.2515724e-01
   5.3144656e-01
   5.3301888e-01
   5.2987423e-01
   5.2044027e-01
   5.0943397e-01
   4.9764152e-01
   4.8584905e-01
   4.7798743e-01
   4.7484278e-01
   4.7405661e-01
   4.7405660e-01
   4.7248429e-01
   4.6540881e-01
   4.5283020e-01
   4.3317612e-01
   4.1194968e-01
   3.9072328e-01
   3.7578616e-01
   3.7106919e-01
   3.7893083e-01
   3.9779874e-01
   4.2845913e-01
   4.6619497e-01
   5.0628932e-01
   5.4559750e-01
   5.7861635e-01
   6.0220126e-01
   6.1399371e-01
   6.1006290e-01
   5.9119497e-01
   5.5896227e-01
   5.1572327e-01
   4.6698114e-01
   4.1981132e-01
   3.8128931e-01
   3.5534592e-01
   3.4827044e-01
   3.6084906e-01
   3.9150944e-01
   4.3789308e-01
   4.9292455e-01
   5.5110063e-01
   6.0613209e-01
   6.5172956e-01
   6.8238994e-01
   6.9261007e-01
   6.8553459e-01
   6.5801887e-01
   6.1713836e-01
   5.6761006e-01
   5.1808178e-01
   4.7405661e-01
   4.4025158e-01
   4.2138365e-01
   4.1745282e-01
   4.2924529e-01
   4.5204403e-01
   4.8584905e-01
   5.2672956e-01
   5.7232704e-01
   6.1871070e-01
   6.6194969e-01
   6.9968555e-01
   7.2641511e-01
   7.3899372e-01
   7.3742138e-01
   7.2091195e-01
   6.9339623e-01
   6.5801887e-01
   6.2106917e-01
   5.8647799e-01
   5.5817611e-01
   5.3930818e-01
   5.3223270e-01
   5.3694968e-01
   5.5345914e-01
   5.7861635e-01
   6.0927674e-01
   6.4072328e-01
   6.6902517e-01
   6.8946542e-01
   7.0125786e-01
   7.0204402e-01
   6.9575472e-01
   6.8553459e-01
   6.7531448e-01
   6.6981133e-01
   6.7138365e-01
   6.8081762e-01
   6.9732705e-01
   7.1619498e-01
   7.3663523e-01
   7.5471700e-01
   7.6650944e-01
   7.7358490e-01
   7.7279876e-01
   7.6650944e-01
   7.5707547e-01
   7.4528304e-01
   7.3427673e-01
   7.2798743e-01
   7.2798743e-01
   7.3270442e-01
   7.4213837e-01
   7.5235850e-01
   7.6179247e-01
   7.6572328e-01
   7.6257861e-01
   7.5235850e-01
   7.3506291e-01
   7.1383649e-01
   6.9182391e-01
   6.7059749e-01
   6.5172956e-01
   6.3600629e-01
   6.2106919e-01
   6.0691825e-01
   5.9355345e-01
   5.8097484e-01
   5.6918240e-01
   5.5738993e-01
   5.4559750e-01
   5.2987421e-01
   5.1022012e-01
   4.8349056e-01
   4.4811320e-01
   4.0644655e-01
   3.5927673e-01
   3.0974843e-01
   2.6257862e-01
   2.2169812e-01
   1.9025158e-01
   1.7059750e-01
   1.6588049e-01
   1.7452831e-01
   1.9732704e-01
   2.3034593e-01
   2.7122642e-01
   3.1446542e-01
   3.5377360e-01
   3.8364780e-01
   4.0172957e-01
   4.0487422e-01
   3.9386793e-01
   3.7264153e-01
   3.4433963e-01
   3.1525157e-01
   2.8930818e-01
   2.7201257e-01
   2.6572327e-01
   2.7358491e-01
   2.9638365e-01
   3.3333334e-01
   3.8443396e-01
   4.4418239e-01
   5.0786165e-01
   5.6996855e-01
   6.2264151e-01
   6.6116352e-01
   6.8081762e-01
   6.8081762e-01
   6.6273585e-01
   6.2971698e-01
   5.8726416e-01
   5.4166668e-01
   4.9685536e-01
   4.5911950e-01
   4.3160378e-01
   4.1745284e-01
   4.1745284e-01
   4.3003145e-01
   4.5361636e-01
   4.8427674e-01
   5.1572327e-01
   5.4402515e-01
   5.6367925e-01
   5.7311321e-01
   5.7311321e-01
   5.6289309e-01
   5.4952829e-01
   5.3459121e-01
   5.2201259e-01
   5.1572329e-01
   5.1808176e-01
   5.2594340e-01
   5.4009434e-01
   5.5974844e-01
   5.8176100e-01
   6.0298742e-01
   6.2185535e-01
   6.3600631e-01
   6.4308177e-01
   6.4308177e-01
   6.3600629e-01
   6.2421384e-01
   6.1084906e-01
   5.9827045e-01
   5.8883650e-01
   5.8333333e-01
   5.8176102e-01
   5.8176100e-01
   5.8333334e-01
   5.8333334e-01
   5.8176102e-01
   5.7783019e-01
   5.7311321e-01
   5.6761008e-01
   5.6210692e-01
   5.5738995e-01
   5.5424530e-01
   5.5424530e-01
   5.5896227e-01
   5.6761008e-01
   5.8097484e-01
   5.9669812e-01
   6.1242139e-01
   6.2735849e-01
   6.3757862e-01
   6.4150943e-01
   6.3836478e-01
   6.3286163e-01
   6.2421384e-01
   6.1792452e-01
   6.1713836e-01
   6.2264153e-01
   6.3443397e-01
   6.5330188e-01
   6.7767297e-01
   7.0597485e-01
   7.3742140e-01
   7.6965411e-01
   8.0031448e-01
   8.2940252e-01
   8.5141510e-01
   8.6477988e-01
   8.6792454e-01
   8.6006290e-01
   8.4198113e-01
   8.1682390e-01
   7.8616353e-01
   7.5550315e-01
   7.2641511e-01
   7.0361636e-01
   6.8789310e-01
   6.8160378e-01
   6.8396227e-01
   6.9575472e-01
   7.1540882e-01
   7.3977988e-01
   7.6415095e-01
   7.8380505e-01
   7.9402516e-01
   7.9088051e-01
   7.7358492e-01
   7.4449686e-01
   7.0597485e-01
   6.6509435e-01
   6.2735851e-01
   5.9827045e-01
   5.8333334e-01
   5.8333334e-01
   6.0062893e-01
   6.3207548e-01
   6.7374216e-01
   7.2091195e-01
   7.6808177e-01
   8.1053460e-01
   8.4198113e-01
   8.5927674e-01
   8.6163523e-01
   8.5062894e-01
   8.3097486e-01
   8.0503147e-01
   7.7830189e-01
   7.5471699e-01
   7.3506289e-01
   7.2091195e-01
   7.1069182e-01
   7.0283020e-01
   6.9732706e-01
   6.9496856e-01
   6.9654088e-01
   7.0361635e-01
   7.1776730e-01
   7.3663522e-01
   7.6100629e-01
   7.8616352e-01
   8.0974844e-01
   8.2940252e-01
   8.4355346e-01
   8.4827045e-01
   8.4512578e-01
   8.3411949e-01
   8.1603774e-01
   7.9245285e-01
   7.6493712e-01
   7.3584907e-01
   7.0833334e-01
   6.8474843e-01
   6.6666668e-01
   6.5408806e-01
   6.4858491e-01
   6.4937107e-01
   6.5723271e-01
   6.6981133e-01
   6.8789310e-01
   7.1147799e-01
   7.3899372e-01
   7.6965409e-01
   7.9874213e-01
   8.2311322e-01
   8.4040881e-01
   8.4827043e-01
   8.4669813e-01
   8.3647800e-01
   8.2075473e-01
   8.0424530e-01
   7.9009435e-01
   7.7987424e-01
   7.7515724e-01
   7.7515724e-01
   7.7908806e-01
   7.8537736e-01
   7.9559750e-01
   8.0503147e-01
   8.1446542e-01
   8.2154089e-01
   8.2311322e-01
   8.1839623e-01
   8.0581763e-01
   7.8380505e-01
   7.5471699e-01
   7.2012579e-01
   6.8396227e-01
   6.4937109e-01
   6.1871070e-01
   5.9433963e-01
   5.7783019e-01
   5.7075473e-01
   5.7232705e-01
   5.8254716e-01
   5.9905661e-01
   6.2028303e-01
   6.4308175e-01
   6.6194969e-01
   6.7531446e-01
   6.8003146e-01
   6.7531448e-01
   6.6352201e-01
   6.4622642e-01
   6.2814465e-01
   6.1163522e-01
   6.0220126e-01
   5.9827045e-01
   6.0220128e-01
   6.1320755e-01
   6.3050316e-01
   6.5330190e-01
   6.7924529e-01
   7.0754717e-01
   7.3584906e-01
   7.6257863e-01
   7.8301889e-01
   7.9716983e-01
   8.0424529e-01
   8.0110064e-01
   7.8773586e-01
   7.6808177e-01
   7.4135221e-01
   7.1147799e-01
   6.8003144e-01
   6.5094340e-01
   6.2657234e-01
   6.1163522e-01
   6.0770441e-01
   6.1635222e-01
   6.3679246e-01
   6.6509435e-01
   6.9654088e-01
   7.2484278e-01
   7.4449686e-01
   7.5471699e-01
   7.5314466e-01
   7.4135221e-01
   7.2327046e-01
   7.0518869e-01
   6.8789308e-01
   6.7531448e-01
   6.6745284e-01
   6.6430819e-01
   6.6352201e-01
   6.6430817e-01
   6.6745284e-01
   6.6823899e-01
   6.6823900e-01
   6.6745284e-01
   6.6588052e-01
   6.6509434e-01
   6.6588052e-01
   6.6981133e-01
   6.7924529e-01
   6.9418240e-01
   7.1383649e-01
   7.3663523e-01
   7.5864780e-01
   7.7672957e-01
   7.8930817e-01
   7.9402516e-01
   7.9166667e-01
   7.8380505e-01
   7.7358490e-01
   7.6336479e-01
   7.5628931e-01
   7.5314466e-01
   7.5628931e-01
   7.6415095e-01
   7.7830189e-01
   7.9481132e-01
   8.1525158e-01
   8.3569183e-01
   8.5377360e-01
   8.6635222e-01
   8.7185536e-01
   8.6713838e-01
   8.5220128e-01
   8.2861636e-01
   7.9716981e-01
   7.6100629e-01
   7.2327044e-01
   6.8632076e-01
   6.5251574e-01
   6.2342768e-01
   6.0298744e-01
   5.9119497e-01
   5.8962264e-01
   5.9827045e-01
   6.1399371e-01
   6.3522013e-01
   6.5566039e-01
   6.6981133e-01
   6.7531448e-01
   6.6902517e-01
   6.5172956e-01
   6.2657233e-01
   5.9748428e-01
   5.7154089e-01
   5.5188681e-01
   5.4323899e-01
   5.4795598e-01
   5.6682392e-01
   5.9827045e-01
   6.4150945e-01
   6.9025158e-01
   7.4135219e-01
   7.9009435e-01
   8.2940252e-01
   8.5613209e-01
   8.6635222e-01
   8.6084907e-01
   8.4276731e-01
   8.1603776e-01
   7.8694970e-01
   7.6336479e-01
   7.4764153e-01
   7.4292453e-01
   7.5078618e-01
   7.6965411e-01
   7.9481132e-01
   8.2311322e-01
   8.5062895e-01
   8.7421384e-01
   8.9072327e-01
   8.9622643e-01
   8.9072329e-01
   8.7421384e-01
   8.4669811e-01
   8.1132077e-01
   7.6886793e-01
   7.2327044e-01
   6.7531446e-01
   6.2893081e-01
   5.8490567e-01
   5.4481132e-01
   5.1179246e-01
   4.8820754e-01
   4.7720125e-01
   4.7955975e-01
   4.9685534e-01
   5.2515724e-01
   5.6132076e-01
   6.0141510e-01
   6.3757863e-01
   6.6745284e-01
   6.8789310e-01
   6.9811321e-01
   6.9968553e-01
   6.9418240e-01
   6.8632076e-01
   6.7688681e-01
   6.6981133e-01
   6.6509435e-01
   6.6509435e-01
   6.7059749e-01
   6.8003146e-01
   6.9339622e-01
   7.0833334e-01
   7.2327044e-01
   7.3506289e-01
   7.4371071e-01
   7.4764151e-01
   7.4921383e-01
   7.4921385e-01
   7.4921385e-01
   7.5078618e-01
   7.5235848e-01
   7.5393082e-01
   7.5078618e-01
   7.4292453e-01
   7.2798743e-01
   7.0518869e-01
   6.7610063e-01
   6.4308177e-01
   6.0927674e-01
   5.7861637e-01
   5.5345912e-01
   5.3773586e-01
   5.3144654e-01
   5.3773586e-01
   5.5503145e-01
   5.8254718e-01
   6.1635220e-01
   6.5330188e-01
   6.8710692e-01
   7.1383649e-01
   7.2877359e-01
   7.3191824e-01
   7.2405662e-01
   7.0754717e-01
   6.8710693e-01
   6.6666668e-01
   6.4779875e-01
   6.3679247e-01
   6.3128932e-01
   6.3286164e-01
   6.4229561e-01
   6.5644655e-01
   6.7452832e-01
   6.9418240e-01
   7.1226415e-01
   7.2327046e-01
   7.2641511e-01
   7.1776730e-01
   6.9811321e-01
   6.6981133e-01
   6.3522013e-01
   5.9905663e-01
   5.6839624e-01
   5.4559750e-01
   5.3459119e-01
   5.3459119e-01
   5.4481133e-01
   5.6289309e-01
   5.8490567e-01
   6.0691825e-01
   6.2578618e-01
   6.3836478e-01
   6.3915094e-01
   6.2971699e-01
   6.0691825e-01
   5.7311321e-01
   5.3066039e-01
   4.8270440e-01
   4.3238994e-01
   3.8286164e-01
   3.3883648e-01
   2.9952830e-01
   2.6808177e-01
   2.4606919e-01
   2.3506290e-01
   2.3506290e-01
   2.4606918e-01
   2.6808177e-01
   2.9874214e-01
   3.3411950e-01
   3.7185535e-01
   4.0723271e-01
   4.3710691e-01
   4.6147798e-01
   4.7955975e-01
   4.9135220e-01
   4.9685534e-01
   4.9764150e-01
   4.9371069e-01
   4.8427673e-01
   4.7091195e-01
   4.5440252e-01
   4.3710693e-01
   4.1981132e-01
   4.0644655e-01
   3.9858492e-01
   3.9622642e-01
   3.9779874e-01
   4.0408806e-01
   4.1273584e-01
   4.2295599e-01
   4.3238994e-01
   4.4261007e-01
   4.5283020e-01
   4.6147800e-01
   4.6776730e-01
   4.6933962e-01
   4.6776730e-01
   4.6147800e-01
   4.5125787e-01
   4.3867926e-01
   4.2531448e-01
   4.1430817e-01
   4.0566037e-01
   3.9937107e-01
   3.9701258e-01
   3.9858492e-01
   4.0251572e-01
   4.0880503e-01
   4.1823900e-01
   4.2845913e-01
   4.3867924e-01
   4.4889937e-01
   4.5518868e-01
   4.5754719e-01
   4.5597486e-01
   4.4968555e-01
   4.4182391e-01
   4.3003145e-01
   4.1745284e-01
   4.0487422e-01
   3.9229561e-01
   3.7893083e-01
   3.6949686e-01
   3.6399371e-01
   3.6713836e-01
   3.7893083e-01
   3.9937108e-01
   4.2688680e-01
   4.5833333e-01
   4.8742139e-01
   5.1100630e-01
   5.2358491e-01
   5.2437108e-01
   5.1415095e-01
   4.9528302e-01
   4.7169811e-01
   4.4732704e-01
   4.2531446e-01
   4.0880503e-01
   3.9937108e-01
   3.9622642e-01
   4.0015723e-01
   4.0801889e-01
   4.1823900e-01
   4.2688680e-01
   4.3238994e-01
   4.3160378e-01
   4.2374215e-01
   4.0959120e-01
   3.9229561e-01
   3.7657232e-01
   3.6477987e-01
   3.6006290e-01
   3.6477987e-01
   3.7814466e-01
   3.9937108e-01
   4.2688680e-01
   4.5676101e-01
   4.8820756e-01
   5.1808178e-01
   5.4402517e-01
   5.6367925e-01
   5.7468554e-01
   5.7625788e-01
   5.6761008e-01
   5.4952831e-01
   5.2672958e-01
   5.0314466e-01
   4.8270442e-01
   4.7169811e-01
   4.6933962e-01
   4.7877359e-01
   4.9685536e-01
   5.2044027e-01
   5.4481132e-01
   5.6761008e-01
   5.8490567e-01
   5.9591196e-01
   5.9984277e-01
   5.9669812e-01
   5.8726416e-01
   5.7389936e-01
   5.5738995e-01
   5.3852202e-01
   5.1886792e-01
   4.9842768e-01
   4.7720126e-01
   4.5518868e-01
   4.3160378e-01
   4.0723271e-01
   3.8128931e-01
   3.5927673e-01
   3.4276731e-01
   3.3333334e-01
   3.3333334e-01
   3.4355345e-01
   3.6163522e-01
   3.8679247e-01
   4.1588049e-01
   4.4496855e-01
   4.7169811e-01
   4.9528303e-01
   5.1336479e-01
   5.2672956e-01
   5.3223272e-01
   5.2987421e-01
   5.1886792e-01
   4.9842767e-01
   4.7091195e-01
   4.4025158e-01
   4.1037736e-01
   3.8522013e-01
   3.6871070e-01
   3.6163522e-01
   3.6635219e-01
   3.7971697e-01
   4.0172955e-01
   4.2845913e-01
   4.5754719e-01
   4.8820756e-01
   5.1729560e-01
   5.4166667e-01
   5.5896226e-01
   5.6682390e-01
   5.6446543e-01
   5.4952831e-01
   5.2515724e-01
   4.9292453e-01
   4.5518868e-01
   4.1745284e-01
   3.8286164e-01
   3.5298743e-01
   3.3176101e-01
   3.2154089e-01
   3.2232705e-01
   3.3805033e-01
   3.6635219e-01
   4.0644655e-01
   4.5440252e-01
   5.0628931e-01
   5.5424528e-01
   5.9355347e-01
   6.2028303e-01
   6.3128932e-01
   6.2814467e-01
   6.1320755e-01
   5.9040880e-01
   5.6682392e-01
   5.4716982e-01
   5.3459119e-01
   5.3223270e-01
   5.4088050e-01
   5.6053460e-01
   5.8647799e-01
   6.1399371e-01
   6.3915094e-01
   6.5644655e-01
   6.5880504e-01
   6.4858493e-01
   6.2342768e-01
   5.9040880e-01
   5.5345912e-01
   5.2044027e-01
   4.9606918e-01
   4.8663523e-01
   4.8977988e-01
   5.0707547e-01
   5.3301886e-01
   5.6210692e-01
   5.8805032e-01
   6.0613209e-01
   6.1242140e-01
   6.0220126e-01
   5.7861637e-01
   5.4009434e-01
   4.9292453e-01
   4.4261007e-01
   3.9544025e-01
   3.5613208e-01
   3.2940251e-01
   3.1603773e-01
   3.1761007e-01
   3.2783019e-01
   3.4433963e-01
   3.6320754e-01
   3.8050315e-01
   3.9465409e-01
   4.0566038e-01
   4.1352202e-01
   4.1902516e-01
   4.2216983e-01
   4.2374214e-01
   4.2374214e-01
   4.2452832e-01
   4.2767295e-01
   4.3553461e-01
   4.5047171e-01
   4.7327044e-01
   5.0314466e-01
   5.3616353e-01
   5.6839622e-01
   5.9433963e-01
   6.0849057e-01
   6.0927672e-01
   5.9512578e-01
   5.6839622e-01
   5.3380504e-01
   4.9685536e-01
   4.6305032e-01
   4.3710693e-01
   4.2374214e-01
   4.2138365e-01
   4.3317610e-01
   4.5518868e-01
   4.8270440e-01
   5.0943396e-01
   5.2987423e-01
   5.3773586e-01
   5.3223272e-01
   5.1100630e-01
   4.7720126e-01
   4.3474843e-01
   3.8993712e-01
   3.4748428e-01
   3.1210692e-01
   2.8773585e-01
   2.7437107e-01
   2.7515724e-01
   2.8930818e-01
   3.1603773e-01
   3.5377358e-01
   4.0015725e-01
   4.4968555e-01
   4.9921385e-01
   5.4323899e-01
   5.7704404e-01
   5.9827045e-01
   6.0613207e-01
   6.0298742e-01
   5.9040882e-01
   5.7389938e-01
   5.5660377e-01
   5.4245283e-01
   5.3459121e-01
   5.3616353e-01
   5.4795598e-01
   5.6918240e-01
   5.9984279e-01
   6.3679247e-01
   6.7452832e-01
   7.0911952e-01
   7.3270441e-01
   7.4056605e-01
   7.3034592e-01
   7.0204404e-01
   6.5644655e-01
   5.9984277e-01
   5.3773586e-01
   4.7562894e-01
   4.2059749e-01
   3.7500000e-01
   3.4591195e-01
   3.3254718e-01
   3.3490566e-01
   3.5534590e-01
   3.8757863e-01
   4.2924529e-01
   4.7641510e-01
   5.2279875e-01
   5.6289309e-01
   5.9512578e-01
   6.1792452e-01
   6.3128932e-01
   6.3757862e-01
   6.3836478e-01
   6.3600629e-01
   6.3286164e-01
   6.2971699e-01
   6.2735851e-01
   6.2578616e-01
   6.2578616e-01
   6.2971699e-01
   6.3600629e-01
   6.4622642e-01
   6.5959120e-01
   6.7531448e-01
   6.9339623e-01
   7.1147799e-01
   7.2955976e-01
   7.4764151e-01
   7.6336479e-01
   7.7672957e-01
   7.8537736e-01
   7.8694970e-01
   7.8066038e-01
   7.6415095e-01
   7.3977988e-01
   7.0833334e-01
   6.7216981e-01
   6.3522013e-01
   5.9827045e-01
   5.6367925e-01
   5.3301886e-01
   5.0707547e-01
   4.8663521e-01
   4.7327044e-01
   4.6619497e-01
   4.6619497e-01
   4.7327045e-01
   4.8349056e-01
   4.9449685e-01
   5.0157233e-01
   5.0314466e-01
   4.9528303e-01
   4.7877359e-01
   4.5518870e-01
   4.2767296e-01
   4.0015723e-01
   3.7657234e-01
   3.6006290e-01
   3.5141511e-01
   3.5298743e-01
   3.6477989e-01
   3.8679247e-01
   4.1745284e-01
   4.5440252e-01
   4.9371069e-01
   5.3144656e-01
   5.6132076e-01
   5.8097484e-01
   5.8647799e-01
   5.7625788e-01
   5.5188680e-01
   5.1729560e-01
   4.7484276e-01
   4.3160378e-01
   3.9072328e-01
   3.5770441e-01
   3.3647799e-01
   3.2940253e-01
   3.3647799e-01
   3.5770439e-01
   3.8836479e-01
   4.2295597e-01
   4.5440252e-01
   4.7720126e-01
   4.8584905e-01
   4.7720126e-01
   4.5440252e-01
   4.2138367e-01
   3.8364780e-01
   3.4827044e-01
   3.2075472e-01
   3.0660378e-01
   3.0660378e-01
   3.2232705e-01
   3.4984277e-01
   3.8522013e-01
   4.2295597e-01
   4.5911951e-01
   4.8742138e-01
   5.0314466e-01
   5.0628932e-01
   4.9528302e-01
   4.7484278e-01
   4.4889938e-01
   4.2452830e-01
   4.0723271e-01
   4.0251572e-01
   4.1116352e-01
   4.3238996e-01
   4.6383647e-01
   4.9999999e-01
   5.3694968e-01
   5.6918240e-01
   5.9433963e-01
   6.0770441e-01
   6.1084906e-01
   6.0377358e-01
   5.8883648e-01
   5.6918240e-01
   5.4716982e-01
   5.2751573e-01
   5.1493711e-01
   5.0943397e-01
   5.1179244e-01
   5.2044027e-01
   5.3144654e-01
   5.4088050e-01
   5.4481132e-01
   5.4088050e-01
   5.2908805e-01
   5.1257862e-01
   4.9292455e-01
   4.7405661e-01
   4.6069182e-01
   4.5361636e-01
   4.5518868e-01
   4.6619497e-01
   4.8349058e-01
   5.0471698e-01
   5.2830189e-01
   5.5031447e-01
   5.6525157e-01
   5.7075473e-01
   5.6525157e-01
   5.4952831e-01
   5.2672956e-01
   4.9921385e-01
   4.7484278e-01
   4.5754717e-01
   4.5125787e-01
   4.5754717e-01
   4.7405660e-01
   5.0157233e-01
   5.3380504e-01
   5.6918240e-01
   6.0455975e-01
   6.3679246e-01
   6.6509434e-01
   6.8867924e-01
   7.0597485e-01
   7.1462265e-01
   7.1383649e-01
   7.0440252e-01
   6.8474845e-01
   6.5801887e-01
   6.2578616e-01
   5.9119498e-01
   5.5738995e-01
   5.2672956e-01
   5.0235850e-01
   4.8506289e-01
   4.7877359e-01
   4.8270440e-01
   4.9764150e-01
   5.1965409e-01
   5.4716982e-01
   5.7389936e-01
   5.9355347e-01
   6.0377358e-01
   5.9984277e-01
   5.8176102e-01
   5.5110063e-01
   5.1100630e-01
   4.6698114e-01
   4.2452832e-01
   3.8836478e-01
   3.6163524e-01
   3.4827044e-01
   3.4905660e-01
   3.6399371e-01
   3.9150943e-01
   4.2610064e-01
   4.6540881e-01
   5.0078617e-01
   5.2908805e-01
   5.4559750e-01
   5.5031447e-01
   5.4245285e-01
   5.2594340e-01
   5.0550315e-01
   4.8427674e-01
   4.6619497e-01
   4.5361636e-01
   4.4889937e-01
   4.4968553e-01
   4.5676101e-01
   4.7012580e-01
   4.8977988e-01
   5.1336479e-01
   5.4009434e-01
   5.6839624e-01
   5.9512580e-01
   6.1713838e-01
   6.3364781e-01
   6.4072327e-01
   6.4072328e-01
   6.3286164e-01
   6.1792454e-01
   5.9905661e-01
   5.7783019e-01
   5.5503145e-01
   5.3301888e-01
   5.1336479e-01
   4.9764152e-01
   4.8584907e-01
   4.7720126e-01
   4.7169811e-01
   4.6776730e-01
   4.6540881e-01
   4.6305032e-01
   4.6383647e-01
   4.6933964e-01
   4.8349056e-01
   5.0628931e-01
   5.3773586e-01
   5.7547170e-01
   6.1556604e-01
   6.5094341e-01
   6.7767297e-01
   6.9103775e-01
   6.9103775e-01
   6.7845913e-01
   6.5880504e-01
   6.3679246e-01
   6.1792452e-01
   6.0534591e-01
   6.0377358e-01
   6.1320755e-01
   6.3364781e-01
   6.6273587e-01
   6.9732705e-01
   7.3349057e-01
   7.6493712e-01
   7.8852202e-01
   7.9795599e-01
   7.9323900e-01
   7.7122641e-01
   7.3663522e-01
   6.9496856e-01
   6.5015723e-01
   6.0927674e-01
   5.8018868e-01
   5.6446543e-01
   5.6446541e-01
   5.8176102e-01
   6.1320755e-01
   6.5644655e-01
   7.0597485e-01
   7.5707547e-01
   8.0267296e-01
   8.3962265e-01
   8.6084907e-01
   8.6713838e-01
   8.5770442e-01
   8.3490567e-01
   8.0503145e-01
   7.7122643e-01
   7.4056605e-01
   7.1776730e-01
   7.0518869e-01
   7.0440252e-01
   7.1540882e-01
   7.3820756e-01
   7.7201258e-01
   8.1210693e-01
   8.5770442e-01
   9.0251572e-01
   9.4261006e-01
   9.7405661e-01
   9.9371070e-01
   1.0000000e+00
   9.9213838e-01
   9.7327046e-01
   9.4496856e-01
   9.1273585e-01
   8.7893084e-01
   8.4591196e-01
   8.1682390e-01
   7.9245283e-01
   7.7437108e-01
   7.6257861e-01
   7.5471699e-01
   7.5157234e-01
   7.4842767e-01
   7.4213837e-01
   7.3034592e-01
   7.1226417e-01
   6.8710692e-01
   6.5801887e-01
   6.2893083e-01
   6.0455975e-01
   5.9040880e-01
   5.8805033e-01
   5.9512580e-01
   6.1084906e-01
   6.3050314e-01
   6.4937107e-01
   6.6037736e-01
   6.6352201e-01
   6.5644655e-01
   6.3915094e-01
   6.1556605e-01
   5.8962264e-01
   5.6682392e-01
   5.5188680e-01
   5.4874215e-01
   5.5974844e-01
   5.8569183e-01
   6.2342768e-01
   6.6745284e-01
   7.1069182e-01
   7.4764151e-01
   7.7122643e-01
   7.7987422e-01
   7.7122641e-01
   7.5000001e-01
   7.1855347e-01
   6.8160378e-01
   6.4386792e-01
   6.1084906e-01
   5.8490567e-01
   5.6761006e-01
   5.6289309e-01
   5.6918240e-01
   5.8805032e-01
   6.1477987e-01
   6.4622642e-01
   6.7767297e-01
   7.0125786e-01
   7.1305031e-01
   7.0911950e-01
   6.8946542e-01
   6.5330190e-01
   6.0455975e-01
   5.4795598e-01
   4.8977988e-01
   4.3553461e-01
   3.8993712e-01
   3.5770441e-01
   3.4040882e-01
   3.4040880e-01
   3.5613207e-01
   3.8128931e-01
   4.1273584e-01
   4.4182391e-01
   4.6226414e-01
   4.6776730e-01
   4.5676101e-01
   4.3003145e-01
   3.8915094e-01
   3.4040882e-01
   2.9009434e-01
   2.4528301e-01
   2.0990565e-01
   1.8789309e-01
   1.8396228e-01
   1.9654089e-01
   2.2641510e-01
   2.6965408e-01
   3.2311321e-01
   3.8207548e-01
   4.3867926e-01
   4.8977986e-01
   5.2987423e-01
   5.5660379e-01
   5.7154087e-01
   5.7547170e-01
   5.7389938e-01
   5.6918240e-01
   5.6525157e-01
   5.6446541e-01
   5.6918240e-01
   5.7783021e-01
   5.9198113e-01
   6.1006290e-01
   6.3128930e-01
   6.5644655e-01
   6.8317611e-01
   7.0833334e-01
   7.2955976e-01
   7.4685535e-01
   7.5628933e-01
   7.5943398e-01
   7.5628931e-01
   7.4921385e-01
   7.3899372e-01
   7.2562894e-01
   7.0990566e-01
   6.9182391e-01
   6.6981133e-01
   6.4544026e-01
   6.1871070e-01
   5.9040882e-01
   5.6289309e-01
   5.3773586e-01
   5.1572327e-01
   4.9842768e-01
   4.8584907e-01
   4.7877361e-01
   4.7798743e-01
   4.8191824e-01
   4.9135222e-01
   5.0628932e-01
   5.2279875e-01
   5.3773586e-01
   5.4952831e-01
   5.5581762e-01
   5.5345914e-01
   5.4481132e-01
   5.2751573e-01
   5.0550315e-01
   4.8034593e-01
   4.5361636e-01
   4.2845913e-01
   4.0801887e-01
   3.9465409e-01
   3.9229561e-01
   4.0015723e-01
   4.2059749e-01
   4.5047171e-01
   4.8506289e-01
   5.1886794e-01
   5.4481133e-01
   5.5896227e-01
   5.5817611e-01
   5.4088050e-01
   5.1100628e-01
   4.7484278e-01
   4.3789309e-01
   4.0566038e-01
   3.8443396e-01
   3.7735850e-01
   3.8600629e-01
   4.1037736e-01
   4.4811320e-01
   4.9606920e-01
   5.4795597e-01
   5.9984277e-01
   6.4150943e-01
   6.6902517e-01
   6.7688681e-01
   6.6430819e-01
   6.3207548e-01
   5.8569183e-01
   5.3066039e-01
   4.7405661e-01
   4.2452832e-01
   3.8679247e-01
   3.6556603e-01
   3.6477989e-01
   3.8364780e-01
   4.2059749e-01
   4.7091195e-01
   5.2830189e-01
   5.8647799e-01
   6.3679246e-01
   6.7374216e-01
   6.9103775e-01
   6.8867926e-01
   6.6902517e-01
   6.3757862e-01
   5.9984277e-01
   5.6367925e-01
   5.3537735e-01
   5.1886794e-01
   5.1650944e-01
   5.2751573e-01
   5.4795598e-01
