   3.2974428e-01
   2.1130551e-01
   1.2651413e-01
   8.6137276e-02
   8.9502009e-02
   1.2920593e-01
   1.8977121e-01
   2.5572006e-01
   3.1359355e-01
   3.5598924e-01
   3.8021534e-01
   3.8829072e-01
   3.8559893e-01
   3.7886945e-01
   3.7146704e-01
   3.6541049e-01
   3.6069988e-01
   3.5598924e-01
   3.4858681e-01
   3.3781965e-01
   3.2301480e-01
   3.0551817e-01
   2.8667564e-01
   2.7119786e-01
   2.6043068e-01
   2.5975774e-01
   2.6985195e-01
   2.9273218e-01
   3.2570660e-01
   3.6608345e-01
   4.0780620e-01
   4.4616421e-01
   4.7308210e-01
   4.8654105e-01
   4.8317633e-01
   4.6702558e-01
   4.4145357e-01
   4.1318977e-01
   3.8896366e-01
   3.7415883e-01
   3.7281293e-01
   3.8492599e-01
   4.0915209e-01
   4.4212652e-01
   4.7913863e-01
   5.1480485e-01
   5.4441455e-01
   5.6325707e-01
   5.6864064e-01
   5.6056529e-01
   5.3970391e-01
   5.0942127e-01
   4.7375506e-01
   4.3808884e-01
   4.0646030e-01
   3.8492599e-01
   3.7281293e-01
   3.7146704e-01
   3.8021534e-01
   3.9636609e-01
   4.1991926e-01
   4.4751009e-01
   4.7913863e-01
   5.1211306e-01
   5.4508749e-01
   5.7469718e-01
   5.9825034e-01
   6.1372814e-01
   6.1843878e-01
   6.1238224e-01
   5.9690446e-01
   5.7537012e-01
   5.5181697e-01
   5.2826379e-01
   5.0807537e-01
   4.9461643e-01
   4.8721401e-01
   4.8721401e-01
   4.9259758e-01
   5.0201885e-01
   5.1211306e-01
   5.2018843e-01
   5.2288022e-01
   5.1816959e-01
   5.0471063e-01
   4.8317631e-01
   4.5491251e-01
   4.2261104e-01
   3.8896366e-01
   3.5800808e-01
   3.3109017e-01
   3.1022882e-01
   2.9609691e-01
   2.8802155e-01
   2.8667564e-01
   2.9004037e-01
   2.9609691e-01
   3.0417228e-01
   3.0955585e-01
   3.1022880e-01
   3.0484523e-01
   2.9340512e-01
   2.7792732e-01
   2.6110364e-01
   2.4831764e-01
   2.4293406e-01
   2.4697174e-01
   2.6043068e-01
   2.8129206e-01
   3.0484523e-01
   3.2503364e-01
   3.4051145e-01
   3.4724091e-01
   3.4656797e-01
   3.3849260e-01
   3.2839839e-01
   3.1830417e-01
   3.1224764e-01
   3.1090175e-01
   3.1628533e-01
   3.2907135e-01
   3.4656797e-01
   3.6675640e-01
   3.8829070e-01
   4.0780620e-01
   4.2193809e-01
   4.2664872e-01
   4.2193810e-01
   4.0713324e-01
   3.8290715e-01
   3.5127860e-01
   3.1561239e-01
   2.8061912e-01
   2.5100943e-01
   2.2947510e-01
   2.1870794e-01
   2.2274563e-01
   2.4226111e-01
   2.7792732e-01
   3.2637955e-01
   3.8559893e-01
   4.4751009e-01
   5.0403770e-01
   5.5114402e-01
   5.8142666e-01
   5.9152087e-01
   5.8142666e-01
   5.5450875e-01
   5.1615075e-01
   4.7308212e-01
   4.3068641e-01
   3.9636609e-01
   3.7281293e-01
   3.6204576e-01
   3.6406461e-01
   3.7819651e-01
   3.9905788e-01
   4.2395693e-01
   4.4683716e-01
   4.6231494e-01
   4.6837146e-01
   4.6164200e-01
   4.4279946e-01
   4.1386273e-01
   3.7954240e-01
   3.4387619e-01
   3.1224764e-01
   2.8869448e-01
   2.7725438e-01
   2.7658143e-01
   2.8869448e-01
   3.1022882e-01
   3.3983851e-01
   3.7550472e-01
   4.1251682e-01
   4.4952894e-01
   4.8183042e-01
   5.0605654e-01
   5.2086138e-01
   5.2624495e-01
   5.2355317e-01
   5.1547779e-01
   5.0336474e-01
   4.9057873e-01
   4.7779274e-01
   4.6635264e-01
   4.5693135e-01
   4.4683716e-01
   4.3674293e-01
   4.2799462e-01
   4.1991925e-01
   4.1453568e-01
   4.1184388e-01
   4.1251682e-01
   4.1790040e-01
   4.2664873e-01
   4.3876178e-01
   4.5423957e-01
   4.7173621e-01
   4.8923283e-01
   5.0471063e-01
   5.1480486e-01
   5.1480485e-01
   5.0269179e-01
   4.7711980e-01
   4.3741589e-01
   3.8761777e-01
   3.3310901e-01
   2.7994616e-01
   2.3485868e-01
   2.0323015e-01
   1.8775235e-01
   1.8842530e-01
   2.0457605e-01
   2.3351279e-01
   2.6985196e-01
   3.1157469e-01
   3.5329744e-01
   3.9232841e-01
   4.2597578e-01
   4.5356664e-01
   4.7375505e-01
   4.8788695e-01
   4.9730822e-01
   5.0336474e-01
   5.0672949e-01
   5.0874831e-01
   5.0942127e-01
   5.0942127e-01
   5.0874831e-01
   5.1009421e-01
   5.1547779e-01
   5.2893675e-01
   5.5047107e-01
   5.8142666e-01
   6.2113056e-01
   6.6554509e-01
   7.0794079e-01
   7.4293406e-01
   7.6581426e-01
   7.7254374e-01
   7.6177660e-01
   7.3283984e-01
   6.9044415e-01
   6.3795424e-01
   5.7940780e-01
   5.2153433e-01
   4.6904442e-01
   4.2866757e-01
   4.0444145e-01
   3.9905788e-01
   4.1386272e-01
   4.4683716e-01
   4.9125169e-01
   5.4172274e-01
   5.8681023e-01
   6.1978467e-01
   6.3257067e-01
   6.2314939e-01
   5.9152087e-01
   5.4104981e-01
   4.7981158e-01
   4.1722746e-01
   3.6339167e-01
   3.2503365e-01
   3.1022880e-01
   3.1897712e-01
   3.5060565e-01
   3.9838493e-01
   4.5558548e-01
   5.1144011e-01
   5.5787348e-01
   5.8882908e-01
   6.0161507e-01
   5.9690444e-01
   5.7940782e-01
   5.5181697e-01
   5.2018843e-01
   4.8788695e-01
   4.5625842e-01
   4.2664873e-01
   3.9838493e-01
   3.7415883e-01
   3.5598924e-01
   3.4454913e-01
   3.4320323e-01
   3.5329745e-01
   3.7483177e-01
   4.0646029e-01
   4.4481830e-01
   4.8384926e-01
   5.2018843e-01
   5.4912518e-01
   5.6729477e-01
   5.7469718e-01
   5.6998655e-01
   5.5518170e-01
   5.3297443e-01
   5.0672949e-01
   4.8115747e-01
   4.5760432e-01
   4.4078062e-01
   4.3068642e-01
   4.2866757e-01
   4.3472409e-01
   4.4751009e-01
   4.6702558e-01
   4.9125169e-01
   5.2018843e-01
   5.5450875e-01
   5.9084792e-01
   6.2853299e-01
   6.6352625e-01
   6.9179004e-01
   7.1130553e-01
   7.1534321e-01
   7.0726784e-01
   6.8640648e-01
   6.5679677e-01
   6.2382235e-01
   5.9421266e-01
   5.7200539e-01
   5.5921938e-01
   5.5787350e-01
   5.6662182e-01
   5.8277255e-01
   6.0094214e-01
   6.1574698e-01
   6.2382235e-01
   6.2045762e-01
   6.0430687e-01
   5.7604307e-01
   5.3970391e-01
   5.0134590e-01
   4.6837146e-01
   4.4481832e-01
   4.3606998e-01
   4.4078062e-01
   4.5558546e-01
   4.7442801e-01
   4.8586812e-01
   4.8452221e-01
   4.6837148e-01
   4.3539704e-01
   3.9367431e-01
   3.5262449e-01
   3.2234187e-01
   3.1426648e-01
   3.3647376e-01
   3.9098252e-01
   4.7510096e-01
   5.8277255e-01
   7.0053836e-01
   8.1493945e-01
   9.1117094e-01
   9.7577389e-01
   1.0000000e+00
   9.8048454e-01
   9.1790040e-01
   8.2099597e-01
   7.0390311e-01
   5.8142666e-01
   4.6769851e-01
   3.7819651e-01
   3.2099596e-01
   3.0080755e-01
   3.1628533e-01
   3.6204576e-01
   4.3135936e-01
   5.1144011e-01
   5.9286676e-01
   6.6689100e-01
   7.2611037e-01
   7.6648722e-01
   7.8734860e-01
   7.9273218e-01
   7.8734860e-01
   7.7658144e-01
   7.6648722e-01
   7.5975774e-01
   7.5773890e-01
   7.5773890e-01
   7.5504710e-01
   7.4427996e-01
   7.2207269e-01
   6.8707941e-01
   6.4199194e-01
   5.9084791e-01
   5.4037686e-01
   4.9730821e-01
   4.6904442e-01
   4.5827725e-01
   4.6500674e-01
   4.8721399e-01
   5.1951547e-01
   5.5316286e-01
   5.8075371e-01
   5.9353971e-01
   5.8681024e-01
   5.6056529e-01
   5.1682369e-01
   4.6433378e-01
   4.1386272e-01
   3.7752356e-01
   3.6271872e-01
   3.7550472e-01
   4.1251682e-01
   4.6567969e-01
   5.2086138e-01
   5.6460296e-01
   5.8546434e-01
   5.7604309e-01
   5.3633917e-01
   4.7442799e-01
   4.0309556e-01
   3.3781965e-01
   2.9340512e-01
   2.8061911e-01
   3.0282639e-01
   3.5800808e-01
   4.3741589e-01
   5.2691790e-01
   6.1170930e-01
   6.7833111e-01
   7.1736205e-01
   7.2543743e-01
   7.0323016e-01
   6.6016151e-01
   6.0632571e-01
   5.5450875e-01
   5.1480485e-01
   4.9394349e-01
   4.9327053e-01
   5.1144011e-01
   5.4172275e-01
   5.7873486e-01
   6.1305519e-01
   6.3930015e-01
   6.5477793e-01
   6.5679679e-01
   6.4535667e-01
   6.2314940e-01
   5.9286676e-01
   5.5720055e-01
   5.2153433e-01
   4.8990579e-01
   4.6702558e-01
   4.5423958e-01
   4.5423958e-01
   4.6500674e-01
   4.8317631e-01
   5.0605653e-01
   5.2893675e-01
   5.4643338e-01
   5.5854643e-01
   5.6191116e-01
   5.5652759e-01
   5.4374159e-01
   5.2422611e-01
   5.0201885e-01
   4.7779274e-01
   4.5693137e-01
   4.4078062e-01
   4.3203230e-01
   4.3068641e-01
   4.3674294e-01
   4.4616421e-01
   4.5693137e-01
   4.6231494e-01
   4.6298789e-01
   4.5491251e-01
   4.4212652e-01
   4.2597578e-01
   4.1251682e-01
   4.0376850e-01
   4.0511441e-01
   4.1588157e-01
   4.3539704e-01
   4.6029610e-01
   4.8788695e-01
   5.1345895e-01
   5.3297443e-01
   5.4441454e-01
   5.4441454e-01
   5.3364738e-01
   5.1345895e-01
   4.8788695e-01
   4.6096905e-01
   4.3674293e-01
   4.2059220e-01
   4.1655450e-01
   4.2328400e-01
   4.4145357e-01
   4.6635264e-01
   4.9394347e-01
   5.2086138e-01
   5.4172275e-01
   5.5585466e-01
   5.6325707e-01
   5.6527593e-01
   5.6258412e-01
   5.5921938e-01
   5.5518170e-01
   5.5181697e-01
   5.4912518e-01
   5.4508749e-01
   5.3970391e-01
   5.2960970e-01
   5.1345895e-01
   4.9125169e-01
   4.6164201e-01
   4.2866757e-01
   3.9636609e-01
   3.6742935e-01
   3.4925976e-01
   3.4387617e-01
   3.5397039e-01
   3.7685061e-01
   4.1049798e-01
   4.4952894e-01
   4.8855990e-01
   5.2288022e-01
   5.4979813e-01
   5.6931360e-01
   5.8142666e-01
   5.8950202e-01
   5.9353971e-01
   5.9623151e-01
   5.9757739e-01
   5.9825035e-01
   5.9623150e-01
   5.9219382e-01
   5.8546434e-01
   5.7671602e-01
   5.6393002e-01
   5.5047107e-01
   5.3432033e-01
   5.1816959e-01
   5.0403769e-01
   4.9327053e-01
   4.8855990e-01
   4.8990578e-01
   4.9663527e-01
   5.0807537e-01
   5.2153433e-01
   5.3297443e-01
   5.3903097e-01
   5.4037686e-01
   5.3701211e-01
   5.3028265e-01
   5.2288023e-01
   5.1749665e-01
   5.1480485e-01
   5.1682370e-01
   5.2422611e-01
   5.3432033e-01
   5.4845223e-01
   5.6325707e-01
   5.8008076e-01
   5.9488562e-01
   6.0767162e-01
   6.1440108e-01
   6.1507403e-01
   6.0834456e-01
   5.9286676e-01
   5.6998655e-01
   5.4239570e-01
   5.1278601e-01
   4.8384926e-01
   4.5827725e-01
   4.3808884e-01
   4.2597577e-01
   4.2193809e-01
   4.2530284e-01
   4.3674293e-01
   4.5289368e-01
   4.7240917e-01
   4.9057874e-01
   5.0471065e-01
   5.1144011e-01
   5.0942127e-01
   4.9865411e-01
   4.8115747e-01
   4.5895021e-01
   4.3607000e-01
   4.1453566e-01
   3.9771198e-01
   3.8627188e-01
   3.8088829e-01
   3.8156124e-01
   3.8829072e-01
   4.0040377e-01
   4.1790040e-01
   4.3876178e-01
   4.6096905e-01
   4.8183042e-01
   4.9730821e-01
   5.0605654e-01
   5.0605653e-01
   4.9798115e-01
   4.8384926e-01
   4.6702557e-01
   4.5020189e-01
   4.3674294e-01
   4.2866757e-01
   4.2866757e-01
   4.3607000e-01
   4.5154778e-01
   4.7240915e-01
   4.9730822e-01
   5.2220727e-01
   5.4441454e-01
   5.6123823e-01
   5.6796770e-01
   5.6527593e-01
   5.5114402e-01
   5.2893675e-01
   5.0000001e-01
   4.6837148e-01
   4.3674293e-01
   4.0780618e-01
   3.8425304e-01
   3.6541051e-01
   3.5397039e-01
   3.4791387e-01
   3.4993271e-01
   3.5868103e-01
   3.7415881e-01
   3.9300134e-01
   4.1520861e-01
   4.3539704e-01
   4.5423957e-01
   4.6837148e-01
   4.7779273e-01
   4.8384926e-01
   4.8586810e-01
   4.8519515e-01
   4.8250337e-01
   4.7510094e-01
   4.6433380e-01
   4.4818305e-01
   4.2866757e-01
   4.0646030e-01
   3.8492597e-01
   3.6742935e-01
   3.5733513e-01
   3.5531629e-01
   3.6473756e-01
   3.8223418e-01
   4.0847913e-01
   4.4010768e-01
   4.7308210e-01
   5.0538358e-01
   5.3364738e-01
   5.5248991e-01
   5.5989232e-01
   5.5450877e-01
   5.3701213e-01
   5.0740242e-01
   4.6971737e-01
   4.2799462e-01
   3.8694483e-01
   3.4993271e-01
   3.2099596e-01
   3.0282637e-01
   2.9542396e-01
   3.0013459e-01
   3.1561237e-01
   3.4118439e-01
   3.7483177e-01
   4.1318977e-01
   4.5154778e-01
   4.8519515e-01
   5.1009422e-01
   5.2355317e-01
   5.2422611e-01
   5.1211306e-01
   4.8923283e-01
   4.6164200e-01
   4.3270525e-01
   4.0780620e-01
   3.8963661e-01
   3.8156125e-01
   3.8425302e-01
   3.9973082e-01
   4.2462988e-01
   4.5962316e-01
   4.9932705e-01
   5.4037686e-01
   5.7738896e-01
   6.0565276e-01
   6.2113056e-01
   6.2382235e-01
   6.1103635e-01
   5.8681023e-01
   5.5316286e-01
   5.1480485e-01
   4.7644683e-01
   4.4145358e-01
   4.1318978e-01
   3.9569313e-01
   3.8829072e-01
   3.9367429e-01
   4.1117093e-01
   4.3808884e-01
   4.6904442e-01
   5.0134590e-01
   5.2826379e-01
   5.4643339e-01
   5.5316286e-01
   5.4710632e-01
   5.3028265e-01
   5.0538359e-01
   4.7510094e-01
   4.4414537e-01
   4.1588157e-01
   3.9232840e-01
   3.7617767e-01
   3.6944819e-01
   3.7213997e-01
   3.8425304e-01
   4.0376852e-01
   4.3001346e-01
   4.5693135e-01
   4.8317631e-01
   5.0471065e-01
   5.1951549e-01
   5.2759086e-01
   5.3230149e-01
   5.3364738e-01
   5.3566623e-01
   5.3903097e-01
   5.4374159e-01
   5.5047106e-01
   5.5585464e-01
   5.6123822e-01
   5.6393002e-01
   5.6460296e-01
   5.6393002e-01
   5.6191118e-01
   5.5989232e-01
   5.5989234e-01
   5.6191118e-01
   5.6729477e-01
   5.7537012e-01
   5.8613728e-01
   5.9892328e-01
   6.1170930e-01
   6.2180349e-01
   6.2584119e-01
   6.2314940e-01
   6.1036339e-01
   5.8950203e-01
   5.6191118e-01
   5.3095559e-01
   5.0000001e-01
   4.7375506e-01
   4.5289368e-01
   4.4010768e-01
   4.3405114e-01
   4.3405116e-01
   4.3876178e-01
   4.4818305e-01
   4.5962316e-01
   4.7106326e-01
   4.8183042e-01
   4.8855990e-01
   4.8990579e-01
   4.8519515e-01
   4.7308210e-01
   4.5356664e-01
   4.2732168e-01
   3.9838493e-01
   3.6608344e-01
   3.3445492e-01
   3.0551817e-01
   2.8196502e-01
   2.6514131e-01
   2.5908479e-01
   2.6312248e-01
   2.7725438e-01
   3.0080753e-01
   3.2974428e-01
   3.5868103e-01
   3.8290713e-01
   3.9703904e-01
   3.9838493e-01
   3.8761777e-01
   3.6406460e-01
   3.3445492e-01
   3.0148048e-01
   2.7052491e-01
   2.4562584e-01
   2.3082100e-01
   2.2745626e-01
   2.3620458e-01
   2.5572006e-01
   2.8398386e-01
   3.1763123e-01
   3.5127860e-01
   3.7954240e-01
   3.9703904e-01
   4.0309556e-01
   3.9502020e-01
   3.7550472e-01
   3.4858681e-01
   3.1830417e-01
   2.9004037e-01
   2.7052491e-01
   2.6110364e-01
   2.6244952e-01
   2.7456259e-01
   2.9542396e-01
   3.2032301e-01
   3.4589503e-01
   3.6810229e-01
   3.8425302e-01
   3.9165547e-01
   3.9030956e-01
   3.8088829e-01
   3.6675640e-01
   3.5060565e-01
   3.3647376e-01
   3.2839839e-01
   3.2637955e-01
   3.3041723e-01
   3.3983849e-01
   3.5060567e-01
   3.6002693e-01
   3.6810229e-01
   3.7348588e-01
   3.7617767e-01
   3.7954240e-01
   3.8492597e-01
   3.9232841e-01
   4.0376850e-01
   4.1857334e-01
   4.3606998e-01
   4.5693135e-01
   4.7846569e-01
   5.0134590e-01
   5.2288022e-01
   5.4239570e-01
   5.5720054e-01
   5.6527593e-01
   5.6594886e-01
   5.5989232e-01
   5.4912516e-01
   5.3633918e-01
   5.2557201e-01
   5.1951549e-01
   5.2153433e-01
   5.3297443e-01
   5.5316286e-01
   5.8344550e-01
   6.1978466e-01
   6.6218036e-01
   7.0659489e-01
   7.5033648e-01
   7.8869449e-01
   8.1763123e-01
   8.3445493e-01
   8.3512786e-01
   8.2099597e-01
   7.9340511e-01
   7.5437417e-01
   7.1063257e-01
   6.6689099e-01
   6.2651414e-01
   5.9555855e-01
   5.7469719e-01
   5.6594886e-01
   5.6998655e-01
   5.8479139e-01
   6.0834456e-01
   6.3728129e-01
   6.6554509e-01
   6.8842531e-01
   7.0255720e-01
   7.0323016e-01
   6.9111711e-01
   6.6689099e-01
   6.3526246e-01
   5.9892328e-01
   5.6594887e-01
   5.3903095e-01
   5.2153433e-01
   5.1749665e-01
   5.2624495e-01
   5.4777929e-01
   5.8142666e-01
   6.2382235e-01
   6.7429341e-01
   7.2812921e-01
   7.8196501e-01
   8.3176313e-01
   8.7550471e-01
   9.0915210e-01
   9.3405116e-01
   9.4885600e-01
   9.5558547e-01
   9.5625843e-01
   9.5423958e-01
   9.5020190e-01
   9.4549126e-01
   9.4212652e-01
   9.3943474e-01
   9.3472410e-01
   9.2799462e-01
   9.1386272e-01
   8.9232840e-01
   8.5868103e-01
   8.1292059e-01
   7.5639301e-01
   6.9179005e-01
   6.2314940e-01
   5.5652759e-01
   4.9596233e-01
   4.4616421e-01
   4.0982504e-01
   3.8559893e-01
   3.7550472e-01
   3.7617767e-01
   3.8694483e-01
   4.0713325e-01
   4.3270525e-01
   4.6298789e-01
   4.9461642e-01
   5.2288022e-01
   5.4576045e-01
   5.6056529e-01
   5.6460298e-01
   5.5989234e-01
   5.4777927e-01
   5.3095558e-01
   5.1211306e-01
   4.9461642e-01
   4.7913863e-01
   4.6769851e-01
   4.5895021e-01
   4.5423957e-01
   4.5289369e-01
   4.5423957e-01
   4.5760430e-01
   4.6231494e-01
   4.6702557e-01
   4.7173621e-01
   4.7577390e-01
   4.7846569e-01
   4.7913862e-01
   4.8048453e-01
   4.8183042e-01
   4.8317631e-01
   4.8519517e-01
   4.8654106e-01
   4.8586810e-01
   4.8115747e-01
   4.7375505e-01
   4.6231494e-01
   4.4885598e-01
   4.3472409e-01
   4.1924630e-01
   4.0444146e-01
   3.9232841e-01
   3.8290715e-01
   3.7752356e-01
   3.7685061e-01
   3.8021534e-01
   3.8761777e-01
   3.9703902e-01
   4.0713325e-01
   4.1318978e-01
   4.1318977e-01
   4.0578736e-01
   3.9165545e-01
   3.7213999e-01
   3.5060565e-01
   3.3041724e-01
   3.1695828e-01
   3.1022880e-01
   3.1359355e-01
   3.2503365e-01
   3.4454912e-01
   3.7012113e-01
   3.9905788e-01
   4.2934052e-01
   4.5895019e-01
   4.8586812e-01
   5.0740242e-01
   5.2220727e-01
   5.2893674e-01
   5.2826379e-01
   5.1951547e-01
   5.0471063e-01
   4.8586810e-01
   4.6567969e-01
   4.4481832e-01
   4.2597578e-01
   4.0982504e-01
   3.9973082e-01
   3.9636609e-01
   4.0107672e-01
   4.1520862e-01
   4.3606998e-01
   4.6231494e-01
   4.8990579e-01
   5.1345895e-01
   5.3028265e-01
   5.3701211e-01
   5.3364738e-01
   5.2153433e-01
   5.0269179e-01
   4.8048453e-01
   4.5827726e-01
   4.3808884e-01
   4.2328398e-01
   4.1453568e-01
   4.1318977e-01
   4.1991925e-01
   4.3405116e-01
   4.5491251e-01
   4.8115747e-01
   5.0672949e-01
   5.3028265e-01
   5.4643338e-01
   5.5383580e-01
   5.5248991e-01
   5.4239570e-01
   5.2557202e-01
   5.0471063e-01
   4.8317631e-01
   4.6231494e-01
   4.4414537e-01
   4.3068641e-01
   4.2126514e-01
   4.1790040e-01
   4.1924630e-01
   4.2462988e-01
   4.3337820e-01
   4.4145357e-01
   4.4751010e-01
   4.4952894e-01
   4.4549126e-01
   4.3607000e-01
   4.2328398e-01
   4.0915209e-01
   3.9771198e-01
   3.9030956e-01
   3.8829072e-01
   3.9232840e-01
   4.0174968e-01
   4.1588156e-01
   4.3203230e-01
   4.4751010e-01
   4.6164200e-01
   4.7173621e-01
   4.7846569e-01
   4.8048453e-01
   4.7913863e-01
   4.7577390e-01
   4.7442799e-01
   4.7510094e-01
   4.8048453e-01
   4.9057874e-01
   5.0201885e-01
   5.1345895e-01
   5.2086138e-01
   5.2153433e-01
   5.1278601e-01
   4.9663526e-01
   4.7308210e-01
   4.4549125e-01
   4.1722745e-01
   3.9030956e-01
   3.6810229e-01
   3.5060565e-01
   3.4118439e-01
   3.3849260e-01
   3.4454913e-01
   3.5868103e-01
   3.7752356e-01
   3.9973082e-01
   4.2126514e-01
   4.3741589e-01
   4.4616421e-01
   4.4481832e-01
   4.3337820e-01
   4.1386273e-01
   3.8761777e-01
   3.5800808e-01
   3.2772544e-01
   2.9811575e-01
   2.7119786e-01
   2.4899058e-01
   2.3216690e-01
   2.2207267e-01
   2.2005383e-01
   2.2476447e-01
   2.3620458e-01
   2.4966354e-01
   2.6244954e-01
   2.7052491e-01
   2.7119784e-01
   2.6379543e-01
   2.4764468e-01
   2.2611036e-01
   2.0121131e-01
   1.7631225e-01
   1.5477793e-01
   1.3795423e-01
   1.2584120e-01
   1.2113056e-01
   1.2180350e-01
   1.2718707e-01
   1.3795425e-01
   1.5074025e-01
   1.6487214e-01
   1.7967698e-01
   1.9179005e-01
   2.0188426e-01
   2.0995963e-01
   2.1399731e-01
   2.1467026e-01
   2.1063258e-01
   2.0053835e-01
   1.8304173e-01
   1.5679678e-01
   1.2382234e-01
   8.7483169e-02
   5.1816958e-02
   2.2207266e-02
   4.0376940e-03
   0.0000000e+00
   1.2113053e-02
   3.9030944e-02
   7.6043078e-02
   1.2045761e-01
   1.6621803e-01
   2.0794079e-01
   2.4427995e-01
   2.7119784e-01
   2.8936743e-01
   2.9744280e-01
   2.9744280e-01
   2.8936743e-01
   2.7792732e-01
   2.6514132e-01
   2.5302827e-01
   2.4495290e-01
   2.4091522e-01
   2.4091522e-01
   2.4427995e-01
   2.4899058e-01
   2.5504711e-01
   2.6110363e-01
   2.6917900e-01
   2.7860027e-01
   2.9273218e-01
   3.1224764e-01
   3.3580081e-01
   3.6137281e-01
   3.8694483e-01
   4.0915209e-01
   4.2597577e-01
   4.3405116e-01
   4.3270525e-01
   4.2193809e-01
   4.0309557e-01
   3.7752356e-01
   3.4925976e-01
   3.2234185e-01
   3.0148050e-01
   2.9004039e-01
   2.9205923e-01
   3.0753701e-01
   3.3512787e-01
   3.7213997e-01
   4.1251682e-01
   4.5289368e-01
   4.8654105e-01
   5.1144011e-01
   5.2624497e-01
   5.3028263e-01
   5.2288022e-01
   5.0740243e-01
   4.8317631e-01
   4.5423957e-01
   4.2261105e-01
   3.9165545e-01
   3.6541049e-01
   3.4791387e-01
   3.4185735e-01
   3.4858681e-01
   3.6944819e-01
   4.0309556e-01
   4.4414536e-01
   4.8923285e-01
   5.3297443e-01
   5.7200539e-01
   5.9959623e-01
   6.1440108e-01
   6.1305519e-01
   5.9690444e-01
   5.6594887e-01
   5.2489907e-01
   4.7913863e-01
   4.3337820e-01
   3.9569315e-01
   3.7079409e-01
   3.6137281e-01
   3.6877524e-01
   3.9165547e-01
   4.2597577e-01
   4.6769853e-01
   5.1211306e-01
   5.5316286e-01
   5.8815612e-01
   6.1305519e-01
   6.2516824e-01
   6.2382235e-01
   6.0969046e-01
   5.8277254e-01
   5.4643338e-01
   5.0471065e-01
   4.6231494e-01
   4.2328398e-01
   3.9232840e-01
   3.7012113e-01
   3.5868103e-01
   3.5666217e-01
   3.6473756e-01
   3.8021536e-01
   4.0309556e-01
   4.3135936e-01
   4.6298790e-01
   4.9596231e-01
   5.2826381e-01
   5.5585464e-01
   5.7671603e-01
   5.8882908e-01
   5.9219382e-01
   5.8748318e-01
   5.7537014e-01
   5.5787348e-01
   5.3835802e-01
   5.1951547e-01
   5.0336474e-01
   4.9394347e-01
   4.9192465e-01
   5.0000001e-01
   5.1951549e-01
   5.4845223e-01
   5.8546434e-01
   6.2651414e-01
   6.6554509e-01
   6.9784657e-01
   7.2072678e-01
   7.3082100e-01
   7.2611037e-01
   7.0794079e-01
   6.7833111e-01
   6.4064604e-01
   5.9959624e-01
   5.5787348e-01
   5.2355317e-01
   4.9865410e-01
   4.8788695e-01
   4.9259758e-01
   5.1211306e-01
   5.4374159e-01
   5.8277255e-01
   6.2314940e-01
   6.5948856e-01
   6.8775236e-01
   7.0794079e-01
   7.2005384e-01
   7.2476448e-01
   7.2476448e-01
   7.2207268e-01
   7.1668911e-01
   7.0726785e-01
   6.9313593e-01
   6.7160161e-01
   6.4535667e-01
   6.1372814e-01
   5.8209960e-01
   5.5181697e-01
   5.2960970e-01
   5.1749665e-01
   5.1682370e-01
   5.2826381e-01
   5.4777927e-01
   5.7267834e-01
   5.9555855e-01
   6.1238224e-01
   6.1641992e-01
   6.0565276e-01
   5.7940782e-01
   5.3970391e-01
   4.9259758e-01
   4.4616420e-01
   4.0713325e-01
   3.8223418e-01
   3.7348586e-01
   3.8088829e-01
   4.0242263e-01
   4.3203230e-01
   4.6433378e-01
   4.9528938e-01
   5.2018843e-01
   5.3970390e-01
   5.5248991e-01
   5.5854645e-01
   5.5989234e-01
   5.5585464e-01
   5.4710632e-01
   5.3364738e-01
   5.1480486e-01
   4.9327054e-01
   4.7039032e-01
   4.4751009e-01
   4.2664872e-01
   4.1049798e-01
   3.9905788e-01
   3.9569315e-01
   3.9905788e-01
   4.1049798e-01
   4.2799462e-01
   4.4952894e-01
   4.6971737e-01
   4.8654105e-01
   4.9596233e-01
   4.9596233e-01
   4.8654105e-01
   4.6971737e-01
   4.4818305e-01
   4.2597578e-01
   4.0780620e-01
   3.9502020e-01
   3.9030956e-01
   3.9232840e-01
   4.0107672e-01
   4.1386273e-01
   4.2934052e-01
   4.4751010e-01
   4.6567969e-01
   4.8384926e-01
   4.9932706e-01
   5.1144011e-01
   5.1884254e-01
   5.2018842e-01
   5.1749663e-01
   5.1009422e-01
   4.9932706e-01
   4.8721399e-01
   4.7375506e-01
   4.6096905e-01
   4.4885600e-01
   4.3876178e-01
   4.3270525e-01
   4.3135936e-01
   4.3606998e-01
   4.4751010e-01
   4.6567967e-01
   4.8721399e-01
   5.1211306e-01
   5.3701213e-01
   5.5854643e-01
   5.7604307e-01
   5.8748318e-01
   5.8950203e-01
   5.8411844e-01
   5.6931360e-01
   5.4576043e-01
   5.1413191e-01
   4.7846569e-01
   4.4145357e-01
   4.0847914e-01
   3.8358008e-01
   3.6944819e-01
   3.6810229e-01
   3.7954240e-01
   3.9973082e-01
   4.2664873e-01
   4.5558546e-01
   4.8384928e-01
   5.0942127e-01
   5.3162854e-01
   5.4912518e-01
   5.6258412e-01
   5.6998655e-01
   5.7267834e-01
   5.7065948e-01
   5.6460296e-01
   5.5585466e-01
   5.4777927e-01
   5.4172275e-01
   5.3903097e-01
   5.4374159e-01
   5.5316286e-01
   5.6729477e-01
   5.8546434e-01
   6.0632571e-01
   6.2853297e-01
   6.5006731e-01
   6.7025572e-01
   6.8707941e-01
   6.9784657e-01
   7.0255721e-01
   6.9919248e-01
   6.8842531e-01
   6.7092867e-01
   6.4939436e-01
   6.2584119e-01
   6.0296098e-01
   5.8277255e-01
   5.6662180e-01
   5.5652759e-01
   5.5316286e-01
   5.5585464e-01
   5.6594886e-01
   5.8209960e-01
   6.0228803e-01
   6.2516824e-01
   6.4737551e-01
   6.6554509e-01
   6.7698520e-01
   6.7833109e-01
   6.6958279e-01
   6.5275909e-01
   6.2853299e-01
   6.0094212e-01
   5.7335128e-01
   5.4777927e-01
   5.2691791e-01
   5.1211306e-01
   5.0605653e-01
   5.0942127e-01
   5.2220727e-01
   5.4374159e-01
   5.7065948e-01
   6.0094214e-01
   6.3122478e-01
   6.5814267e-01
   6.7967699e-01
   6.9582773e-01
   7.0726784e-01
   7.1332437e-01
   7.1870794e-01
   7.2274564e-01
   7.2745626e-01
   7.3216689e-01
   7.4024228e-01
   7.4966353e-01
   7.6177658e-01
   7.7590849e-01
   7.9407806e-01
   8.1292061e-01
   8.3310902e-01
   8.5262450e-01
   8.7079409e-01
   8.8627189e-01
   8.9905789e-01
   9.0982504e-01
   9.1857335e-01
   9.2597578e-01
   9.3135936e-01
   9.3270527e-01
   9.2732168e-01
   9.1655451e-01
   8.9905789e-01
   8.7819651e-01
   8.5464334e-01
   8.3243609e-01
   8.1561240e-01
   8.0686408e-01
   8.0753702e-01
   8.1763123e-01
   8.3512786e-01
   8.5666218e-01
   8.8021535e-01
   9.0107672e-01
   9.1386272e-01
   9.1520863e-01
   9.0242262e-01
   8.7415883e-01
   8.3243607e-01
   7.8061912e-01
   7.2543743e-01
   6.7294752e-01
   6.3055181e-01
   6.0296098e-01
   5.9219382e-01
   5.9825034e-01
   6.1709287e-01
   6.4535667e-01
   6.7698520e-01
   7.0726784e-01
   7.3216689e-01
   7.4697174e-01
   7.5168237e-01
   7.4495290e-01
   7.2611037e-01
   6.9717363e-01
   6.6083447e-01
   6.1911172e-01
   5.7671602e-01
   5.3499329e-01
   4.9865411e-01
   4.6971737e-01
   4.4818305e-01
   4.3539704e-01
   4.3068641e-01
   4.3472409e-01
   4.4549125e-01
   4.6029609e-01
   4.7644683e-01
   4.9125169e-01
   4.9932705e-01
   5.0067295e-01
   4.9125169e-01
   4.7240915e-01
   4.4751009e-01
   4.1924630e-01
   3.9098250e-01
   3.6742935e-01
   3.5060565e-01
   3.4185733e-01
   3.4185733e-01
   3.5060567e-01
   3.6675640e-01
   3.9165547e-01
   4.2328398e-01
   4.6029610e-01
   5.0067294e-01
   5.3970391e-01
   5.7469718e-01
   6.0094214e-01
   6.1440108e-01
   6.1440108e-01
   6.0094214e-01
   5.7604307e-01
   5.4104981e-01
   5.0269179e-01
   4.6298790e-01
   4.2732168e-01
   3.9905788e-01
   3.7954240e-01
   3.7079408e-01
   3.7213997e-01
   3.8223420e-01
   3.9636609e-01
   4.1318977e-01
   4.2732166e-01
   4.3674294e-01
   4.3943473e-01
   4.3606998e-01
   4.2799462e-01
   4.1857336e-01
   4.1117093e-01
   4.0646030e-01
   4.0511440e-01
   4.0646029e-01
   4.0915209e-01
   4.1049798e-01
   4.1049798e-01
   4.0780620e-01
   4.0242261e-01
   3.9569315e-01
   3.8896366e-01
   3.8425304e-01
   3.8425304e-01
   3.9030956e-01
   4.0309557e-01
   4.2261104e-01
   4.4683714e-01
   4.7106326e-01
   4.9327053e-01
   5.0740243e-01
   5.1009422e-01
   5.0134590e-01
   4.8384926e-01
   4.6029610e-01
   4.3741589e-01
   4.2059220e-01
   4.1520862e-01
   4.2328398e-01
   4.4414536e-01
   4.7375505e-01
   5.1009422e-01
   5.4710632e-01
   5.8008076e-01
   6.0565276e-01
   6.2314940e-01
   6.3122478e-01
   6.2853297e-01
   6.1843878e-01
   6.0161508e-01
   5.8008076e-01
   5.5652759e-01
   5.3364738e-01
   5.1278601e-01
   4.9528938e-01
   4.8317631e-01
   4.7644683e-01
   4.7577389e-01
   4.8183042e-01
   4.9596233e-01
   5.1884254e-01
   5.4912516e-01
   5.8546435e-01
   6.2449530e-01
   6.6083445e-01
   6.9044416e-01
   7.0861373e-01
   7.1399732e-01
   7.0659489e-01
   6.8775237e-01
   6.6218035e-01
   6.3391656e-01
   6.0767160e-01
   5.8613728e-01
   5.6998655e-01
   5.6325707e-01
   5.6393002e-01
   5.7335128e-01
   5.9084792e-01
   6.1507403e-01
   6.4333781e-01
   6.7362047e-01
   7.0188427e-01
   7.2543743e-01
   7.4024226e-01
   7.4427996e-01
   7.3620458e-01
   7.1736207e-01
   6.8842531e-01
   6.5343203e-01
   6.1305519e-01
   5.7402423e-01
   5.3903097e-01
   5.1144011e-01
   4.9596233e-01
   4.9394347e-01
   5.0605654e-01
   5.3162854e-01
   5.6662182e-01
   6.0767160e-01
   6.4939435e-01
   6.8842531e-01
   7.2072680e-01
   7.4427996e-01
   7.5706596e-01
   7.6110364e-01
   7.5302826e-01
   7.3553162e-01
   7.0928668e-01
   6.7631225e-01
   6.4064604e-01
   6.0565276e-01
   5.7604309e-01
   5.5518170e-01
   5.4576043e-01
   5.4643338e-01
   5.5787348e-01
   5.7537012e-01
   5.9825035e-01
   6.2247646e-01
   6.4535667e-01
   6.6554509e-01
   6.8304173e-01
   6.9582773e-01
   7.0255721e-01
   7.0457605e-01
   6.9986541e-01
   6.8842531e-01
   6.7160163e-01
   6.4939436e-01
   6.2247646e-01
   5.9421266e-01
   5.6527591e-01
   5.3835800e-01
   5.1749665e-01
   5.0403769e-01
   5.0067295e-01
   5.0942126e-01
   5.2893675e-01
   5.5652759e-01
   5.8950203e-01
   6.2113055e-01
   6.4468372e-01
   6.5746972e-01
   6.5679677e-01
   6.4199192e-01
   6.1709287e-01
   5.8411844e-01
   5.5047107e-01
   5.1884254e-01
   4.9259758e-01
   4.7510094e-01
   4.6702557e-01
   4.6904442e-01
   4.7846569e-01
   4.9528938e-01
   5.1682369e-01
   5.3768507e-01
   5.5585464e-01
   5.6662180e-01
   5.6796771e-01
   5.5854643e-01
   5.4037686e-01
   5.1413190e-01
   4.8586812e-01
   4.5827726e-01
   4.3539704e-01
   4.2059220e-01
   4.1318977e-01
   4.1453566e-01
   4.2395694e-01
   4.3943473e-01
   4.5962316e-01
   4.8048453e-01
   5.0269179e-01
   5.2288022e-01
   5.3903097e-01
   5.5047107e-01
   5.5450875e-01
   5.5316286e-01
   5.4508749e-01
   5.3162854e-01
   5.1144011e-01
   4.8654106e-01
   4.5760432e-01
   4.2597577e-01
   3.9434725e-01
   3.6473756e-01
   3.4253028e-01
   3.2907133e-01
   3.2637955e-01
   3.3243608e-01
   3.4522208e-01
   3.6204576e-01
   3.7954240e-01
   3.9569315e-01
   4.0915209e-01
   4.1991925e-01
   4.3001346e-01
   4.4010768e-01
   4.5020189e-01
   4.5962316e-01
   4.6500673e-01
   4.6567967e-01
   4.6096905e-01
   4.4885600e-01
   4.3203232e-01
   4.1184389e-01
   3.9300136e-01
   3.7752356e-01
   3.6877524e-01
   3.6675640e-01
   3.7146704e-01
   3.8223418e-01
   3.9636609e-01
   4.1117093e-01
   4.2328400e-01
   4.2934052e-01
   4.2866757e-01
   4.2059220e-01
   4.0444145e-01
   3.8290713e-01
   3.6002692e-01
   3.3849260e-01
   3.2166891e-01
   3.1090175e-01
   3.0820996e-01
   3.1224764e-01
   3.2368775e-01
   3.3916555e-01
   3.5733513e-01
   3.7886945e-01
   4.0040377e-01
   4.2059220e-01
   4.3741589e-01
   4.4885600e-01
   4.5222073e-01
   4.4616421e-01
   4.3203230e-01
   4.0915209e-01
   3.8021534e-01
   3.4925976e-01
   3.1628533e-01
   2.8532975e-01
   2.5908480e-01
   2.3755047e-01
   2.2341858e-01
   2.1736204e-01
   2.2274563e-01
   2.3956931e-01
   2.6783311e-01
   3.0619112e-01
   3.4925977e-01
   3.9300134e-01
   4.3001346e-01
   4.5827726e-01
   4.7240917e-01
   4.7106328e-01
   4.5760432e-01
   4.3337820e-01
   4.0242261e-01
   3.7146703e-01
   3.4387619e-01
   3.2301481e-01
   3.1292059e-01
   3.1292059e-01
   3.2166891e-01
   3.3714669e-01
   3.5531629e-01
   3.7012113e-01
   3.7954240e-01
   3.7954240e-01
   3.7079409e-01
   3.5598924e-01
   3.3849260e-01
   3.2234185e-01
   3.1157471e-01
   3.0888291e-01
   3.1224766e-01
   3.2032303e-01
   3.3109017e-01
   3.4051144e-01
   3.4724092e-01
   3.4858681e-01
   3.4656797e-01
   3.4051144e-01
   3.3176312e-01
   3.2436071e-01
   3.1830417e-01
   3.1561237e-01
   3.1830417e-01
   3.2503365e-01
   3.3580080e-01
   3.4925976e-01
   3.6204576e-01
   3.7012115e-01
   3.7281292e-01
   3.6810229e-01
   3.5531628e-01
   3.3647376e-01
   3.1426649e-01
   2.9071332e-01
   2.6985196e-01
   2.5437416e-01
   2.4427995e-01
   2.4226110e-01
   2.4966352e-01
   2.6581427e-01
   2.9205923e-01
   3.2772544e-01
   3.6877524e-01
   4.1251682e-01
   4.5289368e-01
   4.8519515e-01
   5.0538358e-01
   5.1076717e-01
   5.0201885e-01
   4.7981158e-01
   4.5087484e-01
   4.2126514e-01
   3.9367431e-01
   3.7550470e-01
   3.6877524e-01
   3.7483177e-01
   3.9367429e-01
   4.2328400e-01
   4.5895021e-01
   4.9730822e-01
   5.3230149e-01
   5.5921939e-01
   5.7402423e-01
   5.7604309e-01
   5.6460296e-01
   5.4441454e-01
   5.1951549e-01
   4.9461643e-01
   4.7510094e-01
   4.6366083e-01
   4.6231496e-01
   4.6837148e-01
   4.8250337e-01
   5.0201885e-01
   5.2355318e-01
   5.4643339e-01
   5.6864066e-01
   5.8950202e-01
   6.0565278e-01
   6.1911171e-01
   6.2651414e-01
   6.2920594e-01
   6.2651414e-01
   6.2113055e-01
   6.1305519e-01
   6.0363392e-01
   5.9421266e-01
   5.8613728e-01
   5.7940780e-01
   5.7604307e-01
   5.7604309e-01
   5.7940782e-01
   5.8815614e-01
   5.9959624e-01
   6.1372814e-01
   6.2718708e-01
   6.3728129e-01
   6.4199192e-01
   6.4064604e-01
   6.3324360e-01
   6.2180351e-01
   6.0699867e-01
   5.9084792e-01
   5.7604307e-01
   5.6123823e-01
   5.4710632e-01
   5.3432033e-01
   5.2288022e-01
   5.1211306e-01
   5.0471065e-01
   5.0201885e-01
   5.0336474e-01
   5.0874833e-01
   5.1816958e-01
   5.2759086e-01
   5.3768506e-01
   5.4508749e-01
   5.5114400e-01
   5.5383580e-01
   5.5450875e-01
   5.5316286e-01
   5.5047107e-01
   5.4710634e-01
   5.4239570e-01
   5.3701211e-01
   5.3095559e-01
   5.2422611e-01
   5.1749665e-01
   5.0874833e-01
   4.9865411e-01
   4.8721399e-01
   4.7510096e-01
   4.6231496e-01
   4.5289368e-01
   4.4751010e-01
   4.4683714e-01
   4.5087484e-01
   4.5827726e-01
   4.6567969e-01
   4.7039032e-01
   4.6971737e-01
   4.6433378e-01
   4.5423957e-01
   4.4481832e-01
   4.3607000e-01
   4.3539705e-01
   4.4279946e-01
   4.6029610e-01
   4.8586810e-01
   5.1682369e-01
   5.5047107e-01
   5.8209960e-01
   6.0767160e-01
   6.2382235e-01
   6.2987888e-01
   6.2180351e-01
   6.0296098e-01
   5.7335128e-01
   5.3835800e-01
   5.0067295e-01
   4.6702558e-01
   4.3876178e-01
   4.2193809e-01
   4.1588157e-01
   4.1924630e-01
   4.3135936e-01
   4.5020189e-01
   4.7173621e-01
   4.9663526e-01
   5.2153433e-01
   5.4508749e-01
   5.6594887e-01
   5.8209960e-01
   5.9152087e-01
   5.9286676e-01
   5.8479139e-01
   5.6864064e-01
   5.4508749e-01
   5.1749663e-01
   4.8855990e-01
   4.5962316e-01
   4.3405114e-01
   4.1386273e-01
   4.0174966e-01
   3.9771198e-01
   4.0376852e-01
   4.1722746e-01
   4.3741589e-01
   4.6231494e-01
   4.8654106e-01
   5.0605654e-01
   5.1884253e-01
   5.2355317e-01
   5.1884254e-01
   5.0942127e-01
   4.9663527e-01
   4.8384926e-01
   4.7577390e-01
   4.7173621e-01
   4.7308212e-01
   4.7846567e-01
   4.8721401e-01
   4.9663527e-01
   5.0538359e-01
   5.1144011e-01
   5.1615074e-01
   5.1749663e-01
   5.1615074e-01
   5.1413190e-01
   5.1278601e-01
   5.1480485e-01
   5.2018843e-01
   5.2960970e-01
   5.4374159e-01
   5.5854643e-01
   5.7065950e-01
   5.7671602e-01
   5.7537012e-01
   5.6527591e-01
   5.4777929e-01
   5.2759085e-01
   5.0672947e-01
   4.9125169e-01
   4.8519515e-01
   4.8855989e-01
   5.0134590e-01
   5.2355317e-01
   5.5181697e-01
   5.8142666e-01
   6.1036340e-01
   6.3458951e-01
   6.5006729e-01
   6.5343203e-01
   6.4468372e-01
   6.2516826e-01
   5.9555855e-01
   5.6056529e-01
   5.2422613e-01
   4.9057874e-01
   4.6298789e-01
   4.4549125e-01
   4.3606998e-01
   4.3607000e-01
   4.4414537e-01
   4.5625841e-01
   4.7240915e-01
   4.8923285e-01
   5.0201885e-01
   5.1009422e-01
   5.0942127e-01
   4.9865410e-01
   4.7846569e-01
   4.4885600e-01
   4.1453566e-01
   3.8021534e-01
   3.4858681e-01
   3.2570660e-01
   3.1493944e-01
   3.1561239e-01
   3.2839840e-01
   3.5195155e-01
   3.8358009e-01
   4.2059220e-01
   4.5962316e-01
   4.9865411e-01
   5.3297443e-01
   5.5921939e-01
   5.7469718e-01
   5.7873487e-01
   5.7065950e-01
   5.5316286e-01
   5.2826381e-01
   5.0000001e-01
   4.7106326e-01
   4.4616421e-01
   4.2732166e-01
   4.1588157e-01
   4.1251682e-01
   4.1924630e-01
   4.3539705e-01
   4.5962316e-01
   4.9125169e-01
   5.2557201e-01
   5.5989234e-01
   5.8882908e-01
   6.0969044e-01
   6.2045760e-01
   6.1776582e-01
   6.0565276e-01
   5.8546434e-01
   5.6056529e-01
   5.3499327e-01
   5.1076717e-01
   4.9125169e-01
   4.7711980e-01
   4.6971737e-01
   4.6837148e-01
   4.7308210e-01
   4.8317631e-01
   4.9596231e-01
   5.1009422e-01
   5.2288022e-01
   5.3432033e-01
   5.4306865e-01
   5.4912518e-01
   5.5383580e-01
   5.5585464e-01
   5.5720054e-01
   5.5585466e-01
   5.5114402e-01
   5.4037686e-01
   5.2422611e-01
   5.0403769e-01
   4.7981158e-01
   4.5625841e-01
   4.3607000e-01
   4.2126514e-01
   4.1588156e-01
   4.1857336e-01
   4.2934052e-01
   4.4885600e-01
   4.7240915e-01
   5.0000001e-01
   5.2759086e-01
   5.5316286e-01
   5.7537012e-01
   5.9084792e-01
   5.9757739e-01
   5.9623150e-01
   5.8748318e-01
   5.7200538e-01
   5.5248991e-01
   5.3028265e-01
   5.0942127e-01
   4.8990579e-01
   4.7375505e-01
   4.6164200e-01
   4.5558548e-01
   4.5558546e-01
   4.6366083e-01
   4.8115747e-01
   5.0605653e-01
   5.3499327e-01
   5.6729477e-01
   5.9488562e-01
   6.1507403e-01
   6.2449530e-01
   6.2045760e-01
   6.0497982e-01
   5.7940782e-01
   5.4777929e-01
   5.1547781e-01
   4.8452221e-01
   4.6164200e-01
   4.4818305e-01
   4.4616421e-01
   4.5558548e-01
   4.7510094e-01
   5.0067295e-01
   5.2826381e-01
   5.5316286e-01
   5.6864064e-01
   5.7335128e-01
   5.6594886e-01
   5.4576045e-01
   5.1682369e-01
   4.8317631e-01
   4.4818305e-01
   4.1520862e-01
   3.8761777e-01
   3.6675638e-01
   3.5464335e-01
   3.4993271e-01
   3.5666219e-01
   3.7281293e-01
   3.9905788e-01
   4.3270526e-01
   4.7039032e-01
   5.0874831e-01
   5.4172275e-01
   5.6662180e-01
   5.7940780e-01
   5.7940782e-01
   5.6662180e-01
   5.4306865e-01
   5.1076717e-01
   4.7308210e-01
   4.3405114e-01
   3.9703902e-01
   3.6608345e-01
   3.4387619e-01
   3.3243607e-01
   3.3243608e-01
   3.4320323e-01
   3.6204576e-01
   3.8559892e-01
   4.1117095e-01
   4.3539705e-01
   4.5558548e-01
   4.7039032e-01
   4.7913863e-01
   4.8115747e-01
   4.7779273e-01
   4.6971737e-01
   4.5625841e-01
   4.4078062e-01
   4.2395694e-01
   4.0646029e-01
   3.9232840e-01
   3.8088831e-01
   3.7415883e-01
   3.7213997e-01
   3.7281292e-01
   3.7685061e-01
   3.8358008e-01
   3.9030956e-01
   3.9703904e-01
   4.0242261e-01
   4.0376850e-01
   3.9905788e-01
   3.8627186e-01
   3.6339165e-01
   3.3378197e-01
   2.9744280e-01
   2.5975774e-01
   2.2678331e-01
   2.0255721e-01
   1.9380889e-01
   1.9986542e-01
   2.2207269e-01
   2.5773890e-01
   3.0282637e-01
   3.5464333e-01
   4.0847914e-01
   4.5962316e-01
   5.0672949e-01
   5.4643338e-01
   5.7537012e-01
   5.9286676e-01
   5.9825034e-01
   5.9152087e-01
   5.7469718e-01
   5.5248991e-01
   5.2759086e-01
   5.0403769e-01
   4.8586812e-01
   4.7510096e-01
   4.7442801e-01
   4.8250338e-01
   5.0067295e-01
   5.2624495e-01
   5.5652759e-01
   5.8950203e-01
   6.1978466e-01
   6.4401077e-01
   6.5881561e-01
   6.6218036e-01
   6.5343204e-01
   6.3391656e-01
   6.0699866e-01
   5.7806192e-01
   5.4912516e-01
   5.2624495e-01
   5.1144011e-01
   5.0538359e-01
   5.0942127e-01
   5.2288022e-01
   5.4374159e-01
   5.6998655e-01
   5.9757740e-01
   6.2113056e-01
   6.3795424e-01
   6.4468372e-01
   6.3862719e-01
   6.2113056e-01
   5.9555856e-01
   5.6662180e-01
   5.4037686e-01
   5.2153433e-01
   5.1345897e-01
   5.1682369e-01
   5.3095559e-01
   5.5114402e-01
   5.7335128e-01
   5.9353971e-01
   6.0767160e-01
   6.1574698e-01
   6.1507404e-01
   6.0834455e-01
   5.9690446e-01
   5.8479139e-01
   5.7402425e-01
   5.6594886e-01
   5.6123823e-01
   5.5989234e-01
   5.5989232e-01
   5.5720055e-01
   5.4979811e-01
   5.3566623e-01
   5.1615075e-01
   4.9259758e-01
   4.6837148e-01
   4.4683716e-01
   4.3135936e-01
   4.2462988e-01
   4.2597577e-01
   4.3472410e-01
   4.4616421e-01
   4.5962316e-01
   4.7240915e-01
   4.8317631e-01
   4.9057874e-01
   4.9461642e-01
   4.9394347e-01
   4.9057873e-01
   4.8183042e-01
   4.7039032e-01
   4.5491251e-01
   4.3876178e-01
   4.2193809e-01
   4.0713325e-01
   3.9502020e-01
   3.8492599e-01
   3.7752356e-01
   3.7146703e-01
   3.6541049e-01
   3.6271871e-01
   3.6204576e-01
   3.6473756e-01
   3.7213999e-01
   3.8492599e-01
   4.0107673e-01
   4.1924630e-01
   4.3606998e-01
   4.5020189e-01
   4.5693137e-01
   4.5625841e-01
   4.4683716e-01
   4.2799462e-01
   4.0174968e-01
   3.6944819e-01
   3.3580081e-01
   3.0282637e-01
   2.7792732e-01
   2.6379542e-01
   2.6446838e-01
   2.7994616e-01
   3.0888292e-01
   3.4724092e-01
   3.8963661e-01
   4.2732168e-01
   4.5625842e-01
   4.7240915e-01
   4.7442799e-01
   4.6231494e-01
   4.4078062e-01
   4.1453566e-01
   3.8761777e-01
   3.6742935e-01
   3.5531628e-01
   3.5397040e-01
   3.6473754e-01
   3.8492597e-01
   4.1049798e-01
   4.3674294e-01
   4.5827726e-01
   4.7106326e-01
   4.7240917e-01
   4.6096905e-01
   4.3943473e-01
   4.1251684e-01
   3.8425304e-01
   3.5935397e-01
   3.4253028e-01
   3.3378197e-01
   3.3445492e-01
   3.4253029e-01
   3.5531629e-01
   3.7146703e-01
   3.8829072e-01
   4.0309556e-01
   4.1520862e-01
   4.2328400e-01
   4.2799462e-01
   4.2934052e-01
   4.2799462e-01
   4.2799462e-01
   4.2866757e-01
   4.3270526e-01
   4.3876178e-01
   4.4549126e-01
   4.5356662e-01
   4.5693135e-01
   4.5693135e-01
   4.5154778e-01
   4.4145357e-01
   4.2866757e-01
   4.1520862e-01
   4.0309556e-01
   3.9434725e-01
   3.9030956e-01
   3.9030956e-01
   3.9367431e-01
   4.0107672e-01
   4.1117093e-01
   4.2261105e-01
   4.3472410e-01
   4.4549125e-01
   4.5356662e-01
   4.5760432e-01
   4.5491253e-01
   4.4549125e-01
   4.3337821e-01
   4.1790041e-01
   4.0376850e-01
   3.9300134e-01
   3.8627188e-01
   3.8492599e-01
   3.8963661e-01
   3.9703904e-01
   4.0915209e-01
   4.2193809e-01
   4.3607000e-01
   4.4818305e-01
   4.5827725e-01
   4.6500673e-01
   4.6635262e-01
   4.6231496e-01
   4.5356662e-01
   4.4212652e-01
   4.2866757e-01
   4.1655452e-01
   4.0646030e-01
   3.9973082e-01
   3.9771197e-01
   4.0107673e-01
   4.0847914e-01
   4.2193809e-01
   4.4212653e-01
   4.6837148e-01
   4.9798117e-01
   5.3162854e-01
   5.6393002e-01
   5.9219380e-01
   6.1170930e-01
   6.1978467e-01
   6.1372814e-01
   5.9488562e-01
   5.6258412e-01
   5.2153433e-01
   4.7375505e-01
   4.2462988e-01
   3.7819651e-01
   3.4118439e-01
   3.1830419e-01
   3.1292059e-01
   3.2503364e-01
   3.5531628e-01
   3.9973082e-01
   4.5087484e-01
   5.0269179e-01
   5.4710632e-01
   5.8008075e-01
   5.9757739e-01
   6.0094212e-01
   5.9286675e-01
   5.7469719e-01
   5.5383580e-01
   5.3162854e-01
   5.1144011e-01
   4.9663527e-01
   4.8586810e-01
   4.8250337e-01
   4.8452221e-01
   4.9192463e-01
   5.0336474e-01
   5.1749665e-01
   5.3095559e-01
   5.4441454e-01
   5.5450877e-01
   5.5921938e-01
   5.6123823e-01
   5.5854643e-01
   5.5248991e-01
   5.4306865e-01
   5.2960968e-01
   5.1345895e-01
   4.9663526e-01
   4.7913863e-01
   4.6500674e-01
   4.5491251e-01
   4.5222073e-01
   4.5760432e-01
   4.7106326e-01
   4.9125169e-01
   5.1615074e-01
   5.4441454e-01
   5.7133244e-01
   5.9623150e-01
   6.1507403e-01
   6.2584119e-01
   6.2584119e-01
   6.1507403e-01
   5.9152087e-01
   5.5652759e-01
   5.1345897e-01
   4.6837148e-01
   4.2462988e-01
   3.8963661e-01
   3.6608344e-01
   3.5733513e-01
   3.6204576e-01
   3.8156124e-01
   4.1184389e-01
   4.5087484e-01
   4.9461643e-01
   5.4104981e-01
   5.8546435e-01
   6.2516824e-01
   6.5679677e-01
   6.7833109e-01
   6.8640647e-01
   6.8034993e-01
   6.6218036e-01
   6.3391656e-01
   5.9959624e-01
   5.6258412e-01
   5.2893675e-01
   5.0000001e-01
   4.8183042e-01
   4.7510094e-01
   4.8183044e-01
   5.0067295e-01
   5.3095559e-01
   5.6864066e-01
   6.0969044e-01
   6.4939436e-01
   6.7967699e-01
   6.9919247e-01
   7.0390311e-01
   6.9448183e-01
   6.7362047e-01
   6.4333783e-01
   6.1036340e-01
