  -1.9336233e+02
  -1.8773175e+02
  -1.5037766e+02
  -8.8761730e+01
  -1.5243763e+01
   5.5848020e+01
   1.1206226e+02
   1.4534218e+02
   1.5344472e+02
   1.3962005e+02
   1.1091783e+02
   7.5806821e+01
   4.1886015e+01
   1.4465552e+01
  -3.9826050e+00
  -1.3412681e+01
  -1.5426871e+01
  -1.2176699e+01
  -5.7679110e+00
   2.1972990e+00
   1.0437171e+01
   1.8219272e+01
   2.4948501e+01
   3.0350195e+01
   3.4699016e+01
   3.8361181e+01
   4.2389562e+01
   4.7470817e+01
   5.4062715e+01
   6.1936369e+01
   7.0405127e+01
   7.7866789e+01
   8.2856489e+01
   8.4184024e+01
   8.1208515e+01
   7.4113069e+01
   6.3675898e+01
   5.1316090e+01
   3.8544289e+01
   2.6825361e+01
   1.7807279e+01
   1.2817578e+01
   1.3000687e+01
   1.9134813e+01
   3.1357290e+01
   4.8752575e+01
   6.9306477e+01
   9.0226596e+01
   1.0817121e+02
   1.2016480e+02
   1.2405585e+02
   1.1920348e+02
   1.0620279e+02
   8.7296864e+01
   6.5232318e+01
   4.3076219e+01
   2.3941406e+01
   1.0070955e+01
   3.1128410e+00
   3.9368280e+00
   1.2359808e+01
   2.7328908e+01
   4.6601053e+01
   6.7338064e+01
   8.6198215e+01
   9.9885557e+01
   1.0606546e+02
   1.0363928e+02
   9.3018997e+01
   7.6127260e+01
   5.5710689e+01
   3.4927901e+01
   1.6617075e+01
   2.9755090e+00
  -4.7608150e+00
  -6.0425720e+00
  -1.1444270e+00
   9.0638590e+00
   2.3117419e+01
   3.9093614e+01
   5.4703593e+01
   6.7475395e+01
   7.5303273e+01
   7.6768139e+01
   7.1458000e+01
   6.0379949e+01
   4.5181964e+01
   2.8519112e+01
   1.2634470e+01
  -5.9510200e-01
  -9.9794000e+00
  -1.5106432e+01
  -1.6159304e+01
  -1.3504235e+01
  -7.6905470e+00
   6.8665600e-01
   1.0803388e+01
   2.1652552e+01
   3.1815060e+01
   3.9963379e+01
   4.4953079e+01
   4.6189059e+01
   4.3717098e+01
   3.8452735e+01
   3.1586175e+01
   2.4353399e+01
   1.7715724e+01
   1.2268254e+01
   8.1483170e+00
   5.1270310e+00
   3.2043950e+00
   2.1515220e+00
   2.0141910e+00
   2.6092930e+00
   3.6163880e+00
   4.4403750e+00
   4.5777070e+00
   3.6621650e+00
   1.7853060e+00
  -4.1199300e-01
  -1.8768590e+00
  -1.4648660e+00
   1.3275350e+00
   6.5918970e+00
   1.3321126e+01
   2.0187686e+01
   2.5543602e+01
   2.8152896e+01
   2.7283131e+01
   2.3117418e+01
   1.6342412e+01
   7.9652090e+00
  -8.6976400e-01
  -9.1096360e+00
  -1.5838865e+01
  -2.0141909e+01
  -2.1286335e+01
  -1.8722820e+01
  -1.2451362e+01
  -3.1128400e+00
   7.9652100e+00
   1.8677042e+01
   2.6916915e+01
   3.0670634e+01
   2.8976882e+01
   2.1835661e+01
   1.0345617e+01
  -3.7079430e+00
  -1.8127719e+01
  -3.0899519e+01
  -4.0375372e+01
  -4.5593958e+01
  -4.5777066e+01
  -4.0833142e+01
  -3.0991074e+01
  -1.7074846e+01
  -5.4932500e-01
   1.6525521e+01
   3.1586175e+01
   4.2252232e+01
   4.6601053e+01
   4.3671320e+01
   3.3875028e+01
   1.8677043e+01
   5.0354800e-01
  -1.8081941e+01
  -3.4561685e+01
  -4.6921492e+01
  -5.3742275e+01
  -5.4245823e+01
  -4.8203250e+01
  -3.5980774e+01
  -1.8722820e+01
   1.7853050e+00
   2.3117418e+01
   4.2206455e+01
   5.6260014e+01
   6.3126574e+01
   6.1661708e+01
   5.2414740e+01
   3.7262532e+01
   1.8860151e+01
   1.8310900e-01
  -1.6021973e+01
  -2.7878233e+01
  -3.4195468e+01
  -3.4790569e+01
  -3.0029755e+01
  -2.0553903e+01
  -7.6447700e+00
   7.3243300e+00
   2.2568093e+01
   3.6026550e+01
   4.5685512e+01
   4.9942778e+01
   4.8020142e+01
   3.9780270e+01
   2.6276036e+01
   9.1096360e+00
  -9.7047380e+00
  -2.8107118e+01
  -4.4449531e+01
  -5.7129778e+01
  -6.5094987e+01
  -6.7521172e+01
  -6.4087892e+01
  -5.5298695e+01
  -4.2252231e+01
  -2.7008469e+01
  -1.1947814e+01
   4.1199300e-01
   8.2398720e+00
   1.0940718e+01
   9.2927450e+00
   5.1728080e+00
   1.1444270e+00
  -4.1199400e-01
   1.8310830e+00
   8.1483170e+00
   1.7395285e+01
   2.7557794e+01
   3.6530098e+01
   4.2389562e+01
   4.4037537e+01
   4.1153582e+01
   3.4332800e+01
   2.4444953e+01
   1.3092241e+01
   1.5564200e+00
  -8.5145340e+00
  -1.5793087e+01
  -1.9455253e+01
  -1.9043260e+01
  -1.5106431e+01
  -8.7891970e+00
  -1.8310820e+00
   3.8910510e+00
   6.7292280e+00
   5.8594650e+00
   1.3275350e+00
  -6.1799040e+00
  -1.5289540e+01
  -2.4719615e+01
  -3.3188373e+01
  -3.9826047e+01
  -4.3900206e+01
  -4.5044632e+01
  -4.2664226e+01
  -3.6621652e+01
  -2.7008469e+01
  -1.4557107e+01
  -6.8665600e-01
   1.2634470e+01
   2.3117418e+01
   2.8839552e+01
   2.8702220e+01
   2.2659647e+01
   1.1535820e+01
  -2.9297320e+00
  -1.8493934e+01
  -3.3234150e+01
  -4.5319295e+01
  -5.3192950e+01
  -5.5756466e+01
  -5.2323186e+01
  -4.2664225e+01
  -2.7191577e+01
  -7.4158850e+00
   1.4373998e+01
   3.5248340e+01
   5.2048524e+01
   6.2073701e+01
   6.4087892e+01
   5.7999542e+01
   4.5456626e+01
   2.9114214e+01
   1.2039369e+01
  -2.8381780e+00
  -1.3275349e+01
  -1.8081940e+01
  -1.6754406e+01
  -9.7962920e+00
   1.9684140e+00
   1.7074845e+01
   3.3646143e+01
   4.9576562e+01
   6.2668803e+01
   7.0954452e+01
   7.3014420e+01
   6.8528267e+01
   5.8228428e+01
   4.3854429e+01
   2.7740901e+01
   1.2451362e+01
  -4.5777000e-02
  -8.2398720e+00
  -1.1490043e+01
  -9.9336230e+00
  -3.9826050e+00
   5.2643630e+00
   1.6708629e+01
   2.8747997e+01
   3.9642938e+01
   4.7699703e+01
   5.1499199e+01
   5.0308996e+01
   4.4541085e+01
   3.5339895e+01
   2.4811170e+01
   1.5289540e+01
   8.6518650e+00
   5.9967960e+00
   7.4616620e+00
   1.2268253e+01
   1.8997482e+01
   2.6230259e+01
   3.2593271e+01
   3.7308309e+01
   3.9871825e+01
   4.0100710e+01
   3.7994964e+01
   3.3783475e+01
   2.7969787e+01
   2.1469444e+01
   1.5518425e+01
   1.1444266e+01
   1.0345617e+01
   1.2817578e+01
   1.8356604e+01
   2.5909819e+01
   3.3691921e+01
   3.9826047e+01
   4.2893111e+01
   4.2206454e+01
   3.7903410e+01
   3.0670634e+01
   2.1835660e+01
   1.2451362e+01
   3.8452730e+00
  -2.8839550e+00
  -6.8665600e+00
  -7.3243310e+00
  -3.7537200e+00
   3.9368280e+00
   1.4969101e+01
   2.7969787e+01
   4.0833143e+01
   5.1270313e+01
   5.7175555e+01
   5.7450217e+01
   5.1728084e+01
   4.0878920e+01
   2.6413367e+01
   1.0391394e+01
  -5.3101390e+00
  -1.8860151e+01
  -2.8839551e+01
  -3.3920806e+01
  -3.3371481e+01
  -2.6642252e+01
  -1.4099336e+01
   3.1128410e+00
   2.3071641e+01
   4.2755780e+01
   5.9327077e+01
   6.9855802e+01
   7.2739757e+01
   6.7612726e+01
   5.5436026e+01
   3.8406958e+01
   1.9317921e+01
   1.0528730e+00
  -1.4007782e+01
  -2.3987183e+01
  -2.7878233e+01
  -2.5406271e+01
  -1.7120623e+01
  -4.2572670e+00
   1.1306935e+01
   2.7008469e+01
   4.0238041e+01
   4.8661021e+01
   5.0629435e+01
   4.5868620e+01
   3.5294118e+01
   2.0920119e+01
   5.3559160e+00
  -8.8349730e+00
  -1.9501030e+01
  -2.5497826e+01
  -2.6321812e+01
  -2.2247654e+01
  -1.3916228e+01
  -2.1972990e+00
   1.1764706e+01
   2.6596475e+01
   4.0558480e+01
   5.1819639e+01
   5.8823529e+01
   6.0471504e+01
   5.6717784e+01
   4.8569466e+01
   3.7994964e+01
   2.7374685e+01
   1.9043259e+01
   1.4648661e+01
   1.4740215e+01
   1.8860151e+01
   2.6047150e+01
   3.4653239e+01
   4.3305104e+01
   5.0812543e+01
   5.6397345e+01
   5.9418632e+01
   5.9784847e+01
   5.7404440e+01
   5.2597849e+01
   4.6189059e+01
   3.9185168e+01
   3.2776379e+01
   2.8015564e+01
   2.5406272e+01
   2.4811170e+01
   2.5543603e+01
   2.6413367e+01
   2.6413367e+01
   2.4582284e+01
   2.0828565e+01
   1.5426871e+01
   8.9723050e+00
   2.1515220e+00
  -4.4861520e+00
  -1.0345617e+01
  -1.5014878e+01
  -1.7990387e+01
  -1.8493934e+01
  -1.5884642e+01
  -9.7962920e+00
  -5.4932400e-01
   1.0849164e+01
   2.2613871e+01
   3.2501716e+01
   3.8498513e+01
   3.9093614e+01
   3.3920805e+01
   2.3392080e+01
   8.9723050e+00
  -7.3243300e+00
  -2.3529411e+01
  -3.7720302e+01
  -4.8249027e+01
  -5.3650721e+01
  -5.3101396e+01
  -4.6280613e+01
  -3.3554589e+01
  -1.6479743e+01
   2.6092930e+00
   2.0737011e+01
   3.4699016e+01
   4.1931792e+01
   4.0924697e+01
   3.1631952e+01
   1.5564203e+01
  -4.7608150e+00
  -2.6321813e+01
  -4.6051728e+01
  -6.1478600e+01
  -7.0725567e+01
  -7.2831311e+01
  -6.7612726e+01
  -5.5664912e+01
  -3.8315404e+01
  -1.7715725e+01
   3.2959490e+00
   2.1698329e+01
   3.4699015e+01
   4.0329595e+01
   3.7857633e+01
   2.8198672e+01
   1.3412680e+01
  -3.6621650e+00
  -2.0050355e+01
  -3.3188373e+01
  -4.1519799e+01
  -4.4449531e+01
  -4.2114900e+01
  -3.5294118e+01
  -2.4994278e+01
  -1.2451362e+01
   9.1554200e-01
   1.3595788e+01
   2.3895628e+01
   3.0258641e+01
   3.1586175e+01
   2.7374685e+01
   1.7944610e+01
   4.3488220e+00
  -1.1718929e+01
  -2.8519112e+01
  -4.4266422e+01
  -5.7541771e+01
  -6.7246510e+01
  -7.2465095e+01
  -7.2739758e+01
  -6.7795834e+01
  -5.8274205e+01
  -4.5090410e+01
  -3.0212864e+01
  -1.5930419e+01
  -4.5777070e+00
   2.1057450e+00
   3.5248340e+00
   2.7466300e-01
  -5.7679100e+00
  -1.2222476e+01
  -1.6937514e+01
  -1.8356604e+01
  -1.6205081e+01
  -1.1352712e+01
  -5.4474710e+00
  -4.5777000e-01
   1.9226370e+00
   5.0354800e-01
  -5.0812550e+00
  -1.4465552e+01
  -2.6825360e+01
  -4.0787365e+01
  -5.4703594e+01
  -6.6880293e+01
  -7.5715267e+01
  -7.9880980e+01
  -7.8965438e+01
  -7.3289082e+01
  -6.4271000e+01
  -5.3833829e+01
  -4.4403753e+01
  -3.7857634e+01
  -3.5248340e+01
  -3.6942092e+01
  -4.2160678e+01
  -4.9851225e+01
  -5.8548867e+01
  -6.6971847e+01
  -7.4204624e+01
  -7.9240101e+01
  -8.1300069e+01
  -7.9606318e+01
  -7.3426414e+01
  -6.2577249e+01
  -4.7608148e+01
  -2.9983978e+01
  -1.2039368e+01
   3.4790570e+00
   1.4145113e+01
   1.8219272e+01
   1.5381094e+01
   6.4087890e+00
  -6.7750050e+00
  -2.1698329e+01
  -3.5751888e+01
  -4.6921492e+01
  -5.3559167e+01
  -5.4612039e+01
  -4.9713893e+01
  -3.9093614e+01
  -2.3666743e+01
  -5.1728080e+00
   1.4007782e+01
   3.1036850e+01
   4.3167772e+01
   4.8111696e+01
   4.4907301e+01
   3.3875029e+01
   1.6708629e+01
  -3.7994970e+00
  -2.4719615e+01
  -4.3030441e+01
  -5.6534676e+01
  -6.3859007e+01
  -6.4545663e+01
  -5.8960860e+01
  -4.8203250e+01
  -3.4195468e+01
  -1.9134814e+01
  -5.8136870e+00
   3.3417260e+00
   6.3172350e+00
   2.0141910e+00
  -9.0180820e+00
  -2.5314717e+01
  -4.4129092e+01
  -6.2531471e+01
  -7.7775235e+01
  -8.7983520e+01
  -9.2286565e+01
  -9.1004807e+01
  -8.4870680e+01
  -7.5211719e+01
  -6.3309682e+01
  -5.0354772e+01
  -3.7766080e+01
  -2.6779584e+01
  -1.8814374e+01
  -1.4969101e+01
  -1.5884642e+01
  -2.1332113e+01
  -3.0304418e+01
  -4.1016251e+01
  -5.1453422e+01
  -5.9693294e+01
  -6.4499886e+01
  -6.5552759e+01
  -6.3172350e+01
  -5.8182651e+01
  -5.1773861e+01
  -4.4724193e+01
  -3.7857633e+01
  -3.1906615e+01
  -2.7283131e+01
  -2.4582284e+01
  -2.4078737e+01
  -2.5772488e+01
  -2.8839552e+01
  -3.2135500e+01
  -3.4012360e+01
  -3.2959487e+01
  -2.8061342e+01
  -1.9317922e+01
  -7.7821010e+00
   4.5777060e+00
   1.5381094e+01
   2.2522317e+01
   2.4628062e+01
   2.1057450e+01
   1.2314031e+01
  -4.5777000e-01
  -1.5564202e+01
  -3.1036850e+01
  -4.4541085e+01
  -5.4291600e+01
  -5.8274205e+01
  -5.5481804e+01
  -4.5593957e+01
  -2.9388876e+01
  -9.1554130e+00
   1.2405585e+01
   3.1906615e+01
   4.6509499e+01
   5.4337377e+01
   5.4840924e+01
   4.8798352e+01
   3.7949188e+01
   2.4673838e+01
   1.1123827e+01
  -4.1199300e-01
  -8.5145340e+00
  -1.1856260e+01
  -9.7962920e+00
  -1.8768590e+00
   1.1352712e+01
   2.8747997e+01
   4.8249027e+01
   6.7109179e+01
   8.2444495e+01
   9.1874571e+01
   9.3797207e+01
   8.8120852e+01
   7.6081483e+01
   5.9876402e+01
   4.2252232e+01
   2.5864042e+01
   1.3000686e+01
   5.1270320e+00
   3.0212870e+00
   6.8665600e+00
   1.6113527e+01
   2.9709316e+01
   4.5914397e+01
   6.2577248e+01
   7.7042802e+01
   8.7251087e+01
   9.1416801e+01
   8.9036393e+01
   8.0750744e+01
   6.8345159e+01
   5.4154269e+01
   4.0604258e+01
   2.9800870e+01
   2.3071641e+01
   2.0874342e+01
   2.3025864e+01
   2.9159991e+01
   3.8406958e+01
   4.9713893e+01
   6.2027924e+01
   7.3884184e+01
   8.3634699e+01
   8.9860380e+01
   9.1554132e+01
   8.8441291e+01
   8.1116960e+01
   7.1183337e+01
   6.0517281e+01
   5.1087205e+01
   4.4357977e+01
   4.1062028e+01
   4.1062028e+01
   4.3671320e+01
   4.7699702e+01
   5.2048523e+01
   5.5390250e+01
   5.6717784e+01
   5.5344472e+01
   5.0812543e+01
   4.3442435e+01
   3.4241245e+01
   2.4856946e+01
   1.7578393e+01
   1.4602884e+01
   1.7761501e+01
   2.7557793e+01
   4.3167773e+01
   6.2439918e+01
   8.2490272e+01
   1.0020600e+02
   1.1325246e+02
   1.2048524e+02
   1.2204166e+02
   1.1924926e+02
   1.1403067e+02
   1.0817121e+02
   1.0336462e+02
   1.0048066e+02
   9.9748226e+01
   1.0112154e+02
   1.0382239e+02
   1.0720989e+02
   1.1013962e+02
   1.1165026e+02
   1.1073472e+02
   1.0693523e+02
   1.0011444e+02
   9.1096361e+01
   8.1162738e+01
   7.1824216e+01
   6.4682994e+01
   6.0608835e+01
   5.9876402e+01
   6.2027924e+01
   6.6239414e+01
   7.1686885e+01
   7.7683681e+01
   8.4138246e+01
   9.1096361e+01
   9.8649577e+01
   1.0666056e+02
   1.1439689e+02
   1.2103456e+02
   1.2538338e+02
   1.2666514e+02
   1.2465095e+02
   1.1943237e+02
   1.1174182e+02
   1.0263218e+02
   9.3110551e+01
   8.4092470e+01
   7.6356145e+01
   7.0634013e+01
   6.7521172e+01
   6.7383840e+01
   7.0313573e+01
   7.5898375e+01
   8.3085374e+01
   9.0272374e+01
   9.5628290e+01
   9.7550927e+01
   9.4895857e+01
   8.7434196e+01
   7.5623713e+01
   6.0654612e+01
   4.4220645e+01
   2.7924010e+01
   1.3229572e+01
   1.3733110e+00
  -6.8207830e+00
  -1.0803387e+01
  -1.0711834e+01
  -7.1412230e+00
  -1.3733120e+00
   4.7150380e+00
   9.0638590e+00
   9.7962920e+00
   5.8136870e+00
  -3.1586180e+00
  -1.5930419e+01
  -3.0533303e+01
  -4.4632639e+01
  -5.6031128e+01
  -6.3218128e+01
  -6.5598536e+01
  -6.3584344e+01
  -5.8319982e+01
  -5.1224536e+01
  -4.3945983e+01
  -3.8040741e+01
  -3.4744793e+01
  -3.5156787e+01
  -3.9871824e+01
  -4.8844129e+01
  -6.1249714e+01
  -7.5486382e+01
  -8.9265278e+01
  -1.0020600e+02
  -1.0638590e+02
  -1.0670634e+02
  -1.0153353e+02
  -9.2103457e+01
  -8.0613413e+01
  -6.9123369e+01
  -5.9327077e+01
  -5.2048524e+01
  -4.7287709e+01
  -4.4495308e+01
  -4.2893111e+01
  -4.1931793e+01
  -4.1245136e+01
  -4.0787365e+01
  -4.0512703e+01
  -4.0100709e+01
  -3.9002060e+01
  -3.6850538e+01
  -3.3142595e+01
  -2.8152895e+01
  -2.2339208e+01
  -1.6800183e+01
  -1.2726024e+01
  -1.0986496e+01
  -1.2268253e+01
  -1.6433967e+01
  -2.3071641e+01
  -3.1448844e+01
  -4.0833143e+01
  -5.0263218e+01
  -5.8777752e+01
  -6.5323873e+01
  -6.8848707e+01
  -6.8436713e+01
  -6.3813230e+01
  -5.5252918e+01
  -4.4083314e+01
  -3.2272831e+01
  -2.2110322e+01
  -1.5747311e+01
  -1.4465553e+01
  -1.8631266e+01
  -2.7420463e+01
  -3.9368277e+01
  -5.2506294e+01
  -6.5094988e+01
  -7.5440604e+01
  -8.2352941e+01
  -8.5099566e+01
  -8.3222705e+01
  -7.6768139e+01
  -6.6285192e+01
  -5.3009842e+01
  -3.8818952e+01
  -2.6001374e+01
  -1.7074846e+01
  -1.3870451e+01
  -1.7441062e+01
  -2.7649348e+01
  -4.3121996e+01
  -6.1844815e+01
  -8.1391623e+01
  -9.9336233e+01
  -1.1361868e+02
  -1.2277409e+02
  -1.2574960e+02
  -1.2190433e+02
  -1.1151293e+02
  -9.5445182e+01
  -7.5440604e+01
  -5.4062714e+01
  -3.4424353e+01
  -1.9546807e+01
  -1.1718929e+01
  -1.1947814e+01
  -1.9775692e+01
  -3.3417258e+01
  -5.0080110e+01
  -6.6742961e+01
  -8.0796521e+01
  -9.0272374e+01
  -9.4300755e+01
  -9.2561227e+01
  -8.5465782e+01
  -7.3701075e+01
  -5.8503090e+01
  -4.1199359e+01
  -2.3712520e+01
  -8.1025410e+00
   3.7079420e+00
   1.0208286e+01
   1.0803387e+01
   5.9510190e+00
  -2.9755090e+00
  -1.3824674e+01
  -2.4582285e+01
  -3.3279927e+01
  -3.8864728e+01
  -4.0787365e+01
  -3.9185169e+01
  -3.4561684e+01
  -2.7328908e+01
  -1.8265049e+01
  -8.1940940e+00
   1.9226370e+00
   1.0894942e+01
   1.7578393e+01
   2.1286335e+01
   2.1789883e+01
   1.9821469e+01
   1.6571297e+01
   1.3687342e+01
   1.2497139e+01
   1.3824674e+01
   1.7624170e+01
   2.3163195e+01
   2.9251545e+01
   3.4653239e+01
   3.8269627e+01
   3.9505607e+01
   3.8269627e+01
   3.4699015e+01
   2.9205768e+01
   2.2568093e+01
   1.5701534e+01
   9.8878460e+00
   6.5918970e+00
   7.0038910e+00
   1.2039368e+01
   2.1560998e+01
   3.4607462e+01
   4.9118791e+01
   6.2577249e+01
   7.2510872e+01
   7.6951247e+01
   7.5257496e+01
   6.7658504e+01
   5.5436027e+01
   4.0512704e+01
   2.4994278e+01
   1.0894942e+01
  -1.8310800e-01
  -6.8207820e+00
  -8.1483180e+00
  -3.7537200e+00
   5.9510190e+00
   1.9913024e+01
   3.5934996e+01
   5.1544976e+01
   6.3950561e+01
   7.0679789e+01
   7.0359350e+01
   6.2623026e+01
   4.8386358e+01
   2.9571984e+01
   8.4687570e+00
  -1.2497139e+01
  -3.1036851e+01
  -4.5273518e+01
  -5.3925383e+01
  -5.5893797e+01
  -5.0904097e+01
  -3.9459831e+01
  -2.2842756e+01
  -3.1586170e+00
   1.6571298e+01
   3.3279927e+01
   4.4357976e+01
   4.7974364e+01
   4.3579766e+01
   3.2043946e+01
   1.5243763e+01
  -4.3945980e+00
  -2.4170290e+01
  -4.1748684e+01
  -5.5161364e+01
  -6.3080796e+01
  -6.4728771e+01
  -6.0151064e+01
  -5.0034333e+01
  -3.5980773e+01
  -2.0279240e+01
  -5.6763560e+00
   5.2185860e+00
   1.0528726e+01
   9.2927440e+00
   2.1057450e+00
  -9.3385220e+00
  -2.2705425e+01
  -3.5477226e+01
  -4.5639735e+01
  -5.2140077e+01
  -5.4566262e+01
  -5.3421835e+01
  -4.9576562e+01
  -4.4037537e+01
  -3.7811856e+01
  -3.1906615e+01
  -2.7191577e+01
  -2.4582284e+01
  -2.4628061e+01
  -2.7374685e+01
  -3.2455940e+01
  -3.8864728e+01
  -4.5410849e+01
  -5.0904097e+01
  -5.4566263e+01
  -5.6305791e+01
  -5.6626230e+01
  -5.6397345e+01
  -5.6351568e+01
  -5.6946670e+01
  -5.8045319e+01
  -5.9098191e+01
  -5.9327077e+01
  -5.8411536e+01
  -5.6443122e+01
  -5.3833829e+01
  -5.1682307e+01
  -5.0766766e+01
  -5.1773861e+01
  -5.4932479e+01
  -6.0013733e+01
  -6.6514077e+01
  -7.4113069e+01
  -8.2124055e+01
  -9.0272373e+01
  -9.8008698e+01
  -1.0496681e+02
  -1.1041428e+02
  -1.1403067e+02
  -1.1544976e+02
  -1.1503777e+02
  -1.1329824e+02
  -1.1096361e+02
  -1.0853742e+02
  -1.0634012e+02
  -1.0395972e+02
  -1.0070954e+02
  -9.5994507e+01
  -8.9494163e+01
  -8.1528954e+01
  -7.3243305e+01
  -6.6056306e+01
  -6.1295491e+01
  -5.9922179e+01
  -6.1936370e+01
  -6.6926070e+01
  -7.3472190e+01
  -8.0384527e+01
  -8.6472877e+01
  -9.0638590e+01
  -9.2240788e+01
  -9.0547036e+01
  -8.4962234e+01
  -7.5028611e+01
  -6.0837720e+01
  -4.2984665e+01
  -2.3117418e+01
  -3.7537190e+00
   1.2497139e+01
   2.2980086e+01
   2.6001374e+01
   2.1149005e+01
   9.5674070e+00
  -6.5918980e+00
  -2.4536508e+01
  -4.1290913e+01
  -5.4383154e+01
  -6.2073701e+01
  -6.3355459e+01
  -5.8182650e+01
  -4.7196155e+01
  -3.1815061e+01
  -1.4099337e+01
   3.3417260e+00
   1.7715725e+01
   2.6550699e+01
   2.8198672e+01
   2.2247654e+01
   9.7505150e+00
  -7.2785530e+00
  -2.5909819e+01
  -4.3213550e+01
  -5.6763562e+01
  -6.5003433e+01
  -6.7246509e+01
  -6.3767453e+01
  -5.5298695e+01
  -4.3259327e+01
  -2.9068437e+01
  -1.4648661e+01
  -1.9684130e+00
   7.0496680e+00
   1.0849165e+01
   8.7891970e+00
   9.6131800e-01
  -1.1215381e+01
  -2.5680934e+01
  -4.0100709e+01
  -5.2323186e+01
  -6.0837720e+01
  -6.5278095e+01
  -6.5827421e+01
  -6.3263905e+01
  -5.8548867e+01
  -5.2552072e+01
  -4.6143282e+01
  -3.9871825e+01
  -3.4607461e+01
  -3.0991074e+01
  -2.9800870e+01
  -3.1265736e+01
  -3.5339895e+01
  -4.1199359e+01
  -4.7653925e+01
  -5.3421836e+01
  -5.7312886e+01
  -5.9006638e+01
  -5.8731976e+01
  -5.7267109e+01
  -5.5756466e+01
  -5.4932478e+01
  -5.5390249e+01
  -5.7038224e+01
  -5.9647516e+01
  -6.2806134e+01
  -6.6056306e+01
  -6.9214923e+01
  -7.1915771e+01
  -7.3792630e+01
  -7.4341955e+01
  -7.3060196e+01
  -6.9626917e+01
  -6.4225223e+01
  -5.7679103e+01
  -5.1270314e+01
  -4.6417945e+01
  -4.4357976e+01
  -4.5639734e+01
  -4.9942779e+01
  -5.6305791e+01
  -6.3401236e+01
  -6.9855802e+01
  -7.4662394e+01
  -7.7271687e+01
  -7.7546350e+01
  -7.5532158e+01
  -7.1229114e+01
  -6.4820325e+01
  -5.6443122e+01
  -4.6738384e+01
  -3.6667430e+01
  -2.7786679e+01
  -2.1469444e+01
  -1.9226367e+01
  -2.1560998e+01
  -2.8244449e+01
  -3.8178073e+01
  -4.9759671e+01
  -6.1112382e+01
  -7.0634012e+01
  -7.7042802e+01
  -7.9652094e+01
  -7.7958342e+01
  -7.1915770e+01
  -6.1844816e+01
  -4.8432135e+01
  -3.3005265e+01
  -1.7486840e+01
  -4.2114900e+00
   4.5777070e+00
   7.1412220e+00
   2.7466240e+00
  -7.9652090e+00
  -2.3254750e+01
  -4.0604258e+01
  -5.7129778e+01
  -7.0496681e+01
  -7.8828107e+01
  -8.1300068e+01
  -7.7729458e+01
  -6.8757152e+01
  -5.5298696e+01
  -3.9002060e+01
  -2.1789883e+01
  -5.9052420e+00
   6.4545670e+00
   1.3275349e+01
   1.3550012e+01
   7.4158840e+00
  -3.9826040e+00
  -1.8402380e+01
  -3.3096818e+01
  -4.5777066e+01
  -5.4657817e+01
  -5.9143969e+01
  -5.9189746e+01
  -5.5756466e+01
  -4.9897001e+01
  -4.2526895e+01
  -3.4744793e+01
  -2.7420463e+01
  -2.1332113e+01
  -1.7257953e+01
  -1.6021973e+01
  -1.7898833e+01
  -2.2522316e+01
  -2.9068437e+01
  -3.6163882e+01
  -4.2160677e+01
  -4.5960174e+01
  -4.7013047e+01
  -4.5456626e+01
  -4.2160677e+01
  -3.8086519e+01
  -3.4332799e+01
  -3.1448844e+01
  -2.9755093e+01
  -2.9159991e+01
  -2.9571984e+01
  -3.0899519e+01
  -3.2913710e+01
  -3.5523003e+01
  -3.8132296e+01
  -4.0009155e+01
  -4.0146487e+01
  -3.7903411e+01
  -3.2959487e+01
  -2.5772488e+01
  -1.7624170e+01
  -1.0025177e+01
  -4.6234840e+00
  -2.3804080e+00
  -3.7079420e+00
  -8.3314260e+00
  -1.5197986e+01
  -2.3254749e+01
  -3.1357290e+01
  -3.8544290e+01
  -4.4083314e+01
  -4.7196155e+01
  -4.7196155e+01
  -4.3625543e+01
  -3.6255436e+01
  -2.5543603e+01
  -1.2817578e+01
   1.8310800e-01
   1.1261159e+01
   1.8310826e+01
   2.0187686e+01
   1.6571298e+01
   8.2856490e+00
  -3.2043950e+00
  -1.5976196e+01
  -2.7924010e+01
  -3.7537193e+01
  -4.3488213e+01
  -4.4953078e+01
  -4.1611353e+01
  -3.3417258e+01
  -2.1149005e+01
  -6.1799040e+00
   9.4758530e+00
   2.3254750e+01
   3.2730602e+01
   3.6072328e+01
   3.2455940e+01
   2.2384985e+01
   7.5532160e+00
  -9.4758530e+00
  -2.5909819e+01
  -3.9414054e+01
  -4.8111696e+01
  -5.0904097e+01
  -4.7608148e+01
  -3.8406959e+01
  -2.4216067e+01
  -6.3630120e+00
   1.3138018e+01
   3.1906615e+01
   4.7470817e+01
   5.7312886e+01
   6.0013733e+01
   5.5024033e+01
   4.3305104e+01
   2.7008468e+01
   8.7434200e+00
  -8.4687570e+00
  -2.2339208e+01
  -3.1311513e+01
  -3.4882124e+01
  -3.3096818e+01
  -2.6825361e+01
  -1.7166399e+01
  -5.4016940e+00
   6.9581140e+00
   1.8219272e+01
   2.6688030e+01
   3.0991074e+01
   3.0350194e+01
   2.5040055e+01
   1.6159304e+01
   5.7221330e+00
  -4.1199360e+00
  -1.1306935e+01
  -1.4602884e+01
  -1.3778897e+01
  -9.4300760e+00
  -2.8839550e+00
   4.3488210e+00
   1.0986496e+01
   1.5747311e+01
   1.8081941e+01
   1.7441062e+01
   1.3733120e+01
   7.1869990e+00
  -1.5106440e+00
  -1.1123827e+01
  -2.0096132e+01
  -2.6733806e+01
  -2.9755093e+01
  -2.8427558e+01
  -2.3071642e+01
  -1.4969101e+01
  -5.9510190e+00
   2.1972990e+00
   7.9194320e+00
   1.0528725e+01
   9.9794010e+00
   6.9123370e+00
   2.1515230e+00
  -3.3875030e+00
  -9.0180810e+00
  -1.3962005e+01
  -1.7532616e+01
  -1.8860151e+01
  -1.7303731e+01
  -1.2405585e+01
  -4.3488220e+00
   6.0883500e+00
   1.7120622e+01
   2.6871138e+01
   3.3417258e+01
   3.5523003e+01
   3.2776379e+01
   2.5589380e+01
   1.5381094e+01
   3.7537200e+00
  -7.6447700e+00
  -1.7303731e+01
  -2.4032960e+01
  -2.6825361e+01
  -2.5177387e+01
  -1.8768597e+01
  -7.9652090e+00
   5.9967950e+00
   2.1377889e+01
   3.5706112e+01
   4.6372168e+01
   5.1224536e+01
   4.9027237e+01
   3.9826047e+01
   2.4811170e+01
   6.1341270e+00
  -1.3550012e+01
  -3.1677729e+01
  -4.5868620e+01
  -5.4474708e+01
  -5.6260014e+01
  -5.0720989e+01
  -3.8178072e+01
  -1.9638362e+01
   2.7924010e+00
   2.6276036e+01
   4.7287708e+01
   6.2668803e+01
   6.9810025e+01
   6.7612726e+01
   5.6580453e+01
   3.8818952e+01
   1.7441062e+01
  -3.8910500e+00
  -2.2110323e+01
  -3.4744793e+01
  -4.0512703e+01
  -3.9139391e+01
  -3.1265736e+01
  -1.8356604e+01
  -2.1972990e+00
   1.4923323e+01
   3.0441749e+01
   4.2069124e+01
   4.7837034e+01
   4.6875716e+01
   3.9505608e+01
   2.7237354e+01
   1.2680248e+01
  -1.3733120e+00
  -1.2405585e+01
  -1.8722820e+01
  -1.9958800e+01
  -1.6662852e+01
  -1.0391393e+01
  -2.9755100e+00
   3.8910510e+00
   8.7434200e+00
   1.0528725e+01
   8.8349730e+00
   3.5248340e+00
  -4.8065920e+00
  -1.4969100e+01
  -2.5406271e+01
  -3.3920806e+01
  -3.8590067e+01
  -3.7857634e+01
  -3.1357290e+01
  -1.9729915e+01
  -4.8065910e+00
   1.0894942e+01
   2.4811170e+01
   3.5111009e+01
   4.0695811e+01
   4.1611353e+01
   3.8727397e+01
   3.3279927e+01
   2.6596475e+01
   1.9775693e+01
   1.3916228e+01
   9.7047380e+00
   8.0567640e+00
   9.4758520e+00
   1.4328222e+01
   2.2293431e+01
   3.2410162e+01
   4.3121996e+01
   5.2552071e+01
   5.9006638e+01
   6.1249714e+01
   5.8915083e+01
   5.2506295e+01
   4.3121996e+01
   3.2089723e+01
   2.1011673e+01
   1.1078050e+01
   3.4790570e+00
  -9.6131900e-01
  -1.3733120e+00
   2.6092930e+00
   1.0986496e+01
   2.3025864e+01
   3.7170977e+01
   5.1270313e+01
   6.2851911e+01
   6.9855803e+01
   7.0862898e+01
   6.5690089e+01
   5.4978256e+01
   4.0558480e+01
   2.4536507e+01
   8.9265280e+00
  -4.2114900e+00
  -1.3412680e+01
  -1.7395285e+01
  -1.5426871e+01
  -7.1412220e+00
   7.0954450e+00
   2.6001374e+01
   4.7516595e+01
   6.8665599e+01
   8.6060883e+01
   9.6726940e+01
   9.8466468e+01
   9.0363928e+01
   7.2968643e+01
   4.8203250e+01
   1.8860151e+01
  -1.1627375e+01
  -3.9780270e+01
  -6.2302586e+01
  -7.6493477e+01
  -8.0384527e+01
  -7.3243305e+01
  -5.5664912e+01
  -2.9663538e+01
   1.0528730e+00
   3.2181277e+01
   5.9189746e+01
   7.8278782e+01
   8.7296864e+01
   8.5831998e+01
   7.5669490e+01
   5.9830625e+01
   4.1748684e+01
   2.4994278e+01
   1.2085145e+01
   4.4403760e+00
   2.6092930e+00
   6.2256810e+00
   1.4465553e+01
   2.6047150e+01
   3.9597162e+01
   5.3421835e+01
   6.5735867e+01
   7.4799725e+01
   7.9331655e+01
   7.8507668e+01
   7.2281987e+01
   6.1341268e+01
   4.6967270e+01
   3.0579080e+01
   1.3778897e+01
  -2.1057450e+00
  -1.5793087e+01
  -2.6138705e+01
  -3.2181278e+01
  -3.3325704e+01
  -2.9251545e+01
  -2.0599679e+01
  -8.6976430e+00
   4.4403750e+00
   1.6662852e+01
   2.6047150e+01
   3.1677729e+01
   3.3691921e+01
   3.3463035e+01
   3.2776379e+01
   3.3417258e+01
   3.6438544e+01
   4.1840238e+01
   4.8752575e+01
   5.5344472e+01
   5.9922179e+01
   6.0837721e+01
   5.7358663e+01
   4.9485008e+01
   3.7857633e+01
   2.3804074e+01
   8.8807510e+00
  -5.1728090e+00
  -1.6479744e+01
  -2.3529411e+01
  -2.5131609e+01
  -2.0965896e+01
  -1.1581597e+01
   1.4648660e+00
   1.5701534e+01
   2.8564889e+01
   3.7582971e+01
   4.1153582e+01
   3.8773175e+01
   3.0853742e+01
   1.8860151e+01
   4.5319290e+00
  -1.0070955e+01
  -2.3254750e+01
  -3.3188372e+01
  -3.8544290e+01
  -3.8269627e+01
  -3.1860838e+01
  -1.9546807e+01
  -2.6550700e+00
   1.6662852e+01
   3.5385672e+01
   5.0492103e+01
   5.9510186e+01
   6.0883497e+01
   5.5024032e+01
   4.3305104e+01
   2.8336004e+01
   1.3092241e+01
   1.8310800e-01
  -8.4687570e+00
  -1.1947815e+01
  -1.0254063e+01
  -4.1199350e+00
   5.1270320e+00
   1.5793088e+01
   2.5955596e+01
   3.3463035e+01
   3.6530098e+01
   3.3875028e+01
   2.5085832e+01
   1.0849164e+01
  -7.0954450e+00
  -2.6321813e+01
  -4.4403754e+01
  -5.9052415e+01
  -6.9169146e+01
  -7.4433509e+01
  -7.5532159e+01
  -7.3655299e+01
  -7.0084688e+01
  -6.6010529e+01
  -6.2485695e+01
  -6.0288395e+01
  -6.0105287e+01
  -6.2577249e+01
  -6.7887388e+01
  -7.5989929e+01
  -8.6152438e+01
  -9.7093156e+01
  -1.0711833e+02
  -1.1467155e+02
  -1.1869993e+02
  -1.1883726e+02
  -1.1544976e+02
  -1.0968185e+02
  -1.0276951e+02
  -9.5902953e+01
  -8.9951934e+01
  -8.5511558e+01
  -8.2948043e+01
  -8.2581827e+01
  -8.4733348e+01
  -8.9539941e+01
  -9.7001602e+01
  -1.0624857e+02
  -1.1599908e+02
  -1.2451362e+02
  -1.2991531e+02
  -1.3115129e+02
  -1.2762646e+02
  -1.1989014e+02
  -1.0931563e+02
  -9.7459373e+01
  -8.6060883e+01
  -7.6264591e+01
  -6.8894484e+01
  -6.4179446e+01
  -6.2439917e+01
  -6.3584344e+01
  -6.7658503e+01
  -7.4525063e+01
  -8.3634699e+01
  -9.4026093e+01
  -1.0460060e+02
  -1.1398489e+02
  -1.2103456e+02
  -1.2524605e+02
  -1.2648203e+02
  -1.2492561e+02
  -1.2103456e+02
  -1.1490043e+02
  -1.0675212e+02
  -9.6589608e+01
  -8.4412909e+01
  -7.0954452e+01
  -5.6992447e+01
  -4.3900206e+01
  -3.2593271e+01
  -2.3895629e+01
  -1.7624170e+01
  -1.3183795e+01
  -9.5216300e+00
  -5.6763560e+00
  -1.1902040e+00
   3.7994970e+00
   8.4687570e+00
   1.1947814e+01
   1.3458457e+01
   1.2726024e+01
   1.0162509e+01
   6.4545660e+00
   2.6550700e+00
  -2.7466200e-01
  -1.6021970e+00
  -5.9510100e-01
   3.2501720e+00
   1.0574503e+01
   2.1560998e+01
   3.6301213e+01
   5.3925383e+01
   7.2693980e+01
   9.0318151e+01
   1.0414282e+02
   1.1201648e+02
   1.1256581e+02
   1.0588235e+02
   9.3476768e+01
   7.8004120e+01
   6.2211032e+01
   4.8889907e+01
   4.0009156e+01
   3.6667430e+01
   3.9093614e+01
   4.6738384e+01
   5.8686198e+01
   7.3563744e+01
   8.9768826e+01
   1.0547036e+02
   1.1879149e+02
   1.2808423e+02
   1.3215839e+02
   1.3087663e+02
   1.2492561e+02
   1.1586175e+02
   1.0569924e+02
   9.6360724e+01
   8.9448387e+01
   8.5694667e+01
   8.5236896e+01
   8.7617304e+01
   9.2149233e+01
   9.8237583e+01
   1.0501259e+02
   1.1187915e+02
   1.1801327e+02
   1.2254521e+02
   1.2478828e+02
   1.2437629e+02
   1.2140078e+02
   1.1682307e+02
   1.1192493e+02
   1.0807965e+02
   1.0647746e+02
   1.0757610e+02
   1.1105516e+02
   1.1599908e+02
   1.2112612e+02
   1.2533761e+02
   1.2780957e+02
   1.2831312e+02
   1.2693980e+02
   1.2396429e+02
   1.1966125e+02
   1.1430533e+02
   1.0807965e+02
   1.0144198e+02
   9.4895857e+01
   8.9082170e+01
   8.4733348e+01
   8.2078279e+01
   8.1208514e+01
   8.1620508e+01
   8.2581826e+01
   8.3314259e+01
   8.3268483e+01
   8.2124055e+01
   7.9880980e+01
   7.6676585e+01
   7.2693980e+01
   6.8070496e+01
   6.3172351e+01
   5.8319981e+01
   5.4428931e+01
   5.2597849e+01
   5.4062714e+01
   5.9418631e+01
   6.8665599e+01
   8.0659190e+01
   9.3339436e+01
   1.0405127e+02
   1.1027695e+02
   1.1027695e+02
   1.0350195e+02
   9.0592813e+01
   7.3517967e+01
   5.4749370e+01
   3.6850538e+01
   2.2247654e+01
   1.2497139e+01
   8.6060880e+00
   1.0711833e+01
   1.8356603e+01
   3.0075532e+01
   4.3900206e+01
   5.7175555e+01
   6.7383841e+01
   7.2098878e+01
   6.9810025e+01
   6.0288395e+01
   4.4541085e+01
   2.4811170e+01
   3.7537190e+00
  -1.5747311e+01
  -3.1357290e+01
  -4.1382467e+01
  -4.5181964e+01
  -4.2572671e+01
  -3.4103914e+01
  -2.0920119e+01
  -4.5319290e+00
   1.2909133e+01
   2.8976882e+01
   4.1107805e+01
   4.7104601e+01
   4.5731289e+01
   3.6804760e+01
   2.1652552e+01
   2.7924010e+00
  -1.6983292e+01
  -3.4699016e+01
  -4.8249027e+01
  -5.6443122e+01
  -5.9052415e+01
  -5.6626230e+01
  -5.0217441e+01
  -4.1062028e+01
  -3.0579080e+01
  -2.0004578e+01
  -1.0711833e+01
  -4.0741590e+00
  -1.0986500e+00
  -2.3346310e+00
  -7.4158850e+00
  -1.5335317e+01
  -2.4444953e+01
  -3.2913710e+01
  -3.9139392e+01
  -4.2298009e+01
  -4.2389562e+01
  -3.9963379e+01
  -3.6026551e+01
  -3.1494621e+01
  -2.7328909e+01
  -2.3804075e+01
  -2.1423667e+01
  -2.0370794e+01
  -2.1011673e+01
  -2.3529412e+01
  -2.7924010e+01
  -3.3783475e+01
  -4.0146486e+01
  -4.5822843e+01
  -4.9576562e+01
  -5.0812543e+01
  -4.9256123e+01
  -4.5639734e+01
  -4.1107805e+01
  -3.6987869e+01
  -3.4241245e+01
  -3.3508812e+01
  -3.4653239e+01
  -3.7399862e+01
  -4.1336691e+01
  -4.5868620e+01
  -5.0812543e+01
  -5.5710689e+01
  -6.0105288e+01
  -6.3447013e+01
  -6.4820325e+01
  -6.3813229e+01
  -6.0196841e+01
  -5.4520485e+01
  -4.7928588e+01
  -4.1748684e+01
  -3.7445640e+01
  -3.5706111e+01
  -3.6713207e+01
  -3.9917601e+01
  -4.4266422e+01
  -4.8798352e+01
  -5.2460517e+01
  -5.4795148e+01
  -5.5344472e+01
  -5.3879607e+01
  -5.0125887e+01
  -4.3808652e+01
  -3.5111010e+01
  -2.4399176e+01
  -1.2817578e+01
  -2.0599680e+00
   6.0883500e+00
   1.0070954e+01
   9.0180820e+00
   3.1128400e+00
  -6.5461210e+00
  -1.8081941e+01
  -2.9526208e+01
  -3.8864729e+01
  -4.4724193e+01
  -4.6097505e+01
  -4.2618449e+01
  -3.4195468e+01
  -2.1423667e+01
  -5.1270310e+00
   1.3046464e+01
   3.0899519e+01
   4.5868620e+01
   5.5710689e+01
   5.8503090e+01
   5.3788052e+01
   4.2343786e+01
   2.6230259e+01
   8.2398720e+00
  -8.5145340e+00
  -2.1469444e+01
  -2.8885329e+01
  -2.9938201e+01
  -2.4811170e+01
  -1.4145113e+01
   6.4087900e-01
   1.7990387e+01
   3.5934997e+01
   5.2323186e+01
   6.4911880e+01
   7.2098878e+01
   7.2693980e+01
   6.6834516e+01
   5.5848020e+01
   4.1931792e+01
   2.7695125e+01
   1.5655757e+01
   7.5989930e+00
   4.3488210e+00
   5.7221330e+00
   1.0803387e+01
   1.8310827e+01
   2.6825360e+01
   3.5111009e+01
   4.2206455e+01
   4.7104600e+01
   4.9118792e+01
   4.7974365e+01
   4.3808652e+01
   3.7308308e+01
   2.9938200e+01
   2.3346303e+01
   1.9089036e+01
   1.8173495e+01
   2.0782788e+01
   2.6047150e+01
   3.2501717e+01
   3.8498512e+01
   4.2710003e+01
   4.4174868e+01
   4.2847333e+01
   3.9230946e+01
   3.3966583e+01
   2.7969787e+01
   2.2018768e+01
   1.6937514e+01
   1.3550011e+01
   1.2634470e+01
   1.4877546e+01
   2.0645457e+01
   2.9617762e+01
   4.0970474e+01
   5.2780957e+01
   6.3218128e+01
   7.0542459e+01
   7.3334860e+01
   7.1320668e+01
   6.4911879e+01
   5.5344473e+01
   4.3945983e+01
   3.2318608e+01
   2.1789883e+01
   1.3458457e+01
   8.5145340e+00
   7.7363240e+00
   1.1810483e+01
   2.0782788e+01
   3.3829251e+01
   4.9393454e+01
   6.5049211e+01
   7.8004120e+01
   8.5786221e+01
   8.6930647e+01
   8.0842298e+01
   6.8528267e+01
   5.1865416e+01
   3.3371481e+01
   1.5655756e+01
   1.0070950e+00
  -8.6976430e+00
  -1.2268254e+01
  -8.9723050e+00
   1.2359810e+00
   1.7486839e+01
   3.8269627e+01
   6.1112383e+01
   8.2948043e+01
   1.0070954e+02
   1.1165026e+02
   1.1421378e+02
   1.0803388e+02
   9.4300755e+01
   7.5120165e+01
   5.3192951e+01
   3.1586175e+01
   1.2726025e+01
  -1.4190890e+00
  -9.5674070e+00
  -1.1123827e+01
  -6.3172350e+00
   3.7994970e+00
   1.7486839e+01
   3.2364385e+01
   4.5685512e+01
   5.4886702e+01
   5.8182650e+01
   5.4932479e+01
   4.5914397e+01
   3.2822156e+01
   1.8356604e+01
   4.9897010e+00
  -5.1728090e+00
  -1.0849165e+01
  -1.1764706e+01
  -8.2398720e+00
  -1.2359810e+00
   8.1025410e+00
   1.8539711e+01
   2.8702221e+01
   3.7079423e+01
   4.2389563e+01
   4.3579766e+01
   4.0283818e+01
   3.2822156e+01
   2.2476540e+01
   1.1169604e+01
   9.1554100e-01
  -6.7292290e+00
  -1.0894942e+01
  -1.1627374e+01
  -9.9336230e+00
  -7.2785530e+00
  -5.2185860e+00
  -5.0354770e+00
  -7.5989930e+00
  -1.3183795e+01
  -2.1789883e+01
  -3.2776379e+01
  -4.5273518e+01
  -5.7862211e+01
  -6.8940261e+01
  -7.6676585e+01
  -7.9331654e+01
  -7.6127261e+01
  -6.7109178e+01
  -5.3513390e+01
  -3.7628748e+01
  -2.2201877e+01
  -9.7962920e+00
  -2.3346300e+00
  -5.0354800e-01
  -3.9368280e+00
  -1.1490043e+01
  -2.1560998e+01
  -3.2501717e+01
  -4.2847334e+01
  -5.1407645e+01
  -5.7038223e+01
  -5.8731975e+01
  -5.5848020e+01
  -4.8065919e+01
  -3.5889219e+01
  -2.0691233e+01
  -4.8065920e+00
   9.1554130e+00
   1.8585488e+01
   2.1423666e+01
   1.6891737e+01
   5.3101400e+00
  -1.1810483e+01
  -3.2135500e+01
  -5.3101396e+01
  -7.2098879e+01
  -8.6839094e+01
  -9.5719845e+01
  -9.7779812e+01
  -9.2973220e+01
  -8.2169833e+01
  -6.7292287e+01
  -5.1087205e+01
  -3.6575876e+01
  -2.6642252e+01
  -2.3071641e+01
  -2.6733806e+01
  -3.6667429e+01
  -5.1087206e+01
  -6.7200733e+01
  -8.2352942e+01
  -9.4254979e+01
  -1.0139620e+02
  -1.0299840e+02
  -9.8786908e+01
  -8.9036393e+01
  -7.4387732e+01
  -5.5893797e+01
  -3.5294117e+01
  -1.4694438e+01
   3.2959490e+00
   1.6205081e+01
   2.2293431e+01
   2.0782787e+01
   1.2497139e+01
  -6.8665600e-01
  -1.5976196e+01
  -3.0441749e+01
  -4.1657130e+01
  -4.8157473e+01
  -4.9210345e+01
  -4.5136186e+01
  -3.6758984e+01
  -2.5223164e+01
  -1.1902037e+01
   1.5564200e+00
   1.3595788e+01
   2.2430762e+01
   2.6779584e+01
   2.5955596e+01
   2.0325018e+01
   1.1215381e+01
   5.9510200e-01
  -9.0638590e+00
  -1.5701534e+01
  -1.8081941e+01
  -1.5838865e+01
  -9.7047380e+00
  -9.6131800e-01
   8.6976420e+00
   1.7807279e+01
   2.5314717e+01
   3.0350194e+01
   3.2501717e+01
   3.1448844e+01
   2.7420462e+01
   2.0965896e+01
   1.3046464e+01
   5.1728080e+00
  -1.1444270e+00
  -4.4403750e+00
  -4.0283820e+00
   4.5777000e-02
   6.7292280e+00
   1.4465553e+01
   2.1606775e+01
   2.6596476e+01
   2.8564889e+01
   2.7374685e+01
   2.3254750e+01
   1.6800183e+01
   8.6060880e+00
  -5.4932500e-01
  -9.7962920e+00
  -1.8127718e+01
  -2.4124514e+01
  -2.6367590e+01
  -2.3849851e+01
  -1.6113527e+01
  -3.8910510e+00
   1.1123827e+01
   2.6321812e+01
   3.8864728e+01
   4.6280613e+01
   4.6646830e+01
   3.9368276e+01
   2.4856947e+01
   4.6692610e+00
  -1.9043260e+01
  -4.3442435e+01
  -6.5552758e+01
  -8.2352941e+01
  -9.1416800e+01
  -9.0959030e+01
  -8.0659190e+01
  -6.1844816e+01
  -3.7125200e+01
  -1.0482948e+01
   1.3870451e+01
   3.2181277e+01
   4.1931792e+01
   4.2526894e+01
   3.4973678e+01
   2.1698329e+01
   5.8594640e+00
  -9.4758520e+00
  -2.1560998e+01
  -2.8427558e+01
  -2.9205768e+01
  -2.3529411e+01
  -1.1947815e+01
   4.3030440e+00
   2.3163195e+01
   4.2069124e+01
   5.8228427e+01
   6.8848707e+01
   7.2053101e+01
   6.7246510e+01
   5.5115587e+01
   3.7674525e+01
   1.7898833e+01
  -1.1444260e+00
  -1.6754406e+01
  -2.6916915e+01
  -3.0807965e+01
  -2.8198672e+01
  -1.9775693e+01
  -6.8665600e+00
   9.0180820e+00
   2.5635156e+01
   4.0787365e+01
   5.2231632e+01
   5.8091096e+01
   5.7267110e+01
   4.9942779e+01
   3.7216755e+01
   2.1332113e+01
   4.9439230e+00
  -9.6589610e+00
  -2.0508125e+01
  -2.6733807e+01
  -2.8244449e+01
  -2.5589380e+01
  -1.9546808e+01
  -1.1215381e+01
  -1.5106430e+00
   8.6060880e+00
   1.7853055e+01
   2.5040055e+01
   2.9114213e+01
   2.9480431e+01
   2.6001374e+01
   1.9638361e+01
   1.1856260e+01
   4.2572670e+00
  -1.4648660e+00
  -4.5319290e+00
  -4.7608150e+00
  -2.7466240e+00
   5.0354800e-01
   3.8910500e+00
   6.5003430e+00
   7.7821010e+00
   7.4158840e+00
   5.2185850e+00
   1.2817580e+00
  -4.2572670e+00
  -1.0757610e+01
  -1.7349508e+01
  -2.2659647e+01
  -2.5314717e+01
  -2.3987182e+01
  -1.8310827e+01
  -8.6976420e+00
   3.1128400e+00
   1.5014877e+01
   2.4307622e+01
   2.8976882e+01
   2.7466240e+01
   1.9501030e+01
   5.7221330e+00
  -1.2451362e+01
  -3.2959487e+01
  -5.3467613e+01
  -7.1641107e+01
  -8.4870680e+01
  -9.1416800e+01
  -8.9814603e+01
  -8.0018310e+01
  -6.3126574e+01
  -4.1519798e+01
  -1.8814374e+01
   1.4648660e+00
   1.5884642e+01
   2.2476539e+01
   2.0599680e+01
   1.1306935e+01
  -3.2501720e+00
  -2.0325017e+01
  -3.7033646e+01
  -5.0858320e+01
  -6.0013733e+01
  -6.3172351e+01
  -5.9830624e+01
  -4.9942779e+01
  -3.4470131e+01
  -1.4923324e+01
   6.0425730e+00
   2.5497825e+01
   4.0604257e+01
   4.8844129e+01
   4.9164569e+01
   4.1794461e+01
   2.8473335e+01
   1.1902037e+01
  -4.8065920e+00
  -1.8905928e+01
  -2.8152896e+01
  -3.1311513e+01
  -2.8015564e+01
  -1.8585488e+01
  -4.1657130e+00
   1.3595788e+01
   3.2547493e+01
   5.0171664e+01
   6.3767452e+01
   7.1137560e+01
   7.0954451e+01
   6.3218128e+01
   4.9210346e+01
   3.1403067e+01
   1.3046464e+01
  -2.9297320e+00
  -1.4007782e+01
  -1.8860151e+01
  -1.7166400e+01
  -9.7047380e+00
   2.1515220e+00
   1.6525520e+01
   3.1448845e+01
   4.5136186e+01
   5.5527581e+01
   6.1112382e+01
   6.0975051e+01
   5.4840925e+01
   4.3579767e+01
   2.9068437e+01
   1.3458457e+01
  -5.9510100e-01
  -1.1215381e+01
  -1.7349508e+01
  -1.8860151e+01
  -1.6662852e+01
  -1.1993591e+01
  -6.2714580e+00
  -5.4932500e-01
   4.4403750e+00
   8.1940940e+00
   1.0437171e+01
   1.1032273e+01
   9.8420690e+00
   6.9581140e+00
   2.8839550e+00
  -1.5564200e+00
  -5.2643620e+00
  -7.1412220e+00
  -6.6376740e+00
  -3.9368270e+00
   3.2044000e-01
   4.7608150e+00
   8.1940940e+00
   9.5674070e+00
   8.6060890e+00
   5.5390250e+00
   9.1554100e-01
  -4.3945980e+00
  -9.7505150e+00
  -1.4740215e+01
  -1.8905928e+01
  -2.1744106e+01
  -2.2796979e+01
  -2.1469444e+01
  -1.7395285e+01
  -1.0620279e+01
  -2.0141910e+00
   7.0038910e+00
   1.4740215e+01
   1.9317922e+01
   1.9684138e+01
   1.5381094e+01
   6.8665600e+00
  -4.4403760e+00
  -1.7166400e+01
  -2.9388876e+01
  -3.9688715e+01
  -4.6601052e+01
  -4.9027237e+01
  -4.6280613e+01
  -3.7994964e+01
  -2.4673838e+01
  -7.5989930e+00
   1.1169604e+01
   2.8702221e+01
   4.2206454e+01
   4.9256122e+01
   4.8523690e+01
   4.0238041e+01
   2.5772488e+01
   7.5989930e+00
  -1.1261158e+01
  -2.8290226e+01
  -4.1107805e+01
  -4.8249027e+01
  -4.8889907e+01
  -4.2984665e+01
  -3.1036851e+01
  -1.4236667e+01
   5.4932480e+00
   2.5680934e+01
   4.3579767e+01
   5.6351568e+01
   6.1936370e+01
   5.9510186e+01
   4.9347677e+01
   3.3188373e+01
   1.3550011e+01
  -6.5461210e+00
  -2.4490730e+01
  -3.8223850e+01
  -4.6234836e+01
  -4.7974365e+01
  -4.3488212e+01
  -3.3417258e+01
  -1.9043259e+01
  -2.1515230e+00
   1.4831769e+01
   2.9480430e+01
   3.9368276e+01
   4.2938887e+01
   3.9826047e+01
   3.0807965e+01
   1.7853056e+01
   3.5248340e+00
  -9.6589610e+00
  -1.9775693e+01
  -2.5818265e+01
  -2.7649348e+01
  -2.5635157e+01
  -2.0737011e+01
  -1.3870450e+01
  -5.9052420e+00
   2.2430760e+00
   9.6131840e+00
   1.5243763e+01
   1.8265050e+01
   1.8173495e+01
   1.5014878e+01
   9.5216300e+00
   2.9297330e+00
  -3.2959490e+00
  -7.8736560e+00
  -1.0208285e+01
  -1.0208286e+01
  -8.5145340e+00
  -5.9967950e+00
  -3.4332800e+00
  -1.6021970e+00
  -7.3243300e-01
  -8.2398800e-01
  -1.9684140e+00
  -4.1199360e+00
  -7.4158850e+00
  -1.1627374e+01
  -1.6479744e+01
  -2.1286336e+01
  -2.5314717e+01
  -2.7832456e+01
  -2.8610666e+01
  -2.8015564e+01
  -2.6688029e+01
  -2.5772488e+01
  -2.6184481e+01
  -2.8427557e+01
  -3.2364386e+01
  -3.7354086e+01
  -4.2572671e+01
  -4.7150378e+01
  -5.0492104e+01
  -5.2277409e+01
  -5.2231632e+01
  -5.0125887e+01
  -4.5410849e+01
  -3.7582971e+01
  -2.6367589e+01
  -1.2130922e+01
   3.9826050e+00
   2.0141909e+01
   3.3920806e+01
   4.3213550e+01
   4.6555276e+01
   4.3808652e+01
   3.5797666e+01
   2.4490730e+01
   1.2130922e+01
   1.1444270e+00
  -6.6834520e+00
  -9.9794010e+00
  -8.1025400e+00
  -8.2398700e-01
   1.1627375e+01
   2.8381780e+01
   4.8020142e+01
   6.8482490e+01
   8.7342641e+01
   1.0208286e+02
   1.1078050e+02
   1.1233692e+02
   1.0693523e+02
   9.6086061e+01
   8.1895170e+01
   6.6880293e+01
   5.3238727e+01
   4.2664226e+01
   3.6118105e+01
   3.3920806e+01
   3.5934997e+01
   4.1931793e+01
   5.1224537e+01
   6.2897688e+01
   7.5944152e+01
   8.8670176e+01
   9.9610894e+01
   1.0730144e+02
   1.1110094e+02
   1.1082628e+02
   1.0716411e+02
   1.0135042e+02
   9.4621195e+01
   8.8258182e+01
   8.3085374e+01
   7.9468986e+01
   7.7592126e+01
   7.7363242e+01
   7.8644999e+01
   8.1208514e+01
   8.4687571e+01
   8.8258183e+01
   9.0959029e+01
   9.1920348e+01
   9.0547035e+01
   8.6747540e+01
   8.1116960e+01
   7.4845503e+01
   6.9214923e+01
   6.5232319e+01
   6.3584344e+01
   6.3767452e+01
   6.5323873e+01
   6.7109179e+01
   6.8299382e+01
   6.8619822e+01
   6.7933166e+01
   6.6605631e+01
   6.4957656e+01
   6.3218128e+01
   6.1249713e+01
   5.8869306e+01
   5.5939574e+01
   5.2231632e+01
   4.7837034e+01
   4.2801557e+01
   3.7262531e+01
   3.1174182e+01
   2.4444953e+01
   1.7074846e+01
   9.2469670e+00
   1.6021970e+00
  -5.0812540e+00
  -9.8420690e+00
  -1.2039368e+01
  -1.1444266e+01
  -8.3314250e+00
  -3.4332800e+00
