   9.9742871e-01
   9.0205703e-01
   7.9967275e-01
   7.0827489e-01
   6.4258999e-01
   6.0869565e-01
   6.0612436e-01
   6.2762973e-01
   6.6199158e-01
   6.9845722e-01
   7.2791024e-01
   7.4497429e-01
   7.4964937e-01
   7.4380552e-01
   7.3165031e-01
   7.1762506e-01
   7.0476858e-01
   6.9588593e-01
   6.9144460e-01
   6.9121085e-01
   6.9448340e-01
   6.9962599e-01
   7.0476858e-01
   7.0897616e-01
   7.1061244e-01
   7.0944367e-01
   7.0546985e-01
   6.9962599e-01
   6.9378214e-01
   6.8934081e-01
   6.8723703e-01
   6.8817204e-01
   6.9121085e-01
   6.9565217e-01
   6.9939224e-01
   7.0126227e-01
   7.0032726e-01
   6.9705470e-01
   6.9167835e-01
   6.8560074e-01
   6.7975690e-01
   6.7484806e-01
   6.7157550e-01
   6.7017298e-01
   6.7040673e-01
   6.7251052e-01
   6.7554932e-01
   6.7905563e-01
   6.8232819e-01
   6.8466573e-01
   6.8536699e-01
   6.8466573e-01
   6.8279569e-01
   6.8069191e-01
   6.7952314e-01
   6.7999065e-01
   6.8232819e-01
   6.8630201e-01
   6.9074333e-01
   6.9424965e-01
   6.9658719e-01
   6.9658719e-01
   6.9541842e-01
   6.9354839e-01
   6.9284712e-01
   6.9401590e-01
   6.9798971e-01
   7.0430108e-01
   7.1294997e-01
   7.2253389e-01
   7.3211781e-01
   7.4076671e-01
   7.4707807e-01
   7.4964937e-01
   7.4824684e-01
   7.4146797e-01
   7.2954651e-01
   7.1365124e-01
   6.9541842e-01
   6.7741936e-01
   6.6222534e-01
   6.5194016e-01
   6.4796634e-01
   6.4936886e-01
   6.5614773e-01
   6.6549790e-01
   6.7578308e-01
   6.8489948e-01
   6.9167835e-01
   6.9588593e-01
   6.9728845e-01
   6.9588593e-01
   6.9214587e-01
   6.8630201e-01
   6.7858812e-01
   6.7040673e-01
   6.6222533e-01
   6.5544647e-01
   6.5053764e-01
   6.4820009e-01
   6.4796634e-01
   6.4936887e-01
   6.5194016e-01
   6.5474521e-01
   6.5801777e-01
   6.6129032e-01
   6.6549789e-01
   6.6947172e-01
   6.7367929e-01
   6.7648434e-01
   6.7741936e-01
   6.7554932e-01
   6.7087424e-01
   6.6456288e-01
   6.5755026e-01
   6.5194016e-01
   6.4936886e-01
   6.5077139e-01
   6.5591398e-01
   6.6409537e-01
   6.7391304e-01
   6.8396447e-01
   6.9191211e-01
   6.9705470e-01
   6.9822347e-01
   6.9565218e-01
   6.8957457e-01
   6.8162693e-01
   6.7344553e-01
   6.6783543e-01
   6.6690042e-01
   6.7204301e-01
   6.8373071e-01
   7.0102852e-01
   7.2136513e-01
   7.4100047e-01
   7.5666199e-01
   7.6554465e-01
   7.6601215e-01
   7.5806452e-01
   7.4380551e-01
   7.2510519e-01
   7.0476858e-01
   6.8560075e-01
   6.6947172e-01
   6.5778401e-01
   6.5123890e-01
   6.5053763e-01
   6.5521272e-01
   6.6479663e-01
   6.7812062e-01
   6.9331463e-01
   7.0850865e-01
   7.2183263e-01
   7.3141655e-01
   7.3702665e-01
   7.3796166e-01
   7.3515662e-01
   7.2954652e-01
   7.2183263e-01
   7.1248247e-01
   7.0266480e-01
   6.9237961e-01
   6.8256194e-01
   6.7391304e-01
   6.6760168e-01
   6.6432912e-01
   6.6456288e-01
   6.6783543e-01
   6.7367929e-01
   6.8022440e-01
   6.8700327e-01
   6.9261337e-01
   6.9682095e-01
   6.9915848e-01
   6.9962600e-01
   6.9775596e-01
   6.9331463e-01
   6.8606826e-01
   6.7601683e-01
   6.6339411e-01
   6.4936886e-01
   6.3581112e-01
   6.2505844e-01
   6.1874707e-01
   6.1781206e-01
   6.2272090e-01
   6.3230481e-01
   6.4586255e-01
   6.6105657e-01
   6.7625058e-01
   6.9027583e-01
   7.0126227e-01
   7.0850865e-01
   7.1107994e-01
   7.0897616e-01
   7.0266479e-01
   6.9331463e-01
   6.8256194e-01
   6.7274427e-01
   6.6456288e-01
   6.5988780e-01
   6.5778401e-01
   6.5848527e-01
   6.5988780e-01
   6.6082281e-01
   6.6058906e-01
   6.5895278e-01
   6.5661524e-01
   6.5474521e-01
   6.5404395e-01
   6.5521272e-01
   6.5801777e-01
   6.6245909e-01
   6.6713418e-01
   6.7204301e-01
   6.7625058e-01
   6.7858813e-01
   6.7928939e-01
   6.7741935e-01
   6.7297803e-01
   6.6596540e-01
   6.5708275e-01
   6.4726507e-01
   6.3791491e-01
   6.3136980e-01
   6.2879851e-01
   6.3113605e-01
   6.3814867e-01
   6.4890135e-01
   6.6152407e-01
   6.7461430e-01
   6.8606826e-01
   6.9518466e-01
   7.0126227e-01
   7.0406732e-01
   7.0359981e-01
   6.9939224e-01
   6.9237962e-01
   6.8256195e-01
   6.7064048e-01
   6.5825151e-01
   6.4703132e-01
   6.3768116e-01
   6.3183730e-01
   6.2879851e-01
   6.2833100e-01
   6.2949977e-01
   6.3113604e-01
   6.3277232e-01
   6.3394109e-01
   6.3487611e-01
   6.3627864e-01
   6.3814867e-01
   6.4048621e-01
   6.4329126e-01
   6.4586255e-01
   6.4773259e-01
   6.4890136e-01
   6.4936886e-01
   6.4820009e-01
   6.4609631e-01
   6.4259000e-01
   6.3744740e-01
   6.3113604e-01
   6.2412342e-01
   6.1734456e-01
   6.1220196e-01
   6.1009817e-01
   6.1196821e-01
   6.1757831e-01
   6.2622721e-01
   6.3651238e-01
   6.4586256e-01
   6.5334269e-01
   6.5801777e-01
   6.5942029e-01
   6.5801777e-01
   6.5474521e-01
   6.5077139e-01
   6.4586255e-01
   6.4025245e-01
   6.3464235e-01
   6.2903225e-01
   6.2365591e-01
   6.1944834e-01
   6.1734455e-01
   6.1734456e-01
   6.1991585e-01
   6.2482468e-01
   6.3113604e-01
   6.3838242e-01
   6.4562880e-01
   6.5264142e-01
   6.5848527e-01
   6.6245909e-01
   6.6339411e-01
   6.6129032e-01
   6.5544647e-01
   6.4586255e-01
   6.3370734e-01
   6.2108462e-01
   6.0939691e-01
   6.0098176e-01
   5.9677420e-01
   5.9700794e-01
   6.0144927e-01
   6.0846190e-01
   6.1734455e-01
   6.2646096e-01
   6.3510986e-01
   6.4282375e-01
   6.4890135e-01
   6.5287517e-01
   6.5451145e-01
   6.5310893e-01
   6.4890135e-01
   6.4235624e-01
   6.3510986e-01
   6.2856475e-01
   6.2459093e-01
   6.2388967e-01
   6.2762974e-01
   6.3464235e-01
   6.4422627e-01
   6.5521272e-01
   6.6549790e-01
   6.7414680e-01
   6.8022440e-01
   6.8256194e-01
   6.8115942e-01
   6.7578308e-01
   6.6690042e-01
   6.5474521e-01
   6.4142123e-01
   6.2833100e-01
   6.1757831e-01
   6.1056568e-01
   6.0846189e-01
   6.1079944e-01
   6.1664329e-01
   6.2412342e-01
   6.3183730e-01
   6.3838242e-01
   6.4235624e-01
   6.4399251e-01
   6.4375877e-01
   6.4188873e-01
   6.3931743e-01
   6.3674614e-01
   6.3487611e-01
   6.3394109e-01
   6.3464235e-01
   6.3697990e-01
   6.4025245e-01
   6.4399252e-01
   6.4586255e-01
   6.4516129e-01
   6.4001870e-01
   6.3066854e-01
   6.1711080e-01
   6.0215054e-01
   5.8765778e-01
   5.7597008e-01
   5.6965872e-01
   5.6848994e-01
   5.7316503e-01
   5.8181393e-01
   5.9303412e-01
   6.0495559e-01
   6.1594203e-01
   6.2482468e-01
   6.3090229e-01
   6.3370734e-01
   6.3300607e-01
   6.2926601e-01
   6.2295465e-01
   6.1570827e-01
   6.0869565e-01
   6.0331931e-01
   6.0098177e-01
   6.0121552e-01
   6.0378682e-01
   6.0799439e-01
   6.1150070e-01
   6.1407200e-01
   6.1500701e-01
   6.1453951e-01
   6.1313698e-01
   6.1196821e-01
   6.1079944e-01
   6.1033193e-01
   6.0986443e-01
   6.0869565e-01
   6.0659186e-01
   6.0402057e-01
   6.0098177e-01
   5.9864423e-01
   5.9770921e-01
   5.9770921e-01
   5.9957925e-01
   6.0285180e-01
   6.0635811e-01
   6.1033193e-01
   6.1360449e-01
   6.1594203e-01
   6.1640954e-01
   6.1477325e-01
   6.1033193e-01
   6.0285180e-01
   5.9303412e-01
   5.8204768e-01
   5.7129500e-01
   5.6287985e-01
   5.5867228e-01
   5.5913978e-01
   5.6451613e-01
   5.7316503e-01
   5.8368396e-01
   5.9420290e-01
   6.0308555e-01
   6.0939691e-01
   6.1243572e-01
   6.1243572e-01
   6.0916316e-01
   6.0308555e-01
   5.9420290e-01
   5.8368396e-01
   5.7199626e-01
   5.6124357e-01
   5.5306218e-01
   5.4932211e-01
   5.5119215e-01
   5.5843852e-01
   5.7106125e-01
   5.8672276e-01
   6.0355306e-01
   6.1991585e-01
   6.3370734e-01
   6.4375876e-01
   6.4890136e-01
   6.4936886e-01
   6.4492754e-01
   6.3604488e-01
   6.2435718e-01
   6.1103319e-01
   5.9841047e-01
   5.8859280e-01
   5.8298270e-01
   5.8274894e-01
   5.8742403e-01
   5.9630668e-01
   6.0729312e-01
   6.1874708e-01
   6.2903226e-01
   6.3744740e-01
   6.4329126e-01
   6.4679757e-01
   6.4703132e-01
   6.4446003e-01
   6.3884993e-01
   6.2973352e-01
   6.1757830e-01
   6.0378682e-01
   5.8952782e-01
   5.7643759e-01
   5.6615241e-01
   5.6030856e-01
   5.5890603e-01
   5.6217859e-01
   5.6942496e-01
   5.7971015e-01
   5.9186536e-01
   6.0495559e-01
   6.1804582e-01
   6.2926601e-01
   6.3744740e-01
   6.4165498e-01
   6.4165498e-01
   6.3721365e-01
   6.2926601e-01
   6.1944834e-01
   6.0986442e-01
   6.0098177e-01
   5.9467041e-01
   5.9116409e-01
   5.9046283e-01
   5.9233286e-01
   5.9607293e-01
   6.0168303e-01
   6.0776064e-01
   6.1266947e-01
   6.1524077e-01
   6.1360449e-01
   6.0822814e-01
   5.9934549e-01
   5.9093034e-01
   5.8812529e-01
   5.9607293e-01
   6.1874708e-01
   6.5568023e-01
   7.0149603e-01
   7.4520804e-01
   7.7208976e-01
   7.6718092e-01
   7.1926134e-01
   6.2529219e-01
   4.9251987e-01
   3.3894343e-01
   1.8887330e-01
   6.9424962e-02
   2.3375376e-03
   0.0000000e+00
   6.0776058e-02
   1.7204301e-01
   3.0995792e-01
   4.4927536e-01
   5.6732118e-01
   6.5007013e-01
   6.9378214e-01
   7.0570360e-01
   6.9798971e-01
   6.8396447e-01
   6.7344553e-01
   6.6736793e-01
   6.6058906e-01
   6.4375877e-01
   6.0846190e-01
   5.5049088e-01
   4.7639084e-01
   4.0065451e-01
   3.4315101e-01
   3.2445068e-01
   3.5741000e-01
   4.4413277e-01
   5.7269752e-01
   7.1996260e-01
   8.5694249e-01
   9.5628798e-01
   1.0000000e+00
   9.8316970e-01
   9.1467976e-01
   8.1439925e-01
   7.0687237e-01
   6.1430575e-01
   5.5236092e-01
   5.2547919e-01
   5.2945301e-01
   5.5259467e-01
   5.8181393e-01
   6.0612436e-01
   6.2014960e-01
   6.2505844e-01
   6.2552594e-01
   6.3043478e-01
   6.4633006e-01
   6.7695185e-01
   7.2183263e-01
   7.7489481e-01
   8.2772324e-01
   8.7003272e-01
   8.9387564e-01
   8.9387564e-01
   8.6979897e-01
   8.2608696e-01
   7.7045349e-01
   7.1248247e-01
   6.6105657e-01
   6.2318841e-01
   6.0191678e-01
   5.9630669e-01
   6.0261804e-01
   6.1524077e-01
   6.2809724e-01
   6.3651239e-01
   6.3814867e-01
   6.3323983e-01
   6.2365591e-01
   6.1243572e-01
   6.0285180e-01
   5.9654044e-01
   5.9490416e-01
   5.9747546e-01
   6.0331931e-01
   6.1126695e-01
   6.2038336e-01
   6.2926601e-01
   6.3744740e-01
   6.4446003e-01
   6.4936886e-01
   6.5240767e-01
   6.5334269e-01
   6.5287517e-01
   6.5194016e-01
   6.5053764e-01
   6.4960262e-01
   6.4936886e-01
   6.4890135e-01
   6.4843385e-01
   6.4679757e-01
   6.4399252e-01
   6.4071996e-01
   6.3744740e-01
   6.3510987e-01
   6.3370734e-01
   6.3394109e-01
   6.3440860e-01
   6.3464235e-01
   6.3370734e-01
   6.3113604e-01
   6.2692847e-01
   6.2155213e-01
   6.1640954e-01
   6.1220196e-01
   6.0869565e-01
   6.0705938e-01
   6.0635811e-01
   6.0682562e-01
   6.0822814e-01
   6.1056568e-01
   6.1337073e-01
   6.1734455e-01
   6.2131838e-01
   6.2505844e-01
   6.2739598e-01
   6.2833100e-01
   6.2809724e-01
   6.2739598e-01
   6.2692847e-01
   6.2739598e-01
   6.2949977e-01
   6.3300608e-01
   6.3721365e-01
   6.4118747e-01
   6.4446003e-01
   6.4703132e-01
   6.4866761e-01
   6.5030388e-01
   6.5194016e-01
   6.5404395e-01
   6.5638148e-01
   6.5848527e-01
   6.5942029e-01
   6.5871903e-01
   6.5731650e-01
   6.5451145e-01
   6.5147265e-01
   6.4866760e-01
   6.4609630e-01
   6.4399252e-01
   6.4235624e-01
   6.4071996e-01
   6.3978495e-01
   6.3931743e-01
   6.4001870e-01
   6.4142122e-01
   6.4399252e-01
   6.4633006e-01
   6.4796634e-01
   6.4843385e-01
   6.4726508e-01
   6.4492754e-01
   6.4188873e-01
   6.3931743e-01
   6.3744740e-01
   6.3627864e-01
   6.3557737e-01
   6.3464235e-01
   6.3300608e-01
   6.3020103e-01
   6.2599345e-01
   6.2201963e-01
   6.1804582e-01
   6.1500701e-01
   6.1313698e-01
   6.1196821e-01
   6.1173446e-01
   6.1196821e-01
   6.1266947e-01
   6.1430575e-01
   6.1664329e-01
   6.1944834e-01
   6.2295465e-01
   6.2575970e-01
   6.2739598e-01
   6.2762973e-01
   6.2599346e-01
   6.2365591e-01
   6.2038336e-01
   6.1781206e-01
   6.1547452e-01
   6.1360449e-01
   6.1173446e-01
   6.0963067e-01
   6.0635811e-01
   6.0261804e-01
   5.9887798e-01
   5.9583917e-01
   5.9420290e-01
   5.9443665e-01
   5.9607293e-01
   5.9887798e-01
   6.0168303e-01
   6.0472183e-01
   6.0752688e-01
   6.0986442e-01
   6.1220196e-01
   6.1453950e-01
   6.1640954e-01
   6.1711080e-01
   6.1687704e-01
   6.1570827e-01
   6.1430575e-01
   6.1290322e-01
   6.1337073e-01
   6.1524077e-01
   6.1898083e-01
   6.2435717e-01
   6.2949976e-01
   6.3370734e-01
   6.3651239e-01
   6.3768116e-01
   6.3744740e-01
   6.3674614e-01
   6.3604488e-01
   6.3604488e-01
   6.3604488e-01
   6.3604488e-01
   6.3581113e-01
   6.3510987e-01
   6.3417485e-01
   6.3347359e-01
   6.3253857e-01
   6.3160355e-01
   6.3066854e-01
   6.2903226e-01
   6.2692847e-01
   6.2459093e-01
   6.2248714e-01
   6.2178588e-01
   6.2295465e-01
   6.2622721e-01
   6.3136980e-01
   6.3768116e-01
   6.4375877e-01
   6.4890135e-01
   6.5287517e-01
   6.5474521e-01
   6.5544647e-01
   6.5544647e-01
   6.5451145e-01
   6.5334269e-01
   6.5240767e-01
   6.5100514e-01
   6.5030388e-01
   6.5077139e-01
   6.5264142e-01
   6.5708275e-01
   6.6339411e-01
   6.7110799e-01
   6.7835437e-01
   6.8396447e-01
   6.8630201e-01
   6.8513324e-01
   6.8022440e-01
   6.7251052e-01
   6.6386161e-01
   6.5497896e-01
   6.4726508e-01
   6.4095372e-01
   6.3744740e-01
   6.3604488e-01
   6.3721365e-01
   6.4118747e-01
   6.4796634e-01
   6.5661524e-01
   6.6666666e-01
   6.7648434e-01
   6.8513324e-01
   6.9121085e-01
   6.9471716e-01
   6.9541842e-01
   6.9401590e-01
   6.9121085e-01
   6.8793829e-01
   6.8419822e-01
   6.8022440e-01
   6.7625058e-01
   6.7227677e-01
   6.6830295e-01
   6.6526414e-01
   6.6316035e-01
   6.6269285e-01
   6.6269285e-01
   6.6316036e-01
   6.6292660e-01
   6.6222534e-01
   6.6035530e-01
   6.5848527e-01
   6.5708275e-01
   6.5684900e-01
   6.5895278e-01
   6.6222534e-01
   6.6643291e-01
   6.7087424e-01
   6.7391304e-01
   6.7531556e-01
   6.7508181e-01
   6.7367929e-01
   6.7110800e-01
   6.6783543e-01
   6.6432913e-01
   6.6082282e-01
   6.5708275e-01
   6.5357643e-01
   6.5123890e-01
   6.4960262e-01
   6.4983637e-01
   6.5077139e-01
   6.5264142e-01
   6.5451145e-01
   6.5497896e-01
   6.5381019e-01
   6.5170640e-01
   6.4913511e-01
   6.4656382e-01
   6.4539504e-01
   6.4539505e-01
   6.4633006e-01
   6.4796634e-01
   6.4936886e-01
   6.4983637e-01
   6.4936887e-01
   6.4843385e-01
   6.4703132e-01
   6.4609630e-01
   6.4492754e-01
   6.4422627e-01
   6.4235624e-01
   6.4025245e-01
   6.3697990e-01
   6.3347358e-01
   6.3043478e-01
   6.2809724e-01
   6.2692847e-01
   6.2646096e-01
   6.2692847e-01
   6.2786349e-01
   6.2879851e-01
   6.3020103e-01
   6.3277232e-01
   6.3674614e-01
   6.4235624e-01
   6.4936887e-01
   6.5661524e-01
   6.6362787e-01
   6.6900421e-01
   6.7251052e-01
   6.7414680e-01
   6.7391304e-01
   6.7227677e-01
   6.7017298e-01
   6.6736793e-01
   6.6386161e-01
   6.5965404e-01
   6.5521272e-01
   6.5030388e-01
   6.4586255e-01
   6.4258999e-01
   6.4071996e-01
   6.4048621e-01
   6.4142122e-01
   6.4352501e-01
   6.4609630e-01
   6.4913511e-01
   6.5334268e-01
   6.5825152e-01
   6.6409537e-01
   6.7040673e-01
   6.7625058e-01
   6.8069191e-01
   6.8209443e-01
   6.8069191e-01
   6.7625058e-01
   6.7017298e-01
   6.6339411e-01
   6.5731650e-01
   6.5334268e-01
   6.5147265e-01
   6.5217391e-01
   6.5497896e-01
   6.5918653e-01
   6.6479663e-01
   6.7110800e-01
   6.7765311e-01
   6.8326321e-01
   6.8723703e-01
   6.8887331e-01
   6.8723703e-01
   6.8279570e-01
   6.7625058e-01
   6.6900421e-01
   6.6269285e-01
   6.5848527e-01
   6.5684899e-01
   6.5778401e-01
   6.6012155e-01
   6.6339411e-01
   6.6549789e-01
   6.6666667e-01
   6.6596540e-01
   6.6316035e-01
   6.5848527e-01
   6.5170640e-01
   6.4329125e-01
   6.3323983e-01
   6.2272089e-01
   6.1243572e-01
   6.0425433e-01
   5.9887798e-01
   5.9747545e-01
   5.9957925e-01
   6.0472183e-01
   6.1126694e-01
   6.1827957e-01
   6.2435718e-01
   6.2903226e-01
   6.3207106e-01
   6.3394109e-01
   6.3487611e-01
   6.3464235e-01
   6.3323983e-01
   6.3043478e-01
   6.2599346e-01
   6.2038336e-01
   6.1430575e-01
   6.0799439e-01
   6.0308555e-01
   5.9934549e-01
   5.9724170e-01
   5.9677420e-01
   5.9747545e-01
   5.9957925e-01
   6.0285180e-01
   6.0752688e-01
   6.1337073e-01
   6.1944834e-01
   6.2552594e-01
   6.3043478e-01
   6.3277232e-01
   6.3253857e-01
   6.2949977e-01
   6.2459093e-01
   6.1968209e-01
   6.1524077e-01
   6.1266947e-01
   6.1173445e-01
   6.1196821e-01
   6.1243572e-01
   6.1243572e-01
   6.1126695e-01
   6.0939691e-01
   6.0659186e-01
   6.0331931e-01
   6.0051426e-01
   5.9817672e-01
   5.9677420e-01
   5.9654044e-01
   5.9794296e-01
   6.0098177e-01
   6.0612436e-01
   6.1243572e-01
   6.1968209e-01
   6.2622720e-01
   6.3090229e-01
   6.3253857e-01
   6.3090229e-01
   6.2646096e-01
   6.1944834e-01
   6.1126694e-01
   6.0331931e-01
   5.9537167e-01
   5.8812529e-01
   5.8134642e-01
   5.7480131e-01
   5.6919121e-01
   5.6474988e-01
   5.6194483e-01
   5.6147733e-01
   5.6311360e-01
   5.6591865e-01
   5.6895746e-01
   5.7035998e-01
   5.7012623e-01
   5.6708742e-01
   5.6241234e-01
   5.5726975e-01
   5.5259467e-01
   5.5025713e-01
   5.5002337e-01
   5.5236092e-01
   5.5703600e-01
   5.6287985e-01
   5.6919121e-01
   5.7503507e-01
   5.7971014e-01
   5.8204768e-01
   5.8158018e-01
   5.7713885e-01
   5.6965872e-01
   5.5960730e-01
   5.4838710e-01
   5.3833567e-01
   5.3038803e-01
   5.2664796e-01
   5.2711547e-01
   5.3155680e-01
   5.3880318e-01
   5.4768584e-01
   5.5633473e-01
   5.6474988e-01
   5.7152875e-01
   5.7737260e-01
   5.8111267e-01
   5.8298270e-01
   5.8251519e-01
   5.7971014e-01
   5.7480131e-01
   5.6848994e-01
   5.6241234e-01
   5.5750351e-01
   5.5493221e-01
   5.5539972e-01
   5.5843852e-01
   5.6358111e-01
   5.6942496e-01
   5.7526881e-01
   5.8064516e-01
   5.8532025e-01
   5.8882655e-01
   5.9139785e-01
   5.9303413e-01
   5.9303413e-01
   5.9209911e-01
   5.8929406e-01
   5.8555399e-01
   5.8181393e-01
   5.7830762e-01
   5.7620383e-01
   5.7526881e-01
   5.7573633e-01
   5.7667134e-01
   5.7807387e-01
   5.7947639e-01
   5.8041141e-01
   5.8158018e-01
   5.8321646e-01
   5.8508649e-01
   5.8695652e-01
   5.8765778e-01
   5.8672277e-01
   5.8391772e-01
   5.7924264e-01
   5.7410005e-01
   5.6895745e-01
   5.6615240e-01
   5.6591865e-01
   5.6848994e-01
   5.7339878e-01
   5.7900888e-01
   5.8485274e-01
   5.8929406e-01
   5.9233286e-01
   5.9303412e-01
   5.9186536e-01
   5.8882655e-01
   5.8391772e-01
   5.7784011e-01
   5.7082749e-01
   5.6474988e-01
   5.6007480e-01
   5.5867228e-01
   5.6030856e-01
   5.6545115e-01
   5.7246377e-01
   5.8041141e-01
   5.8789154e-01
   5.9373539e-01
   5.9724170e-01
   5.9934549e-01
   6.0004675e-01
   6.0098177e-01
   6.0215054e-01
   6.0378681e-01
   6.0542309e-01
   6.0659186e-01
   6.0705937e-01
   6.0635811e-01
   6.0495558e-01
   6.0308556e-01
   6.0074801e-01
   5.9794296e-01
   5.9490416e-01
   5.9093034e-01
   5.8742403e-01
   5.8485273e-01
   5.8391772e-01
   5.8602151e-01
   5.9139785e-01
   5.9981300e-01
   6.1009817e-01
   6.2131837e-01
   6.3160355e-01
   6.3955119e-01
   6.4516129e-01
   6.4843385e-01
   6.5030388e-01
   6.5100514e-01
   6.5170640e-01
   6.5194016e-01
   6.5240767e-01
   6.5287517e-01
   6.5334269e-01
   6.5404394e-01
   6.5497896e-01
   6.5591398e-01
   6.5731650e-01
   6.5801777e-01
   6.5825152e-01
   6.5755026e-01
   6.5638149e-01
   6.5521272e-01
   6.5521272e-01
   6.5684899e-01
   6.6012155e-01
   6.6503039e-01
   6.7040674e-01
   6.7508181e-01
   6.7788686e-01
   6.7858812e-01
   6.7718560e-01
   6.7484806e-01
   6.7204301e-01
   6.6993922e-01
   6.6853670e-01
   6.6783544e-01
   6.6806919e-01
   6.6877045e-01
   6.6993922e-01
   6.7157550e-01
   6.7344553e-01
   6.7554932e-01
   6.7718560e-01
   6.7718560e-01
   6.7578307e-01
   6.7227677e-01
   6.6736793e-01
   6.6152408e-01
   6.5614773e-01
   6.5194016e-01
   6.4936886e-01
   6.4820009e-01
   6.4749883e-01
   6.4703132e-01
   6.4562880e-01
   6.4352501e-01
   6.4095372e-01
   6.3861617e-01
   6.3627864e-01
   6.3487611e-01
   6.3347359e-01
   6.3230482e-01
   6.3160356e-01
   6.3043478e-01
   6.3043478e-01
   6.3160355e-01
   6.3394109e-01
   6.3791491e-01
   6.4282375e-01
   6.4773259e-01
   6.5194016e-01
   6.5451145e-01
   6.5568022e-01
   6.5591398e-01
   6.5544647e-01
   6.5451145e-01
   6.5334268e-01
   6.5170640e-01
   6.4936886e-01
   6.4516129e-01
   6.4001870e-01
   6.3487611e-01
   6.2996727e-01
   6.2669472e-01
   6.2622721e-01
   6.2833099e-01
   6.3230481e-01
   6.3744740e-01
   6.4259000e-01
   6.4726508e-01
   6.5077139e-01
   6.5334269e-01
   6.5497896e-01
   6.5568022e-01
   6.5544647e-01
   6.5404395e-01
   6.5170640e-01
   6.4843385e-01
   6.4516129e-01
   6.4305750e-01
   6.4305751e-01
   6.4562880e-01
   6.5077138e-01
   6.5778401e-01
   6.6596540e-01
   6.7414680e-01
   6.8209443e-01
   6.8980832e-01
   6.9775596e-01
   7.0710613e-01
   7.1762506e-01
   7.2978027e-01
   7.4287050e-01
   7.5596073e-01
   7.6834970e-01
   7.7886863e-01
   7.8751753e-01
   7.9406265e-01
   7.9920524e-01
   8.0271154e-01
   8.0575035e-01
   8.0878915e-01
   8.1206171e-01
   8.1673680e-01
   8.2304815e-01
   8.3122954e-01
   8.4128097e-01
   8.5226742e-01
   8.6278635e-01
   8.7166900e-01
   8.7798036e-01
   8.8055166e-01
   8.7985040e-01
   8.7681160e-01
   8.7237027e-01
   8.6816269e-01
   8.6512389e-01
   8.6442262e-01
   8.6582516e-01
   8.6909771e-01
   8.7424030e-01
   8.8055166e-01
   8.8733053e-01
   8.9387564e-01
   8.9901823e-01
   9.0252454e-01
   9.0369331e-01
   9.0205704e-01
   8.9831697e-01
   8.9270687e-01
   8.8616176e-01
   8.7985040e-01
   8.7400654e-01
   8.6886395e-01
   8.6372137e-01
   8.5834502e-01
   8.5250117e-01
   8.4595605e-01
   8.3964469e-01
   8.3426835e-01
   8.2982702e-01
   8.2772323e-01
   8.2748948e-01
   8.2842450e-01
   8.3029453e-01
   8.3239831e-01
   8.3450210e-01
   8.3590463e-01
   8.3730715e-01
   8.3824217e-01
   8.3800842e-01
   8.3683964e-01
   8.3426835e-01
   8.2982702e-01
   8.2445068e-01
   8.1837307e-01
   8.1299673e-01
   8.0855540e-01
   8.0575035e-01
   8.0434783e-01
   8.0388032e-01
   8.0388032e-01
   8.0411407e-01
   8.0434783e-01
   8.0434783e-01
   8.0481533e-01
   8.0551660e-01
   8.0621786e-01
   8.0645161e-01
   8.0551660e-01
   8.0294530e-01
   7.9873773e-01
   7.9312763e-01
   7.8705002e-01
   7.8050491e-01
   7.7442730e-01
   7.6928471e-01
   7.6507713e-01
   7.6180458e-01
   7.5993455e-01
   7.5946704e-01
   7.6110332e-01
   7.6460963e-01
   7.6975222e-01
   7.7582983e-01
   7.8120617e-01
   7.8447873e-01
   7.8494623e-01
   7.8190743e-01
   7.7582983e-01
   7.6811594e-01
   7.6016830e-01
   7.5292192e-01
   7.4731182e-01
   7.4357176e-01
   7.4193548e-01
   7.4170173e-01
   7.4263674e-01
   7.4427302e-01
   7.4614305e-01
   7.4801309e-01
   7.4848060e-01
   7.4731183e-01
   7.4380551e-01
   7.3772791e-01
   7.2978027e-01
   7.2066386e-01
   7.1224871e-01
   7.0570360e-01
   7.0172978e-01
   7.0079476e-01
   7.0243105e-01
   7.0546984e-01
   7.0920991e-01
   7.1271622e-01
   7.1528752e-01
   7.1692379e-01
   7.1762506e-01
   7.1669004e-01
   7.1458625e-01
   7.1084619e-01
   7.0617111e-01
   7.0032725e-01
   6.9471716e-01
   6.8980832e-01
   6.8700327e-01
   6.8630201e-01
   6.8817204e-01
   6.9121085e-01
   6.9565218e-01
   7.0009350e-01
   7.0383356e-01
   7.0710612e-01
   7.0944367e-01
   7.1061244e-01
   7.1061244e-01
   7.0850865e-01
   7.0383356e-01
   6.9658719e-01
   6.8700327e-01
   6.7578307e-01
   6.6526414e-01
   6.5638148e-01
   6.5077139e-01
   6.4913511e-01
   6.5147265e-01
   6.5708275e-01
   6.6456288e-01
   6.7274427e-01
   6.8045816e-01
   6.8630201e-01
   6.8980832e-01
   6.8980832e-01
   6.8630201e-01
   6.7905563e-01
   6.6900421e-01
   6.5661524e-01
   6.4399251e-01
   6.3347359e-01
   6.2575970e-01
   6.2272089e-01
   6.2388967e-01
   6.2833100e-01
   6.3464235e-01
   6.4142122e-01
   6.4656382e-01
   6.4960262e-01
   6.5030388e-01
   6.4820009e-01
   6.4399252e-01
   6.3791491e-01
   6.2973352e-01
   6.2038336e-01
   6.1103319e-01
   6.0191678e-01
   5.9490416e-01
   5.9069658e-01
   5.8976157e-01
   5.9209911e-01
   5.9654044e-01
   6.0191678e-01
   6.0682562e-01
   6.1033193e-01
   6.1220196e-01
   6.1220196e-01
   6.1126695e-01
   6.1009818e-01
   6.0892941e-01
   6.0822814e-01
   6.0776064e-01
   6.0776064e-01
   6.0776063e-01
   6.0846190e-01
   6.0916316e-01
   6.1009818e-01
   6.1009818e-01
   6.0916316e-01
   6.0659187e-01
   6.0238429e-01
   5.9677420e-01
   5.9022908e-01
   5.8508649e-01
   5.8134642e-01
   5.7971014e-01
   5.8041141e-01
   5.8228144e-01
   5.8415147e-01
   5.8461898e-01
   5.8368396e-01
   5.8087891e-01
   5.7667134e-01
   5.7246376e-01
   5.6895746e-01
   5.6661991e-01
   5.6615241e-01
   5.6778869e-01
   5.7129499e-01
   5.7573633e-01
   5.8111267e-01
   5.8555400e-01
   5.8859280e-01
   5.8859280e-01
   5.8415147e-01
   5.7550257e-01
   5.6287985e-01
   5.4768584e-01
   5.3202431e-01
   5.1799906e-01
   5.0654511e-01
   4.9859747e-01
   4.9345488e-01
   4.9088359e-01
   4.8901356e-01
   4.8784479e-01
   4.8644226e-01
   4.8527349e-01
   4.8527349e-01
   4.8644226e-01
   4.8901356e-01
   4.9228611e-01
   4.9532492e-01
   4.9789621e-01
   4.9929874e-01
   4.9953249e-01
   4.9929874e-01
   4.9906498e-01
   4.9906498e-01
   4.9953249e-01
   5.0023375e-01
   5.0046750e-01
   5.0046750e-01
   5.0000000e-01
   5.0023376e-01
   5.0116877e-01
   5.0303880e-01
   5.0631136e-01
   5.0958392e-01
   5.1262272e-01
   5.1379149e-01
   5.1332398e-01
   5.1098644e-01
   5.0771388e-01
   5.0374006e-01
   5.0023375e-01
   4.9742871e-01
   4.9532492e-01
   4.9415615e-01
   4.9298738e-01
   4.9251987e-01
   4.9275362e-01
   4.9322113e-01
   4.9485740e-01
   4.9649369e-01
   4.9766246e-01
   4.9812996e-01
   4.9696119e-01
   4.9485741e-01
   4.9205236e-01
   4.9041608e-01
   4.9041608e-01
   4.9251987e-01
   4.9742871e-01
   5.0397382e-01
   5.1122019e-01
   5.1893408e-01
   5.2641421e-01
   5.3319308e-01
   5.4020570e-01
   5.4698457e-01
   5.5399720e-01
   5.6077606e-01
   5.6685367e-01
   5.7176251e-01
   5.7503507e-01
   5.7690510e-01
   5.7737260e-01
   5.7737260e-01
   5.7690510e-01
   5.7667134e-01
   5.7597008e-01
   5.7480131e-01
   5.7339878e-01
   5.7129499e-01
   5.6942496e-01
   5.6825620e-01
   5.6802244e-01
   5.6895746e-01
   5.7059373e-01
   5.7223002e-01
   5.7339878e-01
   5.7386629e-01
   5.7433380e-01
   5.7550257e-01
   5.7807386e-01
   5.8204768e-01
   5.8742403e-01
   5.9303412e-01
   5.9794296e-01
   6.0074801e-01
   6.0098177e-01
   5.9911174e-01
   5.9537167e-01
   5.9116409e-01
   5.8695652e-01
   5.8391772e-01
   5.8204769e-01
   5.8134642e-01
   5.8134643e-01
   5.8181393e-01
   5.8298270e-01
   5.8438523e-01
   5.8555399e-01
   5.8695652e-01
   5.8719028e-01
   5.8625526e-01
   5.8461898e-01
   5.8274895e-01
   5.8204769e-01
   5.8368396e-01
   5.8835904e-01
   5.9630669e-01
   6.0705937e-01
   6.1874708e-01
   6.2973352e-01
   6.3838242e-01
   6.4399252e-01
   6.4586255e-01
   6.4516129e-01
   6.4212248e-01
   6.3838242e-01
   6.3487611e-01
   6.3160355e-01
   6.2949976e-01
   6.2949976e-01
   6.3090229e-01
   6.3464235e-01
   6.4001870e-01
   6.4633006e-01
   6.5217391e-01
   6.5684899e-01
   6.5895278e-01
   6.5801777e-01
   6.5451145e-01
   6.4936886e-01
   6.4399251e-01
   6.3978495e-01
   6.3814867e-01
   6.3884993e-01
   6.4212248e-01
   6.4726508e-01
   6.5334269e-01
   6.5942029e-01
   6.6549790e-01
   6.7040673e-01
   6.7461431e-01
   6.7695185e-01
   6.7741935e-01
   6.7601683e-01
   6.7297803e-01
   6.6853670e-01
   6.6432913e-01
   6.6082282e-01
   6.5848527e-01
   6.5755025e-01
   6.5778401e-01
   6.5801776e-01
   6.5825152e-01
   6.5825152e-01
   6.5755026e-01
   6.5708275e-01
   6.5731650e-01
   6.5825152e-01
   6.5988780e-01
   6.6199158e-01
   6.6362787e-01
   6.6409537e-01
   6.6316035e-01
   6.6129032e-01
   6.5801777e-01
   6.5451145e-01
   6.5053764e-01
   6.4609631e-01
   6.4165498e-01
   6.3651239e-01
   6.3183730e-01
   6.2786349e-01
   6.2599346e-01
   6.2762973e-01
   6.3207106e-01
   6.3978494e-01
   6.4960262e-01
   6.6058906e-01
   6.7064048e-01
   6.7905563e-01
   6.8513324e-01
   6.8840580e-01
   6.8910706e-01
   6.8747078e-01
   6.8349696e-01
   6.7741935e-01
   6.6970547e-01
   6.6129032e-01
   6.5334269e-01
   6.4703132e-01
   6.4329125e-01
   6.4282375e-01
   6.4516129e-01
   6.4936887e-01
   6.5451145e-01
   6.5918653e-01
   6.6245909e-01
   6.6409537e-01
   6.6386162e-01
   6.6245909e-01
   6.5942029e-01
   6.5544647e-01
   6.4983637e-01
   6.4329126e-01
   6.3604488e-01
   6.2856475e-01
   6.2201963e-01
   6.1827957e-01
   6.1734455e-01
   6.1991585e-01
   6.2529219e-01
   6.3323983e-01
   6.4188873e-01
   6.5077139e-01
   6.5871903e-01
   6.6503039e-01
   6.6900421e-01
   6.7087424e-01
   6.6923796e-01
   6.6432912e-01
   6.5661524e-01
   6.4633006e-01
   6.3487611e-01
   6.2388967e-01
   6.1547452e-01
   6.1056568e-01
   6.0916316e-01
   6.1103319e-01
   6.1547452e-01
   6.2108462e-01
   6.2692847e-01
   6.3207106e-01
   6.3651239e-01
   6.4025245e-01
   6.4329125e-01
   6.4539504e-01
   6.4633006e-01
   6.4586255e-01
   6.4399252e-01
   6.4095372e-01
   6.3697990e-01
   6.3300608e-01
   6.2949977e-01
   6.2669472e-01
   6.2435717e-01
   6.2178588e-01
   6.1898083e-01
   6.1594203e-01
   6.1313698e-01
   6.1103319e-01
   6.1033193e-01
   6.1126694e-01
   6.1360449e-01
   6.1664329e-01
   6.1968209e-01
   6.2201964e-01
   6.2295465e-01
   6.2318841e-01
   6.2225339e-01
   6.2085086e-01
   6.1944834e-01
   6.1757830e-01
   6.1500701e-01
   6.1196820e-01
   6.0869565e-01
   6.0518934e-01
   6.0285180e-01
   6.0215054e-01
   6.0285180e-01
   6.0448807e-01
   6.0682562e-01
   6.0846189e-01
   6.0916316e-01
   6.0799439e-01
   6.0542309e-01
   6.0215054e-01
   5.9911173e-01
   5.9630669e-01
   5.9443665e-01
   5.9303413e-01
   5.9186536e-01
   5.9116409e-01
   5.9069659e-01
   5.9093034e-01
   5.9163160e-01
   5.9326788e-01
   5.9467041e-01
   5.9583917e-01
   5.9537167e-01
   5.9350163e-01
   5.8999532e-01
   5.8578775e-01
   5.8181393e-01
   5.7877513e-01
   5.7784011e-01
   5.7830762e-01
   5.7994389e-01
   5.8181393e-01
   5.8368396e-01
   5.8508649e-01
   5.8625526e-01
   5.8742403e-01
   5.8882655e-01
   5.9022908e-01
   5.9186536e-01
   5.9303413e-01
   5.9373539e-01
   5.9373539e-01
   5.9350164e-01
   5.9396914e-01
   5.9490416e-01
   5.9700795e-01
   5.9957924e-01
   6.0238429e-01
   6.0402057e-01
   6.0448808e-01
   6.0331931e-01
   6.0074801e-01
   5.9677419e-01
   5.9209911e-01
   5.8719028e-01
   5.8204769e-01
   5.7667134e-01
   5.7152875e-01
   5.6732118e-01
   5.6451613e-01
   5.6404862e-01
   5.6591865e-01
   5.7012623e-01
   5.7597008e-01
   5.8181393e-01
   5.8648901e-01
   5.8906031e-01
   5.8976157e-01
   5.8906031e-01
   5.8859280e-01
   5.8882656e-01
   5.9163160e-01
   5.9654044e-01
   6.0402057e-01
   6.1220196e-01
   6.2085086e-01
   6.2879851e-01
   6.3510986e-01
   6.3884993e-01
   6.4001870e-01
   6.3768116e-01
   6.3230482e-01
   6.2435718e-01
   6.1430575e-01
   6.0425432e-01
   5.9583917e-01
   5.9046283e-01
   5.8976157e-01
   5.9350163e-01
   6.0074801e-01
   6.1009817e-01
   6.1968209e-01
   6.2856475e-01
   6.3557737e-01
   6.4095371e-01
   6.4469378e-01
   6.4843385e-01
   6.5123890e-01
   6.5404395e-01
   6.5614773e-01
   6.5755026e-01
   6.5825152e-01
   6.5801777e-01
   6.5708275e-01
   6.5591398e-01
   6.5427770e-01
   6.5170640e-01
   6.4843385e-01
   6.4399252e-01
   6.3861617e-01
   6.3300608e-01
   6.2833099e-01
   6.2646096e-01
   6.2762973e-01
   6.3253857e-01
   6.4071996e-01
   6.5147265e-01
   6.6339411e-01
   6.7531556e-01
   6.8606825e-01
   6.9424965e-01
   6.9962599e-01
   7.0126227e-01
   6.9845722e-01
   6.9144460e-01
   6.8115942e-01
   6.6877045e-01
   6.5614773e-01
   6.4586255e-01
   6.3955119e-01
   6.3884993e-01
   6.4329126e-01
   6.5264142e-01
   6.6503038e-01
   6.7835437e-01
   6.9121085e-01
   7.0219729e-01
   7.1037868e-01
   7.1575503e-01
   7.1809257e-01
   7.1762506e-01
   7.1435250e-01
   7.0850865e-01
   7.0102852e-01
   6.9284713e-01
   6.8489949e-01
   6.7928938e-01
   6.7625058e-01
   6.7648433e-01
   6.7975689e-01
   6.8536700e-01
   6.9237961e-01
   6.9962599e-01
   7.0663862e-01
   7.1248247e-01
   7.1715755e-01
   7.1949509e-01
   7.1902758e-01
   7.1622253e-01
   7.1061244e-01
   7.0266479e-01
   6.9401589e-01
   6.8536699e-01
   6.7858812e-01
   6.7438055e-01
   6.7204301e-01
   6.7157550e-01
   6.7134175e-01
   6.6993922e-01
   6.6666667e-01
   6.6152407e-01
   6.5451145e-01
   6.4703132e-01
   6.3955119e-01
   6.3323983e-01
   6.2809724e-01
   6.2505844e-01
   6.2342216e-01
   6.2342216e-01
   6.2529219e-01
   6.2856475e-01
   6.3300608e-01
   6.3768116e-01
   6.4165498e-01
   6.4422627e-01
   6.4492754e-01
   6.4329125e-01
   6.4025245e-01
   6.3721365e-01
   6.3440860e-01
   6.3347359e-01
   6.3370734e-01
   6.3534362e-01
   6.3721365e-01
   6.3908369e-01
   6.3978494e-01
   6.3955119e-01
   6.3861617e-01
   6.3721365e-01
   6.3510987e-01
   6.3277232e-01
   6.2973352e-01
   6.2646096e-01
   6.2342216e-01
   6.2155212e-01
   6.2155213e-01
   6.2435717e-01
   6.2996727e-01
   6.3768116e-01
   6.4609631e-01
   6.5404394e-01
   6.5965404e-01
   6.6245909e-01
   6.6222534e-01
   6.5942029e-01
   6.5497896e-01
   6.4936887e-01
   6.4399252e-01
   6.3884993e-01
   6.3464235e-01
   6.3183730e-01
   6.3090229e-01
   6.3207106e-01
   6.3581112e-01
   6.4165498e-01
   6.4890135e-01
   6.5591398e-01
   6.6152408e-01
   6.6456288e-01
   6.6503039e-01
   6.6269285e-01
   6.5778401e-01
   6.5170640e-01
   6.4446003e-01
   6.3674614e-01
   6.2856475e-01
   6.1921459e-01
   6.0986442e-01
   6.0051426e-01
   5.9209911e-01
   5.8555399e-01
   5.8181393e-01
   5.8111267e-01
   5.8251519e-01
   5.8648901e-01
   5.9116409e-01
   5.9677419e-01
   6.0261805e-01
   6.0822814e-01
   6.1383824e-01
   6.1898083e-01
   6.2248714e-01
   6.2412342e-01
   6.2342216e-01
   6.1991585e-01
   6.1453951e-01
   6.0822814e-01
   6.0285180e-01
   5.9911174e-01
   5.9794296e-01
   5.9981299e-01
   6.0378682e-01
   6.0939692e-01
   6.1547452e-01
   6.2201964e-01
   6.2786349e-01
   6.3323983e-01
   6.3791491e-01
   6.4048620e-01
   6.4142122e-01
   6.3978495e-01
   6.3534362e-01
   6.2973352e-01
   6.2272090e-01
   6.1570827e-01
   6.0939692e-01
   6.0402057e-01
   5.9981299e-01
   5.9630669e-01
   5.9326788e-01
   5.9046283e-01
   5.8835904e-01
   5.8789154e-01
   5.8929406e-01
   5.9256662e-01
   5.9747546e-01
   6.0285180e-01
   6.0752688e-01
   6.1033193e-01
   6.1056569e-01
   6.0892941e-01
   6.0565685e-01
   6.0191678e-01
   5.9817672e-01
   5.9490416e-01
   5.9256662e-01
   5.9139785e-01
   5.9093034e-01
   5.9139785e-01
   5.9326788e-01
   5.9630668e-01
   5.9981300e-01
   6.0402057e-01
   6.0776064e-01
   6.1033193e-01
   6.1150070e-01
   6.1126694e-01
   6.0986443e-01
   6.0869565e-01
   6.0776064e-01
   6.0752688e-01
   6.0822814e-01
   6.0916316e-01
   6.1009817e-01
   6.1056569e-01
   6.1150070e-01
   6.1243572e-01
   6.1477326e-01
   6.1851332e-01
   6.2318840e-01
   6.2856475e-01
   6.3323983e-01
   6.3697989e-01
   6.3884993e-01
   6.3931743e-01
   6.3861618e-01
   6.3744740e-01
   6.3627864e-01
   6.3557737e-01
   6.3510986e-01
   6.3440860e-01
   6.3370734e-01
   6.3277232e-01
   6.3230481e-01
   6.3230481e-01
   6.3300607e-01
   6.3394109e-01
   6.3510987e-01
   6.3534362e-01
   6.3487611e-01
   6.3347359e-01
   6.3207106e-01
   6.3136980e-01
   6.3160355e-01
   6.3300608e-01
   6.3534362e-01
   6.3744740e-01
   6.3861617e-01
   6.3791491e-01
   6.3510986e-01
   6.3090229e-01
   6.2622720e-01
   6.2201964e-01
   6.1921459e-01
   6.1827957e-01
   6.1898083e-01
   6.2108462e-01
   6.2459093e-01
   6.2833100e-01
   6.3230481e-01
   6.3627863e-01
   6.3908368e-01
   6.4025245e-01
   6.3884993e-01
   6.3487611e-01
   6.2833099e-01
   6.2014960e-01
   6.1173446e-01
   6.0402057e-01
   5.9794296e-01
   5.9420290e-01
   5.9186536e-01
   5.9022908e-01
   5.8882656e-01
   5.8719027e-01
   5.8532024e-01
   5.8368396e-01
   5.8274894e-01
   5.8321646e-01
   5.8485273e-01
   5.8742403e-01
   5.8999532e-01
   5.9280038e-01
   5.9490416e-01
   5.9770921e-01
   6.0098177e-01
   6.0518934e-01
   6.1056568e-01
   6.1664329e-01
   6.2225339e-01
   6.2716222e-01
   6.3020103e-01
   6.3183731e-01
   6.3277232e-01
   6.3277232e-01
   6.3300608e-01
   6.3370734e-01
   6.3464235e-01
   6.3510986e-01
   6.3534362e-01
   6.3487611e-01
   6.3440860e-01
   6.3370734e-01
   6.3300608e-01
   6.3300608e-01
   6.3277232e-01
   6.3253857e-01
   6.3136980e-01
   6.2926601e-01
   6.2669472e-01
   6.2435717e-01
   6.2248714e-01
   6.2131838e-01
   6.2131838e-01
   6.2155213e-01
   6.2201963e-01
   6.2201964e-01
   6.2155213e-01
   6.2131838e-01
   6.2225339e-01
   6.2529219e-01
   6.2996727e-01
   6.3651239e-01
   6.4375877e-01
   6.5100514e-01
   6.5731650e-01
   6.6222534e-01
   6.6596540e-01
   6.6806919e-01
   6.6993922e-01
   6.7110799e-01
   6.7180926e-01
   6.7157550e-01
   6.7017298e-01
   6.6806919e-01
   6.6573165e-01
   6.6386161e-01
   6.6269285e-01
   6.6269285e-01
   6.6339411e-01
   6.6409537e-01
   6.6386162e-01
   6.6199158e-01
   6.5918653e-01
   6.5521272e-01
   6.5077139e-01
   6.4679757e-01
   6.4352501e-01
   6.4048621e-01
   6.3791492e-01
   6.3581113e-01
   6.3394109e-01
   6.3253857e-01
   6.3230481e-01
   6.3323983e-01
   6.3534362e-01
   6.3884993e-01
   6.4165498e-01
   6.4399252e-01
   6.4469378e-01
   6.4399252e-01
   6.4212248e-01
   6.3978495e-01
   6.3768116e-01
   6.3627864e-01
   6.3557737e-01
   6.3534362e-01
   6.3534362e-01
   6.3487611e-01
   6.3510986e-01
   6.3534362e-01
   6.3651238e-01
   6.3838242e-01
   6.4095372e-01
   6.4329125e-01
   6.4469378e-01
   6.4516129e-01
   6.4422627e-01
   6.4305751e-01
   6.4142122e-01
   6.4048620e-01
   6.4001870e-01
   6.4025245e-01
   6.4048621e-01
   6.4001870e-01
   6.3861617e-01
   6.3627864e-01
   6.3300607e-01
   6.3020103e-01
   6.2786349e-01
   6.2646096e-01
   6.2575970e-01
   6.2575970e-01
   6.2646096e-01
   6.2809724e-01
   6.3090229e-01
   6.3557737e-01
   6.4188874e-01
   6.4960262e-01
   6.5778401e-01
   6.6549790e-01
   6.7157550e-01
   6.7554932e-01
   6.7741935e-01
   6.7765311e-01
   6.7718560e-01
   6.7695185e-01
   6.7695185e-01
   6.7741935e-01
   6.7788686e-01
   6.7741935e-01
   6.7648434e-01
   6.7461431e-01
   6.7227677e-01
   6.6947172e-01
   6.6713417e-01
   6.6503039e-01
   6.6316035e-01
   6.6175783e-01
   6.6058906e-01
   6.6035531e-01
   6.6152408e-01
   6.6432913e-01
   6.6783543e-01
   6.7227677e-01
   6.7601683e-01
   6.7765311e-01
   6.7718560e-01
   6.7414680e-01
   6.6900421e-01
   6.6362786e-01
   6.5871903e-01
   6.5521272e-01
   6.5357644e-01
   6.5357644e-01
   6.5427770e-01
   6.5544647e-01
   6.5638148e-01
   6.5708275e-01
   6.5801777e-01
   6.5942029e-01
   6.6105656e-01
   6.6316035e-01
   6.6526414e-01
   6.6736793e-01
   6.6923796e-01
   6.7134175e-01
   6.7391304e-01
   6.7788686e-01
   6.8232819e-01
   6.8770454e-01
   6.9308088e-01
   6.9728845e-01
   7.0009350e-01
   7.0172978e-01
   7.0219729e-01
   7.0266479e-01
   7.0266479e-01
   7.0359981e-01
   7.0453483e-01
   7.0546984e-01
   7.0546984e-01
   7.0500234e-01
   7.0359981e-01
   7.0243104e-01
   7.0149603e-01
   7.0102852e-01
   7.0102852e-01
   7.0149603e-01
   7.0126227e-01
   7.0032726e-01
   6.9822347e-01
   6.9588593e-01
   6.9354838e-01
   6.9191211e-01
   6.9121085e-01
   6.9121085e-01
   6.9167836e-01
   6.9237961e-01
   6.9331463e-01
   6.9424965e-01
   6.9565218e-01
   6.9752221e-01
   7.0009350e-01
   7.0243104e-01
   7.0430108e-01
   7.0453483e-01
   7.0266479e-01
   6.9892473e-01
   6.9378214e-01
   6.8817204e-01
   6.8326321e-01
   6.7952314e-01
   6.7695185e-01
   6.7578308e-01
   6.7554932e-01
   6.7578307e-01
   6.7625058e-01
   6.7718560e-01
   6.7882188e-01
   6.8092566e-01
   6.8349696e-01
   6.8560075e-01
   6.8700327e-01
   6.8723703e-01
   6.8653576e-01
   6.8466573e-01
   6.8232819e-01
   6.7975690e-01
   6.7718560e-01
   6.7414680e-01
   6.6970547e-01
   6.6409537e-01
   6.5708275e-01
   6.4936886e-01
   6.4212249e-01
   6.3674614e-01
   6.3417485e-01
   6.3464235e-01
   6.3791491e-01
   6.4329126e-01
   6.4983637e-01
   6.5614773e-01
   6.6175783e-01
   6.6666666e-01
   6.6993922e-01
   6.7180926e-01
   6.7204301e-01
   6.6993922e-01
   6.6619916e-01
   6.6058906e-01
   6.5427770e-01
   6.4820009e-01
   6.4352501e-01
   6.4095372e-01
   6.4071996e-01
   6.4258999e-01
   6.4562880e-01
   6.4936887e-01
   6.5381019e-01
   6.5778401e-01
   6.6222534e-01
   6.6666666e-01
   6.7134175e-01
   6.7531557e-01
   6.7788687e-01
   6.7835437e-01
   6.7648434e-01
   6.7227677e-01
   6.6666666e-01
   6.6058906e-01
   6.5521272e-01
   6.5100514e-01
   6.4796634e-01
   6.4656382e-01
   6.4586256e-01
   6.4609630e-01
   6.4679757e-01
   6.4820009e-01
   6.5053764e-01
   6.5334269e-01
   6.5568022e-01
   6.5708275e-01
   6.5684899e-01
   6.5404394e-01
   6.4936886e-01
   6.4352501e-01
   6.3721365e-01
   6.3160355e-01
   6.2786349e-01
   6.2505844e-01
   6.2388967e-01
   6.2342216e-01
   6.2388967e-01
   6.2482468e-01
   6.2622720e-01
   6.2903225e-01
   6.3277232e-01
   6.3721365e-01
   6.4165498e-01
   6.4539504e-01
   6.4796634e-01
   6.4913511e-01
   6.4936886e-01
   6.4936886e-01
   6.4890135e-01
   6.4890136e-01
   6.4890135e-01
   6.4890135e-01
   6.4820009e-01
   6.4726507e-01
   6.4609630e-01
   6.4539504e-01
   6.4516129e-01
   6.4586256e-01
   6.4726508e-01
   6.4843385e-01
   6.4843385e-01
   6.4703132e-01
   6.4422627e-01
   6.4001870e-01
   6.3604488e-01
   6.3230482e-01
   6.2973352e-01
   6.2856475e-01
   6.2833100e-01
   6.2833100e-01
   6.2809724e-01
   6.2762974e-01
   6.2692847e-01
   6.2622721e-01
   6.2599345e-01
   6.2575970e-01
   6.2575970e-01
   6.2552595e-01
   6.2482468e-01
   6.2412342e-01
   6.2342216e-01
   6.2318841e-01
   6.2412342e-01
   6.2599346e-01
   6.2833100e-01
   6.3043478e-01
   6.3160355e-01
   6.3136980e-01
   6.2996727e-01
   6.2786349e-01
   6.2575970e-01
   6.2459093e-01
   6.2412342e-01
   6.2435718e-01
   6.2505844e-01
   6.2529219e-01
   6.2529219e-01
   6.2435717e-01
   6.2342216e-01
   6.2248714e-01
   6.2178588e-01
   6.2085086e-01
   6.1944834e-01
   6.1711080e-01
   6.1337073e-01
   6.0892941e-01
   6.0425432e-01
   5.9981300e-01
   5.9654044e-01
   5.9467041e-01
   5.9420290e-01
   5.9467041e-01
   5.9513791e-01
   5.9607293e-01
   5.9747545e-01
   5.9981299e-01
   6.0308555e-01
   6.0776064e-01
   6.1313698e-01
   6.1898083e-01
   6.2459093e-01
   6.2903225e-01
   6.3277232e-01
   6.3557737e-01
   6.3791491e-01
   6.4048621e-01
   6.4258999e-01
   6.4446003e-01
   6.4516129e-01
   6.4422627e-01
   6.4142122e-01
   6.3768116e-01
   6.3347359e-01
   6.2926601e-01
   6.2599346e-01
   6.2388967e-01
   6.2248714e-01
   6.2131837e-01
   6.2038336e-01
   6.1944834e-01
   6.1921459e-01
   6.1944833e-01
   6.2085087e-01
   6.2365591e-01
   6.2716222e-01
   6.3113604e-01
   6.3487611e-01
   6.3814867e-01
   6.4095372e-01
   6.4305750e-01
   6.4492754e-01
   6.4656382e-01
   6.4796634e-01
   6.4820009e-01
   6.4703132e-01
   6.4422627e-01
   6.4048620e-01
   6.3604488e-01
   6.3207106e-01
   6.2973352e-01
   6.2903226e-01
   6.3020103e-01
   6.3207106e-01
   6.3464235e-01
   6.3674614e-01
   6.3861618e-01
   6.4001870e-01
   6.4095372e-01
   6.4235624e-01
   6.4329126e-01
   6.4375876e-01
   6.4282375e-01
   6.4071996e-01
   6.3744740e-01
   6.3370734e-01
   6.2996727e-01
   6.2762973e-01
   6.2692847e-01
   6.2809724e-01
   6.3090229e-01
   6.3417485e-01
   6.3791491e-01
   6.4142122e-01
   6.4492754e-01
   6.4843385e-01
   6.5217391e-01
   6.5544647e-01
   6.5825152e-01
   6.5942029e-01
   6.5942029e-01
   6.5801776e-01
   6.5591398e-01
   6.5381019e-01
