   2.8723858e-01
   2.9876227e-01
   3.0943235e-01
   3.1882202e-01
   3.2650448e-01
   3.3205292e-01
   3.3589416e-01
   3.3717455e-01
   3.3632095e-01
   3.3376013e-01
   3.2949211e-01
   3.2394365e-01
   3.1711480e-01
   3.0985915e-01
   3.0132309e-01
   2.9321383e-01
   2.8467776e-01
   2.7742211e-01
   2.7144686e-01
   2.6675203e-01
   2.6248399e-01
   2.5906957e-01
   2.5608194e-01
   2.5266752e-01
   2.4925309e-01
   2.4541186e-01
   2.4071703e-01
   2.3602219e-01
   2.3218096e-01
   2.2919334e-01
   2.2791293e-01
   2.2962014e-01
   2.3388818e-01
   2.4114383e-01
   2.5053351e-01
   2.6163039e-01
   2.7358088e-01
   2.8510456e-01
   2.9577465e-01
   3.0473752e-01
   3.1071276e-01
   3.1455399e-01
   3.1583439e-01
   3.1583439e-01
   3.1455399e-01
   3.1241997e-01
   3.1071275e-01
   3.0900554e-01
   3.0772514e-01
   3.0687153e-01
   3.0559111e-01
   3.0345711e-01
   3.0089628e-01
   2.9577465e-01
   2.8937259e-01
   2.8169014e-01
   2.7272726e-01
   2.6333760e-01
   2.5437473e-01
   2.4583866e-01
   2.3900981e-01
   2.3388818e-01
   2.3132735e-01
   2.3047375e-01
   2.3132736e-01
   2.3346137e-01
   2.3559539e-01
   2.3943662e-01
   2.4285104e-01
   2.4626547e-01
   2.5053351e-01
   2.5522834e-01
   2.6077678e-01
   2.6717883e-01
   2.7486129e-01
   2.8382415e-01
   2.9449423e-01
   3.0601792e-01
   3.1924882e-01
   3.3290653e-01
   3.4699103e-01
   3.6192915e-01
   3.7558686e-01
   3.8881776e-01
   3.9991464e-01
   4.0930431e-01
   4.1570636e-01
   4.1869398e-01
   4.1826717e-01
   4.1485275e-01
   4.0802390e-01
   3.9820742e-01
   3.8753735e-01
   3.7601366e-01
   3.6448997e-01
   3.5467349e-01
   3.4571063e-01
   3.3845497e-01
   3.3290654e-01
   3.2778489e-01
   3.2351686e-01
   3.1754161e-01
   3.0985916e-01
   3.0004268e-01
   2.8766538e-01
   2.7315408e-01
   2.5736235e-01
   2.4114383e-01
   2.2620572e-01
   2.1340162e-01
   2.0486555e-01
   2.0102433e-01
   2.0187793e-01
   2.0699957e-01
   2.1596244e-01
   2.2748613e-01
   2.3943661e-01
   2.5096031e-01
   2.5992318e-01
   2.6632522e-01
   2.6845924e-01
   2.6632522e-01
   2.6163039e-01
   2.5352113e-01
   2.4413145e-01
   2.3346137e-01
   2.2364490e-01
   2.1425523e-01
   2.0699957e-01
   2.0102433e-01
   1.9675629e-01
   1.9462228e-01
   1.9291507e-01
   1.9334186e-01
   1.9376866e-01
   1.9504908e-01
   1.9803670e-01
   2.0187793e-01
   2.0699957e-01
   2.1382842e-01
   2.2193769e-01
   2.3260777e-01
   2.4413145e-01
   2.5693556e-01
   2.6931284e-01
   2.8040973e-01
   2.8979941e-01
   2.9577464e-01
   2.9748186e-01
   2.9577464e-01
   2.8979940e-01
   2.8040973e-01
   2.6931284e-01
   2.5736235e-01
   2.4626547e-01
   2.3687580e-01
   2.3004694e-01
   2.2748612e-01
   2.2748613e-01
   2.3090056e-01
   2.3602219e-01
   2.4327785e-01
   2.5053351e-01
   2.5821596e-01
   2.6547161e-01
   2.7102006e-01
   2.7614169e-01
   2.8040973e-01
   2.8339736e-01
   2.8681178e-01
   2.8937259e-01
   2.9236022e-01
   2.9492105e-01
   2.9790866e-01
   3.0089628e-01
   3.0388391e-01
   3.0644473e-01
   3.0985916e-01
   3.1241997e-01
   3.1498079e-01
   3.1796841e-01
   3.2095604e-01
   3.2437047e-01
   3.2778489e-01
   3.3205292e-01
   3.3632096e-01
   3.4058899e-01
   3.4485702e-01
   3.4869824e-01
   3.5168587e-01
   3.5424669e-01
   3.5595391e-01
   3.5680751e-01
   3.5680751e-01
   3.5595390e-01
   3.5339308e-01
   3.5040546e-01
   3.4571063e-01
   3.4101579e-01
   3.3546734e-01
   3.2906529e-01
   3.2266325e-01
   3.1711480e-01
   3.1199317e-01
   3.0815195e-01
   3.0601792e-01
   3.0473752e-01
   3.0516431e-01
   3.0601792e-01
   3.0772514e-01
   3.0900554e-01
   3.1028595e-01
   3.1071276e-01
   3.1028596e-01
   3.0943235e-01
   3.0857874e-01
   3.0644473e-01
   3.0473751e-01
   3.0260349e-01
   3.0132309e-01
   3.0046948e-01
   3.0089628e-01
   3.0260350e-01
   3.0559112e-01
   3.1028595e-01
   3.1626121e-01
   3.2309006e-01
   3.3077251e-01
   3.3802817e-01
   3.4443022e-01
   3.4997866e-01
   3.5424669e-01
   3.5680751e-01
   3.5808792e-01
   3.5766112e-01
   3.5638070e-01
   3.5467350e-01
   3.5296628e-01
   3.5083226e-01
   3.4955186e-01
   3.4741785e-01
   3.4528382e-01
   3.4272300e-01
   3.3930858e-01
   3.3504054e-01
   3.3034571e-01
   3.2522407e-01
   3.1967564e-01
   3.1498079e-01
   3.1113957e-01
   3.0900555e-01
   3.0857875e-01
   3.0985916e-01
   3.1241997e-01
   3.1668801e-01
   3.2138284e-01
   3.2522407e-01
   3.2821170e-01
   3.2949211e-01
   3.2863850e-01
   3.2565087e-01
   3.2052923e-01
   3.1455399e-01
   3.0687153e-01
   3.0004268e-01
   2.9321383e-01
   2.8809219e-01
   2.8382416e-01
   2.8169014e-01
   2.8126333e-01
   2.8254374e-01
   2.8425096e-01
   2.8638498e-01
   2.8894580e-01
   2.9150661e-01
   2.9364063e-01
   2.9534784e-01
   2.9705505e-01
   2.9876226e-01
   3.0046948e-01
   3.0260350e-01
   3.0559112e-01
   3.0985916e-01
   3.1540759e-01
   3.2309006e-01
   3.3162612e-01
   3.4144259e-01
   3.5253948e-01
   3.6363636e-01
   3.7387964e-01
   3.8326931e-01
   3.8967136e-01
   3.9393940e-01
   3.9521980e-01
   3.9308578e-01
   3.8796414e-01
   3.8070849e-01
   3.7259923e-01
   3.6363636e-01
   3.5552710e-01
   3.4912506e-01
   3.4443021e-01
   3.4272300e-01
   3.4229620e-01
   3.4357661e-01
   3.4571063e-01
   3.4741784e-01
   3.4912506e-01
   3.4955186e-01
   3.4827144e-01
   3.4656423e-01
   3.4357661e-01
   3.4058899e-01
   3.3717456e-01
   3.3504055e-01
   3.3290653e-01
   3.3119932e-01
   3.2991891e-01
   3.2821169e-01
   3.2607768e-01
   3.2266326e-01
   3.1796842e-01
   3.1199317e-01
   3.0559112e-01
   2.9790867e-01
   2.9022620e-01
   2.8211695e-01
   2.7528809e-01
   2.6973965e-01
   2.6589841e-01
   2.6419120e-01
   2.6547162e-01
   2.6845924e-01
   2.7486129e-01
   2.8297055e-01
   2.9278702e-01
   3.0388391e-01
   3.1455399e-01
   3.2522407e-01
   3.3333333e-01
   3.3930858e-01
   3.4186939e-01
   3.4186940e-01
   3.3845497e-01
   3.3247972e-01
   3.2437047e-01
   3.1540759e-01
   3.0601792e-01
   2.9620145e-01
   2.8723858e-01
   2.7870252e-01
   2.7059325e-01
   2.6291079e-01
   2.5480153e-01
   2.4711908e-01
   2.3858302e-01
   2.3004694e-01
   2.2193769e-01
   2.1468203e-01
   2.0827998e-01
   2.0315835e-01
   1.9974391e-01
   1.9718310e-01
   1.9590269e-01
   1.9547588e-01
   1.9504908e-01
   1.9462228e-01
   1.9419548e-01
   1.9291506e-01
   1.9163465e-01
   1.9035424e-01
   1.8950064e-01
   1.8907384e-01
   1.8992744e-01
   1.9206145e-01
   1.9504908e-01
   1.9846350e-01
   2.0273154e-01
   2.0699957e-01
   2.1169440e-01
   2.1510883e-01
   2.1766965e-01
   2.1937687e-01
   2.1980367e-01
   2.1980367e-01
   2.1809645e-01
   2.1596244e-01
   2.1340162e-01
   2.0956039e-01
   2.0529235e-01
   2.0017072e-01
   1.9504907e-01
   1.8992744e-01
   1.8523261e-01
   1.8139138e-01
   1.7755015e-01
   1.7541613e-01
   1.7413572e-01
   1.7370892e-01
   1.7328211e-01
   1.7328212e-01
   1.7285532e-01
   1.7242851e-01
   1.7029449e-01
   1.6773367e-01
   1.6431925e-01
   1.6090482e-01
   1.5791720e-01
   1.5620999e-01
   1.5663679e-01
   1.5919761e-01
   1.6389244e-01
   1.7072129e-01
   1.7840375e-01
   1.8736662e-01
   1.9547588e-01
   2.0273154e-01
   2.0785318e-01
   2.1041400e-01
   2.1126761e-01
   2.0998719e-01
   2.0785318e-01
   2.0571917e-01
   2.0443876e-01
   2.0614597e-01
   2.1041400e-01
   2.1766965e-01
   2.2791293e-01
   2.4157063e-01
   2.5608194e-01
   2.7230047e-01
   2.8851899e-01
   3.0473752e-01
   3.2010243e-01
   3.3418694e-01
   3.4741784e-01
   3.6064875e-01
   3.7217243e-01
   3.8369612e-01
   3.9393940e-01
   4.0290226e-01
   4.1015792e-01
   4.1570636e-01
   4.1826717e-01
   4.1912079e-01
   4.1826717e-01
   4.1570635e-01
   4.1229193e-01
   4.0887750e-01
   4.0631669e-01
   4.0418267e-01
   4.0375587e-01
   4.0375587e-01
   4.0546309e-01
   4.0631668e-01
   4.0759710e-01
   4.0717030e-01
   4.0546308e-01
   4.0204866e-01
   3.9692702e-01
   3.9095177e-01
   3.8454972e-01
   3.7857447e-01
   3.7387964e-01
   3.7046522e-01
   3.6961161e-01
   3.7089202e-01
   3.7430644e-01
   3.7942808e-01
   3.8540333e-01
   3.9180537e-01
   3.9820743e-01
   4.0375587e-01
   4.0802390e-01
   4.1229193e-01
   4.1485275e-01
   4.1741357e-01
   4.1869399e-01
   4.2040120e-01
   4.2168161e-01
   4.2253521e-01
   4.2338883e-01
   4.2338882e-01
   4.2338882e-01
   4.2296201e-01
   4.2168161e-01
   4.2040120e-01
   4.1869398e-01
   4.1655996e-01
   4.1399915e-01
   4.1143832e-01
   4.0802389e-01
   4.0460947e-01
   4.0034145e-01
   3.9521980e-01
   3.8967136e-01
   3.8412292e-01
   3.7900128e-01
   3.7345283e-01
   3.6833120e-01
   3.6406317e-01
   3.5979513e-01
   3.5638071e-01
   3.5381988e-01
   3.5168587e-01
   3.4997865e-01
   3.4869825e-01
   3.4827144e-01
   3.4741784e-01
   3.4784465e-01
   3.4741784e-01
   3.4784465e-01
   3.4741784e-01
   3.4699104e-01
   3.4528382e-01
   3.4314980e-01
   3.4016218e-01
   3.3674776e-01
   3.3205292e-01
   3.2735809e-01
   3.2309006e-01
   3.1967563e-01
   3.1626120e-01
   3.1498080e-01
   3.1412718e-01
   3.1412718e-01
   3.1498080e-01
   3.1626120e-01
   3.1711481e-01
   3.1796842e-01
   3.1882202e-01
   3.1924882e-01
   3.1967563e-01
   3.1967563e-01
   3.1967563e-01
   3.2010243e-01
   3.2052923e-01
   3.2052924e-01
   3.1967563e-01
   3.1839522e-01
   3.1626121e-01
   3.1199316e-01
   3.0687153e-01
   3.0046948e-01
   2.9236022e-01
   2.8382415e-01
   2.7443448e-01
   2.6547161e-01
   2.5736235e-01
   2.4967989e-01
   2.4413145e-01
   2.4029023e-01
   2.3815620e-01
   2.3943662e-01
   2.4199744e-01
   2.4669227e-01
   2.5352113e-01
   2.6077678e-01
   2.6845924e-01
   2.7528809e-01
   2.8169014e-01
   2.8595817e-01
   2.8894579e-01
   2.9022621e-01
   2.9065300e-01
   2.8979940e-01
   2.8851899e-01
   2.8809219e-01
   2.8723858e-01
   2.8723858e-01
   2.8809220e-01
   2.8937260e-01
   2.9022620e-01
   2.9150662e-01
   2.9278702e-01
   2.9321383e-01
   2.9364063e-01
   2.9406743e-01
   2.9406743e-01
   2.9492105e-01
   2.9620145e-01
   2.9833547e-01
   3.0046948e-01
   3.0345710e-01
   3.0601792e-01
   3.0857874e-01
   3.0985916e-01
   3.1028596e-01
   3.0900555e-01
   3.0601792e-01
   3.0089628e-01
   2.9534784e-01
   2.8894579e-01
   2.8126333e-01
   2.7400768e-01
   2.6717883e-01
   2.6163039e-01
   2.5650875e-01
   2.5266752e-01
   2.4967989e-01
   2.4754588e-01
   2.4498506e-01
   2.4285104e-01
   2.4029023e-01
   2.3730260e-01
   2.3303457e-01
   2.2919334e-01
   2.2535212e-01
   2.2236449e-01
   2.2023047e-01
   2.1937686e-01
   2.2023047e-01
   2.2151088e-01
   2.2449850e-01
   2.2791293e-01
   2.3175415e-01
   2.3516859e-01
   2.3815621e-01
   2.4114383e-01
   2.4370465e-01
   2.4541187e-01
   2.4711907e-01
   2.4925309e-01
   2.5181391e-01
   2.5480153e-01
   2.5864276e-01
   2.6248400e-01
   2.6589842e-01
   2.6931284e-01
   2.7102005e-01
   2.7144686e-01
   2.7059325e-01
   2.6760563e-01
   2.6376441e-01
   2.5864276e-01
   2.5309432e-01
   2.4754588e-01
   2.4370465e-01
   2.4071703e-01
   2.3986342e-01
   2.4114383e-01
   2.4455826e-01
   2.4882629e-01
   2.5437473e-01
   2.5992317e-01
   2.6419120e-01
   2.6760563e-01
   2.6931284e-01
   2.6888604e-01
   2.6717882e-01
   2.6333761e-01
   2.5864277e-01
   2.5352113e-01
   2.4839949e-01
   2.4370466e-01
   2.3986342e-01
   2.3772941e-01
   2.3730260e-01
   2.3772940e-01
   2.3900981e-01
   2.4114383e-01
   2.4327784e-01
   2.4455825e-01
   2.4455825e-01
   2.4370466e-01
   2.4157063e-01
   2.3900981e-01
   2.3559539e-01
   2.3303456e-01
   2.3175415e-01
   2.3132736e-01
   2.3260776e-01
   2.3602219e-01
   2.4071703e-01
   2.4626547e-01
   2.5181392e-01
   2.5778916e-01
   2.6333760e-01
   2.6760564e-01
   2.7102006e-01
   2.7315408e-01
   2.7486129e-01
   2.7614169e-01
   2.7699531e-01
   2.7827572e-01
   2.7955612e-01
   2.8126333e-01
   2.8297055e-01
   2.8467777e-01
   2.8638498e-01
   2.8681178e-01
   2.8595817e-01
   2.8425096e-01
   2.8126333e-01
   2.7614170e-01
   2.7016645e-01
   2.6291079e-01
   2.5437473e-01
   2.4583867e-01
   2.3772940e-01
   2.3004695e-01
   2.2407170e-01
   2.2023047e-01
   2.1852326e-01
   2.1980366e-01
   2.2321809e-01
   2.2833973e-01
   2.3559539e-01
   2.4327784e-01
   2.5138711e-01
   2.5821596e-01
   2.6291080e-01
   2.6589842e-01
   2.6632522e-01
   2.6461800e-01
   2.6077678e-01
   2.5565514e-01
   2.4967990e-01
   2.4327784e-01
   2.3687580e-01
   2.3090055e-01
   2.2535212e-01
   2.1937687e-01
   2.1382843e-01
   2.0785318e-01
   2.0230474e-01
   1.9718310e-01
   1.9206146e-01
   1.8864703e-01
   1.8651301e-01
   1.8693981e-01
   1.8822022e-01
   1.9163466e-01
   1.9590269e-01
   2.0145113e-01
   2.0657277e-01
   2.1084080e-01
   2.1468203e-01
   2.1681604e-01
   2.1766965e-01
   2.1724285e-01
   2.1638924e-01
   2.1553564e-01
   2.1468203e-01
   2.1510883e-01
   2.1681604e-01
   2.2065728e-01
   2.2535212e-01
   2.3090056e-01
   2.3730261e-01
   2.4370465e-01
   2.5010671e-01
   2.5608195e-01
   2.6034998e-01
   2.6419121e-01
   2.6675203e-01
   2.6760563e-01
   2.6760563e-01
   2.6589842e-01
   2.6376440e-01
   2.6034998e-01
   2.5608194e-01
   2.5224072e-01
   2.4882629e-01
   2.4711908e-01
   2.4669227e-01
   2.4839949e-01
   2.5224072e-01
   2.5821596e-01
   2.6589842e-01
   2.7358088e-01
   2.8083653e-01
   2.8681178e-01
   2.9065301e-01
   2.9150661e-01
   2.9022621e-01
   2.8553137e-01
   2.7912932e-01
   2.7102005e-01
   2.6205719e-01
   2.5309432e-01
   2.4455825e-01
   2.3730260e-01
   2.3004694e-01
   2.2407171e-01
   2.1852326e-01
   2.1297482e-01
   2.0785318e-01
   2.0230474e-01
   1.9590269e-01
   1.8992745e-01
   1.8395219e-01
   1.7883055e-01
   1.7413572e-01
   1.7114810e-01
   1.6986769e-01
   1.7029449e-01
   1.7242851e-01
   1.7584294e-01
   1.8053777e-01
   1.8608621e-01
   1.9206146e-01
   1.9718310e-01
   2.0187793e-01
   2.0571916e-01
   2.0913359e-01
   2.1169441e-01
   2.1382842e-01
   2.1553564e-01
   2.1724286e-01
   2.1895006e-01
   2.2023047e-01
   2.2236449e-01
   2.2364490e-01
   2.2535211e-01
   2.2663252e-01
   2.2791293e-01
   2.2919334e-01
   2.2962014e-01
   2.3090056e-01
   2.3218096e-01
   2.3388818e-01
   2.3602219e-01
   2.3858301e-01
   2.4157063e-01
   2.4455826e-01
   2.4754588e-01
   2.5096031e-01
   2.5352113e-01
   2.5650875e-01
   2.5821596e-01
   2.5949637e-01
   2.5949637e-01
   2.5778916e-01
   2.5480153e-01
   2.5010670e-01
   2.4327784e-01
   2.3516859e-01
   2.2620572e-01
   2.1724286e-01
   2.0870678e-01
   2.0145113e-01
   1.9675629e-01
   1.9419548e-01
   1.9547588e-01
   1.9931712e-01
   2.0486556e-01
   2.1254801e-01
   2.2065728e-01
   2.2791293e-01
   2.3303456e-01
   2.3602219e-01
   2.3602219e-01
   2.3303457e-01
   2.2791293e-01
   2.2065728e-01
   2.1212121e-01
   2.0358515e-01
   1.9462228e-01
   1.8693982e-01
   1.8096457e-01
   1.7669654e-01
   1.7456253e-01
   1.7370891e-01
   1.7498932e-01
   1.7755015e-01
   1.8096458e-01
   1.8565941e-01
   1.9035424e-01
   1.9462228e-01
   1.9803670e-01
   2.0145113e-01
   2.0273154e-01
   2.0358514e-01
   2.0315834e-01
   2.0230474e-01
   2.0059753e-01
   1.9974391e-01
   1.9889031e-01
   1.9931712e-01
   2.0059753e-01
   2.0273154e-01
   2.0614597e-01
   2.0956039e-01
   2.1340162e-01
   2.1638925e-01
   2.1937687e-01
   2.2023047e-01
   2.2065728e-01
   2.1895006e-01
   2.1638924e-01
   2.1254802e-01
   2.0699957e-01
   2.0102433e-01
   1.9376867e-01
   1.8651301e-01
   1.7925736e-01
   1.7242851e-01
   1.6645326e-01
   1.6175843e-01
   1.5834400e-01
   1.5578318e-01
   1.5535638e-01
   1.5620999e-01
   1.5749039e-01
   1.5919761e-01
   1.6133162e-01
   1.6303884e-01
   1.6389245e-01
   1.6474606e-01
   1.6559965e-01
   1.6559966e-01
   1.6602647e-01
   1.6688007e-01
   1.6858727e-01
   1.7114810e-01
   1.7456253e-01
   1.7840375e-01
   1.8309859e-01
   1.8693982e-01
   1.9078105e-01
   1.9291507e-01
   1.9419548e-01
   1.9376866e-01
   1.9120785e-01
   1.8693981e-01
   1.8139138e-01
   1.7498933e-01
   1.6773367e-01
   1.6047801e-01
   1.5279556e-01
   1.4639351e-01
   1.3999147e-01
   1.3529663e-01
   1.3188220e-01
   1.2889458e-01
   1.2718737e-01
   1.2633376e-01
   1.2633377e-01
   1.2718737e-01
   1.2846778e-01
   1.3145540e-01
   1.3444302e-01
   1.3828425e-01
   1.4169868e-01
   1.4596670e-01
   1.4938114e-01
   1.5194195e-01
   1.5279556e-01
   1.5322236e-01
   1.5151516e-01
   1.4852753e-01
   1.4425949e-01
   1.3999147e-01
   1.3529663e-01
   1.3188221e-01
   1.2974819e-01
   1.2889458e-01
   1.3060179e-01
   1.3401621e-01
   1.3956467e-01
   1.4682031e-01
   1.5492958e-01
   1.6303884e-01
   1.7114810e-01
   1.7755015e-01
   1.8224498e-01
   1.8480580e-01
   1.8480580e-01
   1.8267179e-01
   1.7883056e-01
   1.7285531e-01
   1.6645327e-01
   1.5962441e-01
   1.5364917e-01
   1.4852752e-01
   1.4596670e-01
   1.4468630e-01
   1.4596671e-01
   1.4938114e-01
   1.5450278e-01
   1.6175842e-01
   1.7029449e-01
   1.7883056e-01
   1.8822023e-01
   1.9632949e-01
   2.0401195e-01
   2.0998719e-01
   2.1468203e-01
   2.1724286e-01
   2.1852326e-01
   2.1766966e-01
   2.1596244e-01
   2.1297481e-01
   2.0956039e-01
   2.0529235e-01
   2.0102433e-01
   1.9632949e-01
   1.9248826e-01
   1.8822023e-01
   1.8437901e-01
   1.8139138e-01
   1.7925737e-01
   1.7925736e-01
   1.8053776e-01
   1.8437901e-01
   1.9078105e-01
   1.9974391e-01
   2.1041400e-01
   2.2236449e-01
   2.3431498e-01
   2.4541187e-01
   2.5480153e-01
   2.6205719e-01
   2.6547162e-01
   2.6717883e-01
   2.6589841e-01
   2.6333760e-01
   2.6034998e-01
   2.5736236e-01
   2.5522835e-01
   2.5480153e-01
   2.5608195e-01
   2.5949637e-01
   2.6376440e-01
   2.6845924e-01
   2.7400768e-01
   2.7870251e-01
   2.8254374e-01
   2.8553137e-01
   2.8766538e-01
   2.8809219e-01
   2.8851899e-01
   2.8851899e-01
   2.8937260e-01
   2.9065301e-01
   2.9278702e-01
   2.9662826e-01
   3.0089628e-01
   3.0559112e-01
   3.1028595e-01
   3.1412719e-01
   3.1668800e-01
   3.1754161e-01
   3.1668801e-01
   3.1455399e-01
   3.1071275e-01
   3.0687153e-01
   3.0345710e-01
   3.0046948e-01
   2.9961588e-01
   3.0046948e-01
   3.0388391e-01
   3.0900554e-01
   3.1540760e-01
   3.2223644e-01
   3.2949211e-01
   3.3546734e-01
   3.4016218e-01
   3.4229620e-01
   3.4314980e-01
   3.4101579e-01
   3.3674776e-01
   3.3034571e-01
   3.2309006e-01
   3.1455399e-01
   3.0559112e-01
   2.9662825e-01
   2.8809219e-01
   2.8040973e-01
   2.7400768e-01
   2.6931284e-01
   2.6632522e-01
   2.6461801e-01
   2.6504481e-01
   2.6675203e-01
   2.6973964e-01
   2.7443448e-01
   2.7912932e-01
   2.8467776e-01
   2.8979940e-01
   2.9449423e-01
   2.9918907e-01
   3.0217669e-01
   3.0516432e-01
   3.0601792e-01
   3.0601792e-01
   3.0473752e-01
   3.0260349e-01
   2.9876227e-01
   2.9406743e-01
   2.8937260e-01
   2.8467776e-01
   2.7998293e-01
   2.7614170e-01
   2.7358088e-01
   2.7230046e-01
   2.7272727e-01
   2.7358088e-01
   2.7614169e-01
   2.7912932e-01
   2.8211695e-01
   2.8467777e-01
   2.8638498e-01
   2.8809220e-01
   2.8894579e-01
   2.8979940e-01
   2.8979940e-01
   2.9022621e-01
   2.9150661e-01
   2.9236022e-01
   2.9406743e-01
   2.9620145e-01
   2.9790867e-01
   3.0004268e-01
   3.0217669e-01
   3.0345711e-01
   3.0473752e-01
   3.0601792e-01
   3.0644473e-01
   3.0772514e-01
   3.0857875e-01
   3.0943235e-01
   3.0943235e-01
   3.0900554e-01
   3.0815194e-01
   3.0559112e-01
   3.0303031e-01
   2.9918906e-01
   2.9534784e-01
   2.9150662e-01
   2.8851899e-01
   2.8595817e-01
   2.8553136e-01
   2.8681178e-01
   2.8979940e-01
   2.9492104e-01
   3.0217670e-01
   3.1071275e-01
   3.1967563e-01
   3.2906530e-01
   3.3717455e-01
   3.4314980e-01
   3.4613743e-01
   3.4571063e-01
   3.4144259e-01
   3.3333333e-01
   3.2180965e-01
   3.0815194e-01
   2.9364063e-01
   2.7870251e-01
   2.6547162e-01
   2.5437473e-01
   2.4541186e-01
   2.3815620e-01
   2.3303457e-01
   2.2791293e-01
   2.2279129e-01
   2.1638924e-01
   2.0827998e-01
   1.9718310e-01
   1.8480580e-01
   1.6944089e-01
   1.5407597e-01
   1.3785745e-01
   1.2163893e-01
   1.0712761e-01
   9.4323512e-02
   8.3653437e-02
   7.5544168e-02
   6.9995734e-02
   6.6154501e-02
   6.5300896e-02
   6.6154501e-02
   6.9142119e-02
   7.4263760e-02
   8.0665809e-02
   8.9628683e-02
   9.9871955e-02
   1.1182245e-01
   1.2462655e-01
   1.3700384e-01
   1.4852753e-01
   1.5877080e-01
   1.6645327e-01
   1.7114811e-01
   1.7285532e-01
   1.7114810e-01
   1.6688007e-01
   1.6047802e-01
   1.5279556e-01
   1.4383269e-01
   1.3572342e-01
   1.2846778e-01
   1.2249253e-01
   1.1779769e-01
   1.1566367e-01
   1.1481008e-01
   1.1651729e-01
   1.1993171e-01
   1.2462655e-01
   1.3188220e-01
   1.4041827e-01
   1.5023474e-01
   1.6175843e-01
   1.7456253e-01
   1.8779343e-01
   2.0102432e-01
   2.1340162e-01
   2.2449851e-01
   2.3431498e-01
   2.4114383e-01
   2.4541187e-01
   2.4669227e-01
   2.4541187e-01
   2.4157063e-01
   2.3602220e-01
   2.3047376e-01
   2.2407171e-01
   2.1937687e-01
   2.1596244e-01
   2.1468203e-01
   2.1510883e-01
   2.1809646e-01
   2.2193769e-01
   2.2748612e-01
   2.3388818e-01
   2.4029023e-01
   2.4711908e-01
   2.5309432e-01
   2.5949636e-01
   2.6504482e-01
   2.7102006e-01
   2.7571489e-01
   2.7955612e-01
   2.8254374e-01
   2.8425096e-01
   2.8467777e-01
   2.8339735e-01
   2.8083653e-01
   2.7699530e-01
   2.7272727e-01
   2.6760563e-01
   2.6248399e-01
   2.5864277e-01
   2.5650875e-01
   2.5522834e-01
   2.5650874e-01
   2.5949637e-01
   2.6419120e-01
   2.7016645e-01
   2.7571490e-01
   2.8040973e-01
   2.8382416e-01
   2.8510457e-01
   2.8339736e-01
   2.7912932e-01
   2.7272727e-01
   2.6419120e-01
   2.5565514e-01
   2.4754588e-01
   2.4071702e-01
   2.3687581e-01
   2.3602219e-01
   2.3772941e-01
   2.4327784e-01
   2.5096031e-01
   2.6034998e-01
   2.7102005e-01
   2.8169015e-01
   2.9107981e-01
   2.9918907e-01
   3.0559112e-01
   3.0900555e-01
   3.1071276e-01
   3.0985916e-01
   3.0729833e-01
   3.0345711e-01
   2.9961588e-01
   2.9534784e-01
   2.9236022e-01
   2.9022621e-01
   2.8979941e-01
   2.8979941e-01
   2.9150662e-01
   2.9278702e-01
   2.9534784e-01
   2.9705506e-01
   2.9790867e-01
   2.9833546e-01
   2.9790867e-01
   2.9705506e-01
   2.9577465e-01
   2.9492105e-01
   2.9406743e-01
   2.9406743e-01
   2.9449423e-01
   2.9534784e-01
   2.9662826e-01
   2.9833547e-01
   3.0004268e-01
   3.0089628e-01
   3.0217670e-01
   3.0260350e-01
   3.0345710e-01
   3.0431071e-01
   3.0473752e-01
   3.0644473e-01
   3.0900555e-01
   3.1199316e-01
   3.1540759e-01
   3.1924882e-01
   3.2309005e-01
   3.2693128e-01
   3.2991891e-01
   3.3247972e-01
   3.3376013e-01
   3.3290653e-01
   3.3119932e-01
   3.2735808e-01
   3.2223644e-01
   3.1583439e-01
   3.0985916e-01
   3.0345710e-01
   2.9876226e-01
   2.9620145e-01
   2.9492104e-01
   2.9577465e-01
   2.9748186e-01
   3.0004268e-01
   3.0174990e-01
   3.0260349e-01
   3.0132310e-01
   2.9748185e-01
   2.9150661e-01
   2.8339735e-01
   2.7486130e-01
   2.6589842e-01
   2.5821596e-01
   2.5309432e-01
   2.5010670e-01
   2.5053351e-01
   2.5309432e-01
   2.5778915e-01
   2.6376441e-01
   2.6973965e-01
   2.7358088e-01
   2.7571489e-01
   2.7571489e-01
   2.7272727e-01
   2.6760563e-01
   2.6120358e-01
   2.5352113e-01
   2.4626546e-01
   2.4071703e-01
   2.3644899e-01
   2.3431498e-01
   2.3431498e-01
   2.3602219e-01
   2.3900981e-01
   2.4285105e-01
   2.4669227e-01
   2.5010670e-01
   2.5394793e-01
   2.5736235e-01
   2.6120358e-01
   2.6504481e-01
   2.6973965e-01
   2.7528809e-01
   2.8169014e-01
   2.8809219e-01
   2.9406743e-01
   2.9918907e-01
   3.0345711e-01
   3.0601792e-01
   3.0687154e-01
   3.0644473e-01
   3.0516432e-01
   3.0303030e-01
   3.0089628e-01
   2.9918907e-01
   2.9833547e-01
   2.9790867e-01
   2.9790867e-01
   2.9833547e-01
   2.9833547e-01
   2.9748186e-01
   2.9620145e-01
   2.9406743e-01
   2.9065300e-01
   2.8638498e-01
   2.8254374e-01
   2.7998293e-01
   2.7827571e-01
   2.7742211e-01
   2.7827572e-01
   2.8040973e-01
   2.8297055e-01
   2.8510457e-01
   2.8681178e-01
   2.8766538e-01
   2.8681178e-01
   2.8553136e-01
   2.8339735e-01
   2.8169015e-01
   2.8040973e-01
   2.8083653e-01
   2.8211694e-01
   2.8510457e-01
   2.8851899e-01
   2.9236022e-01
   2.9534785e-01
   2.9748186e-01
   2.9748186e-01
   2.9620145e-01
   2.9278702e-01
   2.8894579e-01
   2.8425095e-01
   2.8040973e-01
   2.7699531e-01
   2.7486129e-01
   2.7443448e-01
   2.7528809e-01
   2.7742211e-01
   2.8083653e-01
   2.8467777e-01
   2.8894579e-01
   2.9406743e-01
   2.9961588e-01
   3.0644473e-01
   3.1370038e-01
   3.2180964e-01
   3.3119932e-01
   3.4058898e-01
   3.4997866e-01
   3.5979513e-01
   3.6790440e-01
   3.7558686e-01
   3.8156209e-01
   3.8583013e-01
   3.8881776e-01
   3.9009816e-01
   3.9095177e-01
   3.9095177e-01
   3.9095177e-01
   3.9095177e-01
   3.9095177e-01
   3.9180537e-01
   3.9223218e-01
   3.9351259e-01
   3.9436620e-01
   3.9607341e-01
   3.9735382e-01
   3.9906103e-01
   4.0076825e-01
   4.0247546e-01
   4.0375587e-01
   4.0503627e-01
   4.0674349e-01
   4.0717030e-01
   4.0717029e-01
   4.0588989e-01
   4.0375587e-01
   4.0076825e-01
   3.9692702e-01
   3.9223218e-01
   3.8711055e-01
   3.8198890e-01
   3.7729407e-01
   3.7302604e-01
   3.6961161e-01
   3.6747760e-01
   3.6705078e-01
   3.6747760e-01
   3.6918481e-01
   3.7174562e-01
   3.7430645e-01
   3.7729406e-01
   3.7942808e-01
   3.8070849e-01
   3.8113529e-01
   3.8070850e-01
   3.7857448e-01
   3.7644046e-01
   3.7345284e-01
   3.7046522e-01
   3.6747760e-01
   3.6491677e-01
   3.6235595e-01
   3.5979513e-01
   3.5723431e-01
   3.5510029e-01
   3.5253948e-01
   3.4912505e-01
   3.4656423e-01
   3.4314980e-01
   3.4016218e-01
   3.3717456e-01
   3.3461374e-01
   3.3205292e-01
   3.2949210e-01
   3.2735808e-01
   3.2522407e-01
   3.2309005e-01
   3.2138285e-01
   3.2010243e-01
   3.2010243e-01
   3.2052923e-01
   3.2138285e-01
   3.2266326e-01
   3.2437047e-01
   3.2650448e-01
   3.2821170e-01
   3.3034570e-01
   3.3247973e-01
   3.3504055e-01
   3.3845497e-01
   3.4229620e-01
   3.4613743e-01
   3.4997866e-01
   3.5381989e-01
   3.5638071e-01
   3.5766112e-01
   3.5680751e-01
   3.5381989e-01
   3.4955186e-01
   3.4314981e-01
   3.3674776e-01
   3.2991891e-01
   3.2437046e-01
   3.2010244e-01
   3.1796841e-01
   3.1754161e-01
   3.1882202e-01
   3.2052923e-01
   3.2266326e-01
   3.2437046e-01
   3.2565087e-01
   3.2522407e-01
   3.2351686e-01
   3.2095604e-01
   3.1754161e-01
   3.1370038e-01
   3.0943235e-01
   3.0559111e-01
   3.0217669e-01
   2.9918907e-01
   2.9705506e-01
   2.9449423e-01
   2.9150662e-01
   2.8851900e-01
   2.8467777e-01
   2.8083654e-01
   2.7656850e-01
   2.7315408e-01
   2.7059325e-01
   2.6888604e-01
   2.6973964e-01
   2.7315408e-01
   2.7912932e-01
   2.8723858e-01
   2.9705505e-01
   3.0772514e-01
   3.1839522e-01
   3.2778489e-01
   3.3546735e-01
   3.4016218e-01
   3.4229620e-01
   3.4101579e-01
   3.3717455e-01
   3.3205292e-01
   3.2479727e-01
   3.1711481e-01
   3.0900554e-01
   3.0089628e-01
   2.9321383e-01
   2.8595816e-01
   2.7955612e-01
   2.7358088e-01
   2.6888604e-01
   2.6547162e-01
   2.6333760e-01
   2.6291080e-01
   2.6376441e-01
   2.6547162e-01
   2.6845924e-01
   2.7144686e-01
   2.7486129e-01
   2.7827571e-01
   2.8083653e-01
   2.8297055e-01
   2.8467777e-01
   2.8467776e-01
   2.8339735e-01
   2.8040973e-01
   2.7614169e-01
   2.7059326e-01
   2.6333760e-01
   2.5565514e-01
   2.4754588e-01
   2.3986342e-01
   2.3303457e-01
   2.2748613e-01
   2.2407170e-01
   2.2279130e-01
   2.2364490e-01
   2.2577892e-01
   2.2919334e-01
   2.3260777e-01
   2.3602220e-01
   2.3772941e-01
   2.3772940e-01
   2.3687580e-01
   2.3474178e-01
   2.3218097e-01
   2.2962014e-01
   2.2791293e-01
   2.2705933e-01
   2.2705933e-01
   2.2833973e-01
   2.3004694e-01
   2.3218096e-01
   2.3388817e-01
   2.3559539e-01
   2.3687581e-01
   2.3858301e-01
   2.3943662e-01
   2.4071703e-01
   2.4157063e-01
   2.4157063e-01
   2.4157063e-01
   2.3943662e-01
   2.3644899e-01
   2.3260777e-01
   2.2748613e-01
   2.2193769e-01
   2.1681604e-01
   2.1340162e-01
   2.1126761e-01
   2.1212122e-01
   2.1510883e-01
   2.2065727e-01
   2.2833973e-01
   2.3730260e-01
   2.4669227e-01
   2.5480153e-01
   2.6120358e-01
   2.6504481e-01
   2.6589842e-01
   2.6291079e-01
   2.5650875e-01
   2.4669227e-01
   2.3431498e-01
   2.2108408e-01
   2.0699957e-01
   1.9376866e-01
   1.8181818e-01
   1.7242851e-01
   1.6645327e-01
   1.6389244e-01
   1.6474605e-01
   1.6858727e-01
   1.7541613e-01
   1.8523260e-01
   1.9632950e-01
   2.0956039e-01
   2.2321809e-01
   2.3815620e-01
   2.5266752e-01
   2.6589841e-01
   2.7742210e-01
   2.8681178e-01
   2.9236022e-01
   2.9449423e-01
   2.9364063e-01
   2.8979940e-01
   2.8425095e-01
   2.7742211e-01
   2.7102006e-01
   2.6461801e-01
   2.5992318e-01
   2.5565514e-01
   2.5224072e-01
   2.4839949e-01
   2.4413146e-01
   2.3772940e-01
   2.2962014e-01
   2.1937687e-01
   2.0870678e-01
   1.9760991e-01
   1.8864703e-01
   1.8224498e-01
   1.7968417e-01
   1.8096457e-01
   1.8693982e-01
   1.9590269e-01
   2.0699957e-01
   2.1895006e-01
   2.2962014e-01
   2.3772940e-01
   2.4285104e-01
   2.4455826e-01
   2.4285104e-01
   2.3900981e-01
   2.3346137e-01
   2.2833973e-01
   2.2407170e-01
   2.2236449e-01
   2.2364490e-01
   2.2748613e-01
   2.3346137e-01
   2.4157063e-01
   2.5053351e-01
   2.5949637e-01
   2.6717883e-01
   2.7315408e-01
   2.7742210e-01
   2.7955612e-01
   2.7955612e-01
   2.7827571e-01
   2.7571489e-01
   2.7230047e-01
   2.6803243e-01
   2.6333760e-01
   2.5864277e-01
   2.5394792e-01
   2.4967989e-01
   2.4541187e-01
   2.4157063e-01
   2.3900981e-01
   2.3730261e-01
   2.3687580e-01
   2.3730260e-01
   2.3858302e-01
   2.4029023e-01
   2.4157063e-01
   2.4327784e-01
   2.4455825e-01
   2.4541187e-01
   2.4583866e-01
   2.4626546e-01
   2.4797268e-01
   2.5010671e-01
   2.5309432e-01
   2.5650874e-01
   2.5949637e-01
   2.6205719e-01
   2.6291079e-01
   2.6120358e-01
   2.5693556e-01
   2.4925309e-01
   2.3900981e-01
   2.2748613e-01
   2.1510883e-01
   2.0358515e-01
   1.9419548e-01
   1.8822023e-01
   1.8565941e-01
   1.8736663e-01
   1.9291506e-01
   2.0187793e-01
   2.1340161e-01
   2.2577892e-01
   2.3730260e-01
   2.4797268e-01
   2.5522834e-01
   2.5949637e-01
   2.5906957e-01
   2.5480154e-01
   2.4626547e-01
   2.3516859e-01
   2.2193769e-01
   2.0870678e-01
   1.9632949e-01
   1.8651302e-01
   1.7968417e-01
   1.7712334e-01
   1.7883056e-01
   1.8352540e-01
   1.9120785e-01
   2.0102433e-01
   2.1084080e-01
   2.2023047e-01
   2.2748613e-01
   2.3303457e-01
   2.3687580e-01
   2.3815620e-01
   2.3730260e-01
   2.3516859e-01
   2.3260776e-01
   2.3004694e-01
   2.2663251e-01
   2.2449851e-01
   2.2279129e-01
   2.2151088e-01
   2.2065728e-01
   2.2065728e-01
   2.2151088e-01
   2.2407170e-01
   2.2748613e-01
   2.3175415e-01
   2.3730260e-01
   2.4327785e-01
   2.4882630e-01
   2.5352113e-01
   2.5608194e-01
   2.5565514e-01
   2.5224072e-01
   2.4626546e-01
   2.3730260e-01
   2.2620571e-01
   2.1510883e-01
   2.0486555e-01
   1.9675629e-01
   1.9248826e-01
   1.9206145e-01
   1.9590269e-01
   2.0358514e-01
   2.1425522e-01
   2.2705933e-01
   2.3986342e-01
   2.5224072e-01
   2.6248399e-01
   2.6973964e-01
   2.7315408e-01
   2.7315408e-01
   2.7016645e-01
   2.6504481e-01
   2.5906957e-01
   2.5437473e-01
   2.5181391e-01
   2.5309432e-01
   2.6034998e-01
   2.7272727e-01
   2.9193342e-01
   3.1626121e-01
   3.4528382e-01
   3.7644046e-01
   4.0887751e-01
   4.3960734e-01
   4.6734955e-01
   4.8954332e-01
   5.0618864e-01
   5.1557831e-01
   5.1813913e-01
   5.1387110e-01
   5.0448143e-01
   4.9125054e-01
   4.7503201e-01
   4.5881349e-01
   4.4344857e-01
   4.3021767e-01
   4.1997439e-01
   4.1314553e-01
   4.1015792e-01
   4.0930431e-01
   4.1058472e-01
   4.1271873e-01
   4.1399915e-01
   4.1357235e-01
   4.1143833e-01
   4.0717029e-01
   4.0162185e-01
   3.9436620e-01
   3.8753734e-01
   3.8070850e-01
   3.7558685e-01
   3.7302603e-01
   3.7259923e-01
   3.7345284e-01
   3.7516005e-01
   3.7772087e-01
   3.7942809e-01
   3.7857447e-01
   3.7644046e-01
   3.7217243e-01
   3.6619718e-01
   3.5936834e-01
   3.5253948e-01
   3.4741785e-01
   3.4400341e-01
   3.4357661e-01
   3.4613743e-01
   3.5083227e-01
   3.5808792e-01
   3.6705078e-01
   3.7601366e-01
   3.8497652e-01
   3.9265898e-01
   3.9863423e-01
   4.0247546e-01
   4.0418267e-01
   4.0418268e-01
   4.0204866e-01
   3.9820742e-01
   3.9308579e-01
   3.8711054e-01
   3.8028169e-01
   3.7387964e-01
   3.6875800e-01
   3.6491677e-01
   3.6320956e-01
   3.6363636e-01
   3.6662398e-01
   3.7131882e-01
   3.7772087e-01
   3.8497652e-01
   3.9180538e-01
   3.9778062e-01
   4.0247546e-01
   4.0546308e-01
   4.0802390e-01
   4.1015792e-01
   4.1229194e-01
   4.1570636e-01
   4.2125480e-01
   4.2765684e-01
   4.3491251e-01
   4.4216816e-01
   4.4686300e-01
   4.4814341e-01
   4.4558259e-01
   4.3704652e-01
   4.2381562e-01
   4.0588988e-01
   3.8454972e-01
   3.6192915e-01
   3.3973539e-01
   3.1967563e-01
   3.0388391e-01
   2.9193342e-01
   2.8510457e-01
   2.8211694e-01
   2.8297055e-01
   2.8638498e-01
   2.9107981e-01
   2.9492105e-01
   2.9876227e-01
   3.0004268e-01
   2.9961588e-01
   2.9705506e-01
   2.9278702e-01
   2.8681178e-01
   2.8040973e-01
   2.7400768e-01
   2.6845924e-01
   2.6333761e-01
   2.6077678e-01
   2.5906956e-01
   2.5906957e-01
   2.6034997e-01
   2.6163039e-01
   2.6205720e-01
   2.6163039e-01
   2.5992318e-01
   2.5565514e-01
   2.5010670e-01
   2.4285104e-01
   2.3431498e-01
   2.2577892e-01
   2.1724285e-01
   2.0998719e-01
   2.0443875e-01
   2.0187793e-01
   2.0102433e-01
   2.0230474e-01
   2.0614596e-01
   2.1041400e-01
   2.1510883e-01
   2.1852326e-01
   2.2065727e-01
   2.2023047e-01
   2.1766965e-01
   2.1169441e-01
   2.0273154e-01
   1.9248826e-01
   1.8096458e-01
   1.6986769e-01
   1.5919761e-01
   1.5151515e-01
   1.4596670e-01
   1.4297909e-01
   1.4212548e-01
   1.4383269e-01
   1.4596670e-01
   1.4810073e-01
   1.4980794e-01
   1.5066154e-01
   1.5023474e-01
   1.4895433e-01
   1.4682031e-01
   1.4511310e-01
   1.4383269e-01
   1.4297909e-01
   1.4297909e-01
   1.4297908e-01
   1.4255228e-01
   1.4127188e-01
   1.3956466e-01
   1.3572342e-01
   1.3060179e-01
   1.2462655e-01
   1.1907810e-01
   1.1438326e-01
   1.1096884e-01
   1.1011523e-01
   1.1224925e-01
   1.1779769e-01
   1.2590695e-01
   1.3615023e-01
   1.4810072e-01
   1.6047802e-01
   1.7285532e-01
   1.8309859e-01
   1.9206145e-01
   1.9760990e-01
   2.0017072e-01
   1.9974392e-01
   1.9590269e-01
   1.8822023e-01
   1.7883056e-01
   1.6730687e-01
   1.5578318e-01
   1.4383269e-01
   1.3316262e-01
   1.2505335e-01
   1.1907810e-01
   1.1694409e-01
   1.1822450e-01
   1.2121211e-01
   1.2633376e-01
   1.3145540e-01
   1.3700384e-01
   1.4084506e-01
   1.4255227e-01
   1.4212548e-01
   1.3999147e-01
   1.3615023e-01
   1.3145540e-01
   1.2718736e-01
   1.2419974e-01
   1.2206572e-01
   1.2206572e-01
   1.2334613e-01
   1.2505335e-01
   1.2761417e-01
   1.3017498e-01
   1.3145540e-01
   1.3230900e-01
   1.3230900e-01
   1.3188221e-01
   1.3102859e-01
   1.3102859e-01
   1.3102859e-01
   1.3230900e-01
   1.3444302e-01
   1.3785745e-01
   1.4084507e-01
   1.4511310e-01
   1.4852753e-01
   1.5194195e-01
   1.5492958e-01
   1.5706359e-01
   1.5962442e-01
   1.6218523e-01
   1.6474605e-01
   1.6816047e-01
   1.7200170e-01
   1.7626974e-01
   1.8139138e-01
   1.8608622e-01
   1.8950064e-01
   1.9163465e-01
   1.9163466e-01
   1.8864703e-01
   1.8437900e-01
   1.7755015e-01
   1.7072129e-01
   1.6389244e-01
   1.5919761e-01
   1.5706359e-01
   1.5877080e-01
   1.6389244e-01
   1.7242851e-01
   1.8309859e-01
   1.9462228e-01
   2.0529235e-01
   2.1382842e-01
   2.1937687e-01
   2.2151087e-01
   2.2023047e-01
   2.1596244e-01
   2.0998719e-01
   2.0401195e-01
   1.9846351e-01
   1.9462228e-01
   1.9248826e-01
   1.9206146e-01
   1.9376867e-01
   1.9547588e-01
   1.9718310e-01
   1.9846351e-01
   1.9931711e-01
   1.9846350e-01
   1.9675630e-01
   1.9419548e-01
   1.9163465e-01
   1.8822022e-01
   1.8565941e-01
   1.8395219e-01
   1.8309859e-01
   1.8309859e-01
   1.8395219e-01
   1.8523260e-01
   1.8779343e-01
   1.9078105e-01
   1.9376866e-01
   1.9718310e-01
   2.0059753e-01
   2.0401195e-01
   2.0657277e-01
   2.0870678e-01
   2.1041400e-01
   2.1169441e-01
   2.1212122e-01
   2.1254802e-01
   2.1212121e-01
   2.1212122e-01
   2.1169440e-01
   2.1254801e-01
   2.1297482e-01
   2.1425523e-01
   2.1596244e-01
   2.1766965e-01
   2.1980367e-01
   2.2236449e-01
   2.2449851e-01
   2.2577891e-01
   2.2705933e-01
   2.2705932e-01
   2.2577892e-01
   2.2364490e-01
   2.2023047e-01
   2.1553564e-01
   2.0998719e-01
   2.0443875e-01
   1.9889031e-01
   1.9334187e-01
   1.8950064e-01
   1.8651302e-01
   1.8523260e-01
   1.8523260e-01
   1.8693982e-01
   1.8864703e-01
   1.9206145e-01
   1.9419548e-01
   1.9675630e-01
   1.9931711e-01
   2.0102433e-01
   2.0315835e-01
   2.0614596e-01
   2.1041400e-01
   2.1553564e-01
   2.2236449e-01
   2.2962014e-01
   2.3772941e-01
   2.4498506e-01
   2.5096031e-01
   2.5608194e-01
   2.5864277e-01
   2.5906956e-01
   2.5821596e-01
   2.5650874e-01
   2.5394793e-01
   2.5266751e-01
   2.5181392e-01
   2.5266752e-01
   2.5437473e-01
   2.5650875e-01
   2.5992318e-01
   2.6291079e-01
   2.6589842e-01
   2.6845924e-01
   2.7016646e-01
   2.7144686e-01
   2.7315408e-01
   2.7486129e-01
   2.7699530e-01
   2.7998293e-01
   2.8467777e-01
   2.9107981e-01
   2.9876227e-01
   3.0772514e-01
   3.1839522e-01
   3.2949211e-01
   3.4058898e-01
   3.5083226e-01
   3.6064874e-01
   3.6833120e-01
   3.7516004e-01
   3.7942808e-01
   3.8284250e-01
   3.8583013e-01
   3.8796414e-01
   3.9052497e-01
   3.9223219e-01
   3.9436620e-01
   3.9564661e-01
   3.9521980e-01
   3.9436620e-01
   3.9095177e-01
   3.8583013e-01
   3.7942809e-01
   3.7131882e-01
   3.6406317e-01
   3.5638070e-01
   3.5083227e-01
   3.4741785e-01
   3.4784465e-01
   3.5253948e-01
   3.6192915e-01
   3.7772087e-01
   3.9991464e-01
   4.2893725e-01
   4.6478874e-01
   5.0746906e-01
   5.5569783e-01
   6.0862143e-01
   6.6495945e-01
   7.2215109e-01
   7.7848912e-01
   8.3141272e-01
   8.7921468e-01
   9.2018779e-01
   9.5347844e-01
   9.7780623e-01
   9.9274434e-01
   1.0000000e+00
   9.9957320e-01
   9.9317115e-01
   9.8335467e-01
   9.7140419e-01
   9.5817329e-01
   9.4579599e-01
   9.3469909e-01
   9.2445583e-01
   9.1506616e-01
   9.0567648e-01
   8.9500639e-01
   8.8177549e-01
   8.6598378e-01
   8.4805804e-01
   8.2885189e-01
   8.0836534e-01
   7.8915919e-01
   7.7123346e-01
   7.5714896e-01
   7.4647887e-01
   7.3922322e-01
   7.3495518e-01
   7.3239437e-01
   7.3111395e-01
   7.2983354e-01
   7.2769953e-01
   7.2471190e-01
   7.1959027e-01
   7.1276141e-01
   7.0465215e-01
   6.9440888e-01
   6.8203158e-01
   6.6752027e-01
   6.5130175e-01
   6.3252240e-01
   6.1246265e-01
   5.9112249e-01
   5.6935553e-01
   5.4886898e-01
   5.2966282e-01
   5.1387110e-01
   5.0149381e-01
   4.9338454e-01
   4.8911651e-01
   4.8783611e-01
   4.8997012e-01
   4.9423816e-01
   4.9850618e-01
   5.0234741e-01
   5.0405463e-01
   5.0405462e-01
   5.0021340e-01
   4.9295774e-01
   4.8271447e-01
   4.6991037e-01
   4.5497226e-01
   4.3918054e-01
   4.2338882e-01
   4.0887751e-01
   3.9564661e-01
   3.8540333e-01
   3.7772087e-01
   3.7174562e-01
   3.6790439e-01
   3.6448997e-01
   3.6064875e-01
   3.5595391e-01
   3.4997865e-01
   3.4186939e-01
   3.3205292e-01
   3.2095604e-01
   3.0900554e-01
   2.9705506e-01
   2.8595817e-01
   2.7614169e-01
   2.6760563e-01
   2.6077678e-01
   2.5608194e-01
   2.5224072e-01
   2.5010670e-01
   2.4797268e-01
   2.4669227e-01
   2.4541187e-01
   2.4327784e-01
   2.4071703e-01
   2.3687581e-01
   2.3132736e-01
   2.2407171e-01
   2.1553564e-01
   2.0529236e-01
   1.9462228e-01
   1.8352539e-01
   1.7242851e-01
   1.6175843e-01
   1.5236875e-01
   1.4425949e-01
   1.3657703e-01
   1.3060179e-01
   1.2462655e-01
   1.1950490e-01
   1.1481007e-01
   1.1011524e-01
   1.0627400e-01
   1.0328639e-01
   1.0157918e-01
   1.0072557e-01
   1.0157918e-01
   1.0328639e-01
   1.0627401e-01
   1.0926163e-01
   1.1267605e-01
   1.1481007e-01
   1.1609048e-01
   1.1651729e-01
   1.1566368e-01
   1.1310286e-01
   1.1011524e-01
   1.0712762e-01
   1.0371319e-01
   1.0072556e-01
   9.9018350e-02
   9.8591548e-02
   9.9871955e-02
   1.0285958e-01
   1.0840803e-01
   1.1609048e-01
   1.2505335e-01
   1.3615024e-01
   1.4724712e-01
   1.5791720e-01
   1.6730687e-01
   1.7370891e-01
   1.7584294e-01
   1.7370891e-01
   1.6602647e-01
   1.5407597e-01
   1.3871105e-01
   1.2121211e-01
   1.0456679e-01
   8.9201880e-02
   7.8531796e-02
   7.2556559e-02
   7.2556550e-02
   7.8104993e-02
   8.8348266e-02
   1.0072556e-01
   1.1395647e-01
   1.2633377e-01
   1.3572343e-01
   1.4127188e-01
   1.4169867e-01
   1.3785745e-01
   1.2889457e-01
   1.1737089e-01
   1.0456679e-01
   9.0482288e-02
   7.7678191e-02
   6.6581304e-02
   5.7618439e-02
   5.0789588e-02
   4.5241144e-02
   4.0973109e-02
   3.6705082e-02
   3.2010244e-02
   2.6461800e-02
   2.0059752e-02
   1.3657703e-02
   7.6824567e-03
   2.5608158e-03
   0.0000000e+00
   4.2679331e-04
   4.2680356e-03
   1.1950492e-02
   2.2193765e-02
   3.4571060e-02
   4.8228763e-02
   6.2313277e-02
   7.5544178e-02
   8.8348266e-02
   9.9871955e-02
   1.1054204e-01
   1.2035851e-01
   1.3017498e-01
   1.3871105e-01
   1.4682032e-01
   1.5364917e-01
   1.5919761e-01
   1.6175843e-01
   1.6261204e-01
   1.6047802e-01
   1.5535638e-01
   1.4852752e-01
   1.4041827e-01
   1.3230900e-01
   1.2505336e-01
   1.1865130e-01
   1.1523688e-01
   1.1438326e-01
   1.1566367e-01
   1.1907810e-01
   1.2419974e-01
   1.2932138e-01
   1.3529663e-01
   1.4041826e-01
   1.4468630e-01
   1.4767392e-01
   1.5066154e-01
   1.5322237e-01
   1.5535638e-01
   1.5706359e-01
   1.5962442e-01
   1.6218522e-01
   1.6431925e-01
   1.6645327e-01
   1.6688006e-01
   1.6602646e-01
   1.6346564e-01
   1.6005122e-01
   1.5492957e-01
   1.4980794e-01
   1.4511310e-01
   1.4169868e-01
   1.3956467e-01
   1.4041826e-01
   1.4340589e-01
   1.4767392e-01
   1.5279556e-01
   1.5749039e-01
   1.6090482e-01
   1.6218523e-01
   1.6090482e-01
   1.5791721e-01
   1.5236875e-01
   1.4639351e-01
   1.3999146e-01
   1.3486983e-01
   1.3102859e-01
   1.2846778e-01
   1.2804097e-01
   1.2846778e-01
   1.3017499e-01
   1.3188220e-01
   1.3444302e-01
   1.3615023e-01
   1.3828425e-01
   1.4084506e-01
   1.4383269e-01
   1.4895433e-01
   1.5407596e-01
   1.6047801e-01
   1.6688007e-01
   1.7328211e-01
   1.7883055e-01
   1.8181818e-01
   1.8224498e-01
   1.8011096e-01
   1.7541613e-01
   1.6901408e-01
   1.6175843e-01
   1.5407597e-01
   1.4724712e-01
   1.4212548e-01
   1.3871105e-01
   1.3743064e-01
   1.3828425e-01
   1.4169867e-01
   1.4639352e-01
   1.5322236e-01
   1.6133163e-01
   1.6944089e-01
   1.7797695e-01
   1.8565941e-01
   1.9248827e-01
   1.9803671e-01
   2.0187793e-01
   2.0358514e-01
   2.0401195e-01
   2.0230474e-01
   2.0017072e-01
   1.9803670e-01
   1.9547588e-01
   1.9419547e-01
   1.9291506e-01
   1.9206145e-01
   1.9120785e-01
   1.9035424e-01
   1.8864703e-01
   1.8608621e-01
   1.8309859e-01
   1.7883056e-01
   1.7541613e-01
   1.7285531e-01
   1.7114810e-01
   1.7114810e-01
   1.7285531e-01
   1.7626974e-01
   1.8139137e-01
   1.8779342e-01
   1.9462227e-01
   2.0187793e-01
   2.0913359e-01
   2.1553564e-01
   2.2023047e-01
   2.2364490e-01
   2.2407171e-01
   2.2236449e-01
   2.1852325e-01
   2.1297482e-01
   2.0529236e-01
   1.9846351e-01
   1.9206145e-01
   1.8864703e-01
   1.8822023e-01
   1.9248827e-01
   2.0017072e-01
   2.1254802e-01
   2.2748612e-01
   2.4370465e-01
   2.6120359e-01
   2.7742211e-01
   2.9150662e-01
   3.0303031e-01
