   0.0000000e+00
   1.9588785e-01
   4.2280373e-01
   6.4299065e-01
   8.2429906e-01
   9.4504673e-01
   1.0000000e+00
   9.9663552e-01
   9.5102804e-01
   8.8598131e-01
   8.1981308e-01
   7.6560748e-01
   7.3046729e-01
   7.1364486e-01
   7.1140187e-01
   7.1738318e-01
   7.2747664e-01
   7.3757009e-01
   7.4579439e-01
   7.5065420e-01
   7.5289720e-01
   7.5102804e-01
   7.4504673e-01
   7.3532711e-01
   7.2224299e-01
   7.0728972e-01
   6.9158879e-01
   6.7663552e-01
   6.6392523e-01
   6.5383178e-01
   6.4710280e-01
   6.4411215e-01
   6.4523365e-01
   6.5009346e-01
   6.5831776e-01
   6.6915887e-01
   6.8186916e-01
   6.9532710e-01
   7.0766356e-01
   7.1925234e-01
   7.2971962e-01
   7.4018692e-01
   7.5102804e-01
   7.6448598e-01
   7.7869159e-01
   7.9364485e-01
   8.0785047e-01
   8.1943926e-01
   8.2728972e-01
   8.3140187e-01
   8.3140187e-01
   8.2878505e-01
   8.2429906e-01
   8.1719626e-01
   8.0785047e-01
   7.9588785e-01
   7.8168225e-01
   7.6560748e-01
   7.4915888e-01
   7.3457945e-01
   7.2299065e-01
   7.1663552e-01
   7.1401869e-01
   7.1551402e-01
   7.1850467e-01
   7.2224299e-01
   7.2672897e-01
   7.3084112e-01
   7.3532710e-01
   7.4093458e-01
   7.4654206e-01
   7.5177570e-01
   7.5551402e-01
   7.5663551e-01
   7.5401869e-01
   7.4841122e-01
   7.4018691e-01
   7.3046729e-01
   7.2074766e-01
   7.1214953e-01
   7.0392523e-01
   6.9682242e-01
   6.9121495e-01
   6.8710280e-01
   6.8523365e-01
   6.8635514e-01
   6.9009346e-01
   6.9570094e-01
   7.0205607e-01
   7.0766356e-01
   7.1065421e-01
   7.1177571e-01
   7.1065420e-01
   7.0841121e-01
   7.0691588e-01
   7.0616822e-01
   7.0654205e-01
   7.0654205e-01
   7.0579439e-01
   7.0355140e-01
   6.9869159e-01
   6.9196262e-01
   6.8411215e-01
   6.7626168e-01
   6.6878505e-01
   6.6205608e-01
   6.5570093e-01
   6.5121495e-01
   6.4822430e-01
   6.4859813e-01
   6.5345794e-01
   6.6392523e-01
   6.8000000e-01
   7.0056075e-01
   7.2299065e-01
   7.4467290e-01
   7.6373832e-01
   7.7794393e-01
   7.8728972e-01
   7.9214953e-01
   7.9364485e-01
   7.9252337e-01
   7.8953271e-01
   7.8429907e-01
   7.7794393e-01
   7.6934580e-01
   7.6074766e-01
   7.5214953e-01
   7.4542056e-01
   7.4018692e-01
   7.3644860e-01
   7.3495327e-01
   7.3308411e-01
   7.3084112e-01
   7.2822430e-01
   7.2598131e-01
   7.2411215e-01
   7.2336448e-01
   7.2411215e-01
   7.2598130e-01
   7.2747664e-01
   7.2785047e-01
   7.2635513e-01
   7.2336448e-01
   7.1962617e-01
   7.1700934e-01
   7.1663551e-01
   7.1887851e-01
   7.2336448e-01
   7.2934580e-01
   7.3570094e-01
   7.4205608e-01
   7.4803739e-01
   7.5439252e-01
   7.6074766e-01
   7.6822431e-01
   7.7570093e-01
   7.8280373e-01
   7.8915888e-01
   7.9401869e-01
   7.9813085e-01
   8.0186916e-01
   8.0523365e-01
   8.0934579e-01
   8.1196262e-01
   8.1308411e-01
   8.0971962e-01
   8.0186916e-01
   7.8878505e-01
   7.7196262e-01
   7.5289720e-01
   7.3457945e-01
   7.1850467e-01
   7.0579440e-01
   6.9719626e-01
   6.9308411e-01
   6.9158879e-01
   6.9345794e-01
   6.9831776e-01
   7.0579439e-01
   7.1439253e-01
   7.2411215e-01
   7.3271028e-01
   7.3869159e-01
   7.4093458e-01
   7.3906542e-01
   7.3495327e-01
   7.2897196e-01
   7.2336448e-01
   7.1962617e-01
   7.1663551e-01
   7.1439253e-01
   7.1214953e-01
   7.0803739e-01
   7.0280373e-01
   6.9682242e-01
   6.9121495e-01
   6.8710280e-01
   6.8598131e-01
   6.8710280e-01
   6.9084112e-01
   6.9644859e-01
   7.0280374e-01
   7.0953271e-01
   7.1663551e-01
   7.2411215e-01
   7.3046729e-01
   7.3570094e-01
   7.3794393e-01
   7.3682243e-01
   7.3233644e-01
   7.2448599e-01
   7.1514019e-01
   7.0616822e-01
   6.9831776e-01
   6.9233645e-01
   6.8822431e-01
   6.8523365e-01
   6.8261682e-01
   6.7962617e-01
   6.7663551e-01
   6.7551402e-01
   6.7700935e-01
   6.8149533e-01
   6.8822431e-01
   6.9682243e-01
   7.0429907e-01
   7.0915888e-01
   7.0990654e-01
   7.0616822e-01
   6.9869159e-01
   6.8785047e-01
   6.7551402e-01
   6.6280374e-01
   6.4971963e-01
   6.3813084e-01
   6.2915888e-01
   6.2280374e-01
   6.2130842e-01
   6.2429907e-01
   6.3140187e-01
   6.4224299e-01
   6.5457944e-01
   6.6654206e-01
   6.7551402e-01
   6.8224299e-01
   6.8635513e-01
   6.8971962e-01
   6.9233645e-01
   6.9607477e-01
   6.9981308e-01
   7.0355140e-01
   7.0654205e-01
   7.0766356e-01
   7.0766355e-01
   7.0728972e-01
   7.0691588e-01
   7.0878504e-01
   7.1177570e-01
   7.1514019e-01
   7.1850468e-01
   7.2074766e-01
   7.2149533e-01
   7.2037383e-01
   7.1887851e-01
   7.1775701e-01
   7.1700934e-01
   7.1738318e-01
   7.1887850e-01
   7.2037383e-01
   7.2149533e-01
   7.2224299e-01
   7.2373832e-01
   7.2598131e-01
   7.2897197e-01
   7.3233645e-01
   7.3607476e-01
   7.3831776e-01
   7.3869159e-01
   7.3682243e-01
   7.3345794e-01
   7.3046729e-01
   7.2785047e-01
   7.2672897e-01
   7.2747664e-01
   7.2897196e-01
   7.2971963e-01
   7.2934580e-01
   7.2822430e-01
   7.2598131e-01
   7.2336448e-01
   7.2149533e-01
   7.2000000e-01
   7.1850467e-01
   7.1551402e-01
   7.1140187e-01
   7.0504673e-01
   6.9831776e-01
   6.9121496e-01
   6.8598131e-01
   6.8261682e-01
   6.8186916e-01
   6.8224300e-01
   6.8261682e-01
   6.8149533e-01
   6.7925234e-01
   6.7476636e-01
   6.6990654e-01
   6.6542056e-01
   6.6056075e-01
   6.5644859e-01
   6.5271028e-01
   6.4785048e-01
   6.4261682e-01
   6.3700934e-01
   6.3177571e-01
   6.2766356e-01
   6.2542056e-01
   6.2504673e-01
   6.2542056e-01
   6.2616822e-01
   6.2654206e-01
   6.2766356e-01
   6.2841121e-01
   6.3102804e-01
   6.3514019e-01
   6.4112150e-01
   6.4859813e-01
   6.5532711e-01
   6.6205607e-01
   6.6691588e-01
   6.7102804e-01
   6.7514019e-01
   6.8000000e-01
   6.8560747e-01
   6.9196261e-01
   6.9719626e-01
   6.9906542e-01
   6.9644860e-01
   6.8971963e-01
   6.7850468e-01
   6.6467290e-01
   6.5084113e-01
   6.3813085e-01
   6.2803739e-01
   6.2130842e-01
   6.1719626e-01
   6.1570094e-01
   6.1719626e-01
   6.2130842e-01
   6.2803738e-01
   6.3626169e-01
   6.4448599e-01
   6.5196262e-01
   6.5570094e-01
   6.5570094e-01
   6.5121495e-01
   6.4373832e-01
   6.3439253e-01
   6.2542056e-01
   6.1757010e-01
   6.1271028e-01
   6.1046729e-01
   6.1046729e-01
   6.1271028e-01
   6.1757010e-01
   6.2504673e-01
   6.3476636e-01
   6.4747664e-01
   6.6018691e-01
   6.7252336e-01
   6.8149533e-01
   6.8598131e-01
   6.8523364e-01
   6.8000000e-01
   6.7289719e-01
   6.6429907e-01
   6.5719626e-01
   6.5158879e-01
   6.4747664e-01
   6.4411215e-01
   6.4112150e-01
   6.3813085e-01
   6.3476636e-01
   6.3214954e-01
   6.3028037e-01
   6.2990654e-01
   6.3028037e-01
   6.2990654e-01
   6.2878505e-01
   6.2616822e-01
   6.2205608e-01
   6.1757010e-01
   6.1383178e-01
   6.1158878e-01
   6.1084112e-01
   6.1233644e-01
   6.1495327e-01
   6.1831776e-01
   6.2242991e-01
   6.2728972e-01
   6.3364486e-01
   6.4186916e-01
   6.4971963e-01
   6.5682243e-01
   6.6280374e-01
   6.6542057e-01
   6.6579439e-01
   6.6429907e-01
   6.6168225e-01
   6.6056075e-01
   6.6093458e-01
   6.6392523e-01
   6.6803739e-01
   6.7289719e-01
   6.7700935e-01
   6.8112150e-01
   6.8448598e-01
   6.8934579e-01
   6.9532711e-01
   7.0280374e-01
   7.1102804e-01
   7.1850467e-01
   7.2411215e-01
   7.2747664e-01
   7.2859813e-01
   7.2747664e-01
   7.2523364e-01
   7.2261682e-01
   7.2000000e-01
   7.1700934e-01
   7.1327103e-01
   7.0878505e-01
   7.0280374e-01
   6.9719626e-01
   6.9271028e-01
   6.9046729e-01
   6.9084112e-01
   6.9420561e-01
   6.9943926e-01
   7.0542056e-01
   7.1177570e-01
   7.1850467e-01
   7.2523365e-01
   7.3158879e-01
   7.3757009e-01
   7.4242991e-01
   7.4542056e-01
   7.4467290e-01
   7.4018692e-01
   7.3233645e-01
   7.2261682e-01
   7.1252337e-01
   7.0467290e-01
   7.0018692e-01
   6.9981308e-01
   7.0205608e-01
   7.0616822e-01
   7.1214954e-01
   7.1813084e-01
   7.2485982e-01
   7.3158878e-01
   7.3831776e-01
   7.4392523e-01
   7.4691589e-01
   7.4691588e-01
   7.4205608e-01
   7.3233645e-01
   7.1925234e-01
   7.0392523e-01
   6.8859813e-01
   6.7514019e-01
   6.6429907e-01
   6.5607477e-01
   6.5046729e-01
   6.4635514e-01
   6.4485982e-01
   6.4485982e-01
   6.4672897e-01
   6.4971962e-01
   6.5383178e-01
   6.5682243e-01
   6.5757010e-01
   6.5532711e-01
   6.5009345e-01
   6.4261683e-01
   6.3476636e-01
   6.2766356e-01
   6.2280373e-01
   6.2018691e-01
   6.2018692e-01
   6.2130841e-01
   6.2317757e-01
   6.2542057e-01
   6.2841122e-01
   6.3252336e-01
   6.3700934e-01
   6.4186916e-01
   6.4635514e-01
   6.4971963e-01
   6.4971963e-01
   6.4785047e-01
   6.4373832e-01
   6.3925234e-01
   6.3551402e-01
   6.3401869e-01
   6.3439253e-01
   6.3626168e-01
   6.3850468e-01
   6.3925234e-01
   6.3887850e-01
   6.3738318e-01
   6.3514019e-01
   6.3252337e-01
   6.3102804e-01
   6.3065421e-01
   6.2953270e-01
   6.2953271e-01
   6.2915888e-01
   6.2953271e-01
   6.3102804e-01
   6.3476635e-01
   6.4074766e-01
   6.4859813e-01
   6.5682243e-01
   6.6429907e-01
   6.7028037e-01
   6.7401869e-01
   6.7663551e-01
   6.7925234e-01
   6.8224299e-01
   6.8598131e-01
   6.9009346e-01
   6.9420561e-01
   6.9644860e-01
   6.9682243e-01
   6.9495328e-01
   6.9196262e-01
   6.8897196e-01
   6.8598130e-01
   6.8373832e-01
   6.8112150e-01
   6.7813085e-01
   6.7364486e-01
   6.6803739e-01
   6.6242991e-01
   6.5757010e-01
   6.5420561e-01
   6.5420561e-01
   6.5607477e-01
   6.6018691e-01
   6.6467290e-01
   6.6915888e-01
   6.7327103e-01
   6.7663551e-01
   6.8037383e-01
   6.8411215e-01
   6.8785047e-01
   6.9009345e-01
   6.9009346e-01
   6.8785047e-01
   6.8261682e-01
   6.7588785e-01
   6.6915888e-01
   6.6317757e-01
   6.5906542e-01
   6.5682243e-01
   6.5532711e-01
   6.5420561e-01
   6.5271028e-01
   6.5009345e-01
   6.4747664e-01
   6.4485982e-01
   6.4373832e-01
   6.4411215e-01
   6.4560747e-01
   6.4710280e-01
   6.4897196e-01
   6.5009345e-01
   6.5196262e-01
   6.5457945e-01
   6.5906542e-01
   6.6579440e-01
   6.7401869e-01
   6.8336448e-01
   6.9196262e-01
   6.9869159e-01
   7.0355140e-01
   7.0691588e-01
   7.1028038e-01
   7.1364485e-01
   7.1700934e-01
   7.2112150e-01
   7.2373832e-01
   7.2485981e-01
   7.2411215e-01
   7.2112150e-01
   7.1663551e-01
   7.1140187e-01
   7.0616823e-01
   7.0093458e-01
   6.9532710e-01
   6.8897197e-01
   6.8149533e-01
   6.7401869e-01
   6.6691588e-01
   6.6168225e-01
   6.5869159e-01
   6.5831775e-01
   6.5943925e-01
   6.6093458e-01
   6.6130842e-01
   6.6093458e-01
   6.5943926e-01
   6.5869159e-01
   6.6018691e-01
   6.6355140e-01
   6.6990653e-01
   6.7775701e-01
   6.8560748e-01
   6.9158879e-01
   6.9570094e-01
   6.9682242e-01
   6.9607477e-01
   6.9420561e-01
   6.9158879e-01
   6.8859813e-01
   6.8485982e-01
   6.8074767e-01
   6.7663551e-01
   6.7289719e-01
   6.6953271e-01
   6.6766355e-01
   6.6766356e-01
   6.6803739e-01
   6.6803739e-01
   6.6616823e-01
   6.6205608e-01
   6.5495327e-01
   6.4598131e-01
   6.3738318e-01
   6.2953271e-01
   6.2429906e-01
   6.2205608e-01
   6.2242991e-01
   6.2467290e-01
   6.2878505e-01
   6.3439252e-01
   6.4112150e-01
   6.4934580e-01
   6.5869159e-01
   6.6728972e-01
   6.7476636e-01
   6.7850468e-01
   6.7775702e-01
   6.7252337e-01
   6.6504673e-01
   6.5644859e-01
   6.4897196e-01
   6.4523364e-01
   6.4448598e-01
   6.4747664e-01
   6.5271027e-01
   6.5906542e-01
   6.6616822e-01
   6.7364486e-01
   6.8112150e-01
   6.8785047e-01
   6.9457944e-01
   6.9981308e-01
   7.0317757e-01
   7.0355140e-01
   7.0242991e-01
   7.0018691e-01
   6.9794393e-01
   6.9794393e-01
   7.0018691e-01
   7.0467290e-01
   7.1028038e-01
   7.1626168e-01
   7.2149533e-01
   7.2560747e-01
   7.2822430e-01
   7.3009345e-01
   7.3121496e-01
   7.3121496e-01
   7.2934580e-01
   7.2448598e-01
   7.1663551e-01
   7.0542056e-01
   6.9308411e-01
   6.8074767e-01
   6.7102804e-01
   6.6579439e-01
   6.6467290e-01
   6.6728972e-01
   6.7252337e-01
   6.7925233e-01
   6.8560748e-01
   6.9121496e-01
   6.9532710e-01
   6.9794393e-01
   6.9906542e-01
   6.9719626e-01
   6.9158878e-01
   6.8261682e-01
   6.7028037e-01
   6.5644860e-01
   6.4299066e-01
   6.3177571e-01
   6.2392524e-01
   6.2018691e-01
   6.2018691e-01
   6.2280373e-01
   6.2579439e-01
   6.2915888e-01
   6.3252337e-01
   6.3626168e-01
   6.4037383e-01
   6.4485982e-01
   6.4971963e-01
   6.5383178e-01
   6.5682243e-01
   6.5869159e-01
   6.5943925e-01
   6.6056075e-01
   6.6168225e-01
   6.6429907e-01
   6.6766356e-01
   6.7028037e-01
   6.7140188e-01
   6.7102804e-01
   6.6766356e-01
   6.6317756e-01
   6.5831776e-01
   6.5383178e-01
   6.5084113e-01
   6.4934579e-01
   6.4859813e-01
   6.4785047e-01
   6.4672897e-01
   6.4560748e-01
   6.4485982e-01
   6.4560747e-01
   6.4822430e-01
   6.5158879e-01
   6.5607476e-01
   6.6018692e-01
   6.6280374e-01
   6.6317756e-01
   6.6242990e-01
   6.6168224e-01
   6.6168224e-01
   6.6280374e-01
   6.6542056e-01
   6.6915888e-01
   6.7252337e-01
   6.7476635e-01
   6.7663552e-01
   6.7775701e-01
   6.7850468e-01
   6.7962617e-01
   6.8112150e-01
   6.8224299e-01
   6.8186916e-01
   6.7962617e-01
   6.7626168e-01
   6.7177571e-01
   6.6841122e-01
   6.6691589e-01
   6.6728972e-01
   6.6990654e-01
   6.7327103e-01
   6.7626168e-01
   6.7775701e-01
   6.7813085e-01
   6.7663551e-01
   6.7476636e-01
   6.7327102e-01
   6.7214954e-01
   6.7140187e-01
   6.6990654e-01
   6.6728972e-01
   6.6392523e-01
   6.6018691e-01
   6.5757010e-01
   6.5570094e-01
   6.5682243e-01
   6.5943925e-01
   6.6317757e-01
   6.6579439e-01
   6.6654206e-01
   6.6504673e-01
   6.6242991e-01
   6.5869159e-01
   6.5532711e-01
   6.5308411e-01
   6.5233644e-01
   6.5383178e-01
   6.5682243e-01
   6.6130841e-01
   6.6803738e-01
   6.7738318e-01
   6.8934580e-01
   7.0280374e-01
   7.1700935e-01
   7.3009346e-01
   7.3943925e-01
   7.4467290e-01
   7.4504673e-01
   7.4130841e-01
   7.3495328e-01
   7.2785047e-01
   7.2037383e-01
   7.1327103e-01
   7.0654205e-01
   7.0018691e-01
   6.9420561e-01
   6.8934579e-01
   6.8710280e-01
   6.8747664e-01
   6.9121496e-01
   6.9719626e-01
   7.0392523e-01
   7.0953271e-01
   7.1177571e-01
   7.0953271e-01
   7.0467291e-01
   6.9682243e-01
   6.8822430e-01
   6.8000000e-01
   6.7289720e-01
   6.6728972e-01
   6.6280374e-01
   6.5981308e-01
   6.5831776e-01
   6.5757010e-01
   6.5906542e-01
   6.6168225e-01
   6.6467290e-01
   6.6654205e-01
   6.6654206e-01
   6.6317757e-01
   6.5757010e-01
   6.5046729e-01
   6.4336448e-01
   6.3850468e-01
   6.3663551e-01
   6.3813084e-01
   6.4299066e-01
   6.4971962e-01
   6.5719626e-01
   6.6504673e-01
   6.7289720e-01
   6.8074767e-01
   6.8859813e-01
   6.9495327e-01
   6.9943925e-01
   7.0093458e-01
   6.9831776e-01
   6.9308411e-01
   6.8598130e-01
   6.7925234e-01
   6.7401869e-01
   6.7214953e-01
   6.7364486e-01
   6.7813084e-01
   6.8336448e-01
   6.8822430e-01
   6.9233645e-01
   6.9457945e-01
   6.9532711e-01
   6.9495327e-01
   6.9383177e-01
   6.9158879e-01
   6.8822430e-01
   6.8373831e-01
   6.7887851e-01
   6.7476636e-01
   6.7214953e-01
   6.7252336e-01
   6.7514019e-01
   6.8000000e-01
   6.8485981e-01
   6.8785047e-01
   6.8897197e-01
   6.8785047e-01
   6.8523365e-01
   6.8224299e-01
   6.8074767e-01
   6.8074767e-01
   6.8261682e-01
   6.8523365e-01
   6.8785047e-01
   6.8934579e-01
   6.9009345e-01
   6.9046729e-01
   6.9158879e-01
   6.9345794e-01
   6.9719626e-01
   7.0130841e-01
   7.0579439e-01
   7.0915888e-01
   7.1214954e-01
   7.1327102e-01
   7.1401869e-01
   7.1364485e-01
   7.1214953e-01
   7.0841122e-01
   7.0130841e-01
   6.9046729e-01
   6.7663551e-01
   6.6093458e-01
   6.4523364e-01
   6.3177570e-01
   6.2242990e-01
   6.1757010e-01
   6.1644860e-01
   6.1906542e-01
   6.2317757e-01
   6.2841122e-01
   6.3364486e-01
   6.3925234e-01
   6.4523364e-01
   6.5121496e-01
   6.5682243e-01
   6.6130841e-01
   6.6355140e-01
   6.6467290e-01
   6.6429907e-01
   6.6467291e-01
   6.6542056e-01
   6.6841121e-01
   6.7214953e-01
   6.7626169e-01
   6.7925234e-01
   6.8037383e-01
   6.8037383e-01
   6.7887850e-01
   6.7813084e-01
   6.7887850e-01
   6.8261682e-01
   6.8897196e-01
   6.9682242e-01
   7.0542056e-01
   7.1327102e-01
   7.2000000e-01
   7.2560747e-01
   7.2971962e-01
   7.3345794e-01
   7.3495328e-01
   7.3532711e-01
   7.3345794e-01
   7.2822430e-01
   7.2112150e-01
   7.1289719e-01
   7.0467290e-01
   6.9831776e-01
   6.9383177e-01
   6.9196262e-01
   6.9084112e-01
   6.8934580e-01
   6.8710280e-01
   6.8336448e-01
   6.7850467e-01
   6.7401869e-01
   6.6953271e-01
   6.6616822e-01
   6.6355140e-01
   6.6093458e-01
   6.5794393e-01
   6.5457944e-01
   6.5196262e-01
   6.5121495e-01
   6.5233645e-01
   6.5682243e-01
   6.6429907e-01
   6.7364486e-01
   6.8299066e-01
   6.9196262e-01
   6.9906542e-01
   7.0429907e-01
   7.0803738e-01
   7.0990654e-01
   7.1028037e-01
   7.0803739e-01
   7.0355140e-01
   6.9644860e-01
   6.8672897e-01
   6.7738318e-01
   6.6878505e-01
   6.6280374e-01
   6.6168224e-01
   6.6429907e-01
   6.7140188e-01
   6.7962617e-01
   6.8859814e-01
   6.9719626e-01
   7.0467290e-01
   7.1065420e-01
   7.1551402e-01
   7.1813085e-01
   7.1887851e-01
   7.1588785e-01
   7.0990654e-01
   7.0130842e-01
   6.9196262e-01
   6.8336448e-01
   6.7738318e-01
   6.7514019e-01
   6.7626168e-01
   6.8000000e-01
   6.8448599e-01
   6.8859813e-01
   6.9196262e-01
   6.9345794e-01
   6.9420561e-01
   6.9570094e-01
   6.9719626e-01
   6.9981308e-01
   7.0242991e-01
   7.0504673e-01
   7.0766356e-01
   7.1028037e-01
   7.1364486e-01
   7.1887851e-01
   7.2560748e-01
   7.3308411e-01
   7.3981308e-01
   7.4392523e-01
   7.4429907e-01
   7.4130842e-01
   7.3495327e-01
   7.2635514e-01
   7.1813085e-01
   7.1028037e-01
   7.0504673e-01
   7.0168225e-01
   6.9981309e-01
   6.9943926e-01
   6.9943926e-01
   7.0093458e-01
   7.0355140e-01
   7.0691588e-01
   7.0915887e-01
   7.1028037e-01
   7.0915887e-01
   7.0429907e-01
   6.9757010e-01
   6.8934580e-01
   6.8261682e-01
   6.7925234e-01
   6.8000000e-01
   6.8523365e-01
   6.9457944e-01
   7.0654205e-01
   7.1962616e-01
   7.3233645e-01
   7.4429907e-01
   7.5476636e-01
   7.6299065e-01
   7.6897196e-01
   7.7084112e-01
   7.6822431e-01
   7.6000000e-01
   7.4691589e-01
   7.3084112e-01
   7.1327103e-01
   6.9644860e-01
   6.8261682e-01
   6.7214954e-01
   6.6542056e-01
   6.6130842e-01
   6.5981308e-01
   6.6018691e-01
   6.6168224e-01
   6.6429907e-01
   6.6841122e-01
   6.7214953e-01
   6.7476636e-01
   6.7626168e-01
   6.7439252e-01
   6.7102804e-01
   6.6691589e-01
   6.6392523e-01
   6.6355140e-01
   6.6654206e-01
   6.7252336e-01
   6.8000000e-01
   6.8785047e-01
   6.9345794e-01
   6.9607477e-01
   6.9607477e-01
   6.9345794e-01
   6.8934579e-01
   6.8448599e-01
   6.7962617e-01
   6.7514019e-01
   6.7214953e-01
   6.6990654e-01
   6.7028037e-01
   6.7439252e-01
   6.8186916e-01
   6.9345795e-01
   7.0691588e-01
   7.2074766e-01
   7.3271028e-01
   7.4018691e-01
   7.4355140e-01
   7.4205608e-01
   7.3757009e-01
   7.3084112e-01
   7.2336448e-01
   7.1626168e-01
   7.0915888e-01
   7.0317757e-01
   6.9794393e-01
   6.9457944e-01
   6.9420561e-01
   6.9607477e-01
   7.0093458e-01
   7.0841122e-01
   7.1588785e-01
   7.2224300e-01
   7.2635514e-01
   7.2785047e-01
   7.2635514e-01
   7.2411215e-01
   7.2112150e-01
   7.1925234e-01
   7.1775701e-01
   7.1663551e-01
   7.1588785e-01
   7.1476636e-01
   7.1364486e-01
   7.1401869e-01
   7.1551402e-01
   7.1925233e-01
   7.2448598e-01
   7.3084112e-01
   7.3682243e-01
   7.3981309e-01
   7.4018691e-01
   7.3831776e-01
   7.3383177e-01
   7.2859813e-01
   7.2299066e-01
   7.1813084e-01
   7.1327103e-01
   7.0803739e-01
   7.0317757e-01
   6.9831776e-01
   6.9457945e-01
   6.9196262e-01
   6.9121495e-01
   6.9084112e-01
   6.8934579e-01
   6.8672897e-01
   6.8112150e-01
   6.7289719e-01
   6.6317756e-01
   6.5345794e-01
   6.4598131e-01
   6.4149533e-01
   6.4000000e-01
   6.4149533e-01
   6.4485981e-01
   6.4859813e-01
   6.5271028e-01
   6.5644859e-01
   6.5981308e-01
   6.6392523e-01
   6.6766355e-01
   6.6990654e-01
   6.7102804e-01
   6.6915888e-01
   6.6579440e-01
   6.6093458e-01
   6.5644859e-01
   6.5457945e-01
   6.5570093e-01
   6.6093458e-01
   6.6841122e-01
   6.7813085e-01
   6.8859814e-01
   6.9794393e-01
   7.0579439e-01
   7.1177570e-01
   7.1551402e-01
   7.1626168e-01
   7.1364486e-01
   7.0728972e-01
   6.9757010e-01
   6.8598131e-01
   6.7401869e-01
   6.6355140e-01
   6.5794393e-01
   6.5644860e-01
   6.5981308e-01
   6.6691589e-01
   6.7514019e-01
   6.8299065e-01
   6.8897197e-01
   6.9233645e-01
   6.9345794e-01
   6.9233645e-01
   6.9046729e-01
   6.8635514e-01
   6.8112150e-01
   6.7401869e-01
   6.6654205e-01
   6.5869159e-01
   6.5271028e-01
   6.4934579e-01
   6.4859813e-01
   6.5121496e-01
   6.5495327e-01
   6.5831776e-01
   6.5981309e-01
   6.5943925e-01
   6.5682243e-01
   6.5308411e-01
   6.4971963e-01
   6.4785047e-01
   6.4747664e-01
   6.4822430e-01
   6.4934579e-01
   6.5121495e-01
   6.5345794e-01
   6.5682243e-01
   6.6130842e-01
   6.6766355e-01
   6.7401869e-01
   6.7962617e-01
   6.8336448e-01
   6.8373832e-01
   6.8074767e-01
   6.7588785e-01
   6.6841121e-01
   6.6205607e-01
   6.5682243e-01
   6.5345794e-01
   6.5196261e-01
   6.5308411e-01
   6.5570094e-01
   6.6018692e-01
   6.6728972e-01
   6.7700934e-01
   6.8859814e-01
   7.0130841e-01
   7.1364486e-01
   7.2299065e-01
   7.2785047e-01
   7.2822431e-01
   7.2411215e-01
   7.1775701e-01
   7.0990654e-01
   7.0280374e-01
   6.9682242e-01
   6.9271028e-01
   6.8971963e-01
   6.8822430e-01
   6.8822430e-01
   6.8971962e-01
   6.9308411e-01
   6.9719626e-01
   7.0205608e-01
   7.0579439e-01
   7.0616823e-01
   7.0280374e-01
   6.9532710e-01
   6.8523365e-01
   6.7364486e-01
   6.6429907e-01
   6.5794393e-01
   6.5607477e-01
   6.5869159e-01
   6.6467290e-01
   6.7289719e-01
   6.8299065e-01
   6.9308411e-01
   7.0317757e-01
   7.1177570e-01
   7.1887850e-01
   7.2224299e-01
   7.2149533e-01
   7.1700934e-01
   7.0878505e-01
   6.9869159e-01
   6.8859813e-01
   6.8149533e-01
   6.7850468e-01
   6.7962617e-01
   6.8448599e-01
   6.9121495e-01
   6.9906543e-01
   7.0579439e-01
   7.1140187e-01
   7.1626168e-01
   7.1925233e-01
   7.2112150e-01
   7.2074766e-01
   7.1887851e-01
   7.1439253e-01
   7.0803739e-01
   7.0168224e-01
   6.9644860e-01
   6.9420561e-01
   6.9495328e-01
   6.9943925e-01
   7.0616822e-01
   7.1327103e-01
   7.1925234e-01
   7.2224299e-01
   7.2261682e-01
   7.2000000e-01
   7.1476636e-01
   7.0728972e-01
   6.9757009e-01
   6.8598131e-01
   6.7327103e-01
   6.5943925e-01
   6.4672897e-01
   6.3663551e-01
   6.3065421e-01
   6.2953271e-01
   6.3289720e-01
   6.3887851e-01
   6.4635514e-01
   6.5345794e-01
   6.5869159e-01
   6.6355140e-01
   6.6766355e-01
   6.7289720e-01
   6.8000000e-01
   6.8897197e-01
   6.9943925e-01
   7.0990654e-01
   7.2000000e-01
   7.2859814e-01
   7.3570093e-01
   7.4168224e-01
   7.4616823e-01
   7.4841122e-01
   7.4878505e-01
   7.4616823e-01
   7.4130841e-01
   7.3383177e-01
   7.2523365e-01
   7.1775701e-01
   7.1214953e-01
   7.0915888e-01
   7.0878505e-01
   7.0915888e-01
   7.0990654e-01
   7.0953271e-01
   7.0766356e-01
   7.0542056e-01
   7.0317757e-01
   7.0168225e-01
   7.0130841e-01
   7.0130841e-01
   7.0093458e-01
   7.0093458e-01
   6.9943925e-01
   6.9906542e-01
   6.9869159e-01
   7.0018691e-01
   7.0392523e-01
   7.0878505e-01
   7.1364486e-01
   7.1663551e-01
   7.1738318e-01
   7.1551402e-01
   7.1102804e-01
   7.0504673e-01
   6.9943925e-01
   6.9420561e-01
   6.8897196e-01
   6.8373831e-01
   6.7850467e-01
   6.7177571e-01
   6.6504674e-01
   6.5869159e-01
   6.5420561e-01
   6.5158879e-01
   6.5233645e-01
   6.5457944e-01
   6.5906542e-01
   6.6467290e-01
   6.7102804e-01
   6.7813085e-01
   6.8635514e-01
   6.9495327e-01
   7.0392523e-01
   7.1140187e-01
   7.1551402e-01
   7.1663551e-01
   7.1327103e-01
   7.0728972e-01
   7.0093458e-01
   6.9495328e-01
   6.9196262e-01
   6.9233644e-01
   6.9457944e-01
   6.9943925e-01
   7.0429907e-01
   7.0841122e-01
   7.1214953e-01
   7.1514019e-01
   7.1775701e-01
   7.2000000e-01
   7.2112150e-01
   7.2112150e-01
   7.1925233e-01
   7.1551402e-01
   7.0990654e-01
   7.0355140e-01
   6.9869159e-01
   6.9420561e-01
   6.9121496e-01
   6.8859813e-01
   6.8598131e-01
   6.8261682e-01
   6.7775701e-01
   6.7327103e-01
   6.7028037e-01
   6.6990654e-01
   6.7327102e-01
   6.7962616e-01
   6.8859814e-01
   6.9869159e-01
   7.0953271e-01
   7.1925233e-01
   7.2897196e-01
   7.3794393e-01
   7.4616822e-01
   7.5327102e-01
   7.5775701e-01
   7.5999999e-01
   7.5850467e-01
   7.5401869e-01
   7.4766355e-01
   7.4130841e-01
   7.3570094e-01
   7.3158879e-01
   7.2934580e-01
   7.2785047e-01
   7.2560747e-01
   7.2186916e-01
   7.1700934e-01
   7.1102804e-01
   7.0542056e-01
   7.0056075e-01
   6.9719626e-01
   6.9457945e-01
   6.9233645e-01
   6.8971962e-01
   6.8747664e-01
   6.8485982e-01
   6.8373831e-01
   6.8485981e-01
   6.8822430e-01
   6.9345794e-01
   6.9943925e-01
   7.0429907e-01
   7.0691589e-01
   7.0766356e-01
   7.0542057e-01
   7.0280374e-01
   7.0018692e-01
   6.9757010e-01
   6.9644860e-01
   6.9570093e-01
   6.9495328e-01
   6.9495328e-01
   6.9495327e-01
   6.9532710e-01
   6.9682243e-01
   6.9869159e-01
   7.0056075e-01
   7.0093458e-01
   6.9981308e-01
   6.9682243e-01
   6.9158879e-01
   6.8635513e-01
   6.8186916e-01
   6.8000000e-01
   6.8037383e-01
   6.8299065e-01
   6.8598131e-01
   6.8785047e-01
   6.8859813e-01
   6.8747664e-01
   6.8523364e-01
   6.8299065e-01
   6.8149533e-01
   6.8149533e-01
   6.8186916e-01
   6.8224300e-01
   6.8186916e-01
   6.8000000e-01
   6.7700934e-01
   6.7289720e-01
   6.6915888e-01
   6.6542056e-01
   6.6093458e-01
   6.5644859e-01
   6.5084112e-01
   6.4485981e-01
   6.3887851e-01
   6.3439252e-01
   6.3214953e-01
   6.3177570e-01
   6.3364486e-01
   6.3551402e-01
   6.3588785e-01
   6.3401869e-01
   6.2915888e-01
   6.2242990e-01
   6.1457944e-01
   6.0710280e-01
   6.0149532e-01
   5.9775701e-01
   5.9514019e-01
   5.9289720e-01
   5.9140188e-01
   5.8990654e-01
   5.8990654e-01
   5.9102805e-01
   5.9364486e-01
   5.9775701e-01
   6.0149533e-01
   6.0448599e-01
   6.0598130e-01
   6.0560748e-01
   6.0411215e-01
   6.0373832e-01
   6.0560747e-01
   6.0971962e-01
   6.1682243e-01
   6.2579439e-01
   6.3514018e-01
   6.4373832e-01
   6.5196262e-01
   6.5869159e-01
   6.6467290e-01
   6.7028037e-01
   6.7514019e-01
   6.7887851e-01
   6.8074767e-01
   6.8074767e-01
   6.7850468e-01
   6.7514019e-01
   6.7289720e-01
   6.7177571e-01
   6.7252336e-01
   6.7551402e-01
   6.7850467e-01
   6.8037383e-01
   6.8000000e-01
   6.7700934e-01
   6.7177570e-01
   6.6467290e-01
   6.5757010e-01
   6.5121496e-01
   6.4598131e-01
   6.4224299e-01
   6.3999999e-01
   6.3962617e-01
   6.4186916e-01
   6.4785047e-01
   6.5757009e-01
   6.7140187e-01
   6.8747664e-01
   7.0392523e-01
   7.1925234e-01
   7.3084112e-01
   7.3831776e-01
   7.4205608e-01
   7.4242991e-01
   7.4056074e-01
   7.3682243e-01
   7.3233645e-01
   7.2635513e-01
   7.1887850e-01
   7.1140188e-01
   7.0392523e-01
   6.9831776e-01
   6.9607477e-01
   6.9757010e-01
   7.0205608e-01
   7.0915888e-01
   7.1626169e-01
   7.2299065e-01
   7.2747664e-01
   7.2971962e-01
   7.3009346e-01
   7.2934580e-01
   7.2747664e-01
   7.2523365e-01
   7.2149533e-01
   7.1738318e-01
   7.1252337e-01
   7.0841122e-01
   7.0616822e-01
   7.0691589e-01
   7.1102804e-01
   7.1813084e-01
   7.2635514e-01
   7.3345795e-01
   7.3831776e-01
   7.3906542e-01
   7.3644860e-01
   7.3121496e-01
   7.2485981e-01
   7.1813085e-01
   7.1252337e-01
   7.0803739e-01
   7.0467290e-01
   7.0205608e-01
   7.0130842e-01
   7.0205608e-01
   7.0504673e-01
   7.0915888e-01
   7.1476636e-01
   7.1925234e-01
   7.2224299e-01
   7.2261682e-01
   7.2074766e-01
   7.1738318e-01
   7.1364486e-01
   7.1177570e-01
   7.1214954e-01
   7.1439253e-01
   7.1887851e-01
   7.2336449e-01
   7.2747664e-01
   7.3084112e-01
   7.3308411e-01
   7.3457945e-01
   7.3495327e-01
   7.3420561e-01
   7.3084112e-01
   7.2411215e-01
   7.1401869e-01
   7.0018692e-01
   6.8448599e-01
   6.6990654e-01
   6.5794393e-01
   6.5084112e-01
   6.4859813e-01
   6.5158879e-01
   6.5794392e-01
   6.6728972e-01
   6.7700934e-01
   6.8747664e-01
   6.9757010e-01
   7.0728972e-01
   7.1551402e-01
   7.2074766e-01
   7.2261682e-01
   7.2037383e-01
   7.1439252e-01
   7.0654205e-01
   6.9757010e-01
   6.9046729e-01
   6.8598131e-01
   6.8411215e-01
   6.8523364e-01
   6.8785047e-01
   6.9121496e-01
   6.9420561e-01
   6.9682243e-01
   7.0018691e-01
   7.0317757e-01
   7.0691588e-01
   7.1065420e-01
   7.1364486e-01
   7.1626168e-01
   7.1813085e-01
   7.2037383e-01
   7.2485982e-01
   7.3046729e-01
   7.3869159e-01
   7.4728972e-01
   7.5514019e-01
   7.6037383e-01
   7.6186916e-01
   7.5887850e-01
   7.5289719e-01
   7.4504673e-01
   7.3831776e-01
   7.3271028e-01
   7.2934580e-01
   7.2822430e-01
   7.2859814e-01
   7.3046729e-01
   7.3308411e-01
   7.3607477e-01
   7.3943925e-01
   7.4317757e-01
   7.4616823e-01
   7.4841122e-01
   7.4728972e-01
   7.4355140e-01
   7.3757009e-01
   7.2971962e-01
   7.2112150e-01
   7.1327103e-01
   7.0616823e-01
   7.0056075e-01
   6.9532710e-01
   6.8971963e-01
   6.8373831e-01
   6.7813084e-01
   6.7439253e-01
   6.7289719e-01
   6.7439253e-01
   6.7962616e-01
   6.8710280e-01
   6.9532710e-01
   7.0280374e-01
   7.0878505e-01
   7.1252337e-01
   7.1588785e-01
   7.1775701e-01
   7.1887851e-01
   7.1962617e-01
   7.1925233e-01
   7.1738318e-01
   7.1401869e-01
   7.1028038e-01
   7.0654205e-01
   7.0392523e-01
   7.0280374e-01
   7.0317757e-01
   7.0355140e-01
   7.0242991e-01
   6.9943925e-01
   6.9420561e-01
   6.8710280e-01
   6.7887851e-01
   6.7140187e-01
   6.6467290e-01
   6.5981308e-01
   6.5570093e-01
   6.5158879e-01
   6.4710280e-01
   6.4149533e-01
   6.3588785e-01
   6.3102804e-01
   6.2728972e-01
   6.2467290e-01
   6.2392524e-01
   6.2429907e-01
   6.2504673e-01
   6.2616822e-01
   6.2915888e-01
   6.3514019e-01
   6.4411215e-01
   6.5644860e-01
   6.7177570e-01
   6.8747664e-01
   7.0205607e-01
   7.1364485e-01
   7.2149533e-01
   7.2485981e-01
   7.2523365e-01
   7.2336449e-01
   7.1962617e-01
   7.1439253e-01
   7.0841121e-01
   7.0205608e-01
   6.9570094e-01
   6.9046729e-01
   6.8747664e-01
   6.8747664e-01
   6.9121495e-01
   6.9831776e-01
   7.0616823e-01
   7.1364485e-01
   7.1925234e-01
   7.2299066e-01
   7.2411215e-01
   7.2411215e-01
   7.2373832e-01
   7.2373831e-01
   7.2485981e-01
   7.2635514e-01
   7.2785047e-01
   7.2934579e-01
   7.3196262e-01
   7.3420561e-01
   7.3757009e-01
   7.4168225e-01
   7.4429907e-01
   7.4504674e-01
   7.4168224e-01
   7.3308411e-01
   7.2037383e-01
   7.0467291e-01
   6.8934580e-01
   6.7514019e-01
   6.6504673e-01
   6.5906542e-01
   6.5831776e-01
   6.6093458e-01
   6.6542056e-01
   6.7214953e-01
   6.7962617e-01
   6.8710280e-01
   6.9420561e-01
   6.9981308e-01
   7.0280373e-01
   7.0168225e-01
   6.9719626e-01
   6.8934580e-01
   6.8037383e-01
   6.7177571e-01
   6.6542057e-01
   6.6280374e-01
   6.6392523e-01
   6.6803738e-01
   6.7401869e-01
   6.8074767e-01
   6.8822431e-01
   6.9570093e-01
   7.0280374e-01
   7.1065420e-01
   7.1813084e-01
   7.2448599e-01
   7.2859813e-01
   7.2971962e-01
   7.2785047e-01
   7.2373831e-01
   7.1775701e-01
   7.1102804e-01
   7.0542057e-01
   7.0018692e-01
   6.9532711e-01
   6.9084112e-01
   6.8672897e-01
   6.8373831e-01
   6.8261682e-01
   6.8411215e-01
   6.8859814e-01
   6.9532711e-01
   7.0168225e-01
   7.0691588e-01
   7.0766355e-01
   7.0392523e-01
   6.9570094e-01
   6.8448598e-01
   6.7214953e-01
   6.6018691e-01
   6.5009345e-01
   6.4186916e-01
   6.3588785e-01
   6.3177570e-01
   6.2953271e-01
   6.2990654e-01
   6.3214954e-01
   6.3738318e-01
   6.4448599e-01
   6.5196262e-01
   6.5906542e-01
   6.6504673e-01
   6.6953271e-01
   6.7364486e-01
   6.7775702e-01
   6.8448598e-01
   6.9308411e-01
   7.0467290e-01
   7.1700935e-01
   7.2934579e-01
   7.3943925e-01
   7.4728972e-01
   7.5214954e-01
   7.5327102e-01
   7.5177570e-01
   7.4728972e-01
   7.3981309e-01
   7.2822430e-01
   7.1364485e-01
   6.9682243e-01
   6.7925234e-01
   6.6317756e-01
   6.5121496e-01
   6.4336449e-01
   6.4112150e-01
   6.4299065e-01
   6.4672897e-01
   6.5009345e-01
   6.5308411e-01
   6.5420561e-01
   6.5383178e-01
   6.5196262e-01
   6.4934580e-01
   6.4672897e-01
   6.4336449e-01
   6.3925234e-01
   6.3588785e-01
   6.3289720e-01
   6.3177570e-01
   6.3327103e-01
   6.3700934e-01
   6.4261683e-01
   6.4897196e-01
   6.5495327e-01
   6.5906542e-01
   6.6168224e-01
   6.6355140e-01
   6.6504673e-01
   6.6766355e-01
   6.7252337e-01
   6.7850468e-01
   6.8485982e-01
   6.9046729e-01
   6.9457945e-01
   6.9719626e-01
   6.9869159e-01
   6.9943925e-01
   6.9981308e-01
   6.9943925e-01
   6.9831776e-01
   6.9570094e-01
   6.9046729e-01
   6.8336449e-01
   6.7514019e-01
   6.6728972e-01
   6.6130841e-01
   6.5757010e-01
   6.5644860e-01
   6.5757010e-01
   6.5906542e-01
   6.6130842e-01
   6.6355140e-01
   6.6579439e-01
   6.6990654e-01
   6.7439253e-01
   6.7962616e-01
   6.8485981e-01
   6.8897197e-01
   6.9158878e-01
   6.9233645e-01
   6.9233645e-01
   6.9308411e-01
   6.9607477e-01
   7.0130842e-01
   7.0953271e-01
   7.1887851e-01
   7.2822430e-01
   7.3644860e-01
   7.4242991e-01
   7.4579440e-01
   7.4691589e-01
   7.4579440e-01
   7.4317757e-01
   7.3794393e-01
   7.3084112e-01
   7.2186916e-01
   7.1140187e-01
   7.0168225e-01
   6.9345794e-01
   6.8897197e-01
   6.8859814e-01
   6.9084112e-01
   6.9570093e-01
   7.0056075e-01
   7.0392523e-01
   7.0429907e-01
   7.0205608e-01
   6.9757010e-01
   6.9233644e-01
   6.8635514e-01
   6.8074767e-01
   6.7476636e-01
   6.6915888e-01
   6.6429907e-01
   6.6018692e-01
   6.5906542e-01
   6.6130842e-01
   6.6616822e-01
   6.7401869e-01
   6.8261683e-01
   6.9009345e-01
   6.9532711e-01
   6.9682243e-01
   6.9644860e-01
   6.9383177e-01
   6.9158879e-01
   6.8934579e-01
   6.8859814e-01
   6.8897196e-01
   6.8971963e-01
   6.9084112e-01
   6.9271028e-01
   6.9532711e-01
   6.9943926e-01
   7.0467290e-01
   7.1028037e-01
   7.1439253e-01
   7.1588785e-01
   7.1439253e-01
   7.0841122e-01
   7.0018692e-01
   6.9009345e-01
   6.8074767e-01
   6.7252337e-01
   6.6728972e-01
   6.6355140e-01
   6.6242990e-01
   6.6317757e-01
   6.6691589e-01
   6.7289720e-01
   6.8186916e-01
   6.9345794e-01
   7.0616822e-01
   7.1850467e-01
   7.2710280e-01
   7.3158878e-01
   7.3046729e-01
   7.2448599e-01
   7.1514019e-01
   7.0504674e-01
   6.9570093e-01
   6.8897197e-01
   6.8560748e-01
   6.8598130e-01
   6.8971962e-01
   6.9719626e-01
   7.0728972e-01
   7.2112150e-01
   7.3570094e-01
   7.5028037e-01
   7.6224299e-01
   7.6934579e-01
   7.7009346e-01
   7.6448598e-01
   7.5439252e-01
   7.4130842e-01
   7.2859813e-01
   7.1775701e-01
   7.1028037e-01
   7.0691589e-01
   7.0616822e-01
   7.0766356e-01
   7.1028037e-01
   7.1401869e-01
   7.1813084e-01
   7.2261682e-01
   7.2635513e-01
   7.2859814e-01
   7.2785047e-01
   7.2373832e-01
   7.1663551e-01
   7.0803738e-01
   6.9906542e-01
   6.9196262e-01
   6.8822431e-01
   6.8785047e-01
   6.9009345e-01
   6.9420561e-01
   6.9943925e-01
   7.0355140e-01
   7.0691589e-01
   7.0953271e-01
   7.1140188e-01
   7.1177570e-01
   7.1028037e-01
   7.0579439e-01
   6.9906542e-01
   6.9009345e-01
   6.8000000e-01
   6.6990654e-01
   6.6205608e-01
   6.5644860e-01
   6.5345794e-01
   6.5158878e-01
   6.4897196e-01
   6.4523365e-01
   6.4074767e-01
   6.3476636e-01
   6.2915888e-01
   6.2504673e-01
   6.2280373e-01
   6.2280374e-01
   6.2429907e-01
   6.2654206e-01
   6.2878505e-01
   6.3102804e-01
   6.3327103e-01
   6.3663551e-01
   6.4112150e-01
   6.4598131e-01
   6.5046729e-01
   6.5345795e-01
   6.5383178e-01
   6.5084112e-01
   6.4560747e-01
   6.3850467e-01
   6.3102805e-01
   6.2280374e-01
   6.1570094e-01
   6.0897196e-01
   6.0336449e-01
   5.9850467e-01
   5.9626168e-01
   5.9700935e-01
   6.0186916e-01
   6.1084113e-01
   6.2242991e-01
   6.3588785e-01
   6.4822430e-01
   6.5794392e-01
   6.6317757e-01
   6.6467291e-01
   6.6317757e-01
   6.5906542e-01
   6.5420561e-01
   6.4934579e-01
   6.4448599e-01
   6.3962617e-01
   6.3588785e-01
   6.3364486e-01
   6.3439252e-01
   6.3813085e-01
   6.4485982e-01
   6.5457944e-01
   6.6429907e-01
   6.7214953e-01
   6.7700934e-01
   6.7700934e-01
   6.7327102e-01
   6.6691589e-01
   6.6018691e-01
   6.5532710e-01
   6.5233645e-01
   6.5308411e-01
   6.5719626e-01
   6.6392523e-01
   6.7327103e-01
   6.8448599e-01
   6.9757010e-01
   7.1065420e-01
   7.2336449e-01
   7.3345794e-01
   7.4056075e-01
   7.4280374e-01
   7.4242991e-01
   7.3943925e-01
   7.3607477e-01
   7.3457944e-01
   7.3570093e-01
   7.3981308e-01
   7.4504673e-01
   7.5102804e-01
   7.5588785e-01
   7.5813084e-01
   7.5850467e-01
   7.5626168e-01
   7.5177571e-01
   7.4616823e-01
   7.3794393e-01
   7.2710280e-01
   7.1401869e-01
   6.9869159e-01
   6.8336448e-01
   6.6953271e-01
   6.5906542e-01
   6.5345794e-01
   6.5271028e-01
   6.5532710e-01
   6.6056075e-01
   6.6579439e-01
   6.6990654e-01
   6.7252336e-01
   6.7289720e-01
   6.7177570e-01
   6.6953271e-01
   6.6616822e-01
   6.6168225e-01
   6.5644860e-01
   6.5084112e-01
   6.4598131e-01
   6.4336448e-01
   6.4336448e-01
   6.4598131e-01
   6.5084113e-01
   6.5570094e-01
   6.5906542e-01
   6.5981308e-01
   6.5719626e-01
   6.5196262e-01
   6.4560748e-01
   6.4000000e-01
   6.3551402e-01
   6.3364486e-01
   6.3289720e-01
   6.3401869e-01
   6.3588785e-01
   6.3813084e-01
   6.4112150e-01
   6.4560748e-01
   6.5046729e-01
   6.5532711e-01
   6.5906542e-01
   6.6018692e-01
   6.5831776e-01
   6.5383178e-01
   6.4710280e-01
   6.4037383e-01
   6.3551402e-01
   6.3327103e-01
   6.3401869e-01
   6.3738318e-01
   6.4224299e-01
   6.4710280e-01
   6.5233645e-01
   6.5644860e-01
   6.6056075e-01
   6.6429907e-01
   6.6728972e-01
   6.6953271e-01
   6.7065421e-01
   6.7028037e-01
   6.6878505e-01
   6.6766356e-01
   6.6766356e-01
   6.6990654e-01
   6.7476636e-01
   6.8149533e-01
   6.8822430e-01
   6.9495327e-01
   6.9943925e-01
   7.0280373e-01
   7.0542056e-01
   7.0803739e-01
   7.1177570e-01
   7.1663551e-01
   7.2186916e-01
   7.2635514e-01
   7.2859813e-01
   7.2785047e-01
   7.2411215e-01
   7.1925233e-01
   7.1327103e-01
   7.0766356e-01
   7.0280374e-01
   6.9943925e-01
   6.9682243e-01
   6.9495327e-01
   6.9345794e-01
   6.9345795e-01
   6.9457945e-01
   6.9682243e-01
   6.9943925e-01
   7.0093458e-01
   6.9943925e-01
   6.9495327e-01
   6.8672897e-01
   6.7663551e-01
   6.6579440e-01
   6.5682243e-01
   6.5084113e-01
   6.4934579e-01
   6.5158878e-01
   6.5607476e-01
   6.6205607e-01
   6.6841121e-01
   6.7364486e-01
   6.7775701e-01
   6.8074767e-01
   6.8224299e-01
   6.8149533e-01
   6.7887850e-01
   6.7439252e-01
   6.6803738e-01
   6.6205608e-01
   6.5719626e-01
   6.5570094e-01
   6.5719626e-01
   6.6130842e-01
   6.6654205e-01
   6.7177570e-01
   6.7588785e-01
   6.7700934e-01
   6.7663551e-01
   6.7551402e-01
   6.7439253e-01
   6.7476636e-01
   6.7626168e-01
   6.7887851e-01
   6.8037383e-01
   6.8186917e-01
   6.8299066e-01
   6.8448598e-01
   6.8672897e-01
   6.9046729e-01
   6.9607477e-01
   7.0280374e-01
   7.0990654e-01
   7.1663551e-01
   7.2261682e-01
   7.2822430e-01
   7.3308411e-01
   7.3757009e-01
   7.4168225e-01
   7.4392523e-01
   7.4317757e-01
   7.3906542e-01
   7.3009346e-01
   7.1850468e-01
   7.0579439e-01
   6.9345794e-01
   6.8336449e-01
   6.7700934e-01
   6.7327102e-01
   6.7214954e-01
   6.7289720e-01
   6.7439253e-01
   6.7588785e-01
   6.7813084e-01
   6.8074767e-01
   6.8261682e-01
   6.8336448e-01
   6.8261683e-01
   6.7887850e-01
   6.7252337e-01
   6.6429907e-01
   6.5570094e-01
   6.4897197e-01
   6.4523365e-01
   6.4598131e-01
   6.5009346e-01
   6.5682243e-01
   6.6467290e-01
   6.7252337e-01
   6.7962617e-01
   6.8672897e-01
   6.9345794e-01
   6.9906542e-01
   7.0429907e-01
   7.0841122e-01
   7.0990654e-01
   7.0953271e-01
   7.0691589e-01
   7.0317757e-01
   6.9906543e-01
   6.9532710e-01
   6.9196262e-01
   6.8822431e-01
   6.8373831e-01
   6.7813085e-01
   6.7102804e-01
   6.6467290e-01
   6.5943925e-01
   6.5719626e-01
   6.5906542e-01
   6.6429907e-01
   6.7140188e-01
   6.7850468e-01
   6.8485982e-01
   6.8859813e-01
   6.8971963e-01
   6.8897196e-01
   6.8672897e-01
   6.8373831e-01
   6.8000000e-01
   6.7514019e-01
   6.6915888e-01
   6.6205607e-01
   6.5495328e-01
   6.4859813e-01
   6.4448599e-01
   6.4224299e-01
   6.4261682e-01
   6.4448599e-01
   6.4598131e-01
   6.4672897e-01
   6.4598130e-01
   6.4485981e-01
   6.4373832e-01
   6.4411215e-01
   6.4635514e-01
   6.5046729e-01
   6.5644859e-01
   6.6317757e-01
   6.7028037e-01
   6.7775701e-01
   6.8598131e-01
   6.9570094e-01
   7.0579440e-01
   7.1551402e-01
   7.2373831e-01
   7.2934580e-01
   7.3084112e-01
   7.2859813e-01
   7.2336448e-01
   7.1588785e-01
   7.0953271e-01
   7.0392523e-01
   7.0018691e-01
   6.9794393e-01
   6.9644860e-01
   6.9607476e-01
   6.9682243e-01
   6.9943925e-01
   7.0467290e-01
   7.1252336e-01
   7.2224299e-01
   7.3233645e-01
   7.4130842e-01
   7.4691588e-01
   7.4841122e-01
   7.4579439e-01
   7.3943925e-01
   7.3046729e-01
   7.2074766e-01
   7.1065420e-01
   7.0130842e-01
   6.9158879e-01
   6.8373831e-01
   6.7700935e-01
   6.7252336e-01
   6.7065421e-01
   6.7177571e-01
   6.7514019e-01
   6.7925233e-01
   6.8299065e-01
   6.8448598e-01
   6.8448598e-01
   6.8373832e-01
   6.8299065e-01
   6.8448599e-01
   6.8859813e-01
   6.9570093e-01
   7.0504673e-01
   7.1551402e-01
   7.2560748e-01
   7.3495327e-01
   7.4280373e-01
   7.4915888e-01
   7.5364486e-01
   7.5588785e-01
   7.5476636e-01
   7.4953271e-01
   7.3981308e-01
   7.2710280e-01
   7.1252337e-01
   6.9794393e-01
   6.8598130e-01
   6.7813085e-01
   6.7514019e-01
   6.7663551e-01
   6.8037383e-01
   6.8635514e-01
   6.9308411e-01
   6.9981308e-01
   7.0691589e-01
   7.1364486e-01
   7.2037383e-01
   7.2560748e-01
   7.2971962e-01
   7.3158879e-01
   7.3084112e-01
   7.2897197e-01
   7.2672897e-01
   7.2598131e-01
   7.2635514e-01
   7.2859813e-01
   7.3121495e-01
   7.3345794e-01
   7.3495327e-01
   7.3495328e-01
   7.3532710e-01
   7.3644859e-01
   7.3943925e-01
   7.4429907e-01
   7.5028037e-01
   7.5663551e-01
   7.6186916e-01
   7.6485982e-01
   7.6672897e-01
   7.6785047e-01
   7.6897197e-01
   7.7196262e-01
   7.7607477e-01
   7.8130841e-01
   7.8654206e-01
   7.9028037e-01
   7.9289720e-01
   7.9327103e-01
   7.9177570e-01
   7.8953271e-01
   7.8616822e-01
   7.8056075e-01
   7.7383177e-01
   7.6448598e-01
   7.5289720e-01
   7.4056074e-01
   7.2859814e-01
   7.1887851e-01
   7.1252336e-01
   7.0990654e-01
   7.1028037e-01
   7.1214953e-01
   7.1439253e-01
   7.1626168e-01
   7.1775701e-01
   7.1850468e-01
   7.1887850e-01
   7.1962617e-01
   7.1962617e-01
   7.1887851e-01
   7.1700935e-01
   7.1401869e-01
   7.1028037e-01
   7.0691588e-01
   7.0542056e-01
   7.0542056e-01
   7.0803739e-01
   7.1065420e-01
   7.1289719e-01
   7.1401869e-01
   7.1252336e-01
   7.0953271e-01
   7.0654206e-01
   7.0467290e-01
   7.0579439e-01
   7.0953271e-01
   7.1514019e-01
   7.2149533e-01
   7.2747664e-01
   7.3196262e-01
   7.3532710e-01
   7.3682243e-01
   7.3719626e-01
   7.3532710e-01
   7.3233645e-01
   7.2672897e-01
   7.2037383e-01
   7.1252336e-01
   7.0504673e-01
   6.9943926e-01
   6.9644859e-01
   6.9719626e-01
   7.0018691e-01
   7.0392523e-01
   7.0766355e-01
   7.0990654e-01
   7.0915888e-01
   7.0691589e-01
   7.0317757e-01
   6.9906542e-01
   6.9570093e-01
   6.9271028e-01
   6.8971963e-01
   6.8710280e-01
