   1.0000000e+00
   8.5345146e-01
   6.5596161e-01
   4.4370616e-01
   2.5064600e-01
   1.0520487e-01
   2.1779255e-02
   0.0000000e+00
   2.8423772e-02
   8.6378743e-02
   1.5393134e-01
   2.1299373e-01
   2.5359911e-01
   2.7094870e-01
   2.6873385e-01
   2.5212256e-01
   2.2775932e-01
   2.0228867e-01
   1.7866372e-01
   1.6094500e-01
   1.4950166e-01
   1.4470284e-01
   1.4544112e-01
   1.5134736e-01
   1.6020671e-01
   1.7091178e-01
   1.8087855e-01
   1.8936877e-01
   1.9527501e-01
   1.9933555e-01
   2.0044297e-01
   2.0044297e-01
   1.9933555e-01
   1.9675157e-01
   1.9232189e-01
   1.8641565e-01
   1.7903285e-01
   1.7091177e-01
   1.6352898e-01
   1.5799188e-01
   1.5540790e-01
   1.5540789e-01
   1.5836102e-01
   1.6279070e-01
   1.6758953e-01
   1.7238834e-01
   1.7644887e-01
   1.7977113e-01
   1.8272426e-01
   1.8456995e-01
   1.8456995e-01
   1.8198597e-01
   1.7755629e-01
   1.7091178e-01
   1.6426726e-01
   1.5909930e-01
   1.5725360e-01
   1.5946844e-01
   1.6574382e-01
   1.7534146e-01
   1.8567737e-01
   1.9527501e-01
   2.0302695e-01
   2.0819491e-01
   2.1151717e-01
   2.1336286e-01
   2.1373200e-01
   2.1373200e-01
   2.1225545e-01
   2.0930233e-01
   2.0487265e-01
   2.0044297e-01
   1.9601329e-01
   1.9342931e-01
   1.9306017e-01
   1.9453673e-01
   1.9675157e-01
   1.9970468e-01
   2.0081211e-01
   2.0081211e-01
   2.0007383e-01
   1.9970469e-01
   2.0081211e-01
   2.0487264e-01
   2.1077889e-01
   2.1926911e-01
   2.2886674e-01
   2.3883352e-01
   2.4880030e-01
   2.5802879e-01
   2.6651902e-01
   2.7427095e-01
   2.7943891e-01
   2.8165375e-01
   2.7980805e-01
   2.7353267e-01
   2.6356589e-01
   2.5175342e-01
   2.4104836e-01
   2.3292728e-01
   2.2997416e-01
   2.3145073e-01
   2.3735696e-01
   2.4547804e-01
   2.5359911e-01
   2.6098192e-01
   2.6578073e-01
   2.6725729e-01
   2.6614987e-01
   2.6208933e-01
   2.5544481e-01
   2.4584718e-01
   2.3440384e-01
   2.2259136e-01
   2.1077889e-01
   2.0228867e-01
   1.9748985e-01
   1.9785899e-01
   2.0191953e-01
   2.0893318e-01
   2.1668513e-01
   2.2332964e-01
   2.2812846e-01
   2.3071245e-01
   2.3145073e-01
   2.3071244e-01
   2.2886674e-01
   2.2554449e-01
   2.2037652e-01
   2.1299373e-01
   2.0339609e-01
   1.9342931e-01
   1.8420081e-01
   1.7644888e-01
   1.7165005e-01
   1.6943521e-01
   1.6906608e-01
   1.6943521e-01
   1.6943521e-01
   1.6795866e-01
   1.6537467e-01
   1.6242156e-01
   1.5983758e-01
   1.5725360e-01
   1.5614618e-01
   1.5503876e-01
   1.5430048e-01
   1.5356221e-01
   1.5393134e-01
   1.5540790e-01
   1.5946844e-01
   1.6574382e-01
   1.7423403e-01
   1.8272425e-01
   1.8973791e-01
   1.9416759e-01
   1.9490587e-01
   1.9269103e-01
   1.8826135e-01
   1.8309340e-01
   1.7829458e-01
   1.7386490e-01
   1.6980435e-01
   1.6685124e-01
   1.6463640e-01
   1.6463639e-01
   1.6685124e-01
   1.7275748e-01
   1.8161683e-01
   1.9342931e-01
   2.0671835e-01
   2.1926910e-01
   2.2997416e-01
   2.3809524e-01
   2.4363233e-01
   2.4769287e-01
   2.5138428e-01
   2.5544482e-01
   2.5987449e-01
   2.6504246e-01
   2.7021042e-01
   2.7464010e-01
   2.7870063e-01
   2.8239203e-01
   2.8645257e-01
   2.9088225e-01
   2.9531193e-01
   2.9826504e-01
   2.9937246e-01
   2.9678849e-01
   2.9125139e-01
   2.8276117e-01
   2.7353267e-01
   2.6393503e-01
   2.5655224e-01
   2.5064600e-01
   2.4695460e-01
   2.4437062e-01
   2.4215578e-01
   2.4067922e-01
   2.3920266e-01
   2.3809524e-01
   2.3698782e-01
   2.3624955e-01
   2.3403470e-01
   2.2960502e-01
   2.2259137e-01
   2.1373200e-01
   2.0376522e-01
   1.9527501e-01
   1.8899963e-01
   1.8641565e-01
   1.8678479e-01
   1.8973791e-01
   1.9379845e-01
   1.9712071e-01
   1.9822813e-01
   1.9785899e-01
   1.9601330e-01
   1.9269104e-01
   1.8826135e-01
   1.8346254e-01
   1.7718716e-01
   1.7017350e-01
   1.6279070e-01
   1.5614618e-01
   1.5208564e-01
   1.5097823e-01
   1.5356220e-01
   1.5909930e-01
   1.6611296e-01
   1.7238834e-01
   1.7607974e-01
   1.7718716e-01
   1.7534145e-01
   1.7128091e-01
   1.6648210e-01
   1.6242156e-01
   1.5909930e-01
   1.5651532e-01
   1.5466962e-01
   1.5356220e-01
   1.5319306e-01
   1.5393134e-01
   1.5651532e-01
   1.6131414e-01
   1.6795866e-01
   1.7571060e-01
   1.8309340e-01
   1.9010705e-01
   1.9527501e-01
   2.0007383e-01
   2.0524178e-01
   2.1040975e-01
   2.1631599e-01
   2.2222222e-01
   2.2628276e-01
   2.2812846e-01
   2.2591362e-01
   2.2111481e-01
   2.1373201e-01
   2.0634921e-01
   1.9933554e-01
   1.9379845e-01
   1.8973791e-01
   1.8678480e-01
   1.8456995e-01
   1.8235512e-01
   1.8087855e-01
   1.8014028e-01
   1.8050941e-01
   1.8272425e-01
   1.8530823e-01
   1.8826135e-01
   1.9047619e-01
   1.9121447e-01
   1.9158361e-01
   1.9047619e-01
   1.9047619e-01
   1.9121447e-01
   1.9306017e-01
   1.9453672e-01
   1.9527501e-01
   1.9416759e-01
   1.9084533e-01
   1.8604651e-01
   1.8161684e-01
   1.7829458e-01
   1.7829458e-01
   1.8161684e-01
   1.8863049e-01
   1.9748985e-01
   2.0893319e-01
   2.2111481e-01
   2.3514212e-01
   2.4916944e-01
   2.6430417e-01
   2.7906977e-01
   2.9198966e-01
   3.0232558e-01
   3.0897010e-01
   3.1155408e-01
   3.1155408e-01
   3.1044667e-01
   3.0897011e-01
   3.0823182e-01
   3.0933924e-01
   3.1081580e-01
   3.1229236e-01
   3.1266150e-01
   3.1155408e-01
   3.0933924e-01
   3.0675526e-01
   3.0417129e-01
   3.0195644e-01
   2.9974161e-01
   2.9789590e-01
   2.9494278e-01
   2.9198966e-01
   2.8903655e-01
   2.8755999e-01
   2.8792913e-01
   2.9051311e-01
   2.9457365e-01
   2.9863418e-01
   3.0195644e-01
   3.0269472e-01
   3.0011075e-01
   2.9568107e-01
   2.8977483e-01
   2.8460686e-01
   2.8017719e-01
   2.7685493e-01
   2.7500924e-01
   2.7316353e-01
   2.7205611e-01
   2.7131784e-01
   2.7094870e-01
   2.7131783e-01
   2.7316352e-01
   2.7574752e-01
   2.7833149e-01
   2.7943891e-01
   2.7906977e-01
   2.7722407e-01
   2.7390181e-01
   2.7131784e-01
   2.6984128e-01
   2.6947213e-01
   2.7021041e-01
   2.7131784e-01
   2.7168697e-01
   2.7057955e-01
   2.6799556e-01
   2.6467331e-01
   2.6208933e-01
   2.5987450e-01
   2.5950535e-01
   2.5987449e-01
   2.6061277e-01
   2.6061278e-01
   2.5987449e-01
   2.5876707e-01
   2.5729051e-01
   2.5655224e-01
   2.5692138e-01
   2.5765965e-01
   2.5913621e-01
   2.5987450e-01
   2.6061278e-01
   2.6098192e-01
   2.6208933e-01
   2.6467332e-01
   2.6836471e-01
   2.7316352e-01
   2.7833149e-01
   2.8239203e-01
   2.8423773e-01
   2.8386859e-01
   2.8165375e-01
   2.7870063e-01
   2.7648579e-01
   2.7574751e-01
   2.7722407e-01
   2.7980805e-01
   2.8386859e-01
   2.8719084e-01
   2.9088225e-01
   2.9420451e-01
   2.9863418e-01
   3.0380215e-01
   3.0933924e-01
   3.1487634e-01
   3.1893688e-01
   3.2078258e-01
   3.2078258e-01
   3.1856774e-01
   3.1561462e-01
   3.1303064e-01
   3.1192322e-01
   3.1192322e-01
   3.1266150e-01
   3.1376892e-01
   3.1376892e-01
   3.1229236e-01
   3.0970838e-01
   3.0712440e-01
   3.0343300e-01
   2.9937247e-01
   2.9420450e-01
   2.8719084e-01
   2.7796235e-01
   2.6651901e-01
   2.5396825e-01
   2.4178664e-01
   2.3108159e-01
   2.2259137e-01
   2.1668513e-01
   2.1225545e-01
   2.0782577e-01
   2.0302695e-01
   1.9748986e-01
   1.9084533e-01
   1.8420081e-01
   1.7792543e-01
   1.7275748e-01
   1.6869694e-01
   1.6389812e-01
   1.5909930e-01
   1.5319307e-01
   1.4691769e-01
   1.4138058e-01
   1.3805833e-01
   1.3732005e-01
   1.3916575e-01
   1.4433370e-01
   1.5060908e-01
   1.5799189e-01
   1.6463639e-01
   1.7128092e-01
   1.7681802e-01
   1.8272426e-01
   1.8826135e-01
   1.9269103e-01
   1.9601329e-01
   1.9712071e-01
   1.9564415e-01
   1.9342931e-01
   1.9010705e-01
   1.8715394e-01
   1.8530823e-01
   1.8420081e-01
   1.8309340e-01
   1.8087855e-01
   1.7755629e-01
   1.7275748e-01
   1.6758952e-01
   1.6389812e-01
   1.6242156e-01
   1.6463640e-01
   1.6906608e-01
   1.7571060e-01
   1.8272426e-01
   1.8899963e-01
   1.9269104e-01
   1.9490587e-01
   1.9416759e-01
   1.9158362e-01
   1.8752308e-01
   1.8124769e-01
   1.7312662e-01
   1.6352898e-01
   1.5319306e-01
   1.4396457e-01
   1.3695091e-01
   1.3473607e-01
   1.3658177e-01
   1.4211887e-01
   1.5023994e-01
   1.5873016e-01
   1.6648210e-01
   1.7201920e-01
   1.7497232e-01
   1.7644888e-01
   1.7644888e-01
   1.7571060e-01
   1.7423403e-01
   1.7201920e-01
   1.6906608e-01
   1.6611296e-01
   1.6352898e-01
   1.6279070e-01
   1.6500554e-01
   1.7017349e-01
   1.7755630e-01
   1.8530823e-01
   1.9195275e-01
   1.9638243e-01
   1.9859727e-01
   1.9785899e-01
   1.9601329e-01
   1.9453673e-01
   1.9342931e-01
   1.9379845e-01
   1.9527501e-01
   1.9785899e-01
   2.0118126e-01
   2.0634921e-01
   2.1336286e-01
   2.2332964e-01
   2.3551126e-01
   2.4916943e-01
   2.6245847e-01
   2.7427095e-01
   2.8239203e-01
   2.8682171e-01
   2.8755999e-01
   2.8497601e-01
   2.8017719e-01
   2.7464009e-01
   2.6799557e-01
   2.5987449e-01
   2.5138428e-01
   2.4215578e-01
   2.3366555e-01
   2.2628276e-01
   2.2222223e-01
   2.2148395e-01
   2.2406792e-01
   2.2886674e-01
   2.3477298e-01
   2.4031008e-01
   2.4510890e-01
   2.4843116e-01
   2.5138428e-01
   2.5470653e-01
   2.5839793e-01
   2.6172020e-01
   2.6430417e-01
   2.6541159e-01
   2.6393503e-01
   2.6024364e-01
   2.5544482e-01
   2.4953857e-01
   2.4400148e-01
   2.3809524e-01
   2.3181986e-01
   2.2480620e-01
   2.1631599e-01
   2.0671835e-01
   1.9785899e-01
   1.9047619e-01
   1.8641565e-01
   1.8678479e-01
   1.9158361e-01
   2.0044297e-01
   2.1151717e-01
   2.2369878e-01
   2.3588040e-01
   2.4806202e-01
   2.5987449e-01
   2.6984128e-01
   2.7870063e-01
   2.8497601e-01
   2.8792913e-01
   2.8645257e-01
   2.8202289e-01
   2.7500923e-01
   2.6762643e-01
   2.6172020e-01
   2.5839793e-01
   2.5765965e-01
   2.5913621e-01
   2.6061278e-01
   2.6245847e-01
   2.6282761e-01
   2.6172020e-01
   2.5950536e-01
   2.5692138e-01
   2.5396825e-01
   2.5064599e-01
   2.4621632e-01
   2.4141750e-01
   2.3698782e-01
   2.3403469e-01
   2.3329642e-01
   2.3588040e-01
   2.4252492e-01
   2.5175342e-01
   2.6282761e-01
   2.7316353e-01
   2.8128461e-01
   2.8608343e-01
   2.8682170e-01
   2.8460687e-01
   2.7833149e-01
   2.6947214e-01
   2.5765965e-01
   2.4437061e-01
   2.2923588e-01
   2.1410114e-01
   2.0118125e-01
   1.9269104e-01
   1.9047619e-01
   1.9527501e-01
   2.0598007e-01
   2.2185308e-01
   2.3957180e-01
   2.5618310e-01
   2.7094870e-01
   2.8165375e-01
   2.8903655e-01
   2.9309708e-01
   2.9457365e-01
   2.9346623e-01
   2.9014396e-01
   2.8460687e-01
   2.7796235e-01
   2.7021041e-01
   2.6319675e-01
   2.5765966e-01
   2.5470653e-01
   2.5433740e-01
   2.5581396e-01
   2.5729051e-01
   2.5913621e-01
   2.5987449e-01
   2.6061278e-01
   2.6135106e-01
   2.6245847e-01
   2.6393503e-01
   2.6541159e-01
   2.6578074e-01
   2.6356589e-01
   2.5802879e-01
   2.4990772e-01
   2.3994094e-01
   2.2886674e-01
   2.1889996e-01
   2.1004061e-01
   2.0302695e-01
   1.9748986e-01
   1.9306017e-01
   1.9047620e-01
   1.8973791e-01
   1.9195275e-01
   1.9785899e-01
   2.0782577e-01
   2.2037652e-01
   2.3440384e-01
   2.4769287e-01
   2.5950535e-01
   2.6910299e-01
   2.7611665e-01
   2.8091547e-01
   2.8349945e-01
   2.8460687e-01
   2.8276117e-01
   2.7722407e-01
   2.6873385e-01
   2.5765965e-01
   2.4510890e-01
   2.3292728e-01
   2.2406792e-01
   2.1816168e-01
   2.1594685e-01
   2.1668513e-01
   2.1889996e-01
   2.2111481e-01
   2.2185309e-01
   2.2111481e-01
   2.1926910e-01
   2.1557771e-01
   2.1077888e-01
   2.0450350e-01
   1.9748986e-01
   1.8973791e-01
   1.8235512e-01
   1.7644887e-01
   1.7460317e-01
   1.7718715e-01
   1.8493909e-01
   1.9675157e-01
   2.1151717e-01
   2.2665191e-01
   2.4031008e-01
   2.5101514e-01
   2.5802879e-01
   2.6172020e-01
   2.6282762e-01
   2.6172020e-01
   2.5876707e-01
   2.5359912e-01
   2.4732374e-01
   2.3994094e-01
   2.3366556e-01
   2.2923588e-01
   2.2849760e-01
   2.3071245e-01
   2.3624954e-01
   2.4363234e-01
   2.5027686e-01
   2.5470654e-01
   2.5655224e-01
   2.5581396e-01
   2.5212256e-01
   2.4695460e-01
   2.4104836e-01
   2.3403470e-01
   2.2628276e-01
   2.1816168e-01
   2.0930232e-01
   2.0118125e-01
   1.9490587e-01
   1.9158361e-01
   1.9121447e-01
   1.9306017e-01
   1.9638243e-01
   1.9933555e-01
   1.9970468e-01
   1.9675157e-01
   1.9121447e-01
   1.8383167e-01
   1.7571060e-01
   1.6869694e-01
   1.6315985e-01
   1.6020671e-01
   1.5873016e-01
   1.5836103e-01
   1.5983758e-01
   1.6205242e-01
   1.6611296e-01
   1.7091177e-01
   1.7607973e-01
   1.7977113e-01
   1.8198597e-01
   1.8198597e-01
   1.8087856e-01
   1.7940199e-01
   1.8014027e-01
   1.8383167e-01
   1.9121447e-01
   2.0265781e-01
   2.1520857e-01
   2.2849760e-01
   2.4067922e-01
   2.5027686e-01
   2.5839793e-01
   2.6467331e-01
   2.6984127e-01
   2.7353267e-01
   2.7611665e-01
   2.7611665e-01
   2.7390181e-01
   2.6873385e-01
   2.6245847e-01
   2.5544482e-01
   2.4953858e-01
   2.4584718e-01
   2.4510889e-01
   2.4621632e-01
   2.4916943e-01
   2.5322997e-01
   2.5802879e-01
   2.6319675e-01
   2.6873385e-01
   2.7353267e-01
   2.7796235e-01
   2.7980805e-01
   2.7870063e-01
   2.7353266e-01
   2.6504246e-01
   2.5433739e-01
   2.4437061e-01
   2.3661869e-01
   2.3329642e-01
   2.3440384e-01
   2.3957180e-01
   2.4732374e-01
   2.5655224e-01
   2.6688815e-01
   2.7611666e-01
   2.8423772e-01
   2.9088225e-01
   2.9494279e-01
   2.9605021e-01
   2.9198967e-01
   2.8313030e-01
   2.6984128e-01
   2.5359911e-01
   2.3624954e-01
   2.2037653e-01
   2.0856404e-01
   2.0081211e-01
   1.9748986e-01
   1.9822813e-01
   2.0081211e-01
   2.0450350e-01
   2.0856404e-01
   2.1225545e-01
   2.1594685e-01
   2.1853083e-01
   2.2000738e-01
   2.1963824e-01
   2.1816169e-01
   2.1557771e-01
   2.1336286e-01
   2.1299373e-01
   2.1483942e-01
   2.2074566e-01
   2.2886674e-01
   2.3846438e-01
   2.4732374e-01
   2.5396826e-01
   2.5802879e-01
   2.5987449e-01
   2.6024363e-01
   2.6024363e-01
   2.6098192e-01
   2.6393503e-01
   2.6725729e-01
   2.7242525e-01
   2.7759320e-01
   2.8313031e-01
   2.8903655e-01
   2.9494278e-01
   3.0084902e-01
   3.0527871e-01
   3.0749354e-01
   3.0527871e-01
   2.9863419e-01
   2.8829827e-01
   2.7537838e-01
   2.6282761e-01
   2.5286083e-01
   2.4695460e-01
   2.4695460e-01
   2.5101514e-01
   2.5913621e-01
   2.6947213e-01
   2.8128461e-01
   2.9309709e-01
   3.0417128e-01
   3.1487634e-01
   3.2299741e-01
   3.2853452e-01
   3.2964194e-01
   3.2705796e-01
   3.2041344e-01
   3.1192322e-01
   3.0343301e-01
   2.9641934e-01
   2.9198967e-01
   2.9088225e-01
   2.9125139e-01
   2.9235880e-01
   2.9346622e-01
   2.9309709e-01
   2.9162052e-01
   2.8940569e-01
   2.8682170e-01
   2.8423773e-01
   2.8091548e-01
   2.7685493e-01
   2.7205611e-01
   2.6651902e-01
   2.6098191e-01
   2.5729051e-01
   2.5581396e-01
   2.5692138e-01
   2.6024364e-01
   2.6541159e-01
   2.6947213e-01
   2.7205611e-01
   2.7242525e-01
   2.7057955e-01
   2.6725729e-01
   2.6245847e-01
   2.5655224e-01
   2.4990772e-01
   2.4178664e-01
   2.3255814e-01
   2.2222223e-01
   2.1225545e-01
   2.0450351e-01
   2.0007383e-01
   1.9933555e-01
   2.0265781e-01
   2.0893319e-01
   2.1594684e-01
   2.2296050e-01
   2.2775932e-01
   2.2997416e-01
   2.2997416e-01
   2.2812846e-01
   2.2443706e-01
   2.1853082e-01
   2.1151717e-01
   2.0339609e-01
   1.9416759e-01
   1.8604651e-01
   1.7977113e-01
   1.7681802e-01
   1.7755630e-01
   1.8161684e-01
   1.8715393e-01
   1.9232189e-01
   1.9601329e-01
   1.9748986e-01
   1.9638243e-01
   1.9453673e-01
   1.9269104e-01
   1.9195275e-01
   1.9269104e-01
   1.9453672e-01
   1.9675158e-01
   1.9933555e-01
   2.0228867e-01
   2.0450350e-01
   2.0745663e-01
   2.1040974e-01
   2.1225545e-01
   2.1262459e-01
   2.1040975e-01
   2.0487265e-01
   1.9638243e-01
   1.8604651e-01
   1.7534145e-01
   1.6685124e-01
   1.6094500e-01
   1.5799188e-01
   1.5799189e-01
   1.5983758e-01
   1.6279071e-01
   1.6611295e-01
   1.6980435e-01
   1.7460318e-01
   1.7977113e-01
   1.8456995e-01
   1.8789222e-01
   1.8899963e-01
   1.8752308e-01
   1.8346254e-01
   1.7755629e-01
   1.7238834e-01
   1.6943521e-01
   1.6943522e-01
   1.7386490e-01
   1.8087856e-01
   1.9010705e-01
   2.0007383e-01
   2.0967146e-01
   2.1816168e-01
   2.2517535e-01
   2.3108158e-01
   2.3477298e-01
   2.3588040e-01
   2.3366555e-01
   2.2739019e-01
   2.1853082e-01
   2.0819491e-01
   1.9822813e-01
   1.9047620e-01
   1.8641565e-01
   1.8567737e-01
   1.8789222e-01
   1.9269104e-01
   1.9748986e-01
   2.0228867e-01
   2.0671835e-01
   2.1114802e-01
   2.1520856e-01
   2.1779255e-01
   2.1889996e-01
   2.1742341e-01
   2.1262459e-01
   2.0524179e-01
   1.9638244e-01
   1.8752308e-01
   1.8087855e-01
   1.7792544e-01
   1.7829458e-01
   1.8235512e-01
   1.8826135e-01
   1.9527501e-01
   2.0191953e-01
   2.0819491e-01
   2.1373201e-01
   2.1853082e-01
   2.2369878e-01
   2.2775932e-01
   2.3108158e-01
   2.3255814e-01
   2.3255814e-01
   2.3255814e-01
   2.3255814e-01
   2.3403470e-01
   2.3735696e-01
   2.4215578e-01
   2.4732374e-01
   2.5175342e-01
   2.5396825e-01
   2.5359911e-01
   2.5138428e-01
   2.4769287e-01
   2.4400147e-01
   2.4104836e-01
   2.3957180e-01
   2.3772610e-01
   2.3588041e-01
   2.3366556e-01
   2.3145072e-01
   2.2997417e-01
   2.2997416e-01
   2.3181986e-01
   2.3551126e-01
   2.4031008e-01
   2.4547804e-01
   2.4990772e-01
   2.5249169e-01
   2.5433739e-01
   2.5581396e-01
   2.5765965e-01
   2.6024363e-01
   2.6356589e-01
   2.6614988e-01
   2.6799557e-01
   2.6762643e-01
   2.6651902e-01
   2.6430418e-01
   2.6172020e-01
   2.5950535e-01
   2.5765965e-01
   2.5507568e-01
   2.5138428e-01
   2.4510890e-01
   2.3698782e-01
   2.2739019e-01
   2.1853082e-01
   2.1188631e-01
   2.0856405e-01
   2.0856405e-01
   2.1114803e-01
   2.1631599e-01
   2.2148395e-01
   2.2702105e-01
   2.3181986e-01
   2.3588041e-01
   2.3883352e-01
   2.4067922e-01
   2.4067923e-01
   2.3772610e-01
   2.3218901e-01
   2.2443706e-01
   2.1557770e-01
   2.0708749e-01
   2.0118125e-01
   1.9896640e-01
   2.0044297e-01
   2.0450351e-01
   2.1004061e-01
   2.1557770e-01
   2.2037652e-01
   2.2406793e-01
   2.2591363e-01
   2.2739019e-01
   2.2812846e-01
   2.2739019e-01
   2.2554449e-01
   2.2259136e-01
   2.1853082e-01
   2.1447028e-01
   2.1188631e-01
   2.1114803e-01
   2.1299373e-01
   2.1631599e-01
   2.1963825e-01
   2.2111481e-01
   2.1963824e-01
   2.1483943e-01
   2.0708749e-01
   1.9822813e-01
   1.9010705e-01
   1.8383167e-01
   1.8014027e-01
   1.7903286e-01
   1.7977113e-01
   1.8235512e-01
   1.8567738e-01
   1.9047620e-01
   1.9601329e-01
   2.0265781e-01
   2.0930232e-01
   2.1520856e-01
   2.2037653e-01
   2.2369879e-01
   2.2554448e-01
   2.2702105e-01
   2.2923588e-01
   2.3255814e-01
   2.3735696e-01
   2.4289405e-01
   2.4806202e-01
   2.5064600e-01
   2.5064600e-01
   2.4769287e-01
   2.4289406e-01
   2.3698782e-01
   2.3145072e-01
   2.2591363e-01
   2.2111480e-01
   2.1631599e-01
   2.1151717e-01
   2.0634921e-01
   2.0228867e-01
   2.0007383e-01
   2.0044297e-01
   2.0487264e-01
   2.1225545e-01
   2.2074567e-01
   2.2923588e-01
   2.3661869e-01
   2.4141751e-01
   2.4400147e-01
   2.4473975e-01
   2.4437061e-01
   2.4252492e-01
   2.3957180e-01
   2.3514212e-01
   2.2886674e-01
   2.2185309e-01
   2.1483943e-01
   2.0893319e-01
   2.0561093e-01
   2.0561093e-01
   2.0819491e-01
   2.1336286e-01
   2.1889997e-01
   2.2517534e-01
   2.3071244e-01
   2.3624954e-01
   2.4178664e-01
   2.4769287e-01
   2.5322997e-01
   2.5729051e-01
   2.5876707e-01
   2.5618309e-01
   2.4990772e-01
   2.3883352e-01
   2.2517534e-01
   2.1004061e-01
   1.9490587e-01
   1.8087856e-01
   1.6685124e-01
   1.5430048e-01
   1.4248801e-01
   1.3252122e-01
   1.2513843e-01
   1.2181617e-01
   1.2255445e-01
   1.2846070e-01
   1.3805832e-01
   1.4950166e-01
   1.6094500e-01
   1.7201920e-01
   1.8235512e-01
   1.9158362e-01
   2.0081211e-01
   2.1077889e-01
   2.2074566e-01
   2.3034330e-01
   2.3920266e-01
   2.4510890e-01
   2.4880030e-01
   2.4953858e-01
   2.4806201e-01
   2.4547804e-01
   2.4215578e-01
   2.3772610e-01
   2.3255814e-01
   2.2628276e-01
   2.1853082e-01
   2.1114803e-01
   2.0413436e-01
   1.9933554e-01
   1.9638243e-01
   1.9601329e-01
   1.9638244e-01
   1.9675157e-01
   1.9564415e-01
   1.9342931e-01
   1.9084533e-01
   1.8789221e-01
   1.8678479e-01
   1.8789221e-01
   1.9047620e-01
   1.9453673e-01
   1.9896641e-01
   2.0191953e-01
   2.0450351e-01
   2.0561093e-01
   2.0598007e-01
   2.0598007e-01
   2.0524178e-01
   2.0339609e-01
   2.0155039e-01
   1.9859727e-01
   1.9601329e-01
   1.9453673e-01
   1.9601329e-01
   2.0155039e-01
   2.1040975e-01
   2.2148394e-01
   2.3329642e-01
   2.4289405e-01
   2.4916943e-01
   2.5101514e-01
   2.4916943e-01
   2.4437062e-01
   2.3809524e-01
   2.3145072e-01
   2.2480620e-01
   2.1889996e-01
   2.1299373e-01
   2.0782577e-01
   2.0487264e-01
   2.0376523e-01
   2.0634921e-01
   2.1188631e-01
   2.1963825e-01
   2.2849760e-01
   2.3772610e-01
   2.4547804e-01
   2.5175342e-01
   2.5618309e-01
   2.6024363e-01
   2.6393503e-01
   2.6725729e-01
   2.7021041e-01
   2.7131784e-01
   2.7057955e-01
   2.6688815e-01
   2.6172020e-01
   2.5470654e-01
   2.4806201e-01
   2.4141751e-01
   2.3514212e-01
   2.2849760e-01
   2.2037652e-01
   2.1114803e-01
   2.0007383e-01
   1.8826135e-01
   1.7644888e-01
   1.6685124e-01
   1.6020672e-01
   1.5540790e-01
   1.5245478e-01
   1.5060908e-01
   1.5023994e-01
   1.5060908e-01
   1.5245478e-01
   1.5614618e-01
   1.6168328e-01
   1.6832780e-01
   1.7497231e-01
   1.8087855e-01
   1.8456995e-01
   1.8567737e-01
   1.8530823e-01
   1.8383167e-01
   1.8309339e-01
   1.8272426e-01
   1.8272425e-01
   1.8309339e-01
   1.8272426e-01
   1.8087856e-01
   1.7829458e-01
   1.7534146e-01
   1.7312662e-01
   1.7238834e-01
   1.7201919e-01
   1.7128092e-01
   1.6980436e-01
   1.6611296e-01
   1.6057586e-01
   1.5356220e-01
   1.4654854e-01
   1.4138058e-01
   1.3916575e-01
   1.3953489e-01
   1.4359542e-01
   1.4987080e-01
   1.5799189e-01
   1.6795866e-01
   1.7829458e-01
   1.8936877e-01
   2.0007383e-01
   2.0856405e-01
   2.1447028e-01
   2.1557771e-01
   2.1151717e-01
   2.0228868e-01
   1.9047620e-01
   1.7829458e-01
   1.6832780e-01
   1.6242156e-01
   1.6094500e-01
   1.6426726e-01
   1.7017350e-01
   1.7829458e-01
   1.8789222e-01
   1.9712071e-01
   2.0561093e-01
   2.1373201e-01
   2.2000739e-01
   2.2443706e-01
   2.2554449e-01
   2.2406792e-01
   2.2037652e-01
   2.1631599e-01
   2.1373200e-01
   2.1410115e-01
   2.1889996e-01
   2.2702105e-01
   2.3846437e-01
   2.5027686e-01
   2.6172020e-01
   2.7057955e-01
   2.7685493e-01
   2.8054633e-01
   2.8165375e-01
   2.8091548e-01
   2.7685493e-01
   2.7021041e-01
   2.6135105e-01
   2.4990772e-01
   2.3772610e-01
   2.2628277e-01
   2.1779255e-01
   2.1225545e-01
   2.1077889e-01
   2.1299373e-01
   2.1705427e-01
   2.2259137e-01
   2.2960502e-01
   2.3772610e-01
   2.4769287e-01
   2.5839793e-01
   2.7021042e-01
   2.8202289e-01
   2.9088225e-01
   2.9678848e-01
   2.9826504e-01
   2.9568106e-01
   2.9014397e-01
   2.8349945e-01
   2.7648579e-01
   2.6984127e-01
   2.6393504e-01
   2.5802879e-01
   2.5249169e-01
   2.4695460e-01
   2.4215578e-01
   2.3957180e-01
   2.3920266e-01
   2.4104836e-01
   2.4473976e-01
   2.4880029e-01
   2.5212256e-01
   2.5396825e-01
   2.5433739e-01
   2.5433740e-01
   2.5396826e-01
   2.5507568e-01
   2.5692138e-01
   2.5987450e-01
   2.6282761e-01
   2.6467331e-01
   2.6614987e-01
   2.6688815e-01
   2.6725729e-01
   2.6799557e-01
   2.6836471e-01
   2.6836471e-01
   2.6688815e-01
   2.6319675e-01
   2.5655224e-01
   2.4732374e-01
   2.3698782e-01
   2.2628276e-01
   2.1631599e-01
   2.0782577e-01
   2.0155040e-01
   1.9601329e-01
   1.9232190e-01
   1.9047620e-01
   1.9084534e-01
   1.9453673e-01
   2.0265781e-01
   2.1447028e-01
   2.2886674e-01
   2.4363234e-01
   2.5729051e-01
   2.6762643e-01
   2.7390181e-01
   2.7574752e-01
   2.7464010e-01
   2.7168697e-01
   2.6762643e-01
   2.6282761e-01
   2.5802879e-01
   2.5396825e-01
   2.5064600e-01
   2.5027686e-01
   2.5322997e-01
   2.6061277e-01
   2.7168697e-01
   2.8608343e-01
   3.0084902e-01
   3.1413806e-01
   3.2373570e-01
   3.2853452e-01
   3.2816538e-01
   3.2336655e-01
   3.1524549e-01
   3.0417128e-01
   2.9235880e-01
   2.7943891e-01
   2.6614987e-01
   2.5396825e-01
   2.4326319e-01
   2.3588041e-01
   2.3292728e-01
   2.3366556e-01
   2.3735696e-01
   2.4289406e-01
   2.4769288e-01
   2.4990772e-01
   2.4880030e-01
   2.4510890e-01
   2.3883352e-01
   2.3108158e-01
   2.2259137e-01
   2.1410114e-01
   2.0598007e-01
   1.9748985e-01
   1.9047620e-01
   1.8530823e-01
   1.8309339e-01
   1.8493909e-01
   1.9121448e-01
   2.0118125e-01
   2.1262459e-01
   2.2406792e-01
   2.3329642e-01
   2.3994094e-01
   2.4326320e-01
   2.4400147e-01
   2.4289406e-01
   2.4104836e-01
   2.3846438e-01
   2.3477298e-01
   2.3071244e-01
   2.2554449e-01
   2.2111480e-01
   2.1705427e-01
   2.1520856e-01
   2.1483942e-01
   2.1631599e-01
   2.1816168e-01
   2.1926910e-01
   2.1853082e-01
   2.1594685e-01
   2.1225545e-01
   2.0819491e-01
   2.0487265e-01
   2.0265781e-01
   2.0155039e-01
   2.0155039e-01
   2.0118125e-01
   2.0044297e-01
   1.9933555e-01
   1.9859727e-01
   1.9859727e-01
   2.0044297e-01
   2.0339609e-01
   2.0708749e-01
   2.1040975e-01
   2.1336287e-01
   2.1557770e-01
   2.1705426e-01
   2.1963824e-01
   2.2406792e-01
   2.3108158e-01
   2.4031008e-01
   2.4990772e-01
   2.5987450e-01
   2.6836471e-01
   2.7464009e-01
   2.7906977e-01
   2.8202289e-01
   2.8313030e-01
   2.8313031e-01
   2.8091547e-01
   2.7611665e-01
   2.6910299e-01
   2.6024364e-01
   2.5101514e-01
   2.4363234e-01
   2.3994094e-01
   2.3994094e-01
   2.4473976e-01
   2.5249169e-01
   2.6208933e-01
   2.7205611e-01
   2.8054633e-01
   2.8755998e-01
   2.9235880e-01
   2.9568106e-01
   2.9605021e-01
   2.9420451e-01
   2.8940569e-01
   2.8128461e-01
   2.7131783e-01
   2.6061278e-01
   2.5138428e-01
   2.4510889e-01
   2.4289405e-01
   2.4510890e-01
   2.5027685e-01
   2.5765965e-01
   2.6541159e-01
   2.7205611e-01
   2.7796235e-01
   2.8239202e-01
   2.8571429e-01
   2.8792912e-01
   2.8792912e-01
   2.8645257e-01
   2.8239203e-01
   2.7648579e-01
   2.7021041e-01
   2.6356590e-01
   2.5950536e-01
   2.5765965e-01
   2.5802879e-01
   2.5913621e-01
   2.6061277e-01
   2.6061278e-01
   2.5876707e-01
   2.5470654e-01
   2.5027686e-01
   2.4510890e-01
   2.4104836e-01
   2.3735696e-01
   2.3329642e-01
   2.2849760e-01
   2.2259137e-01
   2.1557770e-01
   2.0856405e-01
   2.0228867e-01
   1.9785899e-01
   1.9490587e-01
   1.9342931e-01
   1.9232190e-01
   1.9084533e-01
   1.8899963e-01
   1.8641566e-01
   1.8456995e-01
   1.8383167e-01
   1.8383167e-01
   1.8456995e-01
   1.8530823e-01
   1.8567738e-01
   1.8456995e-01
   1.8309340e-01
   1.8161684e-01
   1.8050941e-01
   1.8050941e-01
   1.8087855e-01
   1.8124769e-01
   1.8050941e-01
   1.7718716e-01
   1.7128092e-01
   1.6315984e-01
   1.5466962e-01
   1.4728683e-01
   1.4138059e-01
   1.3768919e-01
   1.3621263e-01
   1.3584348e-01
   1.3621262e-01
   1.3658177e-01
   1.3732005e-01
   1.3879661e-01
   1.4064230e-01
   1.4285714e-01
   1.4433370e-01
   1.4544112e-01
   1.4544112e-01
   1.4470284e-01
   1.4359543e-01
   1.4470284e-01
   1.4876339e-01
   1.5577704e-01
   1.6574382e-01
   1.7718716e-01
   1.8863049e-01
   1.9859727e-01
   2.0634921e-01
   2.1188631e-01
   2.1557770e-01
   2.1742341e-01
   2.1779255e-01
   2.1705427e-01
   2.1373200e-01
   2.0856404e-01
   2.0228867e-01
   1.9564415e-01
   1.9121447e-01
   1.8973791e-01
   1.9232189e-01
   1.9859727e-01
   2.0745663e-01
   2.1668513e-01
   2.2480621e-01
   2.3034330e-01
   2.3403470e-01
   2.3477298e-01
   2.3366556e-01
   2.3071245e-01
   2.2591362e-01
   2.1926910e-01
   2.1004060e-01
   1.9933555e-01
   1.8789221e-01
   1.7681802e-01
   1.6795866e-01
   1.6242156e-01
   1.5983757e-01
   1.5946844e-01
   1.6094500e-01
   1.6315984e-01
   1.6463639e-01
   1.6611296e-01
   1.6758952e-01
   1.7054263e-01
   1.7497232e-01
   1.8050941e-01
   1.8678479e-01
   1.9379845e-01
   2.0044297e-01
   2.0819491e-01
   2.1705427e-01
   2.2739019e-01
   2.3883352e-01
   2.5064600e-01
   2.6098192e-01
   2.6873385e-01
   2.7242525e-01
   2.7131784e-01
   2.6762643e-01
   2.6245847e-01
   2.5802879e-01
   2.5470654e-01
   2.5470654e-01
   2.5618310e-01
   2.5913622e-01
   2.6282761e-01
   2.6651902e-01
   2.6947213e-01
   2.7205611e-01
   2.7390181e-01
   2.7390181e-01
   2.7168697e-01
   2.6651901e-01
   2.5765966e-01
   2.4658546e-01
   2.3366556e-01
   2.2185309e-01
   2.1262459e-01
   2.0708749e-01
   2.0561093e-01
   2.0745663e-01
   2.1077889e-01
   2.1483943e-01
   2.1853082e-01
   2.2111481e-01
   2.2259137e-01
   2.2259137e-01
   2.2074566e-01
   2.1668513e-01
   2.0893319e-01
   1.9859727e-01
   1.8530823e-01
   1.7201920e-01
   1.5946844e-01
   1.4950166e-01
   1.4359542e-01
   1.4174972e-01
   1.4285715e-01
   1.4544112e-01
   1.4839425e-01
   1.5060908e-01
   1.5282393e-01
   1.5466962e-01
   1.5762275e-01
   1.6094500e-01
   1.6463640e-01
   1.6906608e-01
   1.7275748e-01
   1.7718716e-01
   1.8198598e-01
   1.8826135e-01
   1.9638243e-01
   2.0671835e-01
   2.1853082e-01
   2.2997416e-01
   2.3883352e-01
   2.4473976e-01
   2.4658546e-01
   2.4473975e-01
   2.3920266e-01
   2.3181986e-01
   2.2332964e-01
   2.1447028e-01
   2.0487264e-01
   1.9490587e-01
   1.8567737e-01
   1.7755630e-01
   1.7386490e-01
   1.7423404e-01
   1.7977113e-01
   1.9047619e-01
   2.0413437e-01
   2.1926910e-01
   2.3403469e-01
   2.4658546e-01
   2.5618310e-01
   2.6319675e-01
   2.6725729e-01
   2.6873385e-01
   2.6688815e-01
   2.6172020e-01
   2.5286083e-01
   2.4067922e-01
   2.2665190e-01
   2.1151717e-01
   1.9822813e-01
   1.8678480e-01
   1.7903285e-01
   1.7349576e-01
   1.6980436e-01
   1.6722038e-01
   1.6463639e-01
   1.6279070e-01
   1.6094500e-01
   1.6020672e-01
   1.5946844e-01
   1.5946844e-01
   1.5909930e-01
   1.5762275e-01
   1.5540790e-01
   1.5319306e-01
   1.5171650e-01
   1.5245479e-01
   1.5651532e-01
   1.6279070e-01
   1.7054264e-01
   1.7829458e-01
   1.8493910e-01
   1.8973791e-01
   1.9269103e-01
   1.9453673e-01
   1.9748985e-01
   2.0118125e-01
   2.0598007e-01
   2.1188631e-01
   2.1742341e-01
   2.2222223e-01
   2.2591362e-01
   2.2849760e-01
   2.3108158e-01
   2.3292728e-01
   2.3514212e-01
   2.3661868e-01
   2.3661868e-01
   2.3477298e-01
   2.3108159e-01
   2.2628276e-01
   2.2111481e-01
   2.1668513e-01
   2.1262459e-01
   2.0930232e-01
   2.0487265e-01
   1.9822813e-01
   1.8973791e-01
   1.7829458e-01
   1.6537467e-01
   1.5245478e-01
   1.4138058e-01
   1.3215209e-01
   1.2624585e-01
   1.2329273e-01
   1.2329273e-01
   1.2624584e-01
   1.3215209e-01
   1.4248800e-01
   1.5614618e-01
   1.7349576e-01
   1.9195275e-01
   2.1040975e-01
   2.2591362e-01
   2.3698782e-01
   2.4215578e-01
   2.4215578e-01
   2.3809524e-01
   2.3181986e-01
   2.2406792e-01
   2.1631599e-01
   2.1004061e-01
   2.0487265e-01
   2.0191953e-01
   2.0191953e-01
   2.0561093e-01
   2.1373200e-01
   2.2628276e-01
   2.4141751e-01
   2.5729051e-01
   2.7205611e-01
   2.8313031e-01
   2.8940569e-01
   2.9125139e-01
   2.8829826e-01
   2.8165375e-01
   2.7205611e-01
   2.6024364e-01
   2.4584718e-01
   2.3108158e-01
   2.1631599e-01
   2.0228867e-01
   1.9232190e-01
   1.8641565e-01
   1.8604651e-01
   1.8973791e-01
   1.9638243e-01
   2.0339609e-01
   2.0967146e-01
   2.1262459e-01
   2.1336286e-01
   2.1225545e-01
   2.1040974e-01
   2.0856404e-01
   2.0856404e-01
   2.0930232e-01
   2.1151717e-01
   2.1520856e-01
   2.2000739e-01
   2.2665190e-01
   2.3514213e-01
   2.4547804e-01
   2.5655224e-01
   2.6651902e-01
   2.7464010e-01
   2.7943891e-01
   2.8091547e-01
   2.7980805e-01
   2.7722407e-01
   2.7500923e-01
   2.7427095e-01
   2.7500923e-01
   2.7611666e-01
   2.7796235e-01
   2.7870063e-01
   2.7833149e-01
   2.7648579e-01
   2.7427095e-01
   2.7131784e-01
   2.6799557e-01
   2.6282761e-01
   2.5618310e-01
   2.4695460e-01
   2.3477298e-01
   2.2148395e-01
   2.0782577e-01
   1.9564415e-01
   1.8604652e-01
   1.7940199e-01
   1.7571059e-01
   1.7534145e-01
   1.7644888e-01
   1.8014027e-01
   1.8678480e-01
   1.9490587e-01
   2.0487265e-01
   2.1594685e-01
   2.2554449e-01
   2.3329642e-01
   2.3698782e-01
   2.3624955e-01
   2.3218900e-01
   2.2665190e-01
   2.2074567e-01
   2.1631599e-01
   2.1410114e-01
   2.1447028e-01
   2.1668513e-01
   2.1963824e-01
   2.2369878e-01
   2.2886674e-01
   2.3477298e-01
   2.4178664e-01
   2.4916943e-01
   2.5507568e-01
   2.5950536e-01
   2.5987449e-01
   2.5692138e-01
   2.5064600e-01
   2.4252492e-01
   2.3477298e-01
   2.2886674e-01
   2.2517535e-01
   2.2443706e-01
   2.2591363e-01
   2.2886674e-01
   2.3329642e-01
   2.3809524e-01
   2.4437061e-01
   2.5212256e-01
   2.6024363e-01
   2.6799557e-01
   2.7427095e-01
   2.7870063e-01
   2.8017720e-01
   2.7980805e-01
   2.7796235e-01
   2.7685493e-01
   2.7648579e-01
   2.7796234e-01
   2.8017719e-01
   2.8313030e-01
   2.8571429e-01
   2.8792913e-01
   2.8977483e-01
   2.9125139e-01
   2.9346622e-01
   2.9494279e-01
   2.9568107e-01
   2.9420450e-01
   2.8940568e-01
   2.8128461e-01
   2.6984127e-01
   2.5729051e-01
   2.4400147e-01
   2.3181987e-01
   2.2074567e-01
   2.1151717e-01
   2.0228867e-01
   1.9342931e-01
   1.8456995e-01
   1.7534145e-01
   1.6795866e-01
   1.6279070e-01
   1.6094500e-01
   1.6242156e-01
   1.6611296e-01
   1.7128091e-01
   1.7681802e-01
   1.8272426e-01
   1.8789221e-01
   1.9416759e-01
   2.0007383e-01
   2.0634921e-01
   2.1225545e-01
   2.1705427e-01
   2.2037652e-01
   2.2185309e-01
   2.2296050e-01
   2.2406792e-01
   2.2628276e-01
   2.2960502e-01
   2.3403470e-01
   2.3846437e-01
   2.4215578e-01
   2.4437062e-01
   2.4473976e-01
   2.4473976e-01
   2.4437061e-01
   2.4473975e-01
   2.4584718e-01
   2.4732374e-01
   2.4769288e-01
   2.4658546e-01
   2.4363234e-01
   2.3957180e-01
   2.3551127e-01
   2.3292728e-01
   2.3181986e-01
   2.3292728e-01
   2.3514212e-01
   2.3698782e-01
   2.3735696e-01
   2.3551126e-01
   2.3181987e-01
   2.2665190e-01
   2.2074567e-01
   2.1520857e-01
   2.1004060e-01
   2.0598007e-01
   2.0265781e-01
   2.0044297e-01
   2.0044297e-01
   2.0302695e-01
   2.0856404e-01
   2.1668513e-01
   2.2554449e-01
   2.3440384e-01
   2.4031008e-01
   2.4215578e-01
   2.3994093e-01
   2.3366555e-01
   2.2554449e-01
   2.1705427e-01
   2.0893318e-01
   2.0191953e-01
   1.9601329e-01
   1.9158362e-01
   1.8826135e-01
   1.8604652e-01
   1.8715394e-01
   1.9121447e-01
   1.9933555e-01
   2.1077889e-01
   2.2480620e-01
   2.3883352e-01
   2.5212256e-01
   2.6282761e-01
   2.7094870e-01
   2.7648579e-01
   2.8017719e-01
   2.8054633e-01
   2.7980805e-01
   2.7611666e-01
   2.6984127e-01
   2.6172020e-01
   2.5286083e-01
   2.4473976e-01
   2.3846437e-01
   2.3477298e-01
   2.3366556e-01
   2.3403470e-01
   2.3440384e-01
   2.3403470e-01
   2.3181986e-01
   2.2923588e-01
   2.2665191e-01
   2.2628277e-01
   2.2849760e-01
   2.3329642e-01
   2.4067922e-01
   2.4880029e-01
   2.5692138e-01
   2.6467332e-01
   2.7131783e-01
   2.7648579e-01
   2.8054633e-01
   2.8202289e-01
   2.8091547e-01
   2.7611665e-01
   2.6725729e-01
   2.5544482e-01
   2.4215578e-01
   2.2923588e-01
   2.1926910e-01
   2.1373200e-01
   2.1151717e-01
   2.1336286e-01
   2.1779255e-01
   2.2259137e-01
   2.2665191e-01
   2.2960502e-01
   2.3108159e-01
   2.3108159e-01
   2.2886674e-01
   2.2406792e-01
   2.1594685e-01
   2.0524179e-01
   1.9195275e-01
   1.7792543e-01
   1.6574382e-01
   1.5577704e-01
   1.4987080e-01
   1.4839425e-01
   1.4950166e-01
   1.5282392e-01
   1.5614618e-01
   1.5909930e-01
   1.6131414e-01
   1.6315984e-01
   1.6463640e-01
   1.6574382e-01
   1.6685124e-01
   1.6648210e-01
   1.6500553e-01
   1.6279070e-01
   1.5983757e-01
   1.5799189e-01
   1.5836102e-01
   1.6131414e-01
   1.6685124e-01
   1.7349576e-01
   1.8050941e-01
   1.8641565e-01
   1.9047619e-01
   1.9306017e-01
   1.9490587e-01
   1.9712071e-01
   1.9970468e-01
   2.0228867e-01
   2.0450351e-01
   2.0561093e-01
   2.0561093e-01
   2.0450351e-01
   2.0339609e-01
   2.0265781e-01
   2.0339609e-01
   2.0524179e-01
   2.0782577e-01
   2.1004060e-01
   2.1077888e-01
   2.1004060e-01
   2.0819491e-01
   2.0634921e-01
   2.0413437e-01
   2.0228868e-01
   2.0118125e-01
   1.9933554e-01
   1.9675157e-01
   1.9306017e-01
   1.8863049e-01
   1.8530824e-01
   1.8272426e-01
   1.8272426e-01
   1.8493909e-01
   1.8863049e-01
   1.9232189e-01
   1.9527501e-01
   1.9712071e-01
   1.9822813e-01
   1.9896641e-01
   2.0118125e-01
   2.0413437e-01
   2.0893318e-01
   2.1447029e-01
   2.2000739e-01
   2.2591363e-01
   2.3145072e-01
   2.3698782e-01
   2.4400148e-01
   2.5138428e-01
   2.5950535e-01
   2.6651902e-01
   2.7168697e-01
   2.7390181e-01
   2.7279439e-01
   2.6836471e-01
   2.6319675e-01
   2.5839793e-01
   2.5470654e-01
   2.5322997e-01
   2.5322998e-01
   2.5470654e-01
   2.5655223e-01
   2.5765965e-01
   2.5876707e-01
   2.5987449e-01
   2.6098192e-01
   2.6208933e-01
   2.6172020e-01
   2.6024363e-01
   2.5692138e-01
   2.5212256e-01
   2.4732374e-01
   2.4363234e-01
   2.4326319e-01
   2.4584718e-01
   2.5175342e-01
   2.6024363e-01
   2.6873385e-01
   2.7685493e-01
   2.8276116e-01
   2.8719085e-01
   2.8977482e-01
   2.9162052e-01
   2.9125139e-01
   2.8940569e-01
   2.8497601e-01
   2.7759321e-01
   2.6836471e-01
   2.5765965e-01
   2.4732374e-01
   2.3920266e-01
   2.3403470e-01
   2.3255814e-01
   2.3329642e-01
   2.3477298e-01
   2.3588041e-01
   2.3514212e-01
   2.3218901e-01
   2.2775932e-01
   2.2185309e-01
   2.1520856e-01
   2.0893319e-01
   2.0228867e-01
   1.9638244e-01
   1.9195275e-01
   1.8936877e-01
   1.9010705e-01
   1.9490587e-01
   2.0376523e-01
   2.1557771e-01
   2.2812846e-01
   2.3920266e-01
   2.4732374e-01
   2.5212256e-01
   2.5286083e-01
   2.5138428e-01
   2.4843115e-01
   2.4473975e-01
   2.4104837e-01
   2.3624954e-01
   2.3108159e-01
   2.2480620e-01
   2.1779255e-01
   2.1114802e-01
   2.0561093e-01
   2.0228868e-01
   2.0118125e-01
   2.0155039e-01
   2.0191953e-01
   2.0228867e-01
   2.0155039e-01
   2.0044297e-01
   1.9970469e-01
   1.9970469e-01
   2.0081211e-01
   2.0302695e-01
   2.0634921e-01
   2.0856405e-01
   2.1004061e-01
   2.1040975e-01
   2.1004060e-01
   2.0893319e-01
   2.0819491e-01
   2.0708749e-01
   2.0561093e-01
   2.0265781e-01
   1.9785899e-01
   1.9195275e-01
   1.8567737e-01
   1.8087856e-01
   1.7829458e-01
   1.7940199e-01
   1.8383167e-01
   1.9047619e-01
   1.9859727e-01
   2.0745663e-01
   2.1594685e-01
   2.2443706e-01
   2.3292728e-01
   2.4104836e-01
   2.4916943e-01
   2.5544482e-01
   2.5913622e-01
   2.5987449e-01
   2.5802879e-01
   2.5322997e-01
   2.4880029e-01
   2.4510890e-01
   2.4326319e-01
   2.4400148e-01
   2.4584718e-01
   2.4769288e-01
   2.4843115e-01
   2.4732374e-01
   2.4473976e-01
   2.4141750e-01
   2.3809524e-01
   2.3551126e-01
   2.3403470e-01
   2.3255814e-01
   2.3108159e-01
   2.2849760e-01
   2.2591362e-01
   2.2296050e-01
   2.2037653e-01
   2.1853082e-01
   2.1705427e-01
   2.1483943e-01
   2.1188631e-01
   2.0856404e-01
   2.0450351e-01
   2.0118125e-01
   1.9933555e-01
   2.0007383e-01
   2.0339609e-01
   2.0782577e-01
   2.1188631e-01
   2.1483943e-01
   2.1483942e-01
   2.1262459e-01
   2.0930233e-01
   2.0598007e-01
   2.0376523e-01
   2.0339609e-01
   2.0487264e-01
   2.0745663e-01
   2.1040975e-01
   2.1225545e-01
   2.1410115e-01
   2.1594685e-01
   2.1705427e-01
   2.1889996e-01
   2.2037653e-01
   2.2148395e-01
   2.2185309e-01
   2.2148395e-01
   2.2185309e-01
   2.2369878e-01
   2.2775932e-01
   2.3440384e-01
   2.4289405e-01
   2.5212256e-01
   2.5913621e-01
   2.6245847e-01
   2.6172020e-01
   2.5655223e-01
   2.4806202e-01
   2.3809524e-01
   2.2812846e-01
   2.1853082e-01
   2.1077889e-01
   2.0450350e-01
   2.0007383e-01
   1.9785899e-01
   1.9822813e-01
   2.0118125e-01
   2.0598007e-01
   2.1188631e-01
   2.1705427e-01
   2.1889996e-01
   2.1779255e-01
   2.1188631e-01
   2.0302695e-01
   1.9306017e-01
   1.8383167e-01
   1.7792544e-01
   1.7497232e-01
   1.7644888e-01
   1.8014027e-01
   1.8604652e-01
   1.9306017e-01
   2.0044297e-01
   2.0819491e-01
   2.1520856e-01
   2.2185309e-01
   2.2665191e-01
   2.2960502e-01
   2.2997416e-01
   2.2849760e-01
   2.2665191e-01
   2.2480620e-01
   2.2554448e-01
   2.2849760e-01
   2.3366556e-01
   2.3883352e-01
   2.4363233e-01
   2.4547804e-01
   2.4437061e-01
   2.4031008e-01
   2.3477298e-01
   2.2849760e-01
   2.2185309e-01
   2.1557771e-01
   2.0893319e-01
   2.0265781e-01
   1.9675157e-01
   1.9195275e-01
   1.8936877e-01
   1.9047619e-01
   1.9453673e-01
   2.0228868e-01
   2.1151717e-01
   2.2148395e-01
   2.2960502e-01
   2.3551126e-01
   2.3883352e-01
   2.4031008e-01
   2.3994094e-01
   2.3846438e-01
   2.3624955e-01
   2.3292728e-01
   2.2775932e-01
   2.2148394e-01
   2.1447028e-01
   2.0819491e-01
   2.0376523e-01
   2.0118125e-01
   2.0007383e-01
   2.0044297e-01
   2.0007383e-01
   1.9896641e-01
   1.9712071e-01
   1.9453672e-01
   1.9232190e-01
   1.9269103e-01
   1.9490587e-01
   2.0007383e-01
   2.0598007e-01
   2.1225545e-01
   2.1779255e-01
   2.2222223e-01
   2.2554448e-01
   2.2812846e-01
   2.3071244e-01
   2.3218901e-01
   2.3181987e-01
   2.2960502e-01
   2.2406792e-01
   2.1483942e-01
   2.0413436e-01
   1.9306017e-01
   1.8309340e-01
   1.7571059e-01
   1.7201920e-01
   1.7238834e-01
   1.7571059e-01
   1.8161683e-01
   1.9010705e-01
   2.0007383e-01
   2.1114803e-01
   2.2222223e-01
   2.3145073e-01
   2.3735696e-01
   2.3920265e-01
   2.3551127e-01
   2.2739019e-01
   2.1631598e-01
   2.0524179e-01
   1.9564415e-01
   1.9010705e-01
   1.8789222e-01
   1.8973791e-01
   1.9269104e-01
   1.9638243e-01
   1.9970469e-01
   2.0228867e-01
   2.0450350e-01
   2.0634921e-01
   2.0782577e-01
   2.0819491e-01
   2.0819491e-01
   2.0561093e-01
   2.0191953e-01
   1.9748985e-01
   1.9379845e-01
   1.9158362e-01
   1.9195275e-01
   1.9527501e-01
   1.9970469e-01
   2.0524179e-01
   2.1077889e-01
   2.1557771e-01
   2.1963825e-01
   2.2332964e-01
   2.2628276e-01
   2.2886674e-01
   2.3071244e-01
   2.3034330e-01
   2.2849760e-01
   2.2480620e-01
   2.2148395e-01
   2.1963825e-01
   2.2111480e-01
   2.2628276e-01
   2.3440384e-01
   2.4400148e-01
   2.5286084e-01
   2.5913622e-01
   2.6098192e-01
   2.5839793e-01
   2.5286083e-01
   2.4437062e-01
   2.3477298e-01
   2.2406792e-01
   2.1410115e-01
   2.0413437e-01
   1.9564415e-01
   1.8936877e-01
   1.8641566e-01
   1.8678479e-01
   1.9084534e-01
   1.9859727e-01
   2.0745663e-01
   2.1631598e-01
   2.2332964e-01
   2.2812846e-01
   2.2997416e-01
   2.2997417e-01
   2.2886674e-01
   2.2628277e-01
   2.2222222e-01
   2.1779255e-01
   2.1114803e-01
   2.0376522e-01
   1.9601329e-01
   1.8973791e-01
   1.8567737e-01
   1.8456995e-01
   1.8641566e-01
   1.9010705e-01
   1.9379845e-01
   1.9675157e-01
   1.9748985e-01
   1.9675158e-01
   1.9490587e-01
   1.9306017e-01
   1.9195276e-01
   1.9195275e-01
   1.9306017e-01
   1.9416759e-01
   1.9601329e-01
   1.9822813e-01
   2.0191953e-01
   2.0708749e-01
   2.1483943e-01
   2.2406792e-01
   2.3329642e-01
   2.4141750e-01
   2.4732374e-01
   2.4990772e-01
   2.4880030e-01
   2.4621632e-01
   2.4141751e-01
   2.3661868e-01
   2.3145072e-01
   2.2739019e-01
   2.2296050e-01
   2.2000738e-01
   2.1816168e-01
   2.1889996e-01
   2.2296050e-01
   2.3034330e-01
   2.4031008e-01
   2.5212256e-01
   2.6356589e-01
   2.7316353e-01
   2.8017719e-01
   2.8534515e-01
   2.8866740e-01
