   6.0765064e-01
   4.9729180e-01
   3.7914692e-01
   2.7589708e-01
   2.0751523e-01
   1.8652674e-01
   2.1631686e-01
   2.9045362e-01
   3.9336493e-01
   5.0541638e-01
   6.0731212e-01
   6.8314151e-01
   7.2274881e-01
   7.2342586e-01
   6.8957346e-01
   6.2897766e-01
   5.5314827e-01
   4.7359513e-01
   3.9979688e-01
   3.4021666e-01
   2.9925525e-01
   2.7894380e-01
   2.7894380e-01
   2.9790115e-01
   3.3243060e-01
   3.7846988e-01
   4.3195666e-01
   4.8882871e-01
   5.4400813e-01
   5.9241706e-01
   6.2999323e-01
   6.5132024e-01
   6.5267434e-01
   6.3236289e-01
   5.9072444e-01
   5.3080569e-01
   4.5802302e-01
   3.8117806e-01
   3.0907244e-01
   2.5050779e-01
   2.1259309e-01
   1.9905213e-01
   2.1056195e-01
   2.4475287e-01
   2.9553148e-01
   3.5646581e-01
   4.1841571e-01
   4.7528774e-01
   5.2031144e-01
   5.4840893e-01
   5.5822613e-01
   5.5010156e-01
   5.2572783e-01
   4.8950575e-01
   4.4651320e-01
   4.0182803e-01
   3.6052810e-01
   3.2566012e-01
   2.9993229e-01
   2.8436019e-01
   2.7894380e-01
   2.8368314e-01
   2.9790115e-01
   3.2125931e-01
   3.5443467e-01
   3.9607311e-01
   4.4448206e-01
   4.9627623e-01
   5.4705484e-01
   5.9140149e-01
   6.2322275e-01
   6.3744076e-01
   6.3100880e-01
   6.0223426e-01
   5.5348679e-01
   4.8815165e-01
   4.1469194e-01
   3.4123223e-01
   2.7826676e-01
   2.3662830e-01
   2.2376438e-01
   2.4509140e-01
   2.9993229e-01
   3.8422478e-01
   4.8815165e-01
   5.9851049e-01
   7.0040623e-01
   7.7962085e-01
   8.2498307e-01
   8.2938389e-01
   7.9146920e-01
   7.1563980e-01
   6.1069736e-01
   4.8984427e-01
   3.6831415e-01
   2.6134055e-01
   1.8246445e-01
   1.4251861e-01
   1.4590386e-01
   1.9363574e-01
   2.7894380e-01
   3.9201083e-01
   5.1828029e-01
   6.4251862e-01
   7.5084631e-01
   8.3107651e-01
   8.7508463e-01
   8.7982397e-01
   8.4563304e-01
   7.7894380e-01
   6.8754231e-01
   5.8226134e-01
   4.7562627e-01
   3.7813134e-01
   2.9959377e-01
   2.4678402e-01
   2.2342586e-01
   2.3019634e-01
   2.6201760e-01
   3.1347326e-01
   3.7643873e-01
   4.4143534e-01
   5.0067705e-01
   5.4705484e-01
   5.7481381e-01
   5.8192282e-01
   5.6668924e-01
   5.3080569e-01
   4.7799594e-01
   4.1401489e-01
   3.4631009e-01
   2.8300609e-01
   2.3121191e-01
   1.9702099e-01
   1.8449560e-01
   1.9532837e-01
   2.2681110e-01
   2.7555856e-01
   3.3412322e-01
   3.9641165e-01
   4.5565335e-01
   5.0473934e-01
   5.3960731e-01
   5.5687204e-01
   5.5551794e-01
   5.3656060e-01
   5.0236966e-01
   4.5768450e-01
   4.0758294e-01
   3.5781990e-01
   3.1313473e-01
   2.7758971e-01
   2.5389302e-01
   2.4272173e-01
   2.4475287e-01
   2.5930941e-01
   2.8537576e-01
   3.2193635e-01
   3.6729858e-01
   4.1943128e-01
   4.7494922e-01
   5.3012864e-01
   5.7955315e-01
   6.1814489e-01
   6.4116452e-01
   6.4590386e-01
   6.2999323e-01
   5.9444820e-01
   5.4265403e-01
   4.7968856e-01
   4.1266080e-01
   3.4969532e-01
   2.9993229e-01
   2.7081923e-01
   2.6811103e-01
   2.9587000e-01
   3.5240353e-01
   4.3331076e-01
   5.3012864e-01
   6.3033175e-01
   7.2173324e-01
   7.9180771e-01
   8.2972241e-01
   8.2972241e-01
   7.9180772e-01
   7.1767095e-01
   6.1780637e-01
   5.0338524e-01
   3.8964116e-01
   2.9011510e-01
   2.1868652e-01
   1.8483412e-01
   1.9295870e-01
   2.4238321e-01
   3.2498307e-01
   4.3060258e-01
   5.4366960e-01
   6.4861205e-01
   7.3188896e-01
   7.8232904e-01
   7.9485443e-01
   7.6844956e-01
   7.0819228e-01
   6.2153012e-01
   5.1895735e-01
   4.1266080e-01
   3.1381178e-01
   2.3222748e-01
   1.7501693e-01
   1.4691943e-01
   1.4895058e-01
   1.7975626e-01
   2.3358158e-01
   3.0399458e-01
   3.8422478e-01
   4.6547055e-01
   5.4096140e-01
   6.0460392e-01
   6.5233581e-01
   6.8111036e-01
   6.8855789e-01
   6.7637102e-01
   6.4556533e-01
   5.9986459e-01
   5.4468517e-01
   4.8645904e-01
   4.3297224e-01
   3.9031821e-01
   3.6323629e-01
   3.5680433e-01
   3.7034530e-01
   4.0250508e-01
   4.5091401e-01
   5.0914014e-01
   5.7075153e-01
   6.2830060e-01
   6.7670954e-01
   7.0886933e-01
   7.2139472e-01
   7.1259309e-01
   6.8381855e-01
   6.3777928e-01
   5.8090724e-01
   5.2031144e-01
   4.6377793e-01
   4.1841571e-01
   3.9099525e-01
   3.8422478e-01
   4.0013541e-01
   4.3771158e-01
   4.9322951e-01
   5.6059580e-01
   6.3270142e-01
   7.0074475e-01
   7.5660122e-01
   7.9282328e-01
   8.0433311e-01
   7.8977657e-01
   7.5050778e-01
   6.9228165e-01
   6.2322275e-01
   5.5280975e-01
   4.8984427e-01
   4.4278943e-01
   4.1604603e-01
   4.1299932e-01
   4.3364929e-01
   4.7461070e-01
   5.3249831e-01
   6.0223425e-01
   6.7704807e-01
   7.5118484e-01
   8.1787407e-01
   8.7169939e-01
   9.0758294e-01
   9.2247799e-01
   9.1536899e-01
   8.8727150e-01
   8.4055518e-01
   7.7962085e-01
   7.1022343e-01
   6.3744076e-01
   5.6804333e-01
   5.0778605e-01
   4.6276236e-01
   4.3771157e-01
   4.3601896e-01
   4.5971564e-01
   5.0744753e-01
   5.7549086e-01
   6.5741367e-01
   7.4542993e-01
   8.2870684e-01
   8.9844279e-01
   9.4685173e-01
   9.6716316e-01
   9.5666893e-01
   9.1638456e-01
   8.4969532e-01
   7.6371022e-01
   6.6790792e-01
   5.7278267e-01
   4.8849018e-01
   4.2383209e-01
   3.8490182e-01
   3.7440759e-01
   3.9099526e-01
   4.3060257e-01
   4.8645904e-01
   5.5077861e-01
   6.1611374e-01
   6.7501693e-01
   7.2207177e-01
   7.5287745e-01
   7.6438727e-01
   7.5592417e-01
   7.2816520e-01
   6.8415708e-01
   6.2728504e-01
   5.6398104e-01
   5.0067705e-01
   4.4414353e-01
   4.0115098e-01
   3.7610020e-01
   3.7271496e-01
   3.9065674e-01
   4.2857143e-01
   4.8239675e-01
   5.4637779e-01
   6.1205146e-01
   6.7163169e-01
   7.1767095e-01
   7.4306026e-01
   7.4407583e-01
   7.2004062e-01
   6.7332431e-01
   6.1035883e-01
   5.3825322e-01
   4.6682464e-01
   4.0487475e-01
   3.5951252e-01
   3.3581584e-01
   3.3649289e-01
   3.6086662e-01
   4.0521327e-01
   4.6445498e-01
   5.3215978e-01
   6.0020311e-01
   6.6046039e-01
   7.0616114e-01
   7.3188896e-01
   7.3493568e-01
   7.1462424e-01
   6.7433987e-01
   6.1882194e-01
   5.5551794e-01
   4.9085985e-01
   4.3297224e-01
   3.8693297e-01
   3.5781990e-01
   3.4935680e-01
   3.6154367e-01
   3.9505754e-01
   4.4685173e-01
   5.1252539e-01
   5.8632362e-01
   6.6079892e-01
   7.2782667e-01
   7.8029791e-01
   8.1211916e-01
   8.2024374e-01
   8.0331754e-01
   7.6269465e-01
   7.0277589e-01
   6.2999323e-01
   5.5111713e-01
   4.7427217e-01
   4.0792146e-01
   3.5883548e-01
   3.3412322e-01
   3.3784698e-01
   3.7068382e-01
   4.3060257e-01
   5.1150982e-01
   6.0392688e-01
   6.9566689e-01
   7.7522005e-01
   8.3141503e-01
   8.5578876e-01
   8.4461746e-01
   7.9790115e-01
   7.2207177e-01
   6.2626946e-01
   5.2234258e-01
   4.2349357e-01
   3.4157075e-01
   2.8571428e-01
   2.6066350e-01
   2.6607989e-01
   2.9823967e-01
   3.4834123e-01
   4.0690589e-01
   4.6343940e-01
   5.0914015e-01
   5.3757617e-01
   5.4502369e-01
   5.3148273e-01
   4.9796886e-01
   4.4786730e-01
   3.8490183e-01
   3.1415031e-01
   2.4102911e-01
   1.7095464e-01
   1.1035883e-01
   6.3981047e-02
   3.6222072e-02
   3.0128633e-02
   4.5700738e-02
   8.0907247e-02
   1.3134733e-01
   1.9025051e-01
   2.5186188e-01
   3.0771834e-01
   3.5240352e-01
   3.8016249e-01
   3.8896412e-01
   3.7745430e-01
   3.4732566e-01
   3.0297901e-01
   2.5016926e-01
   1.9566689e-01
   1.4590386e-01
   1.0731212e-01
   8.2261341e-02
   7.2782667e-02
   7.8537574e-02
   9.6817876e-02
   1.2491537e-01
   1.6046039e-01
   2.0108328e-01
   2.4509140e-01
   2.9146919e-01
   3.3852404e-01
   3.8354773e-01
   4.2417061e-01
   4.5666893e-01
   4.7698036e-01
   4.8239675e-01
   4.7020988e-01
   4.4109682e-01
   3.9641164e-01
   3.4021666e-01
   2.7928233e-01
   2.2071767e-01
   1.7332430e-01
   1.4488829e-01
   1.4218009e-01
   1.6756939e-01
   2.2207177e-01
   3.0027082e-01
   3.9471902e-01
   4.9322951e-01
   5.8395396e-01
   6.5470548e-01
   6.9532837e-01
   6.9939066e-01
   6.6587678e-01
   5.9715640e-01
   5.0203114e-01
   3.9201083e-01
   2.8165199e-01
   1.8517264e-01
   1.1679079e-01
   8.6662154e-02
   1.0020312e-01
   1.5673663e-01
   2.4983073e-01
   3.6696005e-01
   4.9255247e-01
   6.0968179e-01
   7.0176032e-01
   7.5693974e-01
   7.6743399e-01
   7.3222748e-01
   6.5538253e-01
   5.4671632e-01
   4.2010832e-01
   2.8977657e-01
   1.7197021e-01
   7.8537574e-02
   1.9295872e-02
   0.0000000e+00
   1.9295865e-02
   7.2444143e-02
   1.5030467e-01
   2.4136763e-01
   3.3378470e-01
   4.1672308e-01
   4.8070413e-01
   5.2064997e-01
   5.3452945e-01
   5.2234258e-01
   4.8747461e-01
   4.3398781e-01
   3.6865268e-01
   2.9756263e-01
   2.2816520e-01
   1.6756940e-01
   1.2186865e-01
   9.4786727e-02
   9.0047397e-02
   1.0765064e-01
   1.4522681e-01
   1.9871360e-01
   2.6167908e-01
   3.2735274e-01
   3.8862559e-01
   4.3872715e-01
   4.7224102e-01
   4.8442789e-01
   4.7325660e-01
   4.4075829e-01
   3.8964117e-01
   3.2566012e-01
   2.5727827e-01
   1.9329722e-01
   1.4184157e-01
   1.1002031e-01
   1.0088016e-01
   1.1712932e-01
   1.5605959e-01
   2.1496276e-01
   2.8774542e-01
   3.6729858e-01
   4.4685172e-01
   5.1997291e-01
   5.8023019e-01
   6.2288423e-01
   6.4556533e-01
   6.4759647e-01
   6.3067028e-01
   5.9817197e-01
   5.5551794e-01
   5.0846310e-01
   4.6343940e-01
   4.2586324e-01
   3.9979688e-01
   3.8930264e-01
   3.9607311e-01
   4.2213947e-01
   4.6716317e-01
   5.2877454e-01
   6.0291131e-01
   6.8483412e-01
   7.6574136e-01
   8.3750846e-01
   8.9167231e-01
   9.2078538e-01
   9.1909275e-01
   8.8490183e-01
   8.1990521e-01
   7.2918077e-01
   6.2119160e-01
   5.0677048e-01
   3.9776574e-01
   3.0602573e-01
   2.4238321e-01
   2.1530129e-01
   2.2850372e-01
   2.8097495e-01
   3.6696005e-01
   4.7562627e-01
   5.9343263e-01
   7.0446851e-01
   7.9417739e-01
   8.5037238e-01
   8.6560596e-01
   8.3852404e-01
   7.7081923e-01
   6.7230873e-01
   5.5484089e-01
   4.3195667e-01
   3.1855111e-01
   2.2782667e-01
   1.6892349e-01
   1.4658091e-01
   1.6181449e-01
   2.0988490e-01
   2.8131347e-01
   3.6526743e-01
   4.5023696e-01
   5.2471226e-01
   5.8023020e-01
   6.1069736e-01
   6.1408260e-01
   5.9072444e-01
   5.4400813e-01
   4.7901151e-01
   4.0216655e-01
   3.2058226e-01
   2.4204468e-01
   1.7366282e-01
   1.2220717e-01
   9.1740015e-02
   8.5308053e-02
   1.0223425e-01
   1.3981043e-01
   1.9329723e-01
   2.5660122e-01
   3.2159783e-01
   3.8083954e-01
   4.2789438e-01
   4.5700745e-01
   4.6580908e-01
   4.5192959e-01
   4.1807718e-01
   3.6865268e-01
   3.0974949e-01
   2.4881516e-01
   1.9431280e-01
   1.5301286e-01
   1.2965470e-01
   1.2728504e-01
   1.4624238e-01
   1.8314151e-01
   2.3561273e-01
   2.9790115e-01
   3.6391334e-01
   4.2924847e-01
   4.8815166e-01
   5.3588354e-01
   5.6872038e-01
   5.8463101e-01
   5.8259986e-01
   5.6398104e-01
   5.3148273e-01
   4.8882870e-01
   4.4143534e-01
   3.9404197e-01
   3.5206499e-01
   3.1821260e-01
   2.9688557e-01
   2.9045362e-01
   2.9993229e-01
   3.2802979e-01
   3.7305348e-01
   4.3432634e-01
   5.0812457e-01
   5.8767773e-01
   6.6553825e-01
   7.3290453e-01
   7.8131348e-01
   8.0297901e-01
   7.9350033e-01
   7.5152336e-01
   6.8077183e-01
   5.8700067e-01
   4.8104266e-01
   3.7474611e-01
   2.8199052e-01
   2.1530128e-01
   1.8381855e-01
   1.9363574e-01
   2.4475287e-01
   3.3175355e-01
   4.4278944e-01
   5.6431957e-01
   6.7874069e-01
   7.7081923e-01
   8.2667569e-01
   8.3920108e-01
   8.0602573e-01
   7.3121192e-01
   6.2389979e-01
   4.9830737e-01
   3.6932972e-01
   2.5321598e-01
   1.6350711e-01
   1.0934326e-01
   9.5125251e-02
   1.1949898e-01
   1.7569397e-01
   2.5355450e-01
   3.3987813e-01
   4.2146242e-01
   4.8781313e-01
   5.3012864e-01
   5.4603927e-01
   5.3419093e-01
   4.9864591e-01
   4.4414353e-01
   3.7813134e-01
   3.0737983e-01
   2.3865944e-01
   1.7840216e-01
   1.3236290e-01
   1.0358835e-01
   9.5463774e-02
   1.0866621e-01
   1.4184157e-01
   1.9228165e-01
   2.5558565e-01
   3.2701422e-01
   3.9911984e-01
   4.6682465e-01
   5.2335815e-01
   5.6262695e-01
   5.8158429e-01
   5.7752200e-01
   5.5044008e-01
   5.0406228e-01
   4.4278943e-01
   3.7474611e-01
   3.0873391e-01
   2.5355450e-01
   2.1665538e-01
   2.0379147e-01
   2.1767095e-01
   2.5761679e-01
   3.2092078e-01
   4.0047394e-01
   4.8916723e-01
   5.7718348e-01
   6.5572105e-01
   7.1563980e-01
   7.5050778e-01
   7.5693974e-01
   7.3459715e-01
   6.8754231e-01
   6.2186866e-01
   5.4637779e-01
   4.7088694e-01
   4.0352065e-01
   3.5138795e-01
   3.1888964e-01
   3.0805687e-01
   3.1855111e-01
   3.5003385e-01
   3.9911983e-01
   4.6411645e-01
   5.3960731e-01
   6.2085308e-01
   7.0108328e-01
   7.7318890e-01
   8.2836832e-01
   8.6052810e-01
   8.6357481e-01
   8.3446175e-01
   7.7454299e-01
   6.8821937e-01
   5.8259986e-01
   4.6919431e-01
   3.6018957e-01
   2.6844955e-01
   2.0582261e-01
   1.8077183e-01
   1.9803656e-01
   2.5693974e-01
   3.5071090e-01
   4.6750169e-01
   5.9174001e-01
   7.0751524e-01
   7.9857820e-01
   8.5240352e-01
   8.6188219e-01
   8.2566012e-01
   7.4881516e-01
   6.4048747e-01
   5.1421801e-01
   3.8557887e-01
   2.6980365e-01
   1.7907922e-01
   1.2220717e-01
   1.0358835e-01
   1.2220718e-01
   1.7264725e-01
   2.4576845e-01
   3.3039946e-01
   4.1536899e-01
   4.8984428e-01
   5.4570075e-01
   5.7887610e-01
   5.8700068e-01
   5.6973595e-01
   5.3080569e-01
   4.7427217e-01
   4.0589032e-01
   3.3209208e-01
   2.6032499e-01
   1.9769803e-01
   1.5064319e-01
   1.2423832e-01
   1.2153013e-01
   1.4285714e-01
   1.8584969e-01
   2.4576845e-01
   3.1584292e-01
   3.8828707e-01
   4.5396073e-01
   5.0609343e-01
   5.3859174e-01
   5.4637779e-01
   5.2979012e-01
   4.9018280e-01
   4.3195667e-01
   3.6357481e-01
   2.9350034e-01
   2.2985782e-01
   1.8111036e-01
   1.5165876e-01
   1.4421124e-01
   1.5775220e-01
   1.8957345e-01
   2.3459715e-01
   2.8740691e-01
   3.4292484e-01
   3.9607312e-01
   4.4312796e-01
   4.8036560e-01
   5.0643196e-01
   5.1963440e-01
   5.1963440e-01
   5.0744753e-01
   4.8476642e-01
   4.5497631e-01
   4.2010833e-01
   3.8490183e-01
   3.5172647e-01
   3.2464454e-01
   3.0636425e-01
   2.9959377e-01
   3.0737982e-01
   3.3073797e-01
   3.7034529e-01
   4.2586323e-01
   4.9255247e-01
   5.6567366e-01
   6.3777928e-01
   7.0074475e-01
   7.4610698e-01
   7.6709546e-01
   7.5964794e-01
   7.2241029e-01
   6.5842924e-01
   5.7312119e-01
   4.7596479e-01
   3.7914692e-01
   2.9553148e-01
   2.3662830e-01
   2.1293162e-01
   2.2985782e-01
   2.8774543e-01
   3.8117806e-01
   4.9864590e-01
   6.2525389e-01
   7.4373730e-01
   8.3818551e-01
   8.9471903e-01
   9.0555180e-01
   8.6865268e-01
   7.8909953e-01
   6.7670954e-01
   5.4603926e-01
   4.1367637e-01
   2.9553148e-01
   2.0514557e-01
   1.5233581e-01
   1.4116452e-01
   1.7027759e-01
   2.3222749e-01
   3.1685849e-01
   4.1096817e-01
   5.0135409e-01
   5.7684496e-01
   6.2897765e-01
   6.5368991e-01
   6.4895057e-01
   6.1848341e-01
   5.6499661e-01
   4.9593771e-01
   4.1740014e-01
   3.3683141e-01
   2.6134055e-01
   1.9769803e-01
   1.5165877e-01
   1.2728503e-01
   1.2660799e-01
   1.4962762e-01
   1.9262017e-01
   2.5152336e-01
   3.1922817e-01
   3.8761002e-01
   4.4955992e-01
   4.9763033e-01
   5.2538930e-01
   5.3046716e-01
   5.1083277e-01
   4.6987136e-01
   4.1232227e-01
   3.4563304e-01
   2.7894380e-01
   2.2037914e-01
   1.7840216e-01
   1.5775220e-01
   1.5978334e-01
   1.8381855e-01
   2.2545700e-01
   2.8029790e-01
   3.4190927e-01
   4.0487475e-01
   4.6513202e-01
   5.1895734e-01
   5.6330399e-01
   5.9681788e-01
   6.1746784e-01
   6.2457684e-01
   6.1712932e-01
   5.9614082e-01
   5.6262695e-01
   5.1929587e-01
   4.6885579e-01
   4.1638456e-01
   3.6662153e-01
   3.2532160e-01
   2.9790115e-01
   2.8876100e-01
   3.0230196e-01
   3.3852403e-01
   3.9573459e-01
   4.6919431e-01
   5.5179418e-01
   6.3337847e-01
   7.0413000e-01
   7.5457007e-01
   7.7792823e-01
   7.6980365e-01
   7.3019635e-01
   6.6249153e-01
   5.7447528e-01
   4.7596480e-01
   3.7982397e-01
   2.9857820e-01
   2.4441435e-01
   2.2613406e-01
   2.4949221e-01
   3.1381178e-01
   4.1232227e-01
   5.3385241e-01
   6.6249154e-01
   7.8063643e-01
   8.7237644e-01
   9.2417061e-01
   9.2924847e-01
   8.8727150e-01
   8.0433310e-01
   6.9262017e-01
   5.6770481e-01
   4.4617468e-01
   3.4427895e-01
   2.7420447e-01
   2.4204469e-01
   2.4881516e-01
   2.9113067e-01
   3.5815843e-01
   4.3940420e-01
   5.2132701e-01
   5.9309411e-01
   6.4590386e-01
   6.7603250e-01
   6.8212593e-01
   6.6553825e-01
   6.3134732e-01
   5.8259986e-01
   5.2606635e-01
   4.6547055e-01
   4.0555179e-01
   3.5071090e-01
   3.0568720e-01
   2.7386594e-01
   2.5795531e-01
   2.5998646e-01
   2.7962085e-01
   3.1516588e-01
   3.6222072e-01
   4.1672309e-01
   4.7190251e-01
   5.2234258e-01
   5.6127284e-01
   5.8496953e-01
   5.8970887e-01
   5.7447529e-01
   5.4028436e-01
   4.9153690e-01
   4.3297223e-01
   3.7237644e-01
   3.1719702e-01
   2.7454299e-01
   2.5016926e-01
   2.4779959e-01
   2.6743398e-01
   3.0873392e-01
   3.6763711e-01
   4.3906567e-01
   5.1692620e-01
   5.9478673e-01
   6.6519973e-01
   7.2173324e-01
   7.5964793e-01
   7.7488152e-01
   7.6641842e-01
   7.3527420e-01
   6.8483412e-01
   6.2051455e-01
   5.4908598e-01
   4.7698036e-01
   4.1062965e-01
   3.5578876e-01
   3.1753554e-01
   2.9857820e-01
   3.0196344e-01
   3.2836831e-01
   3.7643873e-01
   4.4380501e-01
   5.2437373e-01
   6.1035883e-01
   6.9228165e-01
   7.6032498e-01
   8.0534868e-01
   8.2125931e-01
   8.0501015e-01
   7.5897089e-01
   6.8855788e-01
   6.0223425e-01
   5.1184834e-01
   4.3026405e-01
   3.6831415e-01
   3.3513879e-01
   3.3649289e-01
   3.7373054e-01
   4.4346649e-01
   5.3757617e-01
   6.4624238e-01
   7.5626270e-01
   8.5612728e-01
   9.3432634e-01
   9.8375085e-01
   1.0000000e+00
   9.8273528e-01
   9.3568043e-01
   8.6425186e-01
   7.7657413e-01
   6.8212594e-01
   5.9106297e-01
   5.1184834e-01
   4.5294515e-01
   4.1943128e-01
   4.1333785e-01
   4.3331076e-01
   4.7427217e-01
   5.2843602e-01
   5.8767773e-01
   6.4285714e-01
   6.8551117e-01
   7.0886933e-01
   7.1090047e-01
   6.9092756e-01
   6.5064319e-01
   5.9410968e-01
   5.2775898e-01
   4.5768450e-01
   3.9099526e-01
   3.3378470e-01
   2.9113067e-01
   2.6675693e-01
   2.6235613e-01
   2.7691266e-01
   3.0873391e-01
   3.5375762e-01
   4.0724441e-01
   4.6310088e-01
   5.1557211e-01
   5.5822613e-01
   5.8632362e-01
   5.9512526e-01
   5.8226134e-01
   5.4807041e-01
   4.9526066e-01
   4.2992552e-01
   3.5985105e-01
   2.9282328e-01
   2.3832092e-01
   2.0209885e-01
   1.8754232e-01
   1.9566689e-01
   2.2477995e-01
   2.7014218e-01
   3.2701422e-01
   3.8896411e-01
   4.5091401e-01
   5.0778605e-01
   5.5551794e-01
   5.9140148e-01
   6.1238998e-01
   6.1780637e-01
   6.0663507e-01
   5.8124577e-01
   5.4299256e-01
   4.9526066e-01
   4.4211239e-01
   3.8862559e-01
   3.3920108e-01
   2.9959377e-01
   2.7488151e-01
   2.6946513e-01
   2.8571429e-01
   3.2566012e-01
   3.8693297e-01
   4.6547055e-01
   5.5314827e-01
   6.4048747e-01
   7.1699391e-01
   7.7352741e-01
   8.0162491e-01
   7.9790115e-01
   7.6235613e-01
   6.9837508e-01
   6.1408260e-01
   5.2031144e-01
   4.2924847e-01
   3.5375762e-01
   3.0501015e-01
   2.9113067e-01
   3.1651998e-01
   3.7948545e-01
   4.7325660e-01
   5.8598510e-01
   7.0277589e-01
   8.0805687e-01
   8.8659444e-01
   9.2789438e-01
   9.2518619e-01
   8.7948545e-01
   7.9620853e-01
   6.8652674e-01
   5.6465809e-01
   4.4651321e-01
   3.4563304e-01
   2.7386594e-01
   2.3730535e-01
   2.3798240e-01
   2.7217332e-01
   3.3175355e-01
   4.0622884e-01
   4.8307379e-01
   5.5179417e-01
   6.0426540e-01
   6.3439404e-01
   6.4116453e-01
   6.2559241e-01
   5.9106297e-01
   5.4231550e-01
   4.8442789e-01
   4.2146242e-01
   3.5917400e-01
   3.0162491e-01
   2.5253893e-01
   2.1631686e-01
   1.9532837e-01
   1.9160460e-01
   2.0514557e-01
   2.3561272e-01
   2.7894380e-01
   3.3039946e-01
   3.8524035e-01
   4.3669600e-01
   4.7901150e-01
   5.0643195e-01
   5.1523357e-01
   5.0338524e-01
   4.7224102e-01
   4.2450914e-01
   3.6729858e-01
   3.0704130e-01
   2.5253893e-01
   2.0988490e-01
   1.8415708e-01
   1.7772511e-01
   1.9025050e-01
   2.1868652e-01
   2.5897089e-01
   3.0771835e-01
   3.5985105e-01
   4.1333785e-01
   4.6547055e-01
   5.1421800e-01
   5.5721056e-01
   5.9241705e-01
   6.1746784e-01
   6.3033176e-01
   6.2897766e-01
   6.1205145e-01
   5.7989167e-01
   5.3486797e-01
   4.8104265e-01
   4.2417061e-01
   3.7136087e-01
   3.3006093e-01
   3.0839539e-01
   3.1178064e-01
   3.4292484e-01
   4.0148951e-01
   4.8070413e-01
   5.7210562e-01
   6.6384563e-01
   7.4272173e-01
   7.9790115e-01
   8.2125931e-01
   8.0907244e-01
   7.6201760e-01
   6.8618822e-01
   5.9174002e-01
   4.9052133e-01
   3.9607312e-01
   3.2092078e-01
   2.7555857e-01
   2.6709546e-01
   2.9756263e-01
   3.6459038e-01
   4.6106973e-01
   5.7515234e-01
   6.9228165e-01
   7.9722410e-01
   8.7643872e-01
   9.1875423e-01
   9.1841571e-01
   8.7440758e-01
   7.9180772e-01
   6.8077183e-01
   5.5382532e-01
   4.2654028e-01
   3.1381177e-01
   2.2816520e-01
   1.7874069e-01
   1.6960054e-01
   1.9837508e-01
   2.5795531e-01
   3.3784699e-01
   4.2450914e-01
   5.0473934e-01
   5.6770481e-01
   6.0528097e-01
   6.1475965e-01
   5.9614083e-01
   5.5348679e-01
   4.9322952e-01
   4.2247800e-01
   3.4901828e-01
   2.7995937e-01
   2.2071766e-01
   1.7637102e-01
   1.5030467e-01
   1.4319567e-01
   1.5572105e-01
   1.8415707e-01
   2.2647258e-01
   2.7758971e-01
   3.3243060e-01
   3.8591740e-01
   4.3331076e-01
   4.7020988e-01
   4.9289100e-01
   4.9966148e-01
   4.8916722e-01
   4.6276235e-01
   4.2213947e-01
   3.7271496e-01
   3.1922817e-01
   2.6811104e-01
   2.2545701e-01
   1.9465131e-01
   1.7941774e-01
   1.8043331e-01
   1.9668246e-01
   2.2579553e-01
   2.6506432e-01
   3.1110359e-01
   3.6120515e-01
   4.1198374e-01
   4.5971564e-01
   5.0067705e-01
   5.3249831e-01
   5.5213270e-01
   5.5754908e-01
   5.4840893e-01
   5.2606635e-01
   4.9187542e-01
   4.4922139e-01
   4.0250507e-01
   3.5680433e-01
   3.1821259e-01
   2.9248476e-01
   2.8334462e-01
   2.9620853e-01
   3.3107651e-01
   3.8828707e-01
   4.6242383e-01
   5.4637779e-01
   6.3067028e-01
   7.0446851e-01
   7.5897089e-01
   7.8503724e-01
   7.7928233e-01
   7.3967501e-01
   6.7095464e-01
   5.8023020e-01
   4.7799594e-01
   3.7745430e-01
   2.9214624e-01
   2.3392011e-01
   2.1191605e-01
   2.3222749e-01
   2.9316181e-01
   3.8896412e-01
   5.0778605e-01
   6.3337847e-01
   7.4949221e-01
   8.4021665e-01
   8.9302640e-01
   9.0148951e-01
   8.6425186e-01
   7.8706838e-01
   6.8077183e-01
   5.5958023e-01
   4.3872715e-01
   3.3344618e-01
   2.5490860e-01
   2.1123900e-01
   2.0514557e-01
   2.3425864e-01
   2.9214624e-01
   3.6763711e-01
   4.4989844e-01
   5.2742044e-01
   5.9004739e-01
   6.3134732e-01
   6.4691943e-01
   6.3710223e-01
   6.0291131e-01
   5.4840893e-01
   4.7901151e-01
   4.0148951e-01
   3.2193635e-01
   2.4847664e-01
   1.8720379e-01
   1.4454976e-01
   1.2457684e-01
   1.2931618e-01
   1.5910629e-01
   2.0954638e-01
   2.7555857e-01
   3.5003385e-01
   4.2484767e-01
   4.9255247e-01
   5.4468517e-01
   5.7616791e-01
   5.8361544e-01
   5.6567366e-01
   5.2471226e-01
   4.6547055e-01
   3.9573459e-01
   3.2329045e-01
   2.5660121e-01
   2.0345294e-01
   1.6824645e-01
   1.5402843e-01
   1.6079892e-01
   1.8584969e-01
   2.2545701e-01
   2.7522004e-01
   3.3006093e-01
   3.8659445e-01
   4.4075829e-01
   4.8916723e-01
   5.2877454e-01
   5.5687204e-01
   5.7075153e-01
   5.6905890e-01
   5.5213270e-01
   5.2098849e-01
   4.7901151e-01
   4.2924847e-01
   3.7779282e-01
   3.2972240e-01
   2.9146919e-01
   2.6912661e-01
   2.6743399e-01
   2.8909953e-01
   3.3480027e-01
   4.0250508e-01
   4.8612051e-01
   5.7786053e-01
   6.6689235e-01
   7.4272173e-01
   7.9553149e-01
   8.1753554e-01
   8.0501015e-01
   7.5795531e-01
   6.8043331e-01
   5.8023019e-01
   4.6919431e-01
   3.5985104e-01
   2.6709546e-01
   2.0277590e-01
   1.7738660e-01
   1.9600541e-01
   2.5863236e-01
   3.5849696e-01
   4.8408936e-01
   6.1916046e-01
   7.4542992e-01
   8.4664861e-01
   9.0927556e-01
   9.2417061e-01
   8.9065674e-01
   8.1381178e-01
   7.0345295e-01
   5.7481382e-01
   4.4448206e-01
   3.2802979e-01
   2.3865944e-01
   1.8551116e-01
   1.7230873e-01
   1.9634394e-01
   2.5118483e-01
   3.2599864e-01
   4.0927556e-01
   4.8882871e-01
   5.5416384e-01
   5.9884902e-01
   6.1949898e-01
   6.1611374e-01
   5.9038592e-01
   5.4705484e-01
   4.9052133e-01
   4.2721733e-01
   3.6188219e-01
   3.0027082e-01
   2.4813812e-01
   2.0954638e-01
   1.8855789e-01
   1.8754232e-01
   2.0582261e-01
   2.4272173e-01
   2.9383886e-01
   3.5341909e-01
   4.1604603e-01
   4.7393364e-01
   5.2031144e-01
   5.4976304e-01
   5.5890318e-01
   5.4536222e-01
   5.1117129e-01
   4.6106973e-01
   4.0115098e-01
   3.3987812e-01
   2.8469871e-01
   2.4272173e-01
   2.1936357e-01
   2.1496276e-01
   2.2918077e-01
   2.5795531e-01
   2.9722410e-01
   3.4190927e-01
   3.8896411e-01
   4.3364928e-01
   4.7562627e-01
   5.1320243e-01
   5.4468518e-01
   5.6939743e-01
   5.8564658e-01
   5.9174001e-01
   5.8632363e-01
   5.6872038e-01
   5.3859174e-01
   4.9830737e-01
   4.5057549e-01
   4.0047393e-01
   3.5443467e-01
   3.1922817e-01
   3.0162491e-01
   3.0704130e-01
   3.3852403e-01
   3.9573460e-01
   4.7427217e-01
   5.6601219e-01
   6.6113744e-01
   7.4712255e-01
   8.1279621e-01
   8.4834123e-01
   8.4867976e-01
   8.1178063e-01
   7.4136763e-01
   6.4488829e-01
   5.3351388e-01
   4.2146242e-01
   3.2295192e-01
   2.5186188e-01
   2.1902505e-01
   2.3053487e-01
   2.8639133e-01
   3.8117806e-01
   5.0338524e-01
   6.3710224e-01
   7.6472579e-01
   8.6966824e-01
   9.3838863e-01
   9.6174679e-01
   9.3771158e-01
   8.6932972e-01
   7.6675694e-01
   6.4285714e-01
   5.1387949e-01
   3.9404197e-01
   2.9790115e-01
   2.3459716e-01
   2.0954638e-01
   2.2274881e-01
   2.6878808e-01
   3.3852404e-01
   4.2044685e-01
   5.0372377e-01
   5.7752200e-01
   6.3337847e-01
   6.6587678e-01
   6.7298578e-01
   6.5504400e-01
   6.1408260e-01
   5.5450237e-01
   4.8138118e-01
   4.0216655e-01
   3.2329045e-01
   2.5287745e-01
   1.9735951e-01
   1.6283006e-01
   1.5335138e-01
   1.7027758e-01
   2.1056195e-01
   2.7115776e-01
   3.4495599e-01
   4.2552472e-01
   5.0440081e-01
   5.7549086e-01
   6.3236289e-01
   6.7061611e-01
   6.8788084e-01
   6.8449559e-01
   6.6147597e-01
   6.2254570e-01
   5.7379824e-01
   5.2166554e-01
   4.7291808e-01
   4.3331076e-01
   4.0825998e-01
   4.0148951e-01
   4.1333785e-01
   4.4346649e-01
   4.8882871e-01
   5.4502370e-01
   6.0528097e-01
   6.6316859e-01
   7.1191605e-01
   7.4407583e-01
   7.5558565e-01
   7.4441435e-01
   7.1022343e-01
   6.5775220e-01
   5.9207854e-01
   5.2031144e-01
   4.4922139e-01
   3.8591739e-01
   3.3581584e-01
   3.0297901e-01
   2.9011510e-01
   2.9857819e-01
   3.2870684e-01
   3.7948544e-01
   4.4854434e-01
   5.3012863e-01
   6.1916046e-01
   7.0717671e-01
   7.8571429e-01
   8.4597156e-01
   8.8016249e-01
   8.8320921e-01
   8.5308057e-01
   7.9113067e-01
   7.0311442e-01
   5.9884902e-01
   4.8984428e-01
   3.8997969e-01
   3.1313473e-01
   2.7115775e-01
   2.7149628e-01
   3.1550440e-01
   3.9878131e-01
   5.1083277e-01
   6.3676371e-01
   7.5829384e-01
   8.5849695e-01
   9.2247800e-01
   9.4109681e-01
   9.1164522e-01
   8.3716994e-01
   7.2816520e-01
   5.9783345e-01
   4.6310087e-01
   3.3987813e-01
   2.4238321e-01
   1.8111036e-01
   1.6046039e-01
   1.7907922e-01
   2.3087339e-01
   3.0501015e-01
   3.8896411e-01
   4.6987136e-01
   5.3656060e-01
   5.8090725e-01
   5.9884902e-01
   5.9004739e-01
   5.5721056e-01
   5.0541638e-01
   4.4008124e-01
   3.6899119e-01
   2.9790115e-01
   2.3425863e-01
   1.8381855e-01
   1.5064319e-01
   1.3879485e-01
   1.4827353e-01
   1.7874069e-01
   2.2681110e-01
   2.8774543e-01
   3.5511171e-01
   4.2247800e-01
   4.8375085e-01
   5.3317536e-01
   5.6668924e-01
   5.8056872e-01
   5.7413677e-01
   5.4942451e-01
   5.0880163e-01
   4.5802302e-01
   4.0250508e-01
   3.4935680e-01
   3.0365606e-01
   2.6912661e-01
   2.4847664e-01
   2.4136764e-01
   2.4847664e-01
   2.6743399e-01
   2.9654705e-01
   3.3412322e-01
   3.7846987e-01
   4.2789437e-01
   4.7867299e-01
   5.2809749e-01
   5.7075152e-01
   6.0189573e-01
   6.1712932e-01
   6.1340555e-01
   5.8970887e-01
   5.4874746e-01
   4.9390657e-01
   4.3331076e-01
   3.7440758e-01
   3.2769126e-01
   3.0027082e-01
   2.9891672e-01
   3.2599864e-01
   3.8185511e-01
   4.6005416e-01
   5.5314827e-01
   6.4928910e-01
   7.3662829e-01
   8.0365606e-01
   8.4157075e-01
   8.4461746e-01
   8.1211916e-01
   7.4746107e-01
   6.5673663e-01
   5.5010156e-01
   4.3974273e-01
   3.3818551e-01
   2.5660122e-01
   2.0616114e-01
   1.9363574e-01
   2.2173324e-01
   2.8808395e-01
   3.8557888e-01
   5.0270819e-01
   6.2457684e-01
   7.3561273e-01
   8.2125931e-01
   8.7136087e-01
   8.7880839e-01
   8.4360190e-01
   7.7048070e-01
   6.6858497e-01
   5.5044008e-01
   4.3026405e-01
   3.2092078e-01
   2.3493568e-01
   1.7975626e-01
   1.5978334e-01
   1.7400135e-01
   2.1834800e-01
   2.8436019e-01
   3.6188219e-01
   4.4109681e-01
   5.1218686e-01
   5.6702775e-01
   6.0155721e-01
   6.1272850e-01
   6.0121868e-01
   5.6939743e-01
   5.2064996e-01
   4.6073121e-01
   3.9539608e-01
   3.3141503e-01
   2.7488151e-01
   2.3290453e-01
   2.0920785e-01
   2.0683818e-01
   2.2714963e-01
   2.6777251e-01
   3.2498307e-01
   3.9302640e-01
   4.6513202e-01
   5.3385240e-01
   5.9241705e-01
   6.3303994e-01
   6.5233581e-01
   6.4624238e-01
   6.1543669e-01
   5.6364252e-01
   4.9593771e-01
   4.2044685e-01
   3.4631009e-01
   2.8165199e-01
   2.3358158e-01
   2.0582261e-01
   2.0040623e-01
   2.1530128e-01
   2.4746107e-01
   2.9316181e-01
   3.4834123e-01
   4.0792146e-01
   4.6784022e-01
   5.2505078e-01
   5.7481382e-01
   6.1340555e-01
   6.3744075e-01
   6.4454976e-01
   6.3236290e-01
   6.0189574e-01
   5.5450237e-01
   4.9390656e-01
   4.2620176e-01
   3.5815843e-01
   2.9823968e-01
   2.5457007e-01
   2.3425863e-01
   2.4238320e-01
   2.8063642e-01
   3.4698713e-01
   4.3534191e-01
   5.3520650e-01
   6.3507109e-01
   7.2071767e-01
   7.8097495e-01
   8.0704130e-01
   7.9451591e-01
   7.4475288e-01
   6.6249153e-01
   5.5822613e-01
   4.4482058e-01
   3.3649289e-01
   2.4712255e-01
   1.8889641e-01
   1.6926202e-01
   1.9194313e-01
   2.5423155e-01
   3.4935681e-01
   4.6411645e-01
   5.8327691e-01
   6.9160460e-01
   7.7522004e-01
   8.2329046e-01
   8.2938389e-01
   7.9417739e-01
   7.2241029e-01
   6.2322275e-01
   5.0914015e-01
   3.9370345e-01
   2.9079214e-01
   2.1056195e-01
   1.6113744e-01
   1.4556533e-01
   1.6316858e-01
   2.0920786e-01
   2.7488152e-01
   3.5003385e-01
   4.2484767e-01
   4.8984428e-01
   5.3859174e-01
   5.6668923e-01
   5.7210562e-01
   5.5653351e-01
   5.2166554e-01
   4.7190250e-01
   4.1164523e-01
   3.4631009e-01
   2.8199052e-01
   2.2511849e-01
   1.8043331e-01
   1.5368991e-01
   1.4759647e-01
   1.6249153e-01
   1.9803656e-01
   2.5050779e-01
   3.1448883e-01
   3.8456331e-01
   4.5260664e-01
   5.1387949e-01
   5.6059580e-01
   5.9004739e-01
   5.9817196e-01
   5.8564658e-01
   5.5348679e-01
   5.0710900e-01
   4.5159107e-01
   3.9471902e-01
   3.4394042e-01
   3.0534869e-01
   2.8402166e-01
   2.8232905e-01
   3.0027082e-01
   3.3716994e-01
   3.8930264e-01
   4.5260663e-01
   5.2098849e-01
   5.8869330e-01
   6.4928910e-01
   6.9702099e-01
   7.2748815e-01
   7.3696682e-01
   7.2444143e-01
   6.9025051e-01
   6.3845633e-01
   5.7278267e-01
   5.0000000e-01
   4.2620176e-01
   3.5883547e-01
   3.0399458e-01
   2.6946513e-01
   2.5930941e-01
   2.7725118e-01
   3.2362898e-01
   3.9573460e-01
   4.8747461e-01
   5.8835477e-01
   6.8618822e-01
   7.6878808e-01
   8.2464455e-01
   8.4461747e-01
   8.2532159e-01
   7.6777251e-01
   6.7806365e-01
   5.6770481e-01
   4.4922139e-01
   3.3818551e-01
   2.4847664e-01
   1.9194313e-01
   1.7569397e-01
   2.0243737e-01
   2.6878808e-01
   3.6560596e-01
   4.8104265e-01
   5.9884902e-01
   7.0446851e-01
   7.8402166e-01
   8.2701422e-01
   8.2972241e-01
   7.9248477e-01
   7.2071767e-01
   6.2423832e-01
   5.1523358e-01
   4.0792146e-01
   3.1415031e-01
   2.4509140e-01
   2.0683818e-01
   2.0277589e-01
   2.3019634e-01
   2.8300609e-01
   3.5240352e-01
   4.2789437e-01
   4.9932295e-01
   5.5754908e-01
   5.9681788e-01
   6.1306703e-01
   6.0663507e-01
   5.7853758e-01
   5.3215978e-01
   4.7122545e-01
   4.0148950e-01
   3.2735274e-01
   2.5524712e-01
   1.9126608e-01
   1.4116452e-01
   1.1002031e-01
   1.0155721e-01
   1.1611374e-01
   1.5267434e-01
   2.0751523e-01
   2.7386594e-01
   3.4427895e-01
   4.1096817e-01
   4.6614760e-01
   5.0270819e-01
   5.1760325e-01
   5.0812457e-01
   4.7664184e-01
   4.2721733e-01
   3.6763710e-01
   3.0534868e-01
   2.4881516e-01
   2.0548409e-01
   1.7941773e-01
   1.7366282e-01
   1.8686527e-01
   2.1631686e-01
   2.5795531e-01
   3.0737983e-01
   3.6052810e-01
   4.1435342e-01
   4.6547055e-01
   5.1218686e-01
   5.5280975e-01
   5.8530805e-01
   6.0798917e-01
   6.1916046e-01
   6.1814489e-01
   6.0426540e-01
   5.7786053e-01
   5.4163846e-01
   4.9796885e-01
   4.5226811e-01
   4.1029113e-01
   3.7846987e-01
   3.6357481e-01
   3.7136087e-01
   4.0521327e-01
   4.6445498e-01
   5.4536222e-01
   6.3913338e-01
   7.3493568e-01
   8.2058226e-01
   8.8253216e-01
   9.1198375e-01
   9.0216655e-01
   8.5206499e-01
   7.6641842e-01
   6.5436696e-01
   5.2877454e-01
   4.0419769e-01
   2.9688558e-01
   2.2004062e-01
   1.8280298e-01
   1.9092756e-01
   2.4272173e-01
   3.3073798e-01
   4.4245092e-01
   5.6194989e-01
   6.7230873e-01
   7.5863236e-01
   8.1008802e-01
   8.1956669e-01
   7.8740691e-01
   7.1834800e-01
   6.2254570e-01
   5.1218686e-01
   4.0115098e-01
   3.0196344e-01
   2.2545700e-01
   1.7874069e-01
   1.6486121e-01
   1.8212593e-01
   2.2444143e-01
   2.8503724e-01
   3.5308057e-01
   4.1909275e-01
   4.7562627e-01
   5.1591062e-01
   5.3689912e-01
   5.3791469e-01
   5.2031144e-01
   4.8713609e-01
   4.4143534e-01
   3.8896412e-01
   3.3378469e-01
   2.8199052e-01
   2.3832092e-01
   2.0683818e-01
   1.9058903e-01
   1.9228165e-01
   2.1123900e-01
   2.4475288e-01
   2.8977657e-01
   3.4157075e-01
   3.9438050e-01
   4.4312796e-01
   4.8341232e-01
   5.1083277e-01
   5.2369668e-01
   5.1963440e-01
   5.0033852e-01
   4.6716317e-01
   4.2484767e-01
   3.7745430e-01
   3.3073798e-01
   2.8977657e-01
   2.5829384e-01
   2.3865944e-01
   2.3188896e-01
   2.3798240e-01
   2.5592417e-01
   2.8436019e-01
   3.2125931e-01
   3.6628301e-01
   4.1638456e-01
   4.7020988e-01
   5.2403521e-01
   5.7379824e-01
   6.1509817e-01
   6.4319567e-01
   6.5470548e-01
   6.4691943e-01
   6.1882194e-01
   5.7244414e-01
   5.1184834e-01
   4.4380500e-01
   3.7643873e-01
   3.1888963e-01
   2.8131348e-01
   2.7081922e-01
   2.9214624e-01
   3.4461746e-01
   4.2315504e-01
   5.1929587e-01
   6.1983751e-01
   7.1056194e-01
   7.7860527e-01
   8.1448883e-01
   8.1279621e-01
   7.7386594e-01
   7.0345294e-01
   6.1035884e-01
   5.0744753e-01
   4.0859851e-01
   3.2701421e-01
   2.7352742e-01
   2.5490860e-01
   2.7488151e-01
   3.3107650e-01
   4.1638456e-01
   5.2098849e-01
   6.3236290e-01
   7.3662830e-01
   8.2261341e-01
   8.8083954e-01
   9.0690589e-01
   9.0013541e-01
   8.6391333e-01
   8.0568720e-01
   7.3358158e-01
   6.5775220e-01
   5.8666215e-01
   5.2775897e-01
   4.8645904e-01
   4.6479350e-01
   4.6174679e-01
   4.7562627e-01
   5.0101557e-01
   5.3283683e-01
   5.6567366e-01
   5.9580231e-01
   6.1916046e-01
   6.3270142e-01
   6.3507109e-01
   6.2491537e-01
   6.0088016e-01
   5.6398104e-01
   5.1387949e-01
   4.5396073e-01
   3.8828707e-01
   3.2227488e-01
   2.6303317e-01
   2.1631686e-01
   1.8788084e-01
   1.8009479e-01
   1.9465132e-01
   2.2850373e-01
   2.7725118e-01
   3.3480027e-01
   3.9370346e-01
   4.4752878e-01
   4.8882870e-01
   5.1354096e-01
   5.1895734e-01
   5.0406228e-01
   4.7088693e-01
   4.2450914e-01
   3.7068382e-01
   3.1584292e-01
   2.6641841e-01
   2.2714962e-01
   2.0243737e-01
   1.9295870e-01
   1.9972918e-01
   2.2071767e-01
   2.5524712e-01
   2.9993229e-01
   3.5341910e-01
   4.1266079e-01
   4.7393365e-01
   5.3283683e-01
   5.8429248e-01
   6.2288423e-01
   6.4421124e-01
   6.4454976e-01
   6.2288422e-01
   5.8023019e-01
   5.1929586e-01
   4.4752878e-01
   3.7203791e-01
   3.0297901e-01
   2.4983073e-01
   2.2207177e-01
   2.2579553e-01
   2.6337170e-01
   3.3344617e-01
   4.2857143e-01
   5.3791470e-01
   6.4725795e-01
   7.4272173e-01
   8.1042654e-01
   8.4055518e-01
   8.2836831e-01
   7.7522004e-01
   6.8686527e-01
   5.7481381e-01
   4.5192959e-01
   3.3480027e-01
   2.3696682e-01
   1.7061611e-01
   1.4387272e-01
   1.5944481e-01
   2.1496276e-01
   3.0264048e-01
   4.0995261e-01
   5.2268111e-01
   6.2593095e-01
   7.0649966e-01
   7.5389302e-01
   7.6303318e-01
   7.3358159e-01
   6.6993907e-01
   5.8023019e-01
   4.7494922e-01
   3.6696005e-01
   2.6811104e-01
   1.8889641e-01
   1.3777928e-01
   1.1780637e-01
   1.2965470e-01
   1.6960054e-01
   2.2985782e-01
   3.0128639e-01
   3.7474611e-01
   4.4041977e-01
   4.9153690e-01
   5.2335815e-01
   5.3452945e-01
   5.2471226e-01
   4.9627623e-01
   4.5260663e-01
   3.9810426e-01
   3.3886255e-01
   2.7995937e-01
   2.2681110e-01
   1.8517265e-01
   1.5876777e-01
   1.5030467e-01
   1.5944482e-01
   1.8584969e-01
   2.2545700e-01
   2.7420447e-01
   3.2667569e-01
   3.7813134e-01
   4.2417061e-01
   4.6039269e-01
   4.8476642e-01
   4.9526066e-01
   4.9153690e-01
   4.7528774e-01
   4.4854435e-01
   4.1469194e-01
   3.7779282e-01
   3.4123223e-01
   3.0839540e-01
   2.8165199e-01
   2.6337170e-01
   2.5524713e-01
   2.5795531e-01
   2.7318890e-01
   3.0128639e-01
   3.4258633e-01
   3.9505755e-01
   4.5599187e-01
   5.2064997e-01
   5.8259986e-01
   6.3439404e-01
   6.6926202e-01
   6.8178740e-01
   6.6926202e-01
   6.3134732e-01
   5.7210561e-01
   4.9695329e-01
   4.1536899e-01
   3.3852403e-01
   2.7691266e-01
   2.4102911e-01
   2.3764387e-01
   2.7115776e-01
   3.3920108e-01
   4.3534191e-01
   5.4908599e-01
   6.6519973e-01
   7.6878808e-01
   8.4597156e-01
   8.8557888e-01
   8.8151659e-01
   8.3378469e-01
   7.4813812e-01
   6.3507109e-01
   5.0778605e-01
   3.8287068e-01
   2.7488151e-01
   1.9769804e-01
   1.5978334e-01
   1.6553824e-01
   2.1293162e-01
   2.9451591e-01
   3.9844279e-01
   5.1015572e-01
   6.1374408e-01
   6.9634394e-01
   7.4746107e-01
   7.6167907e-01
   7.3865944e-01
   6.8144888e-01
   5.9918754e-01
   5.0033852e-01
   3.9776574e-01
   3.0162492e-01
   2.2207177e-01
   1.6621530e-01
   1.3879485e-01
   1.4048747e-01
   1.6926202e-01
   2.2037915e-01
   2.8503724e-01
   3.5612728e-01
   4.2484766e-01
   4.8341232e-01
   5.2572783e-01
   5.4807041e-01
   5.4807041e-01
   5.2572783e-01
   4.8375084e-01
   4.2552471e-01
   3.5781991e-01
   2.8672985e-01
   2.2105619e-01
   1.6790792e-01
   1.3405552e-01
   1.2254570e-01
   1.3540961e-01
   1.7061611e-01
   2.2444144e-01
   2.9079214e-01
   3.6222072e-01
   4.3094110e-01
   4.9153690e-01
   5.3757617e-01
   5.6533514e-01
   5.7345972e-01
   5.6296547e-01
   5.3588355e-01
   4.9695328e-01
   4.5125254e-01
   4.0453623e-01
   3.6154367e-01
   3.2633717e-01
   3.0128639e-01
   2.8672986e-01
   2.8368314e-01
   2.9113067e-01
   3.1008802e-01
   3.3953961e-01
   3.8083954e-01
   4.3229519e-01
   4.9289100e-01
   5.5822613e-01
   6.2254570e-01
   6.7941774e-01
   7.2139472e-01
   7.4204469e-01
   7.3628978e-01
   7.0311442e-01
   6.4387271e-01
   5.6465809e-01
   4.7461070e-01
   3.8490183e-01
   3.0873392e-01
   2.5727827e-01
   2.4136764e-01
   2.6574136e-01
   3.2972240e-01
   4.2823290e-01
   5.4908599e-01
   6.7704808e-01
   7.9485443e-01
   8.8557888e-01
   9.3635748e-01
   9.4008124e-01
   8.9505754e-01
   8.0602573e-01
   6.8449560e-01
   5.4570075e-01
   4.0724441e-01
   2.8605281e-01
   1.9769804e-01
   1.5165876e-01
   1.5335138e-01
   2.0040622e-01
   2.8436019e-01
   3.9201083e-01
   5.0677048e-01
   6.1306703e-01
   6.9566689e-01
   7.4542992e-01
   7.5660122e-01
   7.3087339e-01
   6.7332431e-01
   5.9377116e-01
   5.0304672e-01
   4.1299932e-01
   3.3310765e-01
   2.7149627e-01
   2.3324306e-01
   2.1970209e-01
   2.2951930e-01
   2.5930941e-01
   3.0264049e-01
   3.5375761e-01
   4.0622884e-01
   4.5362221e-01
   4.9153690e-01
   5.1624915e-01
   5.2505077e-01
   5.1658768e-01
   4.9052133e-01
   4.4820582e-01
   3.9268788e-01
   3.2836831e-01
   2.6167907e-01
   1.9905214e-01
   1.4827353e-01
   1.1509817e-01
   1.0324983e-01
   1.1442112e-01
   1.4624238e-01
   1.9465131e-01
   2.5423155e-01
   3.1787406e-01
   3.7914692e-01
   4.3297223e-01
   4.7528774e-01
   5.0203114e-01
   5.1354096e-01
   5.0981720e-01
   4.9255247e-01
   4.6547055e-01
   4.3161814e-01
   3.9641164e-01
   3.6255924e-01
   3.3378469e-01
   3.1178063e-01
   2.9857820e-01
   2.9417739e-01
   2.9993229e-01
   3.1550440e-01
   3.4157075e-01
   3.7846987e-01
   4.2552472e-01
   4.8138118e-01
   5.4163845e-01
   6.0257278e-01
   6.5707515e-01
   6.9972918e-01
   7.2410291e-01
   7.2545701e-01
   7.0209885e-01
   6.5436695e-01
   5.8767772e-01
   5.0846310e-01
   4.2755586e-01
   3.5646581e-01
   3.0670278e-01
   2.8909953e-01
   3.0873391e-01
   3.6696005e-01
   4.5903859e-01
   5.7312119e-01
   6.9532837e-01
   8.0839540e-01
   8.9607312e-01
   9.4549763e-01
   9.4955992e-01
   9.0690588e-01
   8.2193635e-01
   7.0582261e-01
   5.7278267e-01
   4.3906567e-01
   3.2058226e-01
   2.3087339e-01
   1.7975626e-01
   1.7197021e-01
   2.0751524e-01
   2.8063642e-01
   3.8083953e-01
   4.9593772e-01
   6.1205146e-01
   7.1665538e-01
   7.9857820e-01
   8.5071090e-01
   8.6899120e-01
   8.5240352e-01
   8.0467163e-01
   7.3121192e-01
   6.4014895e-01
   5.4062288e-01
   4.4380501e-01
   3.5849696e-01
   2.9316182e-01
   2.5355450e-01
   2.4272173e-01
   2.5930942e-01
   2.9993229e-01
   3.5781990e-01
   4.2552472e-01
   4.9458361e-01
   5.5687203e-01
   6.0595803e-01
   6.3642518e-01
   6.4488829e-01
   6.3100880e-01
   5.9580230e-01
   5.4333107e-01
   4.7968856e-01
   4.1164522e-01
   3.4766418e-01
   2.9350034e-01
   2.5660122e-01
   2.3967502e-01
   2.4441435e-01
   2.6946513e-01
   3.1245769e-01
   3.6865268e-01
   4.3161814e-01
   4.9526066e-01
   5.5382533e-01
   6.0020312e-01
   6.2931617e-01
   6.3811781e-01
   6.2525389e-01
   5.9241706e-01
   5.4400813e-01
   4.8544347e-01
   4.2417061e-01
   3.6696005e-01
   3.2092078e-01
   2.9113067e-01
   2.8063642e-01
   2.9113067e-01
   3.2295193e-01
   3.7440759e-01
   4.4109682e-01
   5.1861882e-01
   6.0020311e-01
   6.7806364e-01
   7.4475288e-01
   7.9282328e-01
   8.1584292e-01
   8.1110359e-01
   7.7725118e-01
   7.1800948e-01
   6.3744076e-01
   5.4502370e-01
   4.5057550e-01
   3.6526744e-01
   3.0060934e-01
   2.6574137e-01
   2.6777250e-01
   3.0839539e-01
   3.8591740e-01
   4.9187542e-01
   6.1442112e-01
   7.3798240e-01
   8.4664861e-01
   9.2620176e-01
   9.6614760e-01
   9.6242383e-01
   9.1503046e-01
   8.3243061e-01
   7.2613406e-01
   6.1035884e-01
   5.0067705e-01
   4.1130670e-01
   3.5240352e-01
   3.2938388e-01
   3.4326337e-01
   3.8964116e-01
   4.5937711e-01
   5.4129993e-01
   6.2220718e-01
   6.9092756e-01
   7.3764387e-01
   7.5761678e-01
   7.4915369e-01
   7.1462424e-01
   6.5944482e-01
   5.9072444e-01
   5.1760325e-01
   4.4685172e-01
   3.8557888e-01
   3.3920108e-01
   3.1076506e-01
   3.0094786e-01
