   1.0956955e-01
   2.3906083e-01
   3.6535041e-01
   4.6993952e-01
   5.4073283e-01
   5.7381714e-01
   5.7239416e-01
   5.4535752e-01
   5.0337958e-01
   4.5677695e-01
   4.1195304e-01
   3.7210957e-01
   3.3760228e-01
   3.0736392e-01
   2.7890430e-01
   2.5293489e-01
   2.3087869e-01
   2.1664887e-01
   2.1380291e-01
   2.2518676e-01
   2.5151191e-01
   2.9206687e-01
   3.4222697e-01
   3.9630024e-01
   4.4646033e-01
   4.8523657e-01
   5.0658129e-01
   5.0729278e-01
   4.8701530e-01
   4.4788331e-01
   3.9452152e-01
   3.3368908e-01
   2.7143365e-01
   2.1487015e-01
   1.6755602e-01
   1.3304873e-01
   1.1312699e-01
   1.0814656e-01
   1.1917466e-01
   1.4549982e-01
   1.8712202e-01
   2.4297403e-01
   3.1092138e-01
   3.8669513e-01
   4.6460334e-01
   5.3717538e-01
   5.9729634e-01
   6.3713981e-01
   6.5243685e-01
   6.3927428e-01
   5.9871932e-01
   5.3432942e-01
   4.5215226e-01
   3.6214870e-01
   2.7499110e-01
   2.0313056e-01
   1.5652792e-01
   1.4407684e-01
   1.7040199e-01
   2.3408039e-01
   3.3013162e-01
   4.4681608e-01
   5.7025969e-01
   6.8231946e-01
   7.6805407e-01
   8.1394522e-01
   8.1252224e-01
   7.6165066e-01
   6.6737816e-01
   5.4144432e-01
   3.9950195e-01
   2.6147278e-01
   1.4763429e-01
   7.4706504e-02
   5.4784766e-02
   9.1782277e-02
   1.8214158e-01
   3.1341159e-01
   4.6673781e-01
   6.2006403e-01
   7.4991106e-01
   8.3813589e-01
   8.7086446e-01
   8.4418356e-01
   7.6165066e-01
   6.3571683e-01
   4.8452508e-01
   3.2799715e-01
   1.8783351e-01
   8.1821415e-02
   2.3123442e-02
   1.7787262e-02
   6.3678401e-02
   1.5261472e-01
   2.6894343e-01
   3.9558875e-01
   5.1334045e-01
   6.0583423e-01
   6.6168623e-01
   6.7484881e-01
   6.4638919e-01
   5.8199929e-01
   4.9163998e-01
   3.8776236e-01
   2.8352899e-01
   1.9032372e-01
   1.1668445e-01
   6.9014580e-02
   5.0160076e-02
   5.9409456e-02
   9.3561001e-02
   1.4656706e-01
   2.1095695e-01
   2.7890430e-01
   3.4293846e-01
   3.9665599e-01
   4.3578797e-01
   4.5891142e-01
   4.6531483e-01
   4.5642120e-01
   4.3436500e-01
   4.0128068e-01
   3.6072572e-01
   3.1483458e-01
   2.6752045e-01
   2.2198505e-01
   1.8249733e-01
   1.5190323e-01
   1.3304873e-01
   1.2806830e-01
   1.3767342e-01
   1.6150836e-01
   1.9815012e-01
   2.4581998e-01
   3.0131625e-01
   3.6143721e-01
   4.2191390e-01
   4.7741017e-01
   5.2401280e-01
   5.5638563e-01
   5.7132693e-01
   5.6705798e-01
   5.4322304e-01
   5.0231235e-01
   4.4717182e-01
   3.8313768e-01
   3.1625756e-01
   2.5364638e-01
   2.0135182e-01
   1.6648879e-01
   1.5510494e-01
   1.7075773e-01
   2.1558164e-01
   2.8673070e-01
   3.7922447e-01
   4.8345784e-01
   5.8697972e-01
   6.7627179e-01
   7.3959445e-01
   7.6663109e-01
   7.5240129e-01
   6.9690501e-01
   6.0618996e-01
   4.9163998e-01
   3.6784062e-01
   2.5151192e-01
   1.6044112e-01
   1.0850230e-01
   1.0530060e-01
   1.5439345e-01
   2.5115617e-01
   3.8527215e-01
   5.3824262e-01
   6.9014586e-01
   8.1928140e-01
   9.0750623e-01
   9.4130203e-01
   9.1604411e-01
   8.3386695e-01
   7.0651014e-01
   5.5033796e-01
   3.8776236e-01
   2.3977231e-01
   1.2700106e-01
   6.2966911e-02
   5.5140518e-02
   1.0174315e-01
   1.9352543e-01
   3.1270010e-01
   4.4041266e-01
   5.5674137e-01
   6.4425471e-01
   6.9370331e-01
   7.0152970e-01
   6.7200284e-01
   6.1366061e-01
   5.3966560e-01
   4.6033440e-01
   3.8598364e-01
   3.2230523e-01
   2.7178939e-01
   2.3479188e-01
   2.1024546e-01
   1.9815012e-01
   1.9850587e-01
   2.1237993e-01
   2.4226254e-01
   2.8779794e-01
   3.4756315e-01
   4.1835646e-01
   4.9341871e-01
   5.6385627e-01
   6.2041978e-01
   6.5385983e-01
   6.5812878e-01
   6.3038065e-01
   5.7132693e-01
   4.8808253e-01
   3.8954108e-01
   2.8744218e-01
   1.9494842e-01
   1.2166488e-01
   7.6129491e-02
   6.1899677e-02
   7.8263960e-02
   1.2166488e-01
   1.8463180e-01
   2.5755958e-01
   3.3084312e-01
   3.9487726e-01
   4.4041266e-01
   4.6282462e-01
   4.5748844e-01
   4.2618285e-01
   3.7210957e-01
   3.0273923e-01
   2.2767698e-01
   1.5617218e-01
   9.8541443e-02
   6.1899677e-02
   5.0515828e-02
   6.5457125e-02
   1.0387762e-01
   1.6150836e-01
   2.2981145e-01
   3.0096051e-01
   3.6677339e-01
   4.1764497e-01
   4.4895055e-01
   4.5642120e-01
   4.3863394e-01
   3.9772323e-01
   3.4009250e-01
   2.7356812e-01
   2.0633227e-01
   1.4834578e-01
   1.0565635e-01
   8.3244395e-02
   8.2177152e-02
   1.0067591e-01
   1.3589470e-01
   1.8107435e-01
   2.3230167e-01
   2.8424048e-01
   3.3226610e-01
   3.7353255e-01
   4.0554962e-01
   4.2689434e-01
   4.3756670e-01
   4.3756670e-01
   4.2831732e-01
   4.1230879e-01
   3.9025257e-01
   3.6499465e-01
   3.3724652e-01
   3.0914265e-01
   2.8175027e-01
   2.5578085e-01
   2.3408040e-01
   2.1878335e-01
   2.1202418e-01
   2.1700463e-01
   2.3479188e-01
   2.6503024e-01
   3.0700818e-01
   3.5716826e-01
   4.1195304e-01
   4.6567058e-01
   5.1227321e-01
   5.4571327e-01
   5.5994308e-01
   5.5176094e-01
   5.1903238e-01
   4.6282462e-01
   3.8882960e-01
   3.0487370e-01
   2.2198505e-01
   1.5190324e-01
   1.0565635e-01
   9.1426532e-02
   1.1312699e-01
   1.6933476e-01
   2.5293489e-01
   3.5396656e-01
   4.5891142e-01
   5.5282818e-01
   6.2433298e-01
   6.6310921e-01
   6.6382070e-01
   6.2611170e-01
   5.5496265e-01
   4.5962291e-01
   3.5325507e-01
   2.4902170e-01
   1.6044112e-01
   9.8185699e-02
   6.9370333e-02
   7.5773746e-02
   1.1526147e-01
   1.8036285e-01
   2.6218427e-01
   3.4934187e-01
   4.3045179e-01
   4.9662042e-01
   5.3930985e-01
   5.5496265e-01
   5.4286731e-01
   5.0515830e-01
   4.4823906e-01
   3.8029171e-01
   3.1056563e-01
   2.4831021e-01
   2.0099608e-01
   1.7395944e-01
   1.6862327e-01
   1.8498754e-01
   2.1878335e-01
   2.6503023e-01
   3.1696905e-01
   3.6784062e-01
   4.1088580e-01
   4.4112415e-01
   4.5321949e-01
   4.4681608e-01
   4.2155817e-01
   3.7993597e-01
   3.2799715e-01
   2.6965492e-01
   2.1309142e-01
   1.6150835e-01
   1.1953041e-01
   8.8936319e-02
   7.0437559e-02
   6.4389890e-02
   7.1860546e-02
   9.3916753e-02
   1.3269299e-01
   1.8996798e-01
   2.6574172e-01
   3.5787976e-01
   4.6140164e-01
   5.6634649e-01
   6.6133049e-01
   7.3568125e-01
   7.7765920e-01
   7.8050515e-01
   7.4172892e-01
   6.6524369e-01
   5.5994308e-01
   4.4005692e-01
   3.2337246e-01
   2.2625401e-01
   1.6471007e-01
   1.4941302e-01
   1.8427605e-01
   2.6609747e-01
   3.8527214e-01
   5.2543579e-01
   6.6737816e-01
   7.9117752e-01
   8.8082533e-01
   9.2422625e-01
   9.1568837e-01
   8.5770189e-01
   7.5773746e-01
   6.2824618e-01
   4.8559231e-01
   3.4542867e-01
   2.2305229e-01
   1.3233724e-01
   8.1465663e-02
   7.5062249e-02
   1.1277126e-01
   1.8961224e-01
   2.9598007e-01
   4.1977944e-01
   5.4642476e-01
   6.6204198e-01
   7.5382426e-01
   8.1181074e-01
   8.2959800e-01
   8.0683031e-01
   7.4564212e-01
   6.5457132e-01
   5.4500178e-01
   4.3080754e-01
   3.2586268e-01
   2.4297403e-01
   1.9032373e-01
   1.7182497e-01
   1.8676627e-01
   2.2909996e-01
   2.8922092e-01
   3.5645677e-01
   4.2013518e-01
   4.7242974e-01
   5.0764852e-01
   5.2223408e-01
   5.1654216e-01
   4.9163998e-01
   4.5072928e-01
   3.9914622e-01
   3.4080399e-01
   2.8210601e-01
   2.2803272e-01
   1.8427605e-01
   1.5403771e-01
   1.4016364e-01
   1.4158662e-01
   1.5688366e-01
   1.8320882e-01
   2.1664888e-01
   2.5435788e-01
   2.9526859e-01
   3.3760228e-01
   3.7993597e-01
   4.2333689e-01
   4.6460334e-01
   5.0231234e-01
   5.3290644e-01
   5.5318391e-01
   5.5923158e-01
   5.4891498e-01
   5.2152259e-01
   4.7918889e-01
   4.2511562e-01
   3.6641765e-01
   3.1163287e-01
   2.6858769e-01
   2.4653148e-01
   2.5151192e-01
   2.8673070e-01
   3.5112059e-01
   4.3827819e-01
   5.3895411e-01
   6.3891853e-01
   7.2536464e-01
   7.8548559e-01
   8.0932053e-01
   7.9295624e-01
   7.3639274e-01
   6.4674493e-01
   5.3397367e-01
   4.1302027e-01
   3.0060476e-01
   2.1202419e-01
   1.6150835e-01
   1.5723941e-01
   2.0277481e-01
   2.9348985e-01
   4.2013518e-01
   5.6492352e-01
   7.0900036e-01
   8.3244397e-01
   9.1782284e-01
   9.5161864e-01
   9.2956243e-01
   8.5307720e-01
   7.3319104e-01
   5.8484525e-01
   4.2831732e-01
   2.8495197e-01
   1.7360369e-01
   1.0921380e-01
   1.0032017e-01
   1.4656706e-01
   2.4119530e-01
   3.6819637e-01
   5.1013874e-01
   6.4461046e-01
   7.5418001e-01
   8.2355033e-01
   8.4453931e-01
   8.1714693e-01
   7.4670935e-01
   6.4567770e-01
   5.2721451e-01
   4.0803984e-01
   3.0131626e-01
   2.1771611e-01
   1.6542155e-01
   1.4621131e-01
   1.5972963e-01
   1.9957310e-01
   2.5827107e-01
   3.2586268e-01
   3.9274279e-01
   4.5001778e-01
   4.9270722e-01
   5.1547491e-01
   5.1903237e-01
   5.0409107e-01
   4.7456421e-01
   4.3329775e-01
   3.8562788e-01
   3.3511206e-01
   2.8601921e-01
   2.4083956e-01
   2.0348630e-01
   1.7502668e-01
   1.5759516e-01
   1.5119175e-01
   1.5581643e-01
   1.7040199e-01
   1.9388118e-01
   2.2554251e-01
   2.6254002e-01
   3.0416221e-01
   3.4720740e-01
   3.8882959e-01
   4.2475987e-01
   4.4966204e-01
   4.5962291e-01
   4.5250800e-01
   4.2796157e-01
   3.8776236e-01
   3.3902525e-01
   2.8850942e-01
   2.4510850e-01
   2.1664887e-01
   2.0846674e-01
   2.2305229e-01
   2.5898256e-01
   3.1127712e-01
   3.7210957e-01
   4.3258626e-01
   4.8345784e-01
   5.1618641e-01
   5.2614728e-01
   5.1156172e-01
   4.7491995e-01
   4.2120242e-01
   3.5716826e-01
   2.9064390e-01
   2.2696549e-01
   1.7146922e-01
   1.2664531e-01
   9.3205264e-02
   7.1860546e-02
   6.4034145e-02
   7.3283525e-02
   1.0209889e-01
   1.5474920e-01
   2.3265742e-01
   3.3404482e-01
   4.5250800e-01
   5.7701885e-01
   6.9370330e-01
   7.8726432e-01
   8.4240484e-01
   8.5023124e-01
   8.0647456e-01
   7.1504803e-01
   5.8840270e-01
   4.4361437e-01
   3.0096051e-01
   1.8356456e-01
   1.0779082e-01
   8.6090353e-02
   1.2237637e-01
   2.1060120e-01
   3.3653504e-01
   4.8025613e-01
   6.1970828e-01
   7.3319103e-01
   8.0434009e-01
   8.2390608e-01
   7.9011029e-01
   7.0971184e-01
   5.9587335e-01
   4.6495908e-01
   3.3475632e-01
   2.2269655e-01
   1.4087513e-01
   9.7829946e-02
   9.6406967e-02
   1.3447171e-01
   2.0348630e-01
   2.9313411e-01
   3.8989683e-01
   4.8061188e-01
   5.5353967e-01
   5.9943081e-01
   6.1437211e-01
   5.9694059e-01
   5.5140519e-01
   4.8381358e-01
   4.0270366e-01
   3.1768054e-01
   2.3870509e-01
   1.7395944e-01
   1.2877979e-01
   1.0779082e-01
   1.1170402e-01
   1.3838491e-01
   1.8214158e-01
   2.3621487e-01
   2.9384560e-01
   3.4898612e-01
   3.9630025e-01
   4.3436500e-01
   4.6211313e-01
   4.8132337e-01
   4.9448594e-01
   5.0231234e-01
   5.0622554e-01
   5.0551405e-01
   4.9875489e-01
   4.8416933e-01
   4.6175738e-01
   4.3187477e-01
   3.9523302e-01
   3.5503379e-01
   3.1519032e-01
   2.7890430e-01
   2.5044468e-01
   2.3301316e-01
   2.2945570e-01
   2.4083956e-01
   2.6716471e-01
   3.0629669e-01
   3.5396656e-01
   4.0448239e-01
   4.5179651e-01
   4.8914976e-01
   5.1120598e-01
   5.1440769e-01
   4.9697616e-01
   4.6069014e-01
   4.0839559e-01
   3.4649590e-01
   2.8210601e-01
   2.2411953e-01
   1.8178584e-01
   1.6257560e-01
   1.7324796e-01
   2.1593739e-01
   2.8957666e-01
   3.8740661e-01
   4.9875489e-01
   6.1081466e-01
   7.0793312e-01
   7.7694771e-01
   8.0754180e-01
   7.9437922e-01
   7.3745998e-01
   6.4354323e-01
   5.2401280e-01
   3.9558876e-01
   2.7534685e-01
   1.8107435e-01
   1.2771255e-01
   1.2522234e-01
   1.7644966e-01
   2.7783706e-01
   4.1693347e-01
   5.7595161e-01
   7.3390253e-01
   8.6908573e-01
   9.6229100e-01
   1.0000000e+00
   9.7687655e-01
   8.9505514e-01
   7.6485237e-01
   6.0405550e-01
   4.3365350e-01
   2.7605834e-01
   1.5154749e-01
   7.5773739e-02
   5.6919242e-02
   9.5339733e-02
   1.8249733e-01
   3.0309499e-01
   4.3685521e-01
   5.6385628e-01
   6.6382070e-01
   7.2358591e-01
   7.3603699e-01
   7.0152970e-01
   6.2682319e-01
   5.2365706e-01
   4.0768410e-01
   2.9313412e-01
   1.9388118e-01
   1.2059764e-01
   7.9686939e-02
   7.3283525e-02
   9.9608678e-02
   1.5225898e-01
   2.2340804e-01
   3.0238349e-01
   3.7922448e-01
   4.4610458e-01
   4.9662042e-01
   5.2792600e-01
   5.3930985e-01
   5.3361793e-01
   5.1405193e-01
   4.8452508e-01
   4.4823906e-01
   4.0768410e-01
   3.6535041e-01
   3.2372821e-01
   2.8388474e-01
   2.4902169e-01
   2.2056207e-01
   2.0135183e-01
   1.9245820e-01
   1.9601564e-01
   2.1060120e-01
   2.3657061e-01
   2.7178939e-01
   3.1305585e-01
   3.5752401e-01
   4.0021344e-01
   4.3721095e-01
   4.6389185e-01
   4.7776591e-01
   4.7634294e-01
   4.5926716e-01
   4.2867307e-01
   3.8776236e-01
   3.4080398e-01
   2.9313411e-01
   2.4937745e-01
   2.1451440e-01
   1.9245820e-01
   1.8712202e-01
   2.0064034e-01
   2.3443614e-01
   2.8850943e-01
   3.6036997e-01
   4.4468160e-01
   5.3397367e-01
   6.2006403e-01
   6.9192458e-01
   7.4172892e-01
   7.6200640e-01
   7.4777660e-01
   6.9903949e-01
   6.1935254e-01
   5.1689790e-01
   4.0270366e-01
   2.9099964e-01
   1.9672714e-01
   1.3304873e-01
   1.1134827e-01
   1.3731767e-01
   2.1095695e-01
   3.2515119e-01
   4.6602632e-01
   6.1579509e-01
   7.5311277e-01
   8.5948061e-01
   9.1889007e-01
   9.2209178e-01
   8.6801850e-01
   7.6342938e-01
   6.2290999e-01
   4.6673781e-01
   3.1732479e-01
   1.9672713e-01
   1.2308787e-01
   1.0743507e-01
   1.5190324e-01
   2.4937744e-01
   3.8456066e-01
   5.3610814e-01
   6.8054073e-01
   7.9651370e-01
   8.6730700e-01
   8.8367129e-01
   8.4560654e-01
   7.5916044e-01
   6.3820704e-01
   4.9982212e-01
   3.6143721e-01
   2.3870508e-01
   1.4443258e-01
   8.7157587e-02
   6.9726077e-02
   9.0003553e-02
   1.4265386e-01
   2.1736036e-01
   3.0309499e-01
   3.8776236e-01
   4.6033440e-01
   5.1120598e-01
   5.3539665e-01
   5.2970473e-01
   4.9555318e-01
   4.3792244e-01
   3.6357168e-01
   2.8103877e-01
   2.0028460e-01
   1.3055851e-01
   7.9331194e-02
   5.2294552e-02
   5.1938807e-02
   7.6485236e-02
   1.2130913e-01
   1.8071860e-01
   2.4546425e-01
   3.0843116e-01
   3.6286019e-01
   4.0554963e-01
   4.3400925e-01
   4.4859480e-01
   4.5072928e-01
   4.4183564e-01
   4.2404838e-01
   3.9772323e-01
   3.6392742e-01
   3.2479544e-01
   2.8139452e-01
   2.3763785e-01
   1.9743863e-01
   1.6471007e-01
   1.4372109e-01
   1.3802917e-01
   1.4870153e-01
   1.7680540e-01
   2.1913909e-01
   2.7250089e-01
   3.3013163e-01
   3.8527214e-01
   4.3116328e-01
   4.6282462e-01
   4.7491995e-01
   4.6744931e-01
   4.4183564e-01
   4.0199217e-01
   3.5361081e-01
   3.0309498e-01
   2.5542511e-01
   2.1487015e-01
   1.8498755e-01
   1.6862326e-01
   1.6862326e-01
   1.8712202e-01
   2.2660975e-01
   2.8850943e-01
   3.7282106e-01
   4.7527570e-01
   5.8769121e-01
   6.9903949e-01
   7.9544646e-01
   8.6268232e-01
   8.9007471e-01
   8.6979722e-01
   8.0113838e-01
   6.9050160e-01
   5.5140519e-01
   4.0234792e-01
   2.6431874e-01
   1.5795091e-01
   9.9964422e-02
   1.0067591e-01
   1.6150835e-01
   2.7463536e-01
   4.2440413e-01
   5.8840270e-01
   7.4279616e-01
   8.6552828e-01
   9.3810032e-01
   9.5161864e-01
   9.0501600e-01
   8.0576307e-01
   6.6844539e-01
   5.1227321e-01
   3.5752401e-01
   2.2305229e-01
   1.2415510e-01
   7.0793312e-02
   6.5812869e-02
   1.0672358e-01
   1.8427606e-01
   2.8566346e-01
   3.9558876e-01
   4.9733191e-01
   5.7808610e-01
   6.2717894e-01
   6.3963002e-01
   6.1543934e-01
   5.5923158e-01
   4.7918890e-01
   3.8527214e-01
   2.8922092e-01
   2.0135182e-01
   1.3091426e-01
   8.4667374e-02
   6.6524367e-02
   7.7908215e-02
   1.1561722e-01
   1.7467093e-01
   2.4831020e-01
   3.2764141e-01
   4.0412664e-01
   4.7100675e-01
   5.2258982e-01
   5.5460690e-01
   5.6599075e-01
   5.5602988e-01
   5.2685877e-01
   4.8025613e-01
   4.2013518e-01
   3.5147634e-01
   2.8032728e-01
   2.1237993e-01
   1.5403771e-01
   1.0992528e-01
   8.3600139e-02
   7.6485228e-02
   8.7513340e-02
   1.1490572e-01
   1.5510494e-01
   2.0562077e-01
   2.6289576e-01
   3.2515119e-01
   3.9025257e-01
   4.5464247e-01
   5.1547491e-01
   5.6776948e-01
   6.0761294e-01
   6.2931341e-01
   6.2966916e-01
   6.0761294e-01
   5.6350053e-01
   5.0195660e-01
   4.2902882e-01
   3.5432230e-01
   2.8708645e-01
   2.3799360e-01
   2.1415866e-01
   2.2198505e-01
   2.6147278e-01
   3.3013163e-01
   4.2013518e-01
   5.2045536e-01
   6.1792956e-01
   6.9939524e-01
   7.5382426e-01
   7.7303451e-01
   7.5382426e-01
   6.9726077e-01
   6.0974742e-01
   5.0160085e-01
   3.8705087e-01
   2.8032728e-01
   1.9779437e-01
   1.5190323e-01
   1.5154749e-01
   1.9992884e-01
   2.9313412e-01
   4.2049093e-01
   5.6599075e-01
   7.0935610e-01
   8.3066524e-01
   9.1248666e-01
   9.4236926e-01
   9.1497688e-01
   8.3315546e-01
   7.0828886e-01
   5.5567414e-01
   3.9594450e-01
   2.5044467e-01
   1.3767342e-01
   7.1860546e-02
   6.1188187e-02
   1.0423337e-01
   1.9316969e-01
   3.1341159e-01
   4.4574884e-01
   5.7025969e-01
   6.6844539e-01
   7.2856635e-01
   7.4244041e-01
   7.1042334e-01
   6.3856279e-01
   5.3788687e-01
   4.2049093e-01
   2.9989327e-01
   1.8890075e-01
   9.8185691e-02
   3.5574524e-02
   6.4034060e-03
   1.3518317e-02
   5.5852008e-02
   1.2949128e-01
   2.2803273e-01
   3.4080398e-01
   4.5748844e-01
   5.6527925e-01
   6.5279260e-01
   7.1042333e-01
   7.3176805e-01
   7.1433653e-01
   6.6097474e-01
   5.7701885e-01
   4.7420846e-01
   3.6392743e-01
   2.5898256e-01
   1.7146923e-01
   1.0921380e-01
   7.6485236e-02
   7.2572036e-02
   9.3205264e-02
   1.3127001e-01
   1.7858413e-01
   2.2909996e-01
   2.7712558e-01
   3.2052650e-01
   3.5859125e-01
   3.9131981e-01
   4.2013518e-01
   4.4361437e-01
   4.6069015e-01
   4.6887229e-01
   4.6673781e-01
   4.5286375e-01
   4.2796158e-01
   3.9416577e-01
   3.5681252e-01
   3.2230523e-01
   2.9562433e-01
   2.8246175e-01
   2.8673069e-01
   3.0878690e-01
   3.4649590e-01
   3.9487726e-01
   4.4717182e-01
   4.9484169e-01
   5.3041622e-01
   5.4713625e-01
   5.4251156e-01
   5.1547492e-01
   4.6958377e-01
   4.1053006e-01
   3.4471718e-01
   2.7890430e-01
   2.2020633e-01
   1.7360369e-01
   1.4336535e-01
   1.3269299e-01
   1.4407684e-01
   1.7822838e-01
   2.3443613e-01
   3.1056563e-01
   4.0056919e-01
   4.9768765e-01
   5.9124867e-01
   6.7129135e-01
   7.2572039e-01
   7.4670935e-01
   7.2856635e-01
   6.7057986e-01
   5.7773034e-01
   4.5926716e-01
   3.2906439e-01
   2.0384205e-01
   1.0103166e-01
   3.5574524e-02
   1.8143007e-02
   5.4429029e-02
   1.4016364e-01
   2.6503023e-01
   4.1230879e-01
   5.6172180e-01
   6.9192458e-01
   7.8477410e-01
   8.2781929e-01
   8.1536820e-01
   7.5097830e-01
   6.4425471e-01
   5.1120598e-01
   3.7033084e-01
   2.4119530e-01
   1.4016364e-01
   7.9686939e-02
   6.5457132e-02
   9.7118464e-02
   1.6648879e-01
   2.6182853e-01
   3.6784062e-01
   4.6780505e-01
   5.4855922e-01
   5.9943081e-01
   6.1650658e-01
   5.9978655e-01
   5.5353967e-01
   4.8594806e-01
   4.0661686e-01
   3.2408395e-01
   2.4653148e-01
   1.8178584e-01
   1.3376022e-01
   1.0565635e-01
   9.7474201e-02
   1.0885806e-01
   1.3553895e-01
   1.7395944e-01
   2.1878335e-01
   2.6609747e-01
   3.1092138e-01
   3.5112059e-01
   3.8384916e-01
   4.0803984e-01
   4.2298114e-01
   4.2725008e-01
   4.2049093e-01
   4.0234792e-01
   3.7353255e-01
   3.3653504e-01
   2.9562433e-01
   2.5506936e-01
   2.2091782e-01
   1.9886161e-01
   1.9210245e-01
   2.0277480e-01
   2.3016720e-01
   2.7178939e-01
   3.2479544e-01
   3.8420490e-01
   4.4646033e-01
   5.0764853e-01
   5.6385627e-01
   6.1259338e-01
   6.4994663e-01
   6.7378157e-01
   6.8089648e-01
   6.6844539e-01
   6.3571683e-01
   5.8271078e-01
   5.1156172e-01
   4.2760584e-01
   3.3902525e-01
   2.5578085e-01
   1.8925649e-01
   1.5012451e-01
   1.4656706e-01
   1.8285307e-01
   2.5755958e-01
   3.6321594e-01
   4.8630380e-01
   6.1010316e-01
   7.1824973e-01
   7.9402348e-01
   8.2604056e-01
   8.1003202e-01
   7.4742084e-01
   6.4674493e-01
   5.2152259e-01
   3.8989684e-01
   2.6929918e-01
   1.7787264e-01
   1.2735681e-01
   1.2628957e-01
   1.7538242e-01
   2.6823194e-01
   3.9167555e-01
   5.2934898e-01
   6.6097474e-01
   7.6876556e-01
   8.3671291e-01
   8.5485592e-01
   8.2141587e-01
   7.3923870e-01
   6.2006403e-01
   4.7918890e-01
   3.3511206e-01
   2.0704376e-01
   1.1134827e-01
   6.0476690e-02
   5.9765208e-02
   1.0814656e-01
   1.9743863e-01
   3.1305585e-01
   4.3614372e-01
   5.4891498e-01
   6.3500533e-01
   6.8196371e-01
   6.8587691e-01
   6.4852365e-01
   5.7595161e-01
   4.8061188e-01
   3.7495552e-01
   2.7214514e-01
   1.8285307e-01
   1.1454997e-01
   7.3283525e-02
   5.9053711e-02
   7.1149049e-02
   1.0565635e-01
   1.5652792e-01
   2.1771611e-01
   2.8175026e-01
   3.4293846e-01
   3.9487726e-01
   4.3365350e-01
   4.5677694e-01
   4.6246886e-01
   4.5108502e-01
   4.2298114e-01
   3.8100319e-01
   3.2728565e-01
   2.6752045e-01
   2.0668800e-01
   1.5154749e-01
   1.0885805e-01
   8.3600139e-02
   8.0398429e-02
   1.0032017e-01
   1.4194236e-01
   2.0170757e-01
   2.7392387e-01
   3.5112060e-01
   4.2725008e-01
   4.9519744e-01
   5.4962647e-01
   5.8626823e-01
   6.0298826e-01
   5.9907506e-01
   5.7559587e-01
   5.3504092e-01
   4.8132337e-01
   4.1942368e-01
   3.5325507e-01
   2.8850943e-01
   2.2981145e-01
   1.8071860e-01
   1.4621131e-01
   1.3020278e-01
   1.3589469e-01
   1.6577730e-01
   2.2091782e-01
   2.9882603e-01
   3.9381004e-01
   4.9839915e-01
   6.0192103e-01
   6.9192458e-01
   7.5773746e-01
   7.8975453e-01
   7.8263963e-01
   7.3496976e-01
   6.5101387e-01
   5.4108858e-01
   4.1764497e-01
   2.9740306e-01
   1.9708289e-01
   1.3233724e-01
   1.1419424e-01
   1.4870153e-01
   2.3301316e-01
   3.5823550e-01
   5.0693703e-01
   6.6026325e-01
   7.9615795e-01
   8.9505514e-01
   9.4414799e-01
   9.3561010e-01
   8.7157595e-01
   7.6022768e-01
   6.1650658e-01
   4.5855568e-01
   3.0594094e-01
   1.7644966e-01
   8.4311629e-02
   3.8776235e-02
   4.3400925e-02
   9.4983988e-02
   1.8641053e-01
   3.0558520e-01
   4.3721095e-01
   5.6741373e-01
   6.8054073e-01
   7.6556386e-01
   8.1358947e-01
   8.1999289e-01
   7.8441835e-01
   7.1077908e-01
   6.0868019e-01
   4.8986125e-01
   3.6784062e-01
   2.5827107e-01
   1.7324795e-01
   1.2273212e-01
   1.1028104e-01
   1.3411597e-01
   1.8605478e-01
   2.5506936e-01
   3.2799715e-01
   3.9203130e-01
   4.3649946e-01
   4.5606545e-01
   4.4930629e-01
   4.1871220e-01
   3.6855211e-01
   3.0736392e-01
   2.4226254e-01
   1.8071860e-01
   1.2877979e-01
   9.1070787e-02
   6.9014580e-02
   6.3678401e-02
   7.3639270e-02
   9.6051222e-02
   1.2664532e-01
   1.6221985e-01
   1.9957310e-01
   2.3657061e-01
   2.7214514e-01
   3.0558520e-01
   3.3653503e-01
   3.6392742e-01
   3.8740661e-01
   4.0341515e-01
   4.1124155e-01
   4.0910708e-01
   3.9594450e-01
   3.7246531e-01
   3.4080399e-01
   3.0380647e-01
   2.6431874e-01
   2.2767698e-01
   1.9743862e-01
   1.7965137e-01
   1.7644966e-01
   1.9245820e-01
   2.2767698e-01
   2.8246176e-01
   3.5183208e-01
   4.3080754e-01
   5.1013873e-01
   5.8057630e-01
   6.3251512e-01
   6.5884027e-01
   6.5421558e-01
   6.1686232e-01
   5.5069370e-01
   4.6104589e-01
   3.6036997e-01
   2.6040554e-01
   1.7716115e-01
   1.2308786e-01
   1.0885805e-01
   1.4123087e-01
   2.1807186e-01
   3.3333333e-01
   4.7207399e-01
   6.1650658e-01
   7.4635361e-01
   8.4347208e-01
   8.9220918e-01
   8.8509427e-01
   8.2248310e-01
   7.1149057e-01
   5.6776947e-01
   4.1053006e-01
   2.6182853e-01
   1.4265386e-01
   6.9726070e-02
   5.2294552e-02
   9.2849519e-02
   1.8392031e-01
   3.1092138e-01
   4.5499822e-01
   5.9373888e-01
   7.0686588e-01
   7.7837068e-01
   7.9829242e-01
   7.6520811e-01
   6.8409819e-01
   5.6705798e-01
   4.3045179e-01
   2.9135538e-01
   1.6755602e-01
   7.3639270e-02
   1.9921731e-02
   1.1028096e-02
   4.5891138e-02
   1.1739594e-01
   2.1451440e-01
   3.2230522e-01
   4.2618285e-01
   5.1262896e-01
   5.7132693e-01
   5.9694059e-01
   5.8875845e-01
   5.5069370e-01
   4.8950551e-01
   4.1408751e-01
   3.3404482e-01
   2.5791533e-01
   1.9352543e-01
   1.4549982e-01
   1.1775168e-01
   1.1099253e-01
   1.2415510e-01
   1.5297046e-01
   1.9352544e-01
   2.4012807e-01
   2.8673069e-01
   3.2942013e-01
   3.6463892e-01
   3.9096407e-01
   4.0732835e-01
   4.1444326e-01
   4.1337602e-01
   4.0341515e-01
   3.8705087e-01
   3.6357168e-01
   3.3440057e-01
   3.0131625e-01
   2.6680896e-01
   2.3265742e-01
   2.0135183e-01
   1.7680540e-01
   1.6044112e-01
   1.5474920e-01
   1.6257559e-01
   1.8534329e-01
   2.2340804e-01
   2.7641408e-01
   3.4258271e-01
   4.1657773e-01
   4.9235148e-01
   5.6207756e-01
   6.1792956e-01
   6.5243685e-01
   6.6097474e-01
   6.4140875e-01
   5.9516186e-01
   5.2792600e-01
   4.4788331e-01
   3.6499465e-01
   2.9135539e-01
   2.3870508e-01
   2.1558164e-01
   2.2838847e-01
   2.7890429e-01
   3.6321594e-01
   4.7207399e-01
   5.9231590e-01
   7.0828886e-01
   8.0469584e-01
   8.6766276e-01
   8.8865173e-01
   8.6303807e-01
   7.9437922e-01
   6.9085735e-01
   5.6421203e-01
   4.3116328e-01
   3.0665243e-01
   2.0633227e-01
   1.4265385e-01
   1.2415511e-01
   1.5083600e-01
   2.2056208e-01
   3.2266097e-01
   4.4219139e-01
   5.6278904e-01
   6.6595517e-01
   7.3745998e-01
   7.6591960e-01
   7.4706510e-01
   6.8303095e-01
   5.8199929e-01
   4.5819993e-01
   3.2906439e-01
   2.1166845e-01
   1.2308786e-01
   7.4350767e-02
   7.1860546e-02
   1.1490572e-01
   1.9530416e-01
   3.0096051e-01
   4.1515475e-01
   5.2081109e-01
   6.0334401e-01
   6.5279260e-01
   6.6382070e-01
   6.3678406e-01
   5.7737460e-01
   4.9484169e-01
   3.9950195e-01
   3.0273923e-01
   2.1522589e-01
   1.4443258e-01
   9.6406967e-02
   7.3995015e-02
   7.7196726e-02
   1.0316613e-01
   1.4621131e-01
   1.9957310e-01
   2.5613661e-01
   3.0914265e-01
   3.5396655e-01
   3.8776236e-01
   4.1017432e-01
   4.2262540e-01
   4.2725008e-01
   4.2547136e-01
   4.1800070e-01
   4.0519388e-01
   3.8633938e-01
   3.6036997e-01
   3.2835290e-01
   2.9064390e-01
   2.5044467e-01
   2.1024546e-01
   1.7395944e-01
   1.4514407e-01
   1.2771255e-01
   1.2486659e-01
   1.3802917e-01
   1.6826751e-01
   2.1451440e-01
   2.7392387e-01
   3.4258270e-01
   4.1302028e-01
   4.7812166e-01
   5.3006047e-01
   5.6278905e-01
   5.7061544e-01
   5.5211668e-01
   5.0907151e-01
   4.4646033e-01
   3.7317681e-01
   2.9953753e-01
   2.3621487e-01
   1.9281394e-01
   1.7609391e-01
   1.8818925e-01
   2.2554251e-01
   2.8139452e-01
   3.4436143e-01
   4.0234791e-01
   4.4503735e-01
   4.6495908e-01
   4.5962291e-01
   4.3187477e-01
   3.8740661e-01
   3.3511206e-01
   2.8388474e-01
   2.4012807e-01
   2.0917822e-01
   1.9245820e-01
   1.8925649e-01
   1.9850587e-01
   2.1842760e-01
   2.4795446e-01
   2.8673070e-01
   3.3440057e-01
   3.8954108e-01
   4.4966204e-01
   5.0978299e-01
   5.6314478e-01
   6.0120953e-01
   6.1650659e-01
   6.0334401e-01
   5.5887585e-01
   4.8559231e-01
   3.9025257e-01
   2.8566346e-01
   1.8605478e-01
   1.0814657e-01
   6.3678401e-02
   6.1188187e-02
   1.0209890e-01
   1.8000711e-01
   2.8175027e-01
   3.9203130e-01
   4.9306296e-01
   5.7061544e-01
   6.1472785e-01
   6.2255425e-01
   5.9622909e-01
   5.4251156e-01
   4.7136250e-01
   3.9238705e-01
   3.1554607e-01
   2.4759871e-01
   1.9352543e-01
   1.5581644e-01
   1.3553895e-01
   1.3269299e-01
   1.4478833e-01
   1.7004624e-01
   2.0490929e-01
   2.4581999e-01
   2.8779794e-01
   3.2621843e-01
   3.5716826e-01
   3.7566702e-01
   3.7886872e-01
   3.6499466e-01
   3.3475631e-01
   2.8993241e-01
   2.3621487e-01
   1.7929562e-01
   1.2664532e-01
   8.5023118e-02
   5.9765208e-02
   5.2294552e-02
   6.4389890e-02
   9.3561009e-02
   1.3625044e-01
   1.8818925e-01
   2.4510850e-01
   3.0416222e-01
   3.6143721e-01
   4.1444325e-01
   4.6033440e-01
   4.9626467e-01
   5.1938811e-01
   5.2721451e-01
   5.1903237e-01
   4.9448594e-01
   4.5570971e-01
   4.0768409e-01
   3.5432230e-01
   3.0238350e-01
   2.5755958e-01
   2.2625400e-01
   2.1237993e-01
   2.1842760e-01
   2.4439700e-01
   2.8708644e-01
   3.4258271e-01
   4.0412664e-01
   4.6460334e-01
   5.1511918e-01
   5.5033796e-01
   5.6563500e-01
   5.5816436e-01
   5.2899324e-01
   4.8061188e-01
   4.1693348e-01
   3.4400569e-01
   2.6894343e-01
   2.0099608e-01
   1.4870153e-01
   1.2130914e-01
   1.2593383e-01
   1.6791177e-01
   2.4688723e-01
   3.5787976e-01
   4.8986126e-01
   6.2824617e-01
   7.5524724e-01
   8.5343294e-01
   9.0892921e-01
   9.1248666e-01
   8.6232658e-01
   7.6414088e-01
   6.3002490e-01
   4.7741018e-01
   3.2621843e-01
   1.9743863e-01
   1.0707933e-01
   6.7591601e-02
   8.4311629e-02
   1.5403771e-01
   2.6752045e-01
   4.0768409e-01
   5.5531839e-01
   6.9121309e-01
   7.9580220e-01
   8.5663465e-01
   8.6623977e-01
   8.2426183e-01
   7.3639274e-01
   6.1543934e-01
   4.7705442e-01
   3.3795802e-01
   2.1522589e-01
   1.2344361e-01
   7.1860546e-02
   6.4745635e-02
   9.9608678e-02
   1.6862326e-01
   2.5969405e-01
   3.5823550e-01
   4.4966204e-01
   5.2330131e-01
   5.7025969e-01
   5.8804696e-01
   5.7666310e-01
   5.4108858e-01
   4.8701530e-01
   4.2262539e-01
   3.5396656e-01
   2.8815368e-01
   2.3016719e-01
   1.8427606e-01
   1.5297047e-01
   1.3838491e-01
   1.4016364e-01
   1.5723941e-01
   1.8818925e-01
   2.2945570e-01
   2.7748132e-01
   3.2870864e-01
   3.7815723e-01
   4.2155816e-01
   4.5499822e-01
   4.7456421e-01
   4.7741018e-01
   4.6211313e-01
   4.3009605e-01
   3.8456065e-01
   3.3013162e-01
   2.7356812e-01
   2.2162931e-01
   1.8071860e-01
   1.5652793e-01
   1.5119174e-01
   1.6613304e-01
   2.0064034e-01
   2.5115617e-01
   3.1270010e-01
   3.7851298e-01
   4.4112415e-01
   4.9270722e-01
   5.2792600e-01
   5.4073283e-01
   5.3041622e-01
   4.9768765e-01
   4.4752757e-01
   3.8491640e-01
   3.1803628e-01
   2.5329064e-01
   1.9637140e-01
   1.5225898e-01
   1.2415511e-01
   1.1490573e-01
   1.2664532e-01
   1.6150835e-01
   2.1949484e-01
   3.0060476e-01
   4.0021344e-01
   5.1191747e-01
   6.2433298e-01
   7.2500889e-01
   8.0042689e-01
   8.3920313e-01
   8.3422269e-01
   7.8228389e-01
   6.8907862e-01
   5.6527925e-01
   4.2725009e-01
   2.9384561e-01
   1.8498754e-01
   1.1739594e-01
   1.0209889e-01
   1.4336534e-01
   2.3514763e-01
   3.6641764e-01
   5.1832088e-01
   6.6844539e-01
   7.9686944e-01
   8.8509427e-01
   9.2209178e-01
   9.0359303e-01
   8.3351121e-01
   7.2180719e-01
   5.8377801e-01
   4.3756670e-01
   3.0096051e-01
   1.8925649e-01
   1.1490573e-01
   8.4667374e-02
   9.8897180e-02
   1.5297047e-01
   2.3657061e-01
   3.3724652e-01
   4.4076840e-01
   5.3326218e-01
   6.0476698e-01
   6.4781216e-01
   6.6026326e-01
   6.4318748e-01
   6.0049804e-01
   5.4002134e-01
   4.6780505e-01
   3.9203130e-01
   3.2017075e-01
   2.5827107e-01
   2.1202419e-01
   1.8427605e-01
   1.7751689e-01
   1.9103522e-01
   2.2269655e-01
   2.6858769e-01
   3.2443970e-01
   3.8384916e-01
   4.4183564e-01
   4.9235147e-01
   5.3041623e-01
   5.5211668e-01
   5.5460690e-01
   5.3610815e-01
   4.9697616e-01
   4.4041266e-01
   3.7139808e-01
   2.9704731e-01
   2.2518676e-01
   1.6399858e-01
   1.2024190e-01
   9.8541443e-02
   1.0032017e-01
   1.2593383e-01
   1.7146922e-01
   2.3372465e-01
   3.0665243e-01
   3.8456066e-01
   4.6104589e-01
   5.2970473e-01
   5.8484525e-01
   6.2219850e-01
   6.3749555e-01
   6.2860192e-01
   5.9729634e-01
   5.4606901e-01
   4.8025613e-01
   4.0768410e-01
   3.3582354e-01
   2.7321237e-01
   2.2732124e-01
   2.0384205e-01
   2.0633227e-01
   2.3479188e-01
   2.8530772e-01
   3.5254357e-01
   4.2725009e-01
   5.0017787e-01
   5.6243329e-01
   6.0547847e-01
   6.2397723e-01
   6.1686232e-01
   5.8448950e-01
   5.3006047e-01
   4.5926717e-01
   3.7922448e-01
   2.9811454e-01
   2.2518676e-01
   1.6933475e-01
   1.4051938e-01
   1.4514407e-01
   1.8747776e-01
   2.6787620e-01
   3.8029171e-01
   5.1298470e-01
   6.5030239e-01
   7.7410174e-01
   8.6659551e-01
   9.1390964e-01
   9.0750623e-01
   8.4667378e-01
   7.3781573e-01
   5.9516187e-01
   4.3756670e-01
   2.8637495e-01
   1.6186411e-01
   7.9686939e-02
   5.0515828e-02
   7.5062249e-02
   1.4799004e-01
   2.5613661e-01
   3.8100320e-01
   5.0337958e-01
   6.0547847e-01
   6.7378157e-01
   6.9975098e-01
   6.8231946e-01
   6.2753469e-01
   5.4393453e-01
   4.4397011e-01
   3.4115973e-01
   2.4724297e-01
   1.7146922e-01
   1.2130914e-01
   9.9608670e-02
   1.0601209e-01
   1.3838491e-01
   1.9032372e-01
   2.5506937e-01
   3.2372821e-01
   3.9025257e-01
   4.4717182e-01
   4.9057275e-01
   5.1725365e-01
   5.2614728e-01
   5.1760939e-01
   4.9306296e-01
   4.5535396e-01
   4.0661686e-01
   3.5147634e-01
   2.9455709e-01
   2.3941658e-01
   1.9174671e-01
   1.5546069e-01
   1.3269299e-01
   1.2593383e-01
   1.3411597e-01
   1.5688366e-01
   1.9210245e-01
   2.3799359e-01
   2.9135538e-01
   3.5005336e-01
   4.1053006e-01
   4.6851654e-01
   5.1938811e-01
   5.5816436e-01
   5.8022056e-01
   5.8271078e-01
   5.6314479e-01
   5.2401280e-01
   4.6816080e-01
   4.0234792e-01
   3.3440057e-01
   2.7356812e-01
   2.2803272e-01
   2.0668801e-01
   2.1415866e-01
   2.5293489e-01
   3.2123799e-01
   4.1337601e-01
   5.1867663e-01
   6.2540021e-01
   7.1967271e-01
   7.8939879e-01
   8.2426183e-01
   8.1928139e-01
   7.7303451e-01
   6.9121309e-01
   5.8342227e-01
   4.6211312e-01
   3.4293846e-01
   2.4083956e-01
   1.6933475e-01
   1.4016364e-01
   1.5759515e-01
   2.2305229e-01
   3.2870864e-01
   4.6389186e-01
   6.1152615e-01
   7.5311277e-01
   8.6979722e-01
   9.4663821e-01
   9.7296336e-01
   9.4592672e-01
   8.6801850e-01
   7.4884383e-01
   6.0227677e-01
   4.4681607e-01
   3.0024902e-01
   1.7929562e-01
   9.8541443e-02
   6.5457132e-02
   8.3244395e-02
   1.4763428e-01
   2.4866595e-01
   3.7139808e-01
   4.9946638e-01
   6.1472785e-01
   7.0224119e-01
   7.5097830e-01
   7.5560299e-01
   7.1718250e-01
   6.4176450e-01
   5.3930985e-01
   4.2369263e-01
   3.0914265e-01
   2.0882248e-01
   1.3411597e-01
   9.1782277e-02
   8.3955884e-02
   1.0921380e-01
   1.6079686e-01
   2.3016720e-01
   3.0594094e-01
   3.7886872e-01
   4.4041266e-01
   4.8488082e-01
   5.0942724e-01
   5.1298471e-01
   4.9733191e-01
   4.6495908e-01
   4.1835646e-01
   3.6108146e-01
   2.9704731e-01
   2.3123444e-01
   1.6826752e-01
   1.1383848e-01
   7.1860546e-02
   4.6602628e-02
   3.9843470e-02
   5.1938807e-02
   8.1821408e-02
   1.2628957e-01
   1.8178584e-01
   2.4475276e-01
   3.1020989e-01
   3.7388829e-01
   4.3116328e-01
   4.7741017e-01
   5.0978299e-01
   5.2472429e-01
   5.2187833e-01
   5.0160085e-01
   4.6709356e-01
   4.2262540e-01
   3.7424404e-01
   3.2728566e-01
   2.8886517e-01
   2.6360725e-01
   2.5542512e-01
   2.6752045e-01
   3.0060476e-01
   3.5289932e-01
   4.2013518e-01
   4.9662042e-01
   5.7524013e-01
   6.4638919e-01
   7.0152970e-01
   7.3354678e-01
   7.3710424e-01
   7.0971185e-01
   6.5243685e-01
   5.6954821e-01
   4.6993952e-01
   3.6535041e-01
   2.6787620e-01
   1.9139096e-01
   1.4727855e-01
   1.4514407e-01
   1.8676627e-01
   2.7036642e-01
   3.8598363e-01
   5.1938811e-01
   6.5243685e-01
   7.6734258e-01
   8.4880825e-01
   8.8545002e-01
   8.7513340e-01
   8.1928140e-01
   7.2821060e-01
   6.1437211e-01
   4.9306297e-01
   3.7886872e-01
   2.8424047e-01
   2.1700462e-01
   1.8356456e-01
   1.8392031e-01
   2.1451440e-01
   2.6965493e-01
   3.4080398e-01
   4.1977944e-01
   4.9733191e-01
   5.6492352e-01
   6.1721807e-01
   6.4887940e-01
   6.5741729e-01
   6.4247599e-01
   6.0512274e-01
   5.4855923e-01
   4.7883315e-01
   4.0199217e-01
   3.2586268e-01
   2.5755958e-01
   2.0419779e-01
   1.7004624e-01
   1.5759516e-01
   1.6577730e-01
   1.9067947e-01
   2.2696549e-01
   2.6823194e-01
   3.0736392e-01
   3.3795802e-01
   3.5574528e-01
   3.5645677e-01
   3.4009249e-01
   3.0807541e-01
   2.6431874e-01
   2.1522589e-01
   1.6684453e-01
   1.2700106e-01
   1.0103166e-01
   9.3561009e-02
   1.0565634e-01
   1.3589470e-01
   1.7893987e-01
   2.3123443e-01
   2.8530772e-01
   3.3653504e-01
   3.8029171e-01
   4.1373176e-01
   4.3472074e-01
   4.4290288e-01
   4.3792244e-01
   4.2049093e-01
   3.9274279e-01
   3.5716826e-01
   3.1696905e-01
   2.7605834e-01
   2.3870509e-01
   2.0775525e-01
   1.8641053e-01
   1.7609391e-01
   1.7893987e-01
   1.9494841e-01
   2.2518676e-01
   2.6894343e-01
   3.2515119e-01
   3.9131981e-01
   4.6353611e-01
   5.3681964e-01
   6.0405550e-01
   6.5848452e-01
   6.9299181e-01
   7.0366418e-01
   6.8658840e-01
   6.4212024e-01
   5.7488438e-01
   4.9057275e-01
   3.9950195e-01
   3.1234436e-01
   2.4119530e-01
   1.9672713e-01
   1.8676627e-01
   2.1522589e-01
   2.7961579e-01
   3.7424403e-01
   4.8630380e-01
   6.0049804e-01
   7.0081821e-01
   7.7232302e-01
   8.0362860e-01
   7.8904304e-01
   7.2927784e-01
   6.3144788e-01
   5.0729278e-01
   3.7459979e-01
   2.5186766e-01
   1.5652792e-01
   1.0352187e-01
   1.0245464e-01
   1.5439345e-01
   2.5400213e-01
   3.8811811e-01
   5.3788687e-01
   6.8231946e-01
   8.0113839e-01
   8.7726787e-01
   8.9967983e-01
   8.6659551e-01
   7.8263963e-01
   6.5955176e-01
   5.1440768e-01
   3.6570615e-01
   2.3194592e-01
   1.2913554e-01
   6.8658835e-02
   5.5496263e-02
   8.8224821e-02
   1.5972963e-01
   2.5862682e-01
   3.6890786e-01
   4.7563145e-01
   5.6492352e-01
   6.2753468e-01
   6.5777303e-01
   6.5563856e-01
   6.2468872e-01
   5.7168267e-01
   5.0480255e-01
   4.3151903e-01
   3.5965848e-01
   2.9526859e-01
   2.4261829e-01
   2.0490928e-01
   1.8392031e-01
   1.8000711e-01
   1.9210245e-01
   2.1771611e-01
   2.5257915e-01
   2.9313412e-01
   3.3440057e-01
   3.7139808e-01
   4.0092493e-01
   4.1942369e-01
   4.2618285e-01
   4.2049093e-01
   4.0305941e-01
   3.7637851e-01
   3.4436143e-01
   3.0949840e-01
   2.7641409e-01
   2.4795447e-01
   2.2732123e-01
   2.1558164e-01
   2.1309142e-01
   2.1913909e-01
   2.3372465e-01
   2.5613661e-01
   2.8673070e-01
   3.2515119e-01
   3.7175382e-01
   4.2547136e-01
   4.8274635e-01
   5.3930985e-01
   5.8875845e-01
   6.2540021e-01
   6.4212024e-01
   6.3536107e-01
   6.0334400e-01
   5.4749199e-01
   4.7314123e-01
   3.8705087e-01
   2.9953753e-01
   2.2162931e-01
   1.6471007e-01
   1.3767342e-01
   1.4692280e-01
   1.9388118e-01
   2.7570260e-01
   3.8313768e-01
   5.0337958e-01
   6.2041978e-01
   7.1896122e-01
   7.8512984e-01
   8.1038776e-01
   7.9082177e-01
   7.2998933e-01
   6.3607257e-01
   5.2330131e-01
   4.0626111e-01
   3.0202774e-01
   2.2376378e-01
   1.8320882e-01
   1.8569904e-01
   2.3123443e-01
   3.1412308e-01
   4.2333689e-01
   5.4393454e-01
   6.5955176e-01
   7.5382426e-01
   8.1287798e-01
   8.2710779e-01
   7.9437922e-01
   7.1682675e-01
   6.0405550e-01
   4.7029526e-01
   3.3191035e-01
   2.0704376e-01
   1.1134827e-01
   5.7986476e-02
   5.2294552e-02
   9.4628243e-02
   1.7787264e-01
   2.8922092e-01
   4.1195304e-01
   5.2899324e-01
   6.2433298e-01
   6.8587691e-01
   7.0686588e-01
   6.8729989e-01
   6.3180363e-01
   5.4891498e-01
   4.4930629e-01
   3.4542867e-01
   2.4831020e-01
   1.6755602e-01
   1.0992529e-01
   7.9686939e-02
   7.8263960e-02
   1.0352187e-01
   1.5119175e-01
   2.1415866e-01
   2.8459623e-01
   3.5432230e-01
   4.1622198e-01
   4.6353611e-01
   4.9306296e-01
   5.0195660e-01
   4.9092849e-01
   4.6069015e-01
   4.1515475e-01
   3.5823550e-01
   2.9562433e-01
   2.3265741e-01
   1.7538242e-01
   1.2949129e-01
   9.8185691e-02
   8.3955884e-02
   8.6090353e-02
   1.0387762e-01
   1.3376022e-01
   1.7289220e-01
   2.1842760e-01
   2.6752045e-01
   3.1768054e-01
   3.6677339e-01
   4.1230879e-01
   4.5144077e-01
   4.8096762e-01
   4.9768765e-01
   4.9875489e-01
   4.8488082e-01
   4.5499822e-01
   4.1266453e-01
   3.6143721e-01
   3.0736392e-01
   2.5684809e-01
   2.1664887e-01
   1.9316969e-01
   1.9245820e-01
   2.1771611e-01
   2.6965492e-01
   3.4542867e-01
   4.3827819e-01
   5.3859836e-01
   6.3500534e-01
   7.1433654e-01
   7.6591960e-01
   7.8192814e-01
   7.5916044e-01
   6.9832799e-01
   6.0690146e-01
   4.9519744e-01
   3.7851298e-01
   2.7214514e-01
   1.9210245e-01
   1.5083600e-01
   1.5617218e-01
   2.0988971e-01
   3.0736392e-01
   4.3649946e-01
   5.8022056e-01
   7.1860548e-01
   8.3315546e-01
   9.0857346e-01
   9.3383138e-01
   9.0821772e-01
   8.3564568e-01
   7.2785486e-01
   6.0049804e-01
   4.7100676e-01
   3.5503379e-01
   2.6645322e-01
   2.1309142e-01
   1.9850587e-01
   2.1985058e-01
   2.7036641e-01
   3.3866951e-01
   4.1266453e-01
   4.7954464e-01
   5.2899324e-01
   5.5282817e-01
   5.4749200e-01
   5.1334044e-01
   4.5357524e-01
   3.7495552e-01
   2.8744218e-01
   1.9992885e-01
   1.2308787e-01
   6.6168622e-02
   3.5930269e-02
   3.5930269e-02
   6.6524367e-02
   1.2308786e-01
   1.9815012e-01
   2.8175027e-01
   3.6286019e-01
   4.3116328e-01
   4.8025613e-01
   5.0515830e-01
   5.0515831e-01
   4.8345784e-01
   4.4397011e-01
   3.9238705e-01
   3.3404482e-01
   2.7392387e-01
   2.1736037e-01
   1.6720029e-01
   1.2664532e-01
   9.8897188e-02
   8.5023118e-02
   8.5378863e-02
   9.9608678e-02
   1.2593383e-01
   1.6257559e-01
   2.0668801e-01
   2.5506936e-01
   3.0594094e-01
   3.5610103e-01
   4.0199217e-01
   4.4147990e-01
   4.7100675e-01
   4.8772678e-01
   4.8879402e-01
   4.7456421e-01
   4.4432586e-01
   4.0092493e-01
   3.4827463e-01
   2.9206687e-01
   2.3799359e-01
   1.9281394e-01
   1.6186410e-01
   1.5083600e-01
   1.6328708e-01
   2.0064034e-01
   2.6147278e-01
   3.4151547e-01
   4.3294201e-01
   5.2650302e-01
   6.1117041e-01
   6.7698328e-01
   7.1611526e-01
   7.2358591e-01
   7.0010672e-01
   6.4852365e-01
   5.7666311e-01
   4.9413020e-01
   4.1195304e-01
   3.4115973e-01
   2.9064390e-01
   2.6787619e-01
   2.7641408e-01
   3.1661330e-01
   3.8491640e-01
   4.7349698e-01
   5.7203842e-01
   6.6702241e-01
   7.4528637e-01
   7.9473497e-01
   8.0683031e-01
   7.7516897e-01
   7.0152970e-01
   5.9160440e-01
   4.5677695e-01
   3.1376734e-01
   1.8000711e-01
   7.4350760e-02
   1.0672351e-02
   0.0000000e+00
   4.4112407e-02
   1.3696193e-01
   2.6503024e-01
   4.0981857e-01
   5.4927072e-01
   6.6417645e-01
   7.3781572e-01
   7.6165066e-01
   7.3425827e-01
   6.6204198e-01
   5.5638562e-01
   4.3329775e-01
   3.0949839e-01
   1.9992885e-01
   1.1632871e-01
   6.6168614e-02
   5.3006042e-02
   7.4706504e-02
   1.2593383e-01
   1.9850587e-01
   2.8246176e-01
   3.6819637e-01
   4.4646033e-01
   5.1049449e-01
   5.5496265e-01
   5.7844183e-01
   5.7915332e-01
   5.5816435e-01
   5.1760939e-01
   4.6069014e-01
   3.9096407e-01
   3.1519032e-01
   2.3906083e-01
   1.7146922e-01
   1.1988615e-01
   9.1426540e-02
   9.0359298e-02
   1.1810743e-01
   1.7218071e-01
   2.4653148e-01
   3.3262184e-01
   4.2120242e-01
   5.0231234e-01
   5.6741373e-01
   6.1081466e-01
   6.2824618e-01
   6.2006403e-01
   5.8840271e-01
   5.3681963e-01
   4.7207400e-01
   3.9985771e-01
   3.2692992e-01
   2.5862682e-01
   1.9886161e-01
   1.5154749e-01
   1.1953042e-01
   1.0423337e-01
   1.0779082e-01
   1.3091426e-01
   1.7467093e-01
   2.3692636e-01
   3.1554606e-01
   4.0412664e-01
   4.9519744e-01
   5.7915332e-01
   6.4638919e-01
   6.8801139e-01
   6.9903949e-01
   6.7627179e-01
   6.2219850e-01
   5.4286731e-01
   4.4646033e-01
   3.4578442e-01
   2.5329064e-01
   1.8214159e-01
   1.4265386e-01
   1.4229811e-01
   1.8392031e-01
   2.6396301e-01
   3.7424404e-01
   5.0160085e-01
   6.2966915e-01
   7.4066168e-01
   8.2034863e-01
   8.5663465e-01
   8.4418356e-01
   7.8370686e-01
   6.8267520e-01
   5.5460689e-01
   4.1693347e-01
   2.8744219e-01
   1.8427605e-01
   1.2202063e-01
