   3.8570933e-01
   3.7981270e-01
   3.7426292e-01
   3.6385710e-01
   3.4408602e-01
   3.1425599e-01
   2.7714187e-01
   2.4072147e-01
   2.1505377e-01
   2.1089143e-01
   2.3551856e-01
   2.9240374e-01
   3.7599722e-01
   4.7728061e-01
   5.8029830e-01
   6.7013528e-01
   7.3152966e-01
   7.5650365e-01
   7.4124177e-01
   6.8851891e-01
   6.0665973e-01
   5.0745751e-01
   4.0409296e-01
   3.1009366e-01
   2.3621227e-01
   1.9077350e-01
   1.7898023e-01
   2.0117933e-01
   2.5459591e-01
   3.3090531e-01
   4.1970170e-01
   5.0780437e-01
   5.8307319e-01
   6.3267430e-01
   6.4758932e-01
   6.2400278e-01
   5.6191468e-01
   4.6826223e-01
   3.5483871e-01
   2.3586542e-01
   1.2903226e-01
   5.0294828e-02
   1.2140137e-02
   2.2545957e-02
   8.0818597e-02
   1.8071453e-01
   3.0766562e-01
   4.4328824e-01
   5.6746445e-01
   6.6250433e-01
   7.1522720e-01
   7.1938953e-01
   6.7568505e-01
   5.9278529e-01
   4.8317725e-01
   3.6212279e-01
   2.4592438e-01
   1.4741589e-01
   7.6656265e-02
   3.9195287e-02
   3.6073536e-02
   6.4516128e-02
   1.1758585e-01
   1.8661117e-01
   2.6187999e-01
   3.3298647e-01
   3.9229969e-01
   4.3357614e-01
   4.5438779e-01
   4.5404094e-01
   4.3426986e-01
   3.9889005e-01
   3.5275755e-01
   3.0072841e-01
   2.4696497e-01
   1.9632328e-01
   1.5331252e-01
   1.2105446e-01
   1.0232397e-01
   9.7814780e-02
   1.0718003e-01
   1.2868540e-01
   1.5990288e-01
   1.9701699e-01
   2.3864030e-01
   2.8234478e-01
   3.2708984e-01
   3.7391606e-01
   4.2178287e-01
   4.6999653e-01
   5.1474159e-01
   5.5324315e-01
   5.7925772e-01
   5.8862297e-01
   5.7717655e-01
   5.4422477e-01
   4.9115505e-01
   4.2421089e-01
   3.5171697e-01
   2.8373222e-01
   2.3135623e-01
   2.0291363e-01
   2.0326049e-01
   2.3274367e-01
   2.8720083e-01
   3.5830732e-01
   4.3357614e-01
   5.0190774e-01
   5.5220257e-01
   5.7787027e-01
   5.7578911e-01
   5.4838710e-01
   5.0017343e-01
   4.3843219e-01
   3.7079431e-01
   3.0315643e-01
   2.4072147e-01
   1.8869233e-01
   1.5192508e-01
   1.3423518e-01
   1.4082553e-01
   1.7585849e-01
   2.4072147e-01
   3.3368019e-01
   4.4779744e-01
   5.7197365e-01
   6.9129379e-01
   7.8876171e-01
   8.4946237e-01
   8.6160251e-01
   8.2067292e-01
   7.3014221e-01
   6.0076310e-01
   4.5057232e-01
   3.0107527e-01
   1.7447104e-01
   9.0530704e-02
   6.2781826e-02
   9.6080471e-02
   1.8557059e-01
   3.1772459e-01
   4.7346514e-01
   6.2816511e-01
   7.5858481e-01
   8.4599376e-01
   8.7755810e-01
   8.4876865e-01
   7.6448145e-01
   6.3718349e-01
   4.8491155e-01
   3.2813043e-01
   1.8730490e-01
   8.1165458e-02
   2.2199104e-02
   1.6649330e-02
   6.3475546e-02
   1.5400624e-01
   2.7436698e-01
   4.0617413e-01
   5.3173778e-01
   6.3302116e-01
   6.9823101e-01
   7.2043011e-01
   6.9823102e-01
   6.3718349e-01
   5.4665279e-01
   4.3947277e-01
   3.2847728e-01
   2.2719390e-01
   1.4706903e-01
   9.5733618e-02
   7.7349978e-02
   9.2265006e-02
   1.3701006e-01
   2.0291363e-01
   2.8165106e-01
   3.6108220e-01
   4.3218869e-01
   4.8629899e-01
   5.1821020e-01
   5.2584114e-01
   5.1092612e-01
   4.7624004e-01
   4.2698578e-01
   3.6871315e-01
   3.0627818e-01
   2.4523066e-01
   1.9042664e-01
   1.4533472e-01
   1.1307665e-01
   9.6774191e-02
   9.6080478e-02
   1.1099549e-01
   1.3909123e-01
   1.7724592e-01
   2.2164412e-01
   2.6847035e-01
   3.1356226e-01
   3.5310441e-01
   3.8362817e-01
   4.0235866e-01
   4.0686785e-01
   3.9680888e-01
   3.7322234e-01
   3.3853625e-01
   2.9830039e-01
   2.5841138e-01
   2.2476587e-01
   2.0395422e-01
   2.0013875e-01
   2.1609435e-01
   2.5078044e-01
   3.0142213e-01
   3.6420396e-01
   4.3218869e-01
   4.9843912e-01
   5.5601804e-01
   5.9833507e-01
   6.2122788e-01
   6.2157475e-01
   5.9937566e-01
   5.5705862e-01
   4.9982657e-01
   4.3426986e-01
   3.6732571e-01
   3.0662505e-01
   2.5737080e-01
   2.2407214e-01
   2.0915713e-01
   2.1297260e-01
   2.3551856e-01
   2.7506070e-01
   3.2813043e-01
   3.9125911e-01
   4.5889698e-01
   5.2584114e-01
   5.8584808e-01
   6.3336802e-01
   6.6354492e-01
   6.7291016e-01
   6.5938259e-01
   6.2400278e-01
   5.6815817e-01
   4.9739854e-01
   4.1727367e-01
   3.3506764e-01
   2.5979883e-01
   2.0048561e-01
   1.6510580e-01
   1.5920916e-01
   1.8453000e-01
   2.4106833e-01
   3.2119320e-01
   4.1657995e-01
   5.1474159e-01
   6.0284426e-01
   6.6944156e-01
   7.0620881e-01
   7.0759626e-01
   6.7256330e-01
   6.0492543e-01
   5.1196670e-01
   4.0339924e-01
   2.9171002e-01
   1.8973292e-01
   1.0926119e-01
   6.0353803e-02
   4.8213665e-02
   7.5268815e-02
   1.3839750e-01
   2.2927506e-01
   3.3714880e-01
   4.4849116e-01
   5.5012140e-01
   6.3024628e-01
   6.7950052e-01
   6.9268124e-01
   6.6874784e-01
   6.1220951e-01
   5.2965661e-01
   4.3218869e-01
   3.3194589e-01
   2.4072147e-01
   1.6892126e-01
   1.2417621e-01
   1.1064863e-01
   1.2799167e-01
   1.7204301e-01
   2.3586541e-01
   3.1148110e-01
   3.8848421e-01
   4.5820326e-01
   5.1127298e-01
   5.4249046e-01
   5.4665279e-01
   5.2341311e-01
   4.7485259e-01
   4.0652099e-01
   3.2570240e-01
   2.4280264e-01
   1.6788068e-01
   1.1099549e-01
   7.9778008e-02
   7.8390567e-02
   1.0856747e-01
   1.6614638e-01
   2.4523066e-01
   3.3645508e-01
   4.2837323e-01
   5.0988554e-01
   5.7023934e-01
   6.0145682e-01
   5.9868193e-01
   5.6226153e-01
   4.9670482e-01
   4.0998960e-01
   3.1460285e-01
   2.2199098e-01
   1.4464100e-01
   9.1571285e-02
   6.7984739e-02
   7.6309404e-02
   1.1342352e-01
   1.7343046e-01
   2.4835241e-01
   3.2813042e-01
   4.0409296e-01
   4.6756851e-01
   5.1092612e-01
   5.2965661e-01
   5.2306626e-01
   4.9254249e-01
   4.4190080e-01
   3.7877212e-01
   3.1148110e-01
   2.4800555e-01
   1.9632327e-01
   1.6198405e-01
   1.4776275e-01
   1.5539368e-01
   1.8244883e-01
   2.2719390e-01
   2.8511967e-01
   3.5032952e-01
   4.1762053e-01
   4.8074923e-01
   5.3416580e-01
   5.7266736e-01
   5.9313215e-01
   5.9417273e-01
   5.7648283e-01
   5.4387791e-01
   4.9913285e-01
   4.4849116e-01
   3.9576830e-01
   3.4512661e-01
   3.0003469e-01
   2.6257370e-01
   2.3621228e-01
   2.2268470e-01
   2.2441901e-01
   2.4245578e-01
   2.7852931e-01
   3.3021159e-01
   3.9403400e-01
   4.6375304e-01
   5.3035033e-01
   5.8446064e-01
   6.1671870e-01
   6.1949358e-01
   5.8896983e-01
   5.2653486e-01
   4.3912591e-01
   3.3749567e-01
   2.3759972e-01
   1.5469996e-01
   1.0301769e-01
   9.1918146e-02
   1.2382935e-01
   1.9320153e-01
   2.8893514e-01
   3.9472772e-01
   4.9288935e-01
   5.6746444e-01
   6.0770031e-01
   6.0735345e-01
   5.6815817e-01
   4.9739855e-01
   4.0652099e-01
   3.0905307e-01
   2.1886924e-01
   1.4776275e-01
   1.0544572e-01
   9.6774191e-02
   1.2105446e-01
   1.7516476e-01
   2.5112730e-01
   3.3853625e-01
   4.2629206e-01
   5.0468263e-01
   5.6399584e-01
   6.0006937e-01
   6.1012834e-01
   5.9556018e-01
   5.5948665e-01
   5.0780437e-01
   4.4571627e-01
   3.8015956e-01
   3.1703087e-01
   2.6257371e-01
   2.2095040e-01
   1.9528269e-01
   1.8695803e-01
   1.9562955e-01
   2.1886924e-01
   2.5390219e-01
   2.9587236e-01
   3.4131113e-01
   3.8779050e-01
   4.3288242e-01
   4.7589317e-01
   5.1474159e-01
   5.4977455e-01
   5.7821713e-01
   5.9868193e-01
   6.0839403e-01
   6.0561915e-01
   5.8896983e-01
   5.5879293e-01
   5.1682276e-01
   4.6618106e-01
   4.1172390e-01
   3.6004162e-01
   3.1703087e-01
   2.8997572e-01
   2.8338537e-01
   3.0211586e-01
   3.4651405e-01
   4.1415193e-01
   4.9913285e-01
   5.9209157e-01
   6.8192855e-01
   7.5685050e-01
   8.0610476e-01
   8.2240721e-01
   8.0298301e-01
   7.4817898e-01
   6.6493236e-01
   5.6226153e-01
   4.5404093e-01
   3.5414499e-01
   2.7644814e-01
   2.3170309e-01
   2.2788762e-01
   2.6742976e-01
   3.4651404e-01
   4.5646896e-01
   5.8342005e-01
   7.1002428e-01
   8.1997919e-01
   8.9732917e-01
   9.3132155e-01
   9.1605966e-01
   8.5293098e-01
   7.4921957e-01
   6.1810614e-01
   4.7624004e-01
   3.4339230e-01
   2.3725286e-01
   1.7412418e-01
   1.6267777e-01
   2.0568853e-01
   2.9830039e-01
   4.2733264e-01
   5.7474853e-01
   7.1938953e-01
   8.4079085e-01
   9.2160943e-01
   9.5039889e-01
   9.2403747e-01
   8.4634062e-01
   7.2736733e-01
   5.8342005e-01
   4.3218869e-01
   2.9240374e-01
   1.8071453e-01
   1.0995491e-01
   8.9143255e-02
   1.2001388e-01
   1.9979189e-01
   3.1807145e-01
   4.6201874e-01
   6.1498440e-01
   7.5858481e-01
   8.7721124e-01
   9.5664240e-01
   9.8855360e-01
   9.7016997e-01
   9.0426640e-01
   7.9847381e-01
   6.6631981e-01
   5.2341311e-01
   3.8605619e-01
   2.7089838e-01
   1.8938606e-01
   1.4915019e-01
   1.5088450e-01
   1.8973292e-01
   2.5598336e-01
   3.3645508e-01
   4.1692681e-01
   4.8525841e-01
   5.3208464e-01
   5.5289629e-01
   5.4630593e-01
   5.1543531e-01
   4.6548735e-01
   4.0339924e-01
   3.3506764e-01
   2.6812348e-01
   2.0811655e-01
   1.6094346e-01
   1.3076656e-01
   1.2140132e-01
   1.3458204e-01
   1.7030870e-01
   2.2615331e-01
   2.9864725e-01
   3.8085328e-01
   4.6618106e-01
   5.4595907e-01
   6.1186265e-01
   6.5695457e-01
   6.7603191e-01
   6.6631981e-01
   6.2747139e-01
   5.6399584e-01
   4.8421783e-01
   3.9680889e-01
   3.1252169e-01
   2.4106833e-01
   1.8938606e-01
   1.6163718e-01
   1.5816858e-01
   1.7689907e-01
   2.1262574e-01
   2.6049254e-01
   3.1599029e-01
   3.7565036e-01
   4.3635102e-01
   4.9601110e-01
   5.5220256e-01
   6.0215054e-01
   6.4203955e-01
   6.6736040e-01
   6.7360389e-01
   6.5764829e-01
   6.1706556e-01
   5.5324315e-01
   4.7103712e-01
   3.7807839e-01
   2.8616025e-01
   2.0811654e-01
   1.5643427e-01
   1.4117239e-01
   1.6857440e-01
   2.3759972e-01
   3.4200486e-01
   4.6756850e-01
   5.9833507e-01
   7.1522720e-01
   8.0124870e-01
   8.4391259e-01
   8.3593479e-01
   7.7870274e-01
   6.7880680e-01
   5.5046827e-01
   4.1103018e-01
   2.7956989e-01
   1.7551162e-01
   1.1342352e-01
   1.0371141e-01
   1.4949705e-01
   2.4661811e-01
   3.8397503e-01
   5.4283733e-01
   7.0378079e-01
   8.4425946e-01
   9.4623657e-01
   9.9549081e-01
   9.8543185e-01
   9.1675339e-01
   7.9847381e-01
   6.4585502e-01
   4.7936178e-01
   3.1945890e-01
   1.8730490e-01
   9.8855361e-02
   6.3475546e-02
   8.4287201e-02
   1.5469997e-01
   2.6257371e-01
   3.9021852e-01
   5.1855707e-01
   6.2920569e-01
   7.0794312e-01
   7.4679154e-01
   7.4262921e-01
   6.9788416e-01
   6.2018730e-01
   5.1994451e-01
   4.0860215e-01
   2.9691294e-01
   1.9632327e-01
   1.1585154e-01
   6.3822414e-02
   4.6132503e-02
   6.4516135e-02
   1.1897330e-01
   2.0464794e-01
   3.1390913e-01
   4.3531045e-01
   5.5636490e-01
   6.6389178e-01
   7.4540409e-01
   7.9188346e-01
   7.9812695e-01
   7.6309400e-01
   6.9094693e-01
   5.9001041e-01
   4.7173083e-01
   3.4998266e-01
   2.3794658e-01
   1.4602844e-01
   8.2899752e-02
   5.1682277e-02
   5.0988556e-02
   7.7003118e-02
   1.2278877e-01
   1.8071453e-01
   2.4349636e-01
   3.0523760e-01
   3.6108220e-01
   4.0721471e-01
   4.4155394e-01
   4.6236559e-01
   4.6826223e-01
   4.5924384e-01
   4.3635103e-01
   4.0270551e-01
   3.6108220e-01
   3.1703087e-01
   2.7471384e-01
   2.4037461e-01
   2.1713493e-01
   2.0915712e-01
   2.1817551e-01
   2.4453695e-01
   2.8858827e-01
   3.4651405e-01
   4.1519251e-01
   4.8803330e-01
   5.5913979e-01
   6.2053417e-01
   6.6493236e-01
   6.8713146e-01
   6.8296913e-01
   6.5140479e-01
   5.9451960e-01
   5.1751648e-01
   4.2767950e-01
   3.3506764e-01
   2.5008672e-01
   1.8453000e-01
   1.4845647e-01
   1.4949706e-01
   1.8973292e-01
   2.6742976e-01
   3.7391605e-01
   4.9670482e-01
   6.1845300e-01
   7.2355186e-01
   7.9500521e-01
   8.2275408e-01
   8.0194242e-01
   7.3534513e-01
   6.3198057e-01
   5.0676379e-01
   3.7773153e-01
   2.6326743e-01
   1.8036767e-01
   1.4082552e-01
   1.5123135e-01
   2.1089143e-01
   3.1182796e-01
   4.4051335e-01
   5.7960458e-01
   7.1002428e-01
   8.1408255e-01
   8.7859868e-01
   8.9455428e-01
   8.6021506e-01
   7.7974333e-01
   6.6285120e-01
   5.2410683e-01
   3.7946584e-01
   2.4557753e-01
   1.3805065e-01
   6.8331607e-02
   4.5091922e-02
   7.0065902e-02
   1.3909123e-01
   2.4384323e-01
   3.7044745e-01
   5.0468262e-01
   6.2920569e-01
   7.2979535e-01
   7.9569893e-01
   8.1997920e-01
   8.0055498e-01
   7.4193549e-01
   6.5105793e-01
   5.4040930e-01
   4.2212973e-01
   3.1148110e-01
   2.2129726e-01
   1.6024975e-01
   1.3562262e-01
   1.4637531e-01
   1.8903919e-01
   2.5459591e-01
   3.3194589e-01
   4.0790844e-01
   4.7242456e-01
   5.1612904e-01
   5.3416581e-01
   5.2480056e-01
   4.9046133e-01
   4.3600417e-01
   3.6663198e-01
   2.9066944e-01
   2.1436005e-01
   1.4706903e-01
   9.3652448e-02
   5.9313221e-02
   4.7519945e-02
   5.7925772e-02
   8.8449534e-02
   1.3562262e-01
   1.9354839e-01
   2.5633021e-01
   3.1807145e-01
   3.7460978e-01
   4.2143601e-01
   4.5681581e-01
   4.7936178e-01
   4.8803330e-01
   4.8317724e-01
   4.6618106e-01
   4.3843219e-01
   4.0270551e-01
   3.6108221e-01
   3.1772459e-01
   2.7540757e-01
   2.3690600e-01
   2.0534166e-01
   1.8314256e-01
   1.7447104e-01
   1.8106139e-01
   2.0534166e-01
   2.4800555e-01
   3.0731877e-01
   3.8050642e-01
   4.5993757e-01
   5.3763440e-01
   6.0423170e-01
   6.5105793e-01
   6.7082900e-01
   6.6007632e-01
   6.1810614e-01
   5.4942769e-01
   4.6236560e-01
   3.6801943e-01
   2.7887617e-01
   2.0881027e-01
   1.6892126e-01
   1.6718696e-01
   2.0672910e-01
   2.8373223e-01
   3.8952480e-01
   5.1092612e-01
   6.3024627e-01
   7.3118280e-01
   7.9778009e-01
   8.1997920e-01
   7.9361777e-01
   7.2112383e-01
   6.1290323e-01
   4.8352411e-01
   3.5137010e-01
   2.3447797e-01
   1.5088450e-01
   1.1342352e-01
   1.2833853e-01
   1.9528269e-01
   3.0523759e-01
   4.4363510e-01
   5.9105099e-01
   7.2702047e-01
   8.3142560e-01
   8.8935137e-01
   8.9281998e-01
   8.4113770e-01
   7.4158863e-01
   6.0804717e-01
   4.5785640e-01
   3.1113424e-01
   1.8661117e-01
   9.9895943e-02
   6.1047516e-02
   7.4228234e-02
   1.3562262e-01
   2.3621227e-01
   3.6108220e-01
   4.9254249e-01
   6.1220951e-01
   7.0586195e-01
   7.6066597e-01
   7.7176552e-01
   7.3881374e-01
   6.6770726e-01
   5.6815817e-01
   4.5300035e-01
   3.3541450e-01
   2.2788762e-01
   1.4255984e-01
   8.7062085e-02
   6.5903577e-02
   7.9778008e-02
   1.2486993e-01
   1.9285466e-01
   2.7506070e-01
   3.5900104e-01
   4.3357614e-01
   4.9046133e-01
   5.2306626e-01
   5.2826917e-01
   5.0780438e-01
   4.6514048e-01
   4.0652099e-01
   3.3888311e-01
   2.6916407e-01
   2.0464794e-01
   1.5157822e-01
   1.1342352e-01
   9.3305587e-02
   9.2611866e-02
   1.0960804e-01
   1.4186611e-01
   1.8453000e-01
   2.3413112e-01
   2.8511967e-01
   3.3472077e-01
   3.7842526e-01
   4.1519251e-01
   4.4155394e-01
   4.5681582e-01
   4.6028443e-01
   4.5022546e-01
   4.2872008e-01
   3.9680888e-01
   3.5691988e-01
   3.1321540e-01
   2.6951093e-01
   2.3031565e-01
   1.9840444e-01
   1.7689907e-01
   1.6718696e-01
   1.7100243e-01
   1.8938606e-01
   2.2164412e-01
   2.6742976e-01
   3.2396809e-01
   3.8709677e-01
   4.5195977e-01
   5.1092612e-01
   5.5740548e-01
   5.8515436e-01
   5.9001041e-01
   5.6919875e-01
   5.2514741e-01
   4.6201874e-01
   3.8674992e-01
   3.0835935e-01
   2.3794658e-01
   1.8487686e-01
   1.5816858e-01
   1.6337149e-01
   2.0187305e-01
   2.7089837e-01
   3.6316337e-01
   4.6756851e-01
   5.7093306e-01
   6.5972945e-01
   7.2181756e-01
   7.4852585e-01
   7.3638571e-01
   6.8609088e-01
   6.0388484e-01
   5.0017343e-01
   3.8779050e-01
   2.8234478e-01
   1.9875130e-01
   1.4880333e-01
   1.4290669e-01
   1.8383628e-01
   2.6881721e-01
   3.8917794e-01
   5.3035033e-01
   6.7395075e-01
   8.0020812e-01
   8.9212627e-01
   9.3617759e-01
   9.2542491e-01
   8.6056192e-01
   7.4817898e-01
   6.0249740e-01
   4.4051335e-01
   2.8234478e-01
   1.4637531e-01
   4.8907394e-02
   0.0000000e+00
   5.2029213e-03
   6.1741244e-02
   1.6163718e-01
   2.9066944e-01
   4.3253556e-01
   5.6954561e-01
   6.8539716e-01
   7.6760320e-01
   8.0714534e-01
   8.0159556e-01
   7.5268818e-01
   6.6805412e-01
   5.5809921e-01
   4.3773847e-01
   3.1980575e-01
   2.1921610e-01
   1.4706903e-01
   1.0891433e-01
   1.0752689e-01
   1.3839750e-01
   1.9389525e-01
   2.6222685e-01
   3.3090530e-01
   3.8917794e-01
   4.2802636e-01
   4.4224766e-01
   4.3114811e-01
   3.9715574e-01
   3.4512660e-01
   2.8234478e-01
   2.1644121e-01
   1.5504682e-01
   1.0509886e-01
   7.2147072e-02
   5.8272633e-02
   6.5209848e-02
   9.1224417e-02
   1.3250087e-01
   1.8418314e-01
   2.3968089e-01
   2.9448491e-01
   3.4339230e-01
   3.8466875e-01
   4.1588623e-01
   4.3773847e-01
   4.4987861e-01
   4.5369407e-01
   4.4987860e-01
   4.3912592e-01
   4.2282346e-01
   4.0097121e-01
   3.7495665e-01
   3.4547347e-01
   3.1356226e-01
   2.8130420e-01
   2.5147415e-01
   2.2684704e-01
   2.1123829e-01
   2.0881027e-01
   2.2337843e-01
   2.5667708e-01
   3.0766562e-01
   3.7391606e-01
   4.4814430e-01
   5.2133194e-01
   5.8376691e-01
   6.2608394e-01
   6.4065210e-01
   6.2469650e-01
   5.7821714e-01
   5.0745751e-01
   4.1970170e-01
   3.2708984e-01
   2.4314950e-01
   1.7898023e-01
   1.4568159e-01
   1.4984392e-01
   1.9250781e-01
   2.7020465e-01
   3.7356920e-01
   4.9011447e-01
   6.0319113e-01
   6.9788415e-01
   7.6031911e-01
   7.8113077e-01
   7.5685050e-01
   6.9060007e-01
   5.9105099e-01
   4.7311828e-01
   3.5275755e-01
   2.4731183e-01
   1.7204301e-01
   1.3631634e-01
   1.4464100e-01
   1.9320153e-01
   2.7263268e-01
   3.6906001e-01
   4.6687479e-01
   5.5081512e-01
   6.0978148e-01
   6.3891780e-01
   6.3787721e-01
   6.1220951e-01
   5.7058620e-01
   5.2098509e-01
   4.7103711e-01
   4.2525148e-01
   3.8605619e-01
   3.5310441e-01
   3.2604926e-01
   3.0489074e-01
   2.9171003e-01
   2.8928200e-01
   3.0003469e-01
   3.2674298e-01
   3.6906001e-01
   4.2386404e-01
   4.8421783e-01
   5.4110302e-01
   5.8376691e-01
   6.0388485e-01
   5.9417274e-01
   5.5324315e-01
   4.8560528e-01
   3.9923691e-01
   3.0801249e-01
   2.2511273e-01
   1.6406521e-01
   1.3388831e-01
   1.3874437e-01
   1.7551163e-01
   2.3621228e-01
   3.0870621e-01
   3.8050642e-01
   4.3843219e-01
   4.7415887e-01
   4.8178981e-01
   4.6201873e-01
   4.1866112e-01
   3.5726673e-01
   2.8685398e-01
   2.1540063e-01
   1.5157821e-01
   1.0301769e-01
   7.4228234e-02
   6.7637879e-02
   8.3246613e-02
   1.1827957e-01
   1.6753382e-01
   2.2511273e-01
   2.8373222e-01
   3.3749567e-01
   3.8085329e-01
   4.1103018e-01
   4.2663892e-01
   4.2802637e-01
   4.1519250e-01
   3.9091225e-01
   3.5761360e-01
   3.1772459e-01
   2.7540757e-01
   2.3413112e-01
   1.9771072e-01
   1.6961498e-01
   1.5261880e-01
   1.4810961e-01
   1.5539369e-01
   1.7481791e-01
   2.0499480e-01
   2.4419009e-01
   2.9101631e-01
   3.4373916e-01
   3.9958377e-01
   4.5577523e-01
   5.0815124e-01
   5.5254943e-01
   5.8376691e-01
   5.9833507e-01
   5.9243844e-01
   5.6642387e-01
   5.2098508e-01
   4.6028443e-01
   3.8987166e-01
   3.1807145e-01
   2.5390219e-01
   2.0638224e-01
   1.8383628e-01
   1.9216094e-01
   2.3343739e-01
   3.0627818e-01
   4.0305238e-01
   5.1335415e-01
   6.2365591e-01
   7.1938953e-01
   7.8737426e-01
   8.1755117e-01
   8.0471732e-01
   7.5026015e-01
   6.5972945e-01
   5.4491849e-01
   4.2074229e-01
   3.0454387e-01
   2.1227888e-01
   1.5851544e-01
   1.5192508e-01
   1.9597641e-01
   2.8685397e-01
   4.1311135e-01
   5.5809921e-01
   7.0308706e-01
   8.2656955e-01
   9.1155047e-01
   9.4484912e-01
   9.2160944e-01
   8.4391259e-01
   7.2077697e-01
   5.6919875e-01
   4.0756157e-01
   2.5702394e-01
   1.3805064e-01
   6.5209848e-02
   4.8213665e-02
   8.9490115e-02
   1.8244884e-01
   3.1494971e-01
   4.6756851e-01
   6.2053416e-01
   7.5234132e-01
   8.4564690e-01
   8.8831080e-01
   8.7547694e-01
   8.0992022e-01
   7.0031218e-01
   5.6191467e-01
   4.1241763e-01
   2.7124523e-01
   1.5539368e-01
   7.8737427e-02
   4.8907386e-02
   6.7637879e-02
   1.2868539e-01
   2.2095040e-01
   3.2917101e-01
   4.3635103e-01
   5.2688172e-01
   5.8827610e-01
   6.1394381e-01
   6.0284427e-01
   5.5844607e-01
   4.8907389e-01
   4.0548041e-01
   3.1807146e-01
   2.3655914e-01
   1.6926813e-01
   1.2105446e-01
   9.5386757e-02
   9.2611866e-02
   1.0995491e-01
   1.4533472e-01
   1.9216095e-01
   2.4627125e-01
   3.0107527e-01
   3.5310441e-01
   3.9680888e-01
   4.3045439e-01
   4.5126605e-01
   4.5716268e-01
   4.4779744e-01
   4.2317031e-01
   3.8466875e-01
   3.3506764e-01
   2.7852931e-01
   2.2095040e-01
   1.6822754e-01
   1.2625737e-01
   9.9549082e-02
   9.0877557e-02
   1.0058966e-01
   1.2799167e-01
   1.6996185e-01
   2.2268470e-01
   2.8269164e-01
   3.4582033e-01
   4.0860215e-01
   4.6583420e-01
   5.1370101e-01
   5.4908082e-01
   5.6850503e-01
   5.6954561e-01
   5.5220257e-01
   5.1716962e-01
   4.6722165e-01
   4.0652099e-01
   3.4165800e-01
   2.7887617e-01
   2.2545959e-01
   1.8869234e-01
   1.7516476e-01
   1.8834548e-01
   2.3066251e-01
   3.0072841e-01
   3.9091225e-01
   4.9288936e-01
   5.9451960e-01
   6.8192855e-01
   7.4366979e-01
   7.6968436e-01
   7.5546306e-01
   7.0065904e-01
   6.1116892e-01
   4.9774541e-01
   3.7495664e-01
   2.5910510e-01
   1.6684009e-01
   1.1203607e-01
   1.0475200e-01
   1.4776275e-01
   2.3690600e-01
   3.6281651e-01
   5.0745751e-01
   6.5244537e-01
   7.7696844e-01
   8.6368367e-01
   8.9975720e-01
   8.7929241e-01
   8.0506418e-01
   6.8713146e-01
   5.4006243e-01
   3.8432189e-01
   2.4072147e-01
   1.2903226e-01
   6.4169275e-02
   5.5497749e-02
   1.0405828e-01
   2.0291364e-01
   3.3888312e-01
   4.9254249e-01
   6.4273327e-01
   7.6933750e-01
   8.5570586e-01
   8.9108568e-01
   8.7200833e-01
   8.0194242e-01
   6.9094693e-01
   5.5359001e-01
   4.0721471e-01
   2.6881721e-01
   1.5504682e-01
   7.8390567e-02
   4.6826224e-02
   6.2434965e-02
   1.2140132e-01
   2.1436005e-01
   3.2813042e-01
   4.4710372e-01
   5.5532432e-01
   6.3926466e-01
   6.8817205e-01
   6.9788415e-01
   6.6805411e-01
   6.0388485e-01
   5.1439473e-01
   4.1172390e-01
   3.0870621e-01
   2.1852238e-01
   1.5053763e-01
   1.1238293e-01
   1.0613944e-01
   1.3007284e-01
   1.7724593e-01
   2.3933403e-01
   3.0489074e-01
   3.6420396e-01
   4.0929588e-01
   4.3565731e-01
   4.4328824e-01
   4.3392300e-01
   4.1207076e-01
   3.8258759e-01
   3.4963580e-01
   3.1564343e-01
   2.8338537e-01
   2.5355533e-01
   2.2684704e-01
   2.0326049e-01
   1.8418314e-01
   1.7065557e-01
   1.6475893e-01
   1.6788068e-01
   1.8106140e-01
   2.0534166e-01
   2.4106833e-01
   2.8581339e-01
   3.3818939e-01
   3.9299342e-01
   4.4640999e-01
   4.9254250e-01
   5.2584114e-01
   5.4249046e-01
   5.3936872e-01
   5.1578218e-01
   4.7381200e-01
   4.1623309e-01
   3.4894207e-01
   2.7783559e-01
   2.1089143e-01
   1.5574054e-01
   1.2036074e-01
   1.1134236e-01
   1.3284773e-01
   1.8695803e-01
   2.6985779e-01
   3.7565036e-01
   4.9254249e-01
   6.0700659e-01
   7.0516823e-01
   7.7349983e-01
   8.0263615e-01
   7.8702740e-01
   7.2840791e-01
   6.3267430e-01
   5.1161984e-01
   3.8050643e-01
   2.5633022e-01
   1.5608741e-01
   9.4346168e-02
   8.0818590e-02
   1.1932016e-01
   2.0672910e-01
   3.3194589e-01
   4.8005550e-01
   6.3059314e-01
   7.6309401e-01
   8.5917448e-01
   9.0530698e-01
   8.9490114e-01
   8.2934443e-01
   7.1834895e-01
   5.7648283e-01
   4.2421089e-01
   2.8269164e-01
   1.7065557e-01
   1.0440514e-01
   9.2265006e-02
   1.3527576e-01
   2.2545959e-01
   3.4998266e-01
   4.8942075e-01
   6.2192161e-01
   7.2806105e-01
   7.9292404e-01
   8.0679848e-01
   7.6829691e-01
   6.8366286e-01
   5.6468956e-01
   4.2802637e-01
   2.9205688e-01
   1.7308360e-01
   8.6021503e-02
   4.0929589e-02
   4.1276450e-02
   8.4634062e-02
   1.6302463e-01
   2.6430801e-01
   3.7252861e-01
   4.7207770e-01
   5.5012140e-01
   5.9590704e-01
   6.0561915e-01
   5.7960458e-01
   5.2237253e-01
   4.4398197e-01
   3.5518558e-01
   2.6673604e-01
   1.8903920e-01
   1.3076656e-01
   9.6427339e-02
   8.8102673e-02
   1.0440514e-01
   1.4117239e-01
   1.9112036e-01
   2.4765869e-01
   3.0176899e-01
   3.4859521e-01
   3.8362816e-01
   4.0582726e-01
   4.1553937e-01
   4.1553937e-01
   4.0929588e-01
   3.9958377e-01
   3.8744363e-01
   3.7426292e-01
   3.5865418e-01
   3.4027056e-01
   3.1876518e-01
   2.9413805e-01
   2.6673604e-01
   2.3933403e-01
   2.1331946e-01
   1.9250780e-01
   1.7932709e-01
   1.7724592e-01
   1.8834548e-01
   2.1436005e-01
   2.5459591e-01
   3.0731877e-01
   3.6801942e-01
   4.3114811e-01
   4.8976761e-01
   5.3728755e-01
   5.6642386e-01
   5.7336109e-01
   5.5601804e-01
   5.1543531e-01
   4.5612209e-01
   3.8362817e-01
   3.0697190e-01
   2.3621228e-01
   1.8140826e-01
   1.5123135e-01
   1.5261880e-01
   1.8903920e-01
   2.5771766e-01
   3.5275755e-01
   4.6340618e-01
   5.7578911e-01
   6.7464447e-01
   7.4644468e-01
   7.8009019e-01
   7.7107180e-01
   7.1800208e-01
   6.2816511e-01
   5.1127298e-01
   3.8397503e-01
   2.6222685e-01
   1.6371835e-01
   1.0301769e-01
   8.9836983e-02
   1.2937912e-01
   2.1817551e-01
   3.4616719e-01
   4.9705168e-01
   6.5071106e-01
   7.8772112e-01
   8.8796394e-01
   9.3791190e-01
   9.3097469e-01
   8.6749913e-01
   7.5650364e-01
   6.1325009e-01
   4.5681581e-01
   3.0939993e-01
   1.8938606e-01
   1.1377038e-01
   9.1224417e-02
   1.2382934e-01
   2.0464793e-01
   3.2084634e-01
   4.5369407e-01
   5.8237947e-01
   6.8782518e-01
   7.5476934e-01
   7.7384669e-01
   7.4297607e-01
   6.6631981e-01
   5.5601804e-01
   4.2663892e-01
   2.9448491e-01
   1.7724593e-01
   8.8102666e-02
   3.7114117e-02
   2.9483180e-02
   6.3128686e-02
   1.3146029e-01
   2.2268471e-01
   3.2292751e-01
   4.1762053e-01
   4.9462366e-01
   5.4491849e-01
   5.6642387e-01
   5.5948665e-01
   5.3104405e-01
   4.8838016e-01
   4.3981963e-01
   3.9264655e-01
   3.5102324e-01
   3.1668401e-01
   2.8893514e-01
   2.6604232e-01
   2.4661811e-01
   2.2927507e-01
   2.1366632e-01
   2.0083247e-01
   1.9285467e-01
   1.9146722e-01
   1.9667014e-01
   2.0985085e-01
   2.2754076e-01
   2.4765869e-01
   2.6569546e-01
   2.7783559e-01
   2.8026361e-01
   2.7193896e-01
   2.5320846e-01
   2.2615331e-01
   1.9528269e-01
   1.6545265e-01
   1.4082552e-01
   1.2591051e-01
   1.2244190e-01
   1.3215401e-01
   1.5435311e-01
   1.8834547e-01
   2.3274367e-01
   2.8511967e-01
   3.4269858e-01
   4.0062435e-01
   4.5404094e-01
   4.9670482e-01
   5.2237253e-01
   5.2722858e-01
   5.0953868e-01
   4.7034340e-01
   4.1449878e-01
   3.4998266e-01
   2.8685397e-01
   2.3447797e-01
   2.0152619e-01
   1.9354839e-01
   2.1227888e-01
   2.5633021e-01
   3.1945890e-01
   3.9334028e-01
   4.6826223e-01
   5.3312522e-01
   5.8099202e-01
   6.0492542e-01
   6.0319112e-01
   5.7613597e-01
   5.2792230e-01
   4.6340618e-01
   3.8917794e-01
   3.1009365e-01
   2.3309054e-01
   1.6198405e-01
   1.0267083e-01
   6.1047523e-02
   4.3704480e-02
   5.6191470e-02
   1.0267083e-01
   1.8383628e-01
   2.9483177e-01
   4.2594520e-01
   5.6295526e-01
   6.8817204e-01
   7.8390566e-01
   8.3524108e-01
   8.3315991e-01
   7.7592786e-01
   6.7117586e-01
   5.3312522e-01
   3.8154700e-01
   2.3898716e-01
   1.2764481e-01
   6.3475546e-02
   5.6885191e-02
   1.0856747e-01
   2.1123829e-01
   3.4859521e-01
   5.0017343e-01
   6.4412071e-01
   7.5893167e-01
   8.2969130e-01
   8.4772806e-01
   8.1269511e-01
   7.3083593e-01
   6.1533125e-01
   4.8178980e-01
   3.4755463e-01
   2.2823448e-01
   1.3805065e-01
   8.4980930e-02
   7.3187653e-02
   1.0163025e-01
   1.6302463e-01
   2.4869927e-01
   3.4477975e-01
   4.3877905e-01
   5.1855707e-01
   5.7544225e-01
   6.0249740e-01
   6.0006938e-01
   5.6954561e-01
   5.1612904e-01
   4.4779744e-01
   3.7252862e-01
   2.9864724e-01
   2.3274368e-01
   1.8140826e-01
   1.4880333e-01
   1.3701006e-01
   1.4602845e-01
   1.7447104e-01
   2.1817551e-01
   2.7228582e-01
   3.3159903e-01
   3.8952480e-01
   4.4120707e-01
   4.8283038e-01
   5.0953868e-01
   5.1959765e-01
   5.1196670e-01
   4.8629900e-01
   4.4502255e-01
   3.9160597e-01
   3.3090530e-01
   2.6951093e-01
   2.1366632e-01
   1.6926812e-01
   1.4082553e-01
   1.3041970e-01
   1.3735692e-01
   1.6094346e-01
   1.9805758e-01
   2.4488380e-01
   2.9899411e-01
   3.5761360e-01
   4.1692681e-01
   4.7519945e-01
   5.2826917e-01
   5.7232051e-01
   6.0353799e-01
   6.1775929e-01
   6.1255637e-01
   5.8688866e-01
   5.4144988e-01
   4.7901492e-01
   4.0652099e-01
   3.3021158e-01
   2.5979882e-01
   2.0534166e-01
   1.7447104e-01
   1.7377732e-01
   2.0707596e-01
   2.7124523e-01
   3.6073534e-01
   4.6514048e-01
   5.7023934e-01
   6.6215747e-01
   7.2702047e-01
   7.5615678e-01
   7.4366979e-01
   6.9094693e-01
   6.0423171e-01
   4.9462366e-01
   3.7773153e-01
   2.6985779e-01
   1.8695803e-01
   1.4360042e-01
   1.4776275e-01
   2.0187305e-01
   3.0176899e-01
   4.3565730e-01
   5.8688867e-01
   7.3603885e-01
   8.6229623e-01
   9.4935831e-01
   9.8508499e-01
   9.6566077e-01
   8.9351370e-01
   7.7870275e-01
   6.3614290e-01
   4.8456469e-01
   3.4200486e-01
   2.2650017e-01
   1.5123136e-01
   1.2382934e-01
   1.4533472e-01
   2.1123830e-01
   3.1044052e-01
   4.2767950e-01
   5.4665279e-01
   6.4967048e-01
   7.2320500e-01
   7.5789109e-01
   7.4921957e-01
   6.9996531e-01
   6.1637184e-01
   5.0988554e-01
   3.9403400e-01
   2.8373223e-01
   1.9146722e-01
   1.2729796e-01
   9.7814773e-02
   1.0475200e-01
   1.4394728e-01
   2.0846340e-01
   2.8754770e-01
   3.6975373e-01
   4.4432883e-01
   5.0225460e-01
   5.3832813e-01
   5.4977454e-01
   5.3763441e-01
   5.0433577e-01
   4.5473465e-01
   3.9264655e-01
   3.2396809e-01
   2.5390219e-01
   1.8869234e-01
   1.3492890e-01
   9.8161633e-02
   8.4287201e-02
   9.5733618e-02
   1.3423518e-01
   1.9736386e-01
   2.7818245e-01
   3.6940687e-01
   4.6132501e-01
   5.4214360e-01
   6.0388484e-01
   6.3891780e-01
   6.4273327e-01
   6.1498439e-01
   5.5913979e-01
   4.8178980e-01
   3.9160597e-01
   2.9899411e-01
   2.1262574e-01
   1.4047866e-01
   8.8102673e-02
   5.6885191e-02
   4.7173092e-02
   5.7578919e-02
   8.5327783e-02
   1.2764481e-01
   1.8175511e-01
   2.4523067e-01
   3.1460284e-01
   3.8605619e-01
   4.5473465e-01
   5.1474159e-01
   5.6052723e-01
   5.8758238e-01
   5.9209157e-01
   5.7266737e-01
   5.3139092e-01
   4.7207770e-01
   4.0097121e-01
   3.2708984e-01
   2.6014569e-01
   2.0915713e-01
   1.8279569e-01
   1.8695803e-01
   2.2303156e-01
   2.8928200e-01
   3.7842525e-01
   4.7970864e-01
   5.7960457e-01
   6.6458550e-01
   7.2251128e-01
   7.4366979e-01
   7.2389872e-01
   6.6493236e-01
   5.7370794e-01
   4.6201874e-01
   3.4443288e-01
   2.3759972e-01
   1.5712799e-01
   1.1689213e-01
   1.2417621e-01
   1.8210198e-01
   2.8546653e-01
   4.2386404e-01
   5.7995144e-01
   7.3430455e-01
   8.6645855e-01
   9.5907041e-01
   1.0000000e+00
   9.8300382e-01
   9.0981617e-01
   7.9014916e-01
   6.3891780e-01
   4.7589317e-01
   3.2154007e-01
   1.9632327e-01
   1.1585154e-01
   8.9143255e-02
   1.1932016e-01
   1.9979189e-01
   3.1876517e-01
   4.5681581e-01
   5.9451960e-01
   7.1071800e-01
   7.9049602e-01
   8.2240721e-01
   8.0298301e-01
   7.3638571e-01
   6.3232744e-01
   5.0468263e-01
   3.7044745e-01
   2.4592439e-01
   1.4637531e-01
   8.2206031e-02
   5.9660082e-02
   7.8390567e-02
   1.3284773e-01
   2.1331946e-01
   3.0662505e-01
   3.9889005e-01
   4.7658690e-01
   5.3104406e-01
   5.5601804e-01
   5.5185570e-01
   5.2237253e-01
   4.7277142e-01
   4.1276448e-01
   3.4928894e-01
   2.8858827e-01
   2.3621228e-01
   1.9562955e-01
   1.6753382e-01
   1.5296566e-01
   1.5088450e-01
   1.6129032e-01
   1.8279570e-01
   2.1366632e-01
   2.5286160e-01
   2.9830038e-01
   3.4651405e-01
   3.9438086e-01
   4.3669789e-01
   4.6826223e-01
   4.8491155e-01
   4.8213666e-01
   4.5855012e-01
   4.1519251e-01
   3.5691988e-01
   2.9032258e-01
   2.2303156e-01
   1.6337149e-01
   1.1793271e-01
   9.1571278e-02
   8.4634062e-02
   9.7467920e-02
   1.2695109e-01
   1.6996185e-01
   2.2268471e-01
   2.8199792e-01
   3.4339230e-01
   4.0409296e-01
   4.5993757e-01
   5.0607007e-01
   5.3936871e-01
   5.5567118e-01
   5.5150884e-01
   5.2757544e-01
   4.8421783e-01
   4.2525148e-01
   3.5726674e-01
   2.8824141e-01
   2.2684704e-01
   1.8314256e-01
   1.6475894e-01
   1.7724593e-01
   2.2164412e-01
   2.9552550e-01
   3.9125911e-01
   4.9670482e-01
   5.9798821e-01
   6.8088797e-01
   7.3326396e-01
   7.4679154e-01
   7.1904266e-01
   6.5244537e-01
   5.5601804e-01
   4.4328824e-01
   3.2917101e-01
   2.2962193e-01
   1.5851544e-01
   1.2556365e-01
   1.3527576e-01
   1.8557059e-01
   2.6847035e-01
   3.7148804e-01
   4.7970864e-01
   5.7717656e-01
   6.5071107e-01
   6.9129379e-01
   6.9510926e-01
   6.6215748e-01
   5.9902880e-01
   5.1439473e-01
   4.1831426e-01
   3.2292751e-01
   2.3864030e-01
   1.7447104e-01
   1.3909122e-01
   1.3666320e-01
   1.6857440e-01
   2.3135622e-01
   3.1841831e-01
   4.1935484e-01
   5.2029136e-01
   6.0735345e-01
   6.6805412e-01
   6.9372182e-01
   6.7984739e-01
   6.2781825e-01
   5.4457163e-01
   4.4086021e-01
   3.2986472e-01
   2.2615331e-01
   1.4186611e-01
   8.7062092e-02
   6.7291018e-02
   8.3593481e-02
   1.3146029e-01
   2.0256677e-01
   2.8685397e-01
   3.7218175e-01
   4.4779744e-01
   5.0537635e-01
   5.3902185e-01
   5.4665279e-01
   5.3000347e-01
   4.9254249e-01
   4.3877905e-01
   3.7495664e-01
   3.0731876e-01
   2.4245578e-01
   1.8626431e-01
   1.4255984e-01
   1.1654527e-01
   1.0960805e-01
   1.2244190e-01
   1.5331252e-01
   1.9875130e-01
   2.5459591e-01
   3.1529656e-01
   3.7495664e-01
   4.2872008e-01
   4.7138397e-01
   4.9947971e-01
   5.0919182e-01
   5.0017343e-01
   4.7242456e-01
   4.2802636e-01
   3.7218175e-01
   3.1044052e-01
   2.4939299e-01
   1.9632328e-01
   1.5574055e-01
   1.3180715e-01
   1.2591051e-01
   1.3839750e-01
   1.6684010e-01
   2.0985085e-01
   2.6430801e-01
   3.2604926e-01
   3.9229969e-01
   4.5785640e-01
   5.1821020e-01
   5.6746445e-01
   6.0145682e-01
   6.1567812e-01
   6.0839403e-01
   5.7891086e-01
   5.3000347e-01
   4.6583421e-01
   3.9368713e-01
   3.2084634e-01
   2.5702394e-01
   2.1019771e-01
   1.8869234e-01
   1.9701700e-01
   2.3725286e-01
   3.0697190e-01
   4.0027749e-01
   5.0572321e-01
   6.1151579e-01
   7.0378079e-01
   7.6933750e-01
   7.9916753e-01
   7.8806799e-01
   7.3603885e-01
   6.4932362e-01
   5.3832813e-01
   4.1692682e-01
   3.0211585e-01
   2.1019771e-01
   1.5504683e-01
   1.4672217e-01
   1.8903920e-01
   2.7887617e-01
   4.0582727e-01
   5.5359001e-01
   7.0274020e-01
   8.3211933e-01
   9.2369060e-01
   9.6427332e-01
   9.4658343e-01
   8.7270205e-01
   7.5164760e-01
   5.9902880e-01
   4.3496358e-01
   2.8165106e-01
   1.5851544e-01
   8.2206039e-02
   6.2088105e-02
   9.9549082e-02
   1.8730489e-01
   3.1182796e-01
   4.5473465e-01
   5.9417274e-01
   7.1210545e-01
   7.9257718e-01
   8.2656955e-01
   8.1165452e-01
   7.5268818e-01
   6.5764828e-01
   5.3867499e-01
   4.0929587e-01
   2.8269164e-01
   1.7169615e-01
   8.5327783e-02
   3.2258064e-02
   1.7343051e-02
   4.2317031e-02
   1.0440514e-01
   1.9875130e-01
   3.1599029e-01
   4.4467568e-01
   5.7266736e-01
   6.8713147e-01
   7.7835588e-01
   8.3801596e-01
   8.6125565e-01
   8.4703435e-01
   7.9847381e-01
   7.2181756e-01
   6.2504336e-01
   5.1821021e-01
   4.1276449e-01
   3.1807145e-01
   2.4245578e-01
   1.9112036e-01
   1.6579952e-01
   1.6614638e-01
   1.8799862e-01
   2.2545959e-01
   2.7159210e-01
   3.1911203e-01
   3.6073534e-01
   3.9056538e-01
   4.0409296e-01
   3.9958377e-01
   3.7634409e-01
   3.3784253e-01
   2.8824142e-01
   2.3413112e-01
   1.8175511e-01
   1.3735692e-01
   1.0579258e-01
   8.9836976e-02
   9.0877557e-02
   1.0822061e-01
   1.4082552e-01
   1.8591745e-01
   2.4141519e-01
   3.0385015e-01
   3.7010059e-01
   4.3531044e-01
   4.9462365e-01
   5.4283733e-01
   5.7440167e-01
   5.8619494e-01
   5.7509539e-01
   5.4110302e-01
   4.8733958e-01
   4.1796740e-01
   3.4096428e-01
   2.6500173e-01
   1.9944502e-01
   1.5365938e-01
   1.3596948e-01
   1.5053764e-01
   1.9875130e-01
   2.7644815e-01
   3.7565036e-01
   4.8421782e-01
   5.8827611e-01
   6.7464447e-01
   7.3152965e-01
   7.5199446e-01
   7.3326396e-01
   6.7984738e-01
   5.9833507e-01
   4.9947971e-01
   3.9680888e-01
   3.0246271e-01
   2.2858134e-01
   1.8453000e-01
   1.7689907e-01
   2.0672911e-01
   2.7263268e-01
   3.6732571e-01
   4.8005550e-01
   5.9694763e-01
   7.0308706e-01
   7.8425251e-01
   8.2865071e-01
   8.2726326e-01
   7.7939646e-01
   6.8851891e-01
   5.6503642e-01
   4.2351717e-01
   2.8303850e-01
   1.6129032e-01
   7.5962536e-02
   3.7460978e-02
   5.2029130e-02
   1.1619841e-01
   2.2095040e-01
   3.4963580e-01
   4.8352411e-01
   6.0353798e-01
   6.9372182e-01
   7.4228235e-01
   7.4401665e-01
   7.0065904e-01
   6.1949359e-01
   5.1196670e-01
   3.9195283e-01
   2.7436698e-01
   1.7273674e-01
   9.8161641e-02
   5.8272633e-02
   5.4804021e-02
   8.6368371e-02
   1.4602845e-01
   2.2441900e-01
   3.0905307e-01
   3.8952480e-01
   4.5508152e-01
   4.9913285e-01
   5.1855706e-01
   5.1335414e-01
   4.8664586e-01
   4.4190080e-01
   3.8640305e-01
   3.2431495e-01
   2.6222685e-01
   2.0534166e-01
   1.5782171e-01
   1.2382935e-01
   1.0613944e-01
   1.0579258e-01
   1.2348249e-01
   1.5712799e-01
   2.0360735e-01
   2.5910511e-01
   3.1807146e-01
   3.7495664e-01
   4.2490462e-01
   4.6132501e-01
   4.8178980e-01
   4.8283038e-01
   4.6444676e-01
   4.2976066e-01
   3.8224072e-01
   3.2882415e-01
   2.7506071e-01
   2.2754076e-01
   1.9042665e-01
   1.6718695e-01
   1.5851544e-01
   1.6371835e-01
   1.8175512e-01
   2.1158516e-01
   2.5251474e-01
   3.0246271e-01
   3.6004163e-01
   4.2212973e-01
   4.8387097e-01
   5.4006243e-01
   5.8376691e-01
   6.0978148e-01
   6.1290323e-01
   5.9105099e-01
   5.4491849e-01
   4.7936178e-01
   4.0097121e-01
   3.1911203e-01
   2.4523067e-01
   1.8973292e-01
   1.6302463e-01
   1.6996185e-01
   2.1436005e-01
   2.9309747e-01
   3.9819632e-01
   5.1682276e-01
   6.3406174e-01
   7.3395769e-01
   8.0263615e-01
   8.2865071e-01
   8.0818593e-01
   7.4297607e-01
   6.4099896e-01
   5.1543531e-01
   3.8397503e-01
   2.6396115e-01
   1.7377732e-01
   1.2591051e-01
   1.2903226e-01
   1.8453000e-01
   2.8616025e-01
   4.2212973e-01
   5.7440167e-01
   7.2320500e-01
   8.4911551e-01
   9.3513701e-01
   9.6947625e-01
   9.4831773e-01
   8.7304891e-01
   7.5268818e-01
   6.0180368e-01
   4.3843219e-01
   2.8269164e-01
   1.5331252e-01
   6.4862988e-02
   2.8789452e-02
   4.7866813e-02
   1.1723899e-01
   2.2615331e-01
   3.5726674e-01
   4.9115505e-01
   6.0874089e-01
   6.9372182e-01
   7.3534513e-01
   7.2875477e-01
   6.7707250e-01
   5.8792925e-01
   4.7485259e-01
   3.5275755e-01
   2.3655914e-01
   1.4013181e-01
   7.4921955e-02
   4.7173084e-02
   5.8272633e-02
   1.0579258e-01
   1.8106140e-01
   2.7402012e-01
   3.7148803e-01
   4.6097815e-01
   5.3243150e-01
   5.7682969e-01
   5.9105099e-01
   5.7440167e-01
   5.3035033e-01
   4.6479362e-01
   3.8536247e-01
   3.0107527e-01
   2.1990982e-01
   1.5157821e-01
   1.0058966e-01
   7.2840793e-02
   6.9719041e-02
   8.8796394e-02
   1.2625737e-01
   1.7724593e-01
   2.3413112e-01
   2.9136317e-01
   3.4408602e-01
   3.8813735e-01
   4.2247659e-01
   4.4536941e-01
   4.5681581e-01
   4.5716268e-01
   4.4640999e-01
   4.2421089e-01
   3.9264655e-01
   3.5345127e-01
   3.0974680e-01
   2.6569545e-01
   2.2615331e-01
   1.9597641e-01
   1.7967395e-01
   1.8002081e-01
   1.9875130e-01
   2.3551856e-01
   2.8754770e-01
   3.5032952e-01
   4.1727367e-01
   4.8074922e-01
   5.3312522e-01
   5.6815817e-01
   5.8133888e-01
   5.7058620e-01
   5.3728755e-01
   4.8491155e-01
   4.2108915e-01
   3.5345127e-01
   2.8962886e-01
   2.3864030e-01
   2.0638224e-01
   1.9701699e-01
   2.1297260e-01
   2.5286160e-01
   3.1148110e-01
   3.8224072e-01
   4.5542838e-01
   5.2063822e-01
   5.6989248e-01
   5.9521332e-01
   5.9278529e-01
   5.6330212e-01
   5.0953868e-01
   4.3808533e-01
   3.5657302e-01
   2.7332640e-01
   1.9805758e-01
   1.3839750e-01
   1.0267083e-01
   9.6774199e-02
   1.2452307e-01
   1.8730489e-01
   2.8061048e-01
   3.9680888e-01
   5.2480055e-01
   6.4897676e-01
   7.5372876e-01
   8.2414152e-01
   8.4980923e-01
   8.2622269e-01
   7.5476934e-01
   6.4446757e-01
   5.0849809e-01
   3.6489768e-01
   2.3135623e-01
   1.2486993e-01
   5.9313214e-02
   4.2663891e-02
   7.6656265e-02
   1.5643427e-01
   2.7124523e-01
   4.0686785e-01
   5.4491850e-01
   6.6909470e-01
   7.6413458e-01
   8.1859175e-01
   8.2761013e-01
   7.9118974e-01
   7.1453348e-01
   6.0874089e-01
   4.8699272e-01
   3.6385710e-01
   2.5459591e-01
   1.7169615e-01
   1.2313562e-01
   1.1342352e-01
   1.4013180e-01
   1.9632327e-01
   2.7193896e-01
   3.5345127e-01
   4.2872008e-01
   4.8768644e-01
   5.2341311e-01
   5.3243150e-01
   5.1543531e-01
   4.7728061e-01
   4.2317032e-01
   3.5969476e-01
   2.9413805e-01
   2.3239681e-01
   1.8071453e-01
   1.4221297e-01
   1.2140132e-01
   1.1827957e-01
   1.3250087e-01
   1.6198405e-01
   2.0291364e-01
   2.5043358e-01
   3.0072841e-01
   3.4963580e-01
   3.9438085e-01
   4.3253556e-01
   4.6340618e-01
   4.8595213e-01
   4.9913285e-01
   5.0329518e-01
   4.9774540e-01
   4.8213666e-01
   4.5750954e-01
   4.2455775e-01
   3.8605619e-01
   3.4512661e-01
   3.0523760e-01
   2.7089837e-01
   2.4661810e-01
   2.3586542e-01
   2.4245578e-01
   2.6847035e-01
   3.1252168e-01
   3.7252862e-01
   4.4224766e-01
   5.1370101e-01
   5.7856400e-01
   6.2816511e-01
   6.5522027e-01
   6.5556712e-01
   6.2781825e-01
   5.7509539e-01
   5.0294832e-01
   4.2074229e-01
   3.3818939e-01
   2.6604232e-01
   2.1505377e-01
   1.9285466e-01
   2.0395422e-01
   2.4939299e-01
   3.2535554e-01
   4.2282345e-01
   5.3069720e-01
   6.3544918e-01
   7.2320500e-01
   7.8217135e-01
   8.0367673e-01
   7.8494624e-01
   7.2667361e-01
   6.3579604e-01
   5.2375998e-01
   4.0409296e-01
   2.9309746e-01
   2.0568852e-01
   1.5539368e-01
   1.5157822e-01
   1.9632327e-01
   2.8546653e-01
   4.0929588e-01
   5.5012140e-01
   6.8886577e-01
   8.0610476e-01
   8.8449532e-01
   9.1363164e-01
   8.8935137e-01
   8.1547000e-01
   7.0204648e-01
   5.6573014e-01
   4.2421089e-01
   2.9587236e-01
   1.9562955e-01
   1.3527576e-01
   1.1932015e-01
   1.4741589e-01
   2.1262574e-01
   3.0350330e-01
   4.0548041e-01
   5.0364205e-01
   5.8480750e-01
   6.3753035e-01
   6.5660770e-01
   6.3961152e-01
   5.9035726e-01
   5.1474159e-01
   4.2212973e-01
   3.2327437e-01
   2.2996878e-01
   1.5192508e-01
   9.8161633e-02
   7.3534513e-02
   8.1165450e-02
   1.1862643e-01
   1.7967395e-01
   2.5598336e-01
   3.3680195e-01
   4.1103018e-01
   4.6826223e-01
   5.0225460e-01
   5.0953868e-01
   4.9080819e-01
   4.4953174e-01
   3.9195283e-01
   3.2535553e-01
   2.5806452e-01
   1.9701699e-01
   1.4915019e-01
   1.1827957e-01
   1.0718003e-01
   1.1515782e-01
   1.3839750e-01
   1.7377732e-01
   2.1540063e-01
   2.5737080e-01
   2.9587236e-01
   3.2847728e-01
   3.5449185e-01
   3.7426292e-01
   3.8883108e-01
   3.9923691e-01
   4.0617413e-01
   4.0894902e-01
   4.0652099e-01
   3.9715574e-01
   3.8154701e-01
   3.5830732e-01
   3.2986472e-01
   2.9795353e-01
   2.6569546e-01
   2.3725286e-01
   2.1713494e-01
   2.0985085e-01
   2.1748179e-01
   2.4384322e-01
   2.8893514e-01
   3.5171697e-01
   4.2733264e-01
   5.1057926e-01
   5.9209157e-01
   6.6354492e-01
   7.1592091e-01
   7.4297606e-01
   7.3916061e-01
   7.0412764e-01
   6.4099896e-01
   5.5671176e-01
   4.6132501e-01
   3.6836629e-01
