   5.5442177e-01
   5.4459562e-01
   5.3552532e-01
   5.2569917e-01
   5.1511716e-01
   5.0491308e-01
   4.9773243e-01
   4.9735450e-01
   5.0529100e-01
   5.2267573e-01
   5.4761905e-01
   5.7785336e-01
   6.0808768e-01
   6.3303099e-01
   6.4814815e-01
   6.5079365e-01
   6.4172335e-01
   6.2207105e-01
   5.9712774e-01
   5.7218443e-01
   5.5253212e-01
   5.4308390e-01
   5.4610734e-01
   5.6235828e-01
   5.8994709e-01
   6.2585034e-01
   6.6515495e-01
   7.0294785e-01
   7.3507181e-01
   7.5812547e-01
   7.7173091e-01
   7.7475434e-01
   7.7021920e-01
   7.6039305e-01
   7.4867724e-01
   7.3733938e-01
   7.2826909e-01
   7.2260016e-01
   7.2071051e-01
   7.2222222e-01
   7.2600151e-01
   7.3167045e-01
   7.3771731e-01
   7.4489796e-01
   7.5132276e-01
   7.5661375e-01
   7.6152683e-01
   7.6492819e-01
   7.6719577e-01
   7.6795163e-01
   7.6757369e-01
   7.6719577e-01
   7.6757369e-01
   7.6832956e-01
   7.7135299e-01
   7.7551021e-01
   7.8117914e-01
   7.8873772e-01
   7.9667422e-01
   8.0536659e-01
   8.1292518e-01
   8.1934997e-01
   8.2388511e-01
   8.2577476e-01
   8.2464096e-01
   8.2123960e-01
   8.1557067e-01
   8.0876796e-01
   8.0234316e-01
   7.9667422e-01
   7.9213907e-01
   7.9062736e-01
   7.9024944e-01
   7.9251701e-01
   7.9629630e-01
   8.0120937e-01
   8.0687831e-01
   8.1292517e-01
   8.1783825e-01
   8.2161753e-01
   8.2275132e-01
   8.2161754e-01
   8.1708239e-01
   8.0990173e-01
   8.0083144e-01
   7.8987150e-01
   7.7815571e-01
   7.6643991e-01
   7.5510204e-01
   7.4489796e-01
   7.3620559e-01
   7.2902495e-01
   7.2297808e-01
   7.1844293e-01
   7.1466364e-01
   7.1164022e-01
   7.0899471e-01
   7.0634921e-01
   7.0256991e-01
   6.9803478e-01
   6.9387755e-01
   6.8972033e-01
   6.8745276e-01
   6.8707484e-01
   6.9009826e-01
   6.9614513e-01
   7.0408163e-01
   7.1277399e-01
   7.2071051e-01
   7.2448980e-01
   7.2260015e-01
   7.1239607e-01
   6.9425548e-01
   6.6817838e-01
   6.3718820e-01
   6.0393046e-01
   5.7331821e-01
   5.5026456e-01
   5.3892669e-01
   5.4157219e-01
   5.5971277e-01
   5.9108088e-01
   6.3151928e-01
   6.7573696e-01
   7.1655328e-01
   7.4754346e-01
   7.6379441e-01
   7.6190476e-01
   7.4225246e-01
   7.0710507e-01
   6.6137566e-01
   6.1111111e-01
   5.6462585e-01
   5.2872260e-01
   5.0907030e-01
   5.0944822e-01
   5.3023432e-01
   5.6727135e-01
   6.1526833e-01
   6.6553288e-01
   7.0899471e-01
   7.3544973e-01
   7.3922902e-01
   7.1655328e-01
   6.6817838e-01
   5.9939531e-01
   5.1889645e-01
   4.3801966e-01
   3.6848073e-01
   3.2010582e-01
   3.0083145e-01
   3.1292517e-01
   3.5487529e-01
   4.2063492e-01
   5.0151172e-01
   5.8578988e-01
   6.6364323e-01
   7.2562358e-01
   7.6681784e-01
   7.8458050e-01
   7.8117913e-01
   7.6152683e-01
   7.3204837e-01
   6.9954648e-01
   6.7044595e-01
   6.4965987e-01
   6.3907785e-01
   6.4021164e-01
   6.5117158e-01
   6.6969010e-01
   6.9312169e-01
   7.1844293e-01
   7.4187453e-01
   7.6077097e-01
   7.7362056e-01
   7.7891156e-01
   7.7739985e-01
   7.6870749e-01
   7.5623582e-01
   7.4149660e-01
   7.2713530e-01
   7.1504157e-01
   7.0748299e-01
   7.0521542e-01
   7.0748299e-01
   7.1352986e-01
   7.2260016e-01
   7.3204837e-01
   7.3998489e-01
   7.4603175e-01
   7.4716553e-01
   7.4376417e-01
   7.3620559e-01
   7.2486773e-01
   7.1164022e-01
   6.9841270e-01
   6.8669690e-01
   6.7800453e-01
   6.7346939e-01
   6.7384732e-01
   6.7800454e-01
   6.8518519e-01
   6.9463340e-01
   7.0483749e-01
   7.1466364e-01
   7.2260015e-01
   7.2864702e-01
   7.3204837e-01
   7.3318217e-01
   7.3167045e-01
   7.2864701e-01
   7.2448980e-01
   7.1957672e-01
   7.1466364e-01
   7.1088435e-01
   7.0861678e-01
   7.0748299e-01
   7.0786092e-01
   7.0937264e-01
   7.1126228e-01
   7.1315193e-01
   7.1466364e-01
   7.1504157e-01
   7.1315193e-01
   7.0937264e-01
   7.0332577e-01
   6.9576720e-01
   6.8707483e-01
   6.7913832e-01
   6.7384732e-01
   6.7233560e-01
   6.7611489e-01
   6.8631897e-01
   7.0143613e-01
   7.2071051e-01
   7.4074074e-01
   7.5774754e-01
   7.6908541e-01
   7.7097506e-01
   7.6114890e-01
   7.3960695e-01
   7.0672714e-01
   6.6666666e-01
   6.2471656e-01
   5.8616780e-01
   5.5744520e-01
   5.4459561e-01
   5.4950869e-01
   5.7407407e-01
   6.1489040e-01
   6.6666666e-01
   7.2108843e-01
   7.7021920e-01
   8.0498866e-01
   8.1897203e-01
   8.0876795e-01
   7.7437641e-01
   7.1995465e-01
   6.5268329e-01
   5.8201058e-01
   5.1851852e-01
   4.7278912e-01
   4.5162510e-01
   4.5956161e-01
   4.9659864e-01
   5.5744520e-01
   6.3303098e-01
   7.1088435e-01
   7.7928950e-01
   8.2539682e-01
   8.4126984e-01
   8.2199547e-01
   7.6908542e-01
   6.9009826e-01
   5.9637189e-01
   5.0226757e-01
   4.2176872e-01
   3.6734694e-01
   3.4769463e-01
   3.6545729e-01
   4.1761150e-01
   4.9735451e-01
   5.9221467e-01
   6.8972034e-01
   7.7702191e-01
   8.4504912e-01
   8.8775510e-01
   9.0400605e-01
   8.9720333e-01
   8.7301587e-01
   8.4013605e-01
   8.0650038e-01
   7.7815571e-01
   7.5963718e-01
   7.5245654e-01
   7.5623582e-01
   7.6795163e-01
   7.8420257e-01
   8.0120937e-01
   8.1594860e-01
   8.2653062e-01
   8.3144369e-01
   8.3030990e-01
   8.2350718e-01
   8.1368102e-01
   8.0083144e-01
   7.8760393e-01
   7.7475434e-01
   7.6417233e-01
   7.5547997e-01
   7.4943311e-01
   7.4489796e-01
   7.4111866e-01
   7.3809524e-01
   7.3469388e-01
   7.3053666e-01
   7.2524565e-01
   7.1957672e-01
   7.1277400e-01
   7.0672714e-01
   7.0068027e-01
   6.9652305e-01
   6.9349963e-01
   6.9274376e-01
   6.9463341e-01
   6.9916855e-01
   7.0634921e-01
   7.1466364e-01
   7.2448980e-01
   7.3431595e-01
   7.4414211e-01
   7.5359033e-01
   7.6266062e-01
   7.7059712e-01
   7.7777779e-01
   7.8458050e-01
   7.8987150e-01
   7.9402872e-01
   7.9705216e-01
   7.9856386e-01
   7.9856387e-01
   7.9780801e-01
   7.9554044e-01
   7.9327287e-01
   7.9100529e-01
   7.8798186e-01
   7.8571428e-01
   7.8344671e-01
   7.8042328e-01
   7.7702192e-01
   7.7324263e-01
   7.6870749e-01
   7.6266062e-01
   7.5585790e-01
   7.4829932e-01
   7.3998489e-01
   7.3280423e-01
   7.2713530e-01
   7.2524565e-01
   7.2751322e-01
   7.3544974e-01
   7.4754346e-01
   7.6341648e-01
   7.8004536e-01
   7.9478458e-01
   8.0461073e-01
   8.0687831e-01
   7.9931973e-01
   7.8193499e-01
   7.5547997e-01
   7.2335600e-01
   6.8858654e-01
   6.5646259e-01
   6.3227514e-01
   6.1866969e-01
   6.1980347e-01
   6.3454271e-01
   6.6175359e-01
   6.9727891e-01
   7.3620559e-01
   7.7173091e-01
   7.9894180e-01
   8.1368103e-01
   8.1368103e-01
   7.9969766e-01
   7.7324263e-01
   7.3847317e-01
   7.0068028e-01
   6.6591081e-01
   6.3832200e-01
   6.2358277e-01
   6.2320484e-01
   6.3794407e-01
   6.6553288e-01
   7.0181405e-01
   7.4036281e-01
   7.7513227e-01
   7.9818594e-01
   8.0461073e-01
   7.9100529e-01
   7.5774755e-01
   7.0786091e-01
   6.4777022e-01
   5.8578988e-01
   5.2985639e-01
   4.8866213e-01
   4.6825397e-01
   4.7165533e-01
   4.9773243e-01
   5.4308390e-01
   6.0015117e-01
   6.6326531e-01
   7.2260015e-01
   7.7248677e-01
   8.0839003e-01
   8.2955404e-01
   8.3597883e-01
   8.3257748e-01
   8.2312925e-01
   8.1179137e-01
   8.0196523e-01
   7.9591837e-01
   7.9402872e-01
   7.9554044e-01
   7.9894180e-01
   8.0158731e-01
   8.0234316e-01
   8.0045351e-01
   7.9554044e-01
   7.8798186e-01
   7.7853363e-01
   7.6870748e-01
   7.5925925e-01
   7.5094483e-01
   7.4527588e-01
   7.4225246e-01
   7.4187453e-01
   7.4414210e-01
   7.4829932e-01
   7.5434618e-01
   7.6039305e-01
   7.6606198e-01
   7.7135299e-01
   7.7513228e-01
   7.7702192e-01
   7.7702192e-01
   7.7475435e-01
   7.7059712e-01
   7.6417234e-01
   7.5661375e-01
   7.4867725e-01
   7.4074074e-01
   7.3469388e-01
   7.3053666e-01
   7.2864702e-01
   7.2940287e-01
   7.3129252e-01
   7.3469387e-01
   7.3733938e-01
   7.3922902e-01
   7.3960695e-01
   7.3847317e-01
   7.3620559e-01
   7.3280423e-01
   7.2940288e-01
   7.2675738e-01
   7.2486773e-01
   7.2373394e-01
   7.2411187e-01
   7.2562358e-01
   7.2826908e-01
   7.3091459e-01
   7.3356009e-01
   7.3507181e-01
   7.3544974e-01
   7.3431594e-01
   7.3129252e-01
   7.2713530e-01
   7.2146636e-01
   7.1466364e-01
   7.0786092e-01
   7.0068028e-01
   6.9274376e-01
   6.8556311e-01
   6.7913831e-01
   6.7422525e-01
   6.7271352e-01
   6.7460317e-01
   6.8065004e-01
   6.9047619e-01
   7.0219199e-01
   7.1352986e-01
   7.2108843e-01
   7.2146637e-01
   7.1201814e-01
   6.9123205e-01
   6.5873016e-01
   6.1715798e-01
   5.7067271e-01
   5.2494331e-01
   4.8715042e-01
   4.6371883e-01
   4.5918368e-01
   4.7656841e-01
   5.1436130e-01
   5.6840514e-01
   6.3265306e-01
   6.9727891e-01
   7.5359033e-01
   7.9327286e-01
   8.1141345e-01
   8.0536659e-01
   7.7664399e-01
   7.3091459e-01
   6.7498110e-01
   6.1753591e-01
   5.6613757e-01
   5.2834468e-01
   5.0831445e-01
   5.0718065e-01
   5.2380953e-01
   5.5479970e-01
   5.9334845e-01
   6.3340892e-01
   6.6817838e-01
   6.9236583e-01
   7.0332577e-01
   6.9916855e-01
   6.8291762e-01
   6.5646259e-01
   6.2585034e-01
   5.9523810e-01
   5.6953892e-01
   5.5253213e-01
   5.4610734e-01
   5.5102040e-01
   5.6651549e-01
   5.8994710e-01
   6.1904762e-01
   6.5041572e-01
   6.8140589e-01
   7.0823885e-01
   7.3053666e-01
   7.4640967e-01
   7.5661376e-01
   7.6190476e-01
   7.6379441e-01
   7.6379440e-01
   7.6303855e-01
   7.6266062e-01
   7.6341647e-01
   7.6530612e-01
   7.6795163e-01
   7.7097506e-01
   7.7399848e-01
   7.7626606e-01
   7.7664399e-01
   7.7588813e-01
   7.7286470e-01
   7.6870748e-01
   7.6266062e-01
   7.5585790e-01
   7.4829932e-01
   7.4187453e-01
   7.3620559e-01
   7.3242630e-01
   7.3015873e-01
   7.2940288e-01
   7.2940288e-01
   7.2902494e-01
   7.2902495e-01
   7.2826909e-01
   7.2675737e-01
   7.2486773e-01
   7.2335600e-01
   7.2222223e-01
   7.2184430e-01
   7.2260015e-01
   7.2373394e-01
   7.2562358e-01
   7.2789115e-01
   7.3015873e-01
   7.3167045e-01
   7.3242630e-01
   7.3204837e-01
   7.3015873e-01
   7.2751322e-01
   7.2486772e-01
   7.2222222e-01
   7.1995465e-01
   7.1844293e-01
   7.1844293e-01
   7.1919879e-01
   7.2033258e-01
   7.2184430e-01
   7.2373393e-01
   7.2524565e-01
   7.2713530e-01
   7.2940287e-01
   7.3204837e-01
   7.3507180e-01
   7.3847317e-01
   7.4149660e-01
   7.4414211e-01
   7.4565381e-01
   7.4603175e-01
   7.4452003e-01
   7.4149660e-01
   7.3696145e-01
   7.3091459e-01
   7.2411186e-01
   7.1730915e-01
   7.1164022e-01
   7.0786092e-01
   7.0672713e-01
   7.0975057e-01
   7.1617536e-01
   7.2562358e-01
   7.3696145e-01
   7.4754346e-01
   7.5510204e-01
   7.5661375e-01
   7.5094482e-01
   7.3658352e-01
   7.1277399e-01
   6.8216175e-01
   6.4739229e-01
   6.1224490e-01
   5.8125473e-01
   5.5895692e-01
   5.4875283e-01
   5.5253213e-01
   5.7105064e-01
   6.0090703e-01
   6.3832199e-01
   6.7800454e-01
   7.1277400e-01
   7.3771732e-01
   7.4867725e-01
   7.4414210e-01
   7.2448979e-01
   6.9312169e-01
   6.5495087e-01
   6.1564626e-01
   5.8238851e-01
   5.5895692e-01
   5.4913077e-01
   5.5442177e-01
   5.7369615e-01
   6.0355254e-01
   6.3945578e-01
   6.7611489e-01
   7.0748299e-01
   7.2902494e-01
   7.3771731e-01
   7.3318216e-01
   7.1579743e-01
   6.8934241e-01
   6.5835223e-01
   6.2773999e-01
   6.0279667e-01
   5.8654573e-01
   5.8201058e-01
   5.8956916e-01
   6.0770975e-01
   6.3416478e-01
   6.6439909e-01
   6.9501134e-01
   7.2222222e-01
   7.4300831e-01
   7.5510204e-01
   7.5888133e-01
   7.5472412e-01
   7.4452003e-01
   7.3167045e-01
   7.1882086e-01
   7.0710506e-01
   6.9916855e-01
   6.9501134e-01
   6.9538927e-01
   6.9879062e-01
   7.0521542e-01
   7.1315193e-01
   7.2146636e-01
   7.2940288e-01
   7.3582767e-01
   7.4074074e-01
   7.4225246e-01
   7.4225246e-01
   7.3885109e-01
   7.3393802e-01
   7.2789115e-01
   7.2184429e-01
   7.1730914e-01
   7.1541950e-01
   7.1579744e-01
   7.1919879e-01
   7.2524565e-01
   7.3242630e-01
   7.4036282e-01
   7.4754346e-01
   7.5207860e-01
   7.5321240e-01
   7.5056690e-01
   7.4300831e-01
   7.3204837e-01
   7.1768708e-01
   7.0181406e-01
   6.8556311e-01
   6.7082388e-01
   6.5910808e-01
   6.5117158e-01
   6.4701436e-01
   6.4701436e-01
   6.5079365e-01
   6.5721844e-01
   6.6515495e-01
   6.7346939e-01
   6.8178382e-01
   6.8858654e-01
   6.9312169e-01
   6.9463340e-01
   6.9387755e-01
   6.9085412e-01
   6.8707484e-01
   6.8291762e-01
   6.8027211e-01
   6.8065004e-01
   6.8367346e-01
   6.8972033e-01
   6.9803477e-01
   7.0672714e-01
   7.1390779e-01
   7.1730915e-01
   7.1617536e-01
   7.0823884e-01
   6.9387755e-01
   6.7460318e-01
   6.5154951e-01
   6.2811791e-01
   6.0846560e-01
   5.9523809e-01
   5.9183674e-01
   5.9977324e-01
   6.1866969e-01
   6.4625850e-01
   6.7838247e-01
   7.0899471e-01
   7.3242631e-01
   7.4263039e-01
   7.3544973e-01
   7.1012850e-01
   6.6780045e-01
   6.1224490e-01
   5.5064248e-01
   4.9092971e-01
   4.4255480e-01
   4.1269841e-01
   4.0702948e-01
   4.2743764e-01
   4.7316705e-01
   5.3741497e-01
   6.1224491e-01
   6.8631897e-01
   7.4943311e-01
   7.9138322e-01
   8.0612245e-01
   7.9062736e-01
   7.4829932e-01
   6.8518519e-01
   6.1186697e-01
   5.3854876e-01
   4.7694634e-01
   4.3575208e-01
   4.2101285e-01
   4.3386244e-01
   4.7089948e-01
   5.2683295e-01
   5.9297052e-01
   6.5910809e-01
   7.1730915e-01
   7.6190477e-01
   7.8835978e-01
   7.9743008e-01
   7.9176115e-01
   7.7702192e-01
   7.5812548e-01
   7.3998489e-01
   7.2751322e-01
   7.2222223e-01
   7.2486773e-01
   7.3431594e-01
   7.4829932e-01
   7.6492819e-01
   7.8117914e-01
   7.9516251e-01
   8.0574452e-01
   8.1141345e-01
   8.1216931e-01
   8.0839003e-01
   8.0007559e-01
   7.8760392e-01
   7.7324263e-01
   7.5661375e-01
   7.4074074e-01
   7.2637944e-01
   7.1466364e-01
   7.0672713e-01
   7.0294785e-01
   7.0332577e-01
   7.0786092e-01
   7.1504157e-01
   7.2448979e-01
   7.3393802e-01
   7.4263039e-01
   7.4943311e-01
   7.5359032e-01
   7.5547997e-01
   7.5510204e-01
   7.5321240e-01
   7.5094482e-01
   7.4943311e-01
   7.4867725e-01
   7.4829931e-01
   7.4867725e-01
   7.4981103e-01
   7.5018896e-01
   7.5094482e-01
   7.5094482e-01
   7.5056689e-01
   7.5018896e-01
   7.4943311e-01
   7.4867725e-01
   7.4792139e-01
   7.4716553e-01
   7.4603174e-01
   7.4452004e-01
   7.4300831e-01
   7.4111867e-01
   7.3885109e-01
   7.3620559e-01
   7.3356009e-01
   7.3091458e-01
   7.2864702e-01
   7.2637944e-01
   7.2524565e-01
   7.2562358e-01
   7.2637944e-01
   7.2826909e-01
   7.3015873e-01
   7.3129252e-01
   7.3167045e-01
   7.3053666e-01
   7.2826908e-01
   7.2600151e-01
   7.2373394e-01
   7.2297808e-01
   7.2373394e-01
   7.2600151e-01
   7.2864702e-01
   7.3091459e-01
   7.3015873e-01
   7.2411187e-01
   7.1201814e-01
   6.9274377e-01
   6.6704459e-01
   6.3681028e-01
   6.0582011e-01
   5.7823129e-01
   5.5933485e-01
   5.5328798e-01
   5.6160242e-01
   5.8541195e-01
   6.2244898e-01
   6.6742253e-01
   7.1390779e-01
   7.5434618e-01
   7.8193500e-01
   7.9176114e-01
   7.8117914e-01
   7.5018896e-01
   7.0294785e-01
   6.4588058e-01
   5.8654573e-01
   5.3363567e-01
   4.9546486e-01
   4.7770220e-01
   4.8374906e-01
   5.1360544e-01
   5.6273621e-01
   6.2358277e-01
   6.8707484e-01
   7.4187453e-01
   7.7815571e-01
   7.8911565e-01
   7.7059713e-01
   7.2448980e-01
   6.5532880e-01
   5.7407407e-01
   4.9092971e-01
   4.1950113e-01
   3.7037037e-01
   3.5071806e-01
   3.6432351e-01
   4.0778533e-01
   4.7619048e-01
   5.5933485e-01
   6.4625850e-01
   7.2562358e-01
   7.8911565e-01
   8.3068783e-01
   8.4958427e-01
   8.4769463e-01
   8.2993197e-01
   8.0347695e-01
   7.7475435e-01
   7.4943311e-01
   7.3129252e-01
   7.2184430e-01
   7.2146637e-01
   7.2751323e-01
   7.3771731e-01
   7.4943311e-01
   7.6039305e-01
   7.6946334e-01
   7.7475434e-01
   7.7626605e-01
   7.7437641e-01
   7.7059712e-01
   7.6530612e-01
   7.6001512e-01
   7.5510204e-01
   7.5207861e-01
   7.5170068e-01
   7.5321240e-01
   7.5623582e-01
   7.6114890e-01
   7.6681784e-01
   7.7210884e-01
   7.7664399e-01
   7.8080120e-01
   7.8269085e-01
   7.8306878e-01
   7.8155706e-01
   7.7928949e-01
   7.7626605e-01
   7.7324263e-01
   7.7135299e-01
   7.7135299e-01
   7.7324263e-01
   7.7626606e-01
   7.8155707e-01
   7.8609221e-01
   7.8987150e-01
   7.9138322e-01
   7.8949357e-01
   7.8495843e-01
   7.7664399e-01
   7.6606198e-01
   7.5396825e-01
   7.4225246e-01
   7.3129252e-01
   7.2297808e-01
   7.1768708e-01
   7.1693122e-01
   7.1995465e-01
   7.2637944e-01
   7.3507180e-01
   7.4452003e-01
   7.5321240e-01
   7.5925925e-01
   7.6228270e-01
   7.6114890e-01
   7.5661376e-01
   7.4829932e-01
   7.3771731e-01
   7.2562358e-01
   7.1239606e-01
   6.9954648e-01
   6.8783068e-01
   6.7838247e-01
   6.7195768e-01
   6.6931217e-01
   6.7157975e-01
   6.7876039e-01
   6.8972033e-01
   7.0294785e-01
   7.1579744e-01
   7.2562358e-01
   7.2940288e-01
   7.2373393e-01
   7.0748299e-01
   6.8065004e-01
   6.4399093e-01
   6.0241874e-01
   5.6009070e-01
   5.2343160e-01
   4.9773243e-01
   4.8828421e-01
   4.9735451e-01
   5.2532124e-01
   5.6878307e-01
   6.2244898e-01
   6.7762660e-01
   7.2637944e-01
   7.6039305e-01
   7.7475434e-01
   7.6643991e-01
   7.3620559e-01
   6.8745276e-01
   6.2849584e-01
   5.6727136e-01
   5.1360544e-01
   4.7656840e-01
   4.6182918e-01
   4.7354497e-01
   5.0982615e-01
   5.6651549e-01
   6.3416478e-01
   7.0219199e-01
   7.5812547e-01
   7.9062737e-01
   7.9176115e-01
   7.5774754e-01
   6.9009826e-01
   5.9750567e-01
   4.9092971e-01
   3.8548752e-01
   2.9591837e-01
   2.3582767e-01
   2.1352986e-01
   2.3204838e-01
   2.8798186e-01
   3.7339381e-01
   4.7543462e-01
   5.7974301e-01
   6.7233560e-01
   7.4300831e-01
   7.8571428e-01
   7.9931973e-01
   7.8798186e-01
   7.5925926e-01
   7.2146637e-01
   6.8442933e-01
   6.5608466e-01
   6.4058957e-01
   6.3983371e-01
   6.5306122e-01
   6.7649282e-01
   7.0634921e-01
   7.3885110e-01
   7.6946334e-01
   7.9629629e-01
   8.1746031e-01
   8.3257748e-01
   8.4202570e-01
   8.4731670e-01
   8.4845049e-01
   8.4807256e-01
   8.4618292e-01
   8.4391535e-01
   8.4089191e-01
   8.3824640e-01
   8.3484505e-01
   8.3144368e-01
   8.2804232e-01
   8.2464097e-01
   8.2123961e-01
   8.1821617e-01
   8.1557067e-01
   8.1292517e-01
   8.0990173e-01
   8.0612245e-01
   8.0158730e-01
   7.9629629e-01
   7.9062736e-01
   7.8533636e-01
   7.8080121e-01
   7.7777778e-01
   7.7626606e-01
   7.7664398e-01
   7.7891156e-01
   7.8231292e-01
   7.8684808e-01
   7.9176115e-01
   7.9629630e-01
   7.9969766e-01
   8.0158730e-01
   8.0234316e-01
   8.0045351e-01
   7.9629629e-01
   7.9100529e-01
   7.8382464e-01
   7.7702192e-01
   7.6984127e-01
   7.6417234e-01
   7.5925926e-01
   7.5547998e-01
   7.5321240e-01
   7.5094482e-01
   7.4981103e-01
   7.4829931e-01
   7.4678760e-01
   7.4489796e-01
   7.4187453e-01
   7.3809524e-01
   7.3280423e-01
   7.2713530e-01
   7.2146637e-01
   7.1730914e-01
   7.1617536e-01
   7.1882086e-01
   7.2637944e-01
   7.3733938e-01
   7.5018897e-01
   7.6152684e-01
   7.6757369e-01
   7.6303855e-01
   7.4527588e-01
   7.1201814e-01
   6.6250945e-01
   6.0015117e-01
   5.3174603e-01
   4.6371882e-01
   4.0627363e-01
   3.6696901e-01
   3.5411943e-01
   3.6999244e-01
   4.1458806e-01
   4.8185942e-01
   5.6387000e-01
   6.4814815e-01
   7.2373394e-01
   7.7928949e-01
   8.0801209e-01
   8.0650038e-01
   7.7626606e-01
   7.2373393e-01
   6.5797430e-01
   5.8994710e-01
   5.3099017e-01
   4.9017385e-01
   4.7430084e-01
   4.8563870e-01
   5.2229781e-01
   5.7898715e-01
   6.4663643e-01
   7.1466364e-01
   7.7173091e-01
   8.0876796e-01
   8.1897203e-01
   8.0007559e-01
   7.5359033e-01
   6.8669690e-01
   6.0733183e-01
   5.2796675e-01
   4.6031746e-01
   4.1269841e-01
   3.9266818e-01
   4.0211641e-01
   4.3915344e-01
   4.9811035e-01
   5.7029479e-01
   6.4550265e-01
   7.1466364e-01
   7.6984127e-01
   8.0612245e-01
   8.2199547e-01
   8.1897203e-01
   8.0158730e-01
   7.7551021e-01
   7.4716553e-01
   7.2146636e-01
   7.0256992e-01
   6.9274376e-01
   6.9160998e-01
   6.9841270e-01
   7.1164022e-01
   7.2826909e-01
   7.4603174e-01
   7.6303855e-01
   7.7739985e-01
   7.8835979e-01
   7.9591836e-01
   7.9894179e-01
   7.9969766e-01
   7.9780802e-01
   7.9554044e-01
   7.9365079e-01
   7.9213908e-01
   7.9213908e-01
   7.9365079e-01
   7.9554044e-01
   7.9780801e-01
   7.9856387e-01
   7.9818594e-01
   7.9591836e-01
   7.9251701e-01
   7.8684807e-01
   7.8080121e-01
   7.7399848e-01
   7.6757369e-01
   7.6190476e-01
   7.5812548e-01
   7.5623582e-01
   7.5699168e-01
   7.5888133e-01
   7.6228270e-01
   7.6643991e-01
   7.7021920e-01
   7.7362056e-01
   7.7513227e-01
   7.7551021e-01
   7.7475434e-01
   7.7248677e-01
   7.6908542e-01
   7.6530612e-01
   7.6114891e-01
   7.5736962e-01
   7.5396825e-01
   7.5207860e-01
   7.5094482e-01
   7.5132275e-01
   7.5359033e-01
   7.5661375e-01
   7.6039305e-01
   7.6417234e-01
   7.6719577e-01
   7.6946334e-01
   7.7059713e-01
   7.7021920e-01
   7.6870748e-01
   7.6606198e-01
   7.6266062e-01
   7.5850340e-01
   7.5434617e-01
   7.5094482e-01
   7.4829932e-01
   7.4792139e-01
   7.5094482e-01
   7.5585790e-01
   7.6303855e-01
   7.7097506e-01
   7.7664399e-01
   7.7815571e-01
   7.7210884e-01
   7.5623583e-01
   7.2902495e-01
   6.9198791e-01
   6.4625850e-01
   5.9637189e-01
   5.4875283e-01
   5.0869237e-01
   4.8299319e-01
   4.7656841e-01
   4.9168556e-01
   5.2796674e-01
   5.8163265e-01
   6.4512472e-01
   7.0975057e-01
   7.6606198e-01
   8.0423280e-01
   8.1934996e-01
   8.0763416e-01
   7.7059713e-01
   7.1352986e-01
   6.4512472e-01
   5.7596372e-01
   5.1587301e-01
   4.7430084e-01
   4.5842781e-01
   4.7014361e-01
   5.0831444e-01
   5.6689343e-01
   6.3756614e-01
   7.0937264e-01
   7.7210884e-01
   8.1670445e-01
   8.3673469e-01
   8.3030991e-01
   7.9969766e-01
   7.5056689e-01
   6.9236583e-01
   6.3454271e-01
   5.8578988e-01
   5.5404384e-01
   5.4383976e-01
   5.5706727e-01
   5.8956917e-01
   6.3794407e-01
   6.9463341e-01
   7.5245653e-01
   8.0423281e-01
   8.4542706e-01
   8.7226002e-01
   8.8510959e-01
   8.8510960e-01
   8.7566137e-01
   8.6016628e-01
   8.4391534e-01
   8.2842026e-01
   8.1670446e-01
   8.0952380e-01
   8.0612245e-01
   8.0650038e-01
   8.0952381e-01
   8.1481482e-01
   8.2048375e-01
   8.2653062e-01
   8.3295540e-01
   8.3786848e-01
   8.4126984e-01
   8.4202570e-01
   8.3938020e-01
   8.3333333e-01
   8.2426304e-01
   8.1292518e-01
   8.0083144e-01
   7.8949357e-01
   7.7966743e-01
   7.7324263e-01
   7.7097506e-01
   7.7286470e-01
   7.7777778e-01
   7.8609221e-01
   7.9478458e-01
   8.0272108e-01
   8.0839002e-01
   8.1103553e-01
   8.0990174e-01
   8.0574452e-01
   7.9931972e-01
   7.9251700e-01
   7.8609221e-01
   7.8231293e-01
   7.8155706e-01
   7.8382464e-01
   7.8798186e-01
   7.9365079e-01
   7.9931973e-01
   8.0385488e-01
   8.0574452e-01
   8.0461073e-01
   8.0045351e-01
   7.9289494e-01
   7.8344671e-01
   7.7248678e-01
   7.6190476e-01
   7.5321239e-01
   7.4867725e-01
   7.4905518e-01
   7.5434618e-01
   7.6492819e-01
   7.7966743e-01
   7.9629630e-01
   8.1254725e-01
   8.2577475e-01
   8.3408919e-01
   8.3597883e-01
   8.3068784e-01
   8.1821617e-01
   8.0083144e-01
   7.7928950e-01
   7.5812548e-01
   7.3922902e-01
   7.2713530e-01
   7.2373393e-01
   7.3015872e-01
   7.4716553e-01
   7.7210885e-01
   8.0045351e-01
   8.2766439e-01
   8.4807257e-01
   8.5525322e-01
   8.4580499e-01
   8.1783825e-01
   7.7173091e-01
   7.1126228e-01
   6.4323507e-01
   5.7482994e-01
   5.1549509e-01
   4.7278912e-01
   4.5275889e-01
   4.5842781e-01
   4.8866214e-01
   5.3817082e-01
   5.9977324e-01
   6.6326531e-01
   7.1957672e-01
   7.5925926e-01
   7.7739985e-01
   7.7324264e-01
   7.4716553e-01
   7.0597127e-01
   6.5759637e-01
   6.0997733e-01
   5.7180650e-01
   5.4913076e-01
   5.4572941e-01
   5.6235828e-01
   5.9599395e-01
   6.4247922e-01
   6.9538927e-01
   7.4867725e-01
   7.9516251e-01
   8.3219955e-01
   8.5600907e-01
   8.6621316e-01
   8.6356765e-01
   8.5185185e-01
   8.3333333e-01
   8.1179138e-01
   7.9100530e-01
   7.7210884e-01
   7.5736961e-01
   7.4754346e-01
   7.4376417e-01
   7.4452003e-01
   7.5018897e-01
   7.5888133e-01
   7.6870748e-01
   7.7891156e-01
   7.8760392e-01
   7.9327287e-01
   7.9591837e-01
   7.9516251e-01
   7.9138322e-01
   7.8647014e-01
   7.8117914e-01
   7.7588813e-01
   7.7210884e-01
   7.7021919e-01
   7.7021920e-01
   7.7059713e-01
   7.7210884e-01
   7.7286470e-01
   7.7286470e-01
   7.7097506e-01
   7.6795162e-01
   7.6228269e-01
   7.5585790e-01
   7.4867725e-01
   7.4111867e-01
   7.3507180e-01
   7.3015873e-01
   7.2713530e-01
   7.2600151e-01
   7.2562358e-01
   7.2600152e-01
   7.2562358e-01
   7.2411187e-01
   7.2146636e-01
   7.1693121e-01
   7.1164022e-01
   7.0483749e-01
   6.9879062e-01
   6.9274376e-01
   6.8745276e-01
   6.8329554e-01
   6.8027211e-01
   6.7876039e-01
   6.7838247e-01
   6.7800453e-01
   6.7762661e-01
   6.7687074e-01
   6.7498110e-01
   6.7120181e-01
   6.6591080e-01
   6.5910809e-01
   6.5117158e-01
   6.4285715e-01
   6.3454271e-01
   6.2622827e-01
   6.1904762e-01
   6.1300075e-01
   6.0808768e-01
   6.0506425e-01
   6.0468632e-01
   6.0733182e-01
   6.1375661e-01
   6.2320484e-01
   6.3529856e-01
   6.4814815e-01
   6.5948602e-01
   6.6628873e-01
   6.6628874e-01
   6.5608466e-01
   6.3454271e-01
   6.0279667e-01
   5.6198035e-01
   5.1625095e-01
   4.7203326e-01
   4.3613000e-01
   4.1458805e-01
   4.1269842e-01
   4.3348451e-01
   4.7694634e-01
   5.3854876e-01
   6.1148904e-01
   6.8594104e-01
   7.5132275e-01
   7.9818594e-01
   8.2010582e-01
   8.1216931e-01
   7.7626605e-01
   7.1806501e-01
   6.4588058e-01
   5.7067271e-01
   5.0529100e-01
   4.6031746e-01
   4.4331066e-01
   4.5804989e-01
   5.0340137e-01
   5.7294029e-01
   6.5646259e-01
   7.4187453e-01
   8.1557067e-01
   8.6621316e-01
   8.8662131e-01
   8.7301587e-01
   8.2842026e-01
   7.5963719e-01
   6.7800453e-01
   5.9599395e-01
   5.2607710e-01
   4.7883598e-01
   4.6069539e-01
   4.7430083e-01
   5.1662887e-01
   5.8238851e-01
   6.6137566e-01
   7.4376417e-01
   8.1897203e-01
   8.7944067e-01
   9.2063492e-01
   9.4066515e-01
   9.4104308e-01
   9.2554799e-01
   9.0060469e-01
   8.7150416e-01
   8.4429327e-01
   8.2275131e-01
   8.0952380e-01
   8.0574452e-01
   8.1027967e-01
   8.2199547e-01
   8.3673470e-01
   8.5147392e-01
   8.6243386e-01
   8.6545729e-01
   8.5865457e-01
   8.4013605e-01
   8.0990174e-01
   7.7173091e-01
   7.2902495e-01
   6.8745276e-01
   6.5268330e-01
   6.3000756e-01
   6.2320484e-01
   6.3340891e-01
   6.6099774e-01
   7.0219199e-01
   7.5283447e-01
   8.0687831e-01
   8.5941044e-01
   9.0438397e-01
   9.3877551e-01
   9.6107332e-01
   9.7052154e-01
   9.6976569e-01
   9.6145125e-01
   9.4897959e-01
   9.3613000e-01
   9.2554799e-01
   9.1836735e-01
   9.1609977e-01
   9.1723356e-01
   9.2176870e-01
   9.2781557e-01
   9.3424036e-01
   9.3915344e-01
   9.4255479e-01
   9.4368859e-01
   9.4217686e-01
   9.3801965e-01
   9.3272865e-01
   9.2630385e-01
   9.2025699e-01
   9.1572184e-01
   9.1383220e-01
   9.1383220e-01
   9.1723356e-01
   9.2176870e-01
   9.2781557e-01
   9.3310657e-01
   9.3650793e-01
   9.3688587e-01
   9.3386243e-01
   9.2705971e-01
   9.1798941e-01
   9.0665154e-01
   8.9493575e-01
   8.8321995e-01
   8.7301587e-01
   8.6659108e-01
   8.6356764e-01
   8.6470143e-01
   8.7074830e-01
   8.8057445e-01
   8.9229025e-01
   9.0438397e-01
   9.1458806e-01
   9.1950113e-01
   9.1761148e-01
   9.0551776e-01
   8.8321995e-01
   8.5109599e-01
   8.1027967e-01
   7.6492819e-01
   7.1995465e-01
   6.8027211e-01
   6.5268329e-01
   6.4172335e-01
   6.4965986e-01
   6.7724868e-01
   7.2033258e-01
   7.7362056e-01
   8.2842026e-01
   8.7528345e-01
   9.0476190e-01
   9.1043084e-01
   8.8813303e-01
   8.3900227e-01
   7.6832955e-01
   6.8480726e-01
   5.9977324e-01
   5.2607710e-01
   4.7505670e-01
   4.5578231e-01
   4.7203326e-01
   5.2267573e-01
   6.0166288e-01
   6.9690098e-01
   7.9516251e-01
   8.8057445e-01
   9.4028723e-01
   9.6523053e-01
   9.5049131e-01
   8.9947090e-01
   8.1934997e-01
   7.2373394e-01
   6.2698413e-01
   5.4383976e-01
   4.8790627e-01
   4.6636433e-01
   4.8185941e-01
   5.3174604e-01
   6.0808768e-01
   6.9916855e-01
   7.9251701e-01
   8.7641723e-01
   9.4142101e-01
   9.8299320e-01
   1.0000000e+00
   9.9546485e-01
   9.7505668e-01
   9.4671201e-01
   9.1761149e-01
   8.9342403e-01
   8.7717310e-01
   8.6999244e-01
   8.7188209e-01
   8.7981859e-01
   8.9191232e-01
   9.0400605e-01
   9.1458805e-01
   9.2252456e-01
   9.2592593e-01
   9.2479213e-01
   9.2025699e-01
   9.1307634e-01
   9.0400605e-01
   8.9380197e-01
   8.8435374e-01
   8.7603931e-01
   8.6848072e-01
   8.6243386e-01
   8.5827664e-01
   8.5563114e-01
   8.5374149e-01
   8.5336356e-01
   8.5336356e-01
   8.5336356e-01
   8.5374149e-01
   8.5449735e-01
   8.5411942e-01
   8.5260771e-01
   8.5034013e-01
   8.4769463e-01
   8.4504913e-01
   8.4315949e-01
   8.4202570e-01
   8.4240363e-01
   8.4353742e-01
   8.4580499e-01
   8.4845050e-01
   8.4996221e-01
   8.5147392e-01
   8.5071807e-01
   8.4845050e-01
   8.4353741e-01
   8.3711263e-01
   8.2917611e-01
   8.2010582e-01
   8.1027967e-01
   8.0158731e-01
   7.9402872e-01
   7.8835979e-01
   7.8458050e-01
   7.8382464e-01
   7.8458050e-01
   7.8609221e-01
   7.8835979e-01
   7.9062736e-01
   7.9213908e-01
   7.9289494e-01
   7.9213908e-01
   7.8987150e-01
   7.8571428e-01
   7.7966742e-01
   7.7210884e-01
   7.6341648e-01
   7.5434618e-01
   7.4716553e-01
   7.4187453e-01
   7.4074074e-01
   7.4376417e-01
   7.5056689e-01
   7.6001512e-01
   7.6870749e-01
   7.7399849e-01
   7.7135299e-01
   7.5774754e-01
   7.3129252e-01
   6.9198791e-01
   6.4285714e-01
   5.8843537e-01
   5.3590325e-01
   4.9244142e-01
   4.6598639e-01
   4.6220711e-01
   4.8337113e-01
   5.2872260e-01
   5.9183673e-01
   6.6553288e-01
   7.3809524e-01
   7.9856386e-01
   8.3786848e-01
   8.4845049e-01
   8.2842026e-01
   7.7891157e-01
   7.0672714e-01
   6.2169312e-01
   5.3514740e-01
   4.5880574e-01
   4.0362812e-01
   3.7755103e-01
   3.8473167e-01
   4.2290249e-01
   4.8601663e-01
   5.6349207e-01
   6.4172335e-01
   7.0521542e-01
   7.4036282e-01
   7.3696145e-01
   6.9160998e-01
   6.0506425e-01
   4.8752835e-01
   3.5260771e-01
   2.1957672e-01
   1.0619804e-01
   2.9100537e-02
   0.0000000e+00
   2.3053674e-02
   9.5238098e-02
   2.0672714e-01
   3.4202570e-01
   4.8450491e-01
   6.1640212e-01
   7.2524565e-01
   8.0272109e-01
   8.4580498e-01
   8.5827664e-01
   8.4656085e-01
   8.2086168e-01
   7.9024943e-01
   7.6341647e-01
   7.4527588e-01
   7.3809524e-01
   7.4149660e-01
   7.5321239e-01
   7.6946334e-01
   7.8722600e-01
   8.0309902e-01
   8.1519275e-01
   8.2199547e-01
   8.2350718e-01
   8.1972789e-01
   8.1216931e-01
   8.0120938e-01
   7.8949357e-01
   7.7739985e-01
   7.6681784e-01
   7.5812548e-01
   7.5207861e-01
   7.4905518e-01
   7.4829932e-01
   7.5056689e-01
   7.5396825e-01
   7.5925926e-01
   7.6455026e-01
   7.6908542e-01
   7.7248677e-01
   7.7324263e-01
   7.7135299e-01
   7.6681784e-01
   7.5925926e-01
   7.4981104e-01
   7.3960696e-01
   7.2940288e-01
   7.2033258e-01
   7.1466364e-01
   7.1201814e-01
   7.1352986e-01
   7.1882086e-01
   7.2751323e-01
   7.3847317e-01
   7.5056689e-01
   7.6303855e-01
   7.7362056e-01
   7.8155706e-01
   7.8647015e-01
   7.8760393e-01
   7.8609222e-01
   7.8269085e-01
   7.7853363e-01
   7.7437642e-01
   7.7135299e-01
   7.6908541e-01
   7.6832955e-01
   7.6795162e-01
   7.6795162e-01
   7.6719577e-01
   7.6681784e-01
   7.6568405e-01
   7.6417233e-01
   7.6266062e-01
   7.6077097e-01
   7.5850340e-01
   7.5661375e-01
   7.5510205e-01
   7.5359033e-01
   7.5359033e-01
   7.5547997e-01
   7.5925926e-01
   7.6455027e-01
   7.7097506e-01
   7.7551021e-01
   7.7588813e-01
   7.6832956e-01
   7.5056690e-01
   7.2033258e-01
   6.7762660e-01
   6.2509448e-01
   5.6613757e-01
   5.0793651e-01
   4.5842782e-01
   4.2517007e-01
   4.1458806e-01
   4.3046107e-01
   4.7203326e-01
   5.3476947e-01
   6.0997733e-01
   6.8631897e-01
   7.5056689e-01
   7.9062736e-01
   7.9856387e-01
   7.6984126e-01
   7.0672713e-01
   6.1526832e-01
   5.0793651e-01
   3.9871504e-01
   3.0423281e-01
   2.3733938e-01
   2.0823886e-01
   2.2184430e-01
   2.7588814e-01
   3.6281180e-01
   4.6938775e-01
   5.7860922e-01
   6.7422525e-01
   7.4074074e-01
   7.6757370e-01
   7.5018897e-01
   6.9160998e-01
   6.0015117e-01
   4.9092971e-01
   3.8057446e-01
   2.8684807e-01
   2.2373395e-01
   2.0030235e-01
   2.2033259e-01
   2.8004535e-01
   3.7112624e-01
   4.7959185e-01
   5.9145880e-01
   6.9274376e-01
   7.7248677e-01
   8.2388511e-01
   8.4580498e-01
   8.4051398e-01
   8.1405895e-01
   7.7513228e-01
   7.3204837e-01
   6.9198791e-01
   6.6061980e-01
   6.4058957e-01
   6.3340892e-01
   6.3756614e-01
   6.5154951e-01
   6.7195768e-01
   6.9614513e-01
   7.2071051e-01
   7.4263039e-01
   7.6039305e-01
   7.7210884e-01
   7.7815571e-01
   7.7739985e-01
   7.7248677e-01
   7.6455027e-01
   7.5661375e-01
   7.5018896e-01
   7.4678761e-01
   7.4678760e-01
   7.5094483e-01
   7.5774755e-01
   7.6643991e-01
   7.7551021e-01
   7.8344671e-01
   7.8911565e-01
   7.9176114e-01
   7.9138322e-01
   7.8798185e-01
   7.8231293e-01
   7.7588813e-01
   7.6946334e-01
   7.6341648e-01
   7.5925926e-01
   7.5699168e-01
   7.5699169e-01
   7.5888133e-01
   7.6190476e-01
   7.6568405e-01
   7.6984126e-01
   7.7362056e-01
   7.7664399e-01
   7.7891156e-01
   7.8042328e-01
   7.8042328e-01
   7.7966742e-01
   7.7853363e-01
   7.7739985e-01
   7.7626606e-01
   7.7626606e-01
   7.7777779e-01
   7.8080121e-01
   7.8458050e-01
   7.8798186e-01
   7.9138322e-01
   7.9289494e-01
   7.9251700e-01
   7.8987150e-01
   7.8458050e-01
   7.7739984e-01
   7.6795162e-01
   7.5736961e-01
   7.4565382e-01
   7.3356010e-01
   7.2222222e-01
   7.1352986e-01
   7.0975057e-01
   7.1164022e-01
   7.1957672e-01
   7.3318217e-01
   7.4981103e-01
   7.6455027e-01
   7.7362056e-01
   7.7021920e-01
   7.4981103e-01
   7.0937264e-01
   6.4965987e-01
   5.7445201e-01
   4.9130763e-01
   4.1043084e-01
   3.4278157e-01
   2.9894180e-01
   2.8760394e-01
   3.1254724e-01
   3.7112623e-01
   4.5653817e-01
   5.5820106e-01
   6.6137566e-01
   7.5207861e-01
   8.1897203e-01
   8.5336356e-01
   8.5298564e-01
   8.1972789e-01
   7.6152684e-01
   6.8858655e-01
   6.1337868e-01
   5.4761905e-01
   5.0113379e-01
   4.8034769e-01
   4.8790628e-01
   5.2154195e-01
   5.7558579e-01
   6.4210128e-01
   7.0937265e-01
   7.6757369e-01
   8.0763416e-01
   8.2237339e-01
   8.0876795e-01
   7.6870748e-01
   7.0786091e-01
   6.3454271e-01
   5.5933485e-01
   4.9281935e-01
   4.4482237e-01
   4.2101285e-01
   4.2517007e-01
   4.5616024e-01
   5.0869237e-01
   5.7558579e-01
   6.4739229e-01
   7.1541951e-01
   7.7173091e-01
   8.1065760e-01
   8.2993197e-01
   8.3030990e-01
   8.1519275e-01
   7.8798186e-01
   7.5547997e-01
   7.2222222e-01
   6.9312170e-01
   6.7157974e-01
   6.5835224e-01
   6.5495087e-01
   6.5986395e-01
   6.7082388e-01
   6.8594104e-01
   7.0068027e-01
   7.1315193e-01
   7.1995465e-01
   7.1919878e-01
   7.0975057e-01
   6.9274377e-01
   6.6969010e-01
   6.4399092e-01
   6.1980348e-01
   6.0015117e-01
   5.8805745e-01
   5.8578988e-01
   5.9372638e-01
   6.1073318e-01
   6.3529856e-01
   6.6364323e-01
   6.9387756e-01
   7.2222223e-01
   7.4603174e-01
   7.6455027e-01
   7.7664399e-01
   7.8306878e-01
   7.8495842e-01
   7.8344671e-01
   7.8080121e-01
   7.7815571e-01
   7.7702192e-01
   7.7815571e-01
   7.8117913e-01
   7.8609222e-01
   7.9138322e-01
   7.9705215e-01
   8.0158730e-01
   8.0461073e-01
   8.0612245e-01
   8.0536658e-01
   8.0272109e-01
   7.9856387e-01
   7.9365079e-01
   7.8835979e-01
   7.8420257e-01
   7.8117914e-01
   7.8080120e-01
   7.8306878e-01
   7.8684808e-01
   7.9251700e-01
   7.9856387e-01
   8.0385488e-01
   8.0763416e-01
   8.0839003e-01
   8.0574452e-01
   7.9931972e-01
   7.9024943e-01
   7.7739985e-01
   7.6341647e-01
   7.4905518e-01
   7.3696145e-01
   7.2978080e-01
   7.2826909e-01
   7.3469387e-01
   7.4867725e-01
   7.6946334e-01
   7.9327287e-01
   8.1670446e-01
   8.3484505e-01
   8.4315948e-01
   8.3786848e-01
   8.1708239e-01
   7.8042328e-01
   7.3129252e-01
   6.7498110e-01
   6.1829176e-01
   5.6953892e-01
   5.3552532e-01
   5.2343160e-01
   5.3552532e-01
   5.7142857e-01
   6.2773999e-01
   6.9576720e-01
   7.6568405e-01
   8.2728646e-01
   8.6885865e-01
   8.8435374e-01
   8.6999244e-01
   8.2653062e-01
   7.6001512e-01
   6.7913832e-01
   5.9599395e-01
   5.2267574e-01
   4.7014361e-01
   4.4557823e-01
   4.5238095e-01
   4.8941799e-01
   5.5064248e-01
   6.2698413e-01
   7.0823885e-01
   7.8420257e-01
   8.4542706e-01
   8.8662131e-01
   9.0589569e-01
   9.0513983e-01
   8.8888888e-01
   8.6243385e-01
   8.3333333e-01
   8.0763416e-01
   7.8798185e-01
   7.7777778e-01
   7.7626606e-01
   7.8193499e-01
   7.9289493e-01
   8.0574452e-01
   8.1821617e-01
   8.2842025e-01
   8.3522298e-01
   8.3862434e-01
   8.3938020e-01
   8.3938020e-01
   8.3900227e-01
   8.4051398e-01
   8.4391535e-01
   8.4996221e-01
   8.5752079e-01
   8.6507936e-01
   8.7188208e-01
   8.7641723e-01
   8.7755102e-01
   8.7490552e-01
   8.6923658e-01
   8.5978836e-01
   8.4769463e-01
   8.3484505e-01
   8.2123961e-01
   8.0839003e-01
   7.9667422e-01
   7.8798186e-01
   7.8117914e-01
   7.7739985e-01
   7.7588813e-01
   7.7664399e-01
   7.7853363e-01
   7.8042328e-01
   7.8155707e-01
   7.8080121e-01
   7.7815571e-01
   7.7362056e-01
   7.6643991e-01
   7.5812548e-01
   7.4829932e-01
   7.3809524e-01
   7.2826908e-01
   7.1995465e-01
   7.1277400e-01
   7.0861678e-01
   7.0634921e-01
   7.0710507e-01
   7.0975057e-01
   7.1390779e-01
   7.1882086e-01
   7.2411186e-01
   7.2940288e-01
   7.3393802e-01
   7.3809524e-01
   7.4111867e-01
   7.4376417e-01
   7.4565382e-01
   7.4640968e-01
   7.4565381e-01
   7.4414210e-01
   7.4187453e-01
   7.3998488e-01
   7.3809524e-01
   7.3809524e-01
   7.3998489e-01
   7.4263039e-01
   7.4603175e-01
   7.4792139e-01
   7.4640968e-01
   7.3960695e-01
   7.2486773e-01
   7.0143613e-01
   6.6931217e-01
   6.2962964e-01
   5.8654572e-01
   5.4421769e-01
   5.0944822e-01
   4.8677249e-01
   4.8148149e-01
   4.9735450e-01
   5.3363568e-01
   5.8654573e-01
   6.4965987e-01
   7.1390779e-01
   7.6870749e-01
   8.0423281e-01
   8.1292517e-01
   7.9062736e-01
   7.3885109e-01
   6.6250945e-01
   5.7256236e-01
   4.8185942e-01
   4.0325019e-01
   3.4996221e-01
   3.3182163e-01
   3.5185186e-01
   4.0891913e-01
   4.9470900e-01
   5.9750567e-01
   7.0219198e-01
   7.9327287e-01
   8.5865457e-01
   8.8851096e-01
   8.7944067e-01
   8.3560091e-01
   7.6455026e-01
   6.7876039e-01
   5.9145881e-01
   5.1662887e-01
   4.6485261e-01
   4.4293273e-01
   4.5313681e-01
   4.9244143e-01
   5.5442177e-01
   6.2849584e-01
   7.0483750e-01
   7.7248677e-01
   8.2464096e-01
   8.5525322e-01
   8.6470143e-01
   8.5449735e-01
   8.3030990e-01
   7.9818594e-01
   7.6492819e-01
   7.3696145e-01
   7.1730915e-01
   7.0861678e-01
   7.1088436e-01
   7.2297808e-01
   7.4187453e-01
   7.6530612e-01
   7.8911565e-01
   8.1103553e-01
   8.2804233e-01
   8.3938019e-01
   8.4391534e-01
   8.4240363e-01
   8.3560091e-01
   8.2539682e-01
   8.1254724e-01
   8.0007559e-01
   7.8798186e-01
   7.7853363e-01
   7.7097506e-01
   7.6568405e-01
   7.6266062e-01
   7.6077097e-01
   7.5963719e-01
   7.5850340e-01
   7.5736962e-01
   7.5547997e-01
   7.5359032e-01
   7.5132275e-01
   7.4943311e-01
   7.4905518e-01
   7.5018896e-01
   7.5283446e-01
   7.5736962e-01
   7.6341648e-01
   7.6946334e-01
   7.7551021e-01
   7.8004536e-01
   7.8344671e-01
   7.8420257e-01
   7.8382464e-01
   7.8193500e-01
   7.7928949e-01
   7.7664399e-01
   7.7324264e-01
   7.6946334e-01
   7.6530612e-01
   7.6077097e-01
   7.5547997e-01
   7.4943311e-01
   7.4300831e-01
   7.3733938e-01
   7.3204837e-01
   7.2864702e-01
   7.2751322e-01
   7.2826909e-01
   7.3167045e-01
   7.3620559e-01
   7.4149660e-01
   7.4603174e-01
   7.4867725e-01
   7.4867725e-01
   7.4489796e-01
   7.3885109e-01
   7.3053666e-01
   7.2260015e-01
   7.1617536e-01
   7.1352985e-01
   7.1541950e-01
   7.2184429e-01
   7.3204837e-01
   7.4338624e-01
   7.5321240e-01
   7.5812547e-01
   7.5547997e-01
   7.4300831e-01
   7.2071051e-01
   6.8934241e-01
   6.5192744e-01
   6.1337869e-01
   5.7936508e-01
   5.5555555e-01
   5.4724112e-01
   5.5706728e-01
   5.8578988e-01
   6.3000756e-01
   6.8329554e-01
   7.3809524e-01
   7.8458050e-01
   8.1443688e-01
   8.1972789e-01
   7.9743008e-01
   7.4792138e-01
   6.7611489e-01
   5.9145880e-01
   5.0529100e-01
   4.3046107e-01
   3.7830688e-01
   3.5827665e-01
   3.7490552e-01
   4.2743764e-01
   5.0907029e-01
   6.0770976e-01
   7.0899471e-01
   7.9780801e-01
   8.5865457e-01
   8.8246410e-01
   8.6432351e-01
   8.0687831e-01
   7.1882086e-01
   6.1337869e-01
   5.0755858e-01
   4.1723356e-01
   3.5676493e-01
   3.3522298e-01
   3.5563115e-01
   4.1458806e-01
   5.0302343e-01
   6.0846560e-01
   7.1655329e-01
   8.1405896e-01
   8.9077853e-01
   9.4066515e-01
   9.6220710e-01
   9.5956159e-01
   9.3915344e-01
   9.0891912e-01
   8.7641723e-01
   8.4845050e-01
   8.2879819e-01
   8.1821617e-01
   8.1708239e-01
   8.2350718e-01
   8.3333333e-01
   8.4504913e-01
   8.5563114e-01
   8.6281178e-01
   8.6507936e-01
   8.6167800e-01
   8.5185185e-01
   8.3635676e-01
   8.1632652e-01
   7.9289493e-01
   7.6795162e-01
   7.4452004e-01
   7.2411186e-01
   7.0975057e-01
   7.0219199e-01
   7.0256992e-01
   7.1012849e-01
   7.2373394e-01
   7.4225246e-01
   7.6190476e-01
   7.8080121e-01
   7.9629629e-01
   8.0725623e-01
   8.1216931e-01
   8.1141345e-01
   8.0612245e-01
   7.9780801e-01
   7.8798185e-01
   7.7853364e-01
   7.7059713e-01
   7.6455027e-01
   7.6114890e-01
   7.5925926e-01
   7.5925926e-01
   7.6001512e-01
   7.6152683e-01
   7.6303855e-01
   7.6455027e-01
   7.6568405e-01
   7.6606198e-01
   7.6530612e-01
   7.6417234e-01
   7.6303854e-01
   7.6152683e-01
   7.6077097e-01
   7.6077097e-01
   7.6266062e-01
   7.6492819e-01
   7.6832955e-01
   7.7248677e-01
   7.7626606e-01
   7.8004535e-01
   7.8269085e-01
   7.8458050e-01
   7.8533635e-01
   7.8458050e-01
   7.8269085e-01
   7.7966742e-01
   7.7588813e-01
   7.7173091e-01
   7.6908542e-01
   7.6832956e-01
   7.7097506e-01
   7.7739985e-01
   7.8722600e-01
   7.9780802e-01
   8.0763417e-01
   8.1254724e-01
   8.0914588e-01
   7.9289493e-01
   7.6266062e-01
   7.1806500e-01
   6.6061981e-01
   5.9637188e-01
   5.3212397e-01
   4.7694634e-01
   4.3953138e-01
   4.2668179e-01
   4.4293273e-01
   4.8828421e-01
   5.5593348e-01
   6.3832200e-01
   7.2260015e-01
   7.9516251e-01
   8.4315948e-01
   8.5752079e-01
   8.3408919e-01
   7.7399848e-01
   6.8480726e-01
   5.7860922e-01
   4.7127740e-01
   3.7792896e-01
   3.1368103e-01
   2.8911565e-01
   3.0839003e-01
   3.7037037e-01
   4.6674226e-01
   5.8276644e-01
   7.0219199e-01
   8.0612245e-01
   8.7868480e-01
   9.0740741e-01
   8.8813303e-01
   8.2237339e-01
   7.1919879e-01
   5.9448224e-01
   4.6636433e-01
   3.5336357e-01
   2.7248678e-01
   2.3582767e-01
   2.4678760e-01
   3.0461074e-01
   3.9984883e-01
   5.1851852e-01
   6.4436886e-01
   7.6190476e-01
   8.5789871e-01
   9.2365835e-01
   9.5691610e-01
   9.5956160e-01
   9.3839758e-01
   9.0325019e-01
   8.6318971e-01
   8.2653062e-01
   8.0045351e-01
   7.8760393e-01
   7.8760393e-01
   7.9969766e-01
   8.2010582e-01
   8.4467120e-01
   8.6999244e-01
   8.9153438e-01
   9.0702948e-01
   9.1421013e-01
   9.1194255e-01
