   3.3637084e-01
   2.0998415e-01
   1.3391443e-01
   1.1767037e-01
   1.5649762e-01
   2.3415214e-01
   3.3003170e-01
   4.2194929e-01
   4.9405706e-01
   5.3803487e-01
   5.5507132e-01
   5.5190175e-01
   5.3882726e-01
   5.2377179e-01
   5.1109351e-01
   5.0198099e-01
   4.9366086e-01
   4.8256736e-01
   4.6513470e-01
   4.4057053e-01
   4.1164817e-01
   3.8153725e-01
   3.5578447e-01
   3.4072901e-01
   3.3993661e-01
   3.5538827e-01
   3.8549921e-01
   4.2630745e-01
   4.6988906e-01
   5.0713154e-01
   5.2892235e-01
   5.2812996e-01
   4.9920761e-01
   4.4294771e-01
   3.6331221e-01
   2.7099842e-01
   1.7749604e-01
   9.6275753e-02
   3.8431067e-02
   1.1489700e-02
   1.9413636e-02
   6.0618066e-02
   1.2955626e-01
   2.1790809e-01
   3.1576863e-01
   4.1283677e-01
   4.9841522e-01
   5.6458003e-01
   6.0499208e-01
   6.1608558e-01
   5.9825674e-01
   5.5625990e-01
   4.9524564e-01
   4.2591126e-01
   3.5578447e-01
   2.9437401e-01
   2.4683044e-01
   2.1751188e-01
   2.0760698e-01
   2.1592710e-01
   2.4009509e-01
   2.7575278e-01
   3.1854200e-01
   3.6291600e-01
   4.0372426e-01
   4.3462757e-01
   4.5166403e-01
   4.5285262e-01
   4.3819335e-01
   4.1085579e-01
   3.7440571e-01
   3.3557846e-01
   2.9793978e-01
   2.6664025e-01
   2.4366086e-01
   2.3019018e-01
   2.2464343e-01
   2.2622821e-01
   2.3256736e-01
   2.4286847e-01
   2.5435817e-01
   2.6545167e-01
   2.7456419e-01
   2.8050714e-01
   2.8328052e-01
   2.8407291e-01
   2.8446910e-01
   2.8605389e-01
   2.9001586e-01
   2.9675119e-01
   3.0507132e-01
   3.1220286e-01
   3.1616482e-01
   3.1537243e-01
   3.0824089e-01
   2.9793978e-01
   2.8565769e-01
   2.7496038e-01
   2.6862124e-01
   2.6980983e-01
   2.7931855e-01
   2.9714739e-01
   3.2329637e-01
   3.5538827e-01
   3.9263074e-01
   4.3185420e-01
   4.6949287e-01
   5.0158479e-01
   5.2337560e-01
   5.3248812e-01
   5.2654517e-01
   5.0633914e-01
   4.7424724e-01
   4.3502378e-01
   3.9342314e-01
   3.5499208e-01
   3.2448495e-01
   3.0467512e-01
   2.9912837e-01
   3.0744850e-01
   3.2963550e-01
   3.6291601e-01
   4.0372425e-01
   4.4611727e-01
   4.8454834e-01
   5.1188590e-01
   5.2297940e-01
   5.1584786e-01
   4.9088748e-01
   4.5166403e-01
   4.0372426e-01
   3.5419969e-01
   3.0942947e-01
   2.7377180e-01
   2.5039621e-01
   2.4049128e-01
   2.4326466e-01
   2.5713154e-01
   2.8011094e-01
   3.0982568e-01
   3.4191760e-01
   3.7321712e-01
   4.0055468e-01
   4.1917591e-01
   4.2709984e-01
   4.2432646e-01
   4.1164818e-01
   3.9223456e-01
   3.6965135e-01
   3.4667195e-01
   3.2765451e-01
   3.1378765e-01
   3.0625991e-01
   3.0546751e-01
   3.1180666e-01
   3.2488114e-01
   3.4469097e-01
   3.6846276e-01
   3.9461173e-01
   4.1957212e-01
   4.4017433e-01
   4.5364501e-01
   4.5839937e-01
   4.5483360e-01
   4.4413629e-01
   4.2749604e-01
   4.0887480e-01
   3.8946118e-01
   3.7123614e-01
   3.5578448e-01
   3.4429477e-01
   3.3914421e-01
   3.4072901e-01
   3.5023773e-01
   3.6687798e-01
   3.8866878e-01
   4.1323297e-01
   4.3660856e-01
   4.5602219e-01
   4.6909667e-01
   4.7503962e-01
   4.7385103e-01
   4.6751189e-01
   4.5721079e-01
   4.4413629e-01
   4.2868463e-01
   4.1204438e-01
   3.9500793e-01
   3.7876387e-01
   3.6489699e-01
   3.5459589e-01
   3.4865293e-01
   3.4627576e-01
   3.4667195e-01
   3.4746435e-01
   3.4746435e-01
   3.4627576e-01
   3.4270999e-01
   3.3795563e-01
   3.3320127e-01
   3.2923931e-01
   3.2606974e-01
   3.2329637e-01
   3.1933439e-01
   3.1537243e-01
   3.1061807e-01
   3.0625991e-01
   3.0388273e-01
   3.0507132e-01
   3.0982568e-01
   3.1774961e-01
   3.2805072e-01
   3.3835182e-01
   3.4865293e-01
   3.5657686e-01
   3.6370840e-01
   3.6925515e-01
   3.7440571e-01
   3.7717909e-01
   3.7797148e-01
   3.7599050e-01
   3.7004755e-01
   3.6172742e-01
   3.5063392e-01
   3.3954041e-01
   3.2923931e-01
   3.2131538e-01
   3.1537243e-01
   3.1180666e-01
   3.1061807e-01
   3.1259905e-01
   3.1774961e-01
   3.2805072e-01
   3.4508717e-01
   3.6806656e-01
   3.9540412e-01
   4.2472267e-01
   4.5245642e-01
   4.7464342e-01
   4.9009509e-01
   4.9722663e-01
   4.9722663e-01
   4.9167988e-01
   4.8375595e-01
   4.7503962e-01
   4.6711569e-01
   4.6117275e-01
   4.5800317e-01
   4.5958795e-01
   4.6513470e-01
   4.7622822e-01
   4.9128368e-01
   5.0871633e-01
   5.2654517e-01
   5.4080824e-01
   5.4952456e-01
   5.5071316e-01
   5.4516641e-01
   5.3248811e-01
   5.1545167e-01
   4.9484945e-01
   4.7266245e-01
   4.4968305e-01
   4.2670365e-01
   4.0412044e-01
   3.8391443e-01
   3.6806657e-01
   3.5855785e-01
   3.5657686e-01
   3.6291600e-01
   3.7717908e-01
   3.9738510e-01
   4.2234548e-01
   4.4968305e-01
   4.7820919e-01
   5.0594296e-01
   5.3169573e-01
   5.5348654e-01
   5.6973059e-01
   5.7725832e-01
   5.7527733e-01
   5.6339145e-01
   5.4318543e-01
   5.1862124e-01
   4.9326466e-01
   4.7187005e-01
   4.5800317e-01
   4.5364501e-01
   4.5998416e-01
   4.7543582e-01
   4.9801902e-01
   5.2575277e-01
   5.5467513e-01
   5.8280507e-01
   6.0578447e-01
   6.2123614e-01
   6.2717909e-01
   6.2242473e-01
   6.0697306e-01
   5.8320127e-01
   5.5507131e-01
   5.2614898e-01
   5.0000000e-01
   4.7939778e-01
   4.6473852e-01
   4.5641839e-01
   4.5206023e-01
   4.5047544e-01
   4.5087163e-01
   4.5206022e-01
   4.5324882e-01
   4.5483360e-01
   4.5522980e-01
   4.5404121e-01
   4.5126783e-01
   4.4651348e-01
   4.4136292e-01
   4.3700476e-01
   4.3502377e-01
   4.3660856e-01
   4.4057052e-01
   4.4532489e-01
   4.4928685e-01
   4.5047544e-01
   4.4849446e-01
   4.4374010e-01
   4.3898574e-01
   4.3660856e-01
   4.3938194e-01
   4.4809826e-01
   4.6196514e-01
   4.7979398e-01
   4.9801902e-01
   5.1426308e-01
   5.2654517e-01
   5.3288432e-01
   5.3367671e-01
   5.2892235e-01
   5.1862124e-01
   5.0515056e-01
   4.8969890e-01
   4.7424724e-01
   4.6196514e-01
   4.5522980e-01
   4.5602219e-01
   4.6473852e-01
   4.7979398e-01
   4.9920762e-01
   5.1941363e-01
   5.3605388e-01
   5.4714739e-01
   5.5190175e-01
   5.4992077e-01
   5.4239304e-01
   5.3129953e-01
   5.1664026e-01
   5.0000001e-01
   4.8177496e-01
   4.6315373e-01
   4.4572108e-01
   4.3066561e-01
   4.1996832e-01
   4.1561015e-01
   4.1679874e-01
   4.2353408e-01
   4.3423138e-01
   4.4690967e-01
   4.5998416e-01
   4.7266245e-01
   4.8415214e-01
   4.9366086e-01
   5.0158478e-01
   5.0594295e-01
   5.0633915e-01
   5.0237718e-01
   4.9445325e-01
   4.8454833e-01
   4.7385103e-01
   4.6553091e-01
   4.6077654e-01
   4.6117275e-01
   4.6632330e-01
   4.7503962e-01
   4.8534073e-01
   4.9722663e-01
   5.1069731e-01
   5.2575278e-01
   5.4437401e-01
   5.6735341e-01
   5.9310619e-01
   6.2083994e-01
   6.4659272e-01
   6.6798732e-01
   6.8185421e-01
   6.8581617e-01
   6.7987322e-01
   6.6323296e-01
   6.3748019e-01
   6.0499208e-01
   5.6695721e-01
   5.2773376e-01
   4.9049129e-01
   4.5760698e-01
   4.3304280e-01
   4.1719494e-01
   4.0966720e-01
   4.0927101e-01
   4.1204438e-01
   4.1521395e-01
   4.1679874e-01
   4.1521395e-01
   4.1045959e-01
   4.0491283e-01
   3.9936609e-01
   3.9461173e-01
   3.9064976e-01
   3.8827259e-01
   3.8589540e-01
   3.8391442e-01
   3.8351823e-01
   3.8510301e-01
   3.9104597e-01
   4.0095088e-01
   4.1481775e-01
   4.2987322e-01
   4.4492869e-01
   4.5721078e-01
   4.6473852e-01
   4.6870048e-01
   4.7028527e-01
   4.7226625e-01
   4.7702061e-01
   4.8573693e-01
   5.0039620e-01
   5.1941364e-01
   5.4080825e-01
   5.6339145e-01
   5.8518225e-01
   6.0301109e-01
   6.1529318e-01
   6.2044375e-01
   6.1687798e-01
   6.0419969e-01
   5.8478606e-01
   5.5942948e-01
   5.3169572e-01
   5.0435816e-01
   4.8058638e-01
   4.6117275e-01
   4.4611727e-01
   4.3423139e-01
   4.2432647e-01
   4.1600634e-01
   4.0966719e-01
   4.0689382e-01
   4.0887481e-01
   4.1679874e-01
   4.3026942e-01
   4.4889065e-01
   4.6870049e-01
   4.8692552e-01
   5.0118860e-01
   5.0950872e-01
   5.1109350e-01
   5.0633914e-01
   4.9643424e-01
   4.8217117e-01
   4.6473852e-01
   4.4611728e-01
   4.2828843e-01
   4.1362916e-01
   4.0530903e-01
   4.0491284e-01
   4.1323297e-01
   4.2947703e-01
   4.5087163e-01
   4.7424723e-01
   4.9683043e-01
   5.1545167e-01
   5.2971474e-01
   5.4120444e-01
   5.5071316e-01
   5.6141047e-01
   5.7329635e-01
   5.8676704e-01
   6.0063392e-01
   6.1291601e-01
   6.2083994e-01
   6.2282092e-01
   6.1885897e-01
   6.0816166e-01
   5.9231379e-01
   5.7250397e-01
   5.5150555e-01
   5.3169573e-01
   5.1584786e-01
   5.0554675e-01
   5.0158479e-01
   5.0435816e-01
   5.1069731e-01
   5.1822504e-01
   5.2258321e-01
   5.2139462e-01
   5.1386688e-01
   5.0039620e-01
   4.8375595e-01
   4.6553091e-01
   4.4968305e-01
   4.3541997e-01
   4.2234549e-01
   4.0966720e-01
   3.9580033e-01
   3.8114105e-01
   3.6806656e-01
   3.6053883e-01
   3.6331221e-01
   3.7995246e-01
   4.1125199e-01
   4.5562599e-01
   5.0792394e-01
   5.6022187e-01
   6.0618067e-01
   6.3827258e-01
   6.5213947e-01
   6.4778130e-01
   6.2638669e-01
   5.9231378e-01
   5.5150555e-01
   5.1148970e-01
   4.7860539e-01
   4.5760697e-01
   4.5324882e-01
   4.6671950e-01
   4.9524565e-01
   5.3605388e-01
   5.8280507e-01
   6.2876386e-01
   6.6917592e-01
   6.9730587e-01
   7.1117275e-01
   7.0998415e-01
   6.9294771e-01
   6.6323296e-01
   6.2202853e-01
   5.7448495e-01
   5.2496039e-01
   4.7860539e-01
   4.4175912e-01
   4.1838352e-01
   4.1244058e-01
   4.2393027e-01
   4.5206023e-01
   4.9207607e-01
   5.3882726e-01
   5.8716324e-01
   6.3272583e-01
   6.7194929e-01
   7.0364502e-01
   7.2662441e-01
   7.4009509e-01
   7.4484945e-01
   7.4088749e-01
   7.2939778e-01
   7.1275753e-01
   6.9492869e-01
   6.7868463e-01
   6.6798732e-01
   6.6442156e-01
   6.6798732e-01
   6.7789223e-01
   6.9017433e-01
   7.0285262e-01
   7.1354993e-01
   7.2147385e-01
   7.2702060e-01
   7.3019018e-01
   7.3296356e-01
   7.3573692e-01
   7.3969889e-01
   7.4484945e-01
   7.5356578e-01
   7.6664025e-01
   7.8526150e-01
   8.1101427e-01
   8.4152140e-01
   8.7400951e-01
   9.0451665e-01
   9.2630745e-01
   9.3621237e-01
   9.3106181e-01
   9.1164818e-01
   8.8114105e-01
   8.4469096e-01
   8.0784469e-01
   7.7416798e-01
   7.4762283e-01
   7.3058638e-01
   7.2305864e-01
   7.2583202e-01
   7.3771791e-01
   7.5633915e-01
   7.7931855e-01
   8.0190174e-01
   8.1893819e-01
   8.2448495e-01
   8.1497623e-01
   7.8843106e-01
   7.4801902e-01
   6.9809826e-01
   6.4698891e-01
   6.0182250e-01
   5.6973059e-01
   5.5309033e-01
   5.5309033e-01
   5.6458003e-01
   5.8320127e-01
   6.0221871e-01
   6.1450079e-01
   6.1608558e-01
   6.0340730e-01
   5.7606973e-01
   5.3486530e-01
   4.8375594e-01
   4.2868463e-01
   3.7599050e-01
   3.3201268e-01
   3.0229794e-01
   2.8922346e-01
   2.9239303e-01
   3.0824089e-01
   3.3122029e-01
   3.5459588e-01
   3.7361331e-01
   3.8510301e-01
   3.8748020e-01
   3.8074486e-01
   3.6767036e-01
   3.5023773e-01
   3.3201268e-01
   3.1497623e-01
   3.0190174e-01
   2.9437401e-01
   2.9477021e-01
   3.0309034e-01
   3.1854200e-01
   3.3954042e-01
   3.6291601e-01
   3.8510301e-01
   4.0293186e-01
   4.1442155e-01
   4.1917591e-01
   4.1679874e-01
   4.0927101e-01
   3.9738510e-01
   3.8232964e-01
   3.6489699e-01
   3.4508716e-01
   3.2369255e-01
   3.0269414e-01
   2.8367671e-01
   2.6901744e-01
   2.6109351e-01
   2.6188590e-01
   2.7099842e-01
   2.8803487e-01
   3.1061807e-01
   3.3676704e-01
   3.6370840e-01
   3.8906498e-01
   4.1085579e-01
   4.2630745e-01
   4.3423138e-01
   4.3343899e-01
   4.2313787e-01
   4.0530903e-01
   3.8272584e-01
   3.5895404e-01
   3.3874802e-01
   3.2488115e-01
   3.2052299e-01
   3.2646593e-01
   3.4191760e-01
   3.6450080e-01
   3.9381934e-01
   4.2630745e-01
   4.6038034e-01
   4.9326466e-01
   5.2258321e-01
   5.4437401e-01
   5.5467513e-01
   5.5229795e-01
   5.3446910e-01
   5.0277338e-01
   4.5998415e-01
   4.1244057e-01
   3.6450079e-01
   3.2250397e-01
   2.9239303e-01
   2.7733757e-01
   2.7971473e-01
   2.9912837e-01
   3.3478606e-01
   3.8232964e-01
   4.3700476e-01
   4.9167988e-01
   5.3961966e-01
   5.7369256e-01
   5.8835183e-01
   5.8201268e-01
   5.5546751e-01
   5.1347069e-01
   4.6315373e-01
   4.1125199e-01
   3.6568938e-01
   3.3042789e-01
   3.0982568e-01
   3.0348653e-01
   3.1022187e-01
   3.2805072e-01
   3.5459589e-01
   3.8589541e-01
   4.1877972e-01
   4.4928685e-01
   4.7385103e-01
   4.9009509e-01
   4.9484944e-01
   4.8969890e-01
   4.7464343e-01
   4.5364501e-01
   4.2868463e-01
   4.0253566e-01
   3.7717908e-01
   3.5459588e-01
   3.3518225e-01
   3.2012678e-01
   3.1061807e-01
   3.0824089e-01
   3.1378765e-01
   3.2686213e-01
   3.4587956e-01
   3.6925516e-01
   3.9223456e-01
   4.1283677e-01
   4.2789223e-01
   4.3502377e-01
   4.3462757e-01
   4.2670365e-01
   4.1283677e-01
   3.9421554e-01
   3.7282093e-01
   3.5023772e-01
   3.2844691e-01
   3.1141046e-01
   3.0031696e-01
   2.9873217e-01
   3.0824089e-01
   3.2765451e-01
   3.5538827e-01
   3.8787639e-01
   4.2115690e-01
   4.5245643e-01
   4.7820920e-01
   4.9683043e-01
   5.0673535e-01
   5.0792393e-01
   5.0039620e-01
   4.8415214e-01
   4.6077655e-01
   4.3225040e-01
   4.0213946e-01
   3.7400952e-01
   3.5142631e-01
   3.3874803e-01
   3.3676704e-01
   3.4587956e-01
   3.6450080e-01
   3.9064976e-01
   4.2115690e-01
   4.5285262e-01
   4.8375595e-01
   5.1030111e-01
   5.3090334e-01
   5.4318542e-01
   5.4477021e-01
   5.3526149e-01
   5.1545167e-01
   4.8771791e-01
   4.5641839e-01
   4.2591125e-01
   4.0174327e-01
   3.8708399e-01
   3.8391442e-01
   3.9104596e-01
   4.0768622e-01
   4.3106181e-01
   4.5879557e-01
   4.8732171e-01
   5.1386688e-01
   5.3486530e-01
   5.4912837e-01
   5.5309033e-01
   5.4635499e-01
   5.3011094e-01
   5.0594295e-01
   4.7741681e-01
   4.4889065e-01
   4.2432647e-01
   4.0491284e-01
   3.9302695e-01
   3.8708400e-01
   3.8629161e-01
   3.8946118e-01
   3.9619652e-01
   4.0649763e-01
   4.2076070e-01
   4.3938194e-01
   4.6038034e-01
   4.8217117e-01
   5.0118859e-01
   5.1426307e-01
   5.1980983e-01
   5.1545167e-01
   5.0277337e-01
   4.8217116e-01
   4.5602219e-01
   4.2749605e-01
   3.9976229e-01
   3.7559430e-01
   3.5895404e-01
   3.5103012e-01
   3.5538827e-01
   3.7202853e-01
   3.9976229e-01
   4.3502378e-01
   4.7345484e-01
   5.0990492e-01
   5.3882726e-01
   5.5784469e-01
   5.6616482e-01
   5.6378764e-01
   5.5229794e-01
   5.3565769e-01
   5.1505547e-01
   4.9366086e-01
   4.7305864e-01
   4.5562599e-01
   4.4255151e-01
   4.3700476e-01
   4.3898574e-01
   4.5007925e-01
   4.6830428e-01
   4.9167988e-01
   5.1743266e-01
   5.4120445e-01
   5.6061807e-01
   5.7329636e-01
   5.7844691e-01
   5.7567354e-01
   5.6616482e-01
   5.4992076e-01
   5.2773376e-01
   5.0079240e-01
   4.7187005e-01
   4.4374010e-01
   4.1917591e-01
   4.0213946e-01
   3.9540412e-01
   3.9896990e-01
   4.1283677e-01
   4.3462757e-01
   4.5998416e-01
   4.8573693e-01
   5.0911252e-01
   5.2694137e-01
   5.3724248e-01
   5.3843107e-01
   5.2971474e-01
   5.1069731e-01
   4.8256735e-01
   4.4730587e-01
   4.0768622e-01
   3.6965135e-01
   3.3716323e-01
   3.1576862e-01
   3.0705231e-01
   3.1259905e-01
   3.3161648e-01
   3.6133122e-01
   3.9857370e-01
   4.3938193e-01
   4.8058637e-01
   5.1941363e-01
   5.5190175e-01
   5.7369256e-01
   5.8320127e-01
   5.7765453e-01
   5.5784469e-01
   5.2575277e-01
   4.8652932e-01
   4.4730586e-01
   4.1481775e-01
   3.9619652e-01
   3.9540412e-01
   4.1442155e-01
   4.5206023e-01
   5.0396197e-01
   5.6458003e-01
   6.2638669e-01
   6.8106181e-01
   7.2226624e-01
   7.4326466e-01
   7.4207607e-01
   7.1790809e-01
   6.7432648e-01
   6.1846276e-01
   5.5824089e-01
   5.0118860e-01
   4.5404121e-01
   4.1957211e-01
   3.9817750e-01
   3.8827259e-01
   3.8549922e-01
   3.8708400e-01
   3.9144216e-01
   3.9738510e-01
   4.0689382e-01
   4.1917591e-01
   4.3541997e-01
   4.5364501e-01
   4.7147385e-01
   4.8692552e-01
   4.9722663e-01
   5.0039620e-01
   4.9683043e-01
   4.8692553e-01
   4.7226625e-01
   4.5443741e-01
   4.3541997e-01
   4.1719493e-01
   4.0174327e-01
   3.9183835e-01
   3.8906498e-01
   3.9381934e-01
   4.0649763e-01
   4.2551506e-01
   4.4770207e-01
   4.6988906e-01
   4.8930270e-01
   5.0356577e-01
   5.1228210e-01
   5.1624406e-01
   5.1584786e-01
   5.1347069e-01
   5.0871633e-01
   5.0158479e-01
   4.9207607e-01
   4.7900159e-01
   4.6473852e-01
   4.4968305e-01
   4.3779715e-01
   4.3066561e-01
   4.2987321e-01
   4.3779715e-01
   4.5206023e-01
   4.7226625e-01
   4.9484945e-01
   5.1862124e-01
   5.3922346e-01
   5.5546751e-01
   5.6378764e-01
   5.6339145e-01
   5.5348654e-01
   5.3565769e-01
   5.1148970e-01
   4.8534073e-01
   4.6117275e-01
   4.4374010e-01
   4.3621237e-01
   4.3938193e-01
   4.5166403e-01
   4.7028527e-01
   4.9167988e-01
   5.1267829e-01
   5.3011094e-01
   5.4318542e-01
   5.5110935e-01
   5.5269414e-01
   5.4833598e-01
   5.3803486e-01
   5.2139462e-01
   4.9920762e-01
   4.7464342e-01
   4.5087163e-01
   4.3343899e-01
   4.2670366e-01
   4.3462758e-01
   4.5760698e-01
   4.9603804e-01
   5.4714740e-01
   6.0538828e-01
   6.6679874e-01
   7.2424723e-01
   7.7297940e-01
   8.0744850e-01
   8.2448495e-01
   8.2171157e-01
   7.9992076e-01
   7.6069731e-01
   7.0998415e-01
   6.5332806e-01
   5.9667195e-01
   5.4595880e-01
   5.0316958e-01
   4.7028527e-01
   4.4651347e-01
   4.2947702e-01
   4.1957211e-01
   4.1442155e-01
   4.1600634e-01
   4.2393027e-01
   4.3819335e-01
   4.5879556e-01
   4.8256736e-01
   5.0713154e-01
   5.2971474e-01
   5.4873218e-01
   5.6299525e-01
   5.7448495e-01
   5.8438986e-01
   5.9548337e-01
   6.0895405e-01
   6.2519810e-01
   6.4381934e-01
   6.6402536e-01
   6.8343899e-01
   7.0126783e-01
   7.1592711e-01
   7.2662441e-01
   7.3256736e-01
   7.3335975e-01
   7.2860540e-01
   7.1870047e-01
   7.0562599e-01
   6.9057053e-01
   6.7630745e-01
   6.6402536e-01
   6.5412045e-01
   6.4738511e-01
   6.4183836e-01
   6.3629160e-01
   6.2916007e-01
   6.2004754e-01
   6.0855784e-01
   5.9548337e-01
   5.8161649e-01
   5.6695721e-01
   5.5229794e-01
   5.3763868e-01
   5.2337560e-01
   5.1030111e-01
   5.0000001e-01
   4.9247227e-01
   4.8890650e-01
   4.8771792e-01
   4.8652932e-01
   4.8375595e-01
   4.7702060e-01
   4.6592710e-01
   4.5126783e-01
   4.3621237e-01
   4.2393027e-01
   4.1759113e-01
   4.1877972e-01
   4.2591126e-01
   4.3858954e-01
   4.5285261e-01
   4.6513471e-01
   4.7464342e-01
   4.7820920e-01
   4.7662440e-01
   4.7028527e-01
   4.6077655e-01
   4.4809826e-01
   4.3462758e-01
   4.2194929e-01
   4.1164818e-01
   4.0570523e-01
   4.0610143e-01
   4.1362916e-01
   4.2670366e-01
   4.4413629e-01
   4.6315373e-01
   4.7979398e-01
   4.9326466e-01
   5.0237718e-01
   5.0752774e-01
   5.1069732e-01
   5.1307449e-01
   5.1624406e-01
   5.2020603e-01
   5.2456418e-01
   5.2931854e-01
   5.3367671e-01
   5.3763867e-01
   5.4160063e-01
   5.4516641e-01
   5.4873217e-01
   5.5150555e-01
   5.5229795e-01
   5.5190175e-01
   5.4952456e-01
   5.4714740e-01
   5.4635499e-01
   5.4833597e-01
   5.5388273e-01
   5.6180665e-01
   5.6973059e-01
   5.7567354e-01
   5.7725832e-01
   5.7369256e-01
   5.6616483e-01
   5.5744850e-01
   5.5150555e-01
   5.5071316e-01
   5.5784469e-01
   5.7329636e-01
   5.9469097e-01
   6.2004754e-01
   6.4580032e-01
   6.6759113e-01
   6.8264660e-01
   6.8898574e-01
   6.8383519e-01
   6.6798732e-01
   6.4302694e-01
   6.1093503e-01
   5.7686213e-01
   5.4358161e-01
   5.1545167e-01
   4.9484944e-01
   4.8137876e-01
   4.7424723e-01
   4.6988907e-01
   4.6553091e-01
   4.5958795e-01
   4.5087163e-01
   4.4096673e-01
   4.3343899e-01
   4.2987322e-01
   4.3264659e-01
   4.4215531e-01
   4.5760698e-01
   4.7622822e-01
   4.9603804e-01
   5.1465928e-01
   5.2931854e-01
   5.3803486e-01
   5.4041205e-01
   5.3526149e-01
   5.2258320e-01
   5.0356577e-01
   4.8058637e-01
   4.5721078e-01
   4.3700476e-01
   4.2313787e-01
   4.1838352e-01
   4.2194930e-01
   4.3185420e-01
   4.4492869e-01
   4.5760698e-01
   4.6790809e-01
   4.7424723e-01
   4.7781300e-01
   4.8137876e-01
   4.8652932e-01
   4.9484944e-01
   5.0752774e-01
   5.2258321e-01
   5.3882726e-01
   5.5427892e-01
   5.6656101e-01
   5.7408875e-01
   5.7606973e-01
   5.7131537e-01
   5.6022188e-01
   5.4278923e-01
   5.2020603e-01
   4.9366086e-01
   4.6592711e-01
   4.3977813e-01
   4.1798733e-01
   4.0253567e-01
   3.9381934e-01
   3.9223455e-01
   3.9738511e-01
   4.0847861e-01
   4.2432647e-01
   4.4492869e-01
   4.6790809e-01
   4.9167988e-01
   5.1386688e-01
   5.2971475e-01
   5.3763867e-01
   5.3605389e-01
   5.2614897e-01
   5.1188590e-01
   4.9762282e-01
   4.8851030e-01
   4.9009508e-01
   5.0316958e-01
   5.2694137e-01
   5.5744850e-01
   5.8993661e-01
   6.1846276e-01
   6.3906498e-01
   6.4857370e-01
   6.4619652e-01
   6.3272584e-01
   6.1014264e-01
   5.8122029e-01
   5.5031696e-01
   5.2099842e-01
   4.9722663e-01
   4.8375595e-01
   4.8137876e-01
   4.9088748e-01
   5.1069731e-01
   5.3763867e-01
   5.6695721e-01
   5.9508717e-01
   6.1885896e-01
   6.3708400e-01
   6.4896989e-01
   6.5570523e-01
   6.5808241e-01
   6.5649763e-01
   6.5095087e-01
   6.4104596e-01
   6.2678289e-01
   6.0935024e-01
   5.9033281e-01
   5.7171157e-01
   5.5625991e-01
   5.4556260e-01
   5.4041205e-01
   5.4080824e-01
   5.4595881e-01
   5.5507131e-01
   5.6616482e-01
   5.7884311e-01
   5.9072900e-01
   5.9984153e-01
   6.0301109e-01
   5.9825673e-01
   5.8438986e-01
   5.6220286e-01
   5.3328051e-01
   5.0277338e-01
   4.7464342e-01
   4.5364501e-01
   4.4255151e-01
   4.4215531e-01
   4.5166403e-01
   4.6870048e-01
   4.8930270e-01
   5.1030111e-01
   5.2812996e-01
   5.4160064e-01
   5.4833598e-01
   5.4714740e-01
   5.3922345e-01
   5.2456419e-01
   5.0673535e-01
   4.8890650e-01
   4.7385103e-01
   4.6592710e-01
   4.6592710e-01
   4.7385104e-01
   4.8692553e-01
   5.0158479e-01
   5.1307448e-01
   5.1980983e-01
   5.1862124e-01
   5.1148970e-01
   5.0000000e-01
   4.8613312e-01
   4.7345484e-01
   4.6275754e-01
   4.5522980e-01
   4.5087163e-01
   4.4889065e-01
   4.4968305e-01
   4.5206022e-01
   4.5443740e-01
   4.5641839e-01
   4.5602219e-01
   4.5206023e-01
   4.4453250e-01
   4.3502378e-01
   4.2511886e-01
   4.1838352e-01
   4.1838352e-01
   4.2630746e-01
   4.4215531e-01
   4.6434232e-01
   4.8890650e-01
   5.1148970e-01
   5.2892235e-01
   5.3843106e-01
   5.3882726e-01
   5.2971475e-01
   5.1347068e-01
   4.9049129e-01
   4.6315373e-01
   4.3462758e-01
   4.0689382e-01
   3.8470682e-01
   3.7163234e-01
   3.6925516e-01
   3.7995246e-01
   4.0293186e-01
   4.3581616e-01
   4.7424724e-01
   5.1426307e-01
   5.5190175e-01
   5.8280507e-01
   6.0499208e-01
   6.1648178e-01
   6.1608558e-01
   6.0459589e-01
   5.8082409e-01
   5.4793978e-01
   5.0832013e-01
   4.6751189e-01
   4.3026942e-01
   4.0213946e-01
   3.8787639e-01
   3.8906498e-01
   4.0491283e-01
   4.3304279e-01
   4.6870048e-01
   5.0713154e-01
   5.4397781e-01
   5.7527734e-01
   5.9746434e-01
   6.0935025e-01
   6.1053882e-01
   6.0221870e-01
   5.8637085e-01
   5.6774961e-01
   5.5071315e-01
   5.4080824e-01
   5.4199683e-01
   5.5546751e-01
   5.8003170e-01
   6.1212362e-01
   6.4580032e-01
   6.7551505e-01
   6.9532489e-01
   7.0364502e-01
   6.9928685e-01
   6.8581617e-01
   6.6719493e-01
   6.4817750e-01
   6.3470682e-01
   6.3153724e-01
   6.4263075e-01
   6.6877972e-01
   7.0998416e-01
   7.6267829e-01
   8.2091918e-01
   8.7678288e-01
   9.2274168e-01
   9.5206023e-01
   9.6038035e-01
   9.4651347e-01
   9.1442155e-01
   8.7004755e-01
   8.2171157e-01
   7.7694136e-01
   7.4207608e-01
   7.1949286e-01
   7.1315373e-01
   7.2028527e-01
   7.4128368e-01
   7.7258321e-01
   8.1061807e-01
   8.5103012e-01
   8.8866878e-01
   9.1719494e-01
   9.3185420e-01
   9.2908082e-01
   9.0887480e-01
   8.7361331e-01
   8.2844691e-01
   7.8011094e-01
   7.3652932e-01
   7.0245642e-01
   6.8026941e-01
   6.7115690e-01
   6.7353407e-01
   6.8502377e-01
   7.0126783e-01
   7.1909668e-01
   7.3494453e-01
   7.4366086e-01
   7.4286847e-01
   7.2979398e-01
   7.0364501e-01
   6.6679873e-01
   6.2321712e-01
   5.8003169e-01
   5.4397781e-01
   5.2099842e-01
   5.1347069e-01
   5.2099842e-01
   5.3922345e-01
   5.6220286e-01
   5.8280507e-01
   5.9548336e-01
   5.9667196e-01
   5.8478606e-01
   5.6022187e-01
   5.2456418e-01
   4.7939778e-01
   4.2828843e-01
   3.7440571e-01
   3.2012679e-01
   2.6980983e-01
   2.2741680e-01
   1.9532488e-01
   1.7630745e-01
   1.7036451e-01
   1.7630745e-01
   1.9175911e-01
   2.1236133e-01
   2.3415214e-01
   2.5515056e-01
   2.7060222e-01
   2.7852616e-01
   2.7654517e-01
   2.6426308e-01
   2.4128368e-01
   2.0958797e-01
   1.7194929e-01
   1.3232964e-01
   9.5483361e-02
   6.5768631e-02
   4.5958799e-02
   3.7638675e-02
   4.1996831e-02
   5.7844694e-02
   8.4786062e-02
   1.2083994e-01
   1.6323296e-01
   2.0958796e-01
   2.5396197e-01
   2.9239303e-01
   3.1814581e-01
   3.2765452e-01
   3.1695721e-01
   2.8763867e-01
   2.4247227e-01
   1.8779715e-01
   1.3114105e-01
   8.0824094e-02
   4.2789231e-02
   2.3375604e-02
   2.4564192e-02
   4.7147395e-02
   8.9144217e-02
   1.4659272e-01
   2.1315373e-01
   2.8129953e-01
   3.4072901e-01
   3.8391442e-01
   4.0332806e-01
   3.9421554e-01
   3.5816164e-01
   2.9912837e-01
   2.2543582e-01
   1.4817750e-01
   7.8843114e-02
   2.6941367e-02
   0.0000000e+00
   7.9240054e-04
   2.9318543e-02
   8.0427898e-02
   1.4738511e-01
   2.2147385e-01
   2.9318542e-01
   3.5380350e-01
   3.9580032e-01
   4.1521396e-01
   4.1164817e-01
   3.8708400e-01
   3.4825674e-01
   3.0150555e-01
   2.5316957e-01
   2.0919176e-01
   1.7076069e-01
   1.4064977e-01
   1.1806656e-01
   1.0340729e-01
   9.7068145e-02
   1.0103012e-01
   1.1568938e-01
   1.4302694e-01
   1.8264659e-01
   2.3217116e-01
   2.8684628e-01
   3.4112521e-01
   3.8827259e-01
   4.2274169e-01
   4.4057053e-01
   4.3977813e-01
   4.1917591e-01
   3.8193344e-01
   3.3201269e-01
   2.7377180e-01
   2.1473852e-01
   1.6125199e-01
   1.1885897e-01
   9.0729010e-02
   8.0031702e-02
   8.5182249e-02
   1.0301109e-01
   1.2995246e-01
   1.6085579e-01
   1.9255151e-01
   2.2147385e-01
   2.4643424e-01
   2.6664026e-01
   2.8050714e-01
   2.8684628e-01
   2.8486530e-01
   2.7377180e-01
   2.5475436e-01
   2.2979399e-01
   2.0285262e-01
   1.7908083e-01
   1.6323297e-01
   1.5847860e-01
   1.6798732e-01
   1.9057053e-01
   2.2583202e-01
   2.7020602e-01
   3.2052299e-01
   3.7242472e-01
   4.2234548e-01
   4.6553091e-01
   4.9801902e-01
   5.1584786e-01
   5.1664026e-01
   5.0000000e-01
   4.6870048e-01
   4.2551506e-01
   3.7757528e-01
   3.3042789e-01
   2.9080825e-01
   2.6426308e-01
   2.5356578e-01
   2.5950872e-01
   2.8169572e-01
   3.1656102e-01
   3.6014263e-01
   4.0689382e-01
   4.5047544e-01
   4.8494454e-01
   5.0515056e-01
   5.0792394e-01
   4.9366086e-01
   4.6434232e-01
   4.2551506e-01
   3.8272584e-01
   3.4152140e-01
   3.0705231e-01
   2.8090333e-01
   2.6426308e-01
   2.5633916e-01
   2.5673534e-01
   2.6465928e-01
   2.8011094e-01
   3.0150555e-01
   3.2844691e-01
   3.5776546e-01
   3.8748020e-01
   4.1204438e-01
   4.2908083e-01
   4.3541997e-01
   4.3066561e-01
   4.1679874e-01
   3.9540412e-01
   3.7123614e-01
   3.4587956e-01
   3.2369255e-01
   3.0665611e-01
   2.9714738e-01
   2.9556260e-01
   3.0309034e-01
   3.1814580e-01
   3.3954042e-01
   3.6489699e-01
   3.9064976e-01
   4.1362916e-01
   4.3225041e-01
   4.4492869e-01
   4.5206022e-01
   4.5483360e-01
   4.5483360e-01
   4.5206022e-01
   4.4651347e-01
   4.3858955e-01
   4.2551506e-01
   4.0847861e-01
   3.8827259e-01
   3.6648179e-01
   3.4706815e-01
   3.3320127e-01
   3.2725833e-01
   3.3122029e-01
   3.4469097e-01
   3.6608558e-01
   3.9381934e-01
   4.2432647e-01
   4.5443741e-01
   4.7979398e-01
   4.9762282e-01
   5.0396197e-01
   4.9683043e-01
   4.7583202e-01
   4.4374010e-01
   4.0570524e-01
   3.6885896e-01
   3.4152140e-01
   3.3082410e-01
   3.4152140e-01
   3.7440571e-01
   4.2591125e-01
   4.9167988e-01
   5.6141047e-01
   6.2678289e-01
   6.7947703e-01
   7.1156895e-01
   7.1909668e-01
   7.0047544e-01
   6.5768621e-01
   5.9508717e-01
   5.1980982e-01
   4.4096672e-01
   3.6727417e-01
   3.0784469e-01
   2.6743265e-01
   2.4920761e-01
   2.5198098e-01
   2.7337560e-01
   3.0744849e-01
   3.5063392e-01
   3.9698891e-01
   4.4374010e-01
   4.8652932e-01
   5.2337560e-01
   5.5150555e-01
   5.6854200e-01
   5.7369256e-01
   5.6735341e-01
   5.5031696e-01
   5.2654517e-01
   5.0000001e-01
   4.7345484e-01
   4.5047544e-01
   4.3185420e-01
   4.1798733e-01
   4.0768622e-01
   4.0095088e-01
   3.9817750e-01
   3.9976229e-01
   4.0808241e-01
   4.2234549e-01
   4.4255150e-01
   4.6632330e-01
   4.9088748e-01
   5.1307448e-01
   5.2971474e-01
   5.3961966e-01
   5.4199684e-01
   5.3724248e-01
   5.2733756e-01
   5.1465928e-01
   5.0079239e-01
   4.8771792e-01
   4.7741680e-01
   4.7226625e-01
   4.7305863e-01
   4.7979398e-01
   4.9247227e-01
   5.0950872e-01
   5.2812996e-01
   5.4595880e-01
   5.6061807e-01
   5.7052298e-01
   5.7646594e-01
   5.7844691e-01
   5.7805071e-01
   5.7567354e-01
   5.7171157e-01
   5.6497624e-01
   5.5586371e-01
   5.4556260e-01
   5.3446910e-01
   5.2496038e-01
   5.1941364e-01
   5.1980982e-01
   5.2496039e-01
   5.3526150e-01
   5.4754358e-01
   5.5982567e-01
   5.7012679e-01
   5.7686213e-01
   5.8003170e-01
   5.8042790e-01
   5.7686213e-01
   5.7091919e-01
   5.6061807e-01
   5.4714739e-01
   5.2931855e-01
   5.0950872e-01
   4.9009508e-01
   4.7385104e-01
   4.6394612e-01
   4.6236133e-01
   4.6988907e-01
   4.8454834e-01
   5.0515056e-01
   5.2852616e-01
   5.5150555e-01
   5.7131537e-01
   5.8518226e-01
   5.9191760e-01
   5.9033281e-01
   5.8003170e-01
   5.6220286e-01
   5.4001585e-01
   5.1584786e-01
   4.9445325e-01
   4.7900159e-01
   4.7266245e-01
   4.7464342e-01
   4.8415214e-01
   4.9801902e-01
   5.1228209e-01
   5.2456419e-01
   5.3209192e-01
   5.3446910e-01
   5.3209192e-01
   5.2575278e-01
   5.1703645e-01
   5.0633914e-01
   4.9484945e-01
   4.8415214e-01
   4.7385103e-01
   4.6632330e-01
   4.6117275e-01
   4.5839937e-01
   4.5681458e-01
   4.5522980e-01
   4.5166403e-01
   4.4532488e-01
   4.3819335e-01
   4.3423138e-01
   4.3700476e-01
   4.5285261e-01
   4.8415214e-01
   5.3050713e-01
   5.8874802e-01
   6.5213947e-01
   7.1117275e-01
   7.5752774e-01
   7.8248812e-01
   7.8209192e-01
   7.5475436e-01
   7.0285262e-01
   6.3312203e-01
   5.5348653e-01
   4.7464342e-01
   4.0451665e-01
   3.5340729e-01
   3.2606973e-01
   3.2448495e-01
   3.4627576e-01
   3.8629160e-01
   4.3621237e-01
   4.8771792e-01
   5.3169572e-01
   5.6378764e-01
   5.8122029e-01
   5.8438987e-01
   5.7527734e-01
   5.5824089e-01
   5.3605388e-01
   5.1267829e-01
   4.9049129e-01
   4.7147385e-01
   4.5879557e-01
   4.5364501e-01
   4.5839937e-01
   4.7266245e-01
   4.9524565e-01
   5.2377179e-01
   5.5467512e-01
   5.8359747e-01
   6.0697306e-01
   6.2282092e-01
   6.2876387e-01
   6.2599049e-01
   6.1568939e-01
   6.0023772e-01
   5.8161649e-01
   5.6418384e-01
   5.5110935e-01
   5.4635499e-01
   5.5269414e-01
   5.7131537e-01
   6.0063392e-01
   6.3748019e-01
   6.7591125e-01
   7.0958796e-01
   7.3335975e-01
   7.4405706e-01
   7.3890650e-01
   7.2028527e-01
   6.9215531e-01
   6.6006340e-01
   6.2955626e-01
   6.0816166e-01
   6.0023772e-01
   6.1014264e-01
   6.4025357e-01
   6.8938193e-01
   7.5396197e-01
   8.2527734e-01
   8.9500793e-01
   9.5245643e-01
   9.8930270e-01
   1.0000000e+00
   9.8375595e-01
   9.4453250e-01
   8.9104596e-01
   8.3201268e-01
   7.7654517e-01
   7.3217116e-01
   7.0324882e-01
   6.9136292e-01
   6.9651347e-01
   7.1671949e-01
   7.5000000e-01
   7.9239303e-01
   8.4033281e-01
   8.8787639e-01
   9.2828844e-01
   9.5483359e-01
   9.6315373e-01
   9.4968305e-01
   9.1561014e-01
   8.6450080e-01
   8.0348653e-01
   7.4049128e-01
   6.8304279e-01
   6.3748019e-01
   6.0736926e-01
   5.9508717e-01
   6.0023772e-01
   6.2004754e-01
   6.5095088e-01
   6.8779715e-01
   7.2305864e-01
   7.5079240e-01
   7.6426308e-01
   7.6069730e-01
   7.3771791e-01
   6.9968304e-01
   6.5213946e-01
   6.0221871e-01
   5.5824090e-01
   5.2535658e-01
   5.0752774e-01
   5.0356577e-01
   5.1188590e-01
   5.2812996e-01
   5.4833598e-01
   5.6854200e-01
   5.8478606e-01
   5.9508717e-01
   5.9587956e-01
   5.8676704e-01
   5.6656101e-01
   5.3605389e-01
   4.9762282e-01
   4.5602219e-01
   4.1521395e-01
   3.7955626e-01
   3.5340729e-01
   3.3676705e-01
   3.2963550e-01
   3.2963550e-01
   3.3359746e-01
   3.3993661e-01
   3.4548337e-01
   3.4904914e-01
   3.4984153e-01
   3.4706815e-01
   3.4112521e-01
   3.3042790e-01
   3.1656102e-01
   3.0110935e-01
   2.8486529e-01
   2.7060222e-01
   2.5990492e-01
   2.5396196e-01
   2.5356577e-01
   2.5832013e-01
   2.6703646e-01
   2.7971474e-01
   2.9477022e-01
   3.1259905e-01
   3.3122029e-01
   3.4904914e-01
   3.6370840e-01
   3.7242472e-01
   3.7282092e-01
   3.6331221e-01
   3.4469097e-01
   3.1854200e-01
   2.8803487e-01
   2.5752774e-01
   2.3177496e-01
   2.1315373e-01
   2.0522979e-01
   2.0800317e-01
   2.2345484e-01
   2.4960381e-01
   2.8565769e-01
   3.2805072e-01
   3.7282092e-01
   4.1323297e-01
   4.4532488e-01
   4.6275753e-01
   4.6354993e-01
   4.4651348e-01
   4.1600635e-01
   3.7480191e-01
   3.2963551e-01
   2.8645008e-01
   2.4920761e-01
   2.2068146e-01
   2.0324882e-01
   1.9730587e-01
   2.0126783e-01
   2.1513471e-01
   2.3692552e-01
   2.6426308e-01
   2.9397781e-01
   3.2250397e-01
   3.4587956e-01
   3.6093502e-01
   3.6727417e-01
   3.6331220e-01
   3.5182251e-01
   3.3359747e-01
   3.1180666e-01
   2.8803487e-01
   2.6465927e-01
   2.4286847e-01
   2.2543582e-01
   2.1513471e-01
   2.1473851e-01
   2.2622821e-01
   2.5118860e-01
   2.8882727e-01
   3.3478606e-01
   3.8589541e-01
   4.3541997e-01
   4.7860539e-01
   5.1109350e-01
   5.2971474e-01
   5.3526149e-01
   5.2654517e-01
   5.0792393e-01
   4.8098257e-01
   4.5047545e-01
   4.1957211e-01
   3.9183836e-01
   3.6965135e-01
   3.5380349e-01
   3.4508716e-01
   3.4191760e-01
   3.4072901e-01
   3.4033281e-01
   3.3755943e-01
   3.3240887e-01
   3.2567353e-01
   3.1814580e-01
   3.1141046e-01
   3.0586371e-01
   3.0110936e-01
   2.9556261e-01
   2.8843107e-01
   2.7892234e-01
   2.6743265e-01
   2.5633915e-01
   2.4683044e-01
   2.4247226e-01
   2.4445325e-01
   2.5237719e-01
   2.6545166e-01
   2.8248812e-01
   3.0190174e-01
   3.2250397e-01
   3.4508716e-01
   3.6925516e-01
   3.9619652e-01
   4.2472267e-01
   4.5324882e-01
   4.8058637e-01
   5.0396197e-01
   5.2020603e-01
   5.2931854e-01
   5.2852615e-01
   5.1822504e-01
   4.9881141e-01
   4.7068147e-01
   4.3660855e-01
   3.9936609e-01
   3.6212361e-01
   3.2923931e-01
   3.0507132e-01
   2.9239303e-01
   2.9120444e-01
   3.0110936e-01
   3.1893819e-01
   3.4033281e-01
   3.6172743e-01
   3.7995246e-01
   3.9342314e-01
   4.0095088e-01
   4.0253566e-01
   3.9857370e-01
   3.8946118e-01
   3.7638669e-01
   3.6053884e-01
   3.4508717e-01
   3.3359747e-01
   3.3122029e-01
   3.4112520e-01
   3.6648179e-01
   4.0570524e-01
   4.5562599e-01
   5.1109350e-01
   5.6458004e-01
   6.0974644e-01
   6.4104596e-01
   6.5530904e-01
   6.5253565e-01
   6.3470682e-01
   6.0459589e-01
   5.6695721e-01
   5.2812996e-01
   4.9207608e-01
   4.6394612e-01
   4.4809826e-01
   4.4572108e-01
   4.5800317e-01
   4.8137876e-01
   5.1267830e-01
   5.4556260e-01
   5.7606973e-01
   5.9865294e-01
   6.1053883e-01
   6.0974644e-01
   5.9627576e-01
   5.7091918e-01
   5.3605388e-01
   4.9445326e-01
   4.5087163e-01
   4.1006339e-01
   3.7678289e-01
   3.5697307e-01
   3.5301110e-01
   3.6648178e-01
   3.9461173e-01
   4.3462758e-01
   4.7939778e-01
   5.2416799e-01
   5.6299525e-01
   5.9231378e-01
   6.1172742e-01
   6.1965135e-01
   6.1727417e-01
   6.0538828e-01
   5.8438986e-01
   5.5546752e-01
   5.2060222e-01
   4.8335975e-01
   4.4651347e-01
   4.1561014e-01
   3.9302694e-01
   3.8193344e-01
   3.8351823e-01
   3.9738510e-01
   4.2036450e-01
   4.5047544e-01
   4.8415214e-01
   5.1782884e-01
   5.4912837e-01
   5.7488115e-01
   5.9310619e-01
   6.0103011e-01
   5.9825674e-01
   5.8557845e-01
   5.6576862e-01
   5.4160063e-01
   5.1822504e-01
   4.9920762e-01
   4.8692552e-01
   4.8177497e-01
   4.8335975e-01
   4.8969890e-01
   4.9881141e-01
   5.0871632e-01
   5.1901743e-01
   5.2812996e-01
   5.3605388e-01
   5.4160064e-01
   5.4437401e-01
   5.4397782e-01
   5.4041205e-01
   5.3446910e-01
   5.2733756e-01
   5.2020603e-01
   5.1426308e-01
   5.0871633e-01
   5.0356577e-01
   4.9643424e-01
   4.8811411e-01
   4.7781300e-01
   4.6988906e-01
   4.6751189e-01
   4.7543582e-01
   4.9722663e-01
   5.3328051e-01
   5.8280508e-01
   6.3906498e-01
   6.9532489e-01
   7.4366086e-01
   7.7575278e-01
   7.8763867e-01
   7.7575278e-01
   7.4088748e-01
   6.8740095e-01
   6.2282092e-01
   5.5388273e-01
   4.9049129e-01
   4.4136292e-01
   4.1283677e-01
   4.0847862e-01
   4.2709984e-01
   4.6473852e-01
   5.1465927e-01
   5.6774960e-01
   6.1687798e-01
   6.5570523e-01
   6.8026941e-01
   6.8938194e-01
   6.8462758e-01
   6.6719494e-01
   6.4025357e-01
   6.0578447e-01
   5.6656102e-01
   5.2733756e-01
   4.9128368e-01
   4.6354993e-01
   4.4770207e-01
   4.4730587e-01
   4.6196514e-01
   4.9009509e-01
   5.2812996e-01
   5.6933439e-01
   6.0974644e-01
   6.4302695e-01
   6.6561015e-01
   6.7511886e-01
   6.7115690e-01
   6.5332806e-01
   6.2361332e-01
   5.8518226e-01
   5.4160063e-01
   4.9920761e-01
   4.6236133e-01
   4.3621237e-01
   4.2551506e-01
   4.2947703e-01
   4.4928685e-01
   4.8019018e-01
   5.1901744e-01
   5.6022187e-01
   5.9944533e-01
   6.3351823e-01
   6.5768621e-01
   6.7115690e-01
   6.7234549e-01
   6.6125198e-01
   6.3946117e-01
   6.0974644e-01
   5.7725832e-01
   5.4635499e-01
   5.2218701e-01
   5.0713154e-01
   5.0237718e-01
   5.0673535e-01
   5.1664026e-01
   5.2773376e-01
   5.3803487e-01
   5.4397782e-01
   5.4595880e-01
   5.4516641e-01
   5.4160063e-01
   5.3843107e-01
   5.3526149e-01
   5.3367671e-01
   5.3328051e-01
   5.3328051e-01
   5.3565770e-01
   5.3882726e-01
   5.4358162e-01
   5.4873217e-01
   5.5348653e-01
   5.5625991e-01
   5.5665611e-01
   5.5546752e-01
   5.5348653e-01
   5.5269414e-01
   5.5546752e-01
   5.6180666e-01
   5.7131537e-01
   5.8161649e-01
   5.8993661e-01
   5.9469097e-01
   5.9350238e-01
   5.8835183e-01
   5.8122029e-01
   5.7448494e-01
   5.7171158e-01
   5.7448495e-01
   5.8399367e-01
   5.9786055e-01
   6.1370840e-01
   6.2916007e-01
   6.4183836e-01
   6.4976229e-01
   6.5055468e-01
   6.4619652e-01
   6.3668780e-01
   6.2400951e-01
   6.1093503e-01
   6.0063392e-01
   5.9548337e-01
   5.9667196e-01
   6.0301109e-01
   6.1291602e-01
   6.2202853e-01
   6.2519810e-01
   6.2044375e-01
   6.0538828e-01
   5.8201269e-01
   5.5467513e-01
   5.2852615e-01
   5.0950872e-01
   5.0118860e-01
   5.0475436e-01
   5.1941364e-01
   5.4120445e-01
   5.6695722e-01
   5.9112520e-01
   6.1053882e-01
   6.2202853e-01
   6.2519810e-01
   6.1885897e-01
   6.0459588e-01
   5.8438986e-01
   5.6180666e-01
   5.4041206e-01
   5.2297940e-01
   5.1426308e-01
   5.1386688e-01
   5.2297940e-01
   5.3803487e-01
   5.5625990e-01
   5.7408875e-01
   5.8874802e-01
   5.9944533e-01
   6.0538828e-01
   6.0697306e-01
   6.0578447e-01
   6.0103011e-01
   5.9350238e-01
   5.8320127e-01
   5.7052298e-01
   5.5665610e-01
   5.4437401e-01
   5.3565769e-01
   5.3209192e-01
   5.3407290e-01
   5.4120445e-01
   5.5110935e-01
   5.6061807e-01
   5.6656101e-01
   5.6774961e-01
   5.6458003e-01
   5.5625991e-01
   5.4556260e-01
   5.3328051e-01
   5.2060222e-01
   5.0950872e-01
   5.0000001e-01
   4.9286846e-01
   4.8930269e-01
   4.8930269e-01
   4.9286847e-01
   4.9960380e-01
   5.0792393e-01
   5.1743266e-01
   5.2654517e-01
   5.3565769e-01
   5.4556260e-01
   5.5705230e-01
   5.7091918e-01
   5.8597465e-01
   6.0103011e-01
   6.1172742e-01
   6.1687798e-01
   6.1251981e-01
   6.0063392e-01
   5.8240888e-01
   5.6299525e-01
   5.4714739e-01
   5.3961966e-01
   5.4278922e-01
   5.5705230e-01
   5.8042790e-01
   6.0776545e-01
   6.3510302e-01
   6.5768621e-01
   6.7115690e-01
   6.7313788e-01
   6.6204437e-01
   6.3985738e-01
   6.0895405e-01
   5.7250396e-01
   5.3645009e-01
   5.0396197e-01
   4.7900159e-01
   4.6275753e-01
   4.5404121e-01
   4.5047544e-01
   4.4809826e-01
   4.4374010e-01
   4.3621237e-01
   4.2432647e-01
   4.1244058e-01
   4.0332805e-01
   4.0134707e-01
   4.0966719e-01
   4.2789224e-01
   4.5562599e-01
   4.9088748e-01
   5.2931855e-01
   5.6735341e-01
   6.0221870e-01
   6.2995246e-01
   6.4896989e-01
   6.5729001e-01
   6.5412045e-01
   6.3866878e-01
   6.1489699e-01
   5.8518226e-01
   5.5467512e-01
   5.2773376e-01
   5.0792394e-01
   4.9762282e-01
   4.9524565e-01
   4.9960381e-01
   5.0713154e-01
   5.1545167e-01
   5.2218701e-01
   5.2733756e-01
   5.3050714e-01
   5.3328051e-01
   5.3684628e-01
   5.4120445e-01
   5.4635500e-01
   5.5309033e-01
   5.6101427e-01
   5.7091919e-01
   5.8201268e-01
   5.9429477e-01
   6.0578447e-01
   6.1489700e-01
   6.1846276e-01
   6.1489700e-01
   6.0419969e-01
   5.8716324e-01
   5.6656102e-01
   5.4556260e-01
   5.2694137e-01
   5.1307448e-01
   5.0515056e-01
   5.0198099e-01
   5.0396197e-01
   5.0871633e-01
   5.1584786e-01
   5.2456418e-01
   5.3367671e-01
   5.4239304e-01
   5.4873217e-01
   5.5190175e-01
   5.5229794e-01
   5.4992077e-01
   5.4635499e-01
   5.4437401e-01
   5.4635499e-01
   5.5467513e-01
   5.6893820e-01
   5.8795563e-01
   6.0816165e-01
   6.2836767e-01
   6.4461173e-01
   6.5530904e-01
   6.6006340e-01
   6.5808242e-01
   6.4896989e-01
   6.3391443e-01
   6.1331220e-01
   5.8874802e-01
   5.6339145e-01
   5.4001585e-01
   5.2297940e-01
   5.1624406e-01
   5.2099842e-01
   5.3763868e-01
   5.6378764e-01
   5.9548336e-01
   6.2717909e-01
   6.5491284e-01
   6.7551505e-01
   6.8621237e-01
   6.8700476e-01
   6.7828843e-01
   6.6006340e-01
   6.3470682e-01
   6.0380349e-01
   5.7052298e-01
   5.3763868e-01
   5.0911252e-01
   4.8969890e-01
   4.8058637e-01
   4.8335974e-01
   4.9564184e-01
   5.1584786e-01
   5.4001585e-01
   5.6339145e-01
   5.8280507e-01
   5.9587956e-01
   6.0023772e-01
   5.9508717e-01
   5.8082409e-01
   5.5903328e-01
   5.3209191e-01
   5.0396197e-01
   4.7979398e-01
   4.6394612e-01
   4.6077655e-01
   4.7107766e-01
   4.9286847e-01
   5.2258321e-01
   5.5348654e-01
   5.8082409e-01
   5.9865294e-01
   6.0538828e-01
   6.0063393e-01
   5.8597465e-01
   5.6458003e-01
   5.3882726e-01
   5.1030112e-01
   4.8019018e-01
   4.5087163e-01
   4.2393027e-01
   4.0293186e-01
   3.9183836e-01
   3.9381934e-01
   4.1204438e-01
   4.4690967e-01
   4.9643423e-01
   5.5625990e-01
   6.2004754e-01
   6.7987322e-01
   7.2939779e-01
   7.6228209e-01
   7.7456419e-01
   7.6505547e-01
   7.3573693e-01
   6.9136292e-01
   6.3866878e-01
   5.8597465e-01
   5.4001585e-01
   5.0713154e-01
   4.8890650e-01
   4.8375595e-01
   4.8811411e-01
   4.9603804e-01
   5.0198099e-01
   5.0277338e-01
   4.9762282e-01
   4.8851030e-01
   4.7979398e-01
   4.7424723e-01
   4.7543582e-01
   4.8375594e-01
   4.9841522e-01
   5.1703645e-01
   5.3645009e-01
   5.5348654e-01
   5.6616483e-01
   5.7290017e-01
   5.7210777e-01
   5.6418384e-01
   5.4833597e-01
   5.2694137e-01
   5.0198099e-01
   4.7781300e-01
   4.5839937e-01
   4.4770206e-01
   4.4968305e-01
   4.6354992e-01
   4.8771791e-01
   5.1822505e-01
   5.5031696e-01
   5.7884311e-01
   6.0063392e-01
   6.1251981e-01
   6.1450080e-01
   6.0618067e-01
   5.8874802e-01
   5.6339145e-01
   5.3328051e-01
   5.0039620e-01
   4.6949288e-01
   4.4453249e-01
   4.2987322e-01
   4.2828844e-01
   4.4096672e-01
