   8.8407805e-02
   1.4268956e-01
   2.4464114e-01
   3.7304042e-01
   5.0186627e-01
   6.0691053e-01
   6.7153674e-01
   6.8977285e-01
   6.6588461e-01
   6.1320252e-01
   5.4868295e-01
   4.8885571e-01
   4.4598486e-01
   4.2604244e-01
   4.2892183e-01
   4.4929082e-01
   4.8000426e-01
   5.1306388e-01
   5.4175109e-01
   5.6212008e-01
   5.7214461e-01
   5.7225125e-01
   5.6414631e-01
   5.5081583e-01
   5.3567239e-01
   5.2170204e-01
   5.1199744e-01
   5.0815826e-01
   5.1050442e-01
   5.1892929e-01
   5.3193985e-01
   5.4793644e-01
   5.6542604e-01
   5.8366215e-01
   6.0189826e-01
   6.1949451e-01
   6.3570438e-01
   6.4914152e-01
   6.5809960e-01
   6.6097899e-01
   6.5649995e-01
   6.4476912e-01
   6.2674629e-01
   6.0531087e-01
   5.8291564e-01
   5.6275995e-01
   5.4718993e-01
   5.3716540e-01
   5.3332622e-01
   5.3513917e-01
   5.4217767e-01
   5.5348192e-01
   5.6798550e-01
   5.8387544e-01
   5.9987203e-01
   6.1362909e-01
   6.2322705e-01
   6.2749280e-01
   6.2578650e-01
   6.1864136e-01
   6.0744374e-01
   5.9411326e-01
   5.8024955e-01
   5.6745228e-01
   5.5689453e-01
   5.4921617e-01
   5.4548363e-01
   5.4687000e-01
   5.5422843e-01
   5.6787885e-01
   5.8750133e-01
   6.1138957e-01
   6.3655754e-01
   6.5948598e-01
   6.7644236e-01
   6.8508052e-01
   6.8401408e-01
   6.7377626e-01
   6.5628666e-01
   6.3421137e-01
   6.1053642e-01
   5.8803455e-01
   5.6905193e-01
   5.5497494e-01
   5.4729658e-01
   5.4623014e-01
   5.5177562e-01
   5.6265330e-01
   5.7715687e-01
   5.9315346e-01
   6.0797697e-01
   6.1981444e-01
   6.2791938e-01
   6.3239842e-01
   6.3399808e-01
   6.3378479e-01
   6.3218514e-01
   6.2898582e-01
   6.2312040e-01
   6.1309587e-01
   5.9773915e-01
   5.7715687e-01
   5.5284206e-01
   5.2735416e-01
   5.0399915e-01
   4.8608297e-01
   4.7616508e-01
   4.7584515e-01
   4.8512317e-01
   5.0314599e-01
   5.2778074e-01
   5.5636131e-01
   5.8579503e-01
   6.1266930e-01
   6.3378479e-01
   6.4647542e-01
   6.4903487e-01
   6.4146315e-01
   6.2535992e-01
   6.0360456e-01
   5.8024955e-01
   5.5913405e-01
   5.4324411e-01
   5.3417937e-01
   5.3279300e-01
   5.3812520e-01
   5.4910952e-01
   5.6414631e-01
   5.8195585e-01
   6.0104511e-01
   6.1992108e-01
   6.3687747e-01
   6.4956809e-01
   6.5639330e-01
   6.5596673e-01
   6.4818172e-01
   6.3410473e-01
   6.1586861e-01
   5.9592620e-01
   5.7726352e-01
   5.6212008e-01
   5.5230884e-01
   5.4889624e-01
   5.5252213e-01
   5.6307988e-01
   5.8035619e-01
   6.0307134e-01
   6.2919911e-01
   6.5586008e-01
   6.7921510e-01
   6.9606484e-01
   7.0363656e-01
   7.0086382e-01
   6.8795990e-01
   6.6737763e-01
   6.4210302e-01
   6.1597526e-01
   5.9208702e-01
   5.7321105e-01
   5.6105364e-01
   5.5668124e-01
   5.6052042e-01
   5.7235790e-01
   5.9102058e-01
   6.1490882e-01
   6.4114322e-01
   6.6641783e-01
   6.8732004e-01
   7.0107710e-01
   7.0630266e-01
   7.0246347e-01
   6.9126586e-01
   6.7484270e-01
   6.5596673e-01
   6.3687747e-01
   6.1938786e-01
   6.0499094e-01
   5.9453983e-01
   5.8856777e-01
   5.8750133e-01
   5.9144716e-01
   5.9955209e-01
   6.1096299e-01
   6.2386691e-01
   6.3634425e-01
   6.4700864e-01
   6.5511357e-01
   6.6055242e-01
   6.6385838e-01
   6.6577797e-01
   6.6631119e-01
   6.6428495e-01
   6.5831289e-01
   6.4604884e-01
   6.2631972e-01
   5.9859230e-01
   5.6446625e-01
   5.2703423e-01
   4.9077530e-01
   4.6048843e-01
   4.4001280e-01
   4.3254772e-01
   4.3937293e-01
   4.6006185e-01
   4.9269489e-01
   5.3353951e-01
   5.7822331e-01
   6.2130746e-01
   6.5777967e-01
   6.8326757e-01
   6.9510504e-01
   6.9307881e-01
   6.7900181e-01
   6.5724645e-01
   6.3271835e-01
   6.1064306e-01
   5.9496641e-01
   5.8739469e-01
   5.8803455e-01
   5.9475312e-01
   6.0477765e-01
   6.1448224e-01
   6.2130745e-01
   6.2333369e-01
   6.1938786e-01
   6.0936333e-01
   5.9421990e-01
   5.7523728e-01
   5.5486829e-01
   5.3567239e-01
   5.2042231e-01
   5.1114429e-01
   5.0890477e-01
   5.1317052e-01
   5.2191533e-01
   5.3193985e-01
   5.4004479e-01
   5.4356404e-01
   5.4100459e-01
   5.3236643e-01
   5.1914258e-01
   5.0357257e-01
   4.8800256e-01
   4.7424549e-01
   4.6390103e-01
   4.5750240e-01
   4.5526288e-01
   4.5696918e-01
   4.6187480e-01
   4.6870001e-01
   4.7605844e-01
   4.8192386e-01
   4.8458996e-01
   4.8267036e-01
   4.7584515e-01
   4.6550069e-01
   4.5355657e-01
   4.4278554e-01
   4.3553375e-01
   4.3393409e-01
   4.3851978e-01
   4.4897088e-01
   4.6390103e-01
   4.8181721e-01
   5.0069318e-01
   5.1914258e-01
   5.3503253e-01
   5.4676336e-01
   5.5241548e-01
   5.5060254e-01
   5.4068465e-01
   5.2351498e-01
   5.0090647e-01
   4.7648502e-01
   4.5419644e-01
   4.3787992e-01
   4.3062813e-01
   4.3329423e-01
   4.4566493e-01
   4.6560734e-01
   4.9013544e-01
   5.1562333e-01
   5.3897835e-01
   5.5700117e-01
   5.6723899e-01
   5.6830543e-01
   5.5966727e-01
   5.4228431e-01
   5.1892930e-01
   4.9312147e-01
   4.6965981e-01
   4.5313000e-01
   4.4705129e-01
   4.5270342e-01
   4.6965981e-01
   4.9525435e-01
   5.2532793e-01
   5.5529487e-01
   5.8099605e-01
   5.9923217e-01
   6.0819025e-01
   6.0712381e-01
   5.9667271e-01
   5.7843660e-01
   5.5486829e-01
   5.2948704e-01
   5.0602538e-01
   4.8842914e-01
   4.7979098e-01
   4.8171057e-01
   4.9408126e-01
   5.1455689e-01
   5.3951157e-01
   5.6457289e-01
   5.8579503e-01
   6.0051189e-01
   6.0755039e-01
   6.0744374e-01
   6.0179162e-01
   5.9272688e-01
   5.8227578e-01
   5.7203796e-01
   5.6275994e-01
   5.5518823e-01
   5.4910952e-01
   5.4420390e-01
   5.3929828e-01
   5.3300629e-01
   5.2351498e-01
   5.0943798e-01
   4.8992215e-01
   4.6486083e-01
   4.3542711e-01
   4.0364722e-01
   3.7197398e-01
   3.4232697e-01
   3.1609257e-01
   2.9369734e-01
   2.7482137e-01
   2.5861150e-01
   2.4442785e-01
   2.3184387e-01
   2.2032633e-01
   2.0966194e-01
   1.9910419e-01
   1.8769329e-01
   1.7414952e-01
   1.5751306e-01
   1.3746401e-01
   1.1496214e-01
   9.1393838e-02
   6.9105259e-02
   5.0015997e-02
   3.5725712e-02
   2.6660978e-02
   2.2501867e-02
   2.1968645e-02
   2.3674950e-02
   2.6660980e-02
   2.9647008e-02
   3.1886529e-02
   3.2526394e-02
   3.1033379e-02
   2.6980912e-02
   2.0475633e-02
   1.2477337e-02
   4.7989763e-03
   0.0000000e+00
   8.5315243e-04
   9.5979526e-03
   2.7620774e-02
   5.4601686e-02
   8.9794179e-02
   1.3085209e-01
   1.7553589e-01
   2.2192599e-01
   2.6810280e-01
   3.1278661e-01
   3.5491095e-01
   3.9340941e-01
   4.2753546e-01
   4.5707582e-01
   4.8235043e-01
   5.0410579e-01
   5.2404820e-01
   5.4356404e-01
   5.6403967e-01
   5.8568838e-01
   6.0829690e-01
   6.3079876e-01
   6.5191426e-01
   6.7121681e-01
   6.8870641e-01
   7.0459635e-01
   7.2016636e-01
   7.3573638e-01
   7.5151967e-01
   7.6666311e-01
   7.8031353e-01
   7.9129786e-01
   7.9897622e-01
   8.0377519e-01
   8.0622801e-01
   8.0772102e-01
   8.0932068e-01
   8.1198678e-01
   8.1635917e-01
   8.2307774e-01
   8.3246241e-01
   8.4483310e-01
   8.6050976e-01
   8.7895915e-01
   8.9890157e-01
   9.1820412e-01
   9.3388077e-01
   9.4305215e-01
   9.4369201e-01
   9.3516050e-01
   9.1863069e-01
   8.9655540e-01
   8.7277381e-01
   8.5101845e-01
   8.3470193e-01
   8.2595713e-01
   8.2638370e-01
   8.3587501e-01
   8.5368455e-01
   8.7831929e-01
   9.0721979e-01
   9.3761331e-01
   9.6534073e-01
   9.8698944e-01
   9.9914685e-01
   1.0000000e+00
   9.8901568e-01
   9.6800682e-01
   9.3985283e-01
   9.0871281e-01
   8.7853258e-01
   8.5293804e-01
   8.3448864e-01
   8.2467740e-01
   8.2446411e-01
   8.3331556e-01
   8.5080516e-01
   8.7501333e-01
   9.0338061e-01
   9.3260104e-01
   9.5862216e-01
   9.7781806e-01
   9.8698944e-01
   9.8485656e-01
   9.7184600e-01
   9.4998400e-01
   9.2246987e-01
   8.9303615e-01
   8.6520209e-01
   8.4184707e-01
   8.2531727e-01
   8.1710568e-01
   8.1806548e-01
   8.2840994e-01
   8.4707262e-01
   8.7234723e-01
   9.0124773e-01
   9.2961501e-01
   9.5360990e-01
   9.6960648e-01
   9.7536525e-01
   9.7056628e-01
   9.5648928e-01
   9.3526714e-01
   9.1020582e-01
   8.8439800e-01
   8.5986989e-01
   8.3896769e-01
   8.2286445e-01
   8.1251999e-01
   8.0857417e-01
   8.1092034e-01
   8.1881199e-01
   8.3075611e-01
   8.4408659e-01
   8.5645729e-01
   8.6498880e-01
   8.6797483e-01
   8.6498880e-01
   8.5667058e-01
   8.4429988e-01
   8.3022289e-01
   8.1614589e-01
   8.0324198e-01
   7.9279087e-01
   7.8489922e-01
   7.7988696e-01
   7.7807401e-01
   7.7914045e-01
   7.8276634e-01
   7.8820518e-01
   7.9449717e-01
   8.0057588e-01
   8.0580143e-01
   8.1017383e-01
   8.1433294e-01
   8.1859870e-01
   8.2350432e-01
   8.2883651e-01
   8.3299563e-01
   8.3459529e-01
   8.3150261e-01
   8.2275781e-01
   8.0878746e-01
   7.9097792e-01
   7.7220859e-01
   7.5557214e-01
   7.4288152e-01
   7.3552309e-01
   7.3253706e-01
   7.3211048e-01
   7.3179055e-01
   7.2912445e-01
   7.2261917e-01
   7.1195478e-01
   6.9745121e-01
   6.8060147e-01
   6.6332516e-01
   6.4743521e-01
   6.3463794e-01
   6.2642636e-01
   6.2344033e-01
   6.2557321e-01
   6.3207849e-01
   6.4071665e-01
   6.4935480e-01
   6.5564679e-01
   6.5756639e-01
   6.5458036e-01
   6.4764850e-01
   6.3858377e-01
   6.2983897e-01
   6.2376026e-01
   6.2194732e-01
   6.2493335e-01
   6.3197185e-01
   6.4199637e-01
   6.5372721e-01
   6.6588461e-01
   6.7772208e-01
   6.8849312e-01
   6.9809107e-01
   7.0598272e-01
   7.1227472e-01
   7.1739362e-01
   7.2229924e-01
   7.2869788e-01
   7.3829583e-01
   7.5247947e-01
   7.7114216e-01
   7.9321745e-01
   8.1561267e-01
   8.3480857e-01
   8.4707262e-01
   8.4963208e-01
   8.4174043e-01
   8.2425083e-01
   7.9961608e-01
   7.7146209e-01
   7.4341474e-01
   7.1867335e-01
   6.9969073e-01
   6.8817319e-01
   6.8486723e-01
   6.8955956e-01
   7.0139704e-01
   7.1856670e-01
   7.3861576e-01
   7.5834489e-01
   7.7519462e-01
   7.8660552e-01
   7.9161779e-01
   7.9055135e-01
   7.8479258e-01
   7.7615442e-01
   7.6655647e-01
   7.5738509e-01
   7.4917351e-01
   7.4170844e-01
   7.3498987e-01
   7.2848459e-01
   7.2251253e-01
   7.1728698e-01
   7.1323451e-01
   7.1046177e-01
   7.0896875e-01
   7.0822225e-01
   7.0822225e-01
   7.0875547e-01
   7.0992855e-01
   7.1206143e-01
   7.1558068e-01
   7.1984643e-01
   7.2368561e-01
   7.2560520e-01
   7.2389890e-01
   7.1760691e-01
   7.0662259e-01
   6.9222566e-01
   6.7633571e-01
   6.6129892e-01
   6.4924816e-01
   6.4135651e-01
   6.3773062e-01
   6.3837048e-01
   6.4199637e-01
   6.4796843e-01
   6.5532686e-01
   6.6353845e-01
   6.7153674e-01
   6.7793537e-01
   6.8092140e-01
   6.7889517e-01
   6.7089687e-01
   6.5618002e-01
   6.3581103e-01
   6.1160286e-01
   5.8611496e-01
   5.6233337e-01
   5.4335075e-01
   5.3161992e-01
   5.2906047e-01
   5.3716540e-01
   5.5625467e-01
   5.8568838e-01
   6.2333369e-01
   6.6535139e-01
   7.0683588e-01
   7.4192172e-01
   7.6506345e-01
   7.7231524e-01
   7.6197078e-01
   7.3509651e-01
   6.9510504e-01
   6.4743521e-01
   5.9784579e-01
   5.5198891e-01
   5.1445025e-01
   4.8832249e-01
   4.7541858e-01
   4.7616509e-01
   4.8960222e-01
   5.1381039e-01
   5.4548363e-01
   5.8056948e-01
   6.1448224e-01
   6.4242295e-01
   6.6065906e-01
   6.6727098e-01
   6.6183214e-01
   6.4626213e-01
   6.2322705e-01
   5.9677935e-01
   5.7043831e-01
   5.4761651e-01
   5.3098006e-01
   5.2234190e-01
   5.2287512e-01
   5.3289965e-01
   5.5177562e-01
   5.7737016e-01
   6.0669724e-01
   6.3591767e-01
   6.6108563e-01
   6.7878852e-01
   6.8700011e-01
   6.8550709e-01
   6.7558921e-01
   6.5991255e-01
   6.4135651e-01
   6.2290711e-01
   6.0680388e-01
   5.9421990e-01
   5.8611496e-01
   5.8248907e-01
   5.8344886e-01
   5.8856777e-01
   5.9677935e-01
   6.0701717e-01
   6.1768156e-01
   6.2685294e-01
   6.3357150e-01
   6.3709076e-01
   6.3794390e-01
   6.3719740e-01
   6.3559774e-01
   6.3421137e-01
   6.3314493e-01
   6.3197185e-01
   6.3005226e-01
   6.2695958e-01
   6.2290711e-01
   6.1853471e-01
   6.1544204e-01
   6.1448224e-01
   6.1597526e-01
   6.1960115e-01
   6.2354698e-01
   6.2589314e-01
   6.2450677e-01
   6.1842807e-01
   6.0712381e-01
   5.9166044e-01
   5.7342434e-01
   5.5433507e-01
   5.3631225e-01
   5.2095553e-01
   5.0975792e-01
   5.0367921e-01
   5.0325264e-01
   5.0890477e-01
   5.1956916e-01
   5.3428602e-01
   5.5113576e-01
   5.6851872e-01
   5.8494188e-01
   5.9987203e-01
   6.1384238e-01
   6.2781273e-01
   6.4252959e-01
   6.5809960e-01
   6.7366962e-01
   6.8700011e-01
   6.9574491e-01
   6.9734457e-01
   6.9051936e-01
   6.7548256e-01
   6.5404714e-01
   6.2887917e-01
   6.0349792e-01
   5.8131599e-01
   5.6478618e-01
   5.5614802e-01
   5.5636131e-01
   5.6585262e-01
   5.8419537e-01
   6.0989656e-01
   6.4039671e-01
   6.7238989e-01
   7.0171697e-01
   7.2421883e-01
   7.3669617e-01
   7.3744268e-01
   7.2645835e-01
   7.0555615e-01
   6.7793537e-01
   6.4722193e-01
   6.1714834e-01
   5.9102058e-01
   5.7139810e-01
   5.5998720e-01
   5.5796097e-01
   5.6553269e-01
   5.8174256e-01
   6.0424443e-01
   6.2962568e-01
   6.5362056e-01
   6.7143009e-01
   6.7932174e-01
   6.7494934e-01
   6.5809960e-01
   6.3037219e-01
   5.9549963e-01
   5.5732111e-01
   5.1988909e-01
   4.8661619e-01
   4.5995521e-01
   4.4107923e-01
   4.3009491e-01
   4.2646902e-01
   4.2870854e-01
   4.3446731e-01
   4.4107924e-01
   4.4545164e-01
   4.4513170e-01
   4.3830649e-01
   4.2476272e-01
   4.0535353e-01
   3.8199851e-01
   3.5715047e-01
   3.3283566e-01
   3.1054708e-01
   2.9081796e-01
   2.7322171e-01
   2.5754506e-01
   2.4346806e-01
   2.3120401e-01
   2.2128612e-01
   2.1403434e-01
   2.0966194e-01
   2.0784899e-01
   2.0731577e-01
   2.0720913e-01
   2.0624933e-01
   2.0358324e-01
   1.9921084e-01
   1.9313213e-01
   1.8577370e-01
   1.7745548e-01
   1.6817745e-01
   1.5857950e-01
   1.4951477e-01
   1.4204969e-01
   1.3799723e-01
   1.3874373e-01
   1.4578223e-01
   1.5921937e-01
   1.7873520e-01
   2.0283673e-01
   2.2981764e-01
   2.5871814e-01
   2.8836515e-01
   3.1843873e-01
   3.4893889e-01
   3.7911912e-01
   4.0780633e-01
   4.3340087e-01
   4.5419644e-01
   4.6838008e-01
   4.7541858e-01
   4.7627173e-01
   4.7285912e-01
   4.6784686e-01
   4.6454090e-01
   4.6560734e-01
   4.7317906e-01
   4.8842914e-01
   5.1178415e-01
   5.4292418e-01
   5.8067612e-01
   6.2333369e-01
   6.6780420e-01
   7.1099499e-01
   7.4864029e-01
   7.7732750e-01
   7.9492375e-01
   8.0057588e-01
   7.9524368e-01
   7.8180655e-01
   7.6399701e-01
   7.4565426e-01
   7.2997760e-01
   7.1973979e-01
   7.1643383e-01
   7.2101952e-01
   7.3360350e-01
   7.5386584e-01
   7.8095340e-01
   8.1283993e-01
   8.4675269e-01
   8.7917244e-01
   9.0626000e-01
   9.2470939e-01
   9.3249440e-01
   9.2918844e-01
   9.1575131e-01
   8.9495574e-01
   8.7000107e-01
   8.4440653e-01
   8.2115815e-01
   8.0324198e-01
   7.9268423e-01
   7.9087128e-01
   7.9822971e-01
   8.1422630e-01
   8.3736803e-01
   8.6413565e-01
   8.9100992e-01
   9.1415165e-01
   9.2972166e-01
   9.3622694e-01
   9.3313427e-01
   9.2214994e-01
   9.0551349e-01
   8.8631758e-01
   8.6690839e-01
   8.4931215e-01
   8.3459529e-01
   8.2297110e-01
   8.1465287e-01
   8.0953397e-01
   8.0740109e-01
   8.0782766e-01
   8.1038712e-01
   8.1369308e-01
   8.1710569e-01
   8.1966514e-01
   8.2105151e-01
   8.2158473e-01
   8.2190466e-01
   8.2233124e-01
   8.2286446e-01
   8.2318439e-01
   8.2190466e-01
   8.1774555e-01
   8.0974725e-01
   7.9780313e-01
   7.8308627e-01
   7.6740962e-01
   7.5301269e-01
   7.4202837e-01
   7.3594966e-01
   7.3562973e-01
   7.4085528e-01
   7.5141303e-01
   7.6655647e-01
   7.8521915e-01
   8.0580143e-01
   8.2670364e-01
   8.4493975e-01
   8.5784366e-01
   8.6306921e-01
   8.5891010e-01
   8.4515303e-01
   8.2339767e-01
   7.9673670e-01
   7.6858270e-01
   7.4277487e-01
   7.2251253e-01
   7.1003519e-01
   7.0598272e-01
   7.1078170e-01
   7.2347232e-01
   7.4288152e-01
   7.6687640e-01
   7.9289752e-01
   8.1774555e-01
   8.3832782e-01
   8.5165831e-01
   8.5603071e-01
   8.5101845e-01
   8.3768796e-01
   8.1849206e-01
   7.9588354e-01
   7.7295510e-01
   7.5173296e-01
   7.3371014e-01
   7.1973979e-01
   7.1035512e-01
   7.0566279e-01
   7.0619601e-01
   7.1152821e-01
   7.2101952e-01
   7.3253706e-01
   7.4394796e-01
   7.5194625e-01
   7.5397248e-01
   7.4842700e-01
   7.3509651e-01
   7.1483417e-01
   6.8998614e-01
   6.6343180e-01
   6.3805055e-01
   6.1629519e-01
   6.0061853e-01
   5.9251360e-01
   5.9304682e-01
   6.0275141e-01
   6.2120081e-01
   6.4668871e-01
   6.7622907e-01
   7.0598272e-01
   7.3179055e-01
   7.5002666e-01
   7.5823824e-01
   7.5589208e-01
   7.4426789e-01
   7.2549856e-01
   7.0331663e-01
   6.8049483e-01
   6.5991255e-01
   6.4359603e-01
   6.3261171e-01
   6.2759945e-01
   6.2866588e-01
   6.3527781e-01
   6.4615549e-01
   6.5916604e-01
   6.7228325e-01
   6.8294764e-01
   6.8923963e-01
   6.9051936e-01
   6.8700011e-01
   6.7996161e-01
   6.7100352e-01
   6.6183214e-01
   6.5362056e-01
   6.4658206e-01
   6.4039672e-01
   6.3495788e-01
   6.2973232e-01
   6.2525328e-01
   6.2173403e-01
   6.1970780e-01
   6.1970780e-01
   6.2141410e-01
   6.2461342e-01
   6.2866588e-01
   6.3346486e-01
   6.3911699e-01
   6.4572891e-01
   6.5319399e-01
   6.6140557e-01
   6.6887064e-01
   6.7409619e-01
   6.7526928e-01
   6.7121681e-01
   6.6172550e-01
   6.4786179e-01
   6.3186520e-01
   6.1608190e-01
   6.0317799e-01
   5.9485976e-01
   5.9240695e-01
   5.9581956e-01
   6.0477765e-01
   6.1874800e-01
   6.3655753e-01
   6.5671324e-01
   6.7729551e-01
   6.9574491e-01
   7.0907540e-01
   7.1504746e-01
   7.1174150e-01
   6.9873094e-01
   6.7740215e-01
   6.5010131e-01
   6.1981444e-01
   5.8963421e-01
   5.6222673e-01
   5.3897835e-01
   5.2084889e-01
   5.0815826e-01
   5.0079983e-01
   4.9845366e-01
   5.0133305e-01
   5.0847819e-01
   5.1882265e-01
   5.3087341e-01
   5.4260424e-01
   5.5209555e-01
   5.5785433e-01
   5.5902741e-01
   5.5572145e-01
   5.4814973e-01
   5.3759198e-01
   5.2532793e-01
   5.1285059e-01
   5.0250613e-01
   4.9664071e-01
   4.9802709e-01
   5.0837155e-01
   5.2874054e-01
   5.5860083e-01
   5.9507305e-01
   6.3378479e-01
   6.6951050e-01
   6.9745121e-01
   7.1398102e-01
   7.1760691e-01
   7.0918204e-01
   6.9126586e-01
   6.6769756e-01
   6.4263624e-01
   6.1981444e-01
   6.0200491e-01
   5.9144716e-01
   5.8931428e-01
   5.9581956e-01
   6.1010984e-01
   6.3047883e-01
   6.5415378e-01
   6.7740215e-01
   6.9691799e-01
   7.0971526e-01
   7.1408766e-01
   7.0982191e-01
   6.9819772e-01
   6.8145462e-01
   6.6236536e-01
   6.4306281e-01
   6.2546657e-01
   6.1021649e-01
   5.9827237e-01
   5.8952757e-01
   5.8430202e-01
   5.8248907e-01
   5.8398208e-01
   5.8814120e-01
   5.9400661e-01
   6.0061853e-01
   6.0723046e-01
   6.1320252e-01
   6.1874800e-01
   6.2429349e-01
   6.2994561e-01
   6.3559774e-01
   6.4007678e-01
   6.4199638e-01
   6.3965021e-01
   6.3218513e-01
   6.1917458e-01
   6.0211155e-01
   5.8323558e-01
   5.6542604e-01
   5.5102911e-01
   5.4239096e-01
   5.4025808e-01
   5.4495041e-01
   5.5582809e-01
   5.7193132e-01
   5.9176709e-01
   6.1405567e-01
   6.3623760e-01
   6.5596673e-01
   6.7047030e-01
   6.7761544e-01
   6.7590914e-01
   6.6545804e-01
   6.4743521e-01
   6.2461342e-01
   6.0019196e-01
   5.7737016e-01
   5.5860083e-01
   5.4591021e-01
   5.4025808e-01
   5.4228431e-01
   5.5188227e-01
   5.6862536e-01
   5.9112723e-01
   6.1757492e-01
   6.4476912e-01
   6.6908393e-01
   6.8689346e-01
   6.9542498e-01
   6.9307881e-01
   6.8028154e-01
   6.5927269e-01
   6.3303829e-01
   6.0552415e-01
   5.8035619e-01
   5.6084035e-01
   5.4878959e-01
   5.4569692e-01
   5.5220220e-01
   5.6777221e-01
   5.9080729e-01
   6.1906793e-01
   6.4882158e-01
   6.7590914e-01
   6.9649142e-01
   7.0726245e-01
   7.0672923e-01
   6.9521169e-01
   6.7462941e-01
   6.4807508e-01
   6.1949451e-01
   5.9208702e-01
   5.6883865e-01
   5.5188227e-01
   5.4249760e-01
   5.4164445e-01
   5.4953610e-01
   5.6553269e-01
   5.8782126e-01
   6.1373574e-01
   6.3975685e-01
   6.6172550e-01
   6.7665565e-01
   6.8188120e-01
   6.7708222e-01
   6.6311187e-01
   6.4252959e-01
   6.1864136e-01
   5.9421990e-01
   5.7214461e-01
   5.5454836e-01
   5.4249760e-01
   5.3695212e-01
   5.3801856e-01
   5.4516370e-01
   5.5710782e-01
   5.7193132e-01
   5.8728805e-01
   6.0093847e-01
   6.1096299e-01
   6.1650848e-01
   6.1778820e-01
   6.1565533e-01
   6.1181615e-01
   6.0744374e-01
   6.0317799e-01
   5.9869894e-01
   5.9358004e-01
   5.8728804e-01
   5.7960968e-01
   5.7118481e-01
   5.6318652e-01
   5.5689453e-01
   5.5337528e-01
   5.5337528e-01
   5.5689453e-01
   5.6361310e-01
   5.7289112e-01
   5.8430202e-01
   5.9709929e-01
   6.1042977e-01
   6.2322705e-01
   6.3346486e-01
   6.3954356e-01
   6.3954356e-01
   6.3250507e-01
   6.1864136e-01
   5.9944545e-01
   5.7747681e-01
   5.5561480e-01
   5.3673883e-01
   5.2266183e-01
   5.1445025e-01
   5.1253066e-01
   5.1647648e-01
   5.2586115e-01
   5.3983150e-01
   5.5732110e-01
   5.7715687e-01
   5.9709928e-01
   6.1501546e-01
   6.2877253e-01
   6.3655753e-01
   6.3773062e-01
   6.3282500e-01
   6.2322705e-01
   6.1096299e-01
   5.9795244e-01
   5.8622161e-01
   5.7694359e-01
   5.7097153e-01
   5.6905193e-01
   5.7193132e-01
   5.8003626e-01
   5.9336675e-01
   6.1117628e-01
   6.3165191e-01
   6.5212755e-01
   6.6929722e-01
   6.8038818e-01
   6.8358750e-01
   6.7804202e-01
   6.6449824e-01
   6.4498240e-01
   6.2184067e-01
   5.9816572e-01
   5.7651701e-01
   5.5966727e-01
   5.4964274e-01
   5.4868295e-01
   5.5764104e-01
   5.7694358e-01
   6.0467100e-01
   6.3783726e-01
   6.7206996e-01
   7.0214354e-01
   7.2325904e-01
   7.3232377e-01
   7.2784473e-01
   7.1067506e-01
   6.8380079e-01
   6.5106111e-01
   6.1682841e-01
   5.8515517e-01
   5.5956063e-01
   5.4228431e-01
   5.3492588e-01
   5.3769862e-01
   5.4974939e-01
   5.6905194e-01
   5.9240695e-01
   6.1576197e-01
   6.3559774e-01
   6.4839501e-01
   6.5244748e-01
   6.4764850e-01
   6.3527781e-01
   6.1800149e-01
   5.9837901e-01
   5.7918311e-01
   5.6244001e-01
   5.4921617e-01
   5.4015143e-01
   5.3535246e-01
   5.3471260e-01
   5.3791191e-01
   5.4431055e-01
   5.5284206e-01
   5.6254666e-01
   5.7203797e-01
   5.8067612e-01
   5.8803455e-01
   5.9475312e-01
   6.0115175e-01
   6.0776368e-01
   6.1448224e-01
   6.2024102e-01
   6.2333369e-01
   6.2237389e-01
   6.1618855e-01
   6.0499094e-01
   5.9027407e-01
   5.7481071e-01
   5.6084036e-01
   5.5081583e-01
   5.4537699e-01
   5.4409726e-01
   5.4537699e-01
   5.4718993e-01
   5.4761651e-01
   5.4537699e-01
   5.3993815e-01
   5.3172657e-01
   5.2127546e-01
   5.0986456e-01
   4.9845366e-01
   4.8842914e-01
   4.8085742e-01
   4.7669830e-01
   4.7659166e-01
   4.8075077e-01
   4.8864242e-01
   4.9930681e-01
   5.1146422e-01
   5.2415485e-01
   5.3716540e-01
   5.5070918e-01
   5.6531940e-01
   5.8174256e-01
   5.9944545e-01
   6.1736163e-01
   6.3335822e-01
   6.4466247e-01
   6.4903487e-01
   6.4508905e-01
   6.3303829e-01
   6.1458889e-01
   5.9230031e-01
   5.6926522e-01
   5.4868295e-01
   5.3289965e-01
   5.2362163e-01
   5.2202197e-01
   5.2831396e-01
   5.4260424e-01
   5.6350645e-01
   5.8888770e-01
   6.1586862e-01
   6.4071665e-01
   6.5969926e-01
   6.6993708e-01
   6.6983043e-01
   6.5916604e-01
   6.4007678e-01
   6.1512211e-01
   5.8771462e-01
   5.6105364e-01
   5.3780527e-01
   5.1999573e-01
   5.0890477e-01
   5.0559880e-01
   5.1050442e-01
   5.2298176e-01
   5.4185774e-01
   5.6457289e-01
   5.8803455e-01
   6.0840354e-01
   6.2258718e-01
   6.2845260e-01
   6.2514664e-01
   6.1362909e-01
   5.9581956e-01
   5.7470406e-01
   5.5262877e-01
   5.3236643e-01
   5.1519676e-01
   5.0271942e-01
   4.9546763e-01
   4.9386797e-01
   4.9770715e-01
   5.0602538e-01
   5.1732964e-01
   5.2948704e-01
   5.4068465e-01
   5.4910953e-01
   5.5380186e-01
   5.5486830e-01
   5.5284206e-01
   5.4921617e-01
   5.4452384e-01
   5.3919164e-01
   5.3321958e-01
   5.2628773e-01
   5.1860936e-01
   5.1061107e-01
   5.0346593e-01
   4.9909353e-01
   4.9834702e-01
   5.0143969e-01
   5.0741175e-01
   5.1391703e-01
   5.1786286e-01
   5.1647648e-01
   5.0762504e-01
   4.9098859e-01
   4.6752693e-01
   4.3947958e-01
   4.1015250e-01
   3.8285166e-01
   3.6077637e-01
   3.4680602e-01
   3.4264690e-01
   3.4904554e-01
   3.6536206e-01
   3.8967687e-01
   4.1921724e-01
   4.5035726e-01
   4.8000426e-01
   5.0549216e-01
   5.2618108e-01
   5.4228431e-01
   5.5540151e-01
   5.6745228e-01
   5.7939640e-01
   5.9123387e-01
   6.0189826e-01
   6.0915005e-01
   6.1074971e-01
   6.0531087e-01
   5.9262024e-01
   5.7406420e-01
   5.5188227e-01
   5.2927375e-01
   5.0890477e-01
   4.9333476e-01
   4.8458995e-01
   4.8341687e-01
   4.9013544e-01
   5.0485230e-01
   5.2596779e-01
   5.5177562e-01
   5.7896982e-01
   6.0424443e-01
   6.2408020e-01
   6.3538445e-01
   6.3719740e-01
   6.2898582e-01
   6.1288258e-01
   5.9112723e-01
   5.6670577e-01
   5.4271089e-01
   5.2138210e-01
   5.0474565e-01
   4.9429455e-01
   4.9141517e-01
   4.9653407e-01
   5.0954463e-01
   5.2916711e-01
   5.5316199e-01
   5.7779674e-01
   5.9944545e-01
   6.1437560e-01
   6.2024102e-01
   6.1650848e-01
   6.0381785e-01
   5.8451530e-01
   5.6148022e-01
   5.3769862e-01
   5.1572998e-01
   4.9749387e-01
   4.8448331e-01
   4.7755146e-01
   4.7712488e-01
   4.8288365e-01
   4.9386797e-01
   5.0837155e-01
   5.2404820e-01
   5.3812520e-01
   5.4857630e-01
   5.5390850e-01
   5.5401514e-01
   5.4964274e-01
   5.4196438e-01
   5.3236643e-01
   5.2191533e-01
   5.1125093e-01
   5.0047990e-01
   4.8949557e-01
   4.7893783e-01
   4.6944652e-01
   4.6208809e-01
   4.5792897e-01
   4.5739576e-01
   4.6048843e-01
   4.6635384e-01
   4.7413885e-01
   4.8267036e-01
   4.9109523e-01
   4.9856031e-01
   5.0431908e-01
   5.0773168e-01
   5.0773168e-01
   5.0335928e-01
   4.9429455e-01
   4.8064413e-01
   4.6368775e-01
   4.4587821e-01
   4.2977498e-01
   4.1836408e-01
   4.1313853e-01
   4.1505812e-01
   4.2358963e-01
   4.3734670e-01
   4.5440973e-01
   4.7285913e-01
   4.9120188e-01
   5.0773168e-01
   5.2148875e-01
   5.3076677e-01
   5.3481924e-01
   5.3300629e-01
   5.2575451e-01
   5.1455689e-01
   5.0165298e-01
   4.8981550e-01
   4.8139064e-01
   4.7733817e-01
   4.7691159e-01
   4.7797803e-01
   4.7755146e-01
   4.7232590e-01
   4.5995521e-01
   4.3990615e-01
   4.1324518e-01
   3.8274501e-01
   3.5171164e-01
   3.2430415e-01
   3.0393516e-01
   2.9305748e-01
   2.9327077e-01
   3.0446838e-01
   3.2505066e-01
   3.5213821e-01
   3.8157193e-01
   4.0876613e-01
   4.2966834e-01
   4.4097259e-01
   4.4214568e-01
   4.3393409e-01
   4.1911059e-01
   4.0204756e-01
   3.8679748e-01
   3.7645302e-01
   3.7336035e-01
   3.7773275e-01
   3.8925029e-01
   4.0620668e-01
   4.2700224e-01
   4.4982404e-01
   4.7275248e-01
   4.9450784e-01
   5.1359710e-01
   5.2927375e-01
   5.4121787e-01
   5.5006932e-01
   5.5742775e-01
   5.6510611e-01
   5.7481071e-01
   5.8728805e-01
   6.0243148e-01
   6.1832143e-01
   6.3250507e-01
   6.4242295e-01
   6.4604884e-01
   6.4284953e-01
   6.3335822e-01
   6.1960115e-01
   6.0360456e-01
   5.8782126e-01
   5.7417084e-01
   5.6361310e-01
   5.5742775e-01
   5.5593473e-01
   5.5934734e-01
   5.6723899e-01
   5.7907646e-01
   5.9315346e-01
   6.0723046e-01
   6.1906793e-01
   6.2653301e-01
   6.2834595e-01
   6.2461342e-01
   6.1608190e-01
   6.0403114e-01
   5.9006079e-01
   5.7502399e-01
   5.5913405e-01
   5.4239096e-01
   5.2468807e-01
   5.0602538e-01
   4.8736270e-01
   4.6965981e-01
   4.5472966e-01
   4.4385198e-01
   4.3819985e-01
   4.3830649e-01
   4.4438520e-01
   4.5611603e-01
   4.7349899e-01
   4.9525435e-01
   5.2042231e-01
   5.4655007e-01
   5.7097153e-01
   5.9048736e-01
   6.0221819e-01
   6.0467100e-01
   5.9763250e-01
   5.8291564e-01
   5.6371974e-01
   5.4399062e-01
   5.2778074e-01
   5.1775621e-01
   5.1562333e-01
   5.2159539e-01
   5.3471259e-01
   5.5337528e-01
   5.7523728e-01
   5.9784579e-01
   6.1874800e-01
   6.3549109e-01
   6.4572891e-01
   6.4828836e-01
   6.4274288e-01
   6.3026554e-01
   6.1320252e-01
   5.9421990e-01
   5.7641037e-01
   5.6201344e-01
   5.5262877e-01
   5.4836302e-01
   5.4889624e-01
   5.5337528e-01
   5.6126693e-01
   5.7182468e-01
   5.8472859e-01
   5.9923216e-01
   6.1405567e-01
   6.2802602e-01
   6.3911699e-01
   6.4615549e-01
   6.4818172e-01
   6.4540898e-01
   6.3869041e-01
   6.2930575e-01
   6.1885464e-01
   6.0861683e-01
   5.9987203e-01
   5.9326010e-01
   5.9006079e-01
   5.9166044e-01
   5.9869894e-01
   6.1202943e-01
   6.3133198e-01
   6.5458036e-01
   6.7921510e-01
   7.0182361e-01
   7.1867335e-01
   7.2752479e-01
   7.2731151e-01
   7.1867335e-01
   7.0342327e-01
   6.8422737e-01
   6.6385838e-01
   6.4476912e-01
   6.2866588e-01
   6.1725499e-01
   6.1096299e-01
   6.1042977e-01
   6.1544204e-01
   6.2514664e-01
   6.3794391e-01
   6.5180761e-01
   6.6439160e-01
   6.7356297e-01
   6.7857524e-01
   6.7910846e-01
   6.7633571e-01
   6.7143009e-01
   6.6567132e-01
   6.5969926e-01
   6.5383385e-01
   6.4743521e-01
   6.4050336e-01
   6.3261171e-01
   6.2429349e-01
   6.1629519e-01
   6.0957662e-01
   6.0488429e-01
   6.0264477e-01
   6.0307134e-01
   6.0605738e-01
   6.1160286e-01
   6.1960115e-01
   6.3015890e-01
   6.4274288e-01
   6.5628666e-01
   6.6887064e-01
   6.7804202e-01
   6.8166791e-01
   6.7825531e-01
   6.6791084e-01
   6.5180762e-01
   6.3261171e-01
   6.1362909e-01
   5.9763250e-01
   5.8728804e-01
   5.8344886e-01
   5.8654154e-01
   5.9581956e-01
   6.1010984e-01
   6.2813267e-01
   6.4775515e-01
   6.6705769e-01
   6.8380079e-01
   6.9510504e-01
   6.9905087e-01
   6.9446518e-01
   6.8156127e-01
   6.6172550e-01
   6.3762397e-01
   6.1256265e-01
   5.8974085e-01
   5.7182468e-01
   5.6052042e-01
   5.5657460e-01
   5.6073371e-01
   5.7214461e-01
   5.9027408e-01
   6.1362909e-01
   6.3986350e-01
   6.6620454e-01
   6.8902634e-01
   7.0534286e-01
   7.1248800e-01
   7.0982190e-01
   6.9777114e-01
   6.7857524e-01
   6.5543351e-01
   6.3154527e-01
   6.1010984e-01
   5.9315346e-01
   5.8259571e-01
   5.7918311e-01
   5.8323558e-01
   5.9485976e-01
   6.1288259e-01
   6.3581103e-01
   6.6065906e-01
   6.8412072e-01
   7.0289005e-01
   7.1366108e-01
   7.1494081e-01
   7.0651594e-01
   6.8966620e-01
   6.6705769e-01
   6.4156980e-01
   6.1597526e-01
   5.9304682e-01
   5.7470406e-01
   5.6244001e-01
   5.5753439e-01
   5.6052042e-01
   5.7129146e-01
   5.8899435e-01
   6.1128293e-01
   6.3527781e-01
   6.5756639e-01
   6.7505599e-01
   6.8540045e-01
   6.8774661e-01
   6.8262771e-01
   6.7164338e-01
   6.5692652e-01
   6.4050336e-01
   6.2429348e-01
   6.0925669e-01
   5.9667271e-01
   5.8718140e-01
   5.8152927e-01
   5.8014290e-01
   5.8291564e-01
   5.8931428e-01
   5.9837901e-01
   6.0840354e-01
   6.1810814e-01
   6.2663965e-01
   6.3389144e-01
   6.3997014e-01
   6.4508905e-01
   6.4956809e-01
   6.5276741e-01
   6.5372721e-01
   6.5127440e-01
   6.4466247e-01
   6.3389144e-01
   6.1992108e-01
   6.0435107e-01
   5.8931428e-01
   5.7673030e-01
   5.6819878e-01
   5.6446625e-01
   5.6595926e-01
   5.7257119e-01
   5.8408873e-01
   5.9976538e-01
   6.1842807e-01
   6.3794391e-01
   6.5575344e-01
   6.6865735e-01
   6.7366962e-01
   6.6855071e-01
   6.5319398e-01
   6.2887917e-01
   5.9880559e-01
   5.6734563e-01
   5.3855178e-01
   5.1658313e-01
   5.0357257e-01
   5.0101312e-01
   5.0847819e-01
   5.2490135e-01
   5.4761651e-01
   5.7363762e-01
   5.9944545e-01
   6.2077423e-01
   6.3431801e-01
   6.3730404e-01
   6.2855924e-01
   6.0883012e-01
   5.8056948e-01
   5.4750986e-01
   5.1381039e-01
   4.8320358e-01
   4.5888877e-01
   4.4214568e-01
   4.3393409e-01
   4.3393409e-01
   4.4129252e-01
   4.5526288e-01
   4.7413885e-01
   4.9610750e-01
   5.1871601e-01
   5.3887171e-01
   5.5390850e-01
   5.6158686e-01
   5.6094700e-01
   5.5273542e-01
   5.3855178e-01
   5.2116882e-01
   5.0346593e-01
   4.8789591e-01
   4.7680495e-01
   4.7157940e-01
   4.7328570e-01
   4.8224379e-01
   4.9877359e-01
   5.2223525e-01
   5.5113576e-01
   5.8312893e-01
   6.1480218e-01
   6.4263624e-01
   6.6353845e-01
   6.7526928e-01
   6.7772208e-01
   6.7175003e-01
   6.5991255e-01
   6.4487576e-01
   6.2941239e-01
   6.1576197e-01
   6.0563080e-01
   5.9987203e-01
   5.9901887e-01
   6.0349792e-01
   6.1288259e-01
   6.2599979e-01
   6.4156980e-01
   6.5745974e-01
   6.7121681e-01
   6.8124134e-01
   6.8625360e-01
   6.8668017e-01
   6.8305428e-01
   6.7697558e-01
   6.6972379e-01
   6.6215207e-01
   6.5436707e-01
   6.4626213e-01
   6.3751733e-01
   6.2823931e-01
   6.1864136e-01
   6.0989656e-01
   6.0264477e-01
   5.9773915e-01
   5.9571291e-01
   5.9656607e-01
   6.0040525e-01
   6.0712381e-01
   6.1672177e-01
   6.2919910e-01
   6.4391597e-01
   6.5959262e-01
   6.7388290e-01
   6.8401408e-01
   6.8753333e-01
   6.8230777e-01
   6.6812413e-01
   6.4626213e-01
   6.1970779e-01
   5.9208702e-01
   5.6713235e-01
   5.4836301e-01
   5.3769862e-01
   5.3631225e-01
   5.4431055e-01
   5.6073371e-01
   5.8376880e-01
   6.1106964e-01
   6.3965021e-01
   6.6545804e-01
   6.8518716e-01
   6.9531833e-01
   6.9382532e-01
   6.8049483e-01
   6.5692652e-01
   6.2631972e-01
   5.9283353e-01
   5.6094700e-01
   5.3460595e-01
   5.1658313e-01
   5.0879812e-01
   5.1199744e-01
   5.2564786e-01
   5.4868295e-01
   5.7886318e-01
   6.1298923e-01
   6.4711528e-01
   6.7697558e-01
   6.9883758e-01
   7.0992855e-01
   7.0939533e-01
   6.9819772e-01
   6.7900181e-01
   6.5532686e-01
   6.3090541e-01
   6.0925669e-01
   5.9283353e-01
   5.8323558e-01
   5.8131599e-01
   5.8739469e-01
   6.0072518e-01
   6.2034766e-01
   6.4412925e-01
   6.6951050e-01
   6.9297217e-01
   7.1120828e-01
   7.2155273e-01
   7.2240589e-01
   7.1398102e-01
   6.9787779e-01
   6.7708222e-01
   6.5447371e-01
   6.3325157e-01
   6.1576197e-01
   6.0371121e-01
   5.9859230e-01
   6.0061853e-01
   6.1042977e-01
   6.2695958e-01
   6.4903487e-01
   6.7398955e-01
   6.9883758e-01
   7.2005972e-01
   7.3488323e-01
   7.4149515e-01
   7.3978885e-01
   7.3061747e-01
   7.1622054e-01
   6.9883758e-01
   6.8081476e-01
   6.6353845e-01
   6.4818172e-01
   6.3538445e-01
   6.2567986e-01
   6.1949451e-01
   6.1682841e-01
   6.1768156e-01
   6.2109417e-01
   6.2621308e-01
   6.3143863e-01
   6.3549109e-01
   6.3751733e-01
   6.3783726e-01
   6.3645089e-01
   6.3431801e-01
   6.3175856e-01
   6.2834595e-01
   6.2376027e-01
   6.1682841e-01
   6.0723046e-01
   5.9539298e-01
   5.8206249e-01
   5.6937187e-01
   5.5913405e-01
   5.5262877e-01
   5.5049589e-01
   5.5188227e-01
   5.5550816e-01
   5.5924069e-01
   5.6148022e-01
   5.6052042e-01
   5.5593473e-01
   5.4740322e-01
   5.3513917e-01
   5.2010238e-01
   5.0335928e-01
   4.8661619e-01
   4.7189933e-01
   4.6123494e-01
   4.5632932e-01
   4.5824891e-01
   4.6710035e-01
   4.8160393e-01
   5.0015997e-01
   5.2116882e-01
   5.4292418e-01
   5.6446625e-01
   5.8547510e-01
   6.0531086e-01
   6.2333369e-01
   6.3815719e-01
   6.4807508e-01
   6.5159433e-01
   6.4786179e-01
   6.3730404e-01
   6.2173403e-01
   6.0381785e-01
   5.8654154e-01
   5.7161139e-01
   5.5988056e-01
   5.5049589e-01
   5.4121787e-01
   5.2948704e-01
   5.1349045e-01
   4.9269489e-01
   4.6774022e-01
   4.4097259e-01
   4.1537805e-01
   3.9404927e-01
   3.7986563e-01
   3.7474672e-01
   3.7922577e-01
   3.9287619e-01
   4.1345846e-01
   4.3798656e-01
   4.6240802e-01
   4.8267036e-01
   4.9525435e-01
   4.9824038e-01
   4.9141517e-01
   4.7659166e-01
   4.5750240e-01
   4.3830649e-01
   4.2326970e-01
   4.1537805e-01
   4.1623121e-01
   4.2561587e-01
   4.4235896e-01
   4.6432761e-01
   4.8928229e-01
   5.1530340e-01
   5.4025808e-01
   5.6265330e-01
   5.8110270e-01
   5.9453983e-01
   6.0275141e-01
   6.0616402e-01
   6.0627066e-01
   6.0531087e-01
   6.0520422e-01
   6.0765703e-01
   6.1309587e-01
   6.2066759e-01
   6.2877253e-01
   6.3538445e-01
   6.3901034e-01
   6.3890370e-01
   6.3506452e-01
   6.2855924e-01
   6.2056095e-01
   6.1234936e-01
   6.0424443e-01
   5.9709929e-01
   5.9070065e-01
   5.8579503e-01
   5.8227578e-01
   5.8110270e-01
   5.8227578e-01
   5.8558174e-01
   5.9048736e-01
   5.9603285e-01
   6.0157833e-01
   6.0637730e-01
   6.1042977e-01
   6.1426896e-01
   6.1821478e-01
   6.2205396e-01
   6.2525328e-01
   6.2685294e-01
   6.2546657e-01
   6.2013437e-01
   6.1106964e-01
   5.9901888e-01
   5.8590167e-01
   5.7374427e-01
   5.6435960e-01
   5.5902741e-01
   5.5838754e-01
   5.6201344e-01
   5.6969180e-01
   5.8024955e-01
   5.9283353e-01
   6.0627066e-01
   6.1885464e-01
   6.2887917e-01
   6.3421137e-01
   6.3357150e-01
   6.2663965e-01
   6.1469553e-01
   5.9965874e-01
   5.8472859e-01
   5.7267783e-01
   5.6531940e-01
   5.6254666e-01
   5.6286659e-01
   5.6329316e-01
   5.6073371e-01
   5.5262877e-01
   5.3769862e-01
   5.1647648e-01
   4.9120188e-01
   4.6518076e-01
   4.4225232e-01
   4.2604245e-01
   4.1943052e-01
   4.2422950e-01
   4.4065266e-01
   4.6720700e-01
   5.0111976e-01
   5.3844513e-01
   5.7459742e-01
   6.0605738e-01
   6.3058547e-01
   6.4754186e-01
   6.5873947e-01
   6.6695105e-01
   6.7516263e-01
   6.8593367e-01
   6.9990402e-01
   7.1568732e-01
   7.3104405e-01
   7.4234830e-01
   7.4714727e-01
   7.4373467e-01
   7.3243041e-01
   7.1483417e-01
   6.9350539e-01
   6.7185667e-01
   6.5298070e-01
   6.3986350e-01
   6.3421137e-01
   6.3794391e-01
   6.5127439e-01
   6.7366962e-01
   7.0331663e-01
   7.3712275e-01
   7.7103551e-01
   8.0089581e-01
   8.2318439e-01
   8.3555508e-01
   8.3747467e-01
   8.3022288e-01
   8.1603925e-01
   7.9780313e-01
   7.7871388e-01
   7.6058441e-01
   7.4522768e-01
   7.3392343e-01
   7.2709822e-01
   7.2539191e-01
   7.2859123e-01
   7.3626959e-01
   7.4736056e-01
   7.6005119e-01
   7.7274182e-01
   7.8372614e-01
   7.9204436e-01
   7.9758985e-01
   8.0057588e-01
   8.0206889e-01
   8.0228218e-01
   8.0132239e-01
   7.9865629e-01
   7.9343074e-01
   7.8511251e-01
   7.7380826e-01
   7.6047777e-01
   7.4650741e-01
   7.3381679e-01
   7.2421883e-01
   7.1877999e-01
   7.1803349e-01
   7.2229924e-01
   7.3083076e-01
   7.4330809e-01
   7.5877146e-01
   7.7562120e-01
   7.9204436e-01
   8.0580143e-01
   8.1401301e-01
   8.1475952e-01
   8.0708116e-01
   7.9183108e-01
   7.7103551e-01
   7.4821371e-01
   7.2731151e-01
   7.1163485e-01
   7.0320998e-01
   7.0278341e-01
   7.0939533e-01
   7.2123280e-01
   7.3626960e-01
   7.5194625e-01
   7.6623654e-01
   7.7722086e-01
   7.8361949e-01
   7.8436600e-01
   7.7914045e-01
   7.6879599e-01
   7.5450571e-01
   7.3882905e-01
   7.2379226e-01
   7.1195478e-01
   7.0459635e-01
   7.0214354e-01
   7.0438307e-01
   7.1056841e-01
   7.1984643e-01
   7.3168391e-01
   7.4597419e-01
   7.6250400e-01
   7.8052682e-01
   7.9886957e-01
   8.1550602e-01
   8.2787672e-01
   8.3406206e-01
   8.3256905e-01
   8.2350432e-01
   8.0804095e-01
   7.8820518e-01
   7.6655647e-01
   7.4565426e-01
   7.2773808e-01
   7.1440759e-01
   7.0736910e-01
   7.0726245e-01
   7.1472752e-01
   7.2912445e-01
   7.4928015e-01
   7.7210195e-01
   7.9439053e-01
   8.1230671e-01
   8.2265117e-01
   8.2329103e-01
   8.1390637e-01
   7.9577690e-01
   7.7124880e-01
   7.4352138e-01
   7.1558068e-01
   6.9019942e-01
   6.6951051e-01
   6.5490029e-01
   6.4775514e-01
   6.4839501e-01
   6.5681988e-01
   6.7185667e-01
   6.9147915e-01
   7.1248800e-01
   7.3200384e-01
   7.4672070e-01
   7.5493228e-01
   7.5621201e-01
   7.5119974e-01
   7.4160179e-01
   7.2965767e-01
   7.1718034e-01
   7.0566279e-01
   6.9574491e-01
   6.8795990e-01
   6.8273435e-01
   6.8017490e-01
   6.8060147e-01
   6.8390743e-01
   6.8966620e-01
   6.9681135e-01
   7.0470300e-01
   7.1227472e-01
   7.1920657e-01
   7.2549856e-01
   7.3147062e-01
   7.3733603e-01
   7.4309480e-01
   7.4800043e-01
   7.5055988e-01
   7.4906686e-01
   7.4288152e-01
   7.3147062e-01
   7.1622054e-01
   6.9873094e-01
   6.8156127e-01
   6.6663112e-01
   6.5554015e-01
   6.4924816e-01
   6.4775515e-01
   6.5095446e-01
   6.5820625e-01
   6.6876399e-01
   6.8145462e-01
   6.9467847e-01
   7.0630266e-01
   7.1398102e-01
   7.1558067e-01
   7.1003519e-01
   6.9755785e-01
   6.7953503e-01
   6.5895276e-01
   6.3869041e-01
   6.2205396e-01
   6.1096299e-01
   6.0659059e-01
   6.0872347e-01
   6.1682841e-01
   6.2930575e-01
   6.4498240e-01
   6.6161885e-01
   6.7750880e-01
   6.9019942e-01
   6.9745121e-01
   6.9745121e-01
   6.8945292e-01
   6.7388290e-01
   6.5244748e-01
   6.2802602e-01
   6.0371121e-01
   5.8270236e-01
   5.6702570e-01
   5.5828090e-01
   5.5678789e-01
   5.6222672e-01
   5.7395756e-01
   5.9102058e-01
   6.1192279e-01
   6.3485123e-01
   6.5745974e-01
   6.7654900e-01
   6.8977285e-01
   6.9521169e-01
   6.9201237e-01
   6.8070811e-01
   6.6300522e-01
   6.4167644e-01
   6.1917458e-01
   5.9784579e-01
   5.7960968e-01
   5.6542604e-01
   5.5646795e-01
   5.5326864e-01
   5.5657460e-01
   5.6606591e-01
   5.8120934e-01
   5.9997867e-01
   6.1992108e-01
   6.3762397e-01
   6.5031460e-01
   6.5554015e-01
   6.5266077e-01
   6.4210302e-01
   6.2546657e-01
   6.0531087e-01
   5.8376880e-01
   5.6318652e-01
   5.4537699e-01
   5.3183321e-01
   5.2372827e-01
   5.2202197e-01
   5.2671430e-01
   5.3716540e-01
   5.5188227e-01
   5.6830543e-01
   5.8355551e-01
   5.9517970e-01
   6.0157833e-01
   6.0243148e-01
   5.9827237e-01
   5.9080729e-01
   5.8142263e-01
   5.7139810e-01
   5.6180015e-01
   5.5273542e-01
   5.4431055e-01
   5.3663219e-01
   5.2991362e-01
   5.2468807e-01
   5.2127546e-01
   5.1967580e-01
   5.1978245e-01
   5.2138210e-01
   5.2404820e-01
   5.2810067e-01
   5.3375280e-01
   5.4164445e-01
   5.5177562e-01
   5.6361310e-01
   5.7502399e-01
   5.8376880e-01
   5.8664818e-01
   5.8174256e-01
   5.6777221e-01
   5.4569692e-01
   5.1818279e-01
   4.8853578e-01
   4.6091500e-01
   4.3894636e-01
   4.2572251e-01
   4.2294977e-01
   4.3126800e-01
   4.4993068e-01
   4.7744481e-01
   5.1082436e-01
   5.4623014e-01
   5.7939639e-01
   6.0573744e-01
   6.2184067e-01
   6.2546657e-01
   6.1640183e-01
   5.9656607e-01
   5.6947851e-01
   5.3940493e-01
   5.1071771e-01
   4.8693612e-01
   4.7019302e-01
   4.6187480e-01
   4.6198144e-01
   4.6976645e-01
   4.8427002e-01
   5.0335928e-01
   5.2447478e-01
   5.4463048e-01
   5.6041378e-01
   5.6862536e-01
   5.6734563e-01
   5.5572145e-01
   5.3460595e-01
   5.0655860e-01
   4.7477872e-01
   4.4267889e-01
   4.1345846e-01
   3.8957023e-01
   3.7261384e-01
   3.6365575e-01
   3.6301589e-01
   3.7058761e-01
   3.8541111e-01
   4.0535353e-01
   4.2785539e-01
   4.4886424e-01
   4.6496747e-01
   4.7275248e-01
   4.7040631e-01
   4.5771569e-01
   4.3585369e-01
   4.0769969e-01
   3.7634638e-01
   3.4520635e-01
   3.1683907e-01
   2.9401728e-01
   2.7812733e-01
   2.7076890e-01
   2.7194198e-01
   2.8164658e-01
   2.9796310e-01
   3.1843873e-01
   3.3934094e-01
   3.5693719e-01
   3.6770822e-01
   3.7005439e-01
   3.6333582e-01
   3.4904554e-01
   3.2984963e-01
   3.0852085e-01
   2.8772528e-01
   2.6980911e-01
   2.5583876e-01
   2.4634745e-01
   2.4165511e-01
   2.4154847e-01
   2.4570758e-01
   2.5359923e-01
   2.6469020e-01
   2.7780740e-01
   2.9220433e-01
   3.0724112e-01
   3.2302442e-01
   3.3966087e-01
   3.5747041e-01
   3.7634638e-01
   3.9532900e-01
   4.1239202e-01
   4.2508265e-01
   4.3084142e-01
   4.2806868e-01
   4.1676442e-01
   3.9927482e-01
   3.7890583e-01
   3.6024315e-01
   3.4755252e-01
   3.4467314e-01
   3.5341794e-01
   3.7432015e-01
   4.0641996e-01
   4.4705130e-01
   4.9344140e-01
   5.4153781e-01
   5.8771462e-01
   6.2770609e-01
   6.5852618e-01
   6.7750880e-01
