   7.7821012e+01
   7.2281987e+01
   5.9143969e+01
   4.1290914e+01
   2.2430762e+01
   6.3630120e+00
  -4.1199360e+00
  -7.5532150e+00
  -4.5319300e+00
   3.0670640e+00
   1.2359808e+01
   2.0187686e+01
   2.4170291e+01
   2.2796979e+01
   1.6067750e+01
   5.0354770e+00
  -8.5145340e+00
  -2.2293431e+01
  -3.4058137e+01
  -4.1931793e+01
  -4.4678416e+01
  -4.1519799e+01
  -3.2684825e+01
  -1.8951705e+01
  -1.8768590e+00
   1.6479744e+01
   3.3920806e+01
   4.8065919e+01
   5.6946670e+01
   5.9327077e+01
   5.4703594e+01
   4.3579767e+01
   2.7237354e+01
   7.8736550e+00
  -1.2130922e+01
  -3.0075532e+01
  -4.3579766e+01
  -5.0858320e+01
  -5.0720989e+01
  -4.3076219e+01
  -2.8839552e+01
  -9.7962920e+00
   1.1398489e+01
   3.1952391e+01
   4.8844129e+01
   5.9739071e+01
   6.3126574e+01
   5.8503090e+01
   4.6509499e+01
   2.8839552e+01
   7.7363240e+00
  -1.4099336e+01
  -3.3966583e+01
  -4.9530785e+01
  -5.8960861e+01
  -6.1158160e+01
  -5.5848020e+01
  -4.3808652e+01
  -2.6413367e+01
  -5.8594640e+00
   1.5426871e+01
   3.4653239e+01
   4.9485008e+01
   5.8228428e+01
   5.9922179e+01
   5.4337377e+01
   4.2435340e+01
   2.5680934e+01
   6.1799040e+00
  -1.3824674e+01
  -3.1906615e+01
  -4.5822843e+01
  -5.3925383e+01
  -5.5161364e+01
  -4.9256122e+01
  -3.6804760e+01
  -1.9409476e+01
   6.4087900e-01
   2.0737010e+01
   3.8132296e+01
   5.0583657e+01
   5.6351568e+01
   5.4886702e+01
   4.6417945e+01
   3.2135500e+01
   1.3916228e+01
  -5.9052410e+00
  -2.4765392e+01
  -4.0329595e+01
  -5.0675212e+01
  -5.4428931e+01
  -5.1041429e+01
  -4.1016251e+01
  -2.5497825e+01
  -6.4087900e+00
   1.3824674e+01
   3.2639048e+01
   4.7745479e+01
   5.7450218e+01
   6.0471504e+01
   5.6672008e+01
   4.6601053e+01
   3.1448844e+01
   1.3000687e+01
  -6.5461200e+00
  -2.4902723e+01
  -4.0054932e+01
  -5.0125887e+01
  -5.4016938e+01
  -5.1407644e+01
  -4.2847334e+01
  -2.9617761e+01
  -1.3641566e+01
   2.8381780e+00
   1.7715724e+01
   2.9114214e+01
   3.5660335e+01
   3.6758984e+01
   3.2410162e+01
   2.3392081e+01
   1.0803388e+01
  -3.6621650e+00
  -1.8310827e+01
  -3.1357290e+01
  -4.1336690e+01
  -4.7287709e+01
  -4.8706798e+01
  -4.5868619e+01
  -3.9505608e+01
  -3.0853742e+01
  -2.1286335e+01
  -1.2039368e+01
  -4.1199360e+00
   1.7395280e+00
   5.3101390e+00
   6.5003430e+00
   5.4932480e+00
   2.5177390e+00
  -1.9684130e+00
  -7.5989930e+00
  -1.3870451e+01
  -2.0279240e+01
  -2.6184482e+01
  -3.1036851e+01
  -3.4424353e+01
  -3.6118105e+01
  -3.5889220e+01
  -3.3875029e+01
  -3.0121309e+01
  -2.4856947e+01
  -1.8265049e+01
  -1.0803387e+01
  -2.9297330e+00
   4.7150380e+00
   1.1398489e+01
   1.6296635e+01
   1.8539712e+01
   1.7669947e+01
   1.3504234e+01
   6.0883500e+00
  -3.9826050e+00
  -1.5747311e+01
  -2.7969787e+01
  -3.9047837e+01
  -4.7470817e+01
  -5.1819639e+01
  -5.0995652e+01
  -4.4541085e+01
  -3.2867933e+01
  -1.6983291e+01
   1.0986500e+00
   1.8905929e+01
   3.3966582e+01
   4.3945983e+01
   4.7196155e+01
   4.3121996e+01
   3.2089723e+01
   1.5609979e+01
  -4.2114900e+00
  -2.4719616e+01
  -4.3259327e+01
  -5.7175555e+01
  -6.4728771e+01
  -6.4728771e+01
  -5.7038224e+01
  -4.2435340e+01
  -2.2751202e+01
  -5.4932500e-01
   2.1194781e+01
   3.9597161e+01
   5.2094301e+01
   5.6900893e+01
   5.3376059e+01
   4.1977569e+01
   2.4216068e+01
   2.3346300e+00
  -2.0645457e+01
  -4.2023346e+01
  -5.8915084e+01
  -6.9306477e+01
  -7.1778439e+01
  -6.6056306e+01
  -5.2735180e+01
  -3.3508812e+01
  -1.0803388e+01
   1.2497139e+01
   3.3463035e+01
   4.9576562e+01
   5.8869306e+01
   6.0517281e+01
   5.4566262e+01
   4.2114901e+01
   2.5040055e+01
   5.4932480e+00
  -1.3916228e+01
  -3.0899520e+01
  -4.3442436e+01
  -5.0034333e+01
  -4.9851225e+01
  -4.2847334e+01
  -2.9846647e+01
  -1.2222476e+01
   7.6905470e+00
   2.7603570e+01
   4.5044633e+01
   5.7862211e+01
   6.4682994e+01
   6.4682994e+01
   5.7999543e+01
   4.5593957e+01
   2.9159991e+01
   1.0482948e+01
  -7.9194320e+00
  -2.3987183e+01
  -3.5614557e+01
  -4.1428244e+01
  -4.0650035e+01
  -3.3463035e+01
  -2.0737011e+01
  -4.3030440e+00
   1.3595789e+01
   3.0441749e+01
   4.4083314e+01
   5.2597848e+01
   5.4978256e+01
   5.0904097e+01
   4.0878920e+01
   2.6184481e+01
   8.6060880e+00
  -9.7047380e+00
  -2.6642252e+01
  -4.0146487e+01
  -4.8661020e+01
  -5.1361868e+01
  -4.7974365e+01
  -3.9368277e+01
  -2.6916914e+01
  -1.2588693e+01
   1.5106430e+00
   1.3504234e+01
   2.1744106e+01
   2.5360495e+01
   2.4032960e+01
   1.8173495e+01
   8.6976430e+00
  -3.0670640e+00
  -1.5793088e+01
  -2.7786679e+01
  -3.7857633e+01
  -4.4907302e+01
  -4.8432136e+01
  -4.8294804e+01
  -4.4998855e+01
  -3.9322499e+01
  -3.2318608e+01
  -2.5177386e+01
  -1.8677043e+01
  -1.3412680e+01
  -9.5674070e+00
  -7.1412220e+00
  -5.9510190e+00
  -5.7679100e+00
  -6.3630120e+00
  -7.7821010e+00
  -9.9794010e+00
  -1.3046463e+01
  -1.7029068e+01
  -2.1652553e+01
  -2.6779583e+01
  -3.1998169e+01
  -3.6987869e+01
  -4.1107805e+01
  -4.3900206e+01
  -4.4815747e+01
  -4.3442435e+01
  -3.9551385e+01
  -3.3188372e+01
  -2.4902724e+01
  -1.5518425e+01
  -6.2256810e+00
   1.5564200e+00
   6.5918970e+00
   7.7821010e+00
   4.6234830e+00
  -2.7924010e+00
  -1.3733120e+01
  -2.6916915e+01
  -4.0787366e+01
  -5.3421836e+01
  -6.3080797e+01
  -6.8207828e+01
  -6.7704280e+01
  -6.1295491e+01
  -4.9347677e+01
  -3.3234150e+01
  -1.4831769e+01
   3.3875030e+00
   1.8997483e+01
   2.9892424e+01
   3.4378576e+01
   3.1906615e+01
   2.2796979e+01
   8.1483170e+00
  -1.0070954e+01
  -2.9388876e+01
  -4.7379263e+01
  -6.1570154e+01
  -6.9901580e+01
  -7.1091783e+01
  -6.4728771e+01
  -5.1224536e+01
  -3.2089723e+01
  -9.7047380e+00
   1.3183795e+01
   3.3508812e+01
   4.8523690e+01
   5.6260013e+01
   5.5527581e+01
   4.6417944e+01
   3.0029755e+01
   8.4229800e+00
  -1.5793088e+01
  -3.9597162e+01
  -6.0196841e+01
  -7.4937057e+01
  -8.2032501e+01
  -8.0521858e+01
  -7.0542458e+01
  -5.3376059e+01
  -3.1219959e+01
  -7.0496680e+00
   1.5884642e+01
   3.4424353e+01
   4.6189059e+01
   4.9576562e+01
   4.4174869e+01
   3.0716411e+01
   1.1123827e+01
  -1.2085145e+01
  -3.5980773e+01
  -5.7495994e+01
  -7.3838407e+01
  -8.2993820e+01
  -8.3588922e+01
  -7.5440604e+01
  -5.9464408e+01
  -3.7628748e+01
  -1.2542916e+01
   1.2542916e+01
   3.4515908e+01
   5.0537880e+01
   5.8823529e+01
   5.8228427e+01
   4.9118792e+01
   3.2730602e+01
   1.1078050e+01
  -1.3046464e+01
  -3.6667430e+01
  -5.6855115e+01
  -7.1137560e+01
  -7.7821012e+01
  -7.5989929e+01
  -6.6193637e+01
  -4.9713893e+01
  -2.8931105e+01
  -6.8665600e+00
   1.3641566e+01
   2.9709316e+01
   3.9368276e+01
   4.1474021e+01
   3.5934996e+01
   2.3666743e+01
   6.4545660e+00
  -1.3458457e+01
  -3.3508812e+01
  -5.1270314e+01
  -6.4454108e+01
  -7.1686885e+01
  -7.2236210e+01
  -6.6514077e+01
  -5.5619135e+01
  -4.1474021e+01
  -2.6321813e+01
  -1.2451362e+01
  -1.6479750e+00
   4.7608150e+00
   6.4087890e+00
   3.6163890e+00
  -2.6550700e+00
  -1.1123827e+01
  -2.0279240e+01
  -2.8747997e+01
  -3.5523003e+01
  -3.9734493e+01
  -4.1199359e+01
  -4.0054932e+01
  -3.6713207e+01
  -3.2089723e+01
  -2.7008469e+01
  -2.2430763e+01
  -1.8905929e+01
  -1.6845960e+01
  -1.6021973e+01
  -1.6021973e+01
  -1.6388189e+01
  -1.6571298e+01
  -1.6067751e+01
  -1.4923323e+01
  -1.3321126e+01
  -1.1764705e+01
  -1.0803387e+01
  -1.0940718e+01
  -1.2634470e+01
  -1.5930419e+01
  -2.0599680e+01
  -2.6276036e+01
  -3.2089723e+01
  -3.7216754e+01
  -4.0604257e+01
  -4.1428244e+01
  -3.9139391e+01
  -3.3691920e+01
  -2.5589380e+01
  -1.5838865e+01
  -5.9052410e+00
   2.6550700e+00
   8.2856490e+00
   9.8878460e+00
   6.9123370e+00
  -4.1199400e-01
  -1.1352713e+01
  -2.4628062e+01
  -3.8727397e+01
  -5.1819638e+01
  -6.2211032e+01
  -6.8574044e+01
  -6.9855803e+01
  -6.5644312e+01
  -5.6168460e+01
  -4.2252231e+01
  -2.5589380e+01
  -8.1025410e+00
   7.9652090e+00
   2.0462348e+01
   2.7695125e+01
   2.8564889e+01
   2.2980087e+01
   1.1535821e+01
  -4.2572670e+00
  -2.2384985e+01
  -4.0192264e+01
  -5.5207141e+01
  -6.5094988e+01
  -6.8070497e+01
  -6.3172350e+01
  -5.0675212e+01
  -3.1769283e+01
  -8.7891970e+00
   1.5289540e+01
   3.7170977e+01
   5.3788052e+01
   6.2851911e+01
   6.3035019e+01
   5.4291600e+01
   3.7766080e+01
   1.5609979e+01
  -9.3385220e+00
  -3.3783474e+01
  -5.4749370e+01
  -6.9535363e+01
  -7.6218814e+01
  -7.3929961e+01
  -6.2897689e+01
  -4.4541085e+01
  -2.1194781e+01
   4.0741590e+00
   2.7878233e+01
   4.7058823e+01
   5.9143969e+01
   6.2485695e+01
   5.6855116e+01
   4.2938887e+01
   2.2476539e+01
  -1.8768590e+00
  -2.7145800e+01
  -5.0400550e+01
  -6.8665599e+01
  -7.9743649e+01
  -8.2169833e+01
  -7.5577935e+01
  -6.0700389e+01
  -3.9322499e+01
  -1.4145114e+01
   1.1718929e+01
   3.4927901e+01
   5.2506294e+01
   6.2348364e+01
   6.3263905e+01
   5.5252918e+01
   3.9459831e+01
   1.7898833e+01
  -6.5461210e+00
  -3.0807966e+01
  -5.1865416e+01
  -6.7063401e+01
  -7.4387732e+01
  -7.3060197e+01
  -6.3401236e+01
  -4.6829938e+01
  -2.5680934e+01
  -3.0212860e+00
   1.8081941e+01
   3.4836347e+01
   4.5090410e+01
   4.7791257e+01
   4.2938888e+01
   3.1403068e+01
   1.5014878e+01
  -4.0283810e+00
  -2.3071641e+01
  -3.9826047e+01
  -5.2185855e+01
  -5.8869307e+01
  -5.9281300e+01
  -5.3788052e+01
  -4.3533990e+01
  -3.0350195e+01
  -1.6296635e+01
  -3.2959480e+00
   6.8665600e+00
   1.3229572e+01
   1.5655756e+01
   1.4328222e+01
   1.0208286e+01
   4.3945990e+00
  -1.9226370e+00
  -7.7821010e+00
  -1.2359807e+01
  -1.5335317e+01
  -1.6617075e+01
  -1.6388189e+01
  -1.5106432e+01
  -1.3321126e+01
  -1.1535820e+01
  -1.0116731e+01
  -9.3385220e+00
  -8.8807510e+00
  -8.3772030e+00
  -7.4158840e+00
  -5.3101390e+00
  -1.9684140e+00
   2.5177390e+00
   7.6905470e+00
   1.2726024e+01
   1.6525521e+01
   1.8265049e+01
   1.7212177e+01
   1.3229572e+01
   6.5461200e+00
  -1.9684130e+00
  -1.1306935e+01
  -2.0004578e+01
  -2.6688030e+01
  -2.9983978e+01
  -2.9205768e+01
  -2.3849851e+01
  -1.4465552e+01
  -2.1057450e+00
   1.1673152e+01
   2.4902724e+01
   3.5706111e+01
   4.2389563e+01
   4.3945983e+01
   4.0054932e+01
   3.1174182e+01
   1.8448157e+01
   3.4332800e+00
  -1.1856260e+01
  -2.5406272e+01
  -3.5385672e+01
  -4.0146487e+01
  -3.8773174e+01
  -3.0945296e+01
  -1.7166399e+01
   1.2359800e+00
   2.2110323e+01
   4.3076219e+01
   6.1524377e+01
   7.5303273e+01
   8.2948043e+01
   8.3772031e+01
   7.8049897e+01
   6.6926071e+01
   5.2002747e+01
   3.5339895e+01
   1.8860151e+01
   4.5319300e+00
  -6.0425720e+00
  -1.1627374e+01
  -1.1581597e+01
  -5.8594650e+00
   4.8523690e+00
   1.9226368e+01
   3.5111009e+01
   5.0171664e+01
   6.1890593e+01
   6.8116273e+01
   6.7246509e+01
   5.8594644e+01
   4.2481117e+01
   2.0370794e+01
  -5.5390250e+00
  -3.2410163e+01
  -5.6946670e+01
  -7.6173038e+01
  -8.7434196e+01
  -8.9127947e+01
  -8.0842298e+01
  -6.3447014e+01
  -3.9185168e+01
  -1.1306935e+01
   1.6433967e+01
   4.0192264e+01
   5.6763562e+01
   6.3950561e+01
   6.0791943e+01
   4.7882811e+01
   2.7008468e+01
   9.1554100e-01
  -2.6962691e+01
  -5.3055619e+01
  -7.4021515e+01
  -8.7113756e+01
  -9.0684367e+01
  -8.4229800e+01
  -6.8574044e+01
  -4.5822843e+01
  -1.8997483e+01
   8.3772030e+00
   3.2593270e+01
   5.0537880e+01
   6.0105287e+01
   6.0242619e+01
   5.1407645e+01
   3.5065232e+01
   1.3641565e+01
  -9.7505150e+00
  -3.2089723e+01
  -5.0400550e+01
  -6.2439917e+01
  -6.6926070e+01
  -6.3630121e+01
  -5.3376059e+01
  -3.7994964e+01
  -2.0050355e+01
  -2.2430760e+00
   1.2817578e+01
   2.3071641e+01
   2.7466239e+01
   2.5864043e+01
   1.8997483e+01
   8.4229800e+00
  -4.0283820e+00
  -1.6296635e+01
  -2.6642252e+01
  -3.3875028e+01
  -3.7262532e+01
  -3.6621652e+01
  -3.2593271e+01
  -2.6092927e+01
  -1.8539711e+01
  -1.1306935e+01
  -5.6763560e+00
  -2.4261850e+00
  -1.8768600e+00
  -3.8910510e+00
  -7.6905470e+00
  -1.2314030e+01
  -1.6800183e+01
  -2.0462349e+01
  -2.2705424e+01
  -2.3620966e+01
  -2.3300527e+01
  -2.2247654e+01
  -2.0965896e+01
  -1.9867247e+01
  -1.9317922e+01
  -1.9638361e+01
  -2.0782788e+01
  -2.2659648e+01
  -2.4902724e+01
  -2.7008469e+01
  -2.8244449e+01
  -2.8107118e+01
  -2.6138704e+01
  -2.2293431e+01
  -1.6891737e+01
  -1.0620279e+01
  -4.5319300e+00
   1.8310800e-01
   2.6092920e+00
   2.0599680e+00
  -1.6937510e+00
  -8.3772030e+00
  -1.7166400e+01
  -2.7145799e+01
  -3.6758984e+01
  -4.4769971e+01
  -4.9668116e+01
  -5.0446327e+01
  -4.6417944e+01
  -3.7582971e+01
  -2.4628062e+01
  -8.8807500e+00
   7.6447700e+00
   2.2796978e+01
   3.4378576e+01
   4.0741588e+01
   4.0695811e+01
   3.4149692e+01
   2.1789883e+01
   5.1728080e+00
  -1.3412680e+01
  -3.1403067e+01
  -4.6234836e+01
  -5.5436027e+01
  -5.7404441e+01
  -5.1224536e+01
  -3.7262531e+01
  -1.7029069e+01
   7.0038910e+00
   3.1723507e+01
   5.3742275e+01
   6.9901579e+01
   7.7958343e+01
   7.6813916e+01
   6.6514076e+01
   4.8523689e+01
   2.5177386e+01
  -4.1199400e-01
  -2.5040055e+01
  -4.5502404e+01
  -5.9189746e+01
  -6.4316777e+01
  -6.0059511e+01
  -4.7013047e+01
  -2.6550698e+01
  -1.4190890e+00
   2.5268940e+01
   5.0034332e+01
   6.9718471e+01
   8.1712062e+01
   8.4596017e+01
   7.7958343e+01
   6.2760357e+01
   4.0924697e+01
   1.5060654e+01
  -1.1581598e+01
  -3.5843443e+01
  -5.4749370e+01
  -6.5964752e+01
  -6.8070497e+01
  -6.0700389e+01
  -4.4678416e+01
  -2.2110322e+01
   4.1199360e+00
   3.0533303e+01
   5.3559167e+01
   7.0313572e+01
   7.8507668e+01
   7.7180133e+01
   6.6468300e+01
   4.7837033e+01
   2.3758297e+01
  -2.8381780e+00
  -2.8519112e+01
  -4.9988555e+01
  -6.4499886e+01
  -7.0176242e+01
  -6.6193637e+01
  -5.3101397e+01
  -3.2730602e+01
  -7.7363250e+00
   1.8310826e+01
   4.1977570e+01
   6.0059511e+01
   7.0359350e+01
   7.1732662e+01
   6.4408331e+01
   4.9805447e+01
   3.0258640e+01
   8.5145340e+00
  -1.2314031e+01
  -2.9526207e+01
  -4.0878920e+01
  -4.5227741e+01
  -4.2160678e+01
  -3.2730602e+01
  -1.8493935e+01
  -1.9226370e+00
   1.4373999e+01
   2.7969787e+01
   3.7079423e+01
   4.0604257e+01
   3.8544289e+01
   3.1677730e+01
   2.1423667e+01
   9.5674070e+00
  -2.0599680e+00
  -1.1947815e+01
  -1.8814374e+01
  -2.2110322e+01
  -2.1744106e+01
  -1.8219272e+01
  -1.2359807e+01
  -5.5390250e+00
   1.1444260e+00
   6.5003430e+00
   9.7047380e+00
   1.0574503e+01
   9.2927440e+00
   6.5003430e+00
   2.9297320e+00
  -5.0354700e-01
  -3.1586170e+00
  -4.6692610e+00
  -5.0354780e+00
  -4.5319290e+00
  -3.5248340e+00
  -2.5635150e+00
  -2.0141910e+00
  -2.1057450e+00
  -3.1128410e+00
  -4.8523690e+00
  -7.0954450e+00
  -9.3842990e+00
  -1.1123827e+01
  -1.1673152e+01
  -1.0482948e+01
  -7.2785540e+00
  -2.0141910e+00
   4.6692610e+00
   1.1902037e+01
   1.8539711e+01
   2.3483635e+01
   2.5635156e+01
   2.4353399e+01
   1.9638361e+01
   1.1764706e+01
   1.6021970e+00
  -9.5216300e+00
  -2.0141909e+01
  -2.8747998e+01
  -3.3920805e+01
  -3.4378576e+01
  -2.9663539e+01
  -1.9684138e+01
  -5.4016940e+00
   1.1718929e+01
   2.9526207e+01
   4.5777065e+01
   5.8091096e+01
   6.4774548e+01
   6.4682994e+01
   5.7862211e+01
   4.4998856e+01
   2.7786679e+01
   8.5603110e+00
  -1.0208286e+01
  -2.5909820e+01
  -3.6163882e+01
  -3.9322499e+01
  -3.4515907e+01
  -2.2018769e+01
  -3.0670630e+00
   2.0050354e+01
   4.4357977e+01
   6.6559853e+01
   8.3634700e+01
   9.3156329e+01
   9.3705654e+01
   8.5236896e+01
   6.8711376e+01
   4.6326391e+01
   2.0920119e+01
  -4.3030440e+00
  -2.6138704e+01
  -4.1748684e+01
  -4.9164568e+01
  -4.7333486e+01
  -3.6484322e+01
  -1.7990387e+01
   5.7221330e+00
   3.1494621e+01
   5.5848020e+01
   7.5669489e+01
   8.8212405e+01
   9.2057680e+01
   8.6747539e+01
   7.3105974e+01
   5.2964065e+01
   2.8839551e+01
   3.7537200e+00
  -1.9180591e+01
  -3.7170977e+01
  -4.7928588e+01
  -5.0080110e+01
  -4.3213550e+01
  -2.8107119e+01
  -6.7750060e+00
   1.8173495e+01
   4.3442435e+01
   6.5552758e+01
   8.1803617e+01
   8.9860380e+01
   8.8853285e+01
   7.8873884e+01
   6.1295491e+01
   3.8315404e+01
   1.2771802e+01
  -1.2085145e+01
  -3.3234150e+01
  -4.8065919e+01
  -5.4703593e+01
  -5.2414740e+01
  -4.1474021e+01
  -2.3575189e+01
  -1.0986490e+00
   2.2751202e+01
   4.4678416e+01
   6.1844816e+01
   7.2053101e+01
   7.4158847e+01
   6.8162051e+01
   5.5207141e+01
   3.7262532e+01
   1.6891737e+01
  -3.1586170e+00
  -2.0279240e+01
  -3.2364385e+01
  -3.7994964e+01
  -3.6758984e+01
  -2.9343099e+01
  -1.7029068e+01
  -2.0599670e+00
   1.3138018e+01
   2.6321812e+01
   3.5568780e+01
   4.0009155e+01
   3.9322499e+01
   3.4103913e+01
   2.5497826e+01
   1.5197986e+01
   4.8065920e+00
  -4.2572680e+00
  -1.0849164e+01
  -1.4282445e+01
  -1.4511329e+01
  -1.1856260e+01
  -7.1412220e+00
  -1.5564210e+00
   3.7537190e+00
   7.7821010e+00
   9.7962920e+00
   9.7505150e+00
   7.9194330e+00
   5.1728080e+00
   2.4719610e+00
   6.4087900e-01
   3.2043900e-01
   1.7395280e+00
   4.5319290e+00
   8.1483170e+00
   1.1581597e+01
   1.4099336e+01
   1.5014877e+01
   1.4007782e+01
   1.1123827e+01
   6.8207830e+00
   1.9684140e+00
  -2.3804070e+00
  -5.1728090e+00
  -5.2643630e+00
  -2.0599680e+00
   4.6234840e+00
   1.4236668e+01
   2.5589380e+01
   3.7125201e+01
   4.6829939e+01
   5.3055619e+01
   5.4474708e+01
   5.0446327e+01
   4.1290914e+01
   2.7924010e+01
   1.2130923e+01
  -3.9368270e+00
  -1.8036164e+01
  -2.8015564e+01
  -3.2089723e+01
  -2.9205768e+01
  -1.9226368e+01
  -2.9297320e+00
   1.7898833e+01
   4.0878920e+01
   6.2851912e+01
   8.1116961e+01
   9.2973221e+01
   9.6955826e+01
   9.2423896e+01
   8.0018310e+01
   6.1478600e+01
   3.9276722e+01
   1.6296636e+01
  -4.4403750e+00
  -2.0325017e+01
  -2.9251545e+01
  -3.0075532e+01
  -2.2659647e+01
  -7.8736550e+00
   1.2451362e+01
   3.5614557e+01
   5.8548867e+01
   7.8278783e+01
   9.2149233e+01
   9.8374914e+01
   9.6269169e+01
   8.6243992e+01
   6.9581140e+01
   4.8661020e+01
   2.5909819e+01
   4.1657130e+00
  -1.4145113e+01
  -2.6916914e+01
  -3.2867933e+01
  -3.1265735e+01
  -2.2522316e+01
  -7.7363240e+00
   1.1352712e+01
   3.2272831e+01
   5.2552072e+01
   6.9672694e+01
   8.1620508e+01
   8.7113756e+01
   8.5603113e+01
   7.7409018e+01
   6.3630122e+01
   4.5868620e+01
   2.6276036e+01
   7.1412220e+00
  -9.2469680e+00
  -2.0782788e+01
  -2.5909819e+01
  -2.3758297e+01
  -1.4511330e+01
   8.2398700e-01
   2.0416571e+01
   4.1657130e+01
   6.1753261e+01
   7.8095674e+01
   8.8532845e+01
   9.1874571e+01
   8.7708858e+01
   7.6676585e+01
   6.0334173e+01
   4.0833142e+01
   2.0691234e+01
   2.4719610e+00
  -1.1490044e+01
  -1.9409476e+01
  -2.0325017e+01
  -1.4190890e+01
  -2.0141900e+00
   1.4419776e+01
   3.2684825e+01
   5.0171664e+01
   6.4499885e+01
   7.3701076e+01
   7.6585031e+01
   7.2922866e+01
   6.3126574e+01
   4.8661021e+01
   3.1265736e+01
   1.3138017e+01
  -3.5248340e+00
  -1.6708629e+01
  -2.4948501e+01
  -2.7374685e+01
  -2.3941406e+01
  -1.5518426e+01
  -3.5706110e+00
   1.0116732e+01
   2.3575189e+01
   3.5065233e+01
   4.3442435e+01
   4.8065919e+01
   4.8935683e+01
   4.6463721e+01
   4.1336691e+01
   3.4470131e+01
   2.6779584e+01
   1.9089036e+01
   1.2039368e+01
   6.2714580e+00
   2.1973000e+00
  -1.3733100e-01
  -7.3243300e-01
   2.2888500e-01
   2.4261840e+00
   5.5848020e+00
   9.5216290e+00
   1.4145114e+01
   1.9317922e+01
   2.5131609e+01
   3.1357290e+01
   3.7628748e+01
   4.3305104e+01
   4.7516594e+01
   4.9530785e+01
   4.8661020e+01
   4.4586862e+01
   3.7445639e+01
   2.7786679e+01
   1.6708629e+01
   5.4932480e+00
  -4.2114900e+00
  -1.0940719e+01
  -1.3366904e+01
  -1.0666057e+01
  -2.6092930e+00
   1.0116732e+01
   2.6276036e+01
   4.3717098e+01
   6.0196841e+01
   7.3197528e+01
   8.0842298e+01
   8.1712063e+01
   7.5486381e+01
   6.2897688e+01
   4.5410849e+01
   2.5314717e+01
   5.0812550e+00
  -1.2634470e+01
  -2.5589379e+01
  -3.2043946e+01
  -3.0991074e+01
  -2.2384985e+01
  -7.2327770e+00
   1.2771801e+01
   3.4927901e+01
   5.6351568e+01
   7.4021515e+01
   8.5557336e+01
   8.9265278e+01
   8.4733349e+01
   7.2510872e+01
   5.4245823e+01
   3.2501717e+01
   1.0025178e+01
  -1.0482948e+01
  -2.6367590e+01
  -3.5797665e+01
  -3.7628748e+01
  -3.1723506e+01
  -1.8722820e+01
  -2.7466300e-01
   2.1469444e+01
   4.3625544e+01
   6.3675898e+01
   7.8965438e+01
   8.7754635e+01
   8.9082170e+01
   8.2856488e+01
   6.9993133e+01
   5.2140078e+01
   3.1494622e+01
   1.0528726e+01
  -8.2856490e+00
  -2.2568094e+01
  -3.0762188e+01
  -3.1677729e+01
  -2.5268940e+01
  -1.2222477e+01
   5.7679100e+00
   2.6184482e+01
   4.6463722e+01
   6.3767452e+01
   7.5852598e+01
   8.1025407e+01
   7.8736553e+01
   6.9214924e+01
   5.3696498e+01
   3.4103914e+01
   1.2817578e+01
  -7.6447700e+00
  -2.4765393e+01
  -3.6484322e+01
  -4.1245136e+01
  -3.8406958e+01
  -2.8244449e+01
  -1.1902037e+01
   8.5145350e+00
   3.0395971e+01
   5.0858320e+01
   6.7383840e+01
   7.7775235e+01
   8.0704967e+01
   7.5944152e+01
   6.4042115e+01
   4.6555276e+01
   2.5680934e+01
   3.9368280e+00
  -1.6021973e+01
  -3.1677730e+01
  -4.1199359e+01
  -4.3488213e+01
  -3.8498513e+01
  -2.7100022e+01
  -1.1123827e+01
   7.2327760e+00
   2.5268940e+01
   4.0650035e+01
   5.1499199e+01
   5.6626230e+01
   5.5619135e+01
   4.8752575e+01
   3.7125201e+01
   2.2201877e+01
   5.7679110e+00
  -1.0208286e+01
  -2.3941405e+01
  -3.3920806e+01
  -3.9139391e+01
  -3.9276723e+01
  -3.4744793e+01
  -2.6550699e+01
  -1.6113527e+01
  -5.0812550e+00
   5.1728080e+00
   1.3412681e+01
   1.9043260e+01
   2.1927214e+01
   2.2247654e+01
   2.0462348e+01
   1.7120622e+01
   1.2909132e+01
   8.1483180e+00
   3.2959490e+00
  -1.3275350e+00
  -5.4932480e+00
  -9.0638590e+00
  -1.1947814e+01
  -1.3916228e+01
  -1.4969100e+01
  -1.4740215e+01
  -1.3092241e+01
  -9.7047380e+00
  -4.4403760e+00
   2.5635150e+00
   1.0894941e+01
   1.9821469e+01
   2.8198672e+01
   3.4836347e+01
   3.8406959e+01
   3.8086518e+01
   3.3508812e+01
   2.4811170e+01
   1.2726025e+01
  -1.3275350e+00
  -1.5747311e+01
  -2.8610666e+01
  -3.8223849e+01
  -4.2984664e+01
  -4.2023346e+01
  -3.4927901e+01
  -2.2430762e+01
  -5.9052410e+00
   1.2497139e+01
   3.0212863e+01
   4.4495308e+01
   5.3284504e+01
   5.4886701e+01
   4.8935683e+01
   3.5980773e+01
   1.7578394e+01
  -3.8452740e+00
  -2.5680934e+01
  -4.5044633e+01
  -5.9555962e+01
  -6.7200732e+01
  -6.6880293e+01
  -5.8686199e+01
  -4.3396658e+01
  -2.2888533e+01
   1.8310800e-01
   2.2796979e+01
   4.1977570e+01
   5.4978256e+01
   6.0196841e+01
   5.6855116e+01
   4.5273518e+01
   2.7145800e+01
   4.6234840e+00
  -1.9363699e+01
  -4.1794461e+01
  -6.0013733e+01
  -7.1641108e+01
  -7.5257496e+01
  -7.0405127e+01
  -5.7679103e+01
  -3.8544289e+01
  -1.5609979e+01
   8.1940940e+00
   2.9800870e+01
   4.6326390e+01
   5.5573358e+01
   5.6580453e+01
   4.9164568e+01
   3.4424353e+01
   1.4419775e+01
  -8.4687570e+00
  -3.1265736e+01
  -5.1270313e+01
  -6.5918975e+01
  -7.3472191e+01
  -7.2877089e+01
  -6.4133670e+01
  -4.8249027e+01
  -2.7191577e+01
  -3.7079420e+00
   1.9226367e+01
   3.8681620e+01
   5.2048524e+01
   5.7679103e+01
   5.4978255e+01
   4.4312199e+01
   2.7008469e+01
   5.2643620e+00
  -1.8265049e+01
  -4.0741589e+01
  -5.9281300e+01
  -7.1641108e+01
  -7.6218815e+01
  -7.2236209e+01
  -6.0196841e+01
  -4.1474021e+01
  -1.8539711e+01
   5.6763560e+00
   2.7878233e+01
   4.5365072e+01
   5.5802243e+01
   5.7862211e+01
   5.1499199e+01
   3.7491417e+01
   1.7669948e+01
  -5.4016940e+00
  -2.8931105e+01
  -5.0034333e+01
  -6.6056306e+01
  -7.5165942e+01
  -7.6356146e+01
  -6.9764248e+01
  -5.6626230e+01
  -3.8910506e+01
  -1.9363699e+01
  -6.8665600e-01
   1.4694438e+01
   2.4948501e+01
   2.9251545e+01
   2.7466240e+01
   2.0416571e+01
   9.5216290e+00
  -3.5248340e+00
  -1.6937514e+01
  -2.8931105e+01
  -3.8223849e+01
  -4.3900206e+01
  -4.5639734e+01
  -4.3533990e+01
  -3.8361181e+01
  -3.1265736e+01
  -2.3437857e+01
  -1.6067750e+01
  -9.9794000e+00
  -5.7679100e+00
  -3.4790570e+00
  -2.7466240e+00
  -3.1586170e+00
  -4.2572670e+00
  -5.5390250e+00
  -6.7750060e+00
  -7.8736560e+00
  -8.9265270e+00
  -1.0070955e+01
  -1.1535820e+01
  -1.3366903e+01
  -1.5747310e+01
  -1.8585489e+01
  -2.1744106e+01
  -2.4673839e+01
  -2.6962691e+01
  -2.7878233e+01
  -2.6871138e+01
  -2.3575189e+01
  -1.8127718e+01
  -1.0940719e+01
  -3.0670640e+00
   4.3945990e+00
   9.9336230e+00
   1.2451361e+01
   1.1123827e+01
   5.7679100e+00
  -3.2043940e+00
  -1.4740215e+01
  -2.7283131e+01
  -3.9002060e+01
  -4.7974365e+01
  -5.2368963e+01
  -5.0995651e+01
  -4.3350882e+01
  -2.9846647e+01
  -1.1993591e+01
   8.1940950e+00
   2.7832456e+01
   4.4129092e+01
   5.4749370e+01
   5.7953765e+01
   5.3284504e+01
   4.1199359e+01
   2.3392081e+01
   2.1057450e+00
  -1.9913024e+01
  -3.9871824e+01
  -5.5207141e+01
  -6.4042115e+01
  -6.5232319e+01
  -5.8503089e+01
  -4.4586862e+01
  -2.5223163e+01
  -2.7466240e+00
   1.9913023e+01
   3.9642939e+01
   5.3833829e+01
   6.0517280e+01
   5.8731975e+01
   4.8661020e+01
   3.1494622e+01
   9.3842990e+00
  -1.4831769e+01
  -3.8315404e+01
  -5.8045320e+01
  -7.1686885e+01
  -7.7454795e+01
  -7.4662394e+01
  -6.3584345e+01
  -4.5593958e+01
  -2.3025864e+01
   1.0528720e+00
   2.3437858e+01
   4.1199359e+01
   5.1911192e+01
   5.4200045e+01
   4.7745479e+01
   3.3463035e+01
   1.3183795e+01
  -1.0620279e+01
  -3.4882124e+01
  -5.6763561e+01
  -7.3517967e+01
  -8.2993820e+01
  -8.4000916e+01
  -7.6218814e+01
  -6.0608835e+01
  -3.9047837e+01
  -1.4190890e+01
   1.0711834e+01
   3.2455940e+01
   4.8340582e+01
   5.6351568e+01
   5.5527581e+01
   4.6097505e+01
   2.9434653e+01
   7.5532160e+00
  -1.6708629e+01
  -4.0329595e+01
  -6.0379950e+01
  -7.4250401e+01
  -8.0201419e+01
  -7.7454795e+01
  -6.6330968e+01
  -4.8340582e+01
  -2.5864042e+01
  -1.9684130e+00
   2.0279240e+01
   3.7949187e+01
   4.8981460e+01
   5.2094300e+01
   4.7150377e+01
   3.4836347e+01
   1.6937514e+01
  -4.3488210e+00
  -2.6459144e+01
  -4.6646830e+01
  -6.2623025e+01
  -7.2602426e+01
  -7.5486382e+01
  -7.1274892e+01
  -6.0791943e+01
  -4.5777066e+01
  -2.8427558e+01
  -1.1352712e+01
   3.2959480e+00
   1.3687343e+01
   1.8905928e+01
   1.8631266e+01
   1.3733120e+01
   5.0812540e+00
  -5.5390250e+00
  -1.6617075e+01
  -2.6688030e+01
  -3.4424354e+01
  -3.9047837e+01
  -4.0421150e+01
  -3.8635843e+01
  -3.4515907e+01
  -2.8976883e+01
  -2.3071641e+01
  -1.7669947e+01
  -1.3458457e+01
  -1.0574502e+01
  -8.7891970e+00
  -7.8736550e+00
  -7.1869990e+00
  -6.5003430e+00
  -5.6305790e+00
  -4.6234830e+00
  -3.7994960e+00
  -3.6163880e+00
  -4.3945980e+00
  -6.5003430e+00
  -9.9794000e+00
  -1.4694438e+01
  -2.0325017e+01
  -2.6230258e+01
  -3.1631953e+01
  -3.5797665e+01
  -3.7811856e+01
  -3.7216755e+01
  -3.3691920e+01
  -2.7695124e+01
  -2.0004578e+01
  -1.1856260e+01
  -4.8065920e+00
  -2.2888500e-01
   8.6976500e-01
  -2.1515220e+00
  -9.1096360e+00
  -1.9409476e+01
  -3.1769283e+01
  -4.4541085e+01
  -5.6031128e+01
  -6.4454109e+01
  -6.8390936e+01
  -6.6880293e+01
  -5.9601740e+01
  -4.6875715e+01
  -3.0075533e+01
  -1.0986496e+01
   7.9652100e+00
   2.4307622e+01
   3.5843442e+01
   4.0924697e+01
   3.8864729e+01
   2.9846646e+01
   1.5106431e+01
  -3.3417260e+00
  -2.3117419e+01
  -4.1474021e+01
  -5.5893798e+01
  -6.4225223e+01
  -6.5049210e+01
  -5.7953765e+01
  -4.3396659e+01
  -2.3025864e+01
   7.3243300e-01
   2.4856947e+01
   4.6097506e+01
   6.1707485e+01
   6.9535363e+01
   6.8528267e+01
   5.8823530e+01
   4.1794460e+01
   1.9546807e+01
  -5.0812540e+00
  -2.9114214e+01
  -4.9668116e+01
  -6.4133669e+01
  -7.0817121e+01
  -6.8802930e+01
  -5.8411535e+01
  -4.0695811e+01
  -1.7990387e+01
   6.9123370e+00
   3.0807965e+01
   5.0629435e+01
   6.3813230e+01
   6.8802930e+01
   6.5003433e+01
   5.3101396e+01
   3.4607462e+01
   1.2039368e+01
  -1.1810483e+01
  -3.3783474e+01
  -5.1178760e+01
  -6.1615930e+01
  -6.3767453e+01
  -5.7175555e+01
  -4.2664225e+01
  -2.2110323e+01
   1.9684140e+00
   2.6276036e+01
   4.7699702e+01
   6.3401236e+01
   7.1412223e+01
   7.0634012e+01
   6.1203937e+01
   4.4129091e+01
   2.1515221e+01
  -4.0741590e+00
  -2.9571985e+01
  -5.2048524e+01
  -6.8802930e+01
  -7.7775235e+01
  -7.7958342e+01
  -6.9489586e+01
  -5.3788053e+01
  -3.3142596e+01
  -1.0666056e+01
   1.0345617e+01
   2.6962692e+01
   3.6896315e+01
   3.9047837e+01
   3.3325703e+01
   2.0920119e+01
   3.7994970e+00
  -1.5518425e+01
  -3.4241245e+01
  -4.9988555e+01
  -6.0700389e+01
  -6.5232318e+01
  -6.3355459e+01
  -5.5756466e+01
  -4.4037537e+01
  -3.0304418e+01
  -1.6754406e+01
  -5.4474710e+00
   2.0599680e+00
   5.0354770e+00
   3.6621660e+00
  -1.4190890e+00
  -8.8349740e+00
  -1.7074846e+01
  -2.4856946e+01
  -3.1128405e+01
  -3.5019456e+01
  -3.6438544e+01
  -3.5614557e+01
  -3.3096818e+01
  -2.9617762e+01
  -2.6001374e+01
  -2.3025864e+01
  -2.1286336e+01
  -2.0874342e+01
  -2.1652552e+01
  -2.3163195e+01
  -2.4719616e+01
  -2.5864042e+01
  -2.6092927e+01
  -2.5360494e+01
  -2.4032959e+01
  -2.2522317e+01
  -2.1515221e+01
  -2.1606775e+01
  -2.3117418e+01
  -2.6184481e+01
  -3.0670634e+01
  -3.6118105e+01
  -4.2023346e+01
  -4.7653926e+01
  -5.2277409e+01
  -5.5252918e+01
  -5.5939574e+01
  -5.3879606e+01
  -4.8981461e+01
  -4.1611353e+01
  -3.2501716e+01
  -2.2751202e+01
  -1.3870451e+01
  -7.0496680e+00
  -3.5248340e+00
  -4.0741590e+00
  -8.7434190e+00
  -1.7257954e+01
  -2.8564889e+01
  -4.1428244e+01
  -5.4108492e+01
  -6.4866102e+01
  -7.2144655e+01
  -7.4479286e+01
  -7.1137560e+01
  -6.2073701e+01
  -4.7928588e+01
  -3.0304417e+01
  -1.1306936e+01
   6.5461210e+00
   2.0828565e+01
   2.9526207e+01
   3.1265736e+01
   2.5680933e+01
   1.3504235e+01
  -3.7994960e+00
  -2.3849851e+01
  -4.3945983e+01
  -6.1158160e+01
  -7.2877088e+01
  -7.7180132e+01
  -7.2922865e+01
  -6.0242619e+01
  -4.0375371e+01
  -1.5838864e+01
   1.0345617e+01
   3.4653239e+01
   5.3788052e+01
   6.5186542e+01
   6.7429618e+01
   6.0288395e+01
   4.4769970e+01
   2.3025864e+01
  -2.1057450e+00
  -2.7374686e+01
  -4.9668116e+01
  -6.6010529e+01
  -7.4341954e+01
  -7.3517968e+01
  -6.3584344e+01
  -4.5593957e+01
  -2.1835660e+01
   4.6234840e+00
   3.0487525e+01
   5.2506295e+01
   6.7841611e+01
   7.4753948e+01
   7.2419318e+01
   6.1478599e+01
   4.3305104e+01
   2.0325017e+01
  -4.4861530e+00
  -2.8152895e+01
  -4.7699702e+01
  -6.0654612e+01
  -6.5415427e+01
  -6.1249714e+01
  -4.8752575e+01
  -2.9343099e+01
  -5.5848020e+00
   1.9409476e+01
   4.2389562e+01
   6.0425727e+01
   7.1137560e+01
   7.3243306e+01
   6.6468299e+01
   5.1590754e+01
   3.0624857e+01
   6.0425720e+00
  -1.9043260e+01
  -4.1565575e+01
  -5.8686199e+01
  -6.8253605e+01
  -6.9169146e+01
  -6.1387045e+01
  -4.6280613e+01
  -2.6001373e+01
  -3.6163890e+00
   1.7715725e+01
   3.5111010e+01
   4.6463721e+01
   5.0629434e+01
   4.7425040e+01
   3.7994965e+01
   2.3941406e+01
   7.5989930e+00
  -8.7434200e+00
  -2.2796978e+01
  -3.2730602e+01
  -3.7628748e+01
  -3.6942092e+01
  -3.1357290e+01
  -2.1927214e+01
  -1.0437171e+01
   1.2359800e+00
   1.1444266e+01
   1.8768597e+01
   2.2659647e+01
   2.2980087e+01
   2.0416571e+01
   1.5838865e+01
   1.0391394e+01
   5.0812540e+00
   5.9510200e-01
  -2.5635160e+00
  -4.2114900e+00
  -4.6234830e+00
  -4.0741590e+00
  -3.1586180e+00
  -2.2430760e+00
  -1.8768600e+00
  -2.1515220e+00
  -3.0670640e+00
  -4.2114900e+00
  -5.1270310e+00
  -5.2185850e+00
  -4.0283820e+00
  -1.4190890e+00
   2.3804070e+00
   6.6376750e+00
   1.0528725e+01
   1.3092241e+01
   1.3412681e+01
   1.1078050e+01
   6.0425720e+00
  -1.1902040e+00
  -9.7505150e+00
  -1.8493934e+01
  -2.6092928e+01
  -3.1311513e+01
  -3.3051042e+01
  -3.0716411e+01
  -2.4078736e+01
  -1.3641566e+01
  -4.1199300e-01
   1.4053560e+01
   2.7786679e+01
   3.9047837e+01
   4.6051728e+01
   4.7699702e+01
   4.3625544e+01
   3.4103914e+01
   2.0325017e+01
   3.8452730e+00
  -1.3366904e+01
  -2.9022660e+01
  -4.1016250e+01
  -4.7653926e+01
  -4.7562372e+01
  -4.0192264e+01
  -2.6092927e+01
  -6.5003430e+00
   1.6250858e+01
   3.9414053e+01
   5.9830625e+01
   7.4799725e+01
   8.2032502e+01
   8.0476082e+01
   7.0222019e+01
   5.2552071e+01
   2.9663539e+01
   4.5319290e+00
  -1.9821470e+01
  -4.0238041e+01
  -5.4108491e+01
  -5.9739071e+01
  -5.6260014e+01
  -4.4220645e+01
  -2.4948501e+01
  -1.0986500e+00
   2.4307622e+01
   4.7882810e+01
   6.6514077e+01
   7.7729458e+01
   8.0155642e+01
   7.3517968e+01
   5.8731975e+01
   3.7766080e+01
   1.3183795e+01
  -1.1810483e+01
  -3.4241245e+01
  -5.1178759e+01
  -6.0563058e+01
  -6.1112382e+01
  -5.2735180e+01
  -3.6438544e+01
  -1.4419775e+01
   1.0437171e+01
   3.4744793e+01
   5.5298695e+01
   6.9398031e+01
   7.5257496e+01
   7.2236209e+01
   6.0791943e+01
   4.2572671e+01
   1.9958801e+01
  -4.2572670e+00
  -2.7008469e+01
  -4.5548180e+01
  -5.7495994e+01
  -6.1341268e+01
  -5.6580453e+01
  -4.3717097e+01
  -2.4307622e+01
  -8.2398700e-01
   2.3712520e+01
   4.6280614e+01
   6.3950561e+01
   7.4708171e+01
   7.7225910e+01
   7.1412223e+01
   5.8136874e+01
   3.9093615e+01
   1.6754406e+01
  -6.0883490e+00
  -2.6733806e+01
  -4.2572671e+01
  -5.1865416e+01
  -5.3467613e+01
  -4.7425040e+01
  -3.4790569e+01
  -1.7441062e+01
   2.1057450e+00
   2.1240558e+01
   3.7491416e+01
   4.8981461e+01
   5.4657816e+01
   5.4200046e+01
   4.8203250e+01
   3.7811856e+01
   2.4582284e+01
   1.0345617e+01
  -3.0670630e+00
  -1.4236667e+01
  -2.1881437e+01
  -2.5406271e+01
  -2.4856947e+01
  -2.0691234e+01
  -1.4053559e+01
  -6.1799040e+00
   1.5106430e+00
   7.9194320e+00
   1.2451362e+01
   1.4740215e+01
   1.5106431e+01
   1.4007782e+01
   1.1993591e+01
   9.6131840e+00
   7.3701070e+00
   5.4016940e+00
   3.7537190e+00
   2.2430770e+00
   6.8665600e-01
  -1.1902040e+00
  -3.5706110e+00
  -6.3630120e+00
  -9.4758530e+00
  -1.2497139e+01
  -1.4831769e+01
  -1.5838865e+01
  -1.4923324e+01
  -1.1810482e+01
  -6.5918980e+00
   1.8310800e-01
   7.4616610e+00
   1.4053559e+01
   1.8631265e+01
   2.0141909e+01
   1.8036164e+01
   1.2314031e+01
   3.5706110e+00
  -7.2785540e+00
  -1.8677043e+01
  -2.9159991e+01
  -3.7170978e+01
  -4.1336690e+01
  -4.0741589e+01
  -3.5065233e+01
  -2.4628061e+01
  -1.0574502e+01
   5.5390250e+00
   2.1515220e+01
   3.5111010e+01
   4.4312200e+01
   4.7653925e+01
   4.4403754e+01
   3.4836347e+01
   2.0096132e+01
   2.0141910e+00
  -1.7166400e+01
  -3.4790570e+01
  -4.8386359e+01
  -5.5893797e+01
  -5.5848021e+01
  -4.7837034e+01
  -3.2318608e+01
  -1.0894942e+01
   1.3916228e+01
   3.9047837e+01
   6.1158159e+01
   7.7454795e+01
   8.5603113e+01
   8.4687572e+01
   7.4708171e+01
   5.7129778e+01
   3.4149691e+01
   8.8349730e+00
  -1.5701533e+01
  -3.6255436e+01
  -5.0354773e+01
  -5.6076906e+01
  -5.2735180e+01
  -4.0695811e+01
  -2.1515220e+01
   2.3346310e+00
   2.7603571e+01
   5.1041428e+01
   6.9352254e+01
   8.0247196e+01
   8.2261387e+01
   7.5303273e+01
   6.0425727e+01
   3.9597162e+01
   1.5472649e+01
  -8.8349730e+00
  -3.0304418e+01
  -4.6326391e+01
  -5.4932479e+01
  -5.4932478e+01
  -4.6372167e+01
  -3.0258640e+01
  -8.5603110e+00
   1.6021973e+01
   4.0329594e+01
   6.1341268e+01
   7.6310369e+01
   8.3588922e+01
   8.2124056e+01
   7.2190433e+01
   5.5024033e+01
   3.2639048e+01
   7.6905470e+00
  -1.6845960e+01
  -3.8178073e+01
  -5.3604944e+01
  -6.1203937e+01
  -5.9922179e+01
  -4.9988556e+01
  -3.2684825e+01
  -1.0299840e+01
   1.4145113e+01
   3.7262532e+01
   5.6122682e+01
   6.8116274e+01
   7.1915770e+01
   6.7154955e+01
   5.4657816e+01
   3.6209659e+01
   1.4190890e+01
  -8.4229800e+00
  -2.8931106e+01
  -4.4724193e+01
  -5.4154268e+01
  -5.6214236e+01
  -5.1132982e+01
  -3.9917601e+01
  -2.4536507e+01
  -7.3701070e+00
   9.2469670e+00
   2.3163195e+01
   3.2867933e+01
   3.7674525e+01
   3.7537193e+01
   3.3051042e+01
   2.5497825e+01
   1.6067750e+01
   6.2256810e+00
  -2.7924010e+00
  -1.0025177e+01
  -1.4877547e+01
  -1.6983292e+01
  -1.6617075e+01
  -1.4099336e+01
  -1.0254063e+01
  -5.7679110e+00
  -1.2817580e+00
   2.7466240e+00
   6.0883500e+00
   8.8807510e+00
   1.1352712e+01
   1.3778896e+01
   1.6159305e+01
   1.8402380e+01
   2.0325017e+01
   2.1515221e+01
   2.1515221e+01
   2.0050354e+01
   1.7029069e+01
   1.2497139e+01
   6.9123360e+00
   6.8665600e-01
  -5.3101390e+00
  -1.0345617e+01
  -1.3458457e+01
  -1.3962005e+01
  -1.1306935e+01
  -5.4932480e+00
   2.9297330e+00
   1.3092241e+01
   2.3483634e+01
   3.2410163e+01
   3.8361181e+01
   4.0054932e+01
   3.7033647e+01
   2.9205767e+01
   1.7441062e+01
   3.0670640e+00
  -1.1993591e+01
  -2.5818265e+01
  -3.6438545e+01
  -4.2252232e+01
  -4.2069124e+01
  -3.5431448e+01
  -2.2842756e+01
  -5.5848020e+00
   1.4236667e+01
   3.4103914e+01
   5.1270314e+01
   6.3309682e+01
   6.8482490e+01
   6.5964752e+01
   5.5985352e+01
   3.9734493e+01
   1.9363699e+01
  -2.5177390e+00
  -2.3163195e+01
  -3.9871824e+01
  -5.0400549e+01
  -5.3330282e+01
  -4.7974365e+01
  -3.4882125e+01
  -1.5518426e+01
   7.6447700e+00
   3.1631953e+01
   5.3330282e+01
   6.9810025e+01
   7.8873884e+01
   7.9377432e+01
   7.1274891e+01
   5.5710689e+01
   3.4653239e+01
   1.0849165e+01
  -1.2771801e+01
  -3.3234150e+01
  -4.8020142e+01
  -5.5207141e+01
  -5.3833829e+01
  -4.4037537e+01
  -2.6916915e+01
  -4.7150380e+00
   1.9821470e+01
   4.3579767e+01
   6.3447013e+01
   7.6997025e+01
   8.2581827e+01
   7.9743649e+01
   6.8894484e+01
   5.1590753e+01
   3.0075532e+01
   7.0038910e+00
  -1.4785993e+01
  -3.2547494e+01
  -4.4037537e+01
  -4.7791256e+01
  -4.3121996e+01
  -3.0624856e+01
  -1.1718929e+01
   1.1169604e+01
   3.5111009e+01
   5.7038224e+01
   7.4113069e+01
   8.4229801e+01
   8.6289769e+01
   8.0018311e+01
   6.6376745e+01
   4.7241932e+01
   2.4948501e+01
   2.3346300e+00
  -1.7715724e+01
  -3.2776379e+01
  -4.0970474e+01
  -4.1382467e+01
  -3.3966583e+01
  -1.9913023e+01
  -1.3275350e+00
   1.9317922e+01
   3.9139392e+01
   5.5573358e+01
   6.6651407e+01
   7.1183337e+01
   6.8894484e+01
   6.0288396e+01
   4.6646830e+01
   2.9846647e+01
   1.1947815e+01
  -4.8523690e+00
  -1.8677042e+01
  -2.7832456e+01
  -3.1494621e+01
  -2.9434654e+01
  -2.2156099e+01
  -1.0986496e+01
   2.3346310e+00
   1.6021973e+01
   2.8244450e+01
   3.7720302e+01
   4.3579766e+01
   4.5548180e+01
   4.3900206e+01
   3.9322500e+01
   3.2547494e+01
   2.4628061e+01
   1.6479744e+01
   8.9723050e+00
   2.7008470e+00
  -1.8768600e+00
  -4.5777070e+00
  -5.4932470e+00
  -4.9439230e+00
  -3.1586180e+00
  -4.5777100e-01
   2.9755090e+00
   7.1412220e+00
   1.2130923e+01
   1.7944610e+01
   2.4353399e+01
   3.0991073e+01
   3.7170977e+01
   4.1886015e+01
   4.4312200e+01
   4.3671320e+01
   3.9642938e+01
   3.2364385e+01
   2.2476540e+01
   1.1078050e+01
  -3.6621700e-01
  -1.0299839e+01
  -1.7166400e+01
  -1.9729916e+01
  -1.7166400e+01
  -9.2927450e+00
   3.2959490e+00
   1.9134813e+01
   3.6301213e+01
   5.2277410e+01
   6.4774548e+01
   7.1686885e+01
   7.1869993e+01
   6.4911879e+01
   5.1590753e+01
   3.3554589e+01
   1.3138017e+01
  -7.0496680e+00
  -2.4353399e+01
  -3.6530098e+01
  -4.1794461e+01
  -3.9459831e+01
  -2.9571985e+01
  -1.3275349e+01
   7.5074380e+00
   3.0121309e+01
   5.1682307e+01
   6.9260700e+01
   8.0567635e+01
   8.4184024e+01
   7.9468986e+01
   6.7246510e+01
   4.8981461e+01
   2.6916915e+01
   3.7079420e+00
  -1.7853056e+01
  -3.5202563e+01
  -4.6417944e+01
  -4.9988555e+01
  -4.5548180e+01
  -3.3508812e+01
  -1.5289539e+01
   6.8207830e+00
   3.0029755e+01
   5.1224537e+01
   6.7521172e+01
   7.6630808e+01
   7.7409018e+01
   6.9626916e+01
   5.4428931e+01
   3.3646143e+01
   1.0025177e+01
  -1.3366903e+01
  -3.3463035e+01
  -4.7745480e+01
  -5.4383154e+01
  -5.2460517e+01
  -4.2160677e+01
  -2.4856947e+01
  -2.8381780e+00
   2.1011673e+01
   4.3396659e+01
   6.1432822e+01
   7.2693981e+01
   7.5715267e+01
   7.0130464e+01
   5.6672008e+01
   3.6804761e+01
   1.3000686e+01
  -1.2130923e+01
  -3.5706112e+01
  -5.5024033e+01
  -6.7841611e+01
  -7.2602426e+01
  -6.8757153e+01
  -5.6580453e+01
  -3.7811857e+01
  -1.4648661e+01
   9.7505150e+00
   3.2181277e+01
   4.9713893e+01
   6.0059511e+01
   6.1753261e+01
   5.4566262e+01
   3.9505608e+01
   1.8402380e+01
  -6.1799040e+00
  -3.1219959e+01
  -5.3513390e+01
  -7.0496681e+01
  -8.0018310e+01
  -8.1071183e+01
  -7.3701075e+01
  -5.9143969e+01
  -3.9551385e+01
  -1.7761501e+01
   3.2501720e+00
   2.0874342e+01
   3.2913710e+01
   3.8269627e+01
   3.6758983e+01
   2.9159991e+01
   1.6845960e+01
   1.8310830e+00
  -1.3778897e+01
  -2.7878233e+01
  -3.8727397e+01
  -4.5136186e+01
  -4.6601053e+01
  -4.3259327e+01
  -3.6163882e+01
  -2.6550698e+01
  -1.6159304e+01
  -6.6376740e+00
   8.2398700e-01
   5.4474710e+00
   7.1412220e+00
   6.2256810e+00
   3.4332800e+00
  -3.6621600e-01
  -4.3488210e+00
  -7.9652100e+00
  -1.0849165e+01
  -1.2863356e+01
  -1.4099336e+01
  -1.4785992e+01
  -1.5381094e+01
  -1.6067750e+01
  -1.7166400e+01
  -1.8814374e+01
  -2.0737010e+01
  -2.2659647e+01
  -2.4124514e+01
  -2.4490730e+01
  -2.3529412e+01
  -2.1057450e+01
  -1.7395285e+01
  -1.3275350e+01
  -9.5216300e+00
  -7.0496690e+00
  -6.6834510e+00
  -8.9265280e+00
  -1.3733120e+01
  -2.0828564e+01
  -2.9480430e+01
  -3.8681620e+01
  -4.7333486e+01
  -5.4383154e+01
  -5.8731975e+01
  -5.9739071e+01
  -5.6855115e+01
  -5.0217441e+01
  -4.0558480e+01
  -2.8747997e+01
  -1.6479744e+01
  -5.2643630e+00
   3.2501710e+00
   7.7363240e+00
   7.5074390e+00
   2.3804070e+00
  -7.2327770e+00
  -2.0187686e+01
  -3.5111009e+01
  -5.0125887e+01
  -6.3355458e+01
  -7.2968643e+01
  -7.7454795e+01
  -7.5761044e+01
  -6.7750057e+01
  -5.4062715e+01
  -3.6209659e+01
  -1.6433967e+01
   2.5177390e+00
   1.8036164e+01
   2.7786679e+01
   3.0121310e+01
   2.4673839e+01
   1.1856260e+01
  -6.6834520e+00
  -2.8427558e+01
  -5.0537880e+01
  -6.9810025e+01
  -8.3360037e+01
  -8.8990615e+01
  -8.5557336e+01
  -7.3060197e+01
  -5.2918288e+01
  -2.7603570e+01
  -6.4087900e-01
   2.4399176e+01
   4.3900206e+01
   5.5161364e+01
   5.6672007e+01
   4.8065919e+01
   3.0441749e+01
   6.1341270e+00
  -2.1881438e+01
  -5.0125887e+01
  -7.5120165e+01
  -9.3751430e+01
  -1.0373083e+02
  -1.0373083e+02
  -9.3705653e+01
  -7.4753948e+01
  -4.9301899e+01
  -2.0553902e+01
   7.7821010e+00
   3.2043946e+01
   4.9164569e+01
   5.7129778e+01
   5.5024033e+01
   4.3259327e+01
   2.3483635e+01
  -1.6479740e+00
  -2.8931105e+01
  -5.4840924e+01
  -7.6127260e+01
  -8.9997712e+01
  -9.4575418e+01
  -8.9127947e+01
  -7.4113070e+01
  -5.1453421e+01
  -2.3987182e+01
   4.7608140e+00
   3.1036850e+01
   5.1590753e+01
   6.3996338e+01
   6.6926070e+01
   6.0379949e+01
   4.5639734e+01
   2.4994278e+01
   1.3733120e+00
  -2.2064545e+01
  -4.2206455e+01
  -5.6534677e+01
  -6.3355459e+01
  -6.2073701e+01
  -5.3192951e+01
  -3.8178073e+01
  -1.9501030e+01
   2.2888500e-01
   1.8356603e+01
   3.2501717e+01
   4.1336691e+01
   4.4083315e+01
   4.1062028e+01
   3.3234149e+01
   2.1972991e+01
   9.2011900e+00
  -3.5248340e+00
  -1.4465553e+01
  -2.2476540e+01
  -2.6733806e+01
  -2.7054246e+01
  -2.3712520e+01
  -1.7578394e+01
  -9.8878470e+00
  -1.9226370e+00
   5.0354770e+00
   1.0162509e+01
   1.3092241e+01
   1.3824674e+01
   1.2954910e+01
   1.1032273e+01
   8.7434190e+00
   6.7292290e+00
   5.1728090e+00
   4.1657130e+00
   3.4332800e+00
   2.8381780e+00
   2.0141910e+00
   7.7821100e-01
  -9.1554100e-01
  -2.9755100e+00
  -5.0812540e+00
  -6.6834510e+00
  -7.0954450e+00
  -5.8594640e+00
  -2.4261840e+00
   3.2501720e+00
   1.0940718e+01
   1.9684138e+01
   2.8381780e+01
   3.5568780e+01
   3.9917601e+01
   4.0283818e+01
   3.6209659e+01
   2.7832455e+01
   1.6021973e+01
   2.1057450e+00
  -1.2085145e+01
