  -1.4190891e+01
  -1.9638361e+01
  -2.3071641e+01
  -2.4170290e+01
  -2.3025864e+01
  -2.0187686e+01
  -1.6479743e+01
  -1.2634470e+01
  -9.2927440e+00
  -6.7750060e+00
  -4.9439230e+00
  -3.6163880e+00
  -2.4719610e+00
  -1.1902030e+00
   4.1199400e-01
   2.3346310e+00
   4.4403750e+00
   6.4545660e+00
   8.1483170e+00
   9.3842990e+00
   1.0070954e+01
   1.0070954e+01
   9.6131840e+00
   8.6518660e+00
   7.5532160e+00
   6.5003430e+00
   5.6305790e+00
   5.3101390e+00
   5.4932480e+00
   6.4087890e+00
   7.9194320e+00
   9.9794000e+00
   1.2405584e+01
   1.4969100e+01
   1.7441062e+01
   1.9638361e+01
   2.1515221e+01
   2.2934310e+01
   2.3849852e+01
   2.4353399e+01
   2.4444953e+01
   2.4261844e+01
   2.3895628e+01
   2.3575189e+01
   2.3392080e+01
   2.3529412e+01
   2.4078737e+01
   2.4994278e+01
   2.6230259e+01
   2.7695124e+01
   2.9159991e+01
   3.0533303e+01
   3.1677730e+01
   3.2501717e+01
   3.3096818e+01
   3.3417258e+01
   3.3508812e+01
   3.3371481e+01
   3.3051041e+01
   3.2593271e+01
   3.2089723e+01
   3.1540399e+01
   3.0991074e+01
   3.0487526e+01
   3.0075532e+01
   2.9663539e+01
   2.9297322e+01
   2.8839552e+01
   2.8244450e+01
   2.7512016e+01
   2.6596475e+01
   2.5543602e+01
   2.4444953e+01
   2.3346303e+01
   2.2384985e+01
   2.1606775e+01
   2.1103227e+01
   2.1149005e+01
   2.1789883e+01
   2.3071641e+01
   2.4994277e+01
   2.7374686e+01
   2.9938201e+01
   3.2318608e+01
   3.4195468e+01
   3.5248340e+01
   3.5339895e+01
   3.4378576e+01
   3.2547494e+01
   3.0029755e+01
   2.7237354e+01
   2.4444953e+01
   2.2018769e+01
   2.0141909e+01
   1.9134813e+01
   1.8951705e+01
   1.9729915e+01
   2.1194781e+01
   2.3300527e+01
   2.5772488e+01
   2.8290226e+01
   3.0716411e+01
   3.2913710e+01
   3.4699015e+01
   3.6209659e+01
   3.7399862e+01
   3.8361181e+01
   3.9139391e+01
   3.9780270e+01
   4.0238041e+01
   4.0558480e+01
   4.0650034e+01
   4.0512704e+01
   4.0238041e+01
   3.9780270e+01
   3.9139392e+01
   3.8361181e+01
   3.7354085e+01
   3.6072328e+01
   3.4561685e+01
   3.2730602e+01
   3.0762188e+01
   2.8702220e+01
   2.6733806e+01
   2.4948501e+01
   2.3483635e+01
   2.2476539e+01
   2.2064546e+01
   2.2293431e+01
   2.3117418e+01
   2.4582284e+01
   2.6550698e+01
   2.8702220e+01
   3.0807966e+01
   3.2455939e+01
   3.3463035e+01
   3.3417258e+01
   3.2410162e+01
   3.0395972e+01
   2.7740902e+01
   2.4582284e+01
   2.1332112e+01
   1.8265049e+01
   1.5609979e+01
   1.3458457e+01
   1.1856260e+01
   1.0803388e+01
   1.0162509e+01
   9.7505150e+00
   9.4758530e+00
   9.0638590e+00
   8.4687570e+00
   7.7363240e+00
   6.7292290e+00
   5.6763560e+00
   4.7608150e+00
   4.1657130e+00
   4.0741580e+00
   4.5319300e+00
   5.5848020e+00
   7.1870000e+00
   9.1096360e+00
   1.1215381e+01
   1.3412680e+01
   1.5426871e+01
   1.7212177e+01
   1.8677043e+01
   1.9729915e+01
   2.0279240e+01
   2.0325017e+01
   1.9913024e+01
   1.9089037e+01
   1.7990387e+01
   1.6800183e+01
   1.5701533e+01
   1.4785992e+01
   1.4190890e+01
   1.3962005e+01
   1.4099336e+01
   1.4557107e+01
   1.5289540e+01
   1.6205082e+01
   1.7212177e+01
   1.8173496e+01
   1.8997482e+01
   1.9592584e+01
   1.9867247e+01
   1.9821470e+01
   1.9501030e+01
   1.9043260e+01
   1.8493935e+01
   1.8036164e+01
   1.7715724e+01
   1.7532617e+01
   1.7441062e+01
   1.7349508e+01
   1.7303731e+01
   1.7166399e+01
   1.6937514e+01
   1.6708629e+01
   1.6388189e+01
   1.5976196e+01
   1.5472648e+01
   1.4785992e+01
   1.3824674e+01
   1.2634470e+01
   1.1169604e+01
   9.5216300e+00
   7.7821010e+00
   5.9510180e+00
   4.3030450e+00
   2.7924010e+00
   1.5564200e+00
   5.4932500e-01
  -4.5778000e-02
  -3.2043900e-01
  -2.2888500e-01
   1.8310900e-01
   8.6976400e-01
   1.6937510e+00
   2.5177390e+00
   3.3417260e+00
   3.9826050e+00
   4.4861520e+00
   4.7150380e+00
   4.7150370e+00
   4.4861520e+00
   3.8452740e+00
   2.8381780e+00
   1.5106430e+00
  -2.2888500e-01
  -2.1972990e+00
  -4.1199360e+00
  -5.9052410e+00
  -7.3243300e+00
  -8.1940950e+00
  -8.4687570e+00
  -8.1483180e+00
  -7.2785530e+00
  -6.0425730e+00
  -4.5777060e+00
  -2.9755100e+00
  -1.4190890e+00
   4.5777000e-02
   1.2817580e+00
   2.2888530e+00
   2.8839550e+00
   3.2043940e+00
   3.1586170e+00
   2.8381780e+00
   2.1515220e+00
   1.1902040e+00
   0.0000000e+00
  -1.4648660e+00
  -3.0670630e+00
  -4.7150380e+00
  -6.2256810e+00
  -7.2327770e+00
  -7.5989930e+00
  -7.0496680e+00
  -5.6305790e+00
  -3.3875030e+00
  -5.9510200e-01
   2.3346300e+00
   5.0812540e+00
   7.1869990e+00
   8.5145350e+00
   8.9265280e+00
   8.5603110e+00
   7.5989930e+00
   6.3630120e+00
   5.2185850e+00
   4.3945980e+00
   4.0741580e+00
   4.3488210e+00
   5.2643620e+00
   6.4545660e+00
   7.9652090e+00
   9.2469670e+00
   1.0254062e+01
   1.0711834e+01
   1.0711833e+01
   1.0254063e+01
   9.5674070e+00
   8.8349730e+00
   8.3772030e+00
   8.1940940e+00
   8.3772030e+00
   8.8807500e+00
   9.6589610e+00
   1.0482948e+01
   1.1306936e+01
   1.2176700e+01
   1.3046464e+01
   1.3916228e+01
   1.4877546e+01
   1.5976196e+01
   1.7166400e+01
   1.8402380e+01
   1.9638362e+01
   2.0691234e+01
   2.1698329e+01
   2.2476539e+01
   2.3025864e+01
   2.3392081e+01
   2.3529411e+01
   2.3437857e+01
   2.3208972e+01
   2.2980087e+01
   2.2613870e+01
   2.2293431e+01
   2.2018769e+01
   2.1652552e+01
   2.1149004e+01
   2.0508125e+01
   1.9546807e+01
   1.8402380e+01
   1.7074846e+01
   1.5655756e+01
   1.4236668e+01
   1.2954909e+01
   1.1856260e+01
   1.0940719e+01
   1.0162508e+01
   9.4758520e+00
   8.8807510e+00
   8.2856490e+00
   7.7363240e+00
   7.2785540e+00
   6.9123370e+00
   6.5461200e+00
   6.2714580e+00
   6.0425730e+00
   5.9052410e+00
   5.8136870e+00
   5.9052420e+00
   6.0883500e+00
   6.4087890e+00
   6.7750060e+00
   7.2327760e+00
   7.5989930e+00
   7.8736550e+00
   8.0567640e+00
   8.1483180e+00
   8.2856490e+00
   8.5603110e+00
   8.9723040e+00
   9.6131830e+00
   1.0528725e+01
   1.1627375e+01
   1.2863355e+01
   1.4282444e+01
   1.5884642e+01
   1.7532616e+01
   1.9226368e+01
   2.0920119e+01
   2.2430762e+01
   2.3666743e+01
   2.4536507e+01
   2.4994278e+01
   2.4994278e+01
   2.4628062e+01
   2.4032959e+01
   2.3208972e+01
   2.2339208e+01
   2.1560998e+01
   2.0828565e+01
   2.0325017e+01
   1.9958801e+01
   1.9821470e+01
   1.9729915e+01
   1.9592584e+01
   1.9134813e+01
   1.8219272e+01
   1.6754406e+01
   1.4557107e+01
   1.1810483e+01
   8.6060890e+00
   5.2185850e+00
   1.9684140e+00
  -9.1554100e-01
  -3.3875030e+00
  -5.2185860e+00
  -6.5461210e+00
  -7.3701070e+00
  -7.8736550e+00
  -8.1483180e+00
  -8.3772030e+00
  -8.6060880e+00
  -8.9723050e+00
  -9.5216290e+00
  -1.0208286e+01
  -1.1078050e+01
  -1.2039369e+01
  -1.2954910e+01
  -1.3778897e+01
  -1.4511330e+01
  -1.5014878e+01
  -1.5289540e+01
  -1.5472648e+01
  -1.5472648e+01
  -1.5426872e+01
  -1.5289540e+01
  -1.5106431e+01
  -1.4785992e+01
  -1.4328221e+01
  -1.3778897e+01
  -1.3046464e+01
  -1.2268254e+01
  -1.1444266e+01
  -1.0620280e+01
  -9.7505150e+00
  -8.8349730e+00
  -7.7821020e+00
  -6.6834520e+00
  -5.4474710e+00
  -4.1199350e+00
  -2.7466240e+00
  -1.3733120e+00
   9.1554000e-02
   1.5564200e+00
   3.0212860e+00
   4.4403750e+00
   5.8136870e+00
   7.0038910e+00
   8.0109870e+00
   8.7434190e+00
   9.2927440e+00
   9.7047380e+00
   1.0025178e+01
   1.0482948e+01
   1.1123827e+01
   1.2085146e+01
   1.3321126e+01
   1.4694438e+01
   1.6205082e+01
   1.7715724e+01
   1.8997482e+01
   2.0050354e+01
   2.0645457e+01
   2.0828565e+01
   2.0462348e+01
   1.9592584e+01
   1.8310826e+01
   1.6708629e+01
   1.5014878e+01
   1.3458457e+01
   1.2130922e+01
   1.1261158e+01
   1.0849165e+01
   1.0711833e+01
   1.0940719e+01
   1.1215381e+01
   1.1398489e+01
   1.1444266e+01
   1.1215381e+01
   1.0711833e+01
   9.9336240e+00
   8.8807500e+00
   7.6447700e+00
   6.2256810e+00
   4.7608150e+00
   3.2959490e+00
   1.9226370e+00
   7.3243300e-01
  -2.7466200e-01
  -1.1444260e+00
  -1.8310820e+00
  -2.5177390e+00
  -3.2043950e+00
  -3.8910510e+00
  -4.6692610e+00
  -5.4474710e+00
  -6.3172350e+00
  -7.0954450e+00
  -7.9194320e+00
  -8.6976430e+00
  -9.5216300e+00
  -1.0254063e+01
  -1.0894942e+01
  -1.1261158e+01
  -1.1306935e+01
  -1.1078049e+01
  -1.0437171e+01
  -9.6589610e+00
  -8.8349730e+00
  -8.1483180e+00
  -7.7821010e+00
  -7.8278790e+00
  -8.3314260e+00
  -9.1554130e+00
  -1.0254062e+01
  -1.1352712e+01
  -1.2359808e+01
  -1.3000686e+01
  -1.3183795e+01
  -1.2771801e+01
  -1.1718929e+01
  -1.0116732e+01
  -8.0109860e+00
  -5.7221330e+00
  -3.4332800e+00
  -1.4190890e+00
   0.0000000e+00
   8.6976400e-01
   1.0528720e+00
   5.9510200e-01
  -2.7466300e-01
  -1.3733120e+00
  -2.5177390e+00
  -3.5248340e+00
  -4.2572670e+00
  -4.5777060e+00
  -4.4861530e+00
  -3.9826050e+00
  -3.1586180e+00
  -2.1057450e+00
  -9.6131800e-01
  -4.5777000e-02
   6.8665600e-01
   9.6131800e-01
   8.6976500e-01
   5.0354800e-01
  -1.3733100e-01
  -7.3243300e-01
  -1.1902030e+00
  -1.3733120e+00
  -1.2359810e+00
  -8.2398700e-01
  -1.3733100e-01
   7.3243300e-01
   1.7395290e+00
   2.7008470e+00
   3.6163880e+00
   4.4403760e+00
   5.0812540e+00
   5.5390250e+00
   5.8136870e+00
   5.9967960e+00
   6.0883490e+00
   6.1341270e+00
   6.3172350e+00
   6.4087890e+00
   6.4545660e+00
   6.3630120e+00
   5.9967950e+00
   5.2185850e+00
   4.0741580e+00
   2.6092930e+00
   8.6976400e-01
  -1.0070960e+00
  -2.8839550e+00
  -4.7150380e+00
  -6.3630120e+00
  -7.9194320e+00
  -9.2469670e+00
  -1.0391394e+01
  -1.1169604e+01
  -1.1581597e+01
  -1.1627374e+01
  -1.1352712e+01
  -1.0757611e+01
  -1.0116731e+01
  -9.5674060e+00
  -9.3385220e+00
  -9.4758530e+00
  -1.0299840e+01
  -1.1810483e+01
  -1.3916228e+01
  -1.6708629e+01
  -1.9958801e+01
  -2.3529412e+01
  -2.7145800e+01
  -3.0579080e+01
  -3.3463035e+01
  -3.5706111e+01
  -3.7033646e+01
  -3.7491417e+01
  -3.7125200e+01
  -3.6118105e+01
  -3.4561684e+01
  -3.2776379e+01
  -3.0762188e+01
  -2.8747997e+01
  -2.6779583e+01
  -2.4902724e+01
  -2.3254750e+01
  -2.1835661e+01
  -2.0645457e+01
  -1.9775692e+01
  -1.9089036e+01
  -1.8585489e+01
  -1.8127718e+01
  -1.7853055e+01
  -1.7486839e+01
  -1.7257954e+01
  -1.6983291e+01
  -1.6845960e+01
  -1.6708629e+01
  -1.6662852e+01
  -1.6617075e+01
  -1.6525521e+01
  -1.6525521e+01
  -1.6617074e+01
  -1.6937515e+01
  -1.7578393e+01
  -1.8631266e+01
  -2.0096131e+01
  -2.1927215e+01
  -2.4078737e+01
  -2.6413367e+01
  -2.8793775e+01
  -3.1082628e+01
  -3.3325704e+01
  -3.5339894e+01
  -3.7262531e+01
  -3.9093614e+01
  -4.0741589e+01
  -4.2298009e+01
  -4.3717098e+01
  -4.4907301e+01
  -4.5822843e+01
  -4.6417944e+01
  -4.6555275e+01
  -4.6051728e+01
  -4.4998855e+01
  -4.3259327e+01
  -4.1062028e+01
  -3.8544289e+01
  -3.6026550e+01
  -3.3783474e+01
  -3.2181277e+01
  -3.1174181e+01
  -3.1082628e+01
  -3.1586175e+01
  -3.2730602e+01
  -3.4149691e+01
  -3.5706112e+01
  -3.7125200e+01
  -3.8269627e+01
  -3.9002060e+01
  -3.9230945e+01
  -3.8773175e+01
  -3.7766079e+01
  -3.6072327e+01
  -3.3875029e+01
  -3.1128405e+01
  -2.8152895e+01
  -2.5040055e+01
  -2.1927214e+01
  -1.8951705e+01
  -1.6159304e+01
  -1.3641565e+01
  -1.1444267e+01
  -9.4758530e+00
  -7.8278780e+00
  -6.4087900e+00
  -5.2185850e+00
  -4.0741590e+00
  -2.8381780e+00
  -1.5106440e+00
   9.1554000e-02
   2.0141910e+00
   4.2114900e+00
   6.5918980e+00
   9.1096360e+00
   1.1673152e+01
   1.4236667e+01
   1.6754406e+01
   1.9226368e+01
   2.1652552e+01
   2.4124514e+01
   2.6642253e+01
   2.9205768e+01
   3.1815061e+01
   3.4515908e+01
   3.7170977e+01
   3.9780271e+01
   4.2252231e+01
   4.4357977e+01
   4.6097505e+01
   4.7196155e+01
   4.7653926e+01
   4.7470817e+01
   4.6692607e+01
   4.5502403e+01
   4.4220645e+01
   4.2938888e+01
   4.2023347e+01
   4.1611352e+01
   4.1657130e+01
   4.2206455e+01
   4.3213550e+01
   4.4632639e+01
   4.6234837e+01
   4.7928588e+01
   4.9576562e+01
   5.0949874e+01
   5.2048523e+01
   5.2597848e+01
   5.2689402e+01
   5.2323186e+01
   5.1682307e+01
   5.0858320e+01
   5.0080110e+01
   4.9485008e+01
   4.9118791e+01
   4.9073014e+01
   4.9347677e+01
   4.9759671e+01
   5.0354772e+01
   5.1041428e+01
   5.1636530e+01
   5.2048524e+01
   5.2231632e+01
   5.2002747e+01
   5.1361867e+01
   5.0263218e+01
   4.8798352e+01
   4.7013047e+01
   4.5090410e+01
   4.3213550e+01
   4.1474021e+01
   4.0009155e+01
   3.8818951e+01
   3.8040742e+01
   3.7537194e+01
   3.7308308e+01
   3.7308308e+01
   3.7445640e+01
   3.7582971e+01
   3.7674525e+01
   3.7491417e+01
   3.7079423e+01
   3.6301213e+01
   3.5248341e+01
   3.4012360e+01
   3.2867933e+01
   3.1769284e+01
   3.0945297e+01
   3.0441749e+01
   3.0350195e+01
   3.0624857e+01
   3.1265736e+01
   3.2227054e+01
   3.3508812e+01
   3.5019456e+01
   3.6621653e+01
   3.8178073e+01
   3.9459831e+01
   4.0238041e+01
   4.0466926e+01
   4.0009156e+01
   3.8910506e+01
   3.7308309e+01
   3.5431449e+01
   3.3417258e+01
   3.1494621e+01
   2.9846647e+01
   2.8427558e+01
   2.7283131e+01
   2.6504921e+01
   2.5864042e+01
   2.5360495e+01
   2.4765393e+01
   2.4216067e+01
   2.3437858e+01
   2.2613871e+01
   2.1698329e+01
   2.0737011e+01
   2.0004578e+01
   1.9455253e+01
   1.9272144e+01
   1.9409476e+01
   1.9729916e+01
   2.0279240e+01
   2.0691234e+01
   2.1057450e+01
   2.1194781e+01
   2.1194781e+01
   2.1103228e+01
   2.1103227e+01
   2.1194782e+01
   2.1560998e+01
   2.2156100e+01
   2.3025864e+01
   2.4124514e+01
   2.5314717e+01
   2.6550698e+01
   2.7695125e+01
   2.8702220e+01
   2.9434654e+01
   2.9892424e+01
   3.0075532e+01
   3.0029755e+01
   2.9846647e+01
   2.9709316e+01
   2.9571984e+01
   2.9571984e+01
   2.9571984e+01
   2.9617761e+01
   2.9434654e+01
   2.8931106e+01
   2.8107119e+01
   2.6825361e+01
   2.5360494e+01
   2.3712520e+01
   2.2064545e+01
   2.0508125e+01
   1.9134813e+01
   1.7898833e+01
   1.6891737e+01
   1.6021973e+01
   1.5243763e+01
   1.4557107e+01
   1.3824674e+01
   1.2954910e+01
   1.1902037e+01
   1.0528725e+01
   8.7891970e+00
   6.5461200e+00
   4.0741590e+00
   1.4190890e+00
  -1.2359810e+00
  -3.6621650e+00
  -5.6305790e+00
  -6.9123370e+00
  -7.5532160e+00
  -7.4616620e+00
  -6.7292290e+00
  -5.4932480e+00
  -3.8452730e+00
  -2.0599680e+00
  -3.6621700e-01
   9.6131800e-01
   1.8768600e+00
   2.1972990e+00
   1.9684140e+00
   1.1902040e+00
   1.3733100e-01
  -1.1444270e+00
  -2.4261850e+00
  -3.5706110e+00
  -4.5319300e+00
  -5.1728090e+00
  -5.5848020e+00
  -5.6305800e+00
  -5.4474710e+00
  -4.8523690e+00
  -4.0283820e+00
  -2.9755100e+00
  -1.8310820e+00
  -7.7821000e-01
   4.5777000e-02
   5.4932500e-01
   6.4087800e-01
   3.2044000e-01
  -3.6621700e-01
  -1.2359810e+00
  -2.2888540e+00
  -3.3417260e+00
  -4.2572670e+00
  -5.0354770e+00
  -5.6763560e+00
  -6.0883500e+00
  -6.3172350e+00
  -6.4545670e+00
  -6.5003440e+00
  -6.7292290e+00
  -7.0038910e+00
  -7.5532160e+00
  -8.3772030e+00
  -9.3842990e+00
  -1.0574502e+01
  -1.1718929e+01
  -1.2863355e+01
  -1.3824674e+01
  -1.4740216e+01
  -1.5472648e+01
  -1.6113527e+01
  -1.6617075e+01
  -1.6937514e+01
  -1.7029069e+01
  -1.6754406e+01
  -1.6067750e+01
  -1.4923324e+01
  -1.3458458e+01
  -1.1764705e+01
  -1.0025177e+01
  -8.4687570e+00
  -7.2785540e+00
  -6.5003440e+00
  -6.3172350e+00
  -6.6834520e+00
  -7.5074390e+00
  -8.6518650e+00
  -9.8420690e+00
  -1.0940719e+01
  -1.1627375e+01
  -1.1764706e+01
  -1.1352713e+01
  -1.0437171e+01
  -9.2469680e+00
  -7.9194330e+00
  -6.8207830e+00
  -6.1341270e+00
  -6.0425730e+00
  -6.4545670e+00
  -7.2327770e+00
  -8.2398720e+00
  -9.2469670e+00
  -1.0070954e+01
  -1.0528725e+01
  -1.0574502e+01
  -1.0208285e+01
  -9.4300750e+00
  -8.3314260e+00
  -7.0496680e+00
  -5.7221330e+00
  -4.4403760e+00
  -3.3875030e+00
  -2.7924010e+00
  -2.5635160e+00
  -2.8839550e+00
  -3.7079420e+00
  -5.0812550e+00
  -6.9123370e+00
  -9.2011900e+00
  -1.1856260e+01
  -1.4785992e+01
  -1.7853055e+01
  -2.0782788e+01
  -2.3437858e+01
  -2.5452049e+01
  -2.6596475e+01
  -2.6871138e+01
  -2.6138704e+01
  -2.4673838e+01
  -2.2751201e+01
  -2.0691234e+01
  -1.8860151e+01
  -1.7532616e+01
  -1.6983292e+01
  -1.7257953e+01
  -1.8219272e+01
  -1.9821469e+01
  -2.1835661e+01
  -2.3941405e+01
  -2.6001373e+01
  -2.7649347e+01
  -2.8839552e+01
  -2.9388877e+01
  -2.9388877e+01
  -2.8885329e+01
  -2.8061341e+01
  -2.7008469e+01
  -2.5909819e+01
  -2.4856947e+01
  -2.3849851e+01
  -2.2842756e+01
  -2.1744106e+01
  -2.0645457e+01
  -1.9455253e+01
  -1.8310826e+01
  -1.7257953e+01
  -1.6433966e+01
  -1.5838865e+01
  -1.5518426e+01
  -1.5518425e+01
  -1.5793088e+01
  -1.6205081e+01
  -1.6708629e+01
  -1.7349508e+01
  -1.7898833e+01
  -1.8356603e+01
  -1.8722819e+01
  -1.8951706e+01
  -1.8997482e+01
  -1.9043259e+01
  -1.9180591e+01
  -1.9455253e+01
  -2.0050354e+01
  -2.0920119e+01
  -2.1972991e+01
  -2.3163196e+01
  -2.4216068e+01
  -2.5040055e+01
  -2.5452049e+01
  -2.5452048e+01
  -2.4948501e+01
  -2.4078737e+01
  -2.2888533e+01
  -2.1469444e+01
  -1.9913023e+01
  -1.8219272e+01
  -1.6479744e+01
  -1.4785992e+01
  -1.3275349e+01
  -1.2085146e+01
  -1.1215381e+01
  -1.0940719e+01
  -1.1215381e+01
  -1.2222476e+01
  -1.3824674e+01
  -1.6159304e+01
  -1.8951706e+01
  -2.2201877e+01
  -2.5680934e+01
  -2.9205768e+01
  -3.2501717e+01
  -3.5385672e+01
  -3.7674525e+01
  -3.9322499e+01
  -4.0238041e+01
  -4.0650035e+01
  -4.0695811e+01
  -4.0466926e+01
  -4.0192264e+01
  -3.9963379e+01
  -3.9917602e+01
  -4.0146487e+01
  -4.0695812e+01
  -4.1702906e+01
  -4.3167773e+01
  -4.5090410e+01
  -4.7470817e+01
  -5.0125887e+01
  -5.2872511e+01
  -5.5481804e+01
  -5.7724880e+01
  -5.9327077e+01
  -6.0288395e+01
  -6.0471504e+01
  -6.0013733e+01
  -5.8915083e+01
  -5.7358663e+01
  -5.5527580e+01
  -5.3604944e+01
  -5.1819638e+01
  -5.0354772e+01
  -4.9393453e+01
  -4.9027237e+01
  -4.9164569e+01
  -4.9851225e+01
  -5.0720989e+01
  -5.1590753e+01
  -5.2277409e+01
  -5.2414740e+01
  -5.2002747e+01
  -5.0904097e+01
  -4.9256123e+01
  -4.7058823e+01
  -4.4541085e+01
  -4.1748684e+01
  -3.9002060e+01
  -3.6392767e+01
  -3.3966583e+01
  -3.1815060e+01
  -2.9983978e+01
  -2.8336003e+01
  -2.6779584e+01
  -2.5177386e+01
  -2.3346303e+01
  -2.1332112e+01
  -1.9089037e+01
  -1.6754406e+01
  -1.4465553e+01
  -1.2405585e+01
  -1.0803388e+01
  -9.6589610e+00
  -9.0638590e+00
  -9.0180820e+00
  -9.3842980e+00
  -9.9794000e+00
  -1.0757610e+01
  -1.1490044e+01
  -1.1993591e+01
  -1.2130922e+01
  -1.1764705e+01
  -1.0986496e+01
  -9.6131840e+00
  -8.0567640e+00
  -6.5003430e+00
  -5.1728090e+00
  -4.4403750e+00
  -4.5777070e+00
  -5.7679110e+00
  -8.1025410e+00
  -1.1490043e+01
  -1.5930419e+01
  -2.1103227e+01
  -2.6962692e+01
  -3.3234150e+01
  -3.9551385e+01
  -4.5777066e+01
  -5.1590753e+01
  -5.6672007e+01
  -6.0883497e+01
  -6.4042114e+01
  -6.6239414e+01
  -6.7475395e+01
  -6.7978942e+01
  -6.7841612e+01
  -6.7429618e+01
  -6.6834516e+01
  -6.6376746e+01
  -6.6102083e+01
  -6.6285191e+01
  -6.6926070e+01
  -6.8162051e+01
  -6.9855802e+01
  -7.2053101e+01
  -7.4616617e+01
  -7.7409018e+01
  -8.0292973e+01
  -8.3222705e+01
  -8.6106660e+01
  -8.8807507e+01
  -9.1325246e+01
  -9.3476769e+01
  -9.5216297e+01
  -9.6314946e+01
  -9.6910048e+01
  -9.6818494e+01
  -9.6177615e+01
  -9.5170519e+01
  -9.3888762e+01
  -9.2607004e+01
  -9.1371023e+01
  -9.0455481e+01
  -8.9723049e+01
  -8.9127947e+01
  -8.8624399e+01
  -8.7983520e+01
  -8.7067979e+01
  -8.5877775e+01
  -8.4138247e+01
  -8.1940947e+01
  -7.9240101e+01
  -7.6081483e+01
  -7.2693980e+01
  -6.9169146e+01
  -6.5964752e+01
  -6.3172350e+01
  -6.1020829e+01
  -5.9693294e+01
  -5.9006637e+01
  -5.8869307e+01
  -5.9098192e+01
  -5.9327078e+01
  -5.9327077e+01
  -5.8823529e+01
  -5.7724880e+01
  -5.5893798e+01
  -5.3421836e+01
  -5.0354772e+01
  -4.6967269e+01
  -4.3533989e+01
  -4.0421149e+01
  -3.7811857e+01
  -3.6072328e+01
  -3.5248340e+01
  -3.5248340e+01
  -3.5889220e+01
  -3.6804761e+01
  -3.7628748e+01
  -3.8132296e+01
  -3.7903410e+01
  -3.6942093e+01
  -3.5202563e+01
  -3.2913711e+01
  -3.0167087e+01
  -2.7283131e+01
  -2.4490731e+01
  -2.1927215e+01
  -1.9729915e+01
  -1.8036164e+01
  -1.6754406e+01
  -1.5838865e+01
  -1.5152209e+01
  -1.4511330e+01
  -1.3733120e+01
  -1.2817578e+01
  -1.1673152e+01
  -1.0482949e+01
  -9.4758520e+00
  -8.6518650e+00
  -8.3314260e+00
  -8.5603120e+00
  -9.2927440e+00
  -1.0437171e+01
  -1.1810483e+01
  -1.3183795e+01
  -1.4282445e+01
  -1.4877546e+01
  -1.4877546e+01
  -1.4190891e+01
  -1.2634470e+01
  -1.0437171e+01
  -7.5074390e+00
  -4.1657130e+00
  -6.8665600e-01
   2.7008470e+00
   5.7679110e+00
   8.2856490e+00
   1.0254063e+01
   1.1535821e+01
   1.2405585e+01
   1.3046464e+01
   1.3595788e+01
   1.4328222e+01
   1.5381094e+01
   1.6800183e+01
   1.8677043e+01
   2.0920119e+01
   2.3483634e+01
   2.6092928e+01
   2.8610666e+01
   3.0853742e+01
   3.2639048e+01
   3.3783475e+01
   3.4287022e+01
   3.4195468e+01
   3.3600366e+01
   3.2776379e+01
   3.1860837e+01
   3.1036850e+01
   3.0395972e+01
   2.9938201e+01
   2.9663539e+01
   2.9617761e+01
   2.9663539e+01
   2.9892424e+01
   3.0304418e+01
   3.0762188e+01
   3.1357290e+01
   3.1860838e+01
   3.2272831e+01
   3.2455939e+01
   3.2364386e+01
   3.1906615e+01
   3.1265736e+01
   3.0441749e+01
   2.9571985e+01
   2.8747998e+01
   2.8198672e+01
   2.7832456e+01
   2.7878233e+01
   2.8244449e+01
   2.8976883e+01
   2.9892424e+01
   3.1036851e+01
   3.2089723e+01
   3.3051041e+01
   3.3691921e+01
   3.4058137e+01
   3.3966582e+01
   3.3646143e+01
   3.3142596e+01
   3.2639048e+01
   3.2181278e+01
   3.1906615e+01
   3.1906615e+01
   3.2135500e+01
   3.2593271e+01
   3.3234149e+01
   3.4058137e+01
   3.5065232e+01
   3.6163882e+01
   3.7262531e+01
   3.8178073e+01
   3.8773175e+01
   3.8773175e+01
   3.8178073e+01
   3.6850538e+01
   3.5019455e+01
   3.2684825e+01
   3.0121309e+01
   2.7649348e+01
   2.5452049e+01
   2.3895628e+01
   2.2980087e+01
   2.2888533e+01
   2.3575189e+01
   2.4811170e+01
   2.6459144e+01
   2.8244450e+01
   2.9846647e+01
   3.1082628e+01
   3.1860837e+01
   3.2181278e+01
   3.2272831e+01
   3.2364385e+01
   3.2639048e+01
   3.3279927e+01
   3.4424353e+01
   3.5980774e+01
   3.7766080e+01
   3.9505608e+01
   4.0970474e+01
   4.1977569e+01
   4.2389563e+01
   4.2160677e+01
   4.1382467e+01
   4.0192263e+01
   3.8773175e+01
   3.7216755e+01
   3.5843442e+01
   3.4561684e+01
   3.3554589e+01
   3.2730602e+01
   3.1952392e+01
   3.1219959e+01
   3.0212863e+01
   2.9022660e+01
   2.7557793e+01
   2.5955597e+01
   2.4444953e+01
   2.3254749e+01
   2.2568093e+01
   2.2568094e+01
   2.3300526e+01
   2.4490730e+01
   2.6138705e+01
   2.7832456e+01
   2.9251545e+01
   3.0212863e+01
   3.0533303e+01
   3.0029755e+01
   2.8885328e+01
   2.7100023e+01
   2.4902724e+01
   2.2659648e+01
   2.0553903e+01
   1.9043260e+01
   1.8356604e+01
   1.8677042e+01
   1.9913023e+01
   2.2064546e+01
   2.4673838e+01
   2.7512017e+01
   3.0121310e+01
   3.2181277e+01
   3.3371481e+01
   3.3646143e+01
   3.2867933e+01
   3.1219959e+01
   2.8976883e+01
   2.6230259e+01
   2.3392080e+01
   2.0737011e+01
   1.8539711e+01
   1.6937515e+01
   1.5930419e+01
   1.5609980e+01
   1.5701534e+01
   1.5976196e+01
   1.6113528e+01
   1.6021973e+01
   1.5472648e+01
   1.4419776e+01
   1.3138018e+01
   1.1627375e+01
   1.0162508e+01
   8.9723050e+00
   8.1940950e+00
   7.8278780e+00
   7.9194330e+00
   8.3772030e+00
   8.9723040e+00
   9.6589610e+00
   1.0254062e+01
   1.0528725e+01
   1.0528725e+01
   1.0254063e+01
   9.7962920e+00
   9.2927450e+00
   9.0180820e+00
   9.2469670e+00
   9.9794010e+00
   1.1215381e+01
   1.2863355e+01
   1.4648661e+01
   1.6296635e+01
   1.7441062e+01
   1.7898833e+01
   1.7624171e+01
   1.6525521e+01
   1.4831769e+01
   1.2771801e+01
   1.0620279e+01
   8.7434190e+00
   7.3701080e+00
   6.8665600e+00
   7.2327760e+00
   8.5145340e+00
   1.0482948e+01
   1.2863355e+01
   1.5197985e+01
   1.7029068e+01
   1.8081941e+01
   1.7990386e+01
   1.6800183e+01
   1.4602884e+01
   1.1856260e+01
   8.9265280e+00
   6.2256810e+00
   4.2572670e+00
   3.2501720e+00
   3.2959490e+00
   4.3945980e+00
   6.3630130e+00
   8.9265280e+00
   1.1673152e+01
   1.4190890e+01
   1.6205081e+01
   1.7395285e+01
   1.7715724e+01
   1.7212177e+01
   1.5976196e+01
   1.4511330e+01
   1.2954910e+01
   1.1718929e+01
   1.0894942e+01
   1.0711833e+01
   1.1123827e+01
   1.1947814e+01
   1.3183795e+01
   1.4602884e+01
   1.6067750e+01
   1.7486839e+01
   1.8814374e+01
   1.9913024e+01
   2.0645457e+01
   2.1057450e+01
   2.1103227e+01
   2.0874342e+01
   2.0370794e+01
   1.9775693e+01
   1.9180591e+01
   1.8677043e+01
   1.8310826e+01
   1.8127718e+01
   1.8127718e+01
   1.8219272e+01
   1.8310826e+01
   1.8402380e+01
   1.8265049e+01
   1.7898833e+01
   1.7212177e+01
   1.6159304e+01
   1.4877546e+01
   1.3550012e+01
   1.2497139e+01
   1.1993592e+01
   1.2405585e+01
   1.3870450e+01
   1.6433967e+01
   1.9958800e+01
   2.3941406e+01
   2.7969787e+01
   3.1448844e+01
   3.3920806e+01
   3.5111009e+01
   3.4882124e+01
   3.3142596e+01
   3.0304417e+01
   2.6733806e+01
   2.2842756e+01
   1.9226367e+01
   1.6250858e+01
   1.4099336e+01
   1.2909133e+01
   1.2634470e+01
   1.2954909e+01
   1.3550012e+01
   1.4007782e+01
   1.4099336e+01
   1.3687343e+01
   1.2817578e+01
   1.1581598e+01
   1.0345617e+01
   9.3842980e+00
   8.8807510e+00
   8.9723050e+00
   9.6131830e+00
   1.0711834e+01
   1.1902038e+01
   1.3092241e+01
   1.3870451e+01
   1.4099336e+01
   1.3595788e+01
   1.2359807e+01
   1.0574502e+01
   8.4687570e+00
   6.3172350e+00
   4.6692610e+00
   3.7537190e+00
   3.8910510e+00
   5.0812540e+00
   7.2327760e+00
   1.0025177e+01
   1.3046464e+01
   1.5701533e+01
   1.7715724e+01
   1.8722819e+01
   1.8631266e+01
   1.7532616e+01
   1.5655756e+01
   1.3321126e+01
   1.0894942e+01
   8.6060880e+00
   6.7292290e+00
   5.4016940e+00
   4.6234840e+00
   4.3030440e+00
   4.0741580e+00
   3.8910510e+00
   3.3417260e+00
   2.3346310e+00
   7.3243300e-01
  -1.4190890e+00
  -3.9826040e+00
  -6.8665600e+00
  -9.8420690e+00
  -1.2817579e+01
  -1.5655756e+01
  -1.8448157e+01
  -2.0965896e+01
  -2.3254749e+01
  -2.5223163e+01
  -2.6733806e+01
  -2.7786679e+01
  -2.8152895e+01
  -2.7924010e+01
  -2.7145800e+01
  -2.6001374e+01
  -2.4628061e+01
  -2.3163195e+01
  -2.1835660e+01
  -2.0691233e+01
  -1.9775692e+01
  -1.9089036e+01
  -1.8585489e+01
  -1.8310826e+01
  -1.8127718e+01
  -1.8081941e+01
  -1.8127718e+01
  -1.8173495e+01
  -1.8310827e+01
  -1.8631266e+01
  -1.9134813e+01
  -1.9821469e+01
  -2.0874342e+01
  -2.2156100e+01
  -2.3575189e+01
  -2.4994278e+01
  -2.6092927e+01
  -2.6733806e+01
  -2.6688029e+01
  -2.6001374e+01
  -2.4719615e+01
  -2.3117418e+01
  -2.1469444e+01
  -2.0141908e+01
  -1.9455253e+01
  -1.9501030e+01
  -2.0416571e+01
  -2.2018769e+01
  -2.4032960e+01
  -2.6047151e+01
  -2.7557794e+01
  -2.8107118e+01
  -2.7374685e+01
  -2.5177387e+01
  -2.1606775e+01
  -1.6983291e+01
  -1.1902037e+01
  -7.0038910e+00
  -2.7924010e+00
   2.7466200e-01
   2.0141910e+00
   2.6092930e+00
   2.3346300e+00
   1.6479740e+00
   9.6131800e-01
   6.4087900e-01
   8.2398700e-01
   1.5564200e+00
   2.7008470e+00
   4.1199360e+00
   5.5390250e+00
   6.8207830e+00
   7.8736550e+00
   8.6518650e+00
   9.2927440e+00
   9.6589610e+00
   9.9794000e+00
   1.0162509e+01
   1.0299840e+01
   1.0299839e+01
   1.0254063e+01
   1.0070954e+01
   9.7505150e+00
   9.3842980e+00
   8.9723050e+00
   8.5603120e+00
   8.1483180e+00
   7.8736550e+00
   7.5532160e+00
   7.1412230e+00
   6.4545660e+00
   5.2185860e+00
   3.5248340e+00
   1.1444270e+00
  -1.7395280e+00
  -4.8065920e+00
  -7.7821010e+00
  -1.0299840e+01
  -1.2130923e+01
  -1.3000687e+01
  -1.3092241e+01
  -1.2405585e+01
  -1.1306935e+01
  -1.0116732e+01
  -9.1554130e+00
  -8.7434200e+00
  -9.1554130e+00
  -1.0299840e+01
  -1.2268253e+01
  -1.4785992e+01
  -1.7624171e+01
  -2.0370795e+01
  -2.2568093e+01
  -2.3987183e+01
  -2.4261845e+01
  -2.3437857e+01
  -2.1515221e+01
  -1.8722820e+01
  -1.5381094e+01
  -1.1856260e+01
  -8.4229800e+00
  -5.3101390e+00
  -2.5635160e+00
  -3.2044000e-01
   1.5564210e+00
   3.0670630e+00
   4.1657130e+00
   4.9897000e+00
   5.4932480e+00
   5.7221330e+00
   5.6305790e+00
   5.2185860e+00
   4.5319300e+00
   3.6163890e+00
   2.5177380e+00
   1.3733120e+00
   4.1199300e-01
  -1.8310800e-01
  -2.2888500e-01
   5.0354800e-01
   1.9226370e+00
   3.9826050e+00
   6.4087890e+00
   8.8349740e+00
   1.0894942e+01
   1.2314030e+01
   1.2954909e+01
   1.2726025e+01
   1.1902037e+01
   1.0757610e+01
   9.5216290e+00
   8.5145340e+00
   8.0109860e+00
   8.0567640e+00
   8.6518650e+00
   9.6589610e+00
   1.0940719e+01
   1.2085146e+01
   1.2954910e+01
   1.3229572e+01
   1.2954909e+01
   1.2039369e+01
   1.0711833e+01
   9.1554140e+00
   7.7363240e+00
   6.7292280e+00
   6.3630120e+00
   6.6376750e+00
   7.5074390e+00
   8.8349730e+00
   1.0437171e+01
   1.2039368e+01
   1.3504234e+01
   1.4740215e+01
   1.5747311e+01
   1.6571298e+01
   1.7303731e+01
   1.8081941e+01
   1.9180590e+01
   2.0645457e+01
   2.2568094e+01
   2.5040055e+01
   2.7969787e+01
   3.1174182e+01
   3.4470130e+01
   3.7537194e+01
   4.0054932e+01
   4.1886015e+01
   4.2801556e+01
   4.2938887e+01
   4.2435340e+01
   4.1565576e+01
   4.0512703e+01
   3.9597161e+01
   3.9002060e+01
   3.8727397e+01
   3.8773174e+01
   3.9093614e+01
   3.9505607e+01
   3.9826047e+01
   3.9871824e+01
   3.9597162e+01
   3.8864729e+01
   3.7720302e+01
   3.6163881e+01
   3.4378576e+01
   3.2593271e+01
   3.0991073e+01
   2.9755093e+01
   2.9022660e+01
   2.8793775e+01
   2.9022659e+01
   2.9571984e+01
   3.0258641e+01
   3.0945297e+01
   3.1540398e+01
   3.1952391e+01
   3.2181278e+01
   3.2227054e+01
   3.2135500e+01
   3.2043946e+01
   3.1952392e+01
   3.2089723e+01
   3.2455939e+01
   3.3188373e+01
   3.4103914e+01
   3.5156787e+01
   3.6255436e+01
   3.7033646e+01
   3.7354085e+01
   3.7033646e+01
   3.6072328e+01
   3.4470131e+01
   3.2455940e+01
   3.0167087e+01
   2.7832456e+01
   2.5543603e+01
   2.3483635e+01
   2.1698329e+01
   2.0141909e+01
   1.8768597e+01
   1.7761501e+01
   1.6937514e+01
   1.6296635e+01
   1.5930419e+01
   1.5701534e+01
   1.5564202e+01
   1.5655756e+01
   1.5793088e+01
   1.5976196e+01
   1.6250858e+01
   1.6571298e+01
   1.6891738e+01
   1.7120622e+01
   1.7212177e+01
   1.7074846e+01
   1.6617075e+01
   1.6021973e+01
   1.5243763e+01
   1.4419776e+01
   1.3595788e+01
   1.2909132e+01
   1.2451361e+01
   1.2359807e+01
   1.2451362e+01
   1.2954910e+01
   1.3733120e+01
   1.4694438e+01
   1.5747311e+01
   1.6754406e+01
   1.7532616e+01
   1.7807279e+01
   1.7441062e+01
   1.6388189e+01
   1.4602884e+01
   1.2130922e+01
   9.1554130e+00
   5.9052410e+00
   2.6092930e+00
  -5.9510200e-01
  -3.4332800e+00
  -5.7679100e+00
  -7.4616620e+00
  -8.4229800e+00
  -8.5145340e+00
  -7.8736560e+00
  -6.4545660e+00
  -4.5319290e+00
  -2.2888530e+00
   4.5777000e-02
   2.2888540e+00
   4.1199360e+00
   5.5390250e+00
   6.5003430e+00
   6.9123370e+00
   6.8665590e+00
   6.4087890e+00
   5.5390250e+00
   4.2572670e+00
   2.7466240e+00
   9.6131800e-01
  -8.6976400e-01
  -2.6550690e+00
  -4.3945980e+00
  -5.9967960e+00
  -7.4158850e+00
  -8.6060880e+00
  -9.5216290e+00
  -1.0116732e+01
  -1.0345617e+01
  -1.0070955e+01
  -9.3385210e+00
  -8.1483170e+00
  -6.6376740e+00
  -4.8065910e+00
  -2.9755090e+00
  -1.1902040e+00
   4.1199400e-01
   1.6937510e+00
   2.6092930e+00
   3.0670630e+00
   3.1128400e+00
   2.8381780e+00
   2.1972990e+00
   1.3275350e+00
   5.0354700e-01
  -2.2888500e-01
  -7.3243300e-01
  -9.6131900e-01
  -1.0070950e+00
  -1.0070950e+00
  -1.1444260e+00
  -1.6937510e+00
  -2.7466240e+00
  -4.3945980e+00
  -6.6376750e+00
  -9.3385210e+00
  -1.2314031e+01
  -1.5335317e+01
  -1.8356603e+01
  -2.1194782e+01
  -2.3895629e+01
  -2.6413367e+01
  -2.8702220e+01
  -3.0807965e+01
  -3.2639048e+01
  -3.4058137e+01
  -3.5065232e+01
  -3.5339894e+01
  -3.4927901e+01
  -3.3646143e+01
  -3.1540398e+01
  -2.8747997e+01
  -2.5452048e+01
  -2.2064546e+01
  -1.8951706e+01
  -1.6525521e+01
  -1.5152209e+01
  -1.4969100e+01
  -1.5884642e+01
  -1.7807279e+01
  -2.0187686e+01
  -2.2659648e+01
  -2.4765392e+01
  -2.6047150e+01
  -2.6413367e+01
  -2.5680934e+01
  -2.3987183e+01
  -2.1606775e+01
  -1.8768597e+01
  -1.5884642e+01
  -1.3412680e+01
  -1.1581598e+01
  -1.0757611e+01
  -1.1123827e+01
  -1.2588694e+01
  -1.5014878e+01
  -1.8265049e+01
  -2.1881437e+01
  -2.5543603e+01
  -2.8931105e+01
  -3.1723506e+01
  -3.3737697e+01
  -3.4927901e+01
  -3.5385672e+01
  -3.5065232e+01
  -3.4195468e+01
  -3.2913711e+01
  -3.1448845e+01
  -2.9983978e+01
  -2.8793774e+01
  -2.8061341e+01
  -2.8015564e+01
  -2.8702220e+01
  -3.0121309e+01
  -3.2272831e+01
  -3.4882124e+01
  -3.7903410e+01
  -4.1062027e+01
  -4.4220646e+01
  -4.7104600e+01
  -4.9668116e+01
  -5.1636530e+01
  -5.2964065e+01
  -5.3559167e+01
  -5.3421835e+01
  -5.2689403e+01
  -5.1453422e+01
  -4.9988556e+01
  -4.8615244e+01
  -4.7516594e+01
  -4.6921493e+01
  -4.7013046e+01
  -4.7791256e+01
  -4.9439231e+01
  -5.1865416e+01
  -5.5024033e+01
  -5.8869306e+01
  -6.3080796e+01
  -6.7475395e+01
  -7.1778439e+01
  -7.5623713e+01
  -7.8690776e+01
  -8.0933852e+01
  -8.2307164e+01
  -8.2719158e+01
  -8.2490272e+01
  -8.1849394e+01
  -8.0979629e+01
  -8.0247196e+01
  -7.9789426e+01
  -7.9880980e+01
  -8.0613413e+01
  -8.1986725e+01
  -8.4000915e+01
  -8.6518654e+01
  -8.9265278e+01
  -9.1966125e+01
  -9.4483864e+01
  -9.6498054e+01
  -9.8008697e+01
  -9.8832685e+01
  -9.9244678e+01
  -9.9244678e+01
  -9.9015793e+01
  -9.8695353e+01
  -9.8374915e+01
  -9.8054474e+01
  -9.7871367e+01
  -9.7734036e+01
  -9.7642481e+01
  -9.7596704e+01
  -9.7596704e+01
  -9.7550927e+01
  -9.7413596e+01
  -9.7230487e+01
  -9.7001602e+01
  -9.6726940e+01
  -9.6498055e+01
  -9.6406500e+01
  -9.6360723e+01
  -9.6406501e+01
  -9.6406500e+01
  -9.6086061e+01
  -9.5353628e+01
  -9.3888762e+01
  -9.1691462e+01
  -8.8761730e+01
  -8.5191119e+01
  -8.1254292e+01
  -7.7180132e+01
  -7.3380636e+01
  -7.0038911e+01
  -6.7383840e+01
  -6.5506981e+01
  -6.4316777e+01
  -6.3675898e+01
  -6.3401236e+01
  -6.2897688e+01
  -6.2027924e+01
  -6.0196841e+01
  -5.7358663e+01
  -5.3376058e+01
  -4.8432136e+01
  -4.2847334e+01
  -3.6987869e+01
  -3.1448844e+01
  -2.6642252e+01
  -2.2888533e+01
  -2.0370794e+01
  -1.9043259e+01
  -1.8768597e+01
  -1.9226368e+01
  -2.0004578e+01
  -2.0737011e+01
  -2.0920119e+01
  -2.0187686e+01
  -1.8402380e+01
  -1.5381095e+01
  -1.1352712e+01
  -6.5003440e+00
  -1.3275350e+00
   3.7079430e+00
   8.1483170e+00
   1.1627374e+01
   1.4145113e+01
   1.5747311e+01
   1.6708629e+01
   1.7257954e+01
   1.7853055e+01
   1.8722820e+01
   2.0004578e+01
   2.1606775e+01
   2.3529411e+01
   2.5452049e+01
   2.7145800e+01
   2.8473335e+01
   2.9251545e+01
   2.9434653e+01
   2.9205768e+01
   2.8610666e+01
   2.7832456e+01
   2.7054246e+01
   2.6459144e+01
   2.6184482e+01
   2.6001373e+01
   2.5955596e+01
   2.5909819e+01
   2.5772488e+01
   2.5452049e+01
   2.5085832e+01
   2.4719616e+01
   2.4673838e+01
   2.4994278e+01
   2.5864042e+01
   2.7283131e+01
   2.9159991e+01
   3.1219959e+01
   3.3279926e+01
   3.5202564e+01
   3.6713207e+01
   3.7811856e+01
   3.8590066e+01
   3.9139391e+01
   3.9780270e+01
   4.0604257e+01
   4.1931792e+01
   4.3854428e+01
   4.6326391e+01
   4.9347677e+01
   5.2552071e+01
   5.5710689e+01
   5.8365759e+01
   6.0105287e+01
   6.0700389e+01
   6.0059510e+01
   5.8136873e+01
   5.5390249e+01
   5.2094300e+01
   4.8706798e+01
   4.5731289e+01
   4.3442435e+01
   4.2114900e+01
   4.1748684e+01
   4.2389562e+01
   4.3854429e+01
   4.5960174e+01
   4.8477913e+01
   5.1087206e+01
   5.3513390e+01
   5.5664912e+01
   5.7358663e+01
   5.8503090e+01
   5.9189746e+01
   5.9555962e+01
   5.9693294e+01
   5.9784848e+01
   5.9876401e+01
   6.0059510e+01
   6.0196841e+01
   6.0242618e+01
   6.0196841e+01
   6.0105288e+01
   6.0013733e+01
   6.0105287e+01
   6.0471504e+01
   6.1341268e+01
   6.2806134e+01
   6.4682994e+01
   6.7017624e+01
   6.9443809e+01
   7.1778439e+01
   7.3792630e+01
   7.5211719e+01
   7.5898375e+01
   7.5944152e+01
   7.5349050e+01
   7.4433509e+01
   7.3517967e+01
   7.2922866e+01
   7.2922866e+01
   7.3609522e+01
   7.4982834e+01
   7.6813917e+01
   7.8873884e+01
   8.0842298e+01
   8.2352942e+01
   8.3405814e+01
   8.3817807e+01
   8.3680476e+01
   8.3176928e+01
   8.2536049e+01
   8.1940947e+01
   8.1391623e+01
   8.1071184e+01
   8.0933852e+01
   8.0888075e+01
   8.0842298e+01
   8.0659190e+01
   8.0247197e+01
   7.9514763e+01
   7.8416113e+01
   7.6997025e+01
   7.5486381e+01
   7.4067292e+01
   7.3014419e+01
   7.2510872e+01
   7.2648203e+01
   7.3426413e+01
   7.4570840e+01
   7.5806821e+01
   7.6768139e+01
   7.7225910e+01
   7.7134356e+01
   7.6493476e+01
   7.5623712e+01
   7.4799725e+01
   7.4433509e+01
   7.4708171e+01
   7.5669489e+01
   7.7363241e+01
   7.9377432e+01
   8.1483177e+01
   8.3268482e+01
   8.4412909e+01
   8.4733349e+01
   8.4321355e+01
   8.3405813e+01
   8.2169832e+01
   8.1116961e+01
   8.0567635e+01
   8.0796521e+01
   8.1849394e+01
   8.3588922e+01
   8.5786221e+01
   8.7983520e+01
   8.9906157e+01
   9.1142138e+01
   9.1554131e+01
   9.1096360e+01
   8.9814603e+01
   8.7800412e+01
   8.5191119e+01
   8.2124056e+01
   7.8507668e+01
   7.4616617e+01
   7.0450904e+01
   6.6330968e+01
   6.2439917e+01
   5.9143969e+01
   5.6717784e+01
   5.5344472e+01
   5.5115587e+01
   5.5893797e+01
   5.7450218e+01
   5.9418631e+01
   6.1524376e+01
   6.3401236e+01
   6.4728771e+01
   6.5506981e+01
   6.5506981e+01
   6.4774548e+01
   6.3447014e+01
   6.1524376e+01
   5.9281300e+01
   5.6717784e+01
   5.4062714e+01
   5.1407645e+01
   4.8844129e+01
   4.6509498e+01
   4.4495308e+01
   4.2984665e+01
   4.2023346e+01
   4.1794461e+01
   4.2343786e+01
   4.3671321e+01
   4.5639735e+01
   4.7974365e+01
   5.0492103e+01
   5.2826734e+01
   5.4657817e+01
   5.5848020e+01
   5.6351568e+01
   5.6168459e+01
   5.5619135e+01
   5.4886702e+01
   5.4200046e+01
   5.3833829e+01
   5.3879607e+01
   5.4383154e+01
   5.5344473e+01
   5.6626231e+01
   5.7907988e+01
   5.9052414e+01
   5.9647516e+01
   5.9555963e+01
   5.8731975e+01
   5.7175555e+01
   5.5069810e+01
   5.2826734e+01
   5.0720989e+01
   4.9118792e+01
   4.8294804e+01
   4.8249028e+01
   4.8844129e+01
   4.9897002e+01
   5.1132982e+01
   5.2048523e+01
   5.2414740e+01
   5.2048524e+01
   5.0766766e+01
   4.8661021e+01
   4.5914397e+01
   4.2801557e+01
   3.9642939e+01
   3.6896315e+01
   3.4882124e+01
   3.3920806e+01
   3.4195468e+01
   3.5614557e+01
   3.8040742e+01
   4.1153582e+01
   4.4586862e+01
   4.7837033e+01
   5.0537881e+01
   5.2368963e+01
   5.3238727e+01
   5.3009842e+01
   5.1773862e+01
   4.9713893e+01
   4.7013046e+01
   4.4083315e+01
   4.1245136e+01
   3.8818952e+01
   3.7125200e+01
   3.6301213e+01
   3.6392767e+01
   3.7262531e+01
   3.8635843e+01
   4.0238040e+01
   4.1702907e+01
   4.2755779e+01
   4.3305104e+01
   4.3167773e+01
   4.2572671e+01
   4.1519799e+01
   4.0238041e+01
   3.8956282e+01
   3.7811856e+01
   3.6987869e+01
   3.6621652e+01
   3.6667430e+01
   3.7216754e+01
   3.8132296e+01
   3.9322500e+01
   4.0604258e+01
   4.1794461e+01
   4.2755780e+01
   4.3350881e+01
   4.3533990e+01
   4.3213550e+01
   4.2526894e+01
   4.1290913e+01
   3.9688716e+01
   3.7766079e+01
   3.5523003e+01
   3.3188372e+01
   3.0945297e+01
   2.9068437e+01
   2.7603571e+01
   2.6733806e+01
   2.6504921e+01
   2.6733806e+01
   2.7191577e+01
   2.7740901e+01
   2.8152895e+01
   2.8290227e+01
   2.8015564e+01
   2.7374685e+01
   2.6367590e+01
   2.5085832e+01
   2.3758297e+01
   2.2430762e+01
   2.1286335e+01
   2.0462348e+01
   2.0141909e+01
   2.0279240e+01
   2.0920119e+01
   2.2018769e+01
   2.3346303e+01
   2.4673839e+01
   2.5909819e+01
   2.6733807e+01
   2.6962691e+01
   2.6550698e+01
   2.5406272e+01
   2.3529412e+01
   2.1057450e+01
   1.8219272e+01
   1.5152209e+01
   1.2314031e+01
   9.9794000e+00
   8.4229800e+00
   7.8736550e+00
   8.3772030e+00
   9.8420690e+00
   1.1993591e+01
   1.4511330e+01
   1.7074845e+01
   1.9317921e+01
   2.1011673e+01
   2.2156100e+01
   2.2568093e+01
   2.2384985e+01
   2.1744106e+01
   2.0645456e+01
   1.9272145e+01
   1.7807278e+01
   1.6296635e+01
   1.5014878e+01
   1.3916227e+01
   1.3138018e+01
   1.2726024e+01
   1.2726024e+01
   1.3092241e+01
   1.3824674e+01
   1.4877546e+01
   1.6296635e+01
   1.8173495e+01
   2.0416572e+01
   2.3071641e+01
   2.6001374e+01
   2.9022659e+01
   3.1769284e+01
   3.3966583e+01
   3.5385672e+01
   3.5614557e+01
   3.4515908e+01
   3.2089723e+01
   2.8336004e+01
   2.3575188e+01
   1.8127718e+01
   1.2542916e+01
   7.4158840e+00
   3.2043940e+00
   3.2043900e-01
  -1.1444270e+00
  -1.2817580e+00
  -2.7466200e-01
   1.1902030e+00
   2.7008470e+00
   3.6621650e+00
   3.8910500e+00
   3.2043940e+00
   1.7395290e+00
  -1.8310800e-01
  -2.2430760e+00
  -4.0741590e+00
  -5.5390250e+00
  -6.4087890e+00
  -6.9123370e+00
  -7.1412220e+00
  -7.4158840e+00
  -7.8736550e+00
  -8.7891970e+00
  -1.0208285e+01
  -1.2130923e+01
  -1.4328221e+01
  -1.6754406e+01
  -1.9043259e+01
  -2.1149004e+01
  -2.2888533e+01
  -2.4261845e+01
  -2.5268940e+01
  -2.6138704e+01
  -2.6916915e+01
  -2.7695125e+01
  -2.8519112e+01
  -2.9205768e+01
  -2.9755092e+01
  -2.9938201e+01
  -2.9755093e+01
  -2.9251545e+01
  -2.8519112e+01
  -2.7740901e+01
  -2.7145800e+01
  -2.6871138e+01
  -2.7054246e+01
  -2.7649347e+01
  -2.8747997e+01
  -3.0212863e+01
  -3.1860838e+01
  -3.3600366e+01
  -3.5156787e+01
  -3.6530098e+01
  -3.7582970e+01
  -3.8132296e+01
  -3.8269627e+01
  -3.7994965e+01
  -3.7354085e+01
  -3.6621653e+01
  -3.5980774e+01
  -3.5568780e+01
  -3.5431449e+01
  -3.5660334e+01
  -3.6163882e+01
  -3.6850538e+01
  -3.7537193e+01
  -3.8086519e+01
  -3.8361181e+01
  -3.8315404e+01
  -3.7857634e+01
  -3.7079423e+01
  -3.5889219e+01
  -3.4515907e+01
  -3.2913710e+01
  -3.1357290e+01
  -2.9983978e+01
  -2.9022660e+01
  -2.8427558e+01
  -2.8427558e+01
  -2.8976883e+01
  -3.0029755e+01
  -3.1631952e+01
  -3.3737698e+01
  -3.6346991e+01
  -3.9414053e+01
  -4.2893110e+01
  -4.6784161e+01
  -5.0904097e+01
  -5.5024033e+01
  -5.8960860e+01
  -6.2531472e+01
  -6.5506981e+01
  -6.7750058e+01
  -6.9260700e+01
  -6.9901579e+01
  -6.9764249e+01
  -6.8894483e+01
  -6.7338064e+01
  -6.5049210e+01
  -6.2348363e+01
  -5.9327077e+01
  -5.6168460e+01
  -5.3147173e+01
  -5.0446327e+01
  -4.8386359e+01
  -4.7058824e+01
  -4.6601052e+01
  -4.7013046e+01
  -4.8203250e+01
  -5.0080110e+01
  -5.2368963e+01
  -5.4749371e+01
  -5.6946670e+01
  -5.8548867e+01
  -5.9418631e+01
  -5.9464408e+01
  -5.8777753e+01
  -5.7679103e+01
  -5.6488899e+01
  -5.5619135e+01
  -5.5527580e+01
  -5.6305790e+01
  -5.7953765e+01
  -6.0288396e+01
  -6.2897689e+01
  -6.5369650e+01
  -6.7292287e+01
  -6.8390936e+01
  -6.8436713e+01
  -6.7475395e+01
  -6.5644312e+01
  -6.3263905e+01
  -6.0700389e+01
  -5.8319982e+01
  -5.6534676e+01
  -5.5619135e+01
  -5.5802243e+01
  -5.6946670e+01
  -5.9006638e+01
  -6.1799038e+01
  -6.4911879e+01
  -6.8162051e+01
  -7.1320669e+01
  -7.4204623e+01
  -7.6768140e+01
  -7.8965439e+01
  -8.0842298e+01
  -8.2261388e+01
  -8.3222705e+01
  -8.3634699e+01
  -8.3360037e+01
  -8.2398718e+01
  -8.0659190e+01
  -7.8278782e+01
  -7.5349050e+01
  -7.2098879e+01
  -6.8665599e+01
  -6.5323872e+01
  -6.2256810e+01
  -5.9693294e+01
  -5.7907988e+01
  -5.6992447e+01
  -5.7084001e+01
  -5.8274204e+01
  -6.0517281e+01
  -6.3721676e+01
  -6.7612726e+01
  -7.2007324e+01
  -7.6539254e+01
  -8.0979629e+01
  -8.5053788e+01
  -8.8441291e+01
  -9.0913252e+01
  -9.2286565e+01
  -9.2652781e+01
  -9.1966125e+01
  -9.0547036e+01
