   9.7922678e-01
   1.0000000e+00
   9.4287362e-01
   8.2458165e-01
   6.7051357e-01
   5.1356029e-01
   3.8315061e-01
   2.9659550e-01
   2.6197346e-01
   2.7062897e-01
   3.0755915e-01
   3.5429890e-01
   3.9584537e-01
   4.2065782e-01
   4.2815926e-01
   4.2008079e-01
   4.0507790e-01
   3.8949799e-01
   3.7795730e-01
   3.7564917e-01
   3.8199654e-01
   3.9584535e-01
   4.1604155e-01
   4.3912291e-01
   4.6393537e-01
   4.8701674e-01
   5.0663589e-01
   5.2106175e-01
   5.2914022e-01
   5.2914023e-01
   5.2452395e-01
   5.1471437e-01
   5.0144258e-01
   4.8586267e-01
   4.6912869e-01
   4.5124063e-01
   4.3219851e-01
   4.1431044e-01
   3.9873053e-01
   3.8834392e-01
   3.8545874e-01
   3.9065205e-01
   4.0507790e-01
   4.2527410e-01
   4.4893248e-01
   4.7143682e-01
   4.9163301e-01
   5.0490479e-01
   5.1125217e-01
   5.1182921e-01
   5.0663589e-01
   4.9682632e-01
   4.8470859e-01
   4.7201384e-01
   4.6162724e-01
   4.5701098e-01
   4.6162724e-01
   4.7778418e-01
   5.0490479e-01
   5.4241200e-01
   5.8395846e-01
   6.2492788e-01
   6.5897288e-01
   6.8205424e-01
   6.9186382e-01
   6.8782458e-01
   6.7166763e-01
   6.4743219e-01
   6.1800346e-01
   5.8684363e-01
   5.5510675e-01
   5.2740912e-01
   5.0548182e-01
   4.9105597e-01
   4.8643969e-01
   4.9163301e-01
   5.0663589e-01
   5.2798615e-01
   5.5395269e-01
   5.8107328e-01
   6.0646278e-01
   6.2896710e-01
   6.4800923e-01
   6.6474322e-01
   6.7743797e-01
   6.8609348e-01
   6.9070976e-01
   6.8955569e-01
   6.8263128e-01
   6.7166763e-01
   6.5839584e-01
   6.4454702e-01
   6.3416041e-01
   6.2723600e-01
   6.2492787e-01
   6.2435083e-01
   6.2550491e-01
   6.2492787e-01
   6.2261973e-01
   6.1915752e-01
   6.1454126e-01
   6.1050202e-01
   6.0646279e-01
   6.0242355e-01
   5.9838430e-01
   5.9376802e-01
   5.8857474e-01
   5.8338143e-01
   5.7876515e-01
   5.7472591e-01
   5.7126370e-01
   5.6607040e-01
   5.5683786e-01
   5.4356607e-01
   5.2336988e-01
   4.9913445e-01
   4.7259088e-01
   4.4777843e-01
   4.2758223e-01
   4.1546452e-01
   4.1142528e-01
   4.1719561e-01
   4.3104443e-01
   4.5297172e-01
   4.8124640e-01
   5.1529139e-01
   5.5222158e-01
   5.8915176e-01
   6.2377380e-01
   6.5031738e-01
   6.6762840e-01
   6.7109059e-01
   6.6301211e-01
   6.4454702e-01
   6.2031160e-01
   5.9319099e-01
   5.6722447e-01
   5.4414312e-01
   5.2683208e-01
   5.1471437e-01
   5.0894403e-01
   5.0952106e-01
   5.1644547e-01
   5.2856318e-01
   5.4356607e-01
   5.5799191e-01
   5.6780149e-01
   5.7068667e-01
   5.6318524e-01
   5.4587420e-01
   5.2048470e-01
   4.9047894e-01
   4.5931910e-01
   4.3162146e-01
   4.0796306e-01
   3.9007502e-01
   3.7738027e-01
   3.6757069e-01
   3.6064628e-01
   3.5545298e-01
   3.5141373e-01
   3.4679747e-01
   3.4218119e-01
   3.3698789e-01
   3.3179458e-01
   3.2775535e-01
   3.2660128e-01
   3.3121754e-01
   3.4160416e-01
   3.5949221e-01
   3.8199653e-01
   4.0565493e-01
   4.2585112e-01
   4.3796884e-01
   4.3912291e-01
   4.3046740e-01
   4.1315637e-01
   3.9180611e-01
   3.7045585e-01
   3.5372188e-01
   3.4333526e-01
   3.4102712e-01
   3.4679745e-01
   3.6006924e-01
   3.8026543e-01
   4.0450086e-01
   4.3046740e-01
   4.5527986e-01
   4.7489902e-01
   4.8701673e-01
   4.8874784e-01
   4.8066936e-01
   4.6624352e-01
   4.4777842e-01
   4.3046740e-01
   4.1834969e-01
   4.1431044e-01
   4.1834969e-01
   4.3046740e-01
   4.4835545e-01
   4.7028275e-01
   4.9278707e-01
   5.1586844e-01
   5.3664166e-01
   5.5452971e-01
   5.6607040e-01
   5.7184074e-01
   5.7010964e-01
   5.6203116e-01
   5.4991344e-01
   5.3664166e-01
   5.2798616e-01
   5.2452395e-01
   5.2914023e-01
   5.4068089e-01
   5.5626083e-01
   5.7472591e-01
   5.9145990e-01
   6.0588575e-01
   6.1511829e-01
   6.1915754e-01
   6.1742644e-01
   6.1050202e-01
   5.9665320e-01
   5.7761108e-01
   5.5510676e-01
   5.3087133e-01
   5.0894404e-01
   4.9105597e-01
   4.8009232e-01
   4.7547605e-01
   4.7605308e-01
   4.7893826e-01
   4.8297749e-01
   4.8586267e-01
   4.8701673e-01
   4.8874784e-01
   4.9047894e-01
   4.9509522e-01
   5.0201962e-01
   5.1009809e-01
   5.1817658e-01
   5.2510098e-01
   5.2798615e-01
   5.2740912e-01
   5.2452394e-01
   5.1933064e-01
   5.1356029e-01
   5.0663589e-01
   4.9855742e-01
   4.9047894e-01
   4.8066936e-01
   4.7201385e-01
   4.6451241e-01
   4.5989613e-01
   4.5758800e-01
   4.5701096e-01
   4.5701096e-01
   4.5701098e-01
   4.5701096e-01
   4.5643394e-01
   4.5874207e-01
   4.6393536e-01
   4.7316793e-01
   4.8643969e-01
   5.0259665e-01
   5.1529141e-01
   5.2394690e-01
   5.2510098e-01
   5.1817657e-01
   5.0432776e-01
   4.8470859e-01
   4.6451241e-01
   4.4373919e-01
   4.2585113e-01
   4.1084824e-01
   4.0046162e-01
   3.9353722e-01
   3.9238315e-01
   3.9584535e-01
   4.0450086e-01
   4.1661857e-01
   4.3104444e-01
   4.4373919e-01
   4.5297173e-01
   4.5585690e-01
   4.5297173e-01
   4.4489325e-01
   4.3335258e-01
   4.2065782e-01
   4.0796306e-01
   3.9642239e-01
   3.8661281e-01
   3.7853433e-01
   3.7276399e-01
   3.6930179e-01
   3.6930179e-01
   3.7276399e-01
   3.7911136e-01
   3.8545874e-01
   3.9065205e-01
   3.9238315e-01
   3.9180612e-01
   3.8834392e-01
   3.8545876e-01
   3.8545874e-01
   3.9007502e-01
   4.0046163e-01
   4.1488747e-01
   4.2989036e-01
   4.4373919e-01
   4.5412580e-01
   4.5931911e-01
   4.5989614e-01
   4.5701096e-01
   4.5239468e-01
   4.4720139e-01
   4.4258511e-01
   4.3854587e-01
   4.3508367e-01
   4.3392961e-01
   4.3335256e-01
   4.3450664e-01
   4.3681477e-01
   4.3796884e-01
   4.3796884e-01
   4.3335256e-01
   4.2412002e-01
   4.1084824e-01
   3.9584535e-01
   3.8315061e-01
   3.7391807e-01
   3.7276400e-01
   3.7853433e-01
   3.9122909e-01
   4.0796308e-01
   4.2700518e-01
   4.4547029e-01
   4.6220427e-01
   4.7720715e-01
   4.8932486e-01
   4.9855742e-01
   5.0201962e-01
   5.0086556e-01
   4.9278707e-01
   4.7720715e-01
   4.5758800e-01
   4.3450664e-01
   4.1142528e-01
   3.9007502e-01
   3.7218695e-01
   3.5776111e-01
   3.4679747e-01
   3.3871898e-01
   3.3294864e-01
   3.3121754e-01
   3.3352568e-01
   3.4045009e-01
   3.5083670e-01
   3.6353144e-01
   3.7795730e-01
   3.9007501e-01
   3.9988460e-01
   4.0738604e-01
   4.1315637e-01
   4.1719562e-01
   4.2181189e-01
   4.2585113e-01
   4.2989036e-01
   4.3162146e-01
   4.3046741e-01
   4.2758223e-01
   4.2296595e-01
   4.1834969e-01
   4.1546451e-01
   4.1604154e-01
   4.1834969e-01
   4.2123485e-01
   4.2527409e-01
   4.2758223e-01
   4.2931333e-01
   4.3046741e-01
   4.3219851e-01
   4.3450663e-01
   4.3681477e-01
   4.3854587e-01
   4.3796884e-01
   4.3392960e-01
   4.2815926e-01
   4.2008079e-01
   4.1315637e-01
   4.0969418e-01
   4.1084823e-01
   4.1661859e-01
   4.2642816e-01
   4.3796884e-01
   4.4893248e-01
   4.5931910e-01
   4.6797462e-01
   4.7547606e-01
   4.8240047e-01
   4.8874784e-01
   4.9394114e-01
   4.9682632e-01
   4.9624928e-01
   4.9105597e-01
   4.8182343e-01
   4.6912867e-01
   4.5470282e-01
   4.3854587e-01
   4.2296595e-01
   4.0854011e-01
   3.9526832e-01
   3.8545874e-01
   3.8026543e-01
   3.8084246e-01
   3.8949798e-01
   4.0565494e-01
   4.2700520e-01
   4.5008655e-01
   4.7143681e-01
   4.8759377e-01
   4.9509522e-01
   4.9567225e-01
   4.8817081e-01
   4.7547605e-01
   4.5816503e-01
   4.3912291e-01
   4.1719562e-01
   3.9238315e-01
   3.6583959e-01
   3.3814196e-01
   3.1275244e-01
   2.9255627e-01
   2.7928448e-01
   2.7639931e-01
   2.8274668e-01
   2.9832660e-01
   3.2083092e-01
   3.4737450e-01
   3.7449510e-01
   4.0219273e-01
   4.2758223e-01
   4.4950953e-01
   4.6682055e-01
   4.7663012e-01
   4.7951528e-01
   4.7720716e-01
   4.6970571e-01
   4.6047316e-01
   4.5239470e-01
   4.4893248e-01
   4.4950952e-01
   4.5470283e-01
   4.6220427e-01
   4.6855165e-01
   4.7316792e-01
   4.7489902e-01
   4.7374495e-01
   4.7201385e-01
   4.7028275e-01
   4.7028275e-01
   4.7201385e-01
   4.7547605e-01
   4.8009233e-01
   4.8586266e-01
   4.9221004e-01
   4.9913445e-01
   5.0663589e-01
   5.1298326e-01
   5.1586844e-01
   5.1471437e-01
   5.0548182e-01
   4.8932486e-01
   4.6682055e-01
   4.4027697e-01
   4.1431044e-01
   3.9238315e-01
   3.7564917e-01
   3.6583959e-01
   3.6295442e-01
   3.6526256e-01
   3.7160993e-01
   3.8315060e-01
   3.9642239e-01
   4.1257934e-01
   4.2989036e-01
   4.4547029e-01
   4.5874206e-01
   4.6682054e-01
   4.6912869e-01
   4.6682054e-01
   4.6047316e-01
   4.5239470e-01
   4.4662435e-01
   4.4200807e-01
   4.4027699e-01
   4.4085401e-01
   4.4316215e-01
   4.4893248e-01
   4.5643393e-01
   4.6855165e-01
   4.8586266e-01
   5.0663589e-01
   5.3029429e-01
   5.5279861e-01
   5.7126370e-01
   5.8280439e-01
   5.8511253e-01
   5.7934218e-01
   5.6549337e-01
   5.4587422e-01
   5.2336988e-01
   4.9798038e-01
   4.7201385e-01
   4.4604732e-01
   4.2238892e-01
   4.0276976e-01
   3.8892094e-01
   3.8257356e-01
   3.8372764e-01
   3.9122909e-01
   4.0219273e-01
   4.1373341e-01
   4.2469705e-01
   4.3392961e-01
   4.4085401e-01
   4.4777842e-01
   4.5527986e-01
   4.6566647e-01
   4.7778420e-01
   4.9105597e-01
   5.0432776e-01
   5.1644547e-01
   5.2567802e-01
   5.3260241e-01
   5.3664167e-01
   5.3664166e-01
   5.3144836e-01
   5.2048472e-01
   5.0201962e-01
   4.7489902e-01
   4.4316214e-01
   4.0854011e-01
   3.7622620e-01
   3.4968263e-01
   3.3410271e-01
   3.3006348e-01
   3.3756492e-01
   3.5603001e-01
   3.8199654e-01
   4.1373341e-01
   4.4777842e-01
   4.8124640e-01
   5.1067513e-01
   5.3317946e-01
   5.4645124e-01
   5.4818234e-01
   5.3837277e-01
   5.1933065e-01
   4.9567224e-01
   4.7028275e-01
   4.5008656e-01
   4.3566070e-01
   4.2873630e-01
   4.2873630e-01
   4.3219850e-01
   4.3566071e-01
   4.3912291e-01
   4.3969994e-01
   4.3739181e-01
   4.3392961e-01
   4.2989036e-01
   4.2585112e-01
   4.2296595e-01
   4.2123485e-01
   4.2238893e-01
   4.2700520e-01
   4.3450664e-01
   4.4489325e-01
   4.5527986e-01
   4.6278131e-01
   4.6566647e-01
   4.5989613e-01
   4.4662435e-01
   4.2585113e-01
   4.0161569e-01
   3.7911136e-01
   3.6122331e-01
   3.5199078e-01
   3.5025967e-01
   3.5372188e-01
   3.6180034e-01
   3.6930179e-01
   3.7564917e-01
   3.7968840e-01
   3.8199654e-01
   3.8372764e-01
   3.8603578e-01
   3.9007501e-01
   3.9642240e-01
   4.0623198e-01
   4.1892672e-01
   4.3508367e-01
   4.5354876e-01
   4.7259088e-01
   4.9047894e-01
   5.0317370e-01
   5.0894403e-01
   5.0663588e-01
   4.9624928e-01
   4.8066936e-01
   4.6220427e-01
   4.4547029e-01
   4.3104443e-01
   4.2065782e-01
   4.1257934e-01
   4.0507790e-01
   3.9642239e-01
   3.8661282e-01
   3.7622620e-01
   3.6699365e-01
   3.6064628e-01
   3.5891518e-01
   3.6237738e-01
   3.6930179e-01
   3.7853433e-01
   3.8776689e-01
   3.9526833e-01
   4.0046162e-01
   4.0276976e-01
   4.0161570e-01
   3.9642239e-01
   3.8834391e-01
   3.7795730e-01
   3.6583959e-01
   3.5487594e-01
   3.4910559e-01
   3.5141375e-01
   3.6353144e-01
   3.8488171e-01
   4.1431044e-01
   4.4777842e-01
   4.7951528e-01
   5.0605886e-01
   5.2394692e-01
   5.3029428e-01
   5.2740912e-01
   5.1356031e-01
   4.9163301e-01
   4.6220427e-01
   4.2700520e-01
   3.8834392e-01
   3.4910560e-01
   3.1217541e-01
   2.8159261e-01
   2.5793421e-01
   2.4235430e-01
   2.3427583e-01
   2.2850549e-01
   2.2388920e-01
   2.1638777e-01
   2.0484708e-01
   1.8984421e-01
   1.7137912e-01
   1.5233698e-01
   1.3329486e-01
   1.1598385e-01
   1.0040393e-01
   8.7132142e-02
   7.7322564e-02
   7.1552232e-02
   7.0398153e-02
   7.3283319e-02
   7.9053664e-02
   8.5401042e-02
   8.9440275e-02
   8.8286208e-02
   8.0207730e-02
   6.5781887e-02
   4.7316787e-02
   2.8274678e-02
   1.2694743e-02
   2.8851661e-03
   0.0000000e+00
   5.7703448e-03
   1.9042121e-02
   3.9238309e-02
   6.3473755e-02
   9.0594354e-02
   1.2002309e-01
   1.4829775e-01
   1.7311022e-01
   1.9215234e-01
   2.0311598e-01
   2.0773226e-01
   2.0657818e-01
   2.0253895e-01
   1.9792268e-01
   1.9619158e-01
   1.9734565e-01
   2.0080785e-01
   2.0427005e-01
   2.0600116e-01
   2.0253895e-01
   1.9619157e-01
   1.8638199e-01
   1.7657243e-01
   1.6849394e-01
   1.6330064e-01
   1.6214657e-01
   1.6503174e-01
   1.7022505e-01
   1.7888055e-01
   1.8926717e-01
   2.0138488e-01
   2.1581074e-01
   2.3139065e-01
   2.4581650e-01
   2.5851126e-01
   2.6774380e-01
   2.7293710e-01
   2.7582227e-01
   2.7697635e-01
   2.7870745e-01
   2.8274669e-01
   2.9024812e-01
   2.9832660e-01
   3.0755915e-01
   3.1621466e-01
   3.2371610e-01
   3.3121754e-01
   3.3929602e-01
   3.4795153e-01
   3.5833814e-01
   3.6814772e-01
   3.7507213e-01
   3.7853433e-01
   3.7507213e-01
   3.6526254e-01
   3.5141373e-01
   3.3641086e-01
   3.2256202e-01
   3.1332949e-01
   3.0986728e-01
   3.1448356e-01
   3.2602425e-01
   3.4448933e-01
   3.6814772e-01
   3.9411425e-01
   4.2065782e-01
   4.4373919e-01
   4.5874206e-01
   4.6162724e-01
   4.5181766e-01
   4.2931333e-01
   3.9873052e-01
   3.6583959e-01
   3.3698788e-01
   3.1852280e-01
   3.1390652e-01
   3.2256202e-01
   3.4333526e-01
   3.7276400e-01
   4.0392383e-01
   4.3450664e-01
   4.6047316e-01
   4.8009233e-01
   4.9278708e-01
   4.9798038e-01
   4.9567225e-01
   4.8817081e-01
   4.7720715e-01
   4.6393537e-01
   4.5354876e-01
   4.4720139e-01
   4.4547029e-01
   4.4893248e-01
   4.5701096e-01
   4.6682054e-01
   4.7547606e-01
   4.8355453e-01
   4.8932487e-01
   4.9509522e-01
   5.0086555e-01
   5.0605886e-01
   5.0952106e-01
   5.1009809e-01
   5.0548183e-01
   4.9451817e-01
   4.7836123e-01
   4.5758800e-01
   4.3623774e-01
   4.1777265e-01
   4.0392383e-01
   3.9526832e-01
   3.9296019e-01
   3.9411425e-01
   3.9815350e-01
   4.0392384e-01
   4.1084824e-01
   4.1892672e-01
   4.2700520e-01
   4.3623774e-01
   4.4431622e-01
   4.5124063e-01
   4.5643393e-01
   4.6162724e-01
   4.6566647e-01
   4.7028275e-01
   4.7663012e-01
   4.8182343e-01
   4.8586266e-01
   4.8586267e-01
   4.7951530e-01
   4.6739757e-01
   4.4950952e-01
   4.3046740e-01
   4.1315637e-01
   4.0103866e-01
   3.9642239e-01
   3.9873053e-01
   4.0738604e-01
   4.2123487e-01
   4.3623774e-01
   4.5239470e-01
   4.6682054e-01
   4.7951530e-01
   4.8874784e-01
   4.9509521e-01
   4.9740335e-01
   4.9567225e-01
   4.9047894e-01
   4.8413156e-01
   4.7893825e-01
   4.7432198e-01
   4.7374495e-01
   4.7432198e-01
   4.7547605e-01
   4.7489902e-01
   4.7028275e-01
   4.6278131e-01
   4.5239470e-01
   4.4258512e-01
   4.3508367e-01
   4.3219851e-01
   4.3392960e-01
   4.3969994e-01
   4.4835545e-01
   4.5989613e-01
   4.7201385e-01
   4.8643969e-01
   5.0259666e-01
   5.2048472e-01
   5.4068089e-01
   5.5856896e-01
   5.7357185e-01
   5.8222735e-01
   5.8280438e-01
   5.7472591e-01
   5.6030006e-01
   5.4010386e-01
   5.1759954e-01
   4.9394114e-01
   4.7085978e-01
   4.5066360e-01
   4.3392961e-01
   4.2354299e-01
   4.1892671e-01
   4.2354300e-01
   4.3392961e-01
   4.5066358e-01
   4.7028275e-01
   4.8817081e-01
   5.0317370e-01
   5.1182919e-01
   5.1586844e-01
   5.1644547e-01
   5.1586844e-01
   5.1586844e-01
   5.1875360e-01
   5.2394692e-01
   5.3087133e-01
   5.3837276e-01
   5.4702828e-01
   5.5395268e-01
   5.6087709e-01
   5.6664744e-01
   5.7126370e-01
   5.7184074e-01
   5.6722447e-01
   5.5741489e-01
   5.4125794e-01
   5.2048472e-01
   4.9682632e-01
   4.7432198e-01
   4.5412580e-01
   4.3912292e-01
   4.2989036e-01
   4.2527409e-01
   4.2585112e-01
   4.3162146e-01
   4.4143104e-01
   4.5527986e-01
   4.7143682e-01
   4.8817081e-01
   5.0201963e-01
   5.1125216e-01
   5.1298327e-01
   5.0663589e-01
   4.9451818e-01
   4.7951530e-01
   4.6566649e-01
   4.5643393e-01
   4.5412580e-01
   4.5931910e-01
   4.7085977e-01
   4.8701674e-01
   5.0490478e-01
   5.2452395e-01
   5.4587420e-01
   5.6607040e-01
   5.8626659e-01
   6.0473168e-01
   6.1800346e-01
   6.2608193e-01
   6.2665898e-01
   6.2088864e-01
   6.0761685e-01
   5.9030582e-01
   5.7010964e-01
   5.4760530e-01
   5.2394690e-01
   5.0086555e-01
   4.7893825e-01
   4.5931911e-01
   4.4373919e-01
   4.3392960e-01
   4.2989038e-01
   4.3162148e-01
   4.3623774e-01
   4.4143104e-01
   4.4373917e-01
   4.4258512e-01
   4.3623774e-01
   4.2700518e-01
   4.1777265e-01
   4.1142528e-01
   4.0969418e-01
   4.1257934e-01
   4.2008079e-01
   4.3104443e-01
   4.4316214e-01
   4.5470283e-01
   4.6508944e-01
   4.7316792e-01
   4.7720716e-01
   4.7663013e-01
   4.6855164e-01
   4.5470283e-01
   4.3277553e-01
   4.0680900e-01
   3.7968840e-01
   3.5487594e-01
   3.3583381e-01
   3.2602425e-01
   3.2602423e-01
   3.3467974e-01
   3.5141373e-01
   3.7449510e-01
   4.0276976e-01
   4.3335258e-01
   4.6508944e-01
   4.9509521e-01
   5.2048470e-01
   5.3664166e-01
   5.4183496e-01
   5.3375649e-01
   5.1413734e-01
   4.8528564e-01
   4.5066358e-01
   4.1604154e-01
   3.8372763e-01
   3.5833814e-01
   3.3814194e-01
   3.2602423e-01
   3.1909982e-01
   3.1967687e-01
   3.2544720e-01
   3.3698788e-01
   3.5372188e-01
   3.7334103e-01
   3.9296019e-01
   4.1027121e-01
   4.2469706e-01
   4.3335256e-01
   4.3796884e-01
   4.3854587e-01
   4.3681477e-01
   4.3219851e-01
   4.2585112e-01
   4.1661859e-01
   4.0450086e-01
   3.8949799e-01
   3.7276399e-01
   3.5660704e-01
   3.4333526e-01
   3.3410271e-01
   3.3064050e-01
   3.3064050e-01
   3.3467974e-01
   3.4045009e-01
   3.4622042e-01
   3.5429891e-01
   3.6237738e-01
   3.7218695e-01
   3.8372763e-01
   3.9526832e-01
   4.0565493e-01
   4.1315637e-01
   4.1777265e-01
   4.1950374e-01
   4.1950375e-01
   4.2008079e-01
   4.2181190e-01
   4.2527410e-01
   4.2873630e-01
   4.3104443e-01
   4.2989036e-01
   4.2354299e-01
   4.1142528e-01
   3.9469129e-01
   3.7449510e-01
   3.5256780e-01
   3.2948645e-01
   3.0582805e-01
   2.8505482e-01
   2.6716676e-01
   2.5504905e-01
   2.5158684e-01
   2.5908829e-01
   2.7697635e-01
   3.0351991e-01
   3.3525678e-01
   3.6757069e-01
   3.9411425e-01
   4.1257935e-01
   4.2065782e-01
   4.1892672e-01
   4.0854011e-01
   3.9411425e-01
   3.7738028e-01
   3.6237738e-01
   3.5025967e-01
   3.4448932e-01
   3.4737450e-01
   3.5776111e-01
   3.7738027e-01
   4.0392383e-01
   4.3450663e-01
   4.6566647e-01
   4.9163301e-01
   5.0894403e-01
   5.1529141e-01
   5.1067514e-01
   4.9624928e-01
   4.7489903e-01
   4.4835545e-01
   4.1950375e-01
   3.8892094e-01
   3.5891518e-01
   3.3006347e-01
   3.0467398e-01
   2.8620888e-01
   2.7582227e-01
   2.7524525e-01
   2.8447779e-01
   3.0178881e-01
   3.2256202e-01
   3.4391229e-01
   3.6180034e-01
   3.7334103e-01
   3.7680323e-01
   3.7334102e-01
   3.6353144e-01
   3.4795153e-01
   3.2890941e-01
   3.0871321e-01
   2.8967109e-01
   2.7524523e-01
   2.6889787e-01
   2.7293711e-01
   2.8793999e-01
   3.1332949e-01
   3.4448933e-01
   3.7680323e-01
   4.0565493e-01
   4.2700520e-01
   4.3796884e-01
   4.3854587e-01
   4.2931333e-01
   4.1488749e-01
   3.9642239e-01
   3.7622620e-01
   3.5660704e-01
   3.3756491e-01
   3.2256203e-01
   3.1102134e-01
   3.0582805e-01
   3.0640508e-01
   3.1217541e-01
   3.2140797e-01
   3.3121754e-01
   3.3929602e-01
   3.4333526e-01
   3.4218120e-01
   3.3641084e-01
   3.2890941e-01
   3.2083093e-01
   3.1275246e-01
   3.0582805e-01
   3.0178880e-01
   3.0005770e-01
   3.0063475e-01
   3.0582805e-01
   3.1621466e-01
   3.3064051e-01
   3.4968263e-01
   3.7160993e-01
   3.9353722e-01
   4.1431045e-01
   4.3104443e-01
   4.4489325e-01
   4.5643393e-01
   4.6566649e-01
   4.7547605e-01
   4.8413157e-01
   4.9047894e-01
   4.9278707e-01
   4.9047894e-01
   4.8240046e-01
   4.7085977e-01
   4.5874207e-01
   4.4835545e-01
   4.3969994e-01
   4.3566071e-01
   4.3162148e-01
   4.2642816e-01
   4.1661857e-01
   3.9930755e-01
   3.7449510e-01
   3.4333526e-01
   3.0871321e-01
   2.7351414e-01
   2.4062320e-01
   2.1407964e-01
   1.9503752e-01
   1.8638199e-01
   1.8926717e-01
   2.0311598e-01
   2.2792846e-01
   2.5908829e-01
   2.9371034e-01
   3.2544721e-01
   3.5141373e-01
   3.6872475e-01
   3.7622620e-01
   3.7622620e-01
   3.7160993e-01
   3.6641662e-01
   3.6295442e-01
   3.6237738e-01
   3.6583959e-01
   3.7334103e-01
   3.8488171e-01
   3.9930757e-01
   4.1777265e-01
   4.3969995e-01
   4.6451241e-01
   4.8874784e-01
   5.1067514e-01
   5.2683208e-01
   5.3433353e-01
   5.3202539e-01
   5.2221580e-01
   5.0721293e-01
   4.9163301e-01
   4.7778420e-01
   4.6855164e-01
   4.6508944e-01
   4.6797462e-01
   4.7605310e-01
   4.8817081e-01
   5.0259665e-01
   5.1759955e-01
   5.3087133e-01
   5.3837276e-01
   5.3779573e-01
   5.2625505e-01
   5.0375073e-01
   4.7085978e-01
   4.3104443e-01
   3.8892095e-01
   3.5083670e-01
   3.1852280e-01
   2.9601846e-01
   2.8390075e-01
   2.7928448e-01
   2.8159263e-01
   2.9024812e-01
   3.0236583e-01
   3.1621466e-01
   3.3179458e-01
   3.4564339e-01
   3.5718408e-01
   3.6410849e-01
   3.6641662e-01
   3.6353146e-01
   3.5776111e-01
   3.5199077e-01
   3.4795153e-01
   3.4795153e-01
   3.5141373e-01
   3.5660704e-01
   3.6295441e-01
   3.6814772e-01
   3.7391807e-01
   3.7911138e-01
   3.8718984e-01
   3.9815350e-01
   4.1315639e-01
   4.3219850e-01
   4.5239470e-01
   4.7143682e-01
   4.8701674e-01
   4.9740335e-01
   5.0259665e-01
   5.0201962e-01
   4.9567224e-01
   4.8413156e-01
   4.6739757e-01
   4.4547027e-01
   4.2065782e-01
   3.9526832e-01
   3.7160993e-01
   3.5256780e-01
   3.3987306e-01
   3.3410271e-01
   3.3352568e-01
   3.3641084e-01
   3.3814196e-01
   3.3814194e-01
   3.3467974e-01
   3.2948643e-01
   3.2313907e-01
   3.1679169e-01
   3.1275246e-01
   3.1044431e-01
   3.1044431e-01
   3.1275246e-01
   3.1736872e-01
   3.2544720e-01
   3.3641084e-01
   3.5025967e-01
   3.6583959e-01
   3.8084246e-01
   3.9296019e-01
   3.9930757e-01
   3.9930755e-01
   3.9469129e-01
   3.8603578e-01
   3.7738027e-01
   3.6930179e-01
   3.6410849e-01
   3.6122331e-01
   3.5833813e-01
   3.5545298e-01
   3.5199077e-01
   3.4852857e-01
   3.4737450e-01
   3.5083670e-01
   3.5949222e-01
   3.7391807e-01
   3.9296019e-01
   4.1488747e-01
   4.3623774e-01
   4.5643393e-01
   4.7143682e-01
   4.8009233e-01
   4.8124640e-01
   4.7489902e-01
   4.5989613e-01
   4.3739181e-01
   4.0969418e-01
   3.8141951e-01
   3.5603001e-01
   3.3987304e-01
   3.3525679e-01
   3.4391229e-01
   3.6410849e-01
   3.9180612e-01
   4.2296595e-01
   4.5181765e-01
   4.7663013e-01
   4.9509521e-01
   5.0605886e-01
   5.1182921e-01
   5.1182919e-01
   5.0778996e-01
   5.0028852e-01
   4.8759377e-01
   4.7143682e-01
   4.5354876e-01
   4.3508367e-01
   4.1834969e-01
   4.0392383e-01
   3.9411425e-01
   3.8834392e-01
   3.8718984e-01
   3.9180612e-01
   4.0450086e-01
   4.2585112e-01
   4.5816503e-01
   5.0144258e-01
   5.5452971e-01
   6.1338719e-01
   6.7455280e-01
   7.3052510e-01
   7.7784190e-01
   8.1361799e-01
   8.3612233e-01
   8.4420080e-01
   8.4016157e-01
   8.2515868e-01
   7.9976918e-01
   7.6687824e-01
   7.2879401e-01
   6.8782459e-01
   6.4685517e-01
   6.0992499e-01
   5.7761108e-01
   5.5106752e-01
   5.3087131e-01
   5.1529141e-01
   5.0375072e-01
   4.9567225e-01
   4.9163301e-01
   4.9278708e-01
   4.9913445e-01
   5.1182919e-01
   5.2798615e-01
   5.4702828e-01
   5.6376226e-01
   5.7703405e-01
   5.8395845e-01
   5.8453549e-01
   5.7934218e-01
   5.6837854e-01
   5.5452971e-01
   5.3721869e-01
   5.1933065e-01
   5.0144258e-01
   4.8413156e-01
   4.7143682e-01
   4.6566647e-01
   4.6797462e-01
   4.7893826e-01
   4.9624928e-01
   5.1759954e-01
   5.3894979e-01
   5.5626083e-01
   5.6895557e-01
   5.7530295e-01
   5.7645701e-01
   5.7357184e-01
   5.6895557e-01
   5.6318523e-01
   5.5626081e-01
   5.5049048e-01
   5.4414310e-01
   5.4125794e-01
   5.4183496e-01
   5.4818234e-01
   5.6145413e-01
   5.8107329e-01
   6.0588575e-01
   6.3242931e-01
   6.5666474e-01
   6.7801500e-01
   6.9301789e-01
   7.0051933e-01
   7.0167340e-01
   6.9532603e-01
   6.8205423e-01
   6.6185806e-01
   6.3531448e-01
   6.0415465e-01
   5.7010964e-01
   5.3606463e-01
   5.0548183e-01
   4.8009233e-01
   4.5931910e-01
   4.4316215e-01
   4.2931333e-01
   4.1777265e-01
   4.0680900e-01
   3.9815349e-01
   3.9296019e-01
   3.9238314e-01
   3.9757645e-01
   4.0738604e-01
   4.2181190e-01
   4.3623774e-01
   4.4835545e-01
   4.5758801e-01
   4.6220427e-01
   4.6393537e-01
   4.6278131e-01
   4.6162723e-01
   4.5989614e-01
   4.5931911e-01
   4.6047316e-01
   4.6393537e-01
   4.6855164e-01
   4.7605308e-01
   4.8470859e-01
   4.9336412e-01
   4.9971148e-01
   5.0144258e-01
   4.9682632e-01
   4.8528563e-01
   4.6912869e-01
   4.5124063e-01
   4.3450664e-01
   4.2412002e-01
   4.2123485e-01
   4.2527410e-01
   4.3566071e-01
   4.4835545e-01
   4.6162724e-01
   4.7201385e-01
   4.7836123e-01
   4.7951530e-01
   4.7547605e-01
   4.6566647e-01
   4.4950952e-01
   4.2758223e-01
   4.0046162e-01
   3.6987883e-01
   3.3987306e-01
   3.1275246e-01
   2.9197922e-01
   2.7755338e-01
   2.7062897e-01
   2.6832084e-01
   2.7120600e-01
   2.7582228e-01
   2.8274668e-01
   2.9371032e-01
   3.0871321e-01
   3.2717831e-01
   3.5083670e-01
   3.7449510e-01
   3.9757645e-01
   4.1546452e-01
   4.2700520e-01
   4.3104444e-01
   4.2931333e-01
   4.2181189e-01
   4.1142528e-01
   3.9873052e-01
   3.8488171e-01
   3.7045587e-01
   3.5718408e-01
   3.4506635e-01
   3.3525678e-01
   3.2890941e-01
   3.2602425e-01
   3.2602425e-01
   3.2660127e-01
   3.2833238e-01
   3.2775535e-01
   3.2487017e-01
   3.2256203e-01
   3.2140797e-01
   3.2313907e-01
   3.2775533e-01
   3.3467974e-01
   3.4160416e-01
   3.4737450e-01
   3.4968263e-01
   3.4795152e-01
   3.4448932e-01
   3.3929602e-01
   3.3583381e-01
   3.3410271e-01
   3.3641084e-01
   3.4102712e-01
   3.4852857e-01
   3.5833814e-01
   3.7045585e-01
   3.8661281e-01
   4.0565493e-01
   4.2758223e-01
   4.5066360e-01
   4.7201384e-01
   4.8932487e-01
   4.9971148e-01
   5.0259666e-01
   4.9740335e-01
   4.8528564e-01
   4.6682054e-01
   4.4373917e-01
   4.1604154e-01
   3.8488171e-01
   3.5141373e-01
   3.1794577e-01
   2.8678592e-01
   2.6255049e-01
   2.4754760e-01
   2.4235430e-01
   2.4812464e-01
   2.6139642e-01
   2.8159261e-01
   3.0467397e-01
   3.2890941e-01
   3.5372187e-01
   3.7911136e-01
   4.0565493e-01
   4.3162148e-01
   4.5816503e-01
   4.8124640e-01
   4.9971148e-01
   5.1182919e-01
   5.1759955e-01
   5.1586844e-01
   5.0778996e-01
   4.9451818e-01
   4.7663012e-01
   4.5297173e-01
   4.2642816e-01
   3.9699943e-01
   3.6757069e-01
   3.4391229e-01
   3.2890940e-01
   3.2660128e-01
   3.3871899e-01
   3.6410848e-01
   3.9930757e-01
   4.4085402e-01
   4.8297749e-01
   5.1933064e-01
   5.4702828e-01
   5.6260819e-01
   5.6491634e-01
   5.5337565e-01
   5.2798615e-01
   4.9163301e-01
   4.4662435e-01
   3.9815349e-01
   3.5025967e-01
   3.0929024e-01
   2.7813041e-01
   2.5851126e-01
   2.5043278e-01
   2.5100981e-01
   2.5851125e-01
   2.7062897e-01
   2.8505481e-01
   3.0294287e-01
   3.2371610e-01
   3.4795152e-01
   3.7449510e-01
   4.0161570e-01
   4.2642816e-01
   4.4489325e-01
   4.5585690e-01
   4.5643393e-01
   4.4835545e-01
   4.3162148e-01
   4.0854010e-01
   3.8084248e-01
   3.5083671e-01
   3.2083092e-01
   2.9486440e-01
   2.7524525e-01
   2.6601269e-01
   2.7005194e-01
   2.8563185e-01
   3.1275244e-01
   3.4622043e-01
   3.8084248e-01
   4.1200231e-01
   4.3566070e-01
   4.4893248e-01
   4.5297173e-01
   4.4720139e-01
   4.3335256e-01
   4.1373342e-01
   3.9065204e-01
   3.6295441e-01
   3.3410271e-01
   3.0582805e-01
   2.8101558e-01
   2.6255049e-01
   2.5158685e-01
   2.4870167e-01
   2.5389498e-01
   2.6370456e-01
   2.7755338e-01
   2.9140219e-01
   3.0640508e-01
   3.1967686e-01
   3.3410271e-01
   3.4852855e-01
   3.6295442e-01
   3.7622620e-01
   3.8776689e-01
   3.9757647e-01
   4.0450086e-01
   4.0969418e-01
   4.1373341e-01
   4.1604155e-01
   4.1719562e-01
   4.1488747e-01
   4.0911714e-01
   3.9699942e-01
   3.8026544e-01
   3.5949221e-01
   3.3698789e-01
   3.1621466e-01
   2.9890363e-01
   2.8620889e-01
   2.7870745e-01
   2.7524523e-01
   2.7466820e-01
   2.7697633e-01
   2.8390076e-01
   2.9486440e-01
   3.1275244e-01
   3.3583382e-01
   3.6237738e-01
   3.9007501e-01
   4.1604154e-01
   4.3566071e-01
   4.4777842e-01
   4.5239468e-01
   4.5008655e-01
   4.4258511e-01
   4.3046740e-01
   4.1777265e-01
   4.0565494e-01
   3.9584535e-01
   3.9065205e-01
   3.9238315e-01
   4.0161570e-01
   4.1892672e-01
   4.4085402e-01
   4.6451241e-01
   4.8470859e-01
   4.9682630e-01
   4.9798038e-01
   4.8817079e-01
   4.6739759e-01
   4.3969994e-01
   4.1027121e-01
   3.8084246e-01
   3.5487593e-01
   3.3467976e-01
   3.2083092e-01
   3.1448356e-01
   3.1506059e-01
   3.2371610e-01
   3.3871899e-01
   3.6064628e-01
   3.8372764e-01
   4.0680900e-01
   4.2642816e-01
   4.3912291e-01
   4.4547029e-01
   4.4604731e-01
   4.4143104e-01
   4.3508366e-01
   4.2642815e-01
   4.1777265e-01
   4.0854011e-01
   3.9930755e-01
   3.9007502e-01
   3.8257358e-01
   3.7795730e-01
   3.7680323e-01
   3.7968841e-01
   3.8430468e-01
   3.8949799e-01
   3.9122909e-01
   3.9007501e-01
   3.8372763e-01
   3.7449509e-01
   3.6180034e-01
   3.5025967e-01
   3.3929602e-01
   3.3006347e-01
   3.2140795e-01
   3.1332948e-01
   3.0582805e-01
   2.9774957e-01
   2.9140219e-01
   2.8851702e-01
   2.8793999e-01
   2.9140219e-01
   2.9659550e-01
   3.0294287e-01
   3.0929024e-01
   3.1621466e-01
   3.2313907e-01
   3.3179458e-01
   3.4218119e-01
   3.5372187e-01
   3.6583959e-01
   3.7564917e-01
   3.8026543e-01
   3.7911138e-01
   3.7160993e-01
   3.5949221e-01
   3.4506637e-01
   3.3006348e-01
   3.1563762e-01
   3.0467398e-01
   2.9601847e-01
   2.8909407e-01
   2.8563185e-01
   2.8390075e-01
   2.8563185e-01
   2.8967109e-01
   2.9486439e-01
   2.9948067e-01
   3.0178881e-01
   3.0178880e-01
   2.9832660e-01
   2.9255627e-01
   2.8909406e-01
   2.8967109e-01
   2.9544142e-01
   3.0813618e-01
   3.2660128e-01
   3.4852857e-01
   3.7045585e-01
   3.9238315e-01
   4.1027121e-01
   4.2642815e-01
   4.3854587e-01
   4.4662435e-01
   4.5066360e-01
   4.4950953e-01
   4.4200807e-01
   4.2931333e-01
   4.1257934e-01
   3.9526832e-01
   3.7853433e-01
   3.6699365e-01
   3.6006924e-01
   3.6006924e-01
   3.6583959e-01
   3.7680323e-01
   3.9180612e-01
   4.1142528e-01
   4.3566071e-01
   4.6335834e-01
   4.9163301e-01
   5.1990768e-01
   5.4183497e-01
   5.5452971e-01
   5.5395269e-01
   5.3894981e-01
   5.1125217e-01
   4.7316792e-01
   4.3046741e-01
   3.8545874e-01
   3.4275822e-01
   3.0582805e-01
   2.7755338e-01
   2.5908828e-01
   2.5043278e-01
   2.5216387e-01
   2.6312752e-01
   2.7928448e-01
   2.9832660e-01
   3.1448356e-01
   3.2602423e-01
   3.3179458e-01
   3.3294864e-01
   3.3352568e-01
   3.3583381e-01
   3.4391229e-01
   3.5949221e-01
   3.8084246e-01
   4.0507790e-01
   4.2815926e-01
   4.4547029e-01
   4.5470283e-01
   4.5412580e-01
   4.4547027e-01
   4.2989036e-01
   4.1027121e-01
   3.8949799e-01
   3.7103289e-01
   3.5660704e-01
   3.4910560e-01
   3.5025967e-01
   3.6006924e-01
   3.7911136e-01
   4.0392383e-01
   4.3162146e-01
   4.5931911e-01
   4.8182343e-01
   4.9798038e-01
   5.0721293e-01
   5.1009809e-01
   5.1009809e-01
   5.0605885e-01
   5.0086555e-01
   4.9509522e-01
   4.8643971e-01
   4.7778420e-01
   4.6855164e-01
   4.6220427e-01
   4.5989613e-01
   4.6508944e-01
   4.7720716e-01
   4.9624928e-01
   5.1933064e-01
   5.4356607e-01
   5.6549337e-01
   5.8280438e-01
   5.9434507e-01
   6.0011541e-01
   5.9953837e-01
   5.9319100e-01
   5.8049625e-01
   5.6260819e-01
   5.4010387e-01
   5.1644547e-01
   4.9394115e-01
   4.7605310e-01
   4.6508944e-01
   4.6105021e-01
   4.6451241e-01
   4.7143682e-01
   4.7893826e-01
   4.8413156e-01
   4.8470859e-01
   4.8066936e-01
   4.7547606e-01
   4.6912869e-01
   4.6335834e-01
   4.6047317e-01
   4.5989614e-01
   4.5989613e-01
   4.6047316e-01
   4.5989614e-01
   4.5643393e-01
   4.4893248e-01
   4.3796884e-01
   4.2181189e-01
   4.0103865e-01
   3.7738027e-01
   3.5429891e-01
   3.3294864e-01
   3.1736872e-01
   3.1102136e-01
   3.1275246e-01
   3.2198500e-01
   3.3467974e-01
   3.4622042e-01
   3.5314484e-01
   3.5429890e-01
   3.4968263e-01
   3.4218119e-01
   3.3583382e-01
   3.3467974e-01
   3.3929602e-01
   3.5025967e-01
   3.6699365e-01
   3.8488171e-01
   4.0219273e-01
   4.1719562e-01
   4.2758223e-01
   4.3508366e-01
   4.3739181e-01
   4.3681477e-01
   4.3219851e-01
   4.2585113e-01
   4.1892672e-01
   4.1257934e-01
   4.0854011e-01
   4.0854011e-01
   4.1142528e-01
   4.1719562e-01
   4.2412003e-01
   4.3046740e-01
   4.3508367e-01
   4.3796884e-01
   4.4085402e-01
   4.4489325e-01
   4.5066360e-01
   4.5816503e-01
   4.6393537e-01
   4.6624351e-01
   4.6220427e-01
   4.4950953e-01
   4.2873630e-01
   4.0161570e-01
   3.7160993e-01
   3.4275822e-01
   3.1852280e-01
   3.0121177e-01
   2.9197922e-01
   2.9255626e-01
   3.0294288e-01
   3.2256203e-01
   3.5025967e-01
   3.8603578e-01
   4.2585112e-01
   4.6508944e-01
   4.9971148e-01
   5.2452395e-01
   5.3664166e-01
   5.3491056e-01
   5.2221580e-01
   5.0144258e-01
   4.7663012e-01
   4.5239470e-01
   4.3219850e-01
   4.1834969e-01
   4.1200231e-01
   4.1431045e-01
   4.2642816e-01
   4.4604731e-01
   4.7143682e-01
   4.9971148e-01
   5.2798615e-01
   5.5164455e-01
   5.6837852e-01
   5.7587998e-01
   5.7587998e-01
   5.7068667e-01
   5.6087709e-01
   5.4933642e-01
   5.3606463e-01
   5.2163878e-01
   5.0259666e-01
   4.7836123e-01
   4.5008656e-01
   4.1719561e-01
   3.8372764e-01
   3.5199078e-01
   3.2717830e-01
   3.1044432e-01
   3.0467398e-01
   3.0813618e-01
   3.2198500e-01
   3.4448932e-01
   3.7449510e-01
   4.0969418e-01
   4.4777843e-01
   4.8528563e-01
   5.1817657e-01
   5.4298904e-01
   5.5741488e-01
   5.6087709e-01
   5.5395268e-01
   5.4068090e-01
   5.2336988e-01
   5.0432775e-01
   4.8586266e-01
   4.6855164e-01
   4.5124062e-01
   4.3392961e-01
   4.1777265e-01
   4.0276976e-01
   3.9238315e-01
   3.8661281e-01
   3.8718986e-01
   3.9353722e-01
   4.0507790e-01
   4.1834969e-01
   4.3162146e-01
   4.4489325e-01
   4.5470283e-01
   4.6278129e-01
   4.6739757e-01
   4.6739759e-01
   4.6220427e-01
   4.5008656e-01
   4.3277553e-01
   4.0969418e-01
   3.8372764e-01
   3.5949221e-01
   3.3814196e-01
   3.2256202e-01
   3.1275244e-01
   3.0755915e-01
   3.0698211e-01
   3.0871321e-01
   3.1275244e-01
   3.1794577e-01
   3.2544721e-01
   3.3467974e-01
   3.4448932e-01
   3.5545297e-01
   3.6526256e-01
   3.7449510e-01
   3.8199654e-01
   3.8892095e-01
   3.9699943e-01
   4.0507790e-01
   4.1431045e-01
   4.2123485e-01
   4.2354299e-01
   4.1950375e-01
   4.0738603e-01
   3.8892095e-01
   3.6526256e-01
   3.4160416e-01
   3.2025390e-01
   3.0467397e-01
   2.9601846e-01
   2.9255626e-01
   2.9486440e-01
   2.9948068e-01
   3.0640508e-01
   3.1217542e-01
   3.1621466e-01
   3.1794577e-01
   3.1621466e-01
   3.1102134e-01
   3.0351991e-01
   2.9544144e-01
   2.8909406e-01
   2.8851702e-01
   2.9601847e-01
   3.1275246e-01
   3.3583381e-01
   3.6295441e-01
   3.8892094e-01
   4.0854011e-01
   4.1777265e-01
   4.1719562e-01
   4.0450086e-01
   3.8430466e-01
   3.5891518e-01
   3.3179458e-01
   3.0640508e-01
   2.8390075e-01
   2.6774380e-01
   2.5908828e-01
   2.5908828e-01
   2.6832084e-01
   2.8563185e-01
   3.0929024e-01
   3.3467974e-01
   3.5776111e-01
   3.7564915e-01
   3.8776688e-01
   3.9526832e-01
   3.9988460e-01
   4.0507790e-01
   4.1431044e-01
   4.2758223e-01
   4.4604732e-01
   4.6624351e-01
   4.8701673e-01
   5.0548183e-01
   5.1990768e-01
   5.3087131e-01
   5.3606463e-01
   5.3721871e-01
   5.3317946e-01
   5.2336988e-01
   5.1009809e-01
   4.9451817e-01
   4.7951530e-01
   4.6682054e-01
   4.6047317e-01
   4.6105019e-01
   4.6855164e-01
   4.8182343e-01
   4.9740334e-01
   5.1586844e-01
   5.3375649e-01
   5.5337565e-01
   5.7299482e-01
   5.9492210e-01
   6.1684939e-01
   6.3935372e-01
   6.5839584e-01
   6.7282170e-01
   6.8090018e-01
   6.8263128e-01
   6.7801501e-01
   6.6935949e-01
   6.6012696e-01
   6.5204848e-01
   6.4743220e-01
   6.4685517e-01
   6.5147145e-01
   6.6070399e-01
   6.7339873e-01
   6.8897864e-01
   7.0571263e-01
   7.1956145e-01
   7.2821696e-01
   7.2879400e-01
   7.1898442e-01
   6.9994230e-01
   6.7397577e-01
   6.4570110e-01
   6.2031159e-01
   6.0126948e-01
   5.8972879e-01
   5.8684363e-01
   5.8972879e-01
   5.9723024e-01
   6.0646278e-01
   6.1627237e-01
   6.2608195e-01
   6.3704559e-01
   6.4743220e-01
   6.5781881e-01
   6.6532026e-01
   6.6878246e-01
   6.6589729e-01
   6.5724178e-01
   6.4339296e-01
   6.2608193e-01
   6.0877091e-01
   5.9203692e-01
   5.7818811e-01
   5.6895557e-01
   5.6318524e-01
   5.6203116e-01
   5.6549337e-01
   5.7357184e-01
   5.8511253e-01
   5.9780727e-01
   6.0934795e-01
   6.1454126e-01
   6.0992498e-01
   5.9376802e-01
   5.6491634e-01
   5.2452394e-01
   4.7720715e-01
   4.2527410e-01
   3.7276399e-01
   3.2256203e-01
   2.7639931e-01
   2.3600693e-01
   2.0253895e-01
   1.7714946e-01
   1.6214657e-01
   1.5637623e-01
   1.5983844e-01
   1.6907097e-01
   1.8234275e-01
   1.9388344e-01
   2.0138488e-01
   2.0196192e-01
   1.9734564e-01
   1.8811309e-01
   1.7541836e-01
   1.6099249e-01
   1.4772072e-01
   1.3675707e-01
   1.2810156e-01
   1.2406232e-01
   1.2637046e-01
   1.3675707e-01
   1.5579920e-01
   1.8291979e-01
   2.1407964e-01
   2.4581650e-01
   2.7236008e-01
   2.8909406e-01
   2.9313330e-01
   2.8447779e-01
   2.6428159e-01
   2.3658396e-01
   2.0484708e-01
   1.7426428e-01
   1.4829775e-01
   1.2925562e-01
   1.2060012e-01
   1.2348528e-01
   1.3733411e-01
   1.6156954e-01
   1.9272937e-01
   2.2504328e-01
   2.5389498e-01
   2.7409118e-01
   2.8274669e-01
   2.7870745e-01
   2.6658974e-01
   2.4985574e-01
   2.3369878e-01
   2.2446625e-01
   2.2331217e-01
   2.3254473e-01
   2.5043278e-01
   2.7409118e-01
   3.0121177e-01
   3.2717830e-01
   3.5025967e-01
   3.6814772e-01
   3.7853434e-01
   3.8026543e-01
   3.7276400e-01
   3.5833814e-01
   3.3929601e-01
   3.1967686e-01
   3.0351991e-01
   2.9428736e-01
   2.9313330e-01
   2.9890365e-01
   3.0986728e-01
   3.2256203e-01
   3.3467974e-01
   3.4275822e-01
   3.4852857e-01
   3.5083670e-01
   3.5199077e-01
   3.5141373e-01
   3.5141373e-01
   3.4968263e-01
   3.4737450e-01
   3.4333526e-01
   3.3987306e-01
   3.3756492e-01
   3.3756492e-01
   3.3929602e-01
   3.4333526e-01
   3.4737450e-01
   3.4968263e-01
   3.4968263e-01
   3.4622043e-01
   3.4160416e-01
   3.3641084e-01
   3.3410271e-01
   3.3410272e-01
   3.3641086e-01
   3.4102712e-01
   3.4795153e-01
   3.5487594e-01
   3.6180036e-01
   3.6930179e-01
   3.7680323e-01
   3.8430468e-01
   3.9065205e-01
   3.9353722e-01
   3.9296019e-01
   3.8603578e-01
   3.7564917e-01
   3.6353146e-01
   3.5083670e-01
   3.4218119e-01
   3.3756491e-01
   3.3814196e-01
   3.4218119e-01
   3.4910560e-01
   3.5776111e-01
   3.6699365e-01
   3.7564917e-01
   3.8545874e-01
   3.9526832e-01
   4.0334680e-01
   4.0854011e-01
   4.0969418e-01
   4.0507790e-01
   3.9642239e-01
   3.8661281e-01
   3.7622620e-01
   3.6987883e-01
   3.6872475e-01
   3.7334103e-01
   3.8141950e-01
   3.9296019e-01
   4.0507790e-01
   4.1892672e-01
   4.3219851e-01
   4.4547029e-01
   4.5931911e-01
   4.7316792e-01
   4.8586266e-01
   4.9509521e-01
   5.0144258e-01
   5.0317368e-01
   5.0144258e-01
   4.9740335e-01
   4.9221004e-01
   4.8701673e-01
   4.8182343e-01
   4.7663012e-01
   4.7085978e-01
   4.6451241e-01
   4.5874206e-01
   4.5412580e-01
   4.5181765e-01
   4.5181765e-01
   4.5297173e-01
   4.5354876e-01
   4.5066358e-01
   4.4373919e-01
   4.3335258e-01
   4.2008079e-01
   4.0796308e-01
   4.0161569e-01
   4.0161570e-01
   4.1200231e-01
   4.2873630e-01
   4.5066358e-01
   4.7316792e-01
   4.9451817e-01
   5.1009811e-01
   5.1875360e-01
   5.1933064e-01
   5.1240624e-01
   4.9798037e-01
   4.7893826e-01
   4.5758800e-01
   4.3796884e-01
   4.2469705e-01
   4.2181189e-01
   4.3162146e-01
   4.5297172e-01
   4.8470859e-01
   5.2221580e-01
   5.6030006e-01
   5.9376802e-01
   6.1973457e-01
   6.3589151e-01
   6.4281594e-01
   6.3935372e-01
   6.2839008e-01
   6.1165609e-01
   5.8972879e-01
   5.6491634e-01
   5.4183496e-01
   5.2336988e-01
   5.1413734e-01
   5.1644547e-01
   5.3202539e-01
   5.5914599e-01
   5.9319099e-01
   6.2954415e-01
   6.6416619e-01
   6.9186382e-01
   7.1032891e-01
   7.1840739e-01
   7.1840739e-01
   7.0859781e-01
   6.9359492e-01
   6.7282170e-01
   6.4743220e-01
   6.2088862e-01
   5.9492209e-01
   5.7068667e-01
   5.5279861e-01
   5.4068090e-01
   5.3548759e-01
   5.3606463e-01
   5.4125794e-01
   5.4991345e-01
   5.6203116e-01
   5.7645701e-01
   5.9376804e-01
   6.1281014e-01
   6.3242931e-01
   6.4974035e-01
   6.6185804e-01
   6.6532026e-01
   6.6070398e-01
   6.4800923e-01
   6.3012118e-01
   6.1107906e-01
   5.9549914e-01
   5.8453549e-01
   5.8165031e-01
   5.8568956e-01
   5.9665321e-01
   6.1338719e-01
   6.3358338e-01
   6.5608771e-01
   6.7743798e-01
   6.9648009e-01
   7.0802078e-01
   7.0975188e-01
   6.9878823e-01
   6.7455280e-01
   6.3935372e-01
   5.9607617e-01
   5.4933640e-01
   5.0375073e-01
   4.6278131e-01
   4.2873630e-01
   4.0334680e-01
   3.8661281e-01
   3.7968841e-01
   3.8257358e-01
   3.9411425e-01
   4.1488747e-01
   4.4258511e-01
   4.7432200e-01
   5.0548183e-01
   5.3317945e-01
   5.5279861e-01
   5.6549337e-01
   5.7126370e-01
   5.7126370e-01
   5.6837854e-01
   5.6433930e-01
   5.6145413e-01
   5.5856896e-01
   5.5683786e-01
   5.5626083e-01
   5.5683786e-01
   5.5856896e-01
   5.6318523e-01
   5.6953260e-01
   5.7645701e-01
   5.8222735e-01
   5.8453548e-01
   5.8395846e-01
   5.7934218e-01
   5.7184075e-01
   5.6376226e-01
   5.5452971e-01
   5.4587422e-01
   5.3548759e-01
   5.2336988e-01
   5.0778996e-01
   4.8990191e-01
   4.7143682e-01
   4.5412580e-01
   4.4258511e-01
   4.3739181e-01
   4.4143104e-01
   4.5297173e-01
   4.6912869e-01
   4.8874784e-01
   5.0952106e-01
   5.2856319e-01
   5.4529717e-01
   5.5741489e-01
   5.6491634e-01
   5.6607039e-01
   5.5972303e-01
   5.4645124e-01
   5.2798615e-01
   5.0778996e-01
   4.8759377e-01
   4.7143682e-01
   4.6220427e-01
   4.5989614e-01
   4.6393537e-01
   4.7201385e-01
   4.8240046e-01
   4.9336411e-01
   5.0375072e-01
   5.1356031e-01
   5.2279285e-01
   5.3144836e-01
   5.3779574e-01
   5.4183496e-01
   5.4183497e-01
   5.3721869e-01
   5.2914022e-01
   5.1759954e-01
   5.0548183e-01
   4.9278707e-01
   4.8009233e-01
   4.6566647e-01
   4.4893248e-01
   4.2873630e-01
   4.0680901e-01
   3.8430468e-01
   3.6410849e-01
   3.4910560e-01
   3.4275823e-01
   3.4506637e-01
   3.5545297e-01
   3.7449510e-01
   3.9873052e-01
   4.2700518e-01
   4.5701098e-01
   4.8817081e-01
   5.1817658e-01
   5.4529717e-01
   5.6664744e-01
   5.8107328e-01
   5.8799770e-01
   5.8799770e-01
   5.8280439e-01
   5.7472590e-01
   5.6664744e-01
   5.5972303e-01
   5.5337565e-01
   5.4587420e-01
   5.3548759e-01
   5.2163878e-01
   5.0432776e-01
   4.8413156e-01
   4.6335833e-01
   4.4604732e-01
   4.3335258e-01
   4.2527409e-01
   4.2238892e-01
   4.2296595e-01
   4.2585113e-01
   4.3162146e-01
   4.3912291e-01
   4.4893248e-01
   4.5989614e-01
   4.7028274e-01
   4.8066936e-01
   4.8932487e-01
   4.9509522e-01
   4.9913445e-01
   5.0201963e-01
   5.0663589e-01
   5.1356029e-01
   5.2221580e-01
   5.3029428e-01
   5.3664167e-01
   5.3721869e-01
   5.3144835e-01
   5.1933064e-01
   5.0028852e-01
   4.7836122e-01
   4.5412580e-01
   4.3219851e-01
   4.1257934e-01
   3.9815349e-01
   3.8949799e-01
   3.8949799e-01
   3.9815349e-01
   4.1661859e-01
   4.4373919e-01
   4.7720716e-01
   5.1356029e-01
   5.4818235e-01
   5.7703405e-01
   5.9723024e-01
   6.0761686e-01
   6.0761686e-01
   5.9953838e-01
   5.8626659e-01
   5.6664744e-01
   5.4414310e-01
   5.1817657e-01
   4.9047894e-01
   4.6162723e-01
