   5.9003056e-02
   4.7473726e-03
   0.0000000e+00
   4.3743638e-02
   1.2512716e-01
   2.2414377e-01
   3.1943032e-01
   3.9335368e-01
   4.3472364e-01
   4.4082740e-01
   4.1742964e-01
   3.7368599e-01
   3.2146490e-01
   2.7060020e-01
   2.2889115e-01
   1.9871142e-01
   1.8040014e-01
   1.7226178e-01
   1.7226178e-01
   1.7734825e-01
   1.8650390e-01
   1.9735503e-01
   2.0888436e-01
   2.1973550e-01
   2.2923024e-01
   2.3736859e-01
   2.4415056e-01
   2.5025433e-01
   2.5601898e-01
   2.6110545e-01
   2.6483553e-01
   2.6619192e-01
   2.6449644e-01
   2.5907087e-01
   2.5093252e-01
   2.4075958e-01
   2.3126484e-01
   2.2380468e-01
   2.1939640e-01
   2.1871821e-01
   2.2075279e-01
   2.2414377e-01
   2.2787385e-01
   2.3160393e-01
   2.3397762e-01
   2.3635130e-01
   2.3838589e-01
   2.3974228e-01
   2.4042048e-01
   2.3974228e-01
   2.3736860e-01
   2.3363852e-01
   2.2956935e-01
   2.2651746e-01
   2.2482198e-01
   2.2516107e-01
   2.2719566e-01
   2.2990845e-01
   2.3329942e-01
   2.3669040e-01
   2.3940318e-01
   2.4279417e-01
   2.4618514e-01
   2.4991522e-01
   2.5262800e-01
   2.5296711e-01
   2.5059342e-01
   2.4482875e-01
   2.3635130e-01
   2.2753476e-01
   2.2109190e-01
   2.2007460e-01
   2.2617836e-01
   2.3974228e-01
   2.6042726e-01
   2.8450322e-01
   3.1061377e-01
   3.3536792e-01
   3.5673109e-01
   3.7368599e-01
   3.8419803e-01
   3.8826721e-01
   3.8555443e-01
   3.7673788e-01
   3.6317395e-01
   3.4689725e-01
   3.3129874e-01
   3.1807393e-01
   3.1061377e-01
   3.0857918e-01
   3.1163107e-01
   3.1739572e-01
   3.2316040e-01
   3.2756867e-01
   3.2858596e-01
   3.2689047e-01
   3.2316039e-01
   3.2010851e-01
   3.1841302e-01
   3.1909122e-01
   3.2282129e-01
   3.2892506e-01
   3.3672431e-01
   3.4520176e-01
   3.5503561e-01
   3.6520854e-01
   3.7572058e-01
   3.8487623e-01
   3.9335368e-01
   3.9945744e-01
   4.0352662e-01
   4.0522210e-01
   4.0590030e-01
   4.0590031e-01
   4.0454391e-01
   4.0217023e-01
   3.9708376e-01
   3.8928450e-01
   3.7775517e-01
   3.6283486e-01
   3.4587996e-01
   3.2994235e-01
   3.1671753e-01
   3.0857917e-01
   3.0518820e-01
   3.0722278e-01
   3.1230925e-01
   3.1909122e-01
   3.2655137e-01
   3.3333334e-01
   3.3977620e-01
   3.4520176e-01
   3.4961004e-01
   3.5334011e-01
   3.5503561e-01
   3.5469651e-01
   3.5266192e-01
   3.4893184e-01
   3.4350627e-01
   3.3841981e-01
   3.3265514e-01
   3.2689048e-01
   3.2078671e-01
   3.1400474e-01
   3.0688369e-01
   3.0077992e-01
   2.9603255e-01
   2.9467616e-01
   2.9704985e-01
   3.0247541e-01
   3.1061377e-01
   3.1875211e-01
   3.2519498e-01
   3.2892506e-01
   3.3028145e-01
   3.2994235e-01
   3.2994235e-01
   3.3129874e-01
   3.3502882e-01
   3.4079349e-01
   3.4757545e-01
   3.5334011e-01
   3.5707019e-01
   3.5740929e-01
   3.5367921e-01
   3.4587996e-01
   3.3502882e-01
   3.2112580e-01
   3.0620549e-01
   2.9128518e-01
   2.7839945e-01
   2.6890471e-01
   2.6551374e-01
   2.6720922e-01
   2.7433028e-01
   2.8416412e-01
   2.9298067e-01
   2.9840624e-01
   2.9772805e-01
   2.8958969e-01
   2.7568667e-01
   2.5737538e-01
   2.3770770e-01
   2.1939640e-01
   2.0379790e-01
   1.9260766e-01
   1.8548661e-01
   1.8209562e-01
   1.8175653e-01
   1.8379112e-01
   1.8786029e-01
   1.9260766e-01
   1.9735503e-01
   2.0040692e-01
   2.0040691e-01
   1.9667684e-01
   1.9023398e-01
   1.8311292e-01
   1.7734825e-01
   1.7531367e-01
   1.7870464e-01
   1.8853849e-01
   2.0345880e-01
   2.2244829e-01
   2.4347236e-01
   2.6517463e-01
   2.8585961e-01
   3.0484910e-01
   3.2180401e-01
   3.3604612e-01
   3.4655815e-01
   3.5300102e-01
   3.5571380e-01
   3.5469651e-01
   3.5164462e-01
   3.4791455e-01
   3.4554086e-01
   3.4486267e-01
   3.4689725e-01
   3.5028823e-01
   3.5401831e-01
   3.5808748e-01
   3.6113937e-01
   3.6419125e-01
   3.6724313e-01
   3.7165140e-01
   3.7673788e-01
   3.8250254e-01
   3.8724991e-01
   3.8996270e-01
   3.9064089e-01
   3.8792811e-01
   3.8284164e-01
   3.7639878e-01
   3.6927772e-01
   3.6215666e-01
   3.5469650e-01
   3.4689725e-01
   3.3977619e-01
   3.3299423e-01
   3.2858596e-01
   3.2655137e-01
   3.2892506e-01
   3.3435063e-01
   3.4282808e-01
   3.5266192e-01
   3.6215666e-01
   3.7029502e-01
   3.7775517e-01
   3.8487623e-01
   3.9233638e-01
   4.0183113e-01
   4.1369956e-01
   4.2828077e-01
   4.4354018e-01
   4.5913869e-01
   4.7338081e-01
   4.8491014e-01
   4.9338758e-01
   4.9779586e-01
   4.9779586e-01
   4.9237030e-01
   4.8118006e-01
   4.6490336e-01
   4.4489657e-01
   4.2421159e-01
   4.0590030e-01
   3.9301458e-01
   3.8860630e-01
   3.9369277e-01
   4.0657850e-01
   4.2590708e-01
   4.4794846e-01
   4.6897253e-01
   4.8694472e-01
   4.9881316e-01
   5.0457782e-01
   5.0322143e-01
   4.9542218e-01
   4.8185825e-01
   4.6422516e-01
   4.4421838e-01
   4.2421159e-01
   4.0623940e-01
   3.9199729e-01
   3.8284164e-01
   3.7843336e-01
   3.7877246e-01
   3.8216344e-01
   3.8792811e-01
   3.9538827e-01
   4.0454392e-01
   4.1539504e-01
   4.2692438e-01
   4.3947101e-01
   4.5032215e-01
   4.5778230e-01
   4.6117328e-01
   4.5846050e-01
   4.5167853e-01
   4.4252289e-01
   4.3268905e-01
   4.2522889e-01
   4.2183791e-01
   4.2183791e-01
   4.2488980e-01
   4.2861987e-01
   4.3167176e-01
   4.3302815e-01
   4.3133266e-01
   4.2658528e-01
   4.1980332e-01
   4.1098677e-01
   4.0115293e-01
   3.9064089e-01
   3.8080705e-01
   3.7334690e-01
   3.6995591e-01
   3.7199050e-01
   3.8046796e-01
   3.9335368e-01
   4.1030858e-01
   4.2760258e-01
   4.4218379e-01
   4.5201763e-01
   4.5473042e-01
   4.5066124e-01
   4.3879281e-01
   4.2014242e-01
   3.9572736e-01
   3.6656494e-01
   3.3468973e-01
   3.0281452e-01
   2.7365208e-01
   2.5059342e-01
   2.3669040e-01
   2.3533401e-01
   2.4584605e-01
   2.6653103e-01
   2.9535436e-01
   3.2722957e-01
   3.5774839e-01
   3.8385893e-01
   4.0217023e-01
   4.1064767e-01
   4.0929129e-01
   3.9810105e-01
   3.7775517e-01
   3.5028823e-01
   3.1841302e-01
   2.8450322e-01
   2.5330620e-01
   2.2787385e-01
   2.1057985e-01
   2.0345880e-01
   2.0684978e-01
   2.1939640e-01
   2.3906409e-01
   2.6381824e-01
   2.9128519e-01
   3.1841302e-01
   3.4350628e-01
   3.6317395e-01
   3.7572058e-01
   3.7877246e-01
   3.7063411e-01
   3.5232282e-01
   3.2621227e-01
   2.9569345e-01
   2.6619192e-01
   2.4143778e-01
   2.2550017e-01
   2.1973550e-01
   2.2312648e-01
   2.3363852e-01
   2.4855883e-01
   2.6449644e-01
   2.7907765e-01
   2.9094608e-01
   2.9908444e-01
   3.0315361e-01
   3.0349271e-01
   3.0044083e-01
   2.9569346e-01
   2.9026789e-01
   2.8585961e-01
   2.8382502e-01
   2.8450322e-01
   2.8755511e-01
   2.9128518e-01
   2.9365887e-01
   2.9196337e-01
   2.8552051e-01
   2.7433028e-01
   2.5974906e-01
   2.4381146e-01
   2.2923025e-01
   2.1871821e-01
   2.1261444e-01
   2.1193625e-01
   2.1566632e-01
   2.2346559e-01
   2.3431671e-01
   2.4652425e-01
   2.5873177e-01
   2.6958291e-01
   2.7602577e-01
   2.7704306e-01
   2.7026110e-01
   2.5500169e-01
   2.3262123e-01
   2.0549338e-01
   1.7667006e-01
   1.4988132e-01
   1.2783995e-01
   1.1224143e-01
   1.0478128e-01
   1.0478129e-01
   1.1190233e-01
   1.2546626e-01
   1.4343845e-01
   1.6446253e-01
   1.8582570e-01
   2.0413700e-01
   2.1668362e-01
   2.2210919e-01
   2.1871821e-01
   2.0854527e-01
   1.9362495e-01
   1.7802645e-01
   1.6514073e-01
   1.5835877e-01
   1.5835877e-01
   1.6514073e-01
   1.7700915e-01
   1.9159037e-01
   2.0651068e-01
   2.1939640e-01
   2.2821295e-01
   2.3262123e-01
   2.3160393e-01
   2.2550016e-01
   2.1430994e-01
   2.0108511e-01
   1.8752119e-01
   1.7633096e-01
   1.6954899e-01
   1.6819261e-01
   1.7293998e-01
   1.8073923e-01
   1.8955578e-01
   1.9667684e-01
   2.0006781e-01
   1.9938963e-01
   1.9464225e-01
   1.8718209e-01
   1.7938284e-01
   1.7293998e-01
   1.6717532e-01
   1.6378434e-01
   1.6107155e-01
   1.6039335e-01
   1.6107155e-01
   1.6446253e-01
   1.7022719e-01
   1.7904374e-01
   1.8989487e-01
   2.0210241e-01
   2.1397083e-01
   2.2448287e-01
   2.3228213e-01
   2.3702950e-01
   2.3906409e-01
   2.3736860e-01
   2.3160393e-01
   2.2177009e-01
   2.0752798e-01
   1.8921669e-01
   1.6920990e-01
   1.4954222e-01
   1.3360461e-01
   1.2410987e-01
   1.2377077e-01
   1.3157003e-01
   1.4750763e-01
   1.6887081e-01
   1.9328586e-01
   2.1804001e-01
   2.3974228e-01
   2.5703628e-01
   2.6890471e-01
   2.7263479e-01
   2.6890471e-01
   2.5669719e-01
   2.3770770e-01
   2.1430993e-01
   1.8955578e-01
   1.6717531e-01
   1.5055951e-01
   1.4208206e-01
   1.4174296e-01
   1.4886402e-01
   1.6039335e-01
   1.7429637e-01
   1.8853848e-01
   2.0108511e-01
   2.1193625e-01
   2.2143099e-01
   2.2990844e-01
   2.3770770e-01
   2.4482875e-01
   2.5194981e-01
   2.5805358e-01
   2.6381824e-01
   2.6856561e-01
   2.7229569e-01
   2.7365208e-01
   2.7127839e-01
   2.6347914e-01
   2.5127161e-01
   2.3397762e-01
   2.1430993e-01
   1.9464225e-01
   1.7904374e-01
   1.6988810e-01
   1.6920990e-01
   1.7700915e-01
   1.9192947e-01
   2.1057986e-01
   2.3092574e-01
   2.4991522e-01
   2.6585283e-01
   2.7670397e-01
   2.8212953e-01
   2.8077314e-01
   2.7297388e-01
   2.5839267e-01
   2.3804679e-01
   2.1464903e-01
   1.8989487e-01
   1.6751442e-01
   1.5022041e-01
   1.3903018e-01
   1.3462190e-01
   1.3699559e-01
   1.4411665e-01
   1.5428959e-01
   1.6649712e-01
   1.7904375e-01
   1.9125127e-01
   2.0176331e-01
   2.0956257e-01
   2.1329264e-01
   2.1193624e-01
   2.0549339e-01
   1.9599864e-01
   1.8480841e-01
   1.7599186e-01
   1.7226178e-01
   1.7565276e-01
   1.8684300e-01
   2.0515429e-01
   2.2855205e-01
   2.5466259e-01
   2.8043404e-01
   3.0417091e-01
   3.2417769e-01
   3.3909800e-01
   3.4791454e-01
   3.4961004e-01
   3.4452357e-01
   3.3299423e-01
   3.1637843e-01
   2.9671075e-01
   2.7636487e-01
   2.5771448e-01
   2.4177687e-01
   2.2990845e-01
   2.2075279e-01
   2.1464903e-01
   2.1125805e-01
   2.1024075e-01
   2.1227535e-01
   2.1770091e-01
   2.2719566e-01
   2.3906409e-01
   2.5228891e-01
   2.6483553e-01
   2.7433028e-01
   2.7975585e-01
   2.8111224e-01
   2.7839946e-01
   2.7331299e-01
   2.6754832e-01
   2.6110546e-01
   2.5500170e-01
   2.5025433e-01
   2.4618514e-01
   2.4415056e-01
   2.4482875e-01
   2.4889793e-01
   2.5635808e-01
   2.6687012e-01
   2.7873855e-01
   2.8958969e-01
   2.9806714e-01
   3.0315361e-01
   3.0417091e-01
   3.0179722e-01
   2.9806714e-01
   2.9298067e-01
   2.8789420e-01
   2.8280773e-01
   2.7704306e-01
   2.7060020e-01
   2.6314005e-01
   2.5500170e-01
   2.4686334e-01
   2.3974229e-01
   2.3363852e-01
   2.2889115e-01
   2.2482197e-01
   2.2177009e-01
   2.2007460e-01
   2.2041369e-01
   2.2312648e-01
   2.2889115e-01
   2.3770769e-01
   2.4855883e-01
   2.5907087e-01
   2.6822652e-01
   2.7466938e-01
   2.7738216e-01
   2.7738216e-01
   2.7670397e-01
   2.7636487e-01
   2.7670396e-01
   2.7941675e-01
   2.8246863e-01
   2.8552051e-01
   2.8755510e-01
   2.8789420e-01
   2.8653781e-01
   2.8382502e-01
   2.7941675e-01
   2.7466938e-01
   2.6890471e-01
   2.6178366e-01
   2.5398440e-01
   2.4618514e-01
   2.4042048e-01
   2.3804679e-01
   2.4075957e-01
   2.4957612e-01
   2.6381824e-01
   2.8212954e-01
   3.0179722e-01
   3.2044761e-01
   3.3638521e-01
   3.4723635e-01
   3.5164462e-01
   3.4927094e-01
   3.3977619e-01
   3.2349949e-01
   3.0111903e-01
   2.7433028e-01
   2.4686334e-01
   2.2109190e-01
   2.0142420e-01
   1.8955578e-01
   1.8752119e-01
   1.9498135e-01
   2.0888437e-01
   2.2719566e-01
   2.4550695e-01
   2.6246184e-01
   2.7568667e-01
   2.8484232e-01
   2.8958969e-01
   2.9060698e-01
   2.8755510e-01
   2.8077314e-01
   2.7161750e-01
   2.6076636e-01
   2.4957612e-01
   2.4042048e-01
   2.3397762e-01
   2.3194302e-01
   2.3363852e-01
   2.3940319e-01
   2.4754153e-01
   2.5873177e-01
   2.7093930e-01
   2.8450322e-01
   3.0010173e-01
   3.1671754e-01
   3.3299423e-01
   3.4791455e-01
   3.5910478e-01
   3.6554764e-01
   3.6656494e-01
   3.6317395e-01
   3.5673109e-01
   3.4961004e-01
   3.4418446e-01
   3.4079348e-01
   3.3943710e-01
   3.3943709e-01
   3.4011529e-01
   3.4045439e-01
   3.4045439e-01
   3.4045439e-01
   3.4079349e-01
   3.4214988e-01
   3.4418446e-01
   3.4757545e-01
   3.5164462e-01
   3.5537470e-01
   3.5876569e-01
   3.6215666e-01
   3.6419125e-01
   3.6419125e-01
   3.6046117e-01
   3.5266192e-01
   3.3943710e-01
   3.2146490e-01
   3.0010173e-01
   2.7907765e-01
   2.6042726e-01
   2.4754153e-01
   2.4177687e-01
   2.4347236e-01
   2.5127162e-01
   2.6280095e-01
   2.7602577e-01
   2.8925059e-01
   3.0077992e-01
   3.1095286e-01
   3.1909122e-01
   3.2519498e-01
   3.2824686e-01
   3.2756867e-01
   3.2316040e-01
   3.1468294e-01
   3.0349271e-01
   2.9026789e-01
   2.7738216e-01
   2.6551373e-01
   2.5601898e-01
   2.4923703e-01
   2.4584604e-01
   2.4584604e-01
   2.4991522e-01
   2.5873177e-01
   2.7161750e-01
   2.8789420e-01
   3.0518820e-01
   3.2248219e-01
   3.3604612e-01
   3.4452357e-01
   3.4757545e-01
   3.4554085e-01
   3.4045439e-01
   3.3435062e-01
   3.2892505e-01
   3.2621227e-01
   3.2519498e-01
   3.2587318e-01
   3.2689047e-01
   3.2790776e-01
   3.2824687e-01
   3.2858596e-01
   3.2790776e-01
   3.2655137e-01
   3.2417769e-01
   3.2010851e-01
   3.1332655e-01
   3.0451000e-01
   2.9433706e-01
   2.8348593e-01
   2.7331299e-01
   2.6483553e-01
   2.5839267e-01
   2.5466259e-01
   2.5364530e-01
   2.5567989e-01
   2.6144455e-01
   2.7161749e-01
   2.8687690e-01
   3.0586639e-01
   3.2756866e-01
   3.4893184e-01
   3.6690403e-01
   3.7911156e-01
   3.8351983e-01
   3.8046795e-01
   3.7097320e-01
   3.5740929e-01
   3.4214988e-01
   3.2722957e-01
   3.1400474e-01
   3.0247541e-01
   2.9331977e-01
   2.8619871e-01
   2.8212954e-01
   2.8009494e-01
   2.8179043e-01
   2.8585962e-01
   2.9196337e-01
   2.9840623e-01
   3.0451000e-01
   3.0993557e-01
   3.1366564e-01
   3.1603933e-01
   3.1705663e-01
   3.1705663e-01
   3.1502204e-01
   3.1061377e-01
   3.0281451e-01
   2.9094608e-01
   2.7670396e-01
   2.6076636e-01
   2.4550695e-01
   2.3194303e-01
   2.2210919e-01
   2.1600543e-01
   2.1397084e-01
   2.1464903e-01
   2.1837912e-01
   2.2448287e-01
   2.3329942e-01
   2.4516786e-01
   2.5873177e-01
   2.7365208e-01
   2.8721601e-01
   2.9806714e-01
   3.0417091e-01
   3.0451000e-01
   3.0010173e-01
   2.9128518e-01
   2.8009494e-01
   2.6720922e-01
   2.5398440e-01
   2.4109868e-01
   2.2821295e-01
   2.1566633e-01
   2.0549339e-01
   1.9769413e-01
   1.9430316e-01
   1.9532045e-01
   2.0074601e-01
   2.0956257e-01
   2.2075280e-01
   2.3296032e-01
   2.4516785e-01
   2.5669718e-01
   2.6856561e-01
   2.8009494e-01
   2.9094608e-01
   2.9942353e-01
   3.0383180e-01
   3.0247541e-01
   2.9467616e-01
   2.8043404e-01
   2.6178365e-01
   2.4177687e-01
   2.2244829e-01
   2.0718888e-01
   1.9735504e-01
   1.9430315e-01
   1.9735503e-01
   2.0651068e-01
   2.2007460e-01
   2.3702950e-01
   2.5500169e-01
   2.7229569e-01
   2.8619871e-01
   2.9433706e-01
   2.9535436e-01
   2.8823330e-01
   2.7466938e-01
   2.5635809e-01
   2.3702950e-01
   2.1871821e-01
   2.0345880e-01
   1.9260766e-01
   1.8514751e-01
   1.8141743e-01
   1.7972194e-01
   1.8073923e-01
   1.8446931e-01
   1.9023398e-01
   1.9803323e-01
   2.0752797e-01
   2.1770091e-01
   2.2685656e-01
   2.3499492e-01
   2.4177687e-01
   2.4821973e-01
   2.5466259e-01
   2.6178365e-01
   2.6992200e-01
   2.7772125e-01
   2.8348592e-01
   2.8552051e-01
   2.8246863e-01
   2.7534757e-01
   2.6314005e-01
   2.4889793e-01
   2.3397762e-01
   2.1973550e-01
   2.0820617e-01
   1.9972872e-01
   1.9532044e-01
   1.9599864e-01
   2.0210241e-01
   2.1397083e-01
   2.3126484e-01
   2.5194981e-01
   2.7263478e-01
   2.9094608e-01
   3.0349270e-01
   3.0857917e-01
   3.0620549e-01
   2.9772805e-01
   2.8585961e-01
   2.7365208e-01
   2.6347914e-01
   2.5737537e-01
   2.5534079e-01
   2.5737538e-01
   2.6314004e-01
   2.7127839e-01
   2.8077314e-01
   2.9060698e-01
   2.9942353e-01
   3.0586640e-01
   3.0857917e-01
   3.0756188e-01
   3.0349271e-01
   2.9806714e-01
   2.9331977e-01
   2.9162428e-01
   2.9501526e-01
   3.0315361e-01
   3.1603933e-01
   3.3095965e-01
   3.4587996e-01
   3.5910478e-01
   3.6792133e-01
   3.7199050e-01
   3.7131231e-01
   3.6554764e-01
   3.5537470e-01
   3.4045439e-01
   3.2316039e-01
   3.0484910e-01
   2.8755510e-01
   2.7433028e-01
   2.6687013e-01
   2.6687012e-01
   2.7399118e-01
   2.8653781e-01
   3.0213631e-01
   3.1739572e-01
   3.2994235e-01
   3.3808070e-01
   3.4147168e-01
   3.4079348e-01
   3.3672431e-01
   3.3062055e-01
   3.2316040e-01
   3.1603933e-01
   3.0925737e-01
   3.0451000e-01
   3.0247542e-01
   3.0383181e-01
   3.0891827e-01
   3.1570024e-01
   3.2383859e-01
   3.2994235e-01
   3.3333333e-01
   3.3299423e-01
   3.2824686e-01
   3.2078671e-01
   3.1163106e-01
   3.0247541e-01
   2.9365886e-01
   2.8585962e-01
   2.7907765e-01
   2.7331299e-01
   2.6958291e-01
   2.6890471e-01
   2.7127840e-01
   2.7738216e-01
   2.8823330e-01
   3.0145813e-01
   3.1603933e-01
   3.3062055e-01
   3.4418447e-01
   3.5537470e-01
   3.6385216e-01
   3.6961682e-01
   3.7334689e-01
   3.7300780e-01
   3.6826042e-01
   3.5876568e-01
   3.4384537e-01
   3.2451678e-01
   3.0315361e-01
   2.8179043e-01
   2.6246184e-01
   2.4821973e-01
   2.3872499e-01
   2.3533401e-01
   2.3702950e-01
   2.4211597e-01
   2.5025432e-01
   2.6008816e-01
   2.7026111e-01
   2.7907765e-01
   2.8484232e-01
   2.8653781e-01
   2.8280773e-01
   2.7399118e-01
   2.6110545e-01
   2.4652425e-01
   2.3296032e-01
   2.2210919e-01
   2.1532723e-01
   2.1159714e-01
   2.1024076e-01
   2.0956256e-01
   2.0820617e-01
   2.0583248e-01
   2.0345880e-01
   2.0210241e-01
   2.0345880e-01
   2.0820617e-01
   2.1600543e-01
   2.2651746e-01
   2.3804679e-01
   2.4855883e-01
   2.5805358e-01
   2.6483553e-01
   2.6924381e-01
   2.7026110e-01
   2.6788742e-01
   2.6144456e-01
   2.5194981e-01
   2.3940318e-01
   2.2550016e-01
   2.1295355e-01
   2.0278060e-01
   1.9667684e-01
   1.9430316e-01
   1.9565954e-01
   1.9905053e-01
   2.0244150e-01
   2.0447609e-01
   2.0515428e-01
   2.0481519e-01
   2.0311971e-01
   2.0040692e-01
   1.9769413e-01
   1.9430316e-01
   1.8955578e-01
   1.8413021e-01
   1.7836554e-01
   1.7429637e-01
   1.7226178e-01
   1.7260089e-01
   1.7565276e-01
   1.7972194e-01
   1.8311292e-01
   1.8379111e-01
   1.8107833e-01
   1.7429637e-01
   1.6547982e-01
   1.5598508e-01
   1.4750763e-01
   1.4174296e-01
   1.3869108e-01
   1.3936928e-01
   1.4377755e-01
   1.5123771e-01
   1.6276704e-01
   1.7734825e-01
   1.9599864e-01
   2.1668361e-01
   2.3872500e-01
   2.5873177e-01
   2.7534758e-01
   2.8721601e-01
   2.9264157e-01
   2.9264158e-01
   2.8721600e-01
   2.7772125e-01
   2.6483553e-01
   2.4923703e-01
   2.3228213e-01
   2.1498813e-01
   1.9938962e-01
   1.8718209e-01
   1.8141743e-01
   1.8209562e-01
   1.8989488e-01
   2.0345880e-01
   2.2109189e-01
   2.4008138e-01
   2.5771448e-01
   2.7399118e-01
   2.8823329e-01
   3.0111902e-01
   3.1298745e-01
   3.2485588e-01
   3.3536792e-01
   3.4486267e-01
   3.5130553e-01
   3.5503561e-01
   3.5537470e-01
   3.5266192e-01
   3.4757545e-01
   3.4045438e-01
   3.3197694e-01
   3.2180400e-01
   3.1095286e-01
   3.0044083e-01
   2.9128518e-01
   2.8552052e-01
   2.8518142e-01
   2.9094609e-01
   3.0383180e-01
   3.2146490e-01
   3.4214988e-01
   3.6317395e-01
   3.8080705e-01
   3.9403187e-01
   4.0115293e-01
   4.0149203e-01
   3.9437097e-01
   3.8114615e-01
   3.6283486e-01
   3.4113259e-01
   3.1841302e-01
   2.9738895e-01
   2.8043404e-01
   2.6924381e-01
   2.6517463e-01
   2.6585283e-01
   2.7060020e-01
   2.7670397e-01
   2.8246863e-01
   2.8687690e-01
   2.9026789e-01
   2.9298067e-01
   2.9569345e-01
   2.9772804e-01
   2.9704984e-01
   2.9094609e-01
   2.7704306e-01
   2.5466259e-01
   2.2685655e-01
   1.9972872e-01
   1.8209562e-01
   1.8446931e-01
   2.1600543e-01
   2.8145134e-01
   3.8114614e-01
   5.0695151e-01
   6.4665988e-01
   7.8263818e-01
   8.9691420e-01
   9.7287215e-01
   1.0000000e+00
   9.7388945e-01
   8.9928789e-01
   7.8738555e-01
   6.5547643e-01
   5.2356731e-01
   4.0793489e-01
   3.2282130e-01
   2.7466938e-01
   2.6144455e-01
   2.7704307e-01
   3.1061377e-01
   3.5028823e-01
   3.8657172e-01
   4.1336046e-01
   4.2895897e-01
   4.3370634e-01
   4.3099355e-01
   4.2353340e-01
   4.1403865e-01
   4.0352662e-01
   3.9267547e-01
   3.8148524e-01
   3.7063411e-01
   3.6046117e-01
   3.5198372e-01
   3.4655815e-01
   3.4486267e-01
   3.4621906e-01
   3.5130553e-01
   3.5808748e-01
   3.6724313e-01
   3.7741607e-01
   3.8758901e-01
   3.9708376e-01
   4.0454391e-01
   4.0996948e-01
   4.1132587e-01
   4.0963038e-01
   4.0522210e-01
   3.9911835e-01
   3.9233638e-01
   3.8691082e-01
   3.8284164e-01
   3.8046796e-01
   3.7945066e-01
   3.7978975e-01
   3.8114615e-01
   3.8351984e-01
   3.8792811e-01
   3.9471007e-01
   4.0488301e-01
   4.1742964e-01
   4.3065446e-01
   4.4354018e-01
   4.5439131e-01
   4.6151238e-01
   4.6456426e-01
   4.6286876e-01
   4.5676501e-01
   4.4489657e-01
   4.2861986e-01
   4.0691760e-01
   3.8148525e-01
   3.5300102e-01
   3.2553408e-01
   3.0145812e-01
   2.8518142e-01
   2.7772125e-01
   2.8145133e-01
   2.9331977e-01
   3.1230925e-01
   3.3367243e-01
   3.5435741e-01
   3.7131231e-01
   3.8318074e-01
   3.8894541e-01
   3.8826721e-01
   3.8216344e-01
   3.7232960e-01
   3.5944387e-01
   3.4554086e-01
   3.3231604e-01
   3.2078671e-01
   3.1230926e-01
   3.0688369e-01
   3.0383181e-01
   3.0145812e-01
   2.9806714e-01
   2.9399797e-01
   2.8789420e-01
   2.8111224e-01
   2.7433028e-01
   2.6992200e-01
   2.6788742e-01
   2.6856561e-01
   2.7060020e-01
   2.7365208e-01
   2.7534757e-01
   2.7602577e-01
   2.7500848e-01
   2.7229569e-01
   2.6958291e-01
   2.6551374e-01
   2.6076636e-01
   2.5500169e-01
   2.4788064e-01
   2.3974229e-01
   2.3194303e-01
   2.2651746e-01
   2.2516107e-01
   2.2923024e-01
   2.3838589e-01
   2.5296711e-01
   2.7060020e-01
   2.8891150e-01
   3.0620549e-01
   3.1909121e-01
   3.2655137e-01
   3.2722957e-01
   3.1943032e-01
   3.0349270e-01
   2.7941675e-01
   2.4991522e-01
   2.1770091e-01
   1.8718209e-01
   1.6174974e-01
   1.4581214e-01
   1.4038658e-01
   1.4513394e-01
   1.5801967e-01
   1.7497456e-01
   1.9362495e-01
   2.1024076e-01
   2.2414377e-01
   2.3465581e-01
   2.4245507e-01
   2.4889793e-01
   2.5432350e-01
   2.5940997e-01
   2.6449644e-01
   2.6890471e-01
   2.7297388e-01
   2.7704307e-01
   2.8145134e-01
   2.8552051e-01
   2.8891150e-01
   2.9128518e-01
   2.9026789e-01
   2.8653781e-01
   2.7975585e-01
   2.7026111e-01
   2.5940997e-01
   2.4923703e-01
   2.4042048e-01
   2.3363852e-01
   2.2923025e-01
   2.2651746e-01
   2.2583926e-01
   2.2753476e-01
   2.3126484e-01
   2.3702950e-01
   2.4516785e-01
   2.5398440e-01
   2.6246185e-01
   2.6788742e-01
   2.6958291e-01
   2.6720922e-01
   2.6212275e-01
   2.5534079e-01
   2.4957612e-01
   2.4618515e-01
   2.4652425e-01
   2.5093252e-01
   2.5805358e-01
   2.6788742e-01
   2.7941675e-01
   2.9196337e-01
   3.0484910e-01
   3.1739573e-01
   3.2892506e-01
   3.3740251e-01
   3.4113259e-01
   3.4011529e-01
   3.3435062e-01
   3.2417768e-01
   3.1197016e-01
   2.9976263e-01
   2.8891150e-01
   2.8043404e-01
   2.7399118e-01
   2.6958291e-01
   2.6551373e-01
   2.6212275e-01
   2.5839267e-01
   2.5534080e-01
   2.5228891e-01
   2.4889793e-01
   2.4550695e-01
   2.4143777e-01
   2.3669040e-01
   2.3194303e-01
   2.2889115e-01
   2.2821295e-01
   2.3228213e-01
   2.4075958e-01
   2.5228890e-01
   2.6551373e-01
   2.7738216e-01
   2.8585961e-01
   2.8891150e-01
   2.8619871e-01
   2.7806035e-01
   2.6449644e-01
   2.4754154e-01
   2.2821295e-01
   2.0651068e-01
   1.8480840e-01
   1.6378433e-01
   1.4581214e-01
   1.3292641e-01
   1.2648355e-01
   1.2783995e-01
   1.3597829e-01
   1.4988132e-01
   1.6649712e-01
   1.8446931e-01
   2.0142421e-01
   2.1566633e-01
   2.2651746e-01
   2.3465581e-01
   2.3906409e-01
   2.3906409e-01
   2.3533401e-01
   2.2685656e-01
   2.1532723e-01
   2.0142420e-01
   1.8819939e-01
   1.7768736e-01
   1.7226178e-01
   1.7260088e-01
   1.7802645e-01
   1.8819939e-01
   2.0108511e-01
   2.1532723e-01
   2.2855205e-01
   2.4075958e-01
   2.4991522e-01
   2.5534080e-01
   2.5534080e-01
   2.4923703e-01
   2.3702950e-01
   2.1973551e-01
   1.9871142e-01
   1.7667006e-01
   1.5700237e-01
   1.4208206e-01
   1.3224821e-01
   1.2817904e-01
   1.2851814e-01
   1.3157003e-01
   1.3665649e-01
   1.4309935e-01
   1.5089861e-01
   1.6073245e-01
   1.7226179e-01
   1.8480840e-01
   1.9769413e-01
   2.0922347e-01
   2.1871821e-01
   2.2448287e-01
   2.2651746e-01
   2.2482197e-01
   2.2007460e-01
   2.1261444e-01
   2.0278060e-01
   1.9091217e-01
   1.7802645e-01
   1.6683621e-01
   1.5801966e-01
   1.5428959e-01
   1.5700237e-01
   1.6649712e-01
   1.8073923e-01
   1.9837233e-01
   2.1532722e-01
   2.2923025e-01
   2.3804679e-01
   2.4143778e-01
   2.3872499e-01
   2.3194303e-01
   2.2210919e-01
   2.0956257e-01
   1.9599864e-01
   1.8277382e-01
   1.7022719e-01
   1.6073245e-01
   1.5462868e-01
   1.5361139e-01
   1.5768057e-01
   1.6717531e-01
   1.8006104e-01
   1.9498134e-01
   2.1091895e-01
   2.2719566e-01
   2.4313326e-01
   2.5805358e-01
   2.7195660e-01
   2.8416412e-01
   2.9298067e-01
   2.9637165e-01
   2.9298067e-01
   2.8314683e-01
   2.6653102e-01
   2.4618514e-01
   2.2448288e-01
   2.0413700e-01
   1.8684300e-01
   1.7497457e-01
   1.6751441e-01
   1.6514073e-01
   1.6751441e-01
   1.7395727e-01
   1.8480841e-01
   1.9938963e-01
   2.1702272e-01
   2.3601220e-01
   2.5534079e-01
   2.7297389e-01
   2.8687690e-01
   2.9772805e-01
   3.0417091e-01
   3.0688369e-01
   3.0552730e-01
   3.0010173e-01
   2.8992879e-01
   2.7568667e-01
   2.5839267e-01
   2.3940318e-01
   2.2177009e-01
   2.0854527e-01
   2.0244150e-01
   2.0549338e-01
   2.1634452e-01
   2.3431671e-01
   2.5567989e-01
   2.7806036e-01
   2.9806714e-01
   3.1366564e-01
   3.2451679e-01
   3.2960325e-01
   3.2892505e-01
   3.2282130e-01
   3.1163106e-01
   2.9671075e-01
   2.7941675e-01
   2.6280095e-01
   2.4855883e-01
   2.3872499e-01
   2.3533401e-01
   2.3770770e-01
   2.4448965e-01
   2.5466260e-01
   2.6517463e-01
   2.7534757e-01
   2.8314683e-01
   2.8823330e-01
   2.8958969e-01
   2.8653781e-01
   2.7941675e-01
   2.6687012e-01
   2.4991523e-01
   2.2990844e-01
   2.0922346e-01
   1.9023398e-01
   1.7565276e-01
   1.6683621e-01
   1.6480162e-01
   1.6785351e-01
   1.7429637e-01
   1.8277382e-01
   1.9125127e-01
   1.9972872e-01
   2.0752797e-01
   2.1532722e-01
   2.2346558e-01
   2.3126484e-01
   2.3770770e-01
   2.4347236e-01
   2.4788064e-01
   2.5059342e-01
   2.5330620e-01
   2.5601898e-01
   2.6042727e-01
   2.6551373e-01
   2.7229569e-01
   2.7907765e-01
   2.8653781e-01
   2.9331977e-01
   3.0044083e-01
   3.0756189e-01
   3.1366565e-01
   3.1807393e-01
   3.1909122e-01
   3.1434384e-01
   3.0383181e-01
   2.8789420e-01
   2.6720922e-01
   2.4584605e-01
   2.2651746e-01
   2.1329264e-01
   2.0684978e-01
   2.0888436e-01
   2.1770091e-01
   2.3228213e-01
   2.4991522e-01
   2.6924381e-01
   2.8823329e-01
   3.0484910e-01
   3.1773483e-01
   3.2553408e-01
   3.2689047e-01
   3.2146490e-01
   3.0993557e-01
   2.9365887e-01
   2.7500847e-01
   2.5635808e-01
   2.3940318e-01
   2.2550016e-01
   2.1430993e-01
   2.0583249e-01
   1.9837233e-01
   1.9226856e-01
   1.8616480e-01
   1.8209562e-01
   1.7904374e-01
   1.7836555e-01
   1.7802645e-01
   1.7870465e-01
   1.7904374e-01
   1.7870465e-01
   1.7802645e-01
   1.7802645e-01
   1.8040013e-01
   1.8514751e-01
   1.9294676e-01
   2.0345880e-01
   2.1498813e-01
   2.2685656e-01
   2.3838589e-01
   2.4889793e-01
   2.5873177e-01
   2.6687012e-01
   2.7331299e-01
   2.7738216e-01
   2.7738216e-01
   2.7195659e-01
   2.6144456e-01
   2.4618514e-01
   2.2787385e-01
   2.0922346e-01
   1.9294677e-01
   1.8107833e-01
   1.7395727e-01
   1.7327908e-01
   1.7768735e-01
   1.8786029e-01
   2.0210241e-01
   2.2075279e-01
   2.4177687e-01
   2.6347914e-01
   2.8382502e-01
   3.0010173e-01
   3.0959647e-01
   3.1197016e-01
   3.0654459e-01
   2.9535436e-01
   2.8043404e-01
   2.6483553e-01
   2.5059342e-01
   2.3974229e-01
   2.3228213e-01
   2.2889115e-01
   2.2855206e-01
   2.3228213e-01
   2.3872500e-01
   2.4754154e-01
   2.5771448e-01
   2.6754831e-01
   2.7602577e-01
   2.8111224e-01
   2.8314682e-01
   2.8280773e-01
   2.8145133e-01
   2.8145133e-01
   2.8382502e-01
   2.8857240e-01
   2.9569345e-01
   3.0281452e-01
   3.0790099e-01
   3.0993556e-01
   3.0824008e-01
   3.0383181e-01
   2.9840623e-01
   2.9501526e-01
   2.9501526e-01
   2.9874533e-01
   3.0756188e-01
   3.2078671e-01
   3.3672431e-01
   3.5435740e-01
   3.7232960e-01
   3.8860631e-01
   4.0115293e-01
   4.0759579e-01
   4.0657849e-01
   3.9708375e-01
   3.7911157e-01
   3.5537470e-01
   3.2892506e-01
   3.0281451e-01
   2.7975585e-01
   2.6246185e-01
   2.5161072e-01
   2.4788063e-01
   2.5025433e-01
   2.5907087e-01
   2.7297389e-01
   2.9196337e-01
   3.1400474e-01
   3.3740251e-01
   3.5944387e-01
   3.7741607e-01
   3.8894540e-01
   3.9165819e-01
   3.8724991e-01
   3.7572058e-01
   3.6046117e-01
   3.4350628e-01
   3.2790776e-01
   3.1434385e-01
   3.0383181e-01
   2.9772805e-01
   2.9433706e-01
   2.9569345e-01
   3.0010173e-01
   3.0824008e-01
   3.1841302e-01
   3.2960326e-01
   3.3841981e-01
   3.4248898e-01
   3.3977619e-01
   3.2926415e-01
   3.1027467e-01
   2.8484232e-01
   2.5398440e-01
   2.1905730e-01
   1.8243472e-01
   1.4581214e-01
   1.1122414e-01
   8.0027124e-02
   5.5272969e-02
   3.8318078e-02
   3.0179723e-02
   3.0857918e-02
   3.8996266e-02
   5.2221084e-02
   6.8158696e-02
   8.4435399e-02
   1.0003391e-01
   1.1393693e-01
   1.2614445e-01
   1.3733468e-01
   1.4615124e-01
   1.5293319e-01
   1.5564598e-01
   1.5462869e-01
   1.4920311e-01
   1.4038657e-01
   1.2987453e-01
   1.1902340e-01
   1.1054594e-01
   1.0410308e-01
   1.0037301e-01
   9.9016614e-02
   9.9016614e-02
   1.0071211e-01
   1.0410308e-01
   1.0986775e-01
   1.1868430e-01
   1.2987453e-01
   1.4242116e-01
   1.5564598e-01
   1.6751441e-01
   1.7599186e-01
   1.8073923e-01
   1.8141743e-01
   1.7904375e-01
   1.7260089e-01
   1.6378433e-01
   1.5225501e-01
   1.3835198e-01
   1.2343167e-01
   1.0952865e-01
   9.8677517e-02
   9.3591047e-02
   9.5625632e-02
   1.0512038e-01
   1.2207528e-01
   1.4343845e-01
   1.6683621e-01
   1.8955578e-01
   2.0922346e-01
   2.2448287e-01
   2.3431672e-01
   2.3872500e-01
   2.3872499e-01
   2.3296032e-01
   2.2380468e-01
   2.1091895e-01
   1.9701594e-01
   1.8446931e-01
   1.7531367e-01
   1.7192268e-01
   1.7463547e-01
   1.8311292e-01
   1.9532045e-01
   2.0956256e-01
   2.2312649e-01
   2.3499491e-01
   2.4448965e-01
   2.5127162e-01
   2.5669719e-01
   2.6008817e-01
   2.6144456e-01
   2.6042726e-01
   2.5635809e-01
   2.4889793e-01
   2.3906409e-01
   2.2719566e-01
   2.1532723e-01
   2.0413700e-01
   1.9464225e-01
   1.8752120e-01
   1.8379112e-01
   1.8345201e-01
   1.8786029e-01
   1.9735503e-01
   2.1159714e-01
   2.2990844e-01
   2.4991522e-01
   2.6924381e-01
   2.8450322e-01
   2.9331976e-01
   2.9467616e-01
   2.8891150e-01
   2.7738216e-01
   2.6347914e-01
   2.4855883e-01
   2.3465582e-01
   2.2312648e-01
   2.1430994e-01
   2.0820617e-01
   2.0549339e-01
   2.0651067e-01
   2.1295354e-01
   2.2448287e-01
   2.4109867e-01
   2.6144456e-01
   2.8450322e-01
   3.0722278e-01
   3.2790776e-01
   3.4418446e-01
   3.5469651e-01
   3.5944387e-01
   3.5707020e-01
   3.4825364e-01
   3.3265513e-01
   3.1197016e-01
   2.8755511e-01
   2.6178366e-01
   2.3906409e-01
   2.2075280e-01
   2.0956257e-01
   2.0549338e-01
   2.0752797e-01
   2.1329265e-01
   2.2041370e-01
   2.2651746e-01
   2.3126484e-01
   2.3397762e-01
   2.3635131e-01
   2.3906409e-01
   2.4177687e-01
   2.4550695e-01
   2.4889793e-01
   2.5127161e-01
   2.5228890e-01
   2.5127162e-01
   2.4923703e-01
   2.4618515e-01
   2.4313326e-01
   2.3940318e-01
   2.3635131e-01
   2.3296032e-01
   2.3126483e-01
   2.3194303e-01
   2.3567310e-01
   2.4415056e-01
   2.5669719e-01
   2.7229569e-01
   2.8891150e-01
   3.0417090e-01
   3.1603933e-01
   3.2282130e-01
   3.2451679e-01
   3.2180400e-01
   3.1637843e-01
   3.0891827e-01
   3.0111902e-01
   2.9264158e-01
   2.8416412e-01
   2.7636486e-01
   2.6992200e-01
   2.6619192e-01
   2.6585283e-01
   2.6924381e-01
   2.7602577e-01
   2.8518142e-01
   2.9433706e-01
   3.0145812e-01
   3.0552730e-01
   3.0586639e-01
   3.0247541e-01
   2.9637165e-01
   2.8891149e-01
   2.8043404e-01
   2.7127839e-01
   2.6246185e-01
   2.5466260e-01
   2.4821973e-01
   2.4482876e-01
   2.4516786e-01
   2.4923703e-01
   2.5601899e-01
   2.6314005e-01
   2.6924381e-01
   2.7229569e-01
   2.7195659e-01
   2.6856561e-01
   2.6347914e-01
   2.5907087e-01
   2.5703628e-01
   2.5771448e-01
   2.6144455e-01
   2.6754832e-01
   2.7433028e-01
   2.8145133e-01
   2.8755510e-01
   2.9264158e-01
   2.9569345e-01
   2.9637165e-01
   2.9365887e-01
   2.8653781e-01
   2.7568667e-01
   2.6076636e-01
   2.4381146e-01
   2.2617836e-01
   2.1057985e-01
   1.9938963e-01
   1.9226856e-01
   1.9023397e-01
   1.9260766e-01
   1.9837233e-01
   2.0820617e-01
   2.2041370e-01
   2.3635130e-01
   2.5466259e-01
   2.7399118e-01
   2.9365886e-01
   3.1095286e-01
   3.2451679e-01
   3.3299423e-01
   3.3604612e-01
   3.3468973e-01
   3.3062055e-01
   3.2417768e-01
   3.1705663e-01
   3.0993557e-01
   3.0179722e-01
   2.9433706e-01
   2.8721601e-01
   2.8111224e-01
   2.7772125e-01
   2.7704306e-01
   2.7941675e-01
   2.8280773e-01
   2.8653781e-01
   2.8925059e-01
   2.8891150e-01
   2.8585962e-01
   2.8043404e-01
   2.7365208e-01
   2.6653102e-01
   2.6008817e-01
   2.5364530e-01
   2.4788064e-01
   2.4279417e-01
   2.3872499e-01
   2.3736859e-01
   2.3872499e-01
   2.4381146e-01
   2.5262800e-01
   2.6347914e-01
   2.7534757e-01
   2.8518142e-01
   2.9196337e-01
   2.9467616e-01
   2.9433706e-01
   2.9162428e-01
   2.8755510e-01
   2.8348592e-01
   2.7975585e-01
   2.7568668e-01
   2.7195660e-01
   2.6822651e-01
   2.6483553e-01
   2.6246184e-01
   2.6178366e-01
   2.6314005e-01
   2.6585283e-01
   2.6924381e-01
   2.7195659e-01
   2.7365208e-01
   2.7433028e-01
   2.7365208e-01
   2.7297389e-01
   2.7297389e-01
   2.7297389e-01
   2.7365208e-01
   2.7331299e-01
   2.7297389e-01
   2.7263478e-01
   2.7331299e-01
   2.7636486e-01
   2.8314683e-01
   2.9433706e-01
   3.0824008e-01
   3.2349949e-01
   3.3740251e-01
   3.4825364e-01
   3.5435740e-01
   3.5571380e-01
   3.5198372e-01
   3.4418446e-01
   3.3333334e-01
   3.2044761e-01
   3.0451000e-01
   2.8755510e-01
   2.6958291e-01
   2.5228891e-01
   2.3702950e-01
   2.2448288e-01
   2.1702272e-01
   2.1363174e-01
   2.1430994e-01
   2.1804001e-01
   2.2482197e-01
   2.3329942e-01
   2.4381146e-01
   2.5703628e-01
   2.7195659e-01
   2.8857240e-01
   3.0484910e-01
   3.1909122e-01
   3.2994235e-01
   3.3536791e-01
   3.3570702e-01
   3.3197694e-01
   3.2519498e-01
   3.1637844e-01
   3.0722278e-01
   2.9772805e-01
   2.8857240e-01
   2.8009494e-01
   2.7399118e-01
   2.7026110e-01
   2.7026110e-01
   2.7500848e-01
   2.8314683e-01
   2.9399796e-01
   3.0484910e-01
   3.1434385e-01
   3.2044761e-01
   3.2214310e-01
   3.2112580e-01
   3.1807392e-01
   3.1468294e-01
   3.1163106e-01
   3.0891828e-01
   3.0654459e-01
   3.0383181e-01
   3.0010173e-01
   2.9535436e-01
   2.8891150e-01
   2.8179043e-01
   2.7365208e-01
   2.6551373e-01
   2.5737538e-01
   2.4991522e-01
   2.4448965e-01
   2.4211597e-01
   2.4448965e-01
   2.5161072e-01
   2.6347914e-01
   2.7839945e-01
   2.9331977e-01
   3.0484910e-01
   3.0993557e-01
   3.0790098e-01
   2.9806714e-01
   2.8314682e-01
   2.6551373e-01
   2.4821973e-01
   2.3431671e-01
   2.2516107e-01
   2.2244829e-01
   2.2583926e-01
   2.3499491e-01
   2.5025433e-01
   2.6992200e-01
   2.9230247e-01
   3.1502204e-01
   3.3638521e-01
   3.5401831e-01
   3.6622584e-01
   3.7300780e-01
   3.7605968e-01
   3.7741607e-01
   3.7911156e-01
   3.8216344e-01
   3.8758901e-01
   3.9471007e-01
   4.0149203e-01
   4.0657850e-01
   4.0827399e-01
   4.0691760e-01
   4.0250932e-01
   3.9708376e-01
   3.9131908e-01
   3.8555442e-01
   3.8114614e-01
   3.7775517e-01
   3.7605967e-01
   3.7605968e-01
   3.7843336e-01
   3.8351983e-01
   3.9097999e-01
   4.0047473e-01
   4.1064767e-01
   4.1980332e-01
   4.2760258e-01
   4.3336724e-01
   4.3709732e-01
   4.3845371e-01
   4.3879281e-01
   4.3675823e-01
   4.3234994e-01
   4.2488979e-01
   4.1471685e-01
   4.0217023e-01
   3.8894541e-01
   3.7741607e-01
   3.6961682e-01
   3.6758223e-01
   3.7097321e-01
   3.7945066e-01
   3.9064090e-01
   4.0250932e-01
   4.1268226e-01
   4.1980332e-01
   4.2353340e-01
   4.2387250e-01
   4.2048151e-01
   4.1437775e-01
   4.0657850e-01
   3.9742285e-01
   3.8894541e-01
   3.8284164e-01
   3.8046795e-01
   3.8351983e-01
   3.9097999e-01
   4.0250932e-01
   4.1539505e-01
   4.2726347e-01
   4.3608002e-01
   4.4048830e-01
   4.4048830e-01
   4.3777552e-01
   4.3336724e-01
   4.2895897e-01
   4.2488979e-01
   4.2149881e-01
   4.1776873e-01
   4.1302136e-01
   4.0691760e-01
   3.9945744e-01
   3.9131909e-01
   3.8351984e-01
   3.7605968e-01
   3.6893863e-01
   3.6249576e-01
   3.5639199e-01
   3.5130553e-01
   3.4689725e-01
   3.4418446e-01
   3.4384537e-01
   3.4587996e-01
   3.4927094e-01
   3.5334012e-01
   3.5740929e-01
   3.6012207e-01
   3.6181756e-01
   3.6181756e-01
   3.6113937e-01
   3.5978297e-01
   3.5774839e-01
   3.5435740e-01
   3.4961004e-01
   3.4316717e-01
   3.3638521e-01
   3.3028145e-01
   3.2553408e-01
   3.2417769e-01
   3.2485588e-01
   3.2689047e-01
   3.2790776e-01
   3.2587318e-01
   3.1875211e-01
   3.0654459e-01
   2.8992879e-01
   2.6992200e-01
   2.5025432e-01
   2.3126483e-01
   2.1498813e-01
   2.0176331e-01
   1.9192947e-01
   1.8480841e-01
   1.8107833e-01
   1.8006104e-01
   1.8209562e-01
   1.8684300e-01
   1.9294676e-01
   1.9972872e-01
   2.0549338e-01
   2.1091895e-01
   2.1566632e-01
   2.2075280e-01
   2.2685656e-01
   2.3465581e-01
   2.4381146e-01
   2.5262800e-01
   2.5907087e-01
   2.6144455e-01
   2.5771448e-01
   2.4855883e-01
   2.3465581e-01
   2.1804001e-01
   2.0074602e-01
   1.8480841e-01
   1.7158359e-01
   1.6174974e-01
   1.5462869e-01
   1.5089861e-01
   1.5022041e-01
   1.5293319e-01
   1.5801967e-01
   1.6547982e-01
   1.7429637e-01
   1.8277382e-01
   1.9091217e-01
   1.9837233e-01
   2.0583249e-01
   2.1397084e-01
   2.2346558e-01
   2.3431671e-01
   2.4550695e-01
   2.5567989e-01
   2.6246185e-01
   2.6483554e-01
   2.6178365e-01
   2.5500169e-01
   2.4652425e-01
   2.3804679e-01
   2.3296032e-01
   2.3228213e-01
   2.3702950e-01
   2.4618515e-01
   2.5974906e-01
   2.7670396e-01
   2.9535436e-01
   3.1502204e-01
   3.3367243e-01
   3.4893184e-01
   3.5944387e-01
   3.6317395e-01
   3.5944388e-01
   3.4859274e-01
   3.3367243e-01
   3.1739573e-01
   3.0213631e-01
   2.9094609e-01
   2.8484232e-01
   2.8382502e-01
   2.8653781e-01
   2.9162428e-01
   2.9772805e-01
   3.0484910e-01
   3.1230926e-01
   3.2044761e-01
   3.2892506e-01
   3.3706341e-01
   3.4350627e-01
   3.4825365e-01
   3.5028823e-01
   3.4961003e-01
   3.4723635e-01
   3.4316718e-01
   3.3841980e-01
   3.3299424e-01
   3.2689047e-01
   3.2112581e-01
   3.1536114e-01
   3.1163106e-01
   3.1163106e-01
   3.1603934e-01
   3.2621227e-01
   3.4181078e-01
   3.6080027e-01
   3.8148525e-01
   3.9979654e-01
   4.1471685e-01
   4.2353340e-01
   4.2658528e-01
   4.2387250e-01
   4.1641234e-01
   4.0488301e-01
   3.9030180e-01
   3.7470328e-01
   3.5876569e-01
   3.4350627e-01
   3.3163785e-01
   3.2383858e-01
   3.2112580e-01
   3.2316040e-01
   3.2926416e-01
   3.3808070e-01
   3.4757545e-01
   3.5740929e-01
   3.6588674e-01
   3.7368599e-01
   3.8046796e-01
   3.8589352e-01
   3.8996270e-01
   3.9064089e-01
   3.8792811e-01
   3.8080705e-01
   3.7063411e-01
   3.5808748e-01
   3.4587995e-01
   3.3570701e-01
   3.2892505e-01
   3.2587318e-01
   3.2519498e-01
   3.2689048e-01
   3.2892506e-01
   3.3129874e-01
   3.3367243e-01
   3.3604612e-01
   3.3875890e-01
   3.4113259e-01
   3.4350628e-01
   3.4452357e-01
   3.4418446e-01
   3.4248898e-01
   3.3943709e-01
   3.3672431e-01
   3.3401153e-01
   3.3163784e-01
   3.3028144e-01
   3.2824686e-01
   3.2587318e-01
   3.2349949e-01
   3.2146490e-01
   3.2112580e-01
   3.2383858e-01
   3.2960326e-01
   3.3774160e-01
   3.4689725e-01
   3.5469651e-01
   3.5944387e-01
   3.6012207e-01
   3.5571379e-01
   3.4757545e-01
   3.3672431e-01
   3.2451679e-01
   3.1163106e-01
   2.9874534e-01
   2.8619871e-01
   2.7365208e-01
   2.6246184e-01
   2.5330620e-01
   2.4720243e-01
   2.4516786e-01
   2.4686334e-01
   2.5228890e-01
   2.6042727e-01
   2.7026111e-01
   2.8145133e-01
   2.9365886e-01
   3.0654459e-01
   3.2010851e-01
   3.3367243e-01
   3.4587996e-01
   3.5435740e-01
   3.5774839e-01
   3.5469650e-01
   3.4486266e-01
   3.2926416e-01
   3.0925738e-01
   2.8653781e-01
   2.6449644e-01
   2.4381146e-01
   2.2719566e-01
   2.1430994e-01
   2.0718888e-01
   2.0718888e-01
   2.1295354e-01
   2.2482197e-01
   2.4075958e-01
   2.5839267e-01
   2.7433028e-01
   2.8518142e-01
   2.8992879e-01
   2.8721600e-01
   2.7873855e-01
   2.6687013e-01
   2.5296711e-01
   2.3940318e-01
   2.2719566e-01
   2.1566633e-01
   2.0515429e-01
   1.9464225e-01
   1.8446931e-01
   1.7463546e-01
   1.6683621e-01
   1.6073245e-01
   1.5666327e-01
   1.5496779e-01
   1.5428959e-01
   1.5361140e-01
   1.5293320e-01
   1.5157681e-01
   1.4954222e-01
   1.4716854e-01
   1.4309935e-01
   1.3801289e-01
   1.3123092e-01
   1.2377077e-01
   1.1664971e-01
   1.1224143e-01
   1.1224143e-01
   1.1902340e-01
   1.3190912e-01
   1.4988132e-01
   1.7056629e-01
   1.8921668e-01
   2.0345880e-01
   2.0990166e-01
   2.0854527e-01
   1.9905052e-01
   1.8446931e-01
   1.6717532e-01
   1.4920312e-01
   1.3326551e-01
   1.2139708e-01
   1.1427602e-01
   1.1427602e-01
   1.2139709e-01
   1.3597830e-01
   1.5666327e-01
   1.8277382e-01
   2.1057986e-01
   2.3702950e-01
   2.5873177e-01
   2.7399117e-01
   2.8145134e-01
   2.8145134e-01
   2.7433028e-01
   2.6212275e-01
   2.4618514e-01
   2.2787385e-01
   2.0922347e-01
   1.9159037e-01
   1.7667006e-01
   1.6615802e-01
   1.6107155e-01
   1.6107155e-01
   1.6547982e-01
   1.7192269e-01
   1.7904375e-01
   1.8514751e-01
   1.9023398e-01
   1.9498135e-01
   2.0040692e-01
   2.0888436e-01
   2.2041369e-01
   2.3533401e-01
   2.5161072e-01
   2.6720922e-01
   2.7975585e-01
   2.8857240e-01
   2.9196337e-01
   2.9094608e-01
   2.8585961e-01
   2.7772126e-01
   2.6754832e-01
   2.5669718e-01
   2.4482875e-01
   2.3431671e-01
   2.2482197e-01
   2.1871821e-01
   2.1532722e-01
   2.1532723e-01
   2.1770091e-01
   2.2075279e-01
   2.2346558e-01
   2.2482197e-01
   2.2448287e-01
   2.2346559e-01
   2.2278738e-01
   2.2380468e-01
   2.2617837e-01
   2.2990844e-01
   2.3329942e-01
   2.3499492e-01
   2.3431672e-01
   2.3058663e-01
   2.2414377e-01
   2.1600543e-01
   2.0684978e-01
   1.9769413e-01
   1.8853849e-01
   1.7972194e-01
   1.7158359e-01
   1.6547982e-01
   1.6174974e-01
   1.6242795e-01
   1.6853170e-01
   1.7938284e-01
   1.9498135e-01
   2.1295355e-01
   2.3194302e-01
   2.5025432e-01
   2.6687013e-01
   2.8111224e-01
   2.9365887e-01
   3.0417091e-01
   3.1197016e-01
   3.1603933e-01
   3.1570024e-01
   3.1095286e-01
   3.0077992e-01
   2.8755510e-01
   2.7263479e-01
   2.5873177e-01
   2.4686334e-01
   2.3872499e-01
   2.3465581e-01
   2.3499492e-01
   2.3940318e-01
   2.4686334e-01
   2.5737538e-01
   2.7060020e-01
   2.8416412e-01
   2.9671075e-01
