   0.0000000e+00
   9.1335093e-02
   2.0179773e-01
   3.1208997e-01
   4.0542728e-01
   4.7103178e-01
   5.0583624e-01
   5.1410071e-01
   5.0498424e-01
   4.8917952e-01
   4.7605862e-01
   4.7098918e-01
   4.7499361e-01
   4.8508989e-01
   4.9608077e-01
   5.0238562e-01
   4.9991480e-01
   4.8692170e-01
   4.6430093e-01
   4.3524751e-01
   4.0419187e-01
   3.7607566e-01
   3.5532930e-01
   3.4506262e-01
   3.4663883e-01
   3.5946153e-01
   3.8101730e-01
   4.0742950e-01
   4.3409730e-01
   4.5659027e-01
   4.7158558e-01
   4.7729403e-01
   4.7414160e-01
   4.6400273e-01
   4.4998722e-01
   4.3550311e-01
   4.2357502e-01
   4.1603476e-01
   4.1377694e-01
   4.1654597e-01
   4.2344722e-01
   4.3316009e-01
   4.4419358e-01
   4.5509926e-01
   4.6447133e-01
   4.7107438e-01
   4.7388600e-01
   4.7260799e-01
   4.6732555e-01
   4.5901849e-01
   4.4900741e-01
   4.3903894e-01
   4.3043367e-01
   4.2421402e-01
   4.2063560e-01
   4.1961319e-01
   4.2037999e-01
   4.2216921e-01
   4.2429922e-01
   4.2608844e-01
   4.2689784e-01
   4.2617364e-01
   4.2331942e-01
   4.1803698e-01
   4.1049672e-01
   4.0116725e-01
   3.9119877e-01
   3.8186930e-01
   3.7441425e-01
   3.6960041e-01
   3.6751299e-01
   3.6751299e-01
   3.6849280e-01
   3.6930221e-01
   3.6900400e-01
   3.6742779e-01
   3.6448837e-01
   3.6078214e-01
   3.5673511e-01
   3.5281588e-01
   3.4923745e-01
   3.4625543e-01
   3.4412541e-01
   3.4323081e-01
   3.4408281e-01
   3.4689444e-01
   3.5145267e-01
   3.5711851e-01
   3.6274176e-01
   3.6691659e-01
   3.6862060e-01
   3.6721479e-01
   3.6295476e-01
   3.5660731e-01
   3.4936525e-01
   3.4246400e-01
   3.3688336e-01
   3.3330493e-01
   3.3211212e-01
   3.3351793e-01
   3.3794837e-01
   3.4565903e-01
   3.5669251e-01
   3.7058022e-01
   3.8612933e-01
   4.0167845e-01
   4.1509755e-01
   4.2446963e-01
   4.2851666e-01
   4.2689784e-01
   4.2037999e-01
   4.1049672e-01
   3.9920763e-01
   3.8847235e-01
   3.7999489e-01
   3.7513845e-01
   3.7492545e-01
   3.7995229e-01
   3.9051717e-01
   4.0632189e-01
   4.2647184e-01
   4.4922041e-01
   4.7226719e-01
   4.9292835e-01
   5.0873307e-01
   5.1801994e-01
   5.2019255e-01
   5.1576212e-01
   5.0617705e-01
   4.9356735e-01
   4.7997785e-01
   4.6732555e-01
   4.5697367e-01
   4.5007242e-01
   4.4730340e-01
   4.4900741e-01
   4.5518446e-01
   4.6532334e-01
   4.7831643e-01
   4.9263014e-01
   5.0617705e-01
   5.1716793e-01
   5.2411178e-01
   5.2636960e-01
   5.2385618e-01
   5.1742353e-01
   5.0809406e-01
   4.9723098e-01
   4.8598449e-01
   4.7554741e-01
   4.6677175e-01
   4.6050950e-01
   4.5735708e-01
   4.5765528e-01
   4.6119110e-01
   4.6728295e-01
   4.7461021e-01
   4.8176706e-01
   4.8734770e-01
   4.9037233e-01
   4.9071313e-01
   4.8883871e-01
   4.8551589e-01
   4.8189486e-01
   4.7869984e-01
   4.7631422e-01
   4.7486581e-01
   4.7414160e-01
   4.7392860e-01
   4.7397120e-01
   4.7409900e-01
   4.7431200e-01
   4.7431200e-01
   4.7371560e-01
   4.7218199e-01
   4.6954077e-01
   4.6609014e-01
   4.6234131e-01
   4.5923149e-01
   4.5769788e-01
   4.5833688e-01
   4.6106330e-01
   4.6523813e-01
   4.6966857e-01
   4.7328960e-01
   4.7503621e-01
   4.7439720e-01
   4.7137258e-01
   4.6634574e-01
   4.5995569e-01
   4.5292664e-01
   4.4585499e-01
   4.3946494e-01
   4.3448070e-01
   4.3179688e-01
   4.3209508e-01
   4.3567351e-01
   4.4223396e-01
   4.5071142e-01
   4.5931669e-01
   4.6596234e-01
   4.6860356e-01
   4.6587714e-01
   4.5735708e-01
   4.4363977e-01
   4.2613104e-01
   4.0683309e-01
   3.8791855e-01
   3.7147482e-01
   3.5916333e-01
   3.5226208e-01
   3.5158047e-01
   3.5716111e-01
   3.6819460e-01
   3.8314731e-01
   3.9963364e-01
   4.1492715e-01
   4.2638664e-01
   4.3196728e-01
   4.3073187e-01
   4.2314902e-01
   4.1062452e-01
   3.9541621e-01
   3.7990969e-01
   3.6632018e-01
   3.5635171e-01
   3.5098407e-01
   3.5077107e-01
   3.5567010e-01
   3.6542558e-01
   3.7910028e-01
   3.9528840e-01
   4.1215813e-01
   4.2745165e-01
   4.3895374e-01
   4.4496038e-01
   4.4457698e-01
   4.3805913e-01
   4.2672744e-01
   4.1237113e-01
   3.9724802e-01
   3.8323251e-01
   3.7185823e-01
   3.6419017e-01
   3.6086734e-01
   3.6210275e-01
   3.6806680e-01
   3.7837608e-01
   3.9226378e-01
   4.0832410e-01
   4.2464003e-01
   4.3903894e-01
   4.4943341e-01
   4.5437505e-01
   4.5335265e-01
   4.4683479e-01
   4.3609951e-01
   4.2297861e-01
   4.0943171e-01
   3.9716282e-01
   3.8762035e-01
   3.8161370e-01
   3.7952628e-01
   3.8114510e-01
   3.8591633e-01
   3.9247678e-01
   3.9933543e-01
   4.0466047e-01
   4.0700349e-01
   4.0525688e-01
   3.9933543e-01
   3.8992076e-01
   3.7837608e-01
   3.6632018e-01
   3.5515890e-01
   3.4578683e-01
   3.3845957e-01
   3.3300673e-01
   3.2917270e-01
   3.2653148e-01
   3.2504047e-01
   3.2457187e-01
   3.2508307e-01
   3.2619068e-01
   3.2738349e-01
   3.2789469e-01
   3.2721309e-01
   3.2508307e-01
   3.2197325e-01
   3.1856522e-01
   3.1588140e-01
   3.1477379e-01
   3.1545540e-01
   3.1767061e-01
   3.2069524e-01
   3.2363466e-01
   3.2580728e-01
   3.2674448e-01
   3.2627588e-01
   3.2465707e-01
   3.2188805e-01
   3.1835222e-01
   3.1421999e-01
   3.0995995e-01
   3.0638153e-01
   3.0463491e-01
   3.0599812e-01
   3.1136577e-01
   3.2107864e-01
   3.3445514e-01
   3.4979126e-01
   3.6491437e-01
   3.7748147e-01
   3.8561813e-01
   3.8838715e-01
   3.8591633e-01
   3.7905768e-01
   3.6943001e-01
   3.5882253e-01
   3.4881145e-01
   3.4093039e-01
   3.3620175e-01
   3.3552015e-01
   3.3922638e-01
   3.4706484e-01
   3.5809832e-01
   3.7075062e-01
   3.8301951e-01
   3.9264718e-01
   3.9805742e-01
   3.9827043e-01
   3.9358439e-01
   3.8514953e-01
   3.7484025e-01
   3.6457357e-01
   3.5622391e-01
   3.5102667e-01
   3.4970606e-01
   3.5260288e-01
   3.5967453e-01
   3.7049502e-01
   3.8442532e-01
   4.0023004e-01
   4.1620516e-01
   4.3034847e-01
   4.4052995e-01
   4.4525858e-01
   4.4372497e-01
   4.3639772e-01
   4.2451223e-01
   4.1024112e-01
   3.9592741e-01
   3.8374372e-01
   3.7535145e-01
   3.7173042e-01
   3.7347704e-01
   3.8046349e-01
   3.9234898e-01
   4.0828150e-01
   4.2677004e-01
   4.4585499e-01
   4.6323592e-01
   4.7661242e-01
   4.8415268e-01
   4.8496209e-01
   4.7916844e-01
   4.6813496e-01
   4.5403425e-01
   4.3925194e-01
   4.2596064e-01
   4.1594956e-01
   4.1015592e-01
   4.0896311e-01
   4.1228593e-01
   4.1944279e-01
   4.2949646e-01
   4.4104115e-01
   4.5258584e-01
   4.6238391e-01
   4.6902956e-01
   4.7175598e-01
   4.7060578e-01
   4.6655875e-01
   4.6148931e-01
   4.5731447e-01
   4.5565306e-01
   4.5744228e-01
   4.6255432e-01
   4.7017977e-01
   4.7882764e-01
   4.8717730e-01
   4.9412116e-01
   4.9906279e-01
   5.0187441e-01
   5.0268382e-01
   5.0161881e-01
   4.9902019e-01
   4.9531396e-01
   4.9101133e-01
   4.8683650e-01
   4.8364147e-01
   4.8219306e-01
   4.8274687e-01
   4.8513249e-01
   4.8849791e-01
   4.9165034e-01
   4.9348215e-01
   4.9305615e-01
   4.9011672e-01
   4.8491948e-01
   4.7827383e-01
   4.7103178e-01
   4.6404533e-01
   4.5808128e-01
   4.5382125e-01
   4.5164863e-01
   4.5211724e-01
   4.5552526e-01
   4.6165971e-01
   4.7009457e-01
   4.7959444e-01
   4.8845531e-01
   4.9484536e-01
   4.9718838e-01
   4.9458976e-01
   4.8700690e-01
   4.7533441e-01
   4.6106330e-01
   4.4589759e-01
   4.3175428e-01
   4.2008179e-01
   4.1224333e-01
   4.0913351e-01
   4.1139133e-01
   4.1910198e-01
   4.3183948e-01
   4.4828321e-01
   4.6630314e-01
   4.8317287e-01
   4.9612337e-01
   5.0264122e-01
   5.0132061e-01
   4.9211894e-01
   4.7605862e-01
   4.5539746e-01
   4.3277669e-01
   4.1109312e-01
   3.9277498e-01
   3.7978189e-01
   3.7339184e-01
   3.7428644e-01
   3.8229530e-01
   3.9652381e-01
   4.1518276e-01
   4.3567351e-01
   4.5501406e-01
   4.7017977e-01
   4.7878504e-01
   4.7959444e-01
   4.7260799e-01
   4.5923149e-01
   4.4176536e-01
   4.2297861e-01
   4.0551248e-01
   3.9153958e-01
   3.8250831e-01
   3.7927068e-01
   3.8195450e-01
   3.9013376e-01
   4.0274346e-01
   4.1820738e-01
   4.3426770e-01
   4.4858141e-01
   4.5876289e-01
   4.6306552e-01
   4.6085030e-01
   4.5250064e-01
   4.3959274e-01
   4.2451223e-01
   4.0964471e-01
   3.9724802e-01
   3.8877055e-01
   3.8480872e-01
   3.8549033e-01
   3.9021896e-01
   3.9814263e-01
   4.0806850e-01
   4.1863338e-01
   4.2826105e-01
   4.3546051e-01
   4.3895374e-01
   4.3801653e-01
   4.3277669e-01
   4.2408622e-01
   4.1364914e-01
   4.0321206e-01
   3.9447900e-01
   3.8851495e-01
   3.8566073e-01
   3.8561813e-01
   3.8766295e-01
   3.9102837e-01
   3.9503280e-01
   3.9912243e-01
   4.0291386e-01
   4.0602369e-01
   4.0798330e-01
   4.0840930e-01
   4.0725910e-01
   4.0478828e-01
   4.0167845e-01
   3.9907983e-01
   3.9788702e-01
   3.9869643e-01
   4.0138025e-01
   4.0525688e-01
   4.0900571e-01
   4.1143393e-01
   4.1151913e-01
   4.0913351e-01
   4.0461788e-01
   3.9882423e-01
   3.9286019e-01
   3.8753514e-01
   3.8336031e-01
   3.8059129e-01
   3.7918548e-01
   3.7910028e-01
   3.8020789e-01
   3.8216750e-01
   3.8463832e-01
   3.8693874e-01
   3.8821675e-01
   3.8753514e-01
   3.8438272e-01
   3.7858908e-01
   3.7049501e-01
   3.6090994e-01
   3.5094147e-01
   3.4165460e-01
   3.3373094e-01
   3.2797989e-01
   3.2482747e-01
   3.2474227e-01
   3.2810769e-01
   3.3517935e-01
   3.4565903e-01
   3.5877993e-01
   3.7292323e-01
   3.8595893e-01
   3.9575701e-01
   4.0069864e-01
   4.0018744e-01
   3.9460680e-01
   3.8570333e-01
   3.7577746e-01
   3.6712959e-01
   3.6176195e-01
   3.6086734e-01
   3.6474397e-01
   3.7330664e-01
   3.8583113e-01
   4.0142285e-01
   4.1897418e-01
   4.3707932e-01
   4.5394905e-01
   4.6779415e-01
   4.7674022e-01
   4.7942404e-01
   4.7537701e-01
   4.6532334e-01
   4.5079663e-01
   4.3418250e-01
   4.1816478e-01
   4.0500128e-01
   3.9635341e-01
   3.9298799e-01
   3.9503280e-01
   4.0184885e-01
   4.1241373e-01
   4.2519383e-01
   4.3852773e-01
   4.5045582e-01
   4.5931669e-01
   4.6370452e-01
   4.6293772e-01
   4.5727188e-01
   4.4789980e-01
   4.3673852e-01
   4.2587544e-01
   4.1714237e-01
   4.1164693e-01
   4.0968731e-01
   4.1088012e-01
   4.1424555e-01
   4.1884638e-01
   4.2383062e-01
   4.2855926e-01
   4.3260629e-01
   4.3554571e-01
   4.3703672e-01
   4.3678112e-01
   4.3469370e-01
   4.3098747e-01
   4.2642924e-01
   4.2195621e-01
   4.1846298e-01
   4.1658857e-01
   4.1637556e-01
   4.1722757e-01
   4.1824998e-01
   4.1850558e-01
   4.1744057e-01
   4.1492715e-01
   4.1139133e-01
   4.0759990e-01
   4.0419187e-01
   4.0163585e-01
   3.9993184e-01
   3.9890943e-01
   3.9810002e-01
   3.9716282e-01
   3.9592741e-01
   3.9430860e-01
   3.9217858e-01
   3.8953736e-01
   3.8617193e-01
   3.8203970e-01
   3.7739627e-01
   3.7262503e-01
   3.6845020e-01
   3.6551078e-01
   3.6431797e-01
   3.6491437e-01
   3.6695919e-01
   3.6977081e-01
   3.7296583e-01
   3.7624606e-01
   3.8012269e-01
   3.8540513e-01
   3.9294539e-01
   4.0312686e-01
   4.1565136e-01
   4.2919826e-01
   4.4202096e-01
   4.5186163e-01
   4.5705887e-01
   4.5663287e-01
   4.5075403e-01
   4.4035955e-01
   4.2711085e-01
   4.1301014e-01
   4.0014484e-01
   3.9026157e-01
   3.8489392e-01
   3.8514953e-01
   3.9145437e-01
   4.0346767e-01
   4.1982619e-01
   4.3839993e-01
   4.5624947e-01
   4.7035017e-01
   4.7823123e-01
   4.7840164e-01
   4.7090398e-01
   4.5722927e-01
   4.3976314e-01
   4.2148760e-01
   4.0534208e-01
   3.9366959e-01
   3.8787595e-01
   3.8855755e-01
   3.9545881e-01
   4.0764250e-01
   4.2331942e-01
   4.4031695e-01
   4.5616427e-01
   4.6834796e-01
   4.7465281e-01
   4.7397120e-01
   4.6617534e-01
   4.5245804e-01
   4.3499191e-01
   4.1658857e-01
   3.9993184e-01
   3.8719434e-01
   3.7973929e-01
   3.7790747e-01
   3.8148590e-01
   3.8953736e-01
   4.0082645e-01
   4.1390475e-01
   4.2719605e-01
   4.3882593e-01
   4.4726080e-01
   4.5118003e-01
   4.4981682e-01
   4.4346937e-01
   4.3328789e-01
   4.2101900e-01
   4.0879271e-01
   3.9835563e-01
   3.9081537e-01
   3.8659794e-01
   3.8544773e-01
   3.8659794e-01
   3.8923916e-01
   3.9290279e-01
   3.9699242e-01
   4.0125245e-01
   4.0521428e-01
   4.0836670e-01
   4.1015592e-01
   4.1019852e-01
   4.0857970e-01
   4.0568288e-01
   4.0240266e-01
   3.9984664e-01
   3.9873903e-01
   3.9946324e-01
   4.0167845e-01
   4.0478828e-01
   4.0781290e-01
   4.0994291e-01
   4.1062452e-01
   4.0990032e-01
   4.0777030e-01
   4.0453267e-01
   4.0057084e-01
   3.9614041e-01
   3.9175258e-01
   3.8808895e-01
   3.8604413e-01
   3.8642754e-01
   3.8979296e-01
   3.9609781e-01
   4.0453267e-01
   4.1369174e-01
   4.2157280e-01
   4.2659964e-01
   4.2753685e-01
   4.2412882e-01
   4.1697197e-01
   4.0738690e-01
   3.9669421e-01
   3.8655534e-01
   3.7807787e-01
   3.7219903e-01
   3.6972821e-01
   3.7109142e-01
   3.7645906e-01
   3.8570333e-01
   3.9788702e-01
   4.1164693e-01
   4.2489563e-01
   4.3550311e-01
   4.4168016e-01
   4.4219136e-01
   4.3707932e-01
   4.2732385e-01
   4.1454375e-01
   4.0091165e-01
   3.8847235e-01
   3.7888728e-01
   3.7339184e-01
   3.7275283e-01
   3.7722587e-01
   3.8664054e-01
   4.0018744e-01
   4.1637556e-01
   4.3307489e-01
   4.4781460e-01
   4.5825168e-01
   4.6242651e-01
   4.5961489e-01
   4.5020022e-01
   4.3588651e-01
   4.1905938e-01
   4.0240266e-01
   3.8830195e-01
   3.7863168e-01
   3.7432904e-01
   3.7573486e-01
   3.8250831e-01
   3.9371219e-01
   4.0815370e-01
   4.2404362e-01
   4.3925194e-01
   4.5169123e-01
   4.5940189e-01
   4.6110590e-01
   4.5654767e-01
   4.4657919e-01
   4.3290449e-01
   4.1773877e-01
   4.0325466e-01
   3.9132657e-01
   3.8301951e-01
   3.7867428e-01
   3.7816307e-01
   3.8101730e-01
   3.8655534e-01
   3.9383999e-01
   4.0184885e-01
   4.0934651e-01
   4.1505495e-01
   4.1773877e-01
   4.1658857e-01
   4.1160433e-01
   4.0346767e-01
   3.9349919e-01
   3.8348811e-01
   3.7484025e-01
   3.6857800e-01
   3.6491437e-01
   3.6355116e-01
   3.6372156e-01
   3.6465877e-01
   3.6559598e-01
   3.6593678e-01
   3.6546818e-01
   3.6376416e-01
   3.6073954e-01
   3.5643691e-01
   3.5115447e-01
   3.4553123e-01
   3.4067479e-01
   3.3777797e-01
   3.3777797e-01
   3.4110079e-01
   3.4723524e-01
   3.5511630e-01
   3.6316776e-01
   3.6989861e-01
   3.7420124e-01
   3.7560705e-01
   3.7432904e-01
   3.7121922e-01
   3.6704439e-01
   3.6257136e-01
   3.5848172e-01
   3.5515890e-01
   3.5311408e-01
   3.5281588e-01
   3.5473290e-01
   3.5916333e-01
   3.6580898e-01
   3.7394564e-01
   3.8225270e-01
   3.8928176e-01
   3.9371219e-01
   3.9490500e-01
   3.9286019e-01
   3.8834455e-01
   3.8259351e-01
   3.7675726e-01
   3.7198603e-01
   3.6891880e-01
   3.6806680e-01
   3.6972821e-01
   3.7424384e-01
   3.8191190e-01
   3.9286019e-01
   4.0666269e-01
   4.2225441e-01
   4.3784613e-01
   4.5139303e-01
   4.6076510e-01
   4.6438613e-01
   4.6174491e-01
   4.5326744e-01
   4.4023174e-01
   4.2468263e-01
   4.0887791e-01
   3.9494760e-01
   3.8489392e-01
   3.8025049e-01
   3.8221010e-01
   3.9111357e-01
   4.0653489e-01
   4.2706825e-01
   4.5024282e-01
   4.7294879e-01
   4.9207634e-01
   5.0468603e-01
   5.0915907e-01
   5.0536764e-01
   4.9454716e-01
   4.7908324e-01
   4.6187271e-01
   4.4572719e-01
   4.3294709e-01
   4.2489563e-01
   4.2212661e-01
   4.2421402e-01
   4.3030587e-01
   4.3891113e-01
   4.4819801e-01
   4.5629207e-01
   4.6136151e-01
   4.6208571e-01
   4.5808128e-01
   4.4994462e-01
   4.3912414e-01
   4.2792025e-01
   4.1863338e-01
   4.1309534e-01
   4.1215813e-01
   4.1590696e-01
   4.2327682e-01
   4.3269149e-01
   4.4248956e-01
   4.5126523e-01
   4.5795348e-01
   4.6191531e-01
   4.6268212e-01
   4.6033910e-01
   4.5505666e-01
   4.4764420e-01
   4.3916674e-01
   4.3124308e-01
   4.2536423e-01
   4.2302121e-01
   4.2485303e-01
   4.3064667e-01
   4.3929454e-01
   4.4922041e-01
   4.5863509e-01
   4.6613274e-01
   4.7107438e-01
   4.7324700e-01
   4.7320440e-01
   4.7154298e-01
   4.6877396e-01
   4.6549374e-01
   4.6208571e-01
   4.5880549e-01
   4.5633467e-01
   4.5514186e-01
   4.5573826e-01
   4.5829428e-01
   4.6238391e-01
   4.6728295e-01
   4.7175598e-01
   4.7478061e-01
   4.7541961e-01
   4.7346000e-01
   4.6915737e-01
   4.6306552e-01
   4.5599386e-01
   4.4866661e-01
   4.4176536e-01
   4.3588651e-01
   4.3179688e-01
   4.3017807e-01
   4.3162648e-01
   4.3661072e-01
   4.4483258e-01
   4.5535486e-01
   4.6643094e-01
   4.7610122e-01
   4.8240607e-01
   4.8385448e-01
   4.7985005e-01
   4.7064838e-01
   4.5752748e-01
   4.4197836e-01
   4.2596064e-01
   4.1139133e-01
   4.0005964e-01
   3.9354179e-01
   3.9311579e-01
   3.9950584e-01
   4.1258414e-01
   4.3115788e-01
   4.5296924e-01
   4.7499361e-01
   4.9378035e-01
   5.0643265e-01
   5.1082048e-01
   5.0647525e-01
   4.9420636e-01
   4.7614382e-01
   4.5514186e-01
   4.3418250e-01
   4.1590696e-01
   4.0248786e-01
   3.9520320e-01
   3.9481980e-01
   4.0108205e-01
   4.1309534e-01
   4.2907046e-01
   4.4662179e-01
   4.6293772e-01
   4.7537701e-01
   4.8176706e-01
   4.8117066e-01
   4.7371560e-01
   4.6085030e-01
   4.4478998e-01
   4.2813325e-01
   4.1322314e-01
   4.0201925e-01
   3.9562921e-01
   3.9447900e-01
   3.9852603e-01
   4.0696089e-01
   4.1850558e-01
   4.3149868e-01
   4.4385277e-01
   4.5369345e-01
   4.5948709e-01
   4.6067990e-01
   4.5765528e-01
   4.5186163e-01
   4.4547158e-01
   4.4052995e-01
   4.3865553e-01
   4.4040215e-01
   4.4538638e-01
   4.5220244e-01
   4.5906109e-01
   4.6425833e-01
   4.6647354e-01
   4.6506773e-01
   4.6008350e-01
   4.5237284e-01
   4.4334157e-01
   4.3507711e-01
   4.3009287e-01
   4.3103008e-01
   4.3959274e-01
   4.5612167e-01
   4.7852944e-01
   5.0191701e-01
   5.1912754e-01
   5.2236517e-01
   5.0566584e-01
   4.6745335e-01
   4.1262674e-01
   3.5277328e-01
   3.0476272e-01
   2.8652978e-01
   3.1247337e-01
   3.8842975e-01
   5.0877567e-01
   6.5625799e-01
   8.0497572e-01
   9.2642924e-01
   9.9612337e-01
   1.0000000e+00
   9.3763313e-01
   8.2248445e-01
   6.7823975e-01
   5.3280225e-01
   4.1143393e-01
   3.3138792e-01
   2.9892647e-01
   3.0919315e-01
   3.4936525e-01
   4.0312686e-01
   4.5492886e-01
   4.9373775e-01
   5.1444151e-01
   5.1772173e-01
   5.0796626e-01
   4.9139473e-01
   4.7367300e-01
   4.5872029e-01
   4.4832581e-01
   4.4248956e-01
   4.4006134e-01
   4.3955014e-01
   4.3972054e-01
   4.3972054e-01
   4.3933714e-01
   4.3857033e-01
   4.3771833e-01
   4.3724972e-01
   4.3754792e-01
   4.3903894e-01
   4.4180796e-01
   4.4564199e-01
   4.5002982e-01
   4.5399165e-01
   4.5667547e-01
   4.5722927e-01
   4.5535486e-01
   4.5118003e-01
   4.4542898e-01
   4.3891113e-01
   4.3252109e-01
   4.2698304e-01
   4.2268041e-01
   4.2003919e-01
   4.1935759e-01
   4.2110420e-01
   4.2574764e-01
   4.3354349e-01
   4.4427878e-01
   4.5701627e-01
   4.7013717e-01
   4.8163926e-01
   4.8934992e-01
   4.9190594e-01
   4.8849791e-01
   4.7955184e-01
   4.6634574e-01
   4.5054102e-01
   4.3435290e-01
   4.1965579e-01
   4.0823890e-01
   4.0146545e-01
   4.0027264e-01
   4.0508648e-01
   4.1552356e-01
   4.3051887e-01
   4.4815540e-01
   4.6587714e-01
   4.8100025e-01
   4.9126693e-01
   4.9510096e-01
   4.9216154e-01
   4.8313027e-01
   4.6966857e-01
   4.5382125e-01
   4.3767573e-01
   4.2331942e-01
   4.1220073e-01
   4.0572548e-01
   4.0449007e-01
   4.0892051e-01
   4.1871858e-01
   4.3273409e-01
   4.4926301e-01
   4.6579194e-01
   4.7993525e-01
   4.8930732e-01
   4.9254494e-01
   4.8939252e-01
   4.8065945e-01
   4.6792196e-01
   4.5331005e-01
   4.3891113e-01
   4.2630144e-01
   4.1671637e-01
   4.1083752e-01
   4.0896311e-01
   4.1105052e-01
   4.1650337e-01
   4.2446963e-01
   4.3345829e-01
   4.4193576e-01
   4.4819801e-01
   4.5100963e-01
   4.4985942e-01
   4.4521598e-01
   4.3814433e-01
   4.3034847e-01
   4.2331942e-01
   4.1824998e-01
   4.1552356e-01
   4.1501235e-01
   4.1607736e-01
   4.1786658e-01
   4.1982619e-01
   4.2135980e-01
   4.2212661e-01
   4.2182841e-01
   4.2037999e-01
   4.1773877e-01
   4.1407515e-01
   4.1002812e-01
   4.0649229e-01
   4.0440487e-01
   4.0457527e-01
   4.0738690e-01
   4.1237113e-01
   4.1863338e-01
   4.2455483e-01
   4.2877226e-01
   4.3039107e-01
   4.2898526e-01
   4.2506603e-01
   4.1948539e-01
   4.1335094e-01
   4.0755730e-01
   4.0295646e-01
   4.0005964e-01
   3.9929283e-01
   4.0095425e-01
   4.0525688e-01
   4.1215813e-01
   4.2106160e-01
   4.3107268e-01
   4.4057255e-01
   4.4798500e-01
   4.5190423e-01
   4.5156343e-01
   4.4696260e-01
   4.3908154e-01
   4.2928346e-01
   4.1914459e-01
   4.1028372e-01
   4.0368067e-01
   4.0010224e-01
   3.9980404e-01
   4.0278606e-01
   4.0870751e-01
   4.1688677e-01
   4.2625884e-01
   4.3533271e-01
   4.4248956e-01
   4.4619579e-01
   4.4551418e-01
   4.4018914e-01
   4.3103008e-01
   4.1948539e-01
   4.0747210e-01
   3.9694982e-01
   3.8923916e-01
   3.8523473e-01
   3.8519213e-01
   3.8902616e-01
   3.9609781e-01
   4.0585328e-01
   4.1752577e-01
   4.3000767e-01
   4.4193576e-01
   4.5181903e-01
   4.5816648e-01
   4.5995569e-01
   4.5684587e-01
   4.4930561e-01
   4.3861293e-01
   4.2651444e-01
   4.1471415e-01
   4.0470308e-01
   3.9746102e-01
   3.9362699e-01
   3.9332879e-01
   3.9669421e-01
   4.0351027e-01
   4.1352134e-01
   4.2604584e-01
   4.3989094e-01
   4.5348045e-01
   4.6515293e-01
   4.7307659e-01
   4.7627162e-01
   4.7431200e-01
   4.6766635e-01
   4.5739968e-01
   4.4496038e-01
   4.3183948e-01
   4.1931499e-01
   4.0845190e-01
   4.0005964e-01
   3.9481980e-01
   3.9303059e-01
   3.9473460e-01
   3.9954844e-01
   4.0653489e-01
   4.1433075e-01
   4.2148760e-01
   4.2677004e-01
   4.2958166e-01
   4.2996507e-01
   4.2864446e-01
   4.2664224e-01
   4.2502343e-01
   4.2429922e-01
   4.2459743e-01
   4.2549203e-01
   4.2647184e-01
   4.2715345e-01
   4.2745165e-01
   4.2762205e-01
   4.2804805e-01
   4.2907046e-01
   4.3068927e-01
   4.3281929e-01
   4.3494930e-01
   4.3682372e-01
   4.3818693e-01
   4.3920934e-01
   4.3997614e-01
   4.4065775e-01
   4.4108375e-01
   4.4104115e-01
   4.4001874e-01
   4.3771833e-01
   4.3418250e-01
   4.2975207e-01
   4.2506603e-01
   4.2106160e-01
   4.1829258e-01
   4.1709977e-01
   4.1744057e-01
   4.1918719e-01
   4.2199881e-01
   4.2566243e-01
   4.3013547e-01
   4.3529011e-01
   4.4074295e-01
   4.4594019e-01
   4.4985942e-01
   4.5156343e-01
   4.5032802e-01
   4.4576979e-01
   4.3839993e-01
   4.2907046e-01
   4.1897418e-01
   4.0951691e-01
   4.0155065e-01
   3.9588481e-01
   3.9290279e-01
   3.9290279e-01
   3.9597001e-01
   4.0218966e-01
   4.1122093e-01
   4.2225441e-01
   4.3405470e-01
   4.4478998e-01
   4.5262844e-01
   4.5595127e-01
   4.5394905e-01
   4.4674960e-01
   4.3563091e-01
   4.2229701e-01
   4.0896311e-01
   3.9741842e-01
   3.8911136e-01
   3.8480872e-01
   3.8476612e-01
   3.8868535e-01
   3.9588481e-01
   4.0538468e-01
   4.1594956e-01
   4.2600324e-01
   4.3405470e-01
   4.3886854e-01
   4.3963534e-01
   4.3648292e-01
   4.3005027e-01
   4.2187101e-01
   4.1343614e-01
   4.0610889e-01
   4.0069865e-01
   3.9746102e-01
   3.9605521e-01
   3.9618301e-01
   3.9741842e-01
   3.9954844e-01
   4.0257306e-01
   4.0653489e-01
   4.1122092e-01
   4.1611996e-01
   4.2059300e-01
   4.2391582e-01
   4.2561983e-01
   4.2566243e-01
   4.2429922e-01
   4.2204141e-01
   4.1940019e-01
   4.1667377e-01
   4.1394735e-01
   4.1126353e-01
   4.0853710e-01
   4.0615149e-01
   4.0457527e-01
   4.0436227e-01
   4.0606629e-01
   4.0968731e-01
   4.1496975e-01
   4.2093380e-01
   4.2659964e-01
   4.3098747e-01
   4.3350089e-01
   4.3401210e-01
   4.3273409e-01
   4.2987987e-01
   4.2591804e-01
   4.2093380e-01
   4.1505495e-01
   4.0836670e-01
   4.0112465e-01
   3.9362699e-01
   3.8629974e-01
   3.7948368e-01
   3.7326404e-01
   3.6759819e-01
   3.6214535e-01
   3.5686291e-01
   3.5179347e-01
   3.4744824e-01
   3.4438102e-01
   3.4331601e-01
   3.4438102e-01
   3.4749084e-01
   3.5166567e-01
   3.5567010e-01
   3.5822612e-01
   3.5801312e-01
   3.5426429e-01
   3.4668143e-01
   3.3522195e-01
   3.2039703e-01
   3.0280310e-01
   2.8341995e-01
   2.6369600e-01
   2.4529266e-01
   2.3016955e-01
   2.2007327e-01
   2.1623924e-01
   2.1900826e-01
   2.2752833e-01
   2.3975462e-01
   2.5317372e-01
   2.6501661e-01
   2.7315328e-01
   2.7626310e-01
   2.7404788e-01
   2.6718923e-01
   2.5687995e-01
   2.4465366e-01
   2.3204396e-01
   2.2045667e-01
   2.1121240e-01
   2.0537616e-01
   2.0375735e-01
   2.0656897e-01
   2.1329982e-01
   2.2279969e-01
   2.3319417e-01
   2.4260884e-01
   2.4938229e-01
   2.5257732e-01
   2.5219392e-01
   2.4925449e-01
   2.4503706e-01
   2.4116043e-01
   2.3894522e-01
   2.3924342e-01
   2.4235324e-01
   2.4831729e-01
   2.5692255e-01
   2.6787083e-01
   2.8069353e-01
   2.9470904e-01
   3.0889495e-01
   3.2188805e-01
   3.3262333e-01
   3.4012098e-01
   3.4416802e-01
   3.4531822e-01
   3.4459402e-01
   3.4344381e-01
   3.4301781e-01
   3.4412541e-01
   3.4702224e-01
   3.5136747e-01
   3.5669251e-01
   3.6244355e-01
   3.6836500e-01
   3.7415864e-01
   3.7982449e-01
   3.8506433e-01
   3.8949476e-01
   3.9273238e-01
   3.9460680e-01
   3.9520320e-01
   3.9520320e-01
   3.9554401e-01
   3.9707762e-01
   4.0052824e-01
   4.0585328e-01
   4.1254153e-01
   4.1965579e-01
   4.2621624e-01
   4.3145608e-01
   4.3520491e-01
   4.3763313e-01
   4.3920934e-01
   4.4031695e-01
   4.4116895e-01
   4.4176536e-01
   4.4197836e-01
   4.4189316e-01
   4.4176536e-01
   4.4227656e-01
   4.4393797e-01
   4.4734600e-01
   4.5250064e-01
   4.5906109e-01
   4.6626054e-01
   4.7328960e-01
   4.7938144e-01
   4.8402488e-01
   4.8709210e-01
   4.8858311e-01
   4.8849791e-01
   4.8696430e-01
   4.8389708e-01
   4.7963704e-01
   4.7473801e-01
   4.7009457e-01
   4.6681435e-01
   4.6600494e-01
   4.6830536e-01
   4.7371560e-01
   4.8125586e-01
   4.8973332e-01
   4.9740138e-01
   5.0302462e-01
   5.0562324e-01
   5.0506944e-01
   5.0153361e-01
   4.9582517e-01
   4.8866831e-01
   4.8104286e-01
   4.7401380e-01
   4.6851836e-01
   4.6566414e-01
   4.6647354e-01
   4.7124478e-01
   4.7989265e-01
   4.9130953e-01
   5.0366363e-01
   5.1482491e-01
   5.2274857e-01
   5.2598620e-01
   5.2411178e-01
   5.1750873e-01
   5.0745506e-01
   4.9565477e-01
   4.8381188e-01
   4.7341740e-01
   4.6591974e-01
   4.6217091e-01
   4.6285252e-01
   4.6826276e-01
   4.7818863e-01
   4.9165034e-01
   5.0702905e-01
   5.2202437e-01
   5.3399506e-01
   5.4068331e-01
   5.4038511e-01
   5.3246145e-01
   5.1759393e-01
   4.9735878e-01
   4.7401380e-01
   4.5020022e-01
   4.2847406e-01
   4.1096532e-01
   3.9950584e-01
   3.9503280e-01
   3.9784442e-01
   4.0742950e-01
   4.2199881e-01
   4.3929454e-01
   4.5641987e-01
   4.7052058e-01
   4.7933884e-01
   4.8180966e-01
   4.7806083e-01
   4.6928517e-01
   4.5765528e-01
   4.4534378e-01
   4.3448070e-01
   4.2664224e-01
   4.2302121e-01
   4.2421402e-01
   4.3060407e-01
   4.4214876e-01
   4.5842208e-01
   4.7835903e-01
   5.0017040e-01
   5.2138536e-01
   5.3953310e-01
   5.5235580e-01
   5.5840504e-01
   5.5776604e-01
   5.5146119e-01
   5.4179092e-01
   5.3122604e-01
   5.2219477e-01
   5.1631592e-01
   5.1444151e-01
   5.1627332e-01
   5.2121496e-01
   5.2794581e-01
   5.3510267e-01
   5.4136491e-01
   5.4558235e-01
   5.4673255e-01
   5.4438954e-01
   5.3868109e-01
   5.3050183e-01
   5.2134276e-01
   5.1312090e-01
   5.0758286e-01
   5.0579364e-01
   5.0813666e-01
   5.1384510e-01
   5.2151316e-01
   5.2926642e-01
   5.3548607e-01
   5.3889409e-01
   5.3902190e-01
   5.3586947e-01
   5.2990543e-01
   5.2198177e-01
   5.1286530e-01
   5.0357843e-01
   4.9510096e-01
   4.8845531e-01
   4.8453608e-01
   4.8389708e-01
   4.8645310e-01
   4.9147993e-01
   4.9769958e-01
   5.0357843e-01
   5.0758286e-01
   5.0864787e-01
   5.0668825e-01
   5.0191701e-01
   4.9531396e-01
   4.8785891e-01
   4.8048905e-01
   4.7401380e-01
   4.6898696e-01
   4.6583454e-01
   4.6511033e-01
   4.6719775e-01
   4.7230979e-01
   4.8014825e-01
   4.8977592e-01
   4.9978700e-01
   5.0830706e-01
   5.1341910e-01
   5.1380250e-01
   5.0877567e-01
   4.9850899e-01
   4.8406748e-01
   4.6706995e-01
   4.4934822e-01
   4.3286189e-01
   4.1952799e-01
   4.1092272e-01
   4.0828150e-01
   4.1215813e-01
   4.2204141e-01
   4.3678112e-01
   4.5386385e-01
   4.7030757e-01
   4.8308767e-01
   4.8969072e-01
   4.8871091e-01
   4.8027605e-01
   4.6591974e-01
   4.4802760e-01
   4.2962426e-01
   4.1343614e-01
   4.0163585e-01
   3.9558661e-01
   3.9588481e-01
   4.0227486e-01
   4.1386215e-01
   4.2907046e-01
   4.4594019e-01
   4.6208571e-01
   4.7503621e-01
   4.8257647e-01
   4.8334327e-01
   4.7708103e-01
   4.6481213e-01
   4.4853881e-01
   4.3098747e-01
   4.1467155e-01
   4.0176365e-01
   3.9358439e-01
   3.9055977e-01
   3.9222118e-01
   3.9788702e-01
   4.0640709e-01
   4.1663117e-01
   4.2715345e-01
   4.3661072e-01
   4.4359717e-01
   4.4704780e-01
   4.4632359e-01
   4.4142455e-01
   4.3328789e-01
   4.2331942e-01
   4.1322314e-01
   4.0444747e-01
   3.9801482e-01
   3.9426600e-01
   3.9303059e-01
   3.9366959e-01
   3.9550141e-01
   3.9818523e-01
   4.0116725e-01
   4.0423447e-01
   4.0700349e-01
   4.0900571e-01
   4.0972991e-01
   4.0904831e-01
   4.0700349e-01
   4.0423447e-01
   4.0172105e-01
   4.0048564e-01
   4.0112465e-01
   4.0385107e-01
   4.0798330e-01
   4.1266934e-01
   4.1667377e-01
   4.1901678e-01
   4.1927239e-01
   4.1735537e-01
   4.1356394e-01
   4.0832410e-01
   4.0227486e-01
   3.9567181e-01
   3.8923916e-01
   3.8357331e-01
   3.7965408e-01
   3.7833347e-01
   3.8042089e-01
   3.8617193e-01
   3.9494760e-01
   4.0538468e-01
   4.1560876e-01
   4.2340462e-01
   4.2698304e-01
   4.2519383e-01
   4.1773877e-01
   4.0521428e-01
   3.8885575e-01
   3.7040981e-01
   3.5192127e-01
   3.3556275e-01
   3.2346426e-01
   3.1745761e-01
   3.1873562e-01
   3.2755389e-01
   3.4284741e-01
   3.6257135e-01
   3.8361591e-01
   4.0270086e-01
   4.1701457e-01
   4.2489563e-01
   4.2600324e-01
   4.2148760e-01
   4.1343614e-01
   4.0436227e-01
   3.9639601e-01
   3.9115617e-01
   3.8949476e-01
   3.9136917e-01
   3.9643861e-01
   4.0393627e-01
   4.1288234e-01
   4.2208401e-01
   4.3022067e-01
   4.3592911e-01
   4.3801653e-01
   4.3575871e-01
   4.2915566e-01
   4.1910198e-01
   4.0700349e-01
   3.9469200e-01
   3.8395672e-01
   3.7603306e-01
   3.7151742e-01
   3.7053762e-01
   3.7258243e-01
   3.7705547e-01
   3.8314731e-01
   3.8992076e-01
   3.9639601e-01
   4.0150805e-01
   4.0419187e-01
   4.0363807e-01
   3.9963364e-01
   3.9251938e-01
   3.8357331e-01
   3.7445685e-01
   3.6691659e-01
   3.6244355e-01
   3.6167675e-01
   3.6457357e-01
   3.7036721e-01
   3.7807787e-01
   3.8668314e-01
   3.9537360e-01
   4.0372327e-01
   4.1134873e-01
   4.1790918e-01
   4.2280821e-01
   4.2553463e-01
   4.2553463e-01
   4.2263781e-01
   4.1718497e-01
   4.0994292e-01
   4.0206186e-01
   3.9447900e-01
   3.8804635e-01
   3.8310471e-01
   3.7986709e-01
   3.7820567e-01
   3.7812047e-01
   3.7952628e-01
   3.8233791e-01
   3.8647014e-01
   3.9124137e-01
   3.9597001e-01
   3.9967624e-01
   4.0172105e-01
   4.0184885e-01
   4.0057084e-01
   3.9890943e-01
   3.9810003e-01
   3.9916503e-01
   4.0248786e-01
   4.0785550e-01
   4.1416035e-01
   4.2020959e-01
   4.2464003e-01
   4.2664224e-01
   4.2579024e-01
   4.2238221e-01
   4.1680157e-01
   4.0985771e-01
   4.0231746e-01
   3.9511800e-01
   3.8928176e-01
   3.8578853e-01
   3.8557553e-01
   3.8923916e-01
   3.9643861e-01
   4.0632189e-01
   4.1722757e-01
   4.2711085e-01
   4.3418250e-01
   4.3703672e-01
   4.3520491e-01
   4.2924086e-01
   4.2016699e-01
   4.0955951e-01
   3.9899463e-01
   3.8987816e-01
   3.8323251e-01
   3.8003749e-01
   3.8076169e-01
   3.8570333e-01
   3.9447900e-01
   4.0623669e-01
   4.1922979e-01
   4.3137088e-01
   4.4040215e-01
   4.4461958e-01
   4.4308597e-01
   4.3618471e-01
   4.2527903e-01
   4.1241373e-01
   3.9988924e-01
   3.8983556e-01
   3.8357331e-01
   3.8182670e-01
   3.8455312e-01
   3.9128397e-01
   4.0108205e-01
   4.1262674e-01
   4.2446963e-01
   4.3499191e-01
   4.4231916e-01
   4.4530118e-01
   4.4300077e-01
   4.3567351e-01
   4.2429922e-01
   4.1070972e-01
   3.9690722e-01
   3.8476612e-01
   3.7569225e-01
   3.7040981e-01
   3.6887620e-01
   3.7083582e-01
   3.7564965e-01
   3.8284911e-01
   3.9175258e-01
   4.0142285e-01
   4.1079492e-01
   4.1854818e-01
   4.2323422e-01
   4.2400102e-01
   4.2063560e-01
   4.1373434e-01
   4.0478828e-01
   3.9554401e-01
   3.8796115e-01
   3.8336031e-01
   3.8233791e-01
   3.8480872e-01
   3.9009116e-01
   3.9716282e-01
   4.0491608e-01
   4.1228593e-01
   4.1837778e-01
   4.2221181e-01
   4.2310642e-01
   4.2059300e-01
   4.1475675e-01
   4.0632189e-01
   3.9660901e-01
   3.8727954e-01
   3.7999489e-01
   3.7603306e-01
   3.7560705e-01
   3.7850388e-01
   3.8357331e-01
   3.8953736e-01
   3.9524580e-01
   4.0001704e-01
   4.0363807e-01
   4.0627929e-01
   4.0815370e-01
   4.0938911e-01
   4.1015592e-01
   4.1032632e-01
   4.0998552e-01
   4.0955951e-01
   4.0947431e-01
   4.1024112e-01
   4.1232853e-01
   4.1556616e-01
   4.1935759e-01
   4.2289341e-01
   4.2515123e-01
   4.2561983e-01
   4.2400102e-01
   4.2046520e-01
   4.1573656e-01
   4.1041152e-01
   4.0500128e-01
   4.0005964e-01
   3.9597001e-01
   3.9307319e-01
   3.9188038e-01
   3.9273238e-01
   3.9592741e-01
   4.0112465e-01
   4.0747210e-01
   4.1364914e-01
   4.1824998e-01
   4.1995399e-01
   4.1807958e-01
   4.1266934e-01
   4.0453267e-01
   3.9507540e-01
   3.8553293e-01
   3.7718327e-01
   3.7087842e-01
   3.6708699e-01
   3.6614978e-01
   3.6819460e-01
   3.7322144e-01
   3.8110250e-01
   3.9102837e-01
   4.0197665e-01
   4.1220073e-01
   4.1999659e-01
   4.2400102e-01
   4.2331942e-01
   4.1820738e-01
   4.0955951e-01
   3.9899463e-01
   3.8830195e-01
   3.7901508e-01
   3.7228423e-01
   3.6874840e-01
   3.6870580e-01
   3.7219903e-01
   3.7884468e-01
   3.8813155e-01
   3.9925023e-01
   4.1066712e-01
   4.2076340e-01
   4.2787765e-01
   4.3073187e-01
   4.2881486e-01
   4.2268041e-01
   4.1360654e-01
   4.0333986e-01
   3.9388259e-01
   3.8664054e-01
   3.8259351e-01
   3.8191190e-01
   3.8451052e-01
   3.8983556e-01
   3.9724802e-01
   4.0606629e-01
   4.1531056e-01
   4.2404362e-01
   4.3090227e-01
   4.3473630e-01
   4.3490670e-01
   4.3107268e-01
   4.2408622e-01
   4.1522536e-01
   4.0619409e-01
   3.9873903e-01
   3.9405299e-01
   3.9264718e-01
   3.9426600e-01
   3.9831303e-01
   4.0368067e-01
   4.0951691e-01
   4.1475675e-01
   4.1871858e-01
   4.2072080e-01
   4.2008179e-01
   4.1667377e-01
   4.1053932e-01
   4.0244526e-01
   3.9362699e-01
   3.8561813e-01
   3.7982449e-01
   3.7722587e-01
   3.7795007e-01
   3.8135810e-01
   3.8638494e-01
   3.9162478e-01
   3.9597001e-01
   3.9882423e-01
   4.0001704e-01
   3.9980404e-01
   3.9873903e-01
   3.9716282e-01
   3.9541620e-01
   3.9388259e-01
   3.9298799e-01
   3.9341399e-01
   3.9592741e-01
   4.0103945e-01
   4.0887791e-01
   4.1880378e-01
   4.2953906e-01
   4.3946494e-01
   4.4674960e-01
   4.5002982e-01
   4.4883701e-01
   4.4321377e-01
   4.3413990e-01
   4.2293601e-01
   4.1083752e-01
   3.9925023e-01
   3.8911136e-01
   3.8123030e-01
   3.7628866e-01
   3.7445685e-01
   3.7556445e-01
   3.7901508e-01
   3.8353071e-01
   3.8770555e-01
   3.8987816e-01
   3.8902616e-01
   3.8455312e-01
   3.7692766e-01
   3.6729999e-01
   3.5720371e-01
   3.4825765e-01
   3.4182500e-01
   3.3871517e-01
   3.3935418e-01
   3.4374201e-01
   3.5166567e-01
   3.6265656e-01
   3.7573486e-01
   3.8970776e-01
   4.0287126e-01
   4.1335094e-01
   4.1961319e-01
   4.2050780e-01
   4.1624776e-01
   4.0789810e-01
   3.9754622e-01
   3.8774815e-01
   3.8067649e-01
   3.7812047e-01
   3.8063389e-01
   3.8808895e-01
   3.9971884e-01
   4.1428815e-01
   4.3064667e-01
   4.4760160e-01
   4.6387493e-01
   4.7823123e-01
   4.8922212e-01
   4.9561217e-01
   4.9646417e-01
   4.9177814e-01
   4.8210786e-01
   4.6915737e-01
   4.5492886e-01
   4.4168016e-01
   4.3124308e-01
   4.2468263e-01
   4.2255261e-01
   4.2455483e-01
   4.3005027e-01
   4.3801653e-01
   4.4738860e-01
   4.5693107e-01
   4.6519554e-01
   4.7103178e-01
   4.7333220e-01
   4.7167078e-01
   4.6621794e-01
   4.5795348e-01
   4.4828321e-01
   4.3882593e-01
   4.3094487e-01
   4.2544943e-01
   4.2246741e-01
   4.2148760e-01
   4.2191361e-01
   4.2306381e-01
   4.2451223e-01
   4.2608844e-01
   4.2762205e-01
   4.2907046e-01
   4.3013547e-01
   4.3051887e-01
   4.3000767e-01
   4.2868706e-01
   4.2723865e-01
   4.2647184e-01
   4.2736645e-01
   4.3047627e-01
   4.3592911e-01
   4.4295817e-01
   4.5041322e-01
   4.5676067e-01
   4.6063730e-01
   4.6131891e-01
   4.5837948e-01
   4.5211724e-01
   4.4321377e-01
   4.3247849e-01
   4.2097640e-01
   4.0990031e-01
   4.0035784e-01
   3.9362699e-01
   3.9068757e-01
   3.9200818e-01
   3.9733322e-01
   4.0564028e-01
   4.1505495e-01
   4.2366022e-01
   4.2953906e-01
   4.3162648e-01
   4.2958166e-01
   4.2408622e-01
   4.1637556e-01
   4.0794070e-01
   4.0040044e-01
   3.9464940e-01
   3.9145437e-01
   3.9136917e-01
   3.9443640e-01
   4.0082645e-01
   4.0994292e-01
   4.2114680e-01
   4.3298969e-01
   4.4372497e-01
   4.5139303e-01
   4.5450285e-01
   4.5215984e-01
   4.4453438e-01
   4.3247849e-01
   4.1782398e-01
   4.0253046e-01
   3.8851495e-01
   3.7739627e-01
   3.7028201e-01
   3.6806680e-01
   3.7104882e-01
   3.7905768e-01
   3.9136917e-01
   4.0662009e-01
   4.2280821e-01
   4.3746272e-01
   4.4819801e-01
   4.5318224e-01
   4.5152083e-01
   4.4359717e-01
   4.3085967e-01
   4.1569396e-01
   4.0044304e-01
   3.8736474e-01
   3.7807787e-01
   3.7343444e-01
   3.7356224e-01
   3.7829087e-01
   3.8681094e-01
   3.9822783e-01
   4.1113572e-01
   4.2383062e-01
   4.3456590e-01
   4.4163756e-01
   4.4389537e-01
   4.4082815e-01
   4.3311749e-01
   4.2208401e-01
   4.0951691e-01
   3.9733322e-01
   3.8702394e-01
   3.7956888e-01
   3.7522365e-01
   3.7411604e-01
   3.7594786e-01
   3.8046349e-01
   3.8727954e-01
   3.9575701e-01
   4.0512908e-01
   4.1411775e-01
   4.2153020e-01
   4.2625884e-01
   4.2774985e-01
   4.2608844e-01
   4.2216921e-01
   4.1697197e-01
   4.1177473e-01
   4.0734430e-01
   4.0410667e-01
   4.0189145e-01
   4.0035784e-01
   3.9920763e-01
   3.9822783e-01
   3.9754622e-01
   3.9729062e-01
   3.9754622e-01
   3.9805742e-01
   3.9861123e-01
   3.9856863e-01
   3.9767402e-01
   3.9567181e-01
   3.9268978e-01
   3.8889835e-01
   3.8451052e-01
   3.7973929e-01
   3.7454205e-01
   3.6917441e-01
   3.6389197e-01
   3.5937633e-01
   3.5660731e-01
   3.5630911e-01
   3.5903553e-01
   3.6478657e-01
   3.7275283e-01
   3.8186930e-01
   3.9081537e-01
   3.9873903e-01
   4.0521428e-01
   4.1053932e-01
   4.1526796e-01
   4.1999659e-01
   4.2481043e-01
   4.2932606e-01
   4.3260629e-01
   4.3375650e-01
   4.3205248e-01
   4.2728125e-01
   4.2016699e-01
   4.1160433e-01
   4.0304166e-01
   3.9579961e-01
   3.9085797e-01
   3.8885575e-01
   3.9034677e-01
   3.9537360e-01
   4.0372327e-01
   4.1471415e-01
   4.2736645e-01
   4.3989094e-01
   4.5037062e-01
   4.5688847e-01
   4.5799608e-01
   4.5322484e-01
   4.4312857e-01
   4.2945386e-01
   4.1441595e-01
   4.0048564e-01
   3.8975036e-01
   3.8365852e-01
   3.8289171e-01
   3.8740734e-01
   3.9673682e-01
   4.0968731e-01
   4.2498083e-01
   4.4082815e-01
   4.5531226e-01
   4.6638834e-01
   4.7235239e-01
   4.7226719e-01
   4.6600494e-01
   4.5458805e-01
   4.3993354e-01
   4.2429922e-01
   4.0994291e-01
   3.9869643e-01
   3.9145437e-01
   3.8855755e-01
   3.8975036e-01
   3.9439380e-01
   4.0180625e-01
   4.1100792e-01
   4.2089120e-01
   4.3034847e-01
   4.3793133e-01
   4.4240436e-01
   4.4300077e-01
   4.3955014e-01
   4.3294709e-01
   4.2446963e-01
   4.1590696e-01
   4.0896311e-01
   4.0474568e-01
   4.0351027e-01
   4.0512908e-01
   4.0896311e-01
   4.1403255e-01
   4.1974099e-01
   4.2553463e-01
   4.3094487e-01
   4.3563091e-01
   4.3886853e-01
   4.4031695e-01
   4.3942234e-01
   4.3609951e-01
   4.3077447e-01
   4.2412882e-01
   4.1709977e-01
   4.1058192e-01
   4.0517168e-01
   4.0116725e-01
   3.9844083e-01
   3.9686462e-01
   3.9626821e-01
   3.9656641e-01
   3.9775922e-01
   3.9971884e-01
   4.0201926e-01
   4.0414927e-01
   4.0546988e-01
   4.0564028e-01
   4.0474568e-01
   4.0351027e-01
   4.0308426e-01
   4.0449007e-01
   4.0862230e-01
   4.1543836e-01
   4.2400102e-01
   4.3294709e-01
   4.4044475e-01
   4.4500298e-01
   4.4572719e-01
   4.4265996e-01
   4.3639772e-01
   4.2800545e-01
   4.1884638e-01
   4.1015592e-01
   4.0329726e-01
   3.9912243e-01
   3.9848343e-01
   4.0184885e-01
   4.0909091e-01
   4.1948539e-01
   4.3149868e-01
   4.4308597e-01
   4.5211724e-01
   4.5663287e-01
   4.5565306e-01
   4.4900741e-01
   4.3776093e-01
   4.2357502e-01
   4.0857971e-01
   3.9473460e-01
   3.8378632e-01
   3.7705547e-01
   3.7530885e-01
   3.7905768e-01
   3.8817415e-01
   4.0193405e-01
   4.1888898e-01
   4.3699412e-01
   4.5348045e-01
   4.6591974e-01
   4.7209679e-01
   4.7094658e-01
   4.6268212e-01
   4.4875181e-01
   4.3145608e-01
   4.1356394e-01
   3.9758882e-01
   3.8557553e-01
   3.7884468e-01
   3.7786487e-01
   3.8259351e-01
   3.9230638e-01
   4.0572548e-01
   4.2114680e-01
   4.3644032e-01
   4.4930561e-01
   4.5782568e-01
   4.6059470e-01
   4.5731448e-01
   4.4875181e-01
   4.3661072e-01
   4.2314902e-01
   4.1049672e-01
   4.0035784e-01
   3.9354179e-01
   3.9026157e-01
   3.9009116e-01
   3.9230638e-01
   3.9626821e-01
   4.0108205e-01
   4.0610889e-01
   4.1062452e-01
   4.1373434e-01
   4.1488455e-01
   4.1369174e-01
   4.1041152e-01
   4.0564028e-01
   4.0061344e-01
   3.9635341e-01
   3.9379739e-01
   3.9324359e-01
   3.9443640e-01
   3.9673681e-01
   3.9929283e-01
   4.0163585e-01
   4.0346767e-01
   4.0500128e-01
   4.0657749e-01
   4.0845190e-01
   4.1049672e-01
   4.1232853e-01
   4.1335094e-01
   4.1296754e-01
   4.1083752e-01
   4.0683309e-01
   4.0120985e-01
   3.9418080e-01
   3.8617193e-01
   3.7765187e-01
   3.6908920e-01
   3.6133595e-01
   3.5524410e-01
   3.5187867e-01
   3.5204908e-01
   3.5609611e-01
   3.6372156e-01
   3.7377524e-01
   3.8476612e-01
   3.9511800e-01
   4.0385107e-01
   4.1041152e-01
   4.1522536e-01
   4.1914459e-01
   4.2289341e-01
   4.2698304e-01
   4.3120048e-01
   4.3486410e-01
   4.3712192e-01
   4.3712192e-01
   4.3465110e-01
   4.2996507e-01
   4.2387322e-01
   4.1735537e-01
   4.1147653e-01
   4.0717389e-01
   4.0512908e-01
   4.0598109e-01
   4.1007072e-01
   4.1761097e-01
   4.2834625e-01
   4.4150975e-01
   4.5552526e-01
   4.6847576e-01
   4.7823123e-01
   4.8283207e-01
   4.8117066e-01
   4.7328960e-01
   4.6016870e-01
   4.4368237e-01
   4.2613104e-01
   4.0994292e-01
   3.9712022e-01
   3.8915396e-01
   3.8693874e-01
   3.9081537e-01
   4.0027264e-01
   4.1433075e-01
   4.3103008e-01
   4.4794240e-01
   4.6238391e-01
   4.7184119e-01
   4.7465281e-01
   4.7030757e-01
   4.5970009e-01
   4.4487518e-01
   4.2855926e-01
   4.1343614e-01
   4.0184885e-01
   3.9516060e-01
   3.9379739e-01
   3.9750362e-01
   4.0551248e-01
   4.1667377e-01
   4.2979467e-01
   4.4355457e-01
   4.5637727e-01
   4.6672915e-01
   4.7324700e-01
   4.7507881e-01
   4.7196899e-01
   4.6451393e-01
   4.5407685e-01
   4.4231916e-01
   4.3090227e-01
   4.2114680e-01
   4.1386215e-01
   4.0921871e-01
   4.0717389e-01
   4.0738690e-01
   4.0947431e-01
   4.1301014e-01
   4.1731277e-01
   4.2174320e-01
   4.2527903e-01
   4.2702564e-01
   4.2647184e-01
   4.2361762e-01
   4.1897418e-01
   4.1377694e-01
   4.0934651e-01
   4.0666269e-01
   4.0627929e-01
   4.0802590e-01
   4.1126353e-01
   4.1501235e-01
   4.1850558e-01
   4.2118940e-01
   4.2289341e-01
   4.2357502e-01
