   1.0000000e+00
   7.8683969e-01
   5.6441149e-01
   3.7256720e-01
   2.4003707e-01
   1.7701576e-01
   1.7794255e-01
   2.2613533e-01
   2.9564414e-01
   3.6329938e-01
   4.1241892e-01
   4.3466173e-01
   4.3188138e-01
   4.1056536e-01
   3.8090827e-01
   3.5032440e-01
   3.2622801e-01
   3.0861911e-01
   2.9935127e-01
   2.9471735e-01
   2.9379057e-01
   2.9564414e-01
   2.9564414e-01
   2.9657092e-01
   2.9749770e-01
   2.9657092e-01
   2.9379057e-01
   2.9101020e-01
   2.8822985e-01
   2.8452272e-01
   2.7988881e-01
   2.7618166e-01
   2.7062096e-01
   2.6320670e-01
   2.5393885e-01
   2.4374422e-01
   2.3540316e-01
   2.2984248e-01
   2.2798890e-01
   2.3076924e-01
   2.3818353e-01
   2.4652459e-01
   2.5486563e-01
   2.5857277e-01
   2.5857277e-01
   2.5486563e-01
   2.4837816e-01
   2.4096387e-01
   2.3447639e-01
   2.2891568e-01
   2.2520853e-01
   2.2242818e-01
   2.2057461e-01
   2.2150142e-01
   2.2428176e-01
   2.2984246e-01
   2.3911031e-01
   2.4745137e-01
   2.5671920e-01
   2.6227992e-01
   2.6506024e-01
   2.6320670e-01
   2.5857277e-01
   2.5301207e-01
   2.4930494e-01
   2.4745137e-01
   2.4745135e-01
   2.4930494e-01
   2.5208529e-01
   2.5393885e-01
   2.5393883e-01
   2.5486563e-01
   2.5579242e-01
   2.5671920e-01
   2.5764598e-01
   2.5857277e-01
   2.5671920e-01
   2.5393885e-01
   2.4745137e-01
   2.4189066e-01
   2.3632994e-01
   2.3262283e-01
   2.3262281e-01
   2.3447637e-01
   2.3911031e-01
   2.4467100e-01
   2.5115850e-01
   2.5764598e-01
   2.6598705e-01
   2.7803522e-01
   2.9101020e-01
   3.0583877e-01
   3.2066729e-01
   3.3271548e-01
   3.4291012e-01
   3.4847081e-01
   3.5217796e-01
   3.5403153e-01
   3.5773866e-01
   3.6237259e-01
   3.6886007e-01
   3.7442079e-01
   3.7905468e-01
   3.7720114e-01
   3.7164042e-01
   3.6051901e-01
   3.4383690e-01
   3.2344764e-01
   2.9842448e-01
   2.7154774e-01
   2.4096387e-01
   2.1037998e-01
   1.7886935e-01
   1.5199261e-01
   1.3067657e-01
   1.1770159e-01
   1.1492124e-01
   1.2233550e-01
   1.3716407e-01
   1.5848009e-01
   1.8350326e-01
   2.1130679e-01
   2.4096387e-01
   2.7247453e-01
   3.0398520e-01
   3.3549585e-01
   3.6607970e-01
   3.9110290e-01
   4.0963855e-01
   4.2168677e-01
   4.2446712e-01
   4.1983318e-01
   4.0963855e-01
   3.9202968e-01
   3.6793329e-01
   3.3734940e-01
   3.0120483e-01
   2.5949957e-01
   2.1501392e-01
   1.7052828e-01
   1.3160337e-01
   1.0009270e-01
   7.8776674e-02
   6.5801695e-02
   6.3948130e-02
   7.0435609e-02
   8.2483804e-02
   1.0009270e-01
   1.2233550e-01
   1.4828548e-01
   1.7701578e-01
   2.0667287e-01
   2.3540318e-01
   2.6227990e-01
   2.8359594e-01
   3.0213161e-01
   3.1603338e-01
   3.2900835e-01
   3.4012977e-01
   3.5125118e-01
   3.6144581e-01
   3.7071364e-01
   3.7720114e-01
   3.7998146e-01
   3.8183505e-01
   3.8183505e-01
   3.8183505e-01
   3.8368862e-01
   3.8554218e-01
   3.8832253e-01
   3.8832255e-01
   3.8461540e-01
   3.7627433e-01
   3.6422614e-01
   3.4847083e-01
   3.3178870e-01
   3.1232624e-01
   2.9379057e-01
   2.7247455e-01
   2.5208529e-01
   2.3169603e-01
   2.1408713e-01
   2.0018537e-01
   1.9369789e-01
   1.9277109e-01
   1.9833181e-01
   2.0945322e-01
   2.2150140e-01
   2.3169603e-01
   2.3911031e-01
   2.4189066e-01
   2.4003709e-01
   2.3447637e-01
   2.2613533e-01
   2.1594070e-01
   2.0574607e-01
   1.9369787e-01
   1.8443005e-01
   1.7794255e-01
   1.7701578e-01
   1.8350326e-01
   1.9647822e-01
   2.1686748e-01
   2.4189066e-01
   2.6691383e-01
   2.9008342e-01
   3.0954590e-01
   3.2437444e-01
   3.3271548e-01
   3.3827620e-01
   3.4012977e-01
   3.4012977e-01
   3.3734940e-01
   3.3086192e-01
   3.2159409e-01
   3.1139946e-01
   3.0120483e-01
   2.9286379e-01
   2.8730307e-01
   2.8359594e-01
   2.8359594e-01
   2.8452274e-01
   2.8452272e-01
   2.8359594e-01
   2.8266916e-01
   2.7988881e-01
   2.7525487e-01
   2.7154774e-01
   2.6598705e-01
   2.5764598e-01
   2.4652457e-01
   2.3076924e-01
   2.1316035e-01
   1.9647822e-01
   1.8164970e-01
   1.7145507e-01
   1.6774794e-01
   1.6960148e-01
   1.7701578e-01
   1.8628361e-01
   1.9555146e-01
   2.0667287e-01
   2.1594072e-01
   2.2520855e-01
   2.3169603e-01
   2.3725674e-01
   2.4003709e-01
   2.3911029e-01
   2.3632996e-01
   2.3169605e-01
   2.2613533e-01
   2.2242820e-01
   2.2242820e-01
   2.2520855e-01
   2.2984246e-01
   2.3447637e-01
   2.3725674e-01
   2.3540318e-01
   2.2984246e-01
   2.2242820e-01
   2.1223357e-01
   2.0203894e-01
   1.8999076e-01
   1.7886935e-01
   1.6682113e-01
   1.5384618e-01
   1.4087120e-01
   1.2974978e-01
   1.2140872e-01
   1.1677481e-01
   1.1584802e-01
   1.1862837e-01
   1.2233550e-01
   1.2511587e-01
   1.2511587e-01
   1.2326228e-01
   1.1955515e-01
   1.1492124e-01
   1.0936054e-01
   1.0565339e-01
   1.0287304e-01
   1.0009270e-01
   9.9165914e-02
   9.9165914e-02
   1.0101948e-01
   1.0750696e-01
   1.1677481e-01
   1.3067657e-01
   1.4643189e-01
   1.6311400e-01
   1.7608898e-01
   1.8628361e-01
   1.9184431e-01
   1.9369789e-01
   1.9369787e-01
   1.9091753e-01
   1.8721039e-01
   1.8350326e-01
   1.7794257e-01
   1.7052828e-01
   1.6126044e-01
   1.5106581e-01
   1.4365155e-01
   1.3716407e-01
   1.3345694e-01
   1.3160335e-01
   1.3067657e-01
   1.2789622e-01
   1.2418909e-01
   1.1770159e-01
   1.1028733e-01
   1.0379983e-01
   1.0009270e-01
   9.8239131e-02
   1.0009270e-01
   1.0472661e-01
   1.1028733e-01
   1.1770161e-01
   1.2789622e-01
   1.3901763e-01
   1.5384616e-01
   1.7052828e-01
   1.8628363e-01
   2.0018537e-01
   2.1037998e-01
   2.1408713e-01
   2.1130679e-01
   2.0481931e-01
   1.9555146e-01
   1.8443005e-01
   1.7423542e-01
   1.6404079e-01
   1.5477296e-01
   1.4365155e-01
   1.3067657e-01
   1.1584802e-01
   1.0101948e-01
   8.6190935e-02
   7.4142740e-02
   6.4874912e-02
   5.8387413e-02
   5.4680282e-02
   5.4680282e-02
   5.8387413e-02
   6.6728458e-02
   7.9703436e-02
   9.4532000e-02
   1.1306767e-01
   1.3067659e-01
   1.4365155e-01
   1.5199261e-01
   1.5384618e-01
   1.5013902e-01
   1.4179798e-01
   1.3253015e-01
   1.2511585e-01
   1.1862837e-01
   1.1677481e-01
   1.1677481e-01
   1.1955517e-01
   1.2511587e-01
   1.3623726e-01
   1.5013904e-01
   1.6960150e-01
   1.9184433e-01
   2.1594072e-01
   2.3818353e-01
   2.5671920e-01
   2.6969418e-01
   2.7710844e-01
   2.7896203e-01
   2.7710846e-01
   2.7247453e-01
   2.6876740e-01
   2.6506026e-01
   2.6135313e-01
   2.5857277e-01
   2.5764598e-01
   2.5949955e-01
   2.6506024e-01
   2.7432809e-01
   2.8822985e-01
   3.0398520e-01
   3.1788694e-01
   3.2993514e-01
   3.3549585e-01
   3.3549583e-01
   3.2993514e-01
   3.2066731e-01
   3.0769233e-01
   2.9193700e-01
   2.7525490e-01
   2.5671920e-01
   2.3632996e-01
   2.1594070e-01
   1.9555146e-01
   1.7701578e-01
   1.6218722e-01
   1.5106583e-01
   1.4272476e-01
   1.3531048e-01
   1.2974978e-01
   1.2326231e-01
   1.1770159e-01
   1.1399446e-01
   1.1399446e-01
   1.1862837e-01
   1.2604265e-01
   1.3809085e-01
   1.5013904e-01
   1.6033367e-01
   1.6774794e-01
   1.7052828e-01
   1.7052828e-01
   1.6682115e-01
   1.6033367e-01
   1.5291939e-01
   1.4457833e-01
   1.3438372e-01
   1.2511587e-01
   1.1677481e-01
   1.1121411e-01
   1.1028733e-01
   1.1399446e-01
   1.2418909e-01
   1.3716407e-01
   1.5199259e-01
   1.6496759e-01
   1.7516222e-01
   1.8443005e-01
   1.8999074e-01
   1.9277109e-01
   1.9555144e-01
   1.9740502e-01
   1.9833181e-01
   1.9740502e-01
   1.9369789e-01
   1.8721039e-01
   1.8164968e-01
   1.7423542e-01
   1.7052828e-01
   1.6774792e-01
   1.6496759e-01
   1.6311400e-01
   1.5848009e-01
   1.5291939e-01
   1.4643191e-01
   1.3809085e-01
   1.3067659e-01
   1.2604265e-01
   1.2048194e-01
   1.1770159e-01
   1.1214089e-01
   1.0750698e-01
   1.0101948e-01
   9.4532000e-02
   9.1751632e-02
   9.2678435e-02
   9.7312348e-02
   1.0750696e-01
   1.1955515e-01
   1.3160337e-01
   1.4457833e-01
   1.5477296e-01
   1.6311400e-01
   1.7052828e-01
   1.7516220e-01
   1.7794255e-01
   1.7701576e-01
   1.7330863e-01
   1.6589435e-01
   1.5940689e-01
   1.5199261e-01
   1.4828548e-01
   1.5106581e-01
   1.5755331e-01
   1.6960148e-01
   1.8443005e-01
   1.9833181e-01
   2.0945322e-01
   2.1779429e-01
   2.1964783e-01
   2.1964785e-01
   2.1594072e-01
   2.1037998e-01
   2.0203894e-01
   1.9462466e-01
   1.8443005e-01
   1.7608898e-01
   1.6960150e-01
   1.6960150e-01
   1.7423542e-01
   1.8535683e-01
   2.0111216e-01
   2.2150140e-01
   2.4189066e-01
   2.6135311e-01
   2.7896203e-01
   2.9564414e-01
   3.0954590e-01
   3.2252085e-01
   3.3364229e-01
   3.4291012e-01
   3.4569048e-01
   3.4476368e-01
   3.3642264e-01
   3.2530122e-01
   3.1047268e-01
   2.9564414e-01
   2.8174237e-01
   2.6876740e-01
   2.5857277e-01
   2.4930492e-01
   2.4189066e-01
   2.3725674e-01
   2.3540316e-01
   2.3725674e-01
   2.4189066e-01
   2.4930494e-01
   2.5671920e-01
   2.6320668e-01
   2.6598705e-01
   2.6506026e-01
   2.6042633e-01
   2.5579242e-01
   2.5023172e-01
   2.4745137e-01
   2.4745137e-01
   2.5023172e-01
   2.5393885e-01
   2.5857277e-01
   2.6506026e-01
   2.7340131e-01
   2.8359592e-01
   2.9564412e-01
   3.1047268e-01
   3.2344764e-01
   3.3456905e-01
   3.4198333e-01
   3.4383690e-01
   3.4105655e-01
   3.3364229e-01
   3.2622801e-01
   3.1696016e-01
   3.0861911e-01
   3.0120483e-01
   2.9471733e-01
   2.8915666e-01
   2.8544951e-01
   2.8359594e-01
   2.8544951e-01
   2.9008342e-01
   3.0027805e-01
   3.1047268e-01
   3.2066731e-01
   3.3086192e-01
   3.3642262e-01
   3.4105655e-01
   3.4198333e-01
   3.4105655e-01
   3.3827620e-01
   3.3364227e-01
   3.2622801e-01
   3.1417981e-01
   3.0027805e-01
   2.8359594e-01
   2.6691383e-01
   2.5393885e-01
   2.4559779e-01
   2.4467100e-01
   2.5301205e-01
   2.6598705e-01
   2.8544951e-01
   3.0676555e-01
   3.2900835e-01
   3.5125118e-01
   3.7442077e-01
   3.9573681e-01
   4.1519929e-01
   4.3188138e-01
   4.4300279e-01
   4.4856351e-01
   4.4856351e-01
   4.4578314e-01
   4.3929566e-01
   4.3373494e-01
   4.2724746e-01
   4.1983320e-01
   4.0871179e-01
   3.9481003e-01
   3.7534757e-01
   3.5125118e-01
   3.2437442e-01
   2.9657092e-01
   2.6876740e-01
   2.4559779e-01
   2.2798890e-01
   2.1686748e-01
   2.1316035e-01
   2.1872105e-01
   2.3354961e-01
   2.5671920e-01
   2.8730307e-01
   3.2252087e-01
   3.5773866e-01
   3.8832255e-01
   4.0963857e-01
   4.1890640e-01
   4.1612605e-01
   4.0222429e-01
   3.8276183e-01
   3.6144581e-01
   3.4198335e-01
   3.2622801e-01
   3.1696016e-01
   3.1325303e-01
   3.1510659e-01
   3.2066729e-01
   3.2900837e-01
   3.3920298e-01
   3.4847081e-01
   3.5588509e-01
   3.5773866e-01
   3.5495831e-01
   3.4847083e-01
   3.3827620e-01
   3.2993514e-01
   3.2530122e-01
   3.2715479e-01
   3.3734942e-01
   3.5310475e-01
   3.7349401e-01
   3.9573681e-01
   4.1705283e-01
   4.3558853e-01
   4.5134384e-01
   4.6339203e-01
   4.7173310e-01
   4.7636703e-01
   4.7636703e-01
   4.7080633e-01
   4.5875814e-01
   4.4300281e-01
   4.2446712e-01
   4.0500466e-01
   3.8739577e-01
   3.7164042e-01
   3.5773866e-01
   3.4847083e-01
   3.4105655e-01
   3.3456907e-01
   3.3086192e-01
   3.2900835e-01
   3.3271548e-01
   3.4012977e-01
   3.5125118e-01
   3.6422616e-01
   3.7720112e-01
   3.8924931e-01
   4.0129751e-01
   4.1241892e-01
   4.2354033e-01
   4.3466173e-01
   4.4670994e-01
   4.5505099e-01
   4.5968490e-01
   4.5690455e-01
   4.4485636e-01
   4.2539390e-01
   4.0037073e-01
   3.6886007e-01
   3.3642264e-01
   3.0305842e-01
   2.7154774e-01
   2.4096387e-01
   2.1408713e-01
   1.9091755e-01
   1.7238185e-01
   1.6033365e-01
   1.5477296e-01
   1.5477296e-01
   1.5848009e-01
   1.6682115e-01
   1.7516220e-01
   1.8257648e-01
   1.8906398e-01
   1.9647824e-01
   2.0389252e-01
   2.1316035e-01
   2.2242818e-01
   2.3169603e-01
   2.3911031e-01
   2.4374422e-01
   2.4559779e-01
   2.4374422e-01
   2.4281744e-01
   2.4096387e-01
   2.4189066e-01
   2.4467102e-01
   2.4930492e-01
   2.5393885e-01
   2.5857277e-01
   2.6227992e-01
   2.6506026e-01
   2.6784061e-01
   2.6969418e-01
   2.7154776e-01
   2.7340131e-01
   2.7247453e-01
   2.7062096e-01
   2.6876740e-01
   2.6784061e-01
   2.6876740e-01
   2.7432809e-01
   2.8452272e-01
   2.9564414e-01
   3.0769233e-01
   3.1510659e-01
   3.1603338e-01
   3.1047268e-01
   2.9842448e-01
   2.8081557e-01
   2.6320670e-01
   2.4559779e-01
   2.3076924e-01
   2.1964783e-01
   2.1223357e-01
   2.0945320e-01
   2.1223357e-01
   2.1964783e-01
   2.3354959e-01
   2.5208529e-01
   2.7154774e-01
   2.9379057e-01
   3.1325303e-01
   3.3178870e-01
   3.4754403e-01
   3.6051903e-01
   3.7442077e-01
   3.8924933e-01
   4.0407788e-01
   4.1705283e-01
   4.2632068e-01
   4.3002781e-01
   4.2724746e-01
   4.1612605e-01
   4.0315107e-01
   3.8554218e-01
   3.6793329e-01
   3.5310475e-01
   3.4105655e-01
   3.3178870e-01
   3.2622801e-01
   3.2159407e-01
   3.2159409e-01
   3.2344764e-01
   3.2808157e-01
   3.3271551e-01
   3.3642264e-01
   3.3734942e-01
   3.3364229e-01
   3.2715479e-01
   3.1881374e-01
   3.0769233e-01
   2.9935127e-01
   2.9471735e-01
   2.9193698e-01
   2.9008342e-01
   2.8822985e-01
   2.8359594e-01
   2.7710846e-01
   2.6876740e-01
   2.5949955e-01
   2.4930494e-01
   2.4096387e-01
   2.3632994e-01
   2.3169603e-01
   2.2798890e-01
   2.2335498e-01
   2.2057463e-01
   2.1686748e-01
   2.1594070e-01
   2.1686748e-01
   2.1872105e-01
   2.2242820e-01
   2.2706211e-01
   2.3076924e-01
   2.3447639e-01
   2.3911031e-01
   2.4652457e-01
   2.5486563e-01
   2.6506026e-01
   2.7525487e-01
   2.8266916e-01
   2.8452272e-01
   2.7988881e-01
   2.6876740e-01
   2.5208529e-01
   2.3076924e-01
   2.0667287e-01
   1.8072292e-01
   1.5291937e-01
   1.2418907e-01
   9.3605197e-02
   6.4874912e-02
   3.7071390e-02
   1.5755347e-02
   2.7803684e-03
   0.0000000e+00
   8.3410850e-03
   2.5949957e-02
   5.0046368e-02
   7.9703436e-02
   1.1306767e-01
   1.4735870e-01
   1.8164968e-01
   2.1501392e-01
   2.4652457e-01
   2.7340131e-01
   2.9379055e-01
   3.0861909e-01
   3.1696018e-01
   3.1974053e-01
   3.2066729e-01
   3.1881372e-01
   3.1696016e-01
   3.1696016e-01
   3.1510661e-01
   3.1047268e-01
   3.0305840e-01
   2.9379055e-01
   2.8174235e-01
   2.7062096e-01
   2.6135311e-01
   2.5393885e-01
   2.5115848e-01
   2.5115848e-01
   2.5486563e-01
   2.6042633e-01
   2.7062096e-01
   2.8359594e-01
   2.9842448e-01
   3.1603338e-01
   3.3178870e-01
   3.4476368e-01
   3.5125116e-01
   3.5125118e-01
   3.4383692e-01
   3.3086192e-01
   3.1510659e-01
   2.9935127e-01
   2.8359594e-01
   2.6876740e-01
   2.5301207e-01
   2.3632994e-01
   2.1594070e-01
   1.9277109e-01
   1.6867472e-01
   1.4457833e-01
   1.2418907e-01
   1.0565339e-01
   9.3605217e-02
   8.5264153e-02
   8.2483804e-02
   8.6190935e-02
   9.5458783e-02
   1.1028733e-01
   1.3160335e-01
   1.5569974e-01
   1.7979611e-01
   2.0296572e-01
   2.2057463e-01
   2.3169605e-01
   2.3540316e-01
   2.3262281e-01
   2.2613533e-01
   2.1779426e-01
   2.0852644e-01
   1.9833181e-01
   1.8813720e-01
   1.7979613e-01
   1.7145507e-01
   1.6496759e-01
   1.6126044e-01
   1.6126044e-01
   1.6311400e-01
   1.6404081e-01
   1.6496757e-01
   1.6218722e-01
   1.5384618e-01
   1.4179798e-01
   1.2974978e-01
   1.1770159e-01
   1.1028733e-01
   1.0750698e-01
   1.1121411e-01
   1.1862839e-01
   1.3067657e-01
   1.4457833e-01
   1.5940687e-01
   1.7423542e-01
   1.8813718e-01
   2.0018537e-01
   2.0852644e-01
   2.1223357e-01
   2.0945322e-01
   2.0203894e-01
   1.9091755e-01
   1.7794255e-01
   1.6682115e-01
   1.5940687e-01
   1.5569972e-01
   1.5477296e-01
   1.5662652e-01
   1.5755331e-01
   1.5662652e-01
   1.5291939e-01
   1.4735870e-01
   1.4179798e-01
   1.3623728e-01
   1.3067657e-01
   1.2418909e-01
   1.1862839e-01
   1.1399444e-01
   1.0936052e-01
   1.0565339e-01
   1.0565339e-01
   1.0750696e-01
   1.1121409e-01
   1.1862837e-01
   1.2418909e-01
   1.2882300e-01
   1.3253013e-01
   1.3623728e-01
   1.3994441e-01
   1.4550511e-01
   1.5477296e-01
   1.6774792e-01
   1.8164970e-01
   1.9462468e-01
   2.0759965e-01
   2.1686748e-01
   2.2613533e-01
   2.3169603e-01
   2.3818353e-01
   2.4281744e-01
   2.4745137e-01
   2.5115848e-01
   2.5393885e-01
   2.5393885e-01
   2.5393885e-01
   2.5579242e-01
   2.5949955e-01
   2.6691381e-01
   2.7803524e-01
   2.8915664e-01
   3.0027807e-01
   3.0954590e-01
   3.1510659e-01
   3.1788694e-01
   3.1881372e-01
   3.1788696e-01
   3.1788694e-01
   3.1510659e-01
   3.1325303e-01
   3.0861909e-01
   3.0305842e-01
   2.9749770e-01
   2.9193698e-01
   2.8915664e-01
   2.9008344e-01
   2.9471735e-01
   3.0120485e-01
   3.0676555e-01
   3.0954590e-01
   3.0954590e-01
   3.0583875e-01
   2.9842448e-01
   2.9008344e-01
   2.7896201e-01
   2.6691383e-01
   2.5393885e-01
   2.4096387e-01
   2.2706211e-01
   2.1501392e-01
   2.0574609e-01
   2.0203894e-01
   2.0111216e-01
   2.0667285e-01
   2.1408713e-01
   2.1964783e-01
   2.2428176e-01
   2.2335496e-01
   2.1964783e-01
   2.1223357e-01
   2.0296572e-01
   1.9369789e-01
   1.8535683e-01
   1.7794255e-01
   1.7052828e-01
   1.6496759e-01
   1.6311400e-01
   1.6404079e-01
   1.6960150e-01
   1.8072292e-01
   1.9647824e-01
   2.1408713e-01
   2.3354961e-01
   2.5115848e-01
   2.6598705e-01
   2.7710846e-01
   2.8359594e-01
   2.8822985e-01
   2.9008344e-01
   2.9101022e-01
   2.8915666e-01
   2.8544951e-01
   2.8081557e-01
   2.7618166e-01
   2.7340131e-01
   2.7340131e-01
   2.7896203e-01
   2.9008342e-01
   3.0213161e-01
   3.1603338e-01
   3.2808157e-01
   3.3734942e-01
   3.4383690e-01
   3.4569046e-01
   3.4476368e-01
   3.4291012e-01
   3.3642264e-01
   3.2808157e-01
   3.1510659e-01
   3.0120483e-01
   2.8452272e-01
   2.6876740e-01
   2.5579242e-01
   2.4837814e-01
   2.4652459e-01
   2.4745135e-01
   2.5115848e-01
   2.5393885e-01
   2.5486563e-01
   2.5393885e-01
   2.4930494e-01
   2.4374422e-01
   2.3818353e-01
   2.3169603e-01
   2.2428174e-01
   2.1779426e-01
   2.1038000e-01
   2.0389252e-01
   1.9833181e-01
   1.9369787e-01
   1.9184433e-01
   1.9277109e-01
   1.9555146e-01
   1.9925859e-01
   2.0203894e-01
   2.0296572e-01
   2.0481929e-01
   2.0667285e-01
   2.1130679e-01
   2.1872105e-01
   2.2891568e-01
   2.4096385e-01
   2.5208529e-01
   2.6135311e-01
   2.6784061e-01
   2.6969418e-01
   2.7062096e-01
   2.6969418e-01
   2.6784061e-01
   2.6598703e-01
   2.6413346e-01
   2.6135313e-01
   2.5764598e-01
   2.5579242e-01
   2.5486563e-01
   2.5764598e-01
   2.6413348e-01
   2.7432809e-01
   2.8730307e-01
   3.0027805e-01
   3.1047266e-01
   3.2066729e-01
   3.2715479e-01
   3.3271551e-01
   3.3734942e-01
   3.4383692e-01
   3.5032440e-01
   3.5588509e-01
   3.6051903e-01
   3.6237259e-01
   3.6329938e-01
   3.5959222e-01
   3.5495831e-01
   3.4754405e-01
   3.3827620e-01
   3.2437444e-01
   3.0583875e-01
   2.8359594e-01
   2.5764598e-01
   2.3169603e-01
   2.0667287e-01
   1.8628361e-01
   1.7238185e-01
   1.6404079e-01
   1.6126044e-01
   1.5940689e-01
   1.6033365e-01
   1.5940687e-01
   1.5662652e-01
   1.5291939e-01
   1.4921226e-01
   1.4365155e-01
   1.3901763e-01
   1.3345692e-01
   1.2604265e-01
   1.1862837e-01
   1.1214089e-01
   1.0843376e-01
   1.0658020e-01
   1.0936052e-01
   1.1399444e-01
   1.2048196e-01
   1.2511587e-01
   1.2974978e-01
   1.3160335e-01
   1.3438370e-01
   1.3716407e-01
   1.4179798e-01
   1.4921226e-01
   1.6033365e-01
   1.7238185e-01
   1.8535683e-01
   1.9740502e-01
   2.1038000e-01
   2.2242820e-01
   2.3447637e-01
   2.4467100e-01
   2.5208527e-01
   2.5579242e-01
   2.5301207e-01
   2.4467100e-01
   2.2984246e-01
   2.1223357e-01
   1.9462468e-01
   1.7979613e-01
   1.7052828e-01
   1.6589435e-01
   1.6774792e-01
   1.7145507e-01
   1.7794255e-01
   1.8628361e-01
   1.9369787e-01
   2.0296572e-01
   2.1130679e-01
   2.2057461e-01
   2.3076924e-01
   2.4003709e-01
   2.4745137e-01
   2.5671920e-01
   2.6691381e-01
   2.7710844e-01
   2.9008344e-01
   3.0491198e-01
   3.1788694e-01
   3.2808157e-01
   3.3364229e-01
   3.3086194e-01
   3.2252085e-01
   3.1047268e-01
   2.9657092e-01
   2.8174237e-01
   2.6876740e-01
   2.5764598e-01
   2.4745137e-01
   2.3911031e-01
   2.3354959e-01
   2.3076924e-01
   2.3169605e-01
   2.3725672e-01
   2.4652457e-01
   2.5764598e-01
   2.6876740e-01
   2.7710846e-01
   2.8174237e-01
   2.8174237e-01
   2.7618168e-01
   2.6969418e-01
   2.6227990e-01
   2.5579242e-01
   2.5023172e-01
   2.4652457e-01
   2.4281744e-01
   2.4096387e-01
   2.4003709e-01
   2.4096387e-01
   2.4467102e-01
   2.5115848e-01
   2.5764598e-01
   2.6506026e-01
   2.6969418e-01
   2.7154774e-01
   2.7247453e-01
   2.7154774e-01
   2.7154776e-01
   2.7247453e-01
   2.7618166e-01
   2.7988881e-01
   2.8266916e-01
   2.8452272e-01
   2.8174237e-01
   2.7710846e-01
   2.7062096e-01
   2.6227990e-01
   2.5208529e-01
   2.4281746e-01
   2.2984246e-01
   2.1408713e-01
   1.9740502e-01
   1.7886933e-01
   1.5940687e-01
   1.4457833e-01
   1.3345692e-01
   1.2974978e-01
   1.3067657e-01
   1.3438370e-01
   1.4087120e-01
   1.4735868e-01
   1.5106583e-01
   1.5106583e-01
   1.5013902e-01
   1.4643189e-01
   1.4087120e-01
   1.3253013e-01
   1.2326231e-01
   1.1214089e-01
   1.0472663e-01
   1.0194626e-01
   1.0565339e-01
   1.1770159e-01
   1.3809085e-01
   1.6404081e-01
   1.9184433e-01
   2.1964785e-01
   2.4467100e-01
   2.6413346e-01
   2.7988881e-01
   2.9101020e-01
   2.9842448e-01
   3.0398520e-01
   3.0491196e-01
   3.0213161e-01
   2.9564414e-01
   2.8359594e-01
   2.6969418e-01
   2.5486561e-01
   2.3911029e-01
   2.2613533e-01
   2.1594070e-01
   2.0667285e-01
   1.9925859e-01
   1.9369789e-01
   1.8999074e-01
   1.9091753e-01
   1.9555146e-01
   2.0389252e-01
   2.1779426e-01
   2.3169605e-01
   2.4559779e-01
   2.5764598e-01
   2.6506024e-01
   2.6969418e-01
   2.7154774e-01
   2.7062096e-01
   2.6876740e-01
   2.6413346e-01
   2.5764600e-01
   2.4930492e-01
   2.3818353e-01
   2.2706211e-01
   2.1779426e-01
   2.1223357e-01
   2.1130677e-01
   2.1594070e-01
   2.2520853e-01
   2.3725672e-01
   2.5023172e-01
   2.6042635e-01
   2.7062096e-01
   2.7803524e-01
   2.8266916e-01
   2.8452272e-01
   2.8359594e-01
   2.7896201e-01
   2.6969418e-01
   2.5486563e-01
   2.3818353e-01
   2.2057463e-01
   2.0574609e-01
   1.9369787e-01
   1.8721039e-01
   1.8535683e-01
   1.8721039e-01
   1.8813720e-01
   1.9091753e-01
   1.9369787e-01
   1.9647824e-01
   2.0018537e-01
   2.0574609e-01
   2.1037998e-01
   2.1686750e-01
   2.2242820e-01
   2.2706211e-01
   2.3169603e-01
   2.3632994e-01
   2.4374422e-01
   2.5393885e-01
   2.6691383e-01
   2.7896203e-01
   2.8915664e-01
   2.9749770e-01
   3.0027805e-01
   2.9842448e-01
   2.9379057e-01
   2.8637629e-01
   2.7896201e-01
   2.7062096e-01
   2.6135311e-01
   2.4837814e-01
   2.3447637e-01
   2.1872105e-01
   2.0111216e-01
   1.8350326e-01
   1.6960150e-01
   1.5755331e-01
   1.4921224e-01
   1.4272476e-01
   1.3716407e-01
   1.3531048e-01
   1.3253013e-01
   1.3253013e-01
   1.3623728e-01
   1.4179798e-01
   1.5013904e-01
   1.5848009e-01
   1.6589437e-01
   1.7145507e-01
   1.7608898e-01
   1.7886935e-01
   1.8257648e-01
   1.8813718e-01
   1.9462466e-01
   2.0296572e-01
   2.0945322e-01
   2.1594070e-01
   2.1872105e-01
   2.2150142e-01
   2.2242820e-01
   2.2335498e-01
   2.2798890e-01
   2.3354961e-01
   2.4096387e-01
   2.4930494e-01
   2.5486563e-01
   2.6042635e-01
   2.6227992e-01
   2.6320670e-01
   2.6320668e-01
   2.6135311e-01
   2.5857279e-01
   2.5393885e-01
   2.4745135e-01
   2.3911031e-01
   2.3169603e-01
   2.2613533e-01
   2.2428176e-01
   2.2706211e-01
   2.3354961e-01
   2.4281744e-01
   2.5023172e-01
   2.5671920e-01
   2.5857279e-01
   2.5764598e-01
   2.5393885e-01
   2.4837816e-01
   2.4559779e-01
   2.4281744e-01
   2.4281746e-01
   2.4281746e-01
   2.4467100e-01
   2.4837816e-01
   2.5393883e-01
   2.6135311e-01
   2.7154774e-01
   2.8359594e-01
   2.9564414e-01
   3.0676555e-01
   3.1603338e-01
   3.2066731e-01
   3.2530122e-01
   3.2808157e-01
   3.3178870e-01
   3.3827620e-01
   3.4569048e-01
   3.5403153e-01
   3.6051903e-01
   3.6329938e-01
   3.6051903e-01
   3.5403153e-01
   3.4569046e-01
   3.3364229e-01
   3.2066731e-01
   3.0676555e-01
   2.9101020e-01
   2.7618168e-01
   2.5949955e-01
   2.4559779e-01
   2.3354961e-01
   2.2428176e-01
   2.1686748e-01
   2.1038000e-01
   2.0296574e-01
   1.9277111e-01
   1.7886933e-01
   1.6126046e-01
   1.4365155e-01
   1.2789622e-01
   1.1584802e-01
   1.1306767e-01
   1.1677481e-01
   1.2882300e-01
   1.4735868e-01
   1.6960150e-01
   1.9647824e-01
   2.2335498e-01
   2.5115848e-01
   2.7710844e-01
   3.0120483e-01
   3.1788696e-01
   3.2808159e-01
   3.3086194e-01
   3.2622801e-01
   3.1881372e-01
   3.0954590e-01
   3.0027805e-01
   2.9379055e-01
   2.9008344e-01
   2.8822985e-01
   2.8637629e-01
   2.8266914e-01
   2.7988879e-01
   2.7710844e-01
   2.7432809e-01
   2.7525487e-01
   2.7896203e-01
   2.8452272e-01
   2.9101022e-01
   2.9935127e-01
   3.0676555e-01
   3.1510659e-01
   3.2344764e-01
   3.3271551e-01
   3.4198333e-01
   3.4939759e-01
   3.5310473e-01
   3.5125118e-01
   3.4476370e-01
   3.3178870e-01
   3.1603338e-01
   3.0027805e-01
   2.8359592e-01
   2.6969418e-01
   2.5764598e-01
   2.4745135e-01
   2.4003709e-01
   2.3262283e-01
   2.2984246e-01
   2.2891568e-01
   2.3354959e-01
   2.4096387e-01
   2.5023170e-01
   2.5949955e-01
   2.6598705e-01
   2.6876740e-01
   2.6598705e-01
   2.5949957e-01
   2.5208529e-01
   2.4281744e-01
   2.3447637e-01
   2.2613531e-01
   2.1779429e-01
   2.1130679e-01
   2.0389250e-01
   1.9740500e-01
   1.9277111e-01
   1.9091753e-01
   1.9091753e-01
   1.9369787e-01
   1.9647822e-01
   1.9740502e-01
   1.9740502e-01
   1.9462468e-01
   1.9184431e-01
   1.8999076e-01
   1.9184431e-01
   1.9555146e-01
   2.0111216e-01
   2.0852642e-01
   2.1686750e-01
   2.2335498e-01
   2.2984246e-01
   2.3725674e-01
   2.4745135e-01
   2.5857277e-01
   2.7062096e-01
   2.8174237e-01
   2.9286377e-01
   2.9935127e-01
   3.0213163e-01
   3.0213161e-01
   2.9935127e-01
   2.9564412e-01
   2.9008342e-01
   2.8359594e-01
   2.7525487e-01
   2.6506026e-01
   2.5208529e-01
   2.3911031e-01
   2.2613533e-01
   2.1501394e-01
   2.0667287e-01
   2.0018537e-01
   1.9462468e-01
   1.8999076e-01
   1.8535683e-01
   1.7979611e-01
   1.7516222e-01
   1.7238185e-01
   1.7330863e-01
   1.7794257e-01
   1.8535683e-01
   1.9462466e-01
   2.0203894e-01
   2.0945322e-01
   2.1408713e-01
   2.1686748e-01
   2.1964785e-01
   2.2242820e-01
   2.2335498e-01
   2.2335496e-01
   2.2242820e-01
   2.1964785e-01
   2.1501392e-01
   2.0945322e-01
   2.0667287e-01
   2.0759965e-01
   2.1223357e-01
   2.2150140e-01
   2.3354959e-01
   2.4559779e-01
   2.5949955e-01
   2.7154774e-01
   2.8266916e-01
   2.9564414e-01
   3.0491198e-01
   3.1417981e-01
   3.1974053e-01
   3.1881372e-01
   3.1047268e-01
   2.9471735e-01
   2.7432809e-01
   2.5208527e-01
   2.2706211e-01
   2.0574607e-01
   1.8535683e-01
   1.6960148e-01
   1.5662652e-01
   1.4643189e-01
   1.3809083e-01
   1.3253013e-01
   1.3067657e-01
   1.3160335e-01
   1.3438372e-01
   1.3809085e-01
   1.4087120e-01
   1.4272476e-01
   1.4457833e-01
   1.4550511e-01
   1.4735868e-01
   1.5106583e-01
   1.5848011e-01
   1.6682115e-01
   1.7516220e-01
   1.8350324e-01
   1.8628361e-01
   1.8628361e-01
   1.8443005e-01
   1.8072292e-01
   1.7701578e-01
   1.7330863e-01
   1.6960150e-01
   1.6496759e-01
   1.5848009e-01
   1.5106581e-01
   1.4087120e-01
   1.3067657e-01
   1.2233552e-01
   1.1492124e-01
   1.0843374e-01
   1.0472663e-01
   1.0101948e-01
   9.7312348e-02
   9.5458763e-02
   9.3605197e-02
   9.5458763e-02
   1.0009270e-01
   1.0658018e-01
   1.1584802e-01
   1.2511585e-01
   1.3438372e-01
   1.4087120e-01
   1.4643189e-01
   1.5013902e-01
   1.5662652e-01
   1.6496759e-01
   1.7330863e-01
   1.8350324e-01
   1.9277111e-01
   2.0203894e-01
   2.0759965e-01
   2.1408715e-01
   2.1964783e-01
   2.2613531e-01
   2.3262283e-01
   2.4003709e-01
   2.4745135e-01
   2.5301207e-01
   2.5579242e-01
   2.5764598e-01
   2.5857277e-01
   2.6042635e-01
   2.6413348e-01
   2.6784061e-01
   2.7154774e-01
   2.7432809e-01
   2.7247455e-01
   2.6876740e-01
   2.6135311e-01
   2.5579242e-01
   2.5115850e-01
   2.5115848e-01
   2.5393885e-01
   2.6135311e-01
   2.7062096e-01
   2.8266914e-01
   2.9564414e-01
   3.0861909e-01
   3.2252087e-01
   3.3734942e-01
   3.5032438e-01
   3.6237259e-01
   3.6978685e-01
   3.7442079e-01
   3.7442079e-01
   3.7164042e-01
   3.6978685e-01
   3.6886007e-01
   3.6793329e-01
   3.6886007e-01
   3.6978685e-01
   3.6793329e-01
   3.6237259e-01
   3.5310473e-01
   3.4198333e-01
   3.2993514e-01
   3.1788694e-01
   3.0676553e-01
   2.9935127e-01
   2.9286379e-01
   2.9101020e-01
   2.9008344e-01
   2.9379055e-01
   2.9842448e-01
   3.0769231e-01
   3.1788694e-01
   3.2530122e-01
   3.2993516e-01
   3.2715479e-01
   3.1696016e-01
   3.0027805e-01
   2.7896201e-01
   2.5764598e-01
   2.4003707e-01
   2.2706211e-01
   2.2150140e-01
   2.1964783e-01
   2.2428176e-01
   2.3169603e-01
   2.4096387e-01
   2.5208529e-01
   2.6320668e-01
   2.7525487e-01
   2.8544953e-01
   2.9471735e-01
   3.0120483e-01
   3.0491196e-01
   3.0769233e-01
   3.0954590e-01
   3.1232624e-01
   3.1974051e-01
   3.2993514e-01
   3.4105655e-01
   3.5310475e-01
   3.6422614e-01
   3.7256720e-01
   3.7998148e-01
   3.8461540e-01
   3.8924933e-01
   3.9388325e-01
   3.9759038e-01
   4.0129751e-01
   4.0129751e-01
   3.9944394e-01
   3.9481003e-01
   3.8739577e-01
   3.7998148e-01
   3.7349399e-01
   3.6978685e-01
   3.6886007e-01
   3.6886007e-01
   3.7071364e-01
   3.7349401e-01
   3.7998148e-01
   3.8646896e-01
   3.9573681e-01
   4.0778501e-01
   4.1983320e-01
   4.2910103e-01
   4.3280816e-01
   4.3095460e-01
   4.2075997e-01
   4.0407788e-01
   3.8090827e-01
   3.5588509e-01
   3.2993516e-01
   3.0398518e-01
   2.8081559e-01
   2.5764598e-01
   2.4003709e-01
   2.2706211e-01
   2.2057461e-01
   2.2242820e-01
   2.3262281e-01
   2.5023170e-01
   2.7154774e-01
   2.9564414e-01
   3.1788696e-01
   3.3549585e-01
   3.4847083e-01
   3.5495831e-01
   3.5681188e-01
   3.5310475e-01
   3.4569048e-01
   3.3364229e-01
   3.1881372e-01
   3.0120485e-01
   2.8266914e-01
   2.6691383e-01
   2.5579242e-01
   2.4837814e-01
   2.4559779e-01
   2.4559781e-01
   2.4652457e-01
   2.4652457e-01
   2.4281744e-01
   2.3725674e-01
   2.2984246e-01
   2.2335498e-01
   2.1872105e-01
   2.1408713e-01
   2.1130677e-01
   2.1037998e-01
   2.0852642e-01
   2.0759963e-01
   2.0759965e-01
   2.0759965e-01
   2.1038000e-01
   2.1223357e-01
   2.1316035e-01
   2.1130677e-01
   2.0574609e-01
   1.9462468e-01
   1.8164968e-01
   1.6774794e-01
   1.5477296e-01
   1.4457833e-01
   1.3809085e-01
   1.3531050e-01
   1.3623728e-01
   1.3994441e-01
   1.4643189e-01
   1.5569974e-01
   1.6867470e-01
   1.8443005e-01
   2.0203894e-01
   2.1872105e-01
   2.3354961e-01
   2.4281744e-01
   2.4745137e-01
   2.4652459e-01
   2.4467102e-01
   2.4096385e-01
   2.3911031e-01
   2.4189066e-01
   2.4559779e-01
   2.5115850e-01
   2.5764598e-01
   2.6227992e-01
   2.6784061e-01
   2.7062096e-01
   2.7247455e-01
   2.7154774e-01
   2.6969418e-01
   2.6413348e-01
   2.5486563e-01
   2.4467100e-01
   2.3354961e-01
   2.2428176e-01
   2.2150142e-01
   2.2335498e-01
   2.3169603e-01
   2.4374422e-01
   2.5671920e-01
   2.6969418e-01
   2.8081559e-01
   2.8915666e-01
   2.9471735e-01
   2.9935127e-01
   3.0120483e-01
   3.0120483e-01
   2.9842448e-01
   2.9286377e-01
   2.8452272e-01
   2.7525490e-01
   2.6598705e-01
   2.5764598e-01
   2.5208529e-01
   2.5023172e-01
   2.5023170e-01
   2.5023172e-01
   2.5115850e-01
   2.4930494e-01
   2.4745137e-01
   2.4281744e-01
   2.3911031e-01
   2.3447637e-01
   2.2984248e-01
   2.2242820e-01
   2.1223357e-01
   2.0203894e-01
   1.9091753e-01
   1.8072292e-01
   1.7608900e-01
   1.7794255e-01
   1.8721039e-01
   2.0111216e-01
   2.1872107e-01
   2.3911031e-01
   2.5764598e-01
   2.7525487e-01
   2.9101022e-01
   3.0398520e-01
   3.1417981e-01
   3.2066729e-01
   3.2252087e-01
   3.2159409e-01
   3.1603340e-01
   3.0769233e-01
   2.9935127e-01
   2.9286379e-01
   2.9008342e-01
   2.9193700e-01
   2.9749770e-01
   3.0583875e-01
   3.1510659e-01
   3.2715479e-01
   3.3827620e-01
   3.5032440e-01
   3.6237257e-01
   3.7534757e-01
   3.8646896e-01
   3.9481003e-01
   3.9573681e-01
   3.9202966e-01
   3.8090825e-01
   3.6515294e-01
   3.4847083e-01
   3.2900835e-01
   3.1139946e-01
   2.9379057e-01
   2.7432809e-01
   2.5579242e-01
   2.3632994e-01
   2.1594072e-01
   1.9925859e-01
   1.8628361e-01
   1.7886935e-01
   1.7608900e-01
   1.7979611e-01
   1.8535683e-01
   1.9462466e-01
   2.0481929e-01
   2.1594070e-01
   2.2706211e-01
   2.4003709e-01
   2.5115848e-01
   2.6042635e-01
   2.6876738e-01
   2.7247453e-01
   2.7432809e-01
   2.7247455e-01
   2.7062096e-01
   2.6969418e-01
   2.6876740e-01
   2.6969418e-01
   2.6876740e-01
   2.6598703e-01
   2.5949957e-01
   2.5023170e-01
   2.3911031e-01
   2.2798890e-01
   2.1872105e-01
   2.1130677e-01
   2.0759965e-01
   2.0574609e-01
   2.0389250e-01
   2.0111216e-01
   1.9555144e-01
   1.8906396e-01
   1.8164970e-01
   1.7330863e-01
   1.6589435e-01
   1.5662652e-01
   1.4828546e-01
   1.4087120e-01
   1.3345692e-01
   1.2882300e-01
   1.2882300e-01
   1.3253013e-01
   1.3901763e-01
   1.4735868e-01
   1.5477296e-01
   1.5848009e-01
   1.5662652e-01
   1.4921224e-01
   1.3716407e-01
   1.2140872e-01
   1.0565341e-01
   9.0824849e-02
   7.8776653e-02
   6.7655261e-02
   5.7460630e-02
   5.0046368e-02
   4.4485652e-02
   4.2632086e-02
   4.4485652e-02
   5.0973151e-02
   6.1167761e-02
   7.3215957e-02
   8.8044501e-02
   1.0194626e-01
   1.1584802e-01
   1.2974978e-01
   1.4365155e-01
   1.5662652e-01
   1.6774794e-01
   1.7423542e-01
   1.7516220e-01
   1.6960150e-01
   1.5755331e-01
   1.4179798e-01
   1.2511587e-01
   1.1028731e-01
   1.0101948e-01
   9.8239131e-02
   1.0194626e-01
   1.1121411e-01
   1.2511585e-01
   1.4179798e-01
   1.6126046e-01
   1.8350324e-01
   2.0667287e-01
   2.2984246e-01
   2.5115850e-01
   2.6876740e-01
   2.8266916e-01
   2.9008342e-01
   2.9564414e-01
   2.9935127e-01
   3.0398518e-01
   3.1047268e-01
   3.1881372e-01
   3.2993514e-01
   3.4198333e-01
   3.5217796e-01
   3.6144579e-01
   3.6978685e-01
   3.7627433e-01
   3.8183505e-01
   3.8739575e-01
   3.8924933e-01
   3.8832253e-01
   3.8276183e-01
   3.7071364e-01
   3.5681188e-01
   3.3920298e-01
   3.2159409e-01
   3.0305840e-01
   2.8822985e-01
   2.7340131e-01
   2.6135311e-01
   2.5023172e-01
   2.4374422e-01
   2.4003709e-01
   2.4281744e-01
   2.5208529e-01
   2.6876740e-01
   2.8822985e-01
   3.0954590e-01
   3.2900837e-01
   3.4569048e-01
   3.5588509e-01
   3.6144579e-01
   3.6144579e-01
   3.5866544e-01
   3.5310475e-01
   3.4476370e-01
   3.3456907e-01
   3.2159407e-01
   3.0676555e-01
   2.9101020e-01
   2.7618168e-01
   2.6227990e-01
   2.5115850e-01
   2.4096387e-01
   2.3169603e-01
   2.2335498e-01
   2.1594070e-01
   2.1223357e-01
   2.1408713e-01
   2.2150142e-01
   2.3725672e-01
   2.5764600e-01
   2.8359594e-01
   3.0954590e-01
   3.3271548e-01
   3.5125118e-01
   3.6422614e-01
   3.6978685e-01
   3.6978685e-01
   3.6515294e-01
   3.5403153e-01
   3.3734942e-01
   3.1603338e-01
   2.9101022e-01
   2.6506026e-01
   2.4003709e-01
   2.2150140e-01
   2.0945322e-01
   2.0667285e-01
   2.1223357e-01
   2.2242820e-01
   2.3725672e-01
   2.5023172e-01
   2.6320670e-01
   2.7340131e-01
   2.7988879e-01
   2.8266916e-01
   2.8174237e-01
   2.7710846e-01
   2.6784061e-01
   2.5579242e-01
   2.4281744e-01
   2.3262283e-01
   2.2520855e-01
   2.2520855e-01
   2.2891568e-01
   2.3911031e-01
   2.5115850e-01
   2.6506026e-01
   2.7710844e-01
   2.8730307e-01
   2.9657092e-01
   3.0491196e-01
   3.1325303e-01
   3.2066731e-01
   3.2715479e-01
   3.3178870e-01
   3.3549585e-01
   3.3642264e-01
   3.3827620e-01
   3.4012977e-01
   3.4291012e-01
   3.4847083e-01
   3.5310475e-01
   3.5495831e-01
   3.5310475e-01
   3.4661725e-01
   3.3456907e-01
   3.2066731e-01
   3.0491196e-01
   2.9008342e-01
   2.7710846e-01
   2.6598705e-01
   2.5579242e-01
   2.4652459e-01
   2.3911031e-01
   2.3447639e-01
   2.3169605e-01
   2.3540316e-01
   2.4189066e-01
   2.5208529e-01
   2.6320670e-01
   2.7618168e-01
   2.8822987e-01
   2.9842448e-01
   3.0861911e-01
   3.1696016e-01
   3.2530122e-01
   3.2993516e-01
   3.2993516e-01
   3.2437444e-01
   3.1232624e-01
   2.9286377e-01
   2.6969418e-01
   2.4745135e-01
   2.2613533e-01
   2.1130677e-01
   2.0296574e-01
   2.0203894e-01
   2.0667287e-01
   2.1686748e-01
   2.2984246e-01
   2.4652457e-01
   2.6320668e-01
   2.7988881e-01
   2.9379057e-01
   3.0305840e-01
   3.0583877e-01
   3.0120483e-01
   2.9101022e-01
   2.7618168e-01
   2.5949957e-01
   2.4652459e-01
   2.3540316e-01
   2.2984246e-01
   2.2798890e-01
   2.2891568e-01
   2.3076924e-01
   2.3262281e-01
   2.3540316e-01
   2.3818353e-01
   2.4096387e-01
   2.4559779e-01
   2.4930494e-01
   2.5486563e-01
   2.5857277e-01
   2.6227990e-01
   2.6876740e-01
   2.7618166e-01
   2.8637629e-01
   2.9749770e-01
   3.1139946e-01
   3.2252087e-01
   3.3178870e-01
   3.3642264e-01
   3.3827620e-01
   3.3827620e-01
   3.3827620e-01
   3.4012977e-01
   3.4383690e-01
   3.4939761e-01
   3.5681188e-01
   3.6144581e-01
   3.6515292e-01
   3.6515294e-01
   3.6422614e-01
   3.6051901e-01
   3.5495831e-01
   3.4939759e-01
   3.4105655e-01
   3.2993514e-01
   3.1510659e-01
   2.9935127e-01
   2.8359594e-01
   2.7062096e-01
   2.5949955e-01
   2.5393885e-01
   2.5208529e-01
   2.5301207e-01
   2.5579242e-01
   2.5764598e-01
   2.5949955e-01
   2.6042633e-01
   2.5949955e-01
   2.5857277e-01
   2.5671920e-01
   2.5115850e-01
   2.4467100e-01
   2.3540316e-01
   2.2706211e-01
   2.1872105e-01
   2.1408713e-01
   2.1316035e-01
   2.1686748e-01
   2.2150142e-01
   2.2520855e-01
   2.2520855e-01
   2.1872107e-01
   2.0481931e-01
   1.8813718e-01
   1.6589437e-01
   1.4272476e-01
   1.2233550e-01
   1.0379983e-01
   8.8971284e-02
   7.9703436e-02
   7.5069522e-02
   7.5996305e-02
   8.4337370e-02
   9.8239131e-02
   1.1677481e-01
   1.3531048e-01
   1.5384616e-01
   1.6867470e-01
   1.7886935e-01
   1.8535683e-01
   1.8813718e-01
   1.8999074e-01
   1.9277111e-01
   1.9647824e-01
   2.0111216e-01
   2.0389250e-01
   2.0203894e-01
   1.9555146e-01
   1.8257648e-01
   1.6682115e-01
   1.4643189e-01
   1.2604263e-01
   1.0658018e-01
   8.8971304e-02
   7.5996305e-02
   6.9508806e-02
   6.9508826e-02
   7.9703436e-02
   9.8239131e-02
   1.2326231e-01
   1.5199259e-01
   1.8164970e-01
   2.0759965e-01
   2.2520855e-01
   2.3632994e-01
   2.3725674e-01
   2.3354961e-01
   2.2613533e-01
   2.1779426e-01
   2.1130679e-01
   2.0574607e-01
   2.0296572e-01
   2.0203894e-01
   2.0389250e-01
   2.0852644e-01
   2.1686750e-01
   2.2984246e-01
   2.4467102e-01
   2.6135311e-01
   2.7618166e-01
   2.8730307e-01
   2.9286379e-01
   2.9379057e-01
   2.8915666e-01
   2.8081557e-01
   2.7062096e-01
   2.5949955e-01
   2.4652457e-01
   2.3169605e-01
   2.1501392e-01
   2.0018537e-01
   1.8721039e-01
   1.7701578e-01
   1.7238185e-01
   1.7238185e-01
   1.7701578e-01
   1.8443005e-01
   1.9462466e-01
   2.0389250e-01
   2.1501392e-01
   2.2798890e-01
   2.4189066e-01
   2.5671922e-01
   2.7340131e-01
   2.8730307e-01
   2.9935129e-01
   3.0676553e-01
   3.0861911e-01
   3.0676555e-01
   3.0213161e-01
   2.9842448e-01
   2.9471735e-01
   2.9101020e-01
   2.8730307e-01
   2.8452272e-01
   2.8174235e-01
   2.7896203e-01
   2.7803524e-01
   2.7896203e-01
   2.8266916e-01
   2.8637631e-01
   2.9101022e-01
   2.9379057e-01
   2.9193698e-01
   2.8452272e-01
   2.7247453e-01
   2.5579242e-01
   2.3911031e-01
   2.2057461e-01
   2.0203894e-01
   1.8535683e-01
   1.7052828e-01
   1.5848009e-01
   1.5199259e-01
   1.5013902e-01
   1.5662652e-01
   1.6960150e-01
   1.8813718e-01
   2.0759965e-01
   2.2428176e-01
   2.3632996e-01
   2.4096387e-01
   2.4003709e-01
   2.3354961e-01
   2.2335498e-01
   2.1223357e-01
   2.0203894e-01
   1.9184431e-01
   1.8350326e-01
   1.7516220e-01
   1.6682115e-01
   1.6126046e-01
   1.5477296e-01
   1.5106581e-01
   1.4735868e-01
   1.4457833e-01
   1.3994439e-01
   1.3623728e-01
   1.3067657e-01
   1.2604265e-01
   1.2696944e-01
   1.3160335e-01
   1.4365155e-01
   1.6033365e-01
   1.7979611e-01
   2.0203894e-01
   2.2057461e-01
   2.3632996e-01
   2.4930494e-01
   2.5857277e-01
   2.6413348e-01
   2.6691381e-01
   2.6598705e-01
   2.6227990e-01
   2.5579242e-01
   2.4652457e-01
   2.3540316e-01
   2.2520855e-01
   2.1779429e-01
   2.1316035e-01
   2.1223357e-01
   2.1316035e-01
   2.1501392e-01
   2.1686750e-01
   2.1872105e-01
   2.2057461e-01
   2.2520855e-01
   2.3169605e-01
   2.4003709e-01
   2.5208529e-01
   2.6413346e-01
   2.7710844e-01
   2.8822985e-01
   2.9935127e-01
   3.1139946e-01
   3.2437444e-01
   3.3827620e-01
   3.5403153e-01
   3.6886007e-01
   3.8090827e-01
   3.9110290e-01
   3.9851716e-01
   4.0315107e-01
   4.0685820e-01
   4.1056536e-01
   4.1612605e-01
   4.2075999e-01
   4.2261355e-01
   4.2075997e-01
   4.1519927e-01
   4.0407786e-01
   3.8832253e-01
   3.6978685e-01
   3.4847083e-01
   3.2622801e-01
   3.0305842e-01
   2.7896203e-01
   2.5579242e-01
   2.3262281e-01
   2.1223357e-01
   1.9647824e-01
   1.8628361e-01
   1.8257648e-01
   1.8350326e-01
   1.8628361e-01
   1.8813718e-01
   1.8906398e-01
   1.8813718e-01
   1.8721039e-01
   1.8535683e-01
   1.8535683e-01
   1.8721039e-01
   1.9184433e-01
   1.9740502e-01
   2.0203896e-01
   2.0667287e-01
   2.0852644e-01
   2.0945322e-01
   2.0945322e-01
   2.0667287e-01
   2.0111216e-01
   1.9184431e-01
   1.8072292e-01
   1.6774794e-01
   1.5199259e-01
   1.3994441e-01
   1.3067657e-01
   1.2696944e-01
   1.2789622e-01
   1.3160335e-01
   1.3623726e-01
   1.4087120e-01
   1.4272476e-01
   1.4272474e-01
   1.4087120e-01
   1.4087120e-01
   1.4087120e-01
   1.4365155e-01
   1.4550511e-01
   1.4735868e-01
   1.4828546e-01
   1.4643189e-01
   1.4457833e-01
   1.4179798e-01
   1.4087120e-01
   1.4179796e-01
   1.4365155e-01
   1.4828546e-01
   1.5477296e-01
   1.6311402e-01
   1.7608898e-01
   1.9277111e-01
   2.1316035e-01
   2.3911029e-01
   2.6598705e-01
   2.9193700e-01
   3.1417981e-01
   3.3086192e-01
   3.4105655e-01
   3.4476368e-01
   3.4291014e-01
   3.3734942e-01
   3.3086192e-01
   3.2159409e-01
   3.1139946e-01
   2.9935127e-01
   2.8452272e-01
   2.6969418e-01
   2.5486563e-01
   2.4003709e-01
   2.2798890e-01
   2.1686748e-01
   2.0759963e-01
   1.9647824e-01
   1.8350324e-01
   1.6960150e-01
   1.5569974e-01
   1.4179798e-01
   1.2789622e-01
   1.1677483e-01
   1.0658018e-01
   9.5458763e-02
   8.4337370e-02
   7.3215957e-02
   6.1167761e-02
   5.1899914e-02
   4.6339217e-02
   4.5412435e-02
   4.8192783e-02
   5.6533848e-02
   6.6728458e-02
   7.6923088e-02
   8.8044501e-02
   1.0009268e-01
   1.1028733e-01
   1.2233550e-01
   1.3345692e-01
   1.4365155e-01
   1.5106583e-01
   1.5662652e-01
   1.5940687e-01
   1.5940687e-01
   1.6126044e-01
   1.6589437e-01
   1.7330863e-01
   1.8350326e-01
   1.9555144e-01
   2.0481929e-01
   2.1038000e-01
   2.0852644e-01
   1.9925859e-01
   1.8443005e-01
   1.6404081e-01
   1.4087120e-01
   1.1677481e-01
   9.4531980e-02
   7.5996305e-02
   6.2094544e-02
   5.3753499e-02
   5.4680262e-02
   6.3948109e-02
   8.0630219e-02
   1.0101948e-01
   1.2326231e-01
   1.4087120e-01
   1.5199261e-01
   1.5755331e-01
   1.5477296e-01
   1.4921226e-01
   1.4087120e-01
   1.3531050e-01
   1.3160335e-01
   1.3345692e-01
   1.3716407e-01
   1.4365155e-01
   1.5106581e-01
   1.5848011e-01
   1.6682115e-01
   1.7423542e-01
