   0.0000000e+00
   2.4214791e-01
   4.8733536e-01
   6.9706181e-01
   8.4093210e-01
   9.0780142e-01
   9.0577508e-01
   8.5207699e-01
   7.7507600e-01
   6.9807498e-01
   6.3931105e-01
   6.0587638e-01
   5.9777102e-01
   6.0790274e-01
   6.2715299e-01
   6.4741640e-01
   6.6261397e-01
   6.7173252e-01
   6.7578522e-01
   6.7578520e-01
   6.7477203e-01
   6.7375886e-01
   6.7477203e-01
   6.7983788e-01
   6.8591692e-01
   6.9604862e-01
   7.0719351e-01
   7.1833840e-01
   7.2847012e-01
   7.3353597e-01
   7.3556231e-01
   7.3150963e-01
   7.2441742e-01
   7.1428570e-01
   7.0212766e-01
   6.8996960e-01
   6.7983788e-01
   6.6869301e-01
   6.5856129e-01
   6.5045594e-01
   6.4539006e-01
   6.4336372e-01
   6.4640323e-01
   6.5349544e-01
   6.6261397e-01
   6.7375886e-01
   6.8287741e-01
   6.8693009e-01
   6.8693009e-01
   6.8287741e-01
   6.7578520e-01
   6.6767982e-01
   6.5957446e-01
   6.5349544e-01
   6.4944277e-01
   6.4437689e-01
   6.4235055e-01
   6.4032422e-01
   6.4032422e-01
   6.4133739e-01
   6.4539006e-01
   6.5248227e-01
   6.5957446e-01
   6.6666665e-01
   6.6970618e-01
   6.7173252e-01
   6.7274567e-01
   6.7477203e-01
   6.7781154e-01
   6.8389058e-01
   6.9199594e-01
   7.0314081e-01
   7.1327255e-01
   7.2239108e-01
   7.2948329e-01
   7.3556231e-01
   7.3961499e-01
   7.4468086e-01
   7.4772037e-01
   7.4873352e-01
   7.4569403e-01
   7.3860182e-01
   7.2644376e-01
   7.0921987e-01
   6.8996960e-01
   6.6869299e-01
   6.4640323e-01
   6.2411348e-01
   5.9979738e-01
   5.7345490e-01
   5.4407293e-01
   5.1367779e-01
   4.8632216e-01
   4.5997973e-01
   4.4275582e-01
   4.3363727e-01
   4.3566363e-01
   4.4680852e-01
   4.6707194e-01
   4.9645391e-01
   5.3292806e-01
   5.7649441e-01
   6.2715299e-01
   6.7882473e-01
   7.3049646e-01
   7.7710234e-01
   8.1661600e-01
   8.4599797e-01
   8.6423505e-01
   8.7234043e-01
   8.7234043e-01
   8.6423505e-01
   8.5309016e-01
   8.3890578e-01
   8.2066868e-01
   7.9939209e-01
   7.7507600e-01
   7.5075988e-01
   7.2644378e-01
   7.0415400e-01
   6.8591690e-01
   6.6869299e-01
   6.5349544e-01
   6.3931105e-01
   6.2411348e-01
   6.0688955e-01
   5.8966566e-01
   5.7446807e-01
   5.6129684e-01
   5.5116514e-01
   5.4305978e-01
   5.4002025e-01
   5.3596757e-01
   5.3292806e-01
   5.3090172e-01
   5.2988853e-01
   5.2786221e-01
   5.2786221e-01
   5.2786219e-01
   5.2380953e-01
   5.1671732e-01
   5.0557243e-01
   4.9037486e-01
   4.7416413e-01
   4.5896656e-01
   4.4782167e-01
   4.4174265e-01
   4.4174263e-01
   4.4680850e-01
   4.5491388e-01
   4.6403241e-01
   4.7517730e-01
   4.8733536e-01
   5.0253292e-01
   5.2077000e-01
   5.4407293e-01
   5.6838905e-01
   5.9574468e-01
   6.2411348e-01
   6.5450861e-01
   6.8591692e-01
   7.1833838e-01
   7.5075988e-01
   7.8115502e-01
   8.0648428e-01
   8.2269504e-01
   8.2978723e-01
   8.2472138e-01
   8.0851062e-01
   7.8419452e-01
   7.5379939e-01
   7.2137791e-01
   6.8996960e-01
   6.6160080e-01
   6.3424517e-01
   6.1296859e-01
   5.9574468e-01
   5.8156028e-01
   5.7446807e-01
   5.7244173e-01
   5.7548124e-01
   5.8358662e-01
   5.9270515e-01
   5.9979736e-01
   6.0587638e-01
   6.0891591e-01
   6.0992908e-01
   6.1094225e-01
   6.1094225e-01
   6.1398176e-01
   6.1600810e-01
   6.1803444e-01
   6.1904761e-01
   6.2006078e-01
   6.2006080e-01
   6.2310028e-01
   6.2715299e-01
   6.3728468e-01
   6.5045591e-01
   6.6767982e-01
   6.8693009e-01
   7.0719351e-01
   7.2745693e-01
   7.4873354e-01
   7.7203647e-01
   7.9635258e-01
   8.2066870e-01
   8.4295846e-01
   8.6423507e-01
   8.7841947e-01
   8.8753798e-01
   8.9361702e-01
   8.9564338e-01
   8.9564336e-01
   8.9766970e-01
   8.9969606e-01
   9.0273555e-01
   9.0678825e-01
   9.0982778e-01
   9.1185410e-01
   9.1286729e-01
   9.1388043e-01
   9.1489363e-01
   9.1489360e-01
   9.1286727e-01
   9.0577508e-01
   8.9260387e-01
   8.7234043e-01
   8.4599797e-01
   8.1357649e-01
   7.7912865e-01
   7.4366769e-01
   7.1023304e-01
   6.7781156e-01
   6.4842960e-01
   6.2208714e-01
   6.0081053e-01
   5.8459981e-01
   5.7446807e-01
   5.7244173e-01
   5.7548124e-01
   5.8358662e-01
   5.9169198e-01
   5.9878419e-01
   6.0182370e-01
   6.0081053e-01
   5.9675785e-01
   5.8966564e-01
   5.8054711e-01
   5.7244175e-01
   5.6332320e-01
   5.5217831e-01
   5.4002025e-01
   5.2786221e-01
   5.1570413e-01
   5.0557243e-01
   4.9746705e-01
   4.9240120e-01
   4.9037486e-01
   4.8733536e-01
   4.8632219e-01
   4.8328265e-01
   4.7821683e-01
   4.7416413e-01
   4.7315096e-01
   4.7416413e-01
   4.7923000e-01
   4.8936170e-01
   5.0253292e-01
   5.1874366e-01
   5.3698074e-01
   5.5927052e-01
   5.8561298e-01
   6.1499493e-01
   6.4741643e-01
   6.8085107e-01
   7.1225936e-01
   7.4062818e-01
   7.6190475e-01
   7.7710234e-01
   7.8622086e-01
   7.9128674e-01
   7.9331305e-01
   7.9432624e-01
   7.9432622e-01
   7.9229991e-01
   7.8926037e-01
   7.8622089e-01
   7.8115502e-01
   7.7710231e-01
   7.7608917e-01
   7.7406280e-01
   7.7203647e-01
   7.6697062e-01
   7.5987843e-01
   7.4670720e-01
   7.3049644e-01
   7.1225936e-01
   6.9199594e-01
   6.7679837e-01
   6.6464031e-01
   6.5653495e-01
   6.5248227e-01
   6.5248227e-01
   6.5349544e-01
   6.5653493e-01
   6.6058763e-01
   6.6565350e-01
   6.7173252e-01
   6.7578520e-01
   6.7679837e-01
   6.7274569e-01
   6.6261397e-01
   6.4944277e-01
   6.3120569e-01
   6.1296859e-01
   5.9574468e-01
   5.8156028e-01
   5.6838905e-01
   5.5623099e-01
   5.4407293e-01
   5.2988853e-01
   5.1469098e-01
   4.9949342e-01
   4.8632219e-01
   4.7416413e-01
   4.6403241e-01
   4.5694022e-01
   4.5288754e-01
   4.4984801e-01
   4.5086120e-01
   4.5694022e-01
   4.6808511e-01
   4.8733536e-01
   5.1367779e-01
   5.4508610e-01
   5.7852077e-01
   6.1296859e-01
   6.4235055e-01
   6.6767982e-01
   6.8591692e-01
   6.9706179e-01
   7.0314081e-01
   7.0111447e-01
   6.9199594e-01
   6.7578520e-01
   6.5146908e-01
   6.2208711e-01
   5.9067883e-01
   5.5927052e-01
   5.3090172e-01
   5.0861194e-01
   4.9240120e-01
   4.8328265e-01
   4.7821681e-01
   4.7720364e-01
   4.8024314e-01
   4.8632219e-01
   4.9645388e-01
   5.0861194e-01
   5.2380953e-01
   5.3799391e-01
   5.5116514e-01
   5.6129686e-01
   5.6737588e-01
   5.7041539e-01
   5.7041539e-01
   5.7041539e-01
   5.7142856e-01
   5.7142856e-01
   5.7244175e-01
   5.7142856e-01
   5.6737588e-01
   5.6332318e-01
   5.5825735e-01
   5.5420465e-01
   5.5319148e-01
   5.5420465e-01
   5.5927050e-01
   5.6534954e-01
   5.7446809e-01
   5.8561296e-01
   6.0081053e-01
   6.1904763e-01
   6.4032422e-01
   6.6565350e-01
   6.9098277e-01
   7.1327255e-01
   7.2847010e-01
   7.3657548e-01
   7.3454914e-01
   7.2340425e-01
   7.0415398e-01
   6.8085107e-01
   6.5248227e-01
   6.2310031e-01
   5.9270517e-01
   5.6028369e-01
   5.3090172e-01
   5.0455926e-01
   4.8328268e-01
   4.6909828e-01
   4.6403243e-01
   4.6605877e-01
   4.7416413e-01
   4.8632219e-01
   4.9949342e-01
   5.1469098e-01
   5.2988853e-01
   5.4609929e-01
   5.6534952e-01
   5.8561296e-01
   6.0790274e-01
   6.3120566e-01
   6.5450861e-01
   6.7781154e-01
   7.0111449e-01
   7.2340425e-01
   7.4468084e-01
   7.6393111e-01
   7.8014185e-01
   7.9027354e-01
   7.9331307e-01
   7.8824720e-01
   7.7507597e-01
   7.5683890e-01
   7.3454914e-01
   7.1327253e-01
   6.9402228e-01
   6.7679839e-01
   6.6160080e-01
   6.4741640e-01
   6.3525834e-01
   6.2310031e-01
   6.1398176e-01
   6.0587640e-01
   6.0182370e-01
   5.9777102e-01
   5.9675785e-01
   5.9371834e-01
   5.8662615e-01
   5.7852075e-01
   5.6737588e-01
   5.5724416e-01
   5.4609929e-01
   5.3596757e-01
   5.2887538e-01
   5.2380951e-01
   5.1874364e-01
   5.1469098e-01
   5.1266462e-01
   5.1367781e-01
   5.1975683e-01
   5.2988855e-01
   5.4508612e-01
   5.6231003e-01
   5.8054711e-01
   5.9878419e-01
   6.1600810e-01
   6.3221883e-01
   6.4944274e-01
   6.6767982e-01
   6.8693007e-01
   7.0820668e-01
   7.2847010e-01
   7.4670718e-01
   7.6291791e-01
   7.7507600e-01
   7.8622089e-01
   7.9533939e-01
   8.0344477e-01
   8.1155015e-01
   8.1661600e-01
   8.1762917e-01
   8.1458966e-01
   8.0547111e-01
   7.9229991e-01
   7.7811551e-01
   7.6190475e-01
   7.4772037e-01
   7.3556231e-01
   7.2441742e-01
   7.1327255e-01
   7.0212766e-01
   6.9098277e-01
   6.7882471e-01
   6.6970618e-01
   6.6160080e-01
   6.5653495e-01
   6.5248227e-01
   6.4842957e-01
   6.4336372e-01
   6.3525834e-01
   6.2613982e-01
   6.1702127e-01
   6.0891591e-01
   6.0182370e-01
   5.9878419e-01
   5.9675785e-01
   5.9777102e-01
   6.0081053e-01
   6.0688957e-01
   6.1904761e-01
   6.3627151e-01
   6.5856129e-01
   6.8389056e-01
   7.1023302e-01
   7.3454914e-01
   7.5278622e-01
   7.6190477e-01
   7.6291791e-01
   7.5785207e-01
   7.4670720e-01
   7.3353597e-01
   7.1732523e-01
   7.0111449e-01
   6.8490373e-01
   6.6869299e-01
   6.5349544e-01
   6.4032422e-01
   6.3019250e-01
   6.2512665e-01
   6.2411345e-01
   6.2613982e-01
   6.3120566e-01
   6.3829785e-01
   6.4539006e-01
   6.5248227e-01
   6.6261397e-01
   6.7477203e-01
   6.8996960e-01
   7.0516717e-01
   7.2036474e-01
   7.3150963e-01
   7.3860184e-01
   7.3961499e-01
   7.3657548e-01
   7.3049644e-01
   7.2340425e-01
   7.1631206e-01
   7.1023302e-01
   7.0415400e-01
   6.9706179e-01
   6.8794326e-01
   6.7781156e-01
   6.6666665e-01
   6.5653495e-01
   6.4539006e-01
   6.3627154e-01
   6.2613982e-01
   6.1600810e-01
   6.0486323e-01
   5.9574468e-01
   5.8966566e-01
   5.8763930e-01
   5.9067881e-01
   5.9979736e-01
   6.1296859e-01
   6.2917933e-01
   6.4336372e-01
   6.5450861e-01
   6.6058763e-01
   6.6160080e-01
   6.5957446e-01
   6.5552178e-01
   6.4944277e-01
   6.4235055e-01
   6.3627151e-01
   6.3019250e-01
   6.2411348e-01
   6.2107397e-01
   6.2208714e-01
   6.2816616e-01
   6.3728471e-01
   6.5146911e-01
   6.6565348e-01
   6.7679837e-01
   6.8591690e-01
   6.8996960e-01
   6.8996960e-01
   6.8591692e-01
   6.8287741e-01
   6.7781156e-01
   6.7274569e-01
   6.6767982e-01
   6.6160080e-01
   6.5552178e-01
   6.5146908e-01
   6.4842957e-01
   6.4944274e-01
   6.5248227e-01
   6.5552178e-01
   6.5653493e-01
   6.5248225e-01
   6.3931105e-01
   6.2006080e-01
   5.9169198e-01
   5.5825735e-01
   5.2178317e-01
   4.8530902e-01
   4.5187435e-01
   4.2350557e-01
   4.0020262e-01
   3.8500505e-01
   3.7892603e-01
   3.8297871e-01
   3.9716311e-01
   4.2046604e-01
   4.5086118e-01
   4.8328265e-01
   5.1469098e-01
   5.4305976e-01
   5.6534954e-01
   5.8358662e-01
   5.9675785e-01
   6.0486323e-01
   6.1296859e-01
   6.1600810e-01
   6.1600810e-01
   6.1094225e-01
   6.0283687e-01
   5.9169200e-01
   5.8054711e-01
   5.6940222e-01
   5.6231001e-01
   5.5927052e-01
   5.5927052e-01
   5.6332320e-01
   5.6940222e-01
   5.7750760e-01
   5.8763932e-01
   5.9979736e-01
   6.1398176e-01
   6.2816616e-01
   6.4032422e-01
   6.4944277e-01
   6.5248227e-01
   6.4944274e-01
   6.4032422e-01
   6.2917933e-01
   6.1499493e-01
   6.0081053e-01
   5.8865247e-01
   5.7750760e-01
   5.6534954e-01
   5.5420467e-01
   5.4508610e-01
   5.3698074e-01
   5.3292806e-01
   5.3090170e-01
   5.3292806e-01
   5.3698074e-01
   5.4305978e-01
   5.4711246e-01
   5.4913880e-01
   5.4812563e-01
   5.4609927e-01
   5.4407295e-01
   5.4609927e-01
   5.4913880e-01
   5.5420467e-01
   5.6028369e-01
   5.6636271e-01
   5.7142856e-01
   5.7446807e-01
   5.7649443e-01
   5.7548126e-01
   5.7548126e-01
   5.7244175e-01
   5.6940222e-01
   5.6433637e-01
   5.5724416e-01
   5.5015197e-01
   5.4508610e-01
   5.4204661e-01
   5.4305978e-01
   5.4508612e-01
   5.4812563e-01
   5.4913880e-01
   5.4508612e-01
   5.3799391e-01
   5.2684902e-01
   5.1773049e-01
   5.1063828e-01
   5.0861194e-01
   5.1367779e-01
   5.2684902e-01
   5.4609929e-01
   5.7142858e-01
   6.0081053e-01
   6.3323203e-01
   6.6767984e-01
   7.0516717e-01
   7.3961499e-01
   7.7001013e-01
   7.9432624e-01
   8.0749745e-01
   8.1256332e-01
   8.0749747e-01
   7.9533941e-01
   7.7811548e-01
   7.5785207e-01
   7.3556231e-01
   7.1327255e-01
   6.9199596e-01
   6.7173252e-01
   6.5349542e-01
   6.3627154e-01
   6.2512665e-01
   6.1600810e-01
   6.0891591e-01
   6.0385004e-01
   5.9574468e-01
   5.8459979e-01
   5.7041541e-01
   5.5319148e-01
   5.3596757e-01
   5.2279634e-01
   5.1570415e-01
   5.1367781e-01
   5.2077000e-01
   5.3191489e-01
   5.4812563e-01
   5.6534954e-01
   5.8358662e-01
   6.0283687e-01
   6.2006080e-01
   6.3323200e-01
   6.4235055e-01
   6.4539006e-01
   6.4032422e-01
   6.2917933e-01
   6.1195542e-01
   5.9371834e-01
   5.7649443e-01
   5.6231003e-01
   5.5319148e-01
   5.4913880e-01
   5.4913880e-01
   5.5116514e-01
   5.5521784e-01
   5.6028369e-01
   5.6838907e-01
   5.7548126e-01
   5.8662615e-01
   5.9473151e-01
   6.0283687e-01
   6.0688955e-01
   6.0688955e-01
   6.0587640e-01
   6.0182372e-01
   5.9979738e-01
   5.9878419e-01
   6.0081053e-01
   6.0486323e-01
   6.0891591e-01
   6.1296859e-01
   6.1702127e-01
   6.2107394e-01
   6.2613982e-01
   6.3525837e-01
   6.4741643e-01
   6.6261399e-01
   6.8085105e-01
   6.9807496e-01
   7.1631206e-01
   7.3252278e-01
   7.4772037e-01
   7.6190477e-01
   7.7406283e-01
   7.8318135e-01
   7.9027354e-01
   7.9027354e-01
   7.8419452e-01
   7.7406280e-01
   7.6089160e-01
   7.4772037e-01
   7.3556231e-01
   7.2745695e-01
   7.2036474e-01
   7.1631206e-01
   7.1124619e-01
   7.0415400e-01
   6.9503545e-01
   6.8490375e-01
   6.7375886e-01
   6.6261397e-01
   6.5349544e-01
   6.4539006e-01
   6.3728471e-01
   6.2917933e-01
   6.2310028e-01
   6.1803444e-01
   6.1499493e-01
   6.1803444e-01
   6.2411345e-01
   6.3424520e-01
   6.4640323e-01
   6.5957446e-01
   6.7071935e-01
   6.7882471e-01
   6.8591692e-01
   6.9199594e-01
   6.9807496e-01
   7.0111447e-01
   7.0314083e-01
   7.0415400e-01
   7.0212766e-01
   6.9706181e-01
   6.8895641e-01
   6.8287739e-01
   6.7679837e-01
   6.7173252e-01
   6.6666667e-01
   6.6160080e-01
   6.5248225e-01
   6.3931105e-01
   6.2310031e-01
   6.0385006e-01
   5.8561296e-01
   5.6940222e-01
   5.5724418e-01
   5.4812563e-01
   5.4609929e-01
   5.4609927e-01
   5.4812563e-01
   5.5319148e-01
   5.6129684e-01
   5.7142856e-01
   5.8358662e-01
   5.9574468e-01
   6.0790274e-01
   6.1600810e-01
   6.2006078e-01
   6.2107394e-01
   6.1803444e-01
   6.1398176e-01
   6.1094225e-01
   6.0891591e-01
   6.0790274e-01
   6.0891591e-01
   6.0891589e-01
   6.0891591e-01
   6.0790274e-01
   6.0688957e-01
   6.0992908e-01
   6.1398178e-01
   6.2006080e-01
   6.2715299e-01
   6.3323200e-01
   6.3627151e-01
   6.3728471e-01
   6.3323203e-01
   6.2816616e-01
   6.2208711e-01
   6.1499493e-01
   6.0688955e-01
   5.9675785e-01
   5.8662613e-01
   5.7548124e-01
   5.6534954e-01
   5.5927052e-01
   5.5623099e-01
   5.5927050e-01
   5.6737588e-01
   5.7953394e-01
   5.9067881e-01
   6.0182372e-01
   6.0688957e-01
   6.0790272e-01
   6.0688957e-01
   6.0283687e-01
   6.0081055e-01
   5.9878419e-01
   5.9979736e-01
   6.0081053e-01
   6.0486323e-01
   6.1296859e-01
   6.2310031e-01
   6.3627154e-01
   6.5349542e-01
   6.7173252e-01
   6.8996960e-01
   7.0415400e-01
   7.1529889e-01
   7.2137791e-01
   7.2340425e-01
   7.2340425e-01
   7.2239108e-01
   7.2137791e-01
   7.1935157e-01
   7.1631206e-01
   7.1023304e-01
   7.0010130e-01
   6.8591692e-01
   6.7071935e-01
   6.5754812e-01
   6.4539006e-01
   6.3728468e-01
   6.3323200e-01
   6.3221883e-01
   6.3323200e-01
   6.3627154e-01
   6.4032422e-01
   6.4640323e-01
   6.5349542e-01
   6.6362714e-01
   6.7375886e-01
   6.8287739e-01
   6.9098279e-01
   6.9604864e-01
   6.9807498e-01
   7.0010130e-01
   7.0212764e-01
   7.0415398e-01
   7.0820668e-01
   7.1327255e-01
   7.1631206e-01
   7.1833840e-01
   7.1833840e-01
   7.1833838e-01
   7.1833840e-01
   7.1935157e-01
   7.2340427e-01
   7.3150963e-01
   7.4164135e-01
   7.5278622e-01
   7.6190477e-01
   7.6899696e-01
   7.7406283e-01
   7.7710231e-01
   7.7912868e-01
   7.7811551e-01
   7.7406280e-01
   7.6697062e-01
   7.5582573e-01
   7.4164133e-01
   7.2644378e-01
   7.1428570e-01
   7.0516717e-01
   7.0111447e-01
   7.0516717e-01
   7.1327253e-01
   7.2340425e-01
   7.3657548e-01
   7.4873354e-01
   7.6089160e-01
   7.7102332e-01
   7.8216819e-01
   7.9128671e-01
   7.9837892e-01
   8.0243160e-01
   8.0141843e-01
   7.9533941e-01
   7.8520769e-01
   7.7507600e-01
   7.6393111e-01
   7.5481256e-01
   7.4670720e-01
   7.3961499e-01
   7.3252280e-01
   7.2239108e-01
   7.1023302e-01
   6.9604864e-01
   6.8186422e-01
   6.6970618e-01
   6.5754812e-01
   6.4944274e-01
   6.4336372e-01
   6.3728471e-01
   6.3120566e-01
   6.2512662e-01
   6.2006080e-01
   6.1600810e-01
   6.1499493e-01
   6.1600810e-01
   6.1803444e-01
   6.2006080e-01
   6.2107394e-01
   6.2310031e-01
   6.2512665e-01
   6.2816616e-01
   6.3424517e-01
   6.4235055e-01
   6.5349542e-01
   6.6464031e-01
   6.7375886e-01
   6.8085107e-01
   6.8490375e-01
   6.8794326e-01
   6.8895643e-01
   6.9199596e-01
   6.9604862e-01
   6.9908815e-01
   7.0314083e-01
   7.0516717e-01
   7.0415398e-01
   7.0314083e-01
   7.0111449e-01
   7.0010132e-01
   6.9908813e-01
   6.9807498e-01
   6.9402228e-01
   6.8490375e-01
   6.7071935e-01
   6.5045591e-01
   6.2613982e-01
   6.0182372e-01
   5.8054711e-01
   5.6433635e-01
   5.5724418e-01
   5.5724416e-01
   5.6332320e-01
   5.7649443e-01
   5.9473151e-01
   6.1398176e-01
   6.3424517e-01
   6.5146908e-01
   6.6464031e-01
   6.7173252e-01
   6.6970616e-01
   6.5856129e-01
   6.4235053e-01
   6.2310031e-01
   6.0385006e-01
   5.8662615e-01
   5.7244173e-01
   5.6231003e-01
   5.5319148e-01
   5.4407293e-01
   5.3292806e-01
   5.1975683e-01
   5.0658560e-01
   4.9341437e-01
   4.8328268e-01
   4.7619047e-01
   4.7416413e-01
   4.7416413e-01
   4.7619049e-01
   4.8125634e-01
   4.8632219e-01
   4.9544071e-01
   5.0455926e-01
   5.1570415e-01
   5.2786221e-01
   5.3900708e-01
   5.5015197e-01
   5.5927050e-01
   5.6940222e-01
   5.8156028e-01
   5.9675785e-01
   6.1702127e-01
   6.4235055e-01
   6.6869301e-01
   6.9503545e-01
   7.1732523e-01
   7.3556231e-01
   7.4772035e-01
   7.5683892e-01
   7.6089158e-01
   7.6190477e-01
   7.6089160e-01
   7.5785207e-01
   7.5177305e-01
   7.4468086e-01
   7.3758865e-01
   7.3150961e-01
   7.2948329e-01
   7.3150963e-01
   7.3758865e-01
   7.4468086e-01
   7.5278622e-01
   7.5785207e-01
   7.5785207e-01
   7.5379941e-01
   7.4670720e-01
   7.3758865e-01
   7.2847010e-01
   7.1833840e-01
   7.1023302e-01
   7.0111447e-01
   6.9402228e-01
   6.8996960e-01
   6.8895641e-01
   6.9199594e-01
   7.0010132e-01
   7.1124619e-01
   7.2340425e-01
   7.3454914e-01
   7.4164133e-01
   7.4366769e-01
   7.4265450e-01
   7.3860182e-01
   7.3454914e-01
   7.3252280e-01
   7.3353595e-01
   7.3657548e-01
   7.4164133e-01
   7.4873354e-01
   7.5582575e-01
   7.6494428e-01
   7.7406283e-01
   7.8622086e-01
   7.9736575e-01
   8.0648428e-01
   8.1357649e-01
   8.1560285e-01
   8.1357649e-01
   8.0952381e-01
   8.0445796e-01
   7.9837892e-01
   7.9736575e-01
   7.9736575e-01
   8.0141843e-01
   8.0445794e-01
   8.0749745e-01
   8.0851064e-01
   8.0952381e-01
   8.1155015e-01
   8.1256332e-01
   8.1458966e-01
   8.1560283e-01
   8.1357649e-01
   8.0952379e-01
   8.0141843e-01
   7.8926037e-01
   7.7608914e-01
   7.6393111e-01
   7.5379941e-01
   7.4772035e-01
   7.4569401e-01
   7.4772035e-01
   7.5379939e-01
   7.6393111e-01
   7.7608914e-01
   7.9331307e-01
   8.1256332e-01
   8.3282676e-01
   8.5005065e-01
   8.6220871e-01
   8.6828775e-01
   8.6626141e-01
   8.5714284e-01
   8.4397163e-01
   8.2776089e-01
   8.1155015e-01
   7.9533941e-01
   7.8216819e-01
   7.6697062e-01
   7.5278622e-01
   7.3657548e-01
   7.1935157e-01
   7.0314083e-01
   6.8794324e-01
   6.7477203e-01
   6.6362714e-01
   6.5349544e-01
   6.4336372e-01
   6.3323203e-01
   6.2411348e-01
   6.1499493e-01
   6.0992908e-01
   6.0790272e-01
   6.0891589e-01
   6.1195542e-01
   6.1600810e-01
   6.1904763e-01
   6.2310028e-01
   6.2613982e-01
   6.2917933e-01
   6.3424517e-01
   6.3931105e-01
   6.4437689e-01
   6.4842957e-01
   6.4741640e-01
   6.4235055e-01
   6.3525834e-01
   6.2512662e-01
   6.1600810e-01
   6.1094225e-01
   6.0992906e-01
   6.1296859e-01
   6.2107394e-01
   6.2917935e-01
   6.3829788e-01
   6.4640323e-01
   6.5450861e-01
   6.5856129e-01
   6.6058763e-01
   6.6058763e-01
   6.5653495e-01
   6.4741640e-01
   6.3525834e-01
   6.2310031e-01
   6.1195542e-01
   6.0486321e-01
   6.0385004e-01
   6.1094222e-01
   6.2208714e-01
   6.3829788e-01
   6.5349542e-01
   6.6869301e-01
   6.8085107e-01
   6.8996960e-01
   6.9706179e-01
   7.0111449e-01
   7.0212764e-01
   6.9908815e-01
   6.9199594e-01
   6.7983788e-01
   6.6565350e-01
   6.4944277e-01
   6.3323200e-01
   6.2107394e-01
   6.0992908e-01
   6.0385006e-01
   5.9777102e-01
   5.9473149e-01
   5.9169200e-01
   5.8966566e-01
   5.9067883e-01
   5.9675785e-01
   6.0486323e-01
   6.1600812e-01
   6.2917933e-01
   6.4133739e-01
   6.5146908e-01
   6.5957446e-01
   6.6464033e-01
   6.6970618e-01
   6.7477203e-01
   6.8085105e-01
   6.8895643e-01
   6.9807498e-01
   7.0618034e-01
   7.1327255e-01
   7.1935157e-01
   7.2543059e-01
   7.2948329e-01
   7.3252280e-01
   7.3353597e-01
   7.3049644e-01
   7.2239108e-01
   7.0820668e-01
   6.8996960e-01
   6.7071935e-01
   6.5146911e-01
   6.3525837e-01
   6.2512662e-01
   6.2006078e-01
   6.2006080e-01
   6.2208714e-01
   6.2715299e-01
   6.3221883e-01
   6.3728471e-01
   6.4336372e-01
   6.4842960e-01
   6.5248227e-01
   6.5349542e-01
   6.5146908e-01
   6.4539006e-01
   6.3627154e-01
   6.2512662e-01
   6.1499493e-01
   6.0790274e-01
   6.0587640e-01
   6.0891591e-01
   6.1499493e-01
   6.2208714e-01
   6.3019250e-01
   6.3627154e-01
   6.4235055e-01
   6.4741640e-01
   6.5045594e-01
   6.5248225e-01
   6.5248227e-01
   6.4842957e-01
   6.4032422e-01
   6.2715299e-01
   6.1398176e-01
   5.9979736e-01
   5.8763932e-01
   5.7953394e-01
   5.7446807e-01
   5.7142856e-01
   5.6737588e-01
   5.6433637e-01
   5.5825733e-01
   5.5217831e-01
   5.4609927e-01
   5.4103342e-01
   5.3799391e-01
   5.3596757e-01
   5.3394121e-01
   5.3191489e-01
   5.3090170e-01
   5.2887536e-01
   5.2786219e-01
   5.3090172e-01
   5.3596757e-01
   5.4305978e-01
   5.5015195e-01
   5.5825735e-01
   5.6534954e-01
   5.7345490e-01
   5.8358662e-01
   5.9574468e-01
   6.1094225e-01
   6.3019250e-01
   6.4842960e-01
   6.6464031e-01
   6.7679837e-01
   6.8186422e-01
   6.8186422e-01
   6.7882473e-01
   6.7173252e-01
   6.6464033e-01
   6.5856127e-01
   6.5349542e-01
   6.5045591e-01
   6.4842957e-01
   6.4842957e-01
   6.5045591e-01
   6.5552178e-01
   6.6160080e-01
   6.6869299e-01
   6.7679837e-01
   6.8287741e-01
   6.8693009e-01
   6.8693009e-01
   6.8389056e-01
   6.8085105e-01
   6.7882471e-01
   6.7781154e-01
   6.7679837e-01
   6.7578522e-01
   6.7274569e-01
   6.6565350e-01
   6.5450861e-01
   6.4133739e-01
   6.2613982e-01
   6.1195542e-01
   5.9979736e-01
   5.9067881e-01
   5.8459979e-01
   5.8054711e-01
   5.7750760e-01
   5.7446809e-01
   5.7548124e-01
   5.7750760e-01
   5.8054711e-01
   5.8561296e-01
   5.8865247e-01
   5.9067883e-01
   5.8966564e-01
   5.8459979e-01
   5.7750760e-01
   5.7142858e-01
   5.6636271e-01
   5.6433637e-01
   5.6534952e-01
   5.6534954e-01
   5.6534954e-01
   5.6433637e-01
   5.6028369e-01
   5.5623101e-01
   5.5217831e-01
   5.5015197e-01
   5.4913880e-01
   5.5319150e-01
   5.5927052e-01
   5.6636271e-01
   5.7649443e-01
   5.8865249e-01
   6.0385006e-01
   6.2006080e-01
   6.3829788e-01
   6.5552178e-01
   6.7071935e-01
   6.8186424e-01
   6.8693009e-01
   6.8693009e-01
   6.8490375e-01
   6.8186424e-01
   6.8085105e-01
   6.8389058e-01
   6.8895643e-01
   6.9503545e-01
   7.0111447e-01
   7.0618036e-01
   7.1023302e-01
   7.1327253e-01
   7.1529889e-01
   7.1935157e-01
   7.2239108e-01
   7.2644378e-01
   7.2847010e-01
   7.2847010e-01
   7.2745695e-01
   7.2441744e-01
   7.2137791e-01
   7.1935157e-01
   7.1631204e-01
   7.1225936e-01
   7.0719351e-01
   7.0010132e-01
   6.9199594e-01
   6.8389056e-01
   6.7781154e-01
   6.7477203e-01
   6.7477203e-01
   6.7679839e-01
   6.7679837e-01
   6.7578520e-01
   6.6869301e-01
   6.5653493e-01
   6.3829788e-01
   6.1803446e-01
   5.9878419e-01
   5.8156028e-01
   5.6737588e-01
   5.5724416e-01
   5.5217831e-01
   5.5217831e-01
   5.5623101e-01
   5.6737588e-01
   5.8156028e-01
   5.9777102e-01
   6.1600810e-01
   6.3019250e-01
   6.3931105e-01
   6.4133739e-01
   6.3525837e-01
   6.2310028e-01
   6.0790274e-01
   5.9067883e-01
   5.7548124e-01
   5.6231003e-01
   5.5116514e-01
   5.4407295e-01
   5.3900708e-01
   5.4103342e-01
   5.4812563e-01
   5.6129684e-01
   5.8156028e-01
   6.0790272e-01
   6.3627154e-01
   6.6565350e-01
   6.9098277e-01
   7.1225938e-01
   7.2847010e-01
   7.3860182e-01
   7.4468086e-01
   7.4772037e-01
   7.4670720e-01
   7.4265450e-01
   7.3454914e-01
   7.2239108e-01
   7.0921985e-01
   6.9706181e-01
   6.8490375e-01
   6.7679839e-01
   6.7071935e-01
   6.6362714e-01
   6.5856129e-01
   6.5045594e-01
   6.3931102e-01
   6.2613982e-01
   6.1398176e-01
   6.0081053e-01
   5.9270515e-01
   5.8662615e-01
   5.8561296e-01
   5.8561296e-01
   5.8763930e-01
   5.9371834e-01
   6.0182370e-01
   6.1296859e-01
   6.2715299e-01
   6.4133739e-01
   6.5450861e-01
   6.6261397e-01
   6.6565348e-01
   6.6261399e-01
   6.5450861e-01
   6.4336372e-01
   6.3323200e-01
   6.2208711e-01
   6.1296859e-01
   6.0587638e-01
   5.9878419e-01
   5.9169198e-01
   5.8257345e-01
   5.7446809e-01
   5.6737588e-01
   5.6028369e-01
   5.5623101e-01
   5.5217831e-01
   5.4913880e-01
   5.4508612e-01
   5.4103342e-01
   5.3799391e-01
   5.3596757e-01
   5.3799391e-01
   5.4508612e-01
   5.5724418e-01
   5.7345490e-01
   5.9169198e-01
   6.1296859e-01
   6.3525837e-01
   6.6058763e-01
   6.8693007e-01
   7.1327253e-01
   7.3961499e-01
   7.6190477e-01
   7.7912868e-01
   7.8824723e-01
   7.8926037e-01
   7.8520769e-01
   7.7710234e-01
   7.7001013e-01
   7.6595745e-01
   7.6595745e-01
   7.7203647e-01
   7.8216819e-01
   7.9432624e-01
   8.0952379e-01
   8.2269504e-01
   8.3687942e-01
   8.5106382e-01
   8.6119554e-01
   8.6828775e-01
   8.6930092e-01
   8.6423505e-01
   8.5410335e-01
   8.3991893e-01
   8.2472138e-01
   8.1053698e-01
   7.9939209e-01
   7.9331307e-01
   7.8926037e-01
   7.8926040e-01
   7.9027357e-01
   7.9128671e-01
   7.9432624e-01
   7.9635258e-01
   8.0141846e-01
   8.0648428e-01
   8.1357649e-01
   8.1864234e-01
   8.2370821e-01
   8.2573455e-01
   8.2674772e-01
   8.2573455e-01
   8.2573455e-01
   8.2573455e-01
   8.2472136e-01
   8.2066870e-01
   8.1357649e-01
   8.0141843e-01
   7.8419452e-01
   7.6494428e-01
   7.4670720e-01
   7.3150961e-01
   7.2239108e-01
   7.1935157e-01
   7.1935155e-01
   7.2340425e-01
   7.2847010e-01
   7.3353597e-01
   7.3758865e-01
   7.4265450e-01
   7.4468084e-01
   7.4772037e-01
   7.5075988e-01
   7.5177305e-01
   7.5075988e-01
   7.4974671e-01
   7.4670720e-01
   7.4670718e-01
   7.4670720e-01
   7.4873354e-01
   7.4974671e-01
   7.4772037e-01
   7.4366767e-01
   7.3454914e-01
   7.2340425e-01
   7.1023302e-01
   6.9807498e-01
   6.8895643e-01
   6.8186424e-01
   6.7983788e-01
   6.7983788e-01
   6.8085105e-01
   6.8186422e-01
   6.8389058e-01
   6.8794326e-01
   6.9300911e-01
   6.9908815e-01
   7.0516717e-01
   7.0921987e-01
   7.0719351e-01
   7.0010130e-01
   6.8389056e-01
   6.6261399e-01
   6.3728468e-01
   6.1094225e-01
   5.8459979e-01
   5.6332318e-01
   5.4508610e-01
   5.3191489e-01
   5.2684902e-01
   5.2988855e-01
   5.4103342e-01
   5.5927050e-01
   5.8358662e-01
   6.1094222e-01
   6.3525834e-01
   6.5349544e-01
   6.6464033e-01
   6.6565348e-01
   6.5957446e-01
   6.4842960e-01
   6.3627151e-01
   6.2512665e-01
   6.1803446e-01
   6.1499493e-01
   6.1600812e-01
   6.2107394e-01
   6.2816616e-01
   6.3931102e-01
   6.4944274e-01
   6.6058763e-01
   6.6970618e-01
   6.7477203e-01
   6.7375886e-01
   6.6666667e-01
   6.5653495e-01
   6.4437689e-01
   6.3323200e-01
   6.2613979e-01
   6.2512665e-01
   6.2816616e-01
   6.3525837e-01
   6.4437689e-01
   6.5248227e-01
   6.6160080e-01
   6.7071933e-01
   6.8085105e-01
   6.9098277e-01
   7.0314083e-01
   7.1529887e-01
   7.2644376e-01
   7.3353597e-01
   7.3657548e-01
   7.3454914e-01
   7.3049646e-01
   7.2239108e-01
   7.1225938e-01
   7.0010132e-01
   6.8490375e-01
   6.6666665e-01
   6.4640323e-01
   6.2512665e-01
   6.0486321e-01
   5.8662613e-01
   5.7244175e-01
   5.6129686e-01
   5.5116514e-01
   5.4204659e-01
   5.2887538e-01
   5.1570415e-01
   5.0151975e-01
   4.8936170e-01
   4.8226951e-01
   4.8024317e-01
   4.8429582e-01
   4.9341437e-01
   5.0759877e-01
   5.2279634e-01
   5.4103342e-01
   5.5927052e-01
   5.7750760e-01
   5.9675785e-01
   6.1803444e-01
   6.3728471e-01
   6.5450859e-01
   6.6767982e-01
   6.7781156e-01
   6.8693009e-01
   6.9402228e-01
   7.0111449e-01
   7.0820670e-01
   7.1529889e-01
   7.2036474e-01
   7.2441742e-01
   7.2543059e-01
   7.2543059e-01
   7.2543059e-01
   7.2745693e-01
   7.3353597e-01
   7.4366769e-01
   7.5683890e-01
   7.7102330e-01
   7.8520769e-01
   7.9939212e-01
   8.1053696e-01
   8.2066870e-01
   8.3181357e-01
   8.4194529e-01
   8.5106384e-01
   8.5815603e-01
   8.6119554e-01
   8.5916920e-01
   8.5410333e-01
   8.4498480e-01
   8.3383991e-01
   8.2472136e-01
   8.1864236e-01
   8.1256332e-01
   8.0952381e-01
   8.0648430e-01
   8.0344479e-01
   8.0243160e-01
   8.0040526e-01
   8.0141843e-01
   8.0141843e-01
   8.0243160e-01
   8.0141846e-01
   7.9533941e-01
   7.8520772e-01
   7.7102330e-01
   7.5481256e-01
   7.3758865e-01
   7.2137791e-01
   7.0820670e-01
   6.9807496e-01
   6.9098277e-01
   6.8490375e-01
   6.7983788e-01
   6.7781156e-01
   6.7781154e-01
   6.8085105e-01
   6.8693007e-01
   6.9402228e-01
   7.0111449e-01
   7.0618034e-01
   7.0719351e-01
   7.0415400e-01
   6.9807496e-01
   6.9098277e-01
   6.8389056e-01
   6.7882473e-01
   6.7477203e-01
   6.7477203e-01
   6.7578520e-01
   6.7781154e-01
   6.8085107e-01
   6.8693009e-01
   6.9503547e-01
   7.0719351e-01
   7.1935157e-01
   7.3353597e-01
   7.4670720e-01
   7.5785207e-01
   7.6595745e-01
   7.7304963e-01
   7.7912865e-01
   7.8622086e-01
   7.9331305e-01
   8.0040526e-01
   8.0749745e-01
   8.1155015e-01
   8.1155015e-01
   8.0749745e-01
   8.0040526e-01
   7.9128671e-01
   7.8014185e-01
   7.6899696e-01
   7.5785207e-01
   7.4569403e-01
   7.3150963e-01
   7.1833840e-01
   7.0516717e-01
   6.9503547e-01
   6.8794326e-01
   6.8490375e-01
   6.8287741e-01
   6.8389056e-01
   6.8186422e-01
   6.7882473e-01
   6.7274567e-01
   6.6362716e-01
   6.5653495e-01
   6.4944274e-01
   6.4640323e-01
   6.4640323e-01
   6.4944274e-01
   6.5450861e-01
   6.6362714e-01
   6.7578520e-01
   6.9300913e-01
   7.1327255e-01
   7.3758865e-01
   7.6190477e-01
   7.8419452e-01
   8.0141843e-01
   8.1256332e-01
   8.1864236e-01
   8.1864234e-01
   8.1661600e-01
   8.1357649e-01
   8.1256332e-01
   8.1256332e-01
   8.1560283e-01
   8.1762917e-01
   8.1965551e-01
   8.2066870e-01
   8.2066868e-01
   8.2168185e-01
   8.2269502e-01
   8.2370821e-01
   8.2472138e-01
   8.2370821e-01
   8.1864234e-01
   8.1256332e-01
   8.0445796e-01
   7.9635258e-01
   7.8723403e-01
   7.7912868e-01
   7.7001013e-01
   7.6089158e-01
   7.4772037e-01
   7.3454912e-01
   7.1935157e-01
   7.0618034e-01
   6.9503545e-01
   6.8794326e-01
   6.8186424e-01
   6.7882471e-01
   6.7375886e-01
   6.6970616e-01
   6.6362716e-01
   6.5653495e-01
   6.5146911e-01
   6.4944274e-01
   6.5146908e-01
   6.5957446e-01
   6.6970618e-01
   6.8186424e-01
   6.9706181e-01
   7.1225938e-01
   7.2847010e-01
   7.4670720e-01
   7.6595745e-01
   7.8419452e-01
   8.0040526e-01
   8.1256332e-01
   8.1864236e-01
   8.1864236e-01
   8.1256332e-01
   8.0445794e-01
   7.9432622e-01
   7.8419455e-01
   7.7304963e-01
   7.6190477e-01
   7.5075988e-01
   7.3860182e-01
   7.2644376e-01
   7.1428572e-01
   7.0415400e-01
   6.9706179e-01
   6.9199594e-01
   6.8996960e-01
   6.8591692e-01
   6.8085107e-01
   6.7375886e-01
   6.6565348e-01
   6.5856129e-01
   6.5349542e-01
   6.5146911e-01
   6.5450859e-01
   6.6058763e-01
   6.6869301e-01
   6.7882471e-01
   6.9098277e-01
   7.0516717e-01
   7.2340427e-01
   7.4468084e-01
   7.6595745e-01
   7.8824720e-01
   8.0749747e-01
   8.2269502e-01
   8.3282676e-01
   8.4194529e-01
   8.4802431e-01
   8.5612969e-01
   8.6626139e-01
   8.8044579e-01
   8.9564338e-01
   9.1286727e-01
   9.2907803e-01
   9.4427557e-01
   9.5845997e-01
   9.7163122e-01
   9.8277609e-01
   9.9189462e-01
   9.9797366e-01
   1.0000000e+00
   9.9392098e-01
   9.8378926e-01
   9.6757852e-01
   9.5136778e-01
   9.3313068e-01
   9.1995948e-01
   9.0780142e-01
   8.9868287e-01
   8.9159068e-01
   8.8551164e-01
   8.8044579e-01
   8.7537994e-01
   8.7335360e-01
   8.7335360e-01
   8.7436677e-01
   8.7537994e-01
   8.7639311e-01
   8.7639311e-01
   8.7537994e-01
   8.7335360e-01
   8.7436677e-01
   8.7740628e-01
   8.8449847e-01
   8.9564336e-01
   9.0780142e-01
   9.2097265e-01
   9.3211751e-01
   9.4224923e-01
   9.4934142e-01
   9.5643365e-01
   9.6352584e-01
   9.6960486e-01
   9.7568390e-01
   9.7669707e-01
   9.7365754e-01
   9.6555218e-01
   9.5035461e-01
   9.3211754e-01
   9.1185410e-01
   8.9057753e-01
   8.7132726e-01
   8.5309016e-01
   8.3687944e-01
   8.2269502e-01
   8.1256332e-01
   8.0648428e-01
   8.0648430e-01
   8.1155015e-01
   8.2066870e-01
   8.3181357e-01
   8.4194529e-01
   8.5106384e-01
   8.5309016e-01
   8.5207701e-01
   8.4802431e-01
   8.4295846e-01
   8.3890578e-01
   8.3687942e-01
   8.3789261e-01
   8.3890578e-01
   8.3991895e-01
   8.3890578e-01
   8.3586627e-01
   8.3080040e-01
   8.2269502e-01
   8.1256332e-01
   7.9939209e-01
   7.8216819e-01
   7.6089158e-01
   7.3860182e-01
   7.1631206e-01
   6.9604862e-01
   6.8287741e-01
   6.7679839e-01
   6.7983788e-01
   6.8895643e-01
   7.0415398e-01
   7.2239108e-01
   7.4062818e-01
   7.5886524e-01
   7.7507600e-01
   7.9027357e-01
   8.0445794e-01
   8.1661600e-01
   8.2269502e-01
   8.2472136e-01
   8.2066870e-01
   8.1256332e-01
   8.0040526e-01
   7.8723406e-01
   7.7608917e-01
   7.6798379e-01
   7.6291794e-01
   7.6089160e-01
   7.6089160e-01
   7.6291794e-01
   7.6494425e-01
   7.6798379e-01
   7.7203647e-01
   7.7507597e-01
   7.7608914e-01
   7.7406283e-01
   7.6697062e-01
   7.5278622e-01
   7.3657548e-01
   7.1833840e-01
   7.0111449e-01
   6.8996960e-01
   6.8287741e-01
   6.8085105e-01
   6.8591692e-01
   6.9402228e-01
   7.0415400e-01
   7.1631204e-01
   7.3150963e-01
   7.4670718e-01
   7.6393108e-01
   7.7912868e-01
   7.9128674e-01
   7.9837892e-01
   7.9939209e-01
   7.9432622e-01
   7.8622086e-01
   7.7608917e-01
   7.6798379e-01
   7.6291794e-01
   7.6393108e-01
   7.6899696e-01
   7.7710234e-01
   7.8824723e-01
   8.0040526e-01
   8.1458966e-01
   8.2978723e-01
   8.4397163e-01
   8.5612967e-01
   8.6423505e-01
   8.6727458e-01
   8.6423505e-01
   8.5815603e-01
   8.5005067e-01
   8.4194529e-01
   8.3687944e-01
   8.3789261e-01
   8.4194529e-01
   8.4802431e-01
   8.5309018e-01
   8.5612969e-01
   8.5511652e-01
   8.5005065e-01
   8.4194529e-01
   8.3282674e-01
   8.2269502e-01
   8.1053698e-01
   7.9939212e-01
   7.8723406e-01
   7.7507600e-01
   7.6595745e-01
   7.5886526e-01
   7.5481256e-01
   7.5379939e-01
   7.5582575e-01
   7.5785207e-01
   7.5987843e-01
   7.6291794e-01
   7.6595745e-01
   7.7001015e-01
   7.7912865e-01
   7.9128671e-01
   8.0547111e-01
   8.2168185e-01
   8.3383991e-01
   8.4093212e-01
   8.4093210e-01
   8.3485310e-01
   8.2168187e-01
   8.0547113e-01
   7.8926040e-01
   7.7304963e-01
   7.5785209e-01
   7.4468084e-01
   7.3353597e-01
   7.2644376e-01
   7.2239108e-01
   7.2137791e-01
   7.2340425e-01
   7.2745693e-01
   7.3150961e-01
   7.3353597e-01
   7.3049646e-01
   7.2340425e-01
   7.1327253e-01
   7.0314083e-01
   6.9706179e-01
   6.9503547e-01
   7.0010132e-01
   7.1023302e-01
   7.2644378e-01
   7.4670720e-01
   7.6899698e-01
   7.9128674e-01
   8.1256332e-01
   8.3282674e-01
   8.4903748e-01
   8.5815603e-01
   8.5916920e-01
   8.5410335e-01
   8.3890576e-01
   8.2066870e-01
   8.0040526e-01
   7.8216819e-01
   7.7001013e-01
   7.6190477e-01
   7.5987843e-01
   7.6089158e-01
   7.6393108e-01
   7.6697062e-01
   7.7102330e-01
   7.7507600e-01
   7.8014185e-01
   7.8520769e-01
   7.9027357e-01
   7.9331307e-01
   7.9331307e-01
   7.9229988e-01
   7.8824720e-01
   7.8216819e-01
   7.7710231e-01
   7.7406283e-01
   7.7102330e-01
   7.6697062e-01
   7.6393111e-01
   7.5683892e-01
   7.4974671e-01
   7.4164133e-01
   7.3353597e-01
   7.2745693e-01
   7.2239108e-01
   7.1935157e-01
   7.1631206e-01
   7.1225938e-01
   7.0618034e-01
   6.9908813e-01
   6.9402230e-01
   6.9199594e-01
   6.9199594e-01
   6.9706181e-01
   7.0415400e-01
   7.1327253e-01
   7.2036474e-01
   7.2644376e-01
   7.3454914e-01
   7.4164135e-01
   7.5075988e-01
   7.6291794e-01
   7.7507597e-01
   7.8723403e-01
   7.9837892e-01
   8.0648430e-01
   8.1256332e-01
   8.1661600e-01
   8.2066870e-01
   8.2674772e-01
   8.3383991e-01
   8.4295846e-01
   8.5106382e-01
   8.5714286e-01
   8.6220871e-01
   8.6322188e-01
   8.6119554e-01
   8.5714286e-01
   8.4903750e-01
   8.3890576e-01
   8.2370819e-01
   8.0445796e-01
   7.8216819e-01
   7.5785209e-01
   7.3454914e-01
   7.1529889e-01
   7.0314083e-01
   6.9604862e-01
   6.9300911e-01
   6.9402228e-01
   6.9706179e-01
   7.0111449e-01
   7.0415400e-01
   7.0820668e-01
   7.1225938e-01
   7.1732523e-01
   7.2239108e-01
   7.2543061e-01
   7.2543059e-01
   7.2137793e-01
   7.1327255e-01
   7.0212764e-01
   6.9199594e-01
   6.8186424e-01
   6.7477203e-01
   6.7274569e-01
   6.7274569e-01
   6.7679837e-01
   6.8389058e-01
   6.9402228e-01
   7.0719351e-01
   7.2441742e-01
   7.4265450e-01
   7.6190475e-01
   7.7912868e-01
   7.9027357e-01
   7.9736575e-01
   7.9837892e-01
   7.9533941e-01
   7.9229988e-01
   7.9027357e-01
   7.9229991e-01
   7.9635258e-01
   8.0445794e-01
   8.1357649e-01
   8.2168187e-01
   8.2978725e-01
   8.3687942e-01
   8.4397163e-01
   8.4903748e-01
   8.5207699e-01
   8.5511652e-01
   8.5511650e-01
   8.5309018e-01
   8.4903748e-01
   8.4599797e-01
   8.4397163e-01
   8.4295846e-01
   8.4397163e-01
   8.4701114e-01
   8.4701116e-01
   8.4498480e-01
   8.3991895e-01
   8.3181357e-01
   8.2472136e-01
   8.1864234e-01
   8.1560285e-01
   8.1762917e-01
   8.2269504e-01
   8.2877406e-01
   8.3687942e-01
   8.4397163e-01
   8.4802431e-01
   8.5309018e-01
   8.5612969e-01
   8.5916920e-01
   8.5916920e-01
   8.5916920e-01
   8.5511650e-01
   8.5106384e-01
   8.4295846e-01
   8.3687944e-01
   8.3181357e-01
   8.2776089e-01
   8.2573455e-01
   8.2168187e-01
   8.1560283e-01
   8.0344477e-01
   7.8824720e-01
   7.7001013e-01
   7.4873352e-01
   7.2847010e-01
   7.1124621e-01
   6.9807496e-01
   6.8693009e-01
   6.7781154e-01
   6.7071935e-01
   6.6464031e-01
   6.6160080e-01
   6.6160080e-01
   6.6464031e-01
   6.7071935e-01
   6.7679837e-01
   6.8186424e-01
   6.8490373e-01
   6.8287741e-01
   6.7983790e-01
   6.7375886e-01
   6.6767984e-01
   6.6160080e-01
   6.5754812e-01
   6.5653495e-01
   6.5552178e-01
   6.5450861e-01
   6.5653493e-01
   6.5957446e-01
   6.6565350e-01
   6.7375886e-01
   6.8186422e-01
   6.9098277e-01
   6.9807498e-01
   7.0111449e-01
   7.0010132e-01
   6.9706179e-01
   6.9300911e-01
   6.8996960e-01
   6.8794326e-01
   6.8895643e-01
   6.9098279e-01
   6.9402228e-01
   6.9402230e-01
   6.9300911e-01
   6.8996960e-01
   6.8591692e-01
   6.7983790e-01
   6.7173252e-01
   6.6160080e-01
   6.4944274e-01
   6.3323200e-01
   6.1600810e-01
   5.9979736e-01
   5.8966566e-01
   5.8459981e-01
   5.9067883e-01
   6.0486323e-01
   6.2411345e-01
   6.4842957e-01
   6.7071935e-01
   6.8996960e-01
   7.0415400e-01
   7.1327253e-01
   7.2036474e-01
   7.2543059e-01
   7.3150963e-01
   7.3657548e-01
   7.4569403e-01
   7.5582573e-01
   7.6899698e-01
   7.8419452e-01
   8.0141843e-01
   8.1762917e-01
   8.3181357e-01
   8.3991893e-01
   8.4194529e-01
   8.3586627e-01
   8.2370819e-01
   8.0749747e-01
   7.9229988e-01
   7.8014185e-01
   7.7406283e-01
   7.7001013e-01
   7.7001013e-01
   7.7001015e-01
   7.7001013e-01
   7.6595745e-01
   7.5987841e-01
   7.5379939e-01
   7.4569403e-01
   7.3657548e-01
   7.2847012e-01
   7.1732523e-01
   7.0516717e-01
   6.9199594e-01
   6.7578520e-01
   6.6261397e-01
   6.5045591e-01
   6.4032419e-01
   6.3424520e-01
   6.2917935e-01
   6.2411348e-01
   6.2006080e-01
   6.1803446e-01
   6.1702127e-01
   6.1904761e-01
   6.2310031e-01
   6.3120566e-01
   6.4032422e-01
   6.4741640e-01
   6.5349544e-01
   6.5450861e-01
   6.5450859e-01
   6.5045591e-01
   6.4437689e-01
   6.3627151e-01
   6.2613982e-01
   6.1296859e-01
   5.9473149e-01
   5.7345492e-01
   5.5116514e-01
   5.2887536e-01
   5.1063828e-01
   4.9848025e-01
   4.9341437e-01
   4.9645391e-01
   5.0557243e-01
   5.1874366e-01
   5.3596757e-01
   5.5420465e-01
   5.7244175e-01
   5.8966566e-01
   6.0385004e-01
   6.1499493e-01
   6.1904761e-01
   6.1600810e-01
   6.0688955e-01
   5.8966564e-01
   5.7041541e-01
   5.5015197e-01
   5.3292806e-01
   5.1773049e-01
   5.0962511e-01
   5.0455926e-01
   5.0253292e-01
   5.0455926e-01
   5.0962514e-01
   5.1671732e-01
   5.2786219e-01
   5.4103342e-01
   5.5420465e-01
   5.6636271e-01
   5.7446809e-01
   5.7852077e-01
   5.7750758e-01
   5.7345490e-01
   5.6737588e-01
   5.6534954e-01
   5.6534954e-01
   5.7041539e-01
   5.8054711e-01
   5.9574468e-01
   6.1499493e-01
   6.3728471e-01
   6.6261397e-01
   6.8794326e-01
   7.1428572e-01
   7.3454914e-01
   7.4873354e-01
   7.5379939e-01
   7.4670718e-01
   7.3150963e-01
   7.1023302e-01
   6.8591690e-01
   6.6464033e-01
   6.4944277e-01
   6.3829788e-01
   6.3424517e-01
   6.3627151e-01
   6.3931105e-01
   6.4539006e-01
   6.5248225e-01
   6.6160080e-01
   6.6767982e-01
   6.7375886e-01
   6.7679837e-01
   6.7477203e-01
   6.6869301e-01
   6.5754810e-01
   6.4640323e-01
   6.3323200e-01
   6.2310031e-01
   6.1600810e-01
   6.1195542e-01
   6.1094222e-01
   6.1094225e-01
   6.0992908e-01
   6.0992908e-01
   6.0891591e-01
   6.0992906e-01
   6.1195542e-01
   6.1499493e-01
   6.1904761e-01
   6.2208711e-01
   6.2310031e-01
   6.2411348e-01
   6.2512662e-01
   6.2715299e-01
   6.3323200e-01
   6.4336372e-01
   6.5653495e-01
   6.7173252e-01
   6.8895643e-01
   7.0719351e-01
   7.2543059e-01
   7.4366769e-01
   7.6190477e-01
   7.7811551e-01
   7.9331307e-01
   8.0141846e-01
   8.0243160e-01
   7.9432624e-01
   7.7811551e-01
   7.5582573e-01
   7.3150961e-01
   7.0921987e-01
   6.9300911e-01
   6.8490373e-01
   6.8591692e-01
   6.9300913e-01
   7.0516717e-01
   7.1935157e-01
   7.3454914e-01
   7.4772037e-01
   7.5582573e-01
   7.5785209e-01
   7.5278622e-01
   7.3961499e-01
   7.1935157e-01
   6.9402228e-01
   6.6666667e-01
   6.4032422e-01
   6.1904761e-01
   6.0385004e-01
   5.9574468e-01
   5.9473149e-01
   6.0081053e-01
   6.1094225e-01
   6.2512665e-01
   6.4640323e-01
   6.7173252e-01
   7.0212766e-01
   7.3556231e-01
   7.6899696e-01
   7.9736575e-01
   8.1965553e-01
   8.3383993e-01
   8.3789259e-01
   8.3383991e-01
   8.2573455e-01
   8.1256332e-01
   7.9635258e-01
   7.7811551e-01
   7.5987841e-01
   7.3758865e-01
   7.1428570e-01
   6.9098277e-01
   6.6970616e-01
   6.5045591e-01
   6.3424517e-01
   6.2208711e-01
   6.1296859e-01
   6.0790274e-01
   6.0688957e-01
   6.0992908e-01
   6.2006078e-01
   6.3525837e-01
   6.5754812e-01
   6.8389058e-01
   7.1327253e-01
   7.4062816e-01
   7.6393111e-01
   7.8115502e-01
   7.9432624e-01
   8.0040526e-01
   8.0243160e-01
   7.9736575e-01
   7.8824720e-01
   7.7304963e-01
   7.5075988e-01
   7.2340427e-01
