   5.0828158e-01
   5.3545548e-01
   5.8307454e-01
   6.4415114e-01
   7.0910973e-01
   7.6811594e-01
   8.1340580e-01
   8.4135610e-01
   8.5093167e-01
   8.4549690e-01
   8.2971014e-01
   8.0926501e-01
   7.8830228e-01
   7.6992753e-01
   7.5569358e-01
   7.4585921e-01
   7.4042443e-01
   7.3835404e-01
   7.3990683e-01
   7.4378882e-01
   7.5025880e-01
   7.5698757e-01
   7.6345755e-01
   7.6759834e-01
   7.6837474e-01
   7.6501035e-01
   7.5776397e-01
   7.4741200e-01
   7.3576605e-01
   7.2489648e-01
   7.1635611e-01
   7.1221532e-01
   7.1428571e-01
   7.2308488e-01
   7.3887163e-01
   7.6061077e-01
   7.8726708e-01
   8.1651139e-01
   8.4523809e-01
   8.7034162e-01
   8.8897515e-01
   8.9932712e-01
   9.0010352e-01
   8.9208074e-01
   8.7655279e-01
   8.5559006e-01
   8.3203934e-01
   8.0822981e-01
   7.8674948e-01
   7.6940994e-01
   7.5854037e-01
   7.5439958e-01
   7.5724638e-01
   7.6630435e-01
   7.8027950e-01
   7.9684265e-01
   8.1340579e-01
   8.2789854e-01
   8.3850932e-01
   8.4420290e-01
   8.4549689e-01
   8.4265010e-01
   8.3669772e-01
   8.2919254e-01
   8.2091097e-01
   8.1237060e-01
   8.0408903e-01
   7.9658385e-01
   7.8985507e-01
   7.8442028e-01
   7.8027950e-01
   7.7795031e-01
   7.7613871e-01
   7.7484472e-01
   7.7355072e-01
   7.7225673e-01
   7.7070393e-01
   7.6915113e-01
   7.6811594e-01
   7.6785714e-01
   7.6837474e-01
   7.6915114e-01
   7.7018633e-01
   7.7122153e-01
   7.7096273e-01
   7.6992753e-01
   7.6785714e-01
   7.6501035e-01
   7.6164596e-01
   7.5828157e-01
   7.5517598e-01
   7.5284679e-01
   7.5155279e-01
   7.5284679e-01
   7.5698758e-01
   7.6397516e-01
   7.7406832e-01
   7.8571428e-01
   7.9710145e-01
   8.0641822e-01
   8.1081780e-01
   8.0952381e-01
   8.0175983e-01
   7.8830228e-01
   7.7122153e-01
   7.5284679e-01
   7.3576604e-01
   7.2230849e-01
   7.1376812e-01
   7.1169772e-01
   7.1557971e-01
   7.2515528e-01
   7.3809524e-01
   7.5336439e-01
   7.6811594e-01
   7.8053830e-01
   7.8856108e-01
   7.9089027e-01
   7.8700828e-01
   7.7820911e-01
   7.6526915e-01
   7.4974120e-01
   7.3369565e-01
   7.1842650e-01
   7.0574534e-01
   6.9642857e-01
   6.9073498e-01
   6.8969979e-01
   6.9332298e-01
   7.0108696e-01
   7.1273292e-01
   7.2670807e-01
   7.4094203e-01
   7.5362319e-01
   7.6293996e-01
   7.6682194e-01
   7.6526915e-01
   7.5854038e-01
   7.4818840e-01
   7.3602485e-01
   7.2386128e-01
   7.1350932e-01
   7.0626294e-01
   7.0315735e-01
   7.0445135e-01
   7.0962733e-01
   7.1765010e-01
   7.2800207e-01
   7.3835404e-01
   7.4689441e-01
   7.5181160e-01
   7.5207039e-01
   7.4741201e-01
   7.3783644e-01
   7.2489648e-01
   7.1066252e-01
   6.9668737e-01
   6.8452381e-01
   6.7546584e-01
   6.6925466e-01
   6.6666667e-01
   6.6666667e-01
   6.6873706e-01
   6.7184265e-01
   6.7468944e-01
   6.7701864e-01
   6.7727743e-01
   6.7468944e-01
   6.6899586e-01
   6.5942029e-01
   6.4803312e-01
   6.3509317e-01
   6.2215321e-01
   6.1128364e-01
   6.0248447e-01
   5.9653209e-01
   5.9342650e-01
   5.9213251e-01
   5.9239130e-01
   5.9342650e-01
   5.9472049e-01
   5.9653209e-01
   5.9834368e-01
   6.0015528e-01
   6.0170808e-01
   6.0300207e-01
   6.0377847e-01
   6.0507246e-01
   6.0610766e-01
   6.0843685e-01
   6.1102485e-01
   6.1413044e-01
   6.1749482e-01
   6.2008282e-01
   6.2111801e-01
   6.2008282e-01
   6.1671843e-01
   6.1180124e-01
   6.0507246e-01
   5.9756729e-01
   5.8980331e-01
   5.8307454e-01
   5.7738095e-01
   5.7427536e-01
   5.7427537e-01
   5.7789855e-01
   5.8618013e-01
   5.9808489e-01
   6.1335403e-01
   6.2939958e-01
   6.4415114e-01
   6.5502070e-01
   6.5993789e-01
   6.5812630e-01
   6.4906832e-01
   6.3431677e-01
   6.1568323e-01
   5.9601449e-01
   5.7738095e-01
   5.6314699e-01
   5.5512422e-01
   5.5408903e-01
   5.6133541e-01
   5.7531056e-01
   5.9446170e-01
   6.1568323e-01
   6.3638716e-01
   6.5269151e-01
   6.6200828e-01
   6.6304348e-01
   6.5527950e-01
   6.3975155e-01
   6.1853002e-01
   5.9420290e-01
   5.6961698e-01
   5.4632505e-01
   5.2665631e-01
   5.1112836e-01
   5.0103519e-01
   4.9637681e-01
   4.9767081e-01
   5.0491719e-01
   5.1785714e-01
   5.3571428e-01
   5.5822981e-01
   5.8462733e-01
   6.1387163e-01
   6.4570393e-01
   6.7908903e-01
   7.1376812e-01
   7.4818841e-01
   7.8183230e-01
   8.1288820e-01
   8.4057971e-01
   8.6387163e-01
   8.8250518e-01
   8.9648033e-01
   9.0657349e-01
   9.1407867e-01
   9.1925466e-01
   9.2365424e-01
   9.2701863e-01
   9.3012422e-01
   9.3297101e-01
   9.3633540e-01
   9.4099379e-01
   9.4694617e-01
   9.5522774e-01
   9.6532091e-01
   9.7619048e-01
   9.8654244e-01
   9.9508282e-01
   9.9974120e-01
   1.0000000e+00
   9.9430642e-01
   9.8317806e-01
   9.6687370e-01
   9.4720497e-01
   9.2494824e-01
   9.0243271e-01
   8.8172878e-01
   8.6516563e-01
   8.5455487e-01
   8.5067287e-01
   8.5429607e-01
   8.6413043e-01
   8.7836439e-01
   8.9492754e-01
   9.1123188e-01
   9.2468944e-01
   9.3400620e-01
   9.3814699e-01
   9.3659420e-01
   9.3012422e-01
   9.1847826e-01
   9.0243271e-01
   8.8276397e-01
   8.6024845e-01
   8.3592132e-01
   8.1185300e-01
   7.8907867e-01
   7.7018633e-01
   7.5517599e-01
   7.4560041e-01
   7.3964804e-01
   7.3731884e-01
   7.3654244e-01
   7.3524845e-01
   7.3188406e-01
   7.2489648e-01
   7.1299172e-01
   6.9616977e-01
   6.7443064e-01
   6.4958592e-01
   6.2292961e-01
   5.9730849e-01
   5.7453416e-01
   5.5693582e-01
   5.4528985e-01
   5.3907868e-01
   5.3623189e-01
   5.3442029e-01
   5.3053831e-01
   5.2173913e-01
   5.0672878e-01
   4.8473085e-01
   4.5678054e-01
   4.2443064e-01
   3.9026915e-01
   3.5636646e-01
   3.2556936e-01
   2.9943065e-01
   2.7976191e-01
   2.6708075e-01
   2.6190476e-01
   2.6319876e-01
   2.6940994e-01
   2.7872671e-01
   2.8804348e-01
   2.9451346e-01
   2.9554866e-01
   2.8881988e-01
   2.7303313e-01
   2.4818840e-01
   2.1532092e-01
   1.7624224e-01
   1.3457557e-01
   9.2391307e-02
   5.5124229e-02
   2.5103523e-02
   6.2111881e-03
   0.0000000e+00
   5.9523893e-03
   2.3550730e-02
   4.8913046e-02
   7.7898557e-02
   1.0688406e-01
   1.3172878e-01
   1.4958592e-01
   1.5967909e-01
   1.6149068e-01
   1.5709110e-01
   1.4751553e-01
   1.3509317e-01
   1.2137681e-01
   1.0869565e-01
   9.8343685e-02
   9.1614910e-02
   8.9803313e-02
   9.2650106e-02
   1.0041409e-01
   1.1231884e-01
   1.2681159e-01
   1.4182195e-01
   1.5631470e-01
   1.6925466e-01
   1.8038302e-01
   1.8944100e-01
   1.9720497e-01
   2.0367495e-01
   2.0936853e-01
   2.1428572e-01
   2.1790891e-01
   2.2023810e-01
   2.2075569e-01
   2.2075569e-01
   2.1972050e-01
   2.1790891e-01
   2.1687371e-01
   2.1583851e-01
   2.1609731e-01
   2.1765011e-01
   2.2075569e-01
   2.2593168e-01
   2.3343686e-01
   2.4301243e-01
   2.5491718e-01
   2.6811595e-01
   2.8157350e-01
   2.9451346e-01
   3.0538302e-01
   3.1444099e-01
   3.2013457e-01
   3.2324017e-01
   3.2298137e-01
   3.1909938e-01
   3.1211180e-01
   3.0227744e-01
   2.9063147e-01
   2.7898551e-01
   2.6837474e-01
   2.6164596e-01
   2.5983437e-01
   2.6423395e-01
   2.7406832e-01
   2.8881988e-01
   3.0615942e-01
   3.2453416e-01
   3.4135611e-01
   3.5559006e-01
   3.6645963e-01
   3.7344721e-01
   3.7655279e-01
   3.7707039e-01
   3.7448240e-01
   3.7008282e-01
   3.6490683e-01
   3.5921325e-01
   3.5403727e-01
   3.4963768e-01
   3.4627330e-01
   3.4420290e-01
   3.4368530e-01
   3.4472050e-01
   3.4808489e-01
   3.5403727e-01
   3.6309524e-01
   3.7525880e-01
   3.8923395e-01
   4.0450310e-01
   4.1873706e-01
   4.3038302e-01
   4.3788820e-01
   4.4073499e-01
   4.3969979e-01
   4.3607660e-01
   4.3271222e-01
   4.3064182e-01
   4.3219462e-01
   4.3685301e-01
   4.4565218e-01
   4.5626294e-01
   4.6765010e-01
   4.7774327e-01
   4.8576605e-01
   4.8990683e-01
   4.9016563e-01
   4.8680125e-01
   4.8059006e-01
   4.7308488e-01
   4.6557971e-01
   4.5988613e-01
   4.5755694e-01
   4.5962733e-01
   4.6609731e-01
   4.7593168e-01
   4.8887164e-01
   5.0310559e-01
   5.1733954e-01
   5.3079710e-01
   5.4270187e-01
   5.5279503e-01
   5.6081781e-01
   5.6625259e-01
   5.6909938e-01
   5.6858178e-01
   5.6495859e-01
   5.5822982e-01
   5.4943064e-01
   5.4089026e-01
   5.3442029e-01
   5.3157350e-01
   5.3312629e-01
   5.4011387e-01
   5.5227743e-01
   5.6806418e-01
   5.8618013e-01
   6.0559006e-01
   6.2474120e-01
   6.4182194e-01
   6.5605590e-01
   6.6640787e-01
   6.7184265e-01
   6.7287784e-01
   6.6925466e-01
   6.6174948e-01
   6.5191511e-01
   6.4078675e-01
   6.3017598e-01
   6.2137681e-01
   6.1568323e-01
   6.1361284e-01
   6.1620083e-01
   6.2448240e-01
   6.3793996e-01
   6.5709109e-01
   6.8038303e-01
   7.0652174e-01
   7.3317805e-01
   7.5776397e-01
   7.7795031e-01
   7.9140786e-01
   7.9787784e-01
   7.9761905e-01
   7.9192547e-01
   7.8286749e-01
   7.7225673e-01
   7.6190476e-01
   7.5284679e-01
   7.4585921e-01
   7.4094203e-01
   7.3783644e-01
   7.3602485e-01
   7.3473085e-01
   7.3447205e-01
   7.3421325e-01
   7.3395445e-01
   7.3369565e-01
   7.3317805e-01
   7.3291925e-01
   7.3240165e-01
   7.3188405e-01
   7.3007246e-01
   7.2619048e-01
   7.1946170e-01
   7.0910973e-01
   6.9487578e-01
   6.7831263e-01
   6.6123188e-01
   6.4544513e-01
   6.3405797e-01
   6.2862319e-01
   6.2991719e-01
   6.3845756e-01
   6.5320911e-01
   6.7132505e-01
   6.9099379e-01
   7.0962733e-01
   7.2437888e-01
   7.3395445e-01
   7.3602485e-01
   7.3084886e-01
   7.1842650e-01
   7.0031056e-01
   6.7908903e-01
   6.5734989e-01
   6.3845756e-01
   6.2525880e-01
   6.1930642e-01
   6.2085921e-01
   6.2991719e-01
   6.4389234e-01
   6.6149069e-01
   6.8012422e-01
   6.9772257e-01
   7.1299172e-01
   7.2463768e-01
   7.3162526e-01
   7.3369565e-01
   7.3084886e-01
   7.2334368e-01
   7.1143893e-01
   6.9746377e-01
   6.8271221e-01
   6.6925466e-01
   6.5916149e-01
   6.5320911e-01
   6.5243271e-01
   6.5631470e-01
   6.6511387e-01
   6.7701864e-01
   6.9177018e-01
   7.0755693e-01
   7.2334368e-01
   7.3706004e-01
   7.4818841e-01
   7.5465838e-01
   7.5595238e-01
   7.5181160e-01
   7.4327122e-01
   7.3240166e-01
   7.2075569e-01
   7.1118013e-01
   7.0548654e-01
   7.0471015e-01
   7.0988613e-01
   7.1972049e-01
   7.3369565e-01
   7.4948240e-01
   7.6501035e-01
   7.7795031e-01
   7.8623189e-01
   7.8804348e-01
   7.8312629e-01
   7.7199793e-01
   7.5621118e-01
   7.3783643e-01
   7.1972049e-01
   7.0419255e-01
   6.9332298e-01
   6.8762940e-01
   6.8685300e-01
   6.8918220e-01
   6.9384058e-01
   6.9875776e-01
   7.0263975e-01
   7.0548654e-01
   7.0626294e-01
   7.0574534e-01
   7.0341615e-01
   7.0005176e-01
   6.9591098e-01
   6.9099379e-01
   6.8581781e-01
   6.8141822e-01
   6.7857143e-01
   6.7753623e-01
   6.7883023e-01
   6.8193582e-01
   6.8633540e-01
   6.9073499e-01
   6.9409938e-01
   6.9565218e-01
   6.9461698e-01
   6.9047619e-01
   6.8297101e-01
   6.7287785e-01
   6.6123189e-01
   6.4932712e-01
   6.3845756e-01
   6.3121118e-01
   6.2836439e-01
   6.3172878e-01
   6.4052795e-01
   6.5424431e-01
   6.7132505e-01
   6.8866460e-01
   7.0367495e-01
   7.1454451e-01
   7.1946170e-01
   7.1816770e-01
   7.1118013e-01
   6.9979296e-01
   6.8633540e-01
   6.7287785e-01
   6.6149069e-01
   6.5450310e-01
   6.5346791e-01
   6.5967909e-01
   6.7261905e-01
   6.9151139e-01
   7.1350931e-01
   7.3576605e-01
   7.5491718e-01
   7.6785714e-01
   7.7329192e-01
   7.7018633e-01
   7.6035196e-01
   7.4585921e-01
   7.2955487e-01
   7.1454451e-01
   7.0315735e-01
   6.9694617e-01
   6.9616977e-01
   7.0031056e-01
   7.0807454e-01
   7.1765010e-01
   7.2644927e-01
   7.3291926e-01
   7.3550725e-01
   7.3369565e-01
   7.2722567e-01
   7.1790890e-01
   7.0703934e-01
   6.9720496e-01
   6.8969979e-01
   6.8581781e-01
   6.8555900e-01
   6.8866460e-01
   6.9332298e-01
   6.9875776e-01
   7.0367495e-01
   7.0729813e-01
   7.0910973e-01
   7.0988613e-01
   7.1014492e-01
   7.0936852e-01
   7.0781574e-01
   7.0574534e-01
   7.0289855e-01
   6.9953416e-01
   6.9668737e-01
   6.9384057e-01
   6.9254659e-01
   6.9332298e-01
   6.9539337e-01
   6.9927536e-01
   7.0445135e-01
   7.1040373e-01
   7.1609731e-01
   7.2127329e-01
   7.2489648e-01
   7.2644927e-01
   7.2541408e-01
   7.2127329e-01
   7.1428571e-01
   7.0574534e-01
   6.9668737e-01
   6.8969979e-01
   6.8633540e-01
   6.8918219e-01
   6.9901656e-01
   7.1557971e-01
   7.3809524e-01
   7.6397515e-01
   7.9037267e-01
   8.1444099e-01
   8.3281573e-01
   8.4368530e-01
   8.4549689e-01
   8.3928571e-01
   8.2634576e-01
   8.0900621e-01
   7.9114907e-01
   7.7613872e-01
   7.6656315e-01
   7.6501035e-01
   7.7148033e-01
   7.8416149e-01
   8.0020703e-01
   8.1599379e-01
   8.2763975e-01
   8.3255693e-01
   8.2789855e-01
   8.1444100e-01
   7.9270186e-01
   7.6526915e-01
   7.3576604e-01
   7.0729813e-01
   6.8297101e-01
   6.6537267e-01
   6.5631470e-01
   6.5527950e-01
   6.6174948e-01
   6.7339545e-01
   6.8685300e-01
   6.9953416e-01
   7.0755693e-01
   7.0910973e-01
   7.0263975e-01
   6.8788820e-01
   6.6563147e-01
   6.3793996e-01
   6.0584886e-01
   5.7220497e-01
   5.3881987e-01
   5.0776398e-01
   4.8110766e-01
   4.5988613e-01
   4.4565218e-01
   4.3918219e-01
   4.3944099e-01
   4.4539337e-01
   4.5522774e-01
   4.6635611e-01
   4.7670808e-01
   4.8447205e-01
   4.8887164e-01
   4.8938924e-01
   4.8654244e-01
   4.8110766e-01
   4.7412008e-01
   4.6557971e-01
   4.5652174e-01
   4.4798137e-01
   4.4047619e-01
   4.3504141e-01
   4.3245341e-01
   4.3322981e-01
   4.3788820e-01
   4.4565218e-01
   4.5600414e-01
   4.6790890e-01
   4.8007246e-01
   4.9223602e-01
   5.0388198e-01
   5.1475155e-01
   5.2510352e-01
   5.3493789e-01
   5.4451346e-01
   5.5305383e-01
   5.6107660e-01
   5.6832298e-01
   5.7375777e-01
   5.7763975e-01
   5.7893375e-01
   5.7738096e-01
   5.7116977e-01
   5.6081781e-01
   5.4606625e-01
   5.2795031e-01
   5.0828158e-01
   4.8913044e-01
   4.7282609e-01
   4.6221532e-01
   4.5781574e-01
   4.6118013e-01
   4.7101449e-01
   4.8706005e-01
   5.0776397e-01
   5.3131470e-01
   5.5486542e-01
   5.7660455e-01
   5.9446169e-01
   6.0584886e-01
   6.0998965e-01
   6.0610766e-01
   5.9549690e-01
   5.8022774e-01
   5.6314700e-01
   5.4839544e-01
   5.3856107e-01
   5.3649068e-01
   5.4347826e-01
   5.5926501e-01
   5.8203934e-01
   6.0998965e-01
   6.4026916e-01
   6.6977226e-01
   6.9565217e-01
   7.1583851e-01
   7.2851966e-01
   7.3369565e-01
   7.3084886e-01
   7.2282609e-01
   7.1066252e-01
   6.9824017e-01
   6.8762940e-01
   6.8115942e-01
   6.7908903e-01
   6.8245342e-01
   6.8944099e-01
   6.9901657e-01
   7.1014493e-01
   7.2127329e-01
   7.3188406e-01
   7.4171843e-01
   7.5051760e-01
   7.5724638e-01
   7.6190476e-01
   7.6371636e-01
   7.6268116e-01
   7.5854037e-01
   7.5258799e-01
   7.4611801e-01
   7.4068323e-01
   7.3731884e-01
   7.3731884e-01
   7.4042443e-01
   7.4585921e-01
   7.5207039e-01
   7.5698758e-01
   7.5854037e-01
   7.5517598e-01
   7.4534161e-01
   7.2877847e-01
   7.0652174e-01
   6.8064182e-01
   6.5320911e-01
   6.2707039e-01
   6.0455486e-01
   5.8695652e-01
   5.7479296e-01
   5.6651138e-01
   5.6004141e-01
   5.5383023e-01
   5.4528985e-01
   5.3442029e-01
   5.2044514e-01
   5.0517598e-01
   4.9016563e-01
   4.7696687e-01
   4.6713251e-01
   4.6040372e-01
   4.5678054e-01
   4.5574534e-01
   4.5703934e-01
   4.5962733e-01
   4.6273292e-01
   4.6661491e-01
   4.7075569e-01
   4.7437888e-01
   4.7670807e-01
   4.7696688e-01
   4.7463768e-01
   4.6997930e-01
   4.6350932e-01
   4.5522774e-01
   4.4642857e-01
   4.3892340e-01
   4.3374741e-01
   4.3141822e-01
   4.3348861e-01
   4.4021739e-01
   4.5186335e-01
   4.6739130e-01
   4.8602485e-01
   5.0543478e-01
   5.2329192e-01
   5.3752588e-01
   5.4684265e-01
   5.4968944e-01
   5.4787785e-01
   5.4140787e-01
   5.3364389e-01
   5.2665631e-01
   5.2225673e-01
   5.2122153e-01
   5.2484472e-01
   5.3131470e-01
   5.4063147e-01
   5.5046584e-01
   5.6004141e-01
   5.6780538e-01
   5.7194617e-01
   5.7272257e-01
   5.6884058e-01
   5.6185300e-01
   5.5227743e-01
   5.4192547e-01
   5.3260869e-01
   5.2613872e-01
   5.2355073e-01
   5.2536232e-01
   5.3157350e-01
   5.4063147e-01
   5.5175984e-01
   5.6366460e-01
   5.7556935e-01
   5.8669772e-01
   5.9627329e-01
   6.0429607e-01
   6.0947205e-01
   6.1180124e-01
   6.1102485e-01
   6.0740166e-01
   6.0170807e-01
   5.9549690e-01
   5.9083851e-01
   5.8928571e-01
   5.9161491e-01
   5.9834368e-01
   6.0947205e-01
   6.2370600e-01
   6.3923395e-01
   6.5476190e-01
   6.6770186e-01
   6.7779503e-01
   6.8322981e-01
   6.8400621e-01
   6.8090062e-01
   6.7443064e-01
   6.6666667e-01
   6.5942029e-01
   6.5450311e-01
   6.5372670e-01
   6.5734990e-01
   6.6433747e-01
   6.7313664e-01
   6.8193582e-01
   6.8788820e-01
   6.8866460e-01
   6.8374741e-01
   6.7313665e-01
   6.5812630e-01
   6.4078675e-01
   6.2448240e-01
   6.1076605e-01
   6.0248447e-01
   6.0067288e-01
   6.0559006e-01
   6.1697722e-01
   6.3302277e-01
   6.5113872e-01
   6.6821947e-01
   6.8141822e-01
   6.8840579e-01
   6.8866459e-01
   6.8219462e-01
   6.7132505e-01
   6.5864389e-01
   6.4751553e-01
   6.4130435e-01
   6.4208075e-01
   6.4984472e-01
   6.6485508e-01
   6.8478261e-01
   7.0781574e-01
   7.3110766e-01
   7.5258799e-01
   7.6992753e-01
   7.8131470e-01
   7.8623188e-01
   7.8416149e-01
   7.7536232e-01
   7.6216356e-01
   7.4637681e-01
   7.3033126e-01
   7.1739130e-01
   7.0910973e-01
   7.0678054e-01
   7.1092133e-01
   7.2127329e-01
   7.3602484e-01
   7.5336439e-01
   7.7173913e-01
   7.8907867e-01
   8.0383023e-01
   8.1418220e-01
   8.1884058e-01
   8.1625259e-01
   8.0693582e-01
   7.9089027e-01
   7.6940994e-01
   7.4534161e-01
   7.2101449e-01
   6.9875776e-01
   6.8167701e-01
   6.7158385e-01
   6.6925465e-01
   6.7520704e-01
   6.8892339e-01
   7.0859213e-01
   7.3266045e-01
   7.5828157e-01
   7.8286749e-01
   8.0331262e-01
   8.1677018e-01
   8.2220497e-01
   8.1909937e-01
   8.0797101e-01
   7.9114907e-01
   7.7096274e-01
   7.5000000e-01
   7.3136646e-01
   7.1687371e-01
   7.0729813e-01
   7.0315735e-01
   7.0419254e-01
   7.0988613e-01
   7.1894410e-01
   7.3033126e-01
   7.4223602e-01
   7.5284679e-01
   7.6086956e-01
   7.6552795e-01
   7.6604555e-01
   7.6242236e-01
   7.5595238e-01
   7.4715321e-01
   7.3731884e-01
   7.2722568e-01
   7.1713251e-01
   7.0781574e-01
   6.9927536e-01
   6.9151139e-01
   6.8555901e-01
   6.8193582e-01
   6.8090062e-01
   6.8322981e-01
   6.8892339e-01
   6.9694617e-01
   7.0626294e-01
   7.1661491e-01
   7.2670807e-01
   7.3680124e-01
   7.4560041e-01
   7.5362319e-01
   7.6035197e-01
   7.6552795e-01
   7.6785714e-01
   7.6733954e-01
   7.6345755e-01
   7.5569358e-01
   7.4560041e-01
   7.3369565e-01
   7.2179088e-01
   7.1143892e-01
   7.0367495e-01
   7.0031056e-01
   7.0160456e-01
   7.0781573e-01
   7.1920290e-01
   7.3369565e-01
   7.5103519e-01
   7.6837474e-01
   7.8364389e-01
   7.9451346e-01
   7.9968944e-01
   7.9839544e-01
   7.9089027e-01
   7.7846791e-01
   7.6268116e-01
   7.4534161e-01
   7.2774327e-01
   7.1143892e-01
   6.9694617e-01
   6.8555900e-01
   6.7779503e-01
   6.7417184e-01
   6.7546584e-01
   6.8115942e-01
   6.9099379e-01
   7.0393375e-01
   7.1816770e-01
   7.3188405e-01
   7.4275362e-01
   7.4974119e-01
   7.5155279e-01
   7.4792961e-01
   7.3913043e-01
   7.2593167e-01
   7.0988613e-01
   6.9202898e-01
   6.7520704e-01
   6.6123188e-01
   6.5217392e-01
   6.5036231e-01
   6.5605590e-01
   6.7003105e-01
   6.8944099e-01
   7.1273292e-01
   7.3524844e-01
   7.5465838e-01
   7.6708074e-01
   7.7070394e-01
   7.6423396e-01
   7.4870600e-01
   7.2541408e-01
   6.9720496e-01
   6.6718426e-01
   6.3871636e-01
   6.1542443e-01
   5.9963768e-01
   5.9290890e-01
   5.9523809e-01
   6.0584886e-01
   6.2189441e-01
   6.4078675e-01
   6.5967909e-01
   6.7572464e-01
   6.8814700e-01
   6.9591097e-01
   6.9927536e-01
   6.9953416e-01
   6.9668737e-01
   6.9177019e-01
   6.8530021e-01
   6.7805383e-01
   6.7054865e-01
   6.6356108e-01
   6.5864389e-01
   6.5657350e-01
   6.5838509e-01
   6.6433748e-01
   6.7417184e-01
   6.8711180e-01
   7.0160456e-01
   7.1583851e-01
   7.2826087e-01
   7.3731884e-01
   7.4120082e-01
   7.3913043e-01
   7.3007246e-01
   7.1428571e-01
   6.9306418e-01
   6.6847826e-01
   6.4311594e-01
   6.2008282e-01
   6.0248447e-01
   5.9161491e-01
   5.8876812e-01
   5.9265010e-01
   6.0274327e-01
   6.1645963e-01
   6.3250517e-01
   6.4855073e-01
   6.6381987e-01
   6.7831263e-01
   6.9202899e-01
   7.0419254e-01
   7.1506211e-01
   7.2412008e-01
   7.3033126e-01
   7.3291926e-01
   7.3084886e-01
   7.2437888e-01
   7.1325052e-01
   6.9746377e-01
   6.7831263e-01
   6.5812630e-01
   6.3845756e-01
   6.2267080e-01
   6.1283644e-01
   6.1102485e-01
   6.1801242e-01
   6.3276397e-01
   6.5372671e-01
   6.7779503e-01
   7.0082816e-01
   7.2075569e-01
   7.3447205e-01
   7.4094203e-01
   7.4068322e-01
   7.3343685e-01
   7.2204969e-01
   7.0781573e-01
   6.9306418e-01
   6.7960662e-01
   6.6951345e-01
   6.6381987e-01
   6.6459628e-01
   6.7080745e-01
   6.8348861e-01
   7.0031056e-01
   7.1972050e-01
   7.3887163e-01
   7.5595238e-01
   7.6837474e-01
   7.7458592e-01
   7.7458592e-01
   7.6785714e-01
   7.5543478e-01
   7.3913043e-01
   7.2049690e-01
   7.0186335e-01
   6.8452381e-01
   6.7132505e-01
   6.6200828e-01
   6.5760869e-01
   6.5683230e-01
   6.5890269e-01
   6.6200828e-01
   6.6433747e-01
   6.6459627e-01
   6.6252588e-01
   6.5838509e-01
   6.5269151e-01
   6.4596273e-01
   6.3897516e-01
   6.3198758e-01
   6.2525880e-01
   6.1904762e-01
   6.1361284e-01
   6.0973085e-01
   6.0843685e-01
   6.1024844e-01
   6.1620083e-01
   6.2525880e-01
   6.3664596e-01
   6.4932712e-01
   6.6071428e-01
   6.6873706e-01
   6.7287784e-01
   6.7158385e-01
   6.6563147e-01
   6.5631470e-01
   6.4492753e-01
   6.3379917e-01
   6.2577639e-01
   6.2344720e-01
   6.2836439e-01
   6.4208075e-01
   6.6485507e-01
   6.9539337e-01
   7.3084886e-01
   7.6837474e-01
   8.0460662e-01
   8.3669772e-01
   8.6335403e-01
   8.8302277e-01
   8.9699793e-01
   9.0657350e-01
   9.1304347e-01
   9.1744306e-01
   9.2080745e-01
   9.2287784e-01
   9.2313664e-01
   9.2054865e-01
   9.1459627e-01
   9.0476190e-01
   8.9078674e-01
   8.7344720e-01
   8.5455487e-01
   8.3566252e-01
   8.1935818e-01
   8.0848861e-01
   8.0460662e-01
   8.0900621e-01
   8.2116977e-01
   8.3954451e-01
   8.6102484e-01
   8.8146998e-01
   8.9803312e-01
   9.0709110e-01
   9.0786749e-01
   8.9984472e-01
   8.8457557e-01
   8.6438923e-01
   8.4187371e-01
   8.1909938e-01
   7.9839544e-01
   7.8105590e-01
   7.6759834e-01
   7.5879917e-01
   7.5465838e-01
   7.5414079e-01
   7.5672878e-01
   7.6086957e-01
   7.6423395e-01
   7.6578675e-01
   7.6397516e-01
   7.5698757e-01
   7.4508282e-01
   7.2877847e-01
   7.0885093e-01
   6.8685300e-01
   6.6485507e-01
   6.4389234e-01
   6.2629399e-01
   6.1309524e-01
   6.0559006e-01
   6.0351967e-01
   6.0688406e-01
   6.1438924e-01
   6.2370600e-01
   6.3328157e-01
   6.4052795e-01
   6.4415114e-01
   6.4259834e-01
   6.3612836e-01
   6.2396480e-01
   6.0766046e-01
   5.8747412e-01
   5.6444099e-01
   5.4037267e-01
   5.1656314e-01
   4.9560041e-01
   4.7929607e-01
   4.6972050e-01
   4.6790891e-01
   4.7308488e-01
   4.8369565e-01
   4.9689441e-01
   5.0931677e-01
   5.1759834e-01
   5.1915114e-01
   5.1293996e-01
   4.9974120e-01
   4.8136646e-01
   4.5988613e-01
   4.3788820e-01
   4.1770186e-01
   4.0010352e-01
   3.8586956e-01
   3.7422360e-01
   3.6464803e-01
   3.5636646e-01
   3.4912009e-01
   3.4265011e-01
   3.3747413e-01
   3.3462733e-01
   3.3462733e-01
   3.3850932e-01
   3.4627330e-01
   3.5766045e-01
   3.7137681e-01
   3.8509317e-01
   3.9648033e-01
   4.0398551e-01
   4.0631470e-01
   4.0372671e-01
   3.9725673e-01
   3.8871636e-01
   3.8095238e-01
   3.7577640e-01
   3.7474120e-01
   3.7810559e-01
   3.8509317e-01
   3.9492754e-01
   4.0605590e-01
   4.1718427e-01
   4.2753624e-01
   4.3685300e-01
   4.4384058e-01
   4.4901656e-01
   4.5160456e-01
   4.5238095e-01
   4.5082816e-01
   4.4772257e-01
   4.4306418e-01
   4.3737060e-01
   4.3115942e-01
   4.2443064e-01
   4.1770187e-01
   4.1174948e-01
   4.0683230e-01
   4.0476191e-01
   4.0683230e-01
   4.1381988e-01
   4.2701863e-01
   4.4591097e-01
   4.6972050e-01
   4.9611802e-01
   5.2251553e-01
   5.4684265e-01
   5.6625259e-01
   5.7945135e-01
   5.8643893e-01
   5.8695652e-01
   5.8152174e-01
   5.7116977e-01
   5.5797101e-01
   5.4321946e-01
   5.2924431e-01
   5.1837474e-01
   5.1268116e-01
   5.1371636e-01
   5.2303312e-01
   5.3985507e-01
   5.6288820e-01
   5.9032091e-01
   6.1853002e-01
   6.4492753e-01
   6.6640786e-01
   6.8115942e-01
   6.8737060e-01
   6.8581781e-01
   6.7675983e-01
   6.6226708e-01
   6.4518633e-01
   6.2862319e-01
   6.1568323e-01
   6.0869565e-01
   6.0947205e-01
   6.1749483e-01
   6.3172878e-01
   6.4984472e-01
   6.6899586e-01
   6.8633540e-01
   7.0031056e-01
   7.0910973e-01
   7.1376812e-01
   7.1428571e-01
   7.1169772e-01
   7.0678054e-01
   7.0082815e-01
   6.9409938e-01
   6.8711180e-01
   6.8090062e-01
   6.7520704e-01
   6.7132505e-01
   6.6977225e-01
   6.7054865e-01
   6.7417184e-01
   6.8038303e-01
   6.8892340e-01
   6.9979296e-01
   7.1247412e-01
   7.2619048e-01
   7.4016563e-01
   7.5414079e-01
   7.6630435e-01
   7.7639752e-01
   7.8364389e-01
   7.8778468e-01
   7.8933747e-01
   7.8907867e-01
   7.8830228e-01
   7.8700828e-01
   7.8623189e-01
   7.8597308e-01
   7.8545548e-01
   7.8545548e-01
   7.8519669e-01
   7.8545548e-01
   7.8597308e-01
   7.8778468e-01
   7.9037267e-01
   7.9321946e-01
   7.9528986e-01
   7.9606625e-01
   7.9399586e-01
   7.8959627e-01
   7.8312630e-01
   7.7587992e-01
   7.6863354e-01
   7.6345755e-01
   7.6112836e-01
   7.6190476e-01
   7.6656314e-01
   7.7432712e-01
   7.8416149e-01
   7.9451345e-01
   8.0434783e-01
   8.1159420e-01
   8.1495859e-01
   8.1392339e-01
   8.0822981e-01
   7.9917184e-01
   7.8804347e-01
   7.7743271e-01
   7.6940994e-01
   7.6552795e-01
   7.6630435e-01
   7.7199792e-01
   7.8053830e-01
   7.9011387e-01
   7.9839544e-01
   8.0357142e-01
   8.0331263e-01
   7.9813664e-01
   7.8752588e-01
   7.7303313e-01
   7.5595238e-01
   7.3913043e-01
   7.2515528e-01
   7.1609731e-01
   7.1350932e-01
   7.1816770e-01
   7.2929607e-01
   7.4456521e-01
   7.6086957e-01
   7.7432713e-01
   7.8209110e-01
   7.8234990e-01
   7.7484472e-01
   7.6061077e-01
   7.4223602e-01
   7.2360248e-01
   7.0755694e-01
   6.9642857e-01
   6.9254658e-01
   6.9539338e-01
   7.0471014e-01
   7.1790890e-01
   7.3266045e-01
   7.4637681e-01
   7.5569358e-01
   7.5828157e-01
   7.5284679e-01
   7.3938923e-01
   7.1920290e-01
   6.9565217e-01
   6.7313664e-01
   6.5527950e-01
   6.4648033e-01
   6.4906833e-01
   6.6356108e-01
   6.8944099e-01
   7.2360248e-01
   7.6242236e-01
   8.0124223e-01
   8.3566253e-01
   8.6206004e-01
   8.7784679e-01
   8.8198757e-01
   8.7422360e-01
   8.5610766e-01
   8.3048654e-01
   8.0072464e-01
   7.7044513e-01
   7.4249482e-01
   7.1946170e-01
   7.0315735e-01
   6.9332298e-01
   6.8944099e-01
   6.9125259e-01
   6.9694617e-01
   7.0496895e-01
   7.1454451e-01
   7.2412008e-01
   7.3188406e-01
   7.3602484e-01
   7.3550725e-01
   7.2929606e-01
   7.1790890e-01
   7.0238095e-01
   6.8530021e-01
   6.6873706e-01
   6.5605590e-01
   6.4880952e-01
   6.4725673e-01
   6.5139751e-01
   6.6019669e-01
   6.7106625e-01
   6.8297101e-01
   6.9409938e-01
   7.0367495e-01
   7.1143892e-01
   7.1739130e-01
   7.2204969e-01
   7.2567288e-01
   7.2851967e-01
   7.3136646e-01
   7.3395445e-01
   7.3602484e-01
   7.3757764e-01
   7.3809524e-01
   7.3680124e-01
   7.3343685e-01
   7.2722568e-01
   7.1868530e-01
   7.0755693e-01
   6.9539338e-01
   6.8193581e-01
   6.6873706e-01
   6.5553830e-01
   6.4363354e-01
   6.3328157e-01
   6.2525880e-01
   6.2060041e-01
   6.1930642e-01
   6.2111802e-01
   6.2603519e-01
   6.3146998e-01
   6.3638716e-01
   6.3793995e-01
   6.3535197e-01
   6.2758799e-01
   6.1594203e-01
   6.0222568e-01
   5.8876812e-01
   5.7763975e-01
   5.7142857e-01
   5.7091097e-01
   5.7582816e-01
   5.8566252e-01
   5.9912008e-01
   6.1490683e-01
   6.3146998e-01
   6.4751553e-01
   6.6149069e-01
   6.7287784e-01
   6.8038302e-01
   6.8348861e-01
   6.8219461e-01
   6.7701863e-01
   6.6821946e-01
   6.5709109e-01
   6.4440994e-01
   6.3121118e-01
   6.1853002e-01
   6.0740166e-01
   5.9860248e-01
   5.9342650e-01
   5.9239130e-01
   5.9679089e-01
   6.0636646e-01
   6.1956522e-01
   6.3509317e-01
   6.5062112e-01
   6.6381988e-01
   6.7158385e-01
   6.7339544e-01
   6.6873706e-01
   6.5864389e-01
   6.4466873e-01
   6.2939958e-01
   6.1490683e-01
   6.0326087e-01
   5.9575569e-01
   5.9316770e-01
   5.9523810e-01
   6.0067288e-01
   6.0791925e-01
   6.1516563e-01
   6.1982402e-01
   6.2060042e-01
   6.1645963e-01
   6.0791925e-01
   5.9549689e-01
   5.8178054e-01
   5.6858178e-01
   5.5693582e-01
   5.4865424e-01
   5.4347826e-01
   5.4063147e-01
   5.3933748e-01
   5.3881988e-01
   5.3778468e-01
   5.3649068e-01
   5.3493789e-01
   5.3312629e-01
   5.3157350e-01
   5.3079710e-01
   5.3105590e-01
   5.3286750e-01
   5.3649068e-01
   5.4218427e-01
   5.5020704e-01
   5.6055901e-01
   5.7168737e-01
   5.8333333e-01
   5.9394410e-01
   6.0170807e-01
   6.0559007e-01
   6.0559006e-01
   6.0144927e-01
   5.9368530e-01
   5.8359213e-01
   5.7168737e-01
   5.5926501e-01
   5.4761905e-01
   5.3830228e-01
   5.3183229e-01
   5.2950311e-01
   5.3183230e-01
   5.3856107e-01
   5.4891304e-01
   5.6107660e-01
   5.7324017e-01
   5.8307454e-01
   5.8902692e-01
   5.9083851e-01
   5.8799172e-01
   5.8126294e-01
   5.7246377e-01
   5.6211180e-01
   5.5150104e-01
   5.4192546e-01
   5.3390269e-01
   5.2795031e-01
   5.2458592e-01
   5.2432712e-01
   5.2639751e-01
   5.3131470e-01
   5.3804348e-01
   5.4528985e-01
   5.5175984e-01
   5.5667702e-01
   5.5848862e-01
   5.5719462e-01
   5.5150104e-01
   5.4270186e-01
   5.3027951e-01
   5.1604555e-01
   5.0155280e-01
   4.8835403e-01
   4.7877847e-01
   4.7437888e-01
   4.7644927e-01
   4.8498965e-01
   4.9870600e-01
   5.1526915e-01
   5.3157350e-01
   5.4477226e-01
   5.5279503e-01
   5.5408903e-01
   5.4968945e-01
   5.4037267e-01
   5.2846791e-01
   5.1682195e-01
   5.0672878e-01
   5.0025880e-01
   4.9767081e-01
   5.0025880e-01
   5.0672878e-01
   5.1759834e-01
   5.3131470e-01
   5.4710145e-01
   5.6288820e-01
   5.7763975e-01
   5.8954452e-01
   5.9730849e-01
   6.0015528e-01
   5.9782608e-01
   5.9057971e-01
   5.7893374e-01
   5.6444099e-01
   5.4761905e-01
   5.3027950e-01
   5.1423395e-01
   5.0051759e-01
   4.9171842e-01
   4.8783644e-01
   4.8887164e-01
   4.9508282e-01
   5.0439959e-01
   5.1449275e-01
   5.2355073e-01
   5.2976190e-01
   5.3209110e-01
   5.3002070e-01
   5.2484472e-01
   5.1759834e-01
   5.1009317e-01
   5.0336439e-01
   4.9974120e-01
   4.9948241e-01
   5.0414078e-01
   5.1268116e-01
   5.2536232e-01
   5.4089027e-01
   5.5745342e-01
   5.7375776e-01
   5.8721532e-01
   5.9679089e-01
   6.0170808e-01
   6.0222568e-01
   5.9963768e-01
   5.9523810e-01
   5.9057971e-01
   5.8695652e-01
   5.8462733e-01
   5.8333333e-01
   5.8178054e-01
   5.7971015e-01
   5.7634576e-01
   5.7116977e-01
   5.6444099e-01
   5.5693582e-01
   5.4865424e-01
   5.4089027e-01
   5.3390269e-01
   5.2872671e-01
   5.2613872e-01
   5.2639751e-01
   5.3079710e-01
   5.3881988e-01
   5.5020704e-01
   5.6418220e-01
   5.7815735e-01
   5.9109730e-01
   6.0041408e-01
   6.0481366e-01
   6.0403727e-01
   5.9808488e-01
   5.8799172e-01
   5.7453416e-01
   5.5952381e-01
   5.4528985e-01
   5.3390269e-01
   5.2691512e-01
   5.2587992e-01
   5.3105590e-01
   5.4270187e-01
   5.5874741e-01
   5.7686335e-01
   5.9368530e-01
   6.0636646e-01
   6.1231884e-01
   6.0973085e-01
   5.9860249e-01
   5.7971015e-01
   5.5512422e-01
   5.2769151e-01
   5.0077640e-01
   4.7748447e-01
   4.6040372e-01
   4.5212216e-01
   4.5341615e-01
   4.6454451e-01
   4.8369565e-01
   5.0905797e-01
   5.3623189e-01
   5.6159420e-01
   5.8203934e-01
   5.9497929e-01
   5.9963768e-01
   5.9679089e-01
   5.8825052e-01
   5.7686335e-01
   5.6547619e-01
   5.5641822e-01
   5.5124223e-01
   5.5046584e-01
   5.5408903e-01
   5.6133540e-01
   5.7091098e-01
   5.8100414e-01
   5.9006211e-01
   5.9704969e-01
   6.0041408e-01
   6.0041408e-01
   5.9653209e-01
   5.8954451e-01
   5.8100414e-01
   5.7246377e-01
   5.6495859e-01
   5.5874741e-01
   5.5486542e-01
   5.5253623e-01
   5.5150104e-01
   5.5150103e-01
   5.5253623e-01
   5.5434782e-01
   5.5719462e-01
   5.6159420e-01
   5.6677019e-01
   5.7272257e-01
   5.7841615e-01
   5.8359213e-01
   5.8773292e-01
   5.9032091e-01
   5.9109731e-01
   5.9032091e-01
   5.8773292e-01
   5.8307454e-01
   5.7686335e-01
   5.6884058e-01
   5.5978261e-01
   5.5072464e-01
   5.4244306e-01
   5.3597309e-01
   5.3131470e-01
   5.2898551e-01
   5.2872671e-01
   5.3027951e-01
   5.3364389e-01
   5.3856108e-01
   5.4554865e-01
   5.5538302e-01
   5.6754659e-01
   5.8126294e-01
   5.9575569e-01
   6.0895446e-01
   6.1930642e-01
   6.2500000e-01
   6.2525880e-01
   6.2008282e-01
   6.1024844e-01
   5.9808489e-01
   5.8488613e-01
   5.7272257e-01
   5.6366460e-01
   5.5848861e-01
   5.5874741e-01
   5.6469979e-01
   5.7634576e-01
   5.9239130e-01
   6.1154244e-01
   6.3172878e-01
   6.5036231e-01
   6.6485508e-01
   6.7391304e-01
   6.7624223e-01
   6.7158385e-01
   6.6071429e-01
   6.4570394e-01
   6.2810559e-01
   6.0998964e-01
   5.9368530e-01
   5.8074534e-01
   5.7324016e-01
   5.7168737e-01
   5.7582816e-01
   5.8566252e-01
   5.9963768e-01
   6.1542443e-01
   6.3069358e-01
   6.4337474e-01
   6.5191511e-01
   6.5527950e-01
   6.5372671e-01
   6.4803312e-01
   6.4001036e-01
   6.3017599e-01
   6.2008282e-01
   6.1154244e-01
   6.0429607e-01
   5.9989647e-01
   5.9834369e-01
   6.0015528e-01
   6.0481366e-01
   6.1180124e-01
   6.2008282e-01
   6.2784679e-01
   6.3405797e-01
   6.3716356e-01
   6.3716356e-01
   6.3431677e-01
   6.2862319e-01
   6.2189441e-01
   6.1516563e-01
   6.0947205e-01
   6.0559007e-01
   6.0455486e-01
   6.0662526e-01
   6.1128364e-01
   6.1878882e-01
   6.2810559e-01
   6.3742236e-01
   6.4596273e-01
   6.5191511e-01
   6.5424431e-01
   6.5269151e-01
   6.4777433e-01
   6.4026915e-01
   6.3198758e-01
   6.2422360e-01
   6.1749482e-01
   6.1154244e-01
   6.0584886e-01
   5.9937888e-01
   5.9161491e-01
   5.8203934e-01
   5.7220497e-01
   5.6288820e-01
   5.5564182e-01
   5.5201863e-01
   5.5331263e-01
   5.5978260e-01
   5.6987577e-01
   5.8281574e-01
   5.9653209e-01
   6.0947205e-01
   6.1904761e-01
   6.2448240e-01
   6.2474120e-01
   6.1982402e-01
   6.1076605e-01
   5.9886129e-01
   5.8566252e-01
   5.7349896e-01
   5.6314699e-01
   5.5590062e-01
   5.5150104e-01
   5.4917184e-01
   5.4865424e-01
   5.4943064e-01
   5.5124224e-01
   5.5460662e-01
   5.6055901e-01
   5.6935818e-01
   5.8152174e-01
   5.9575569e-01
   6.1076604e-01
   6.2474120e-01
   6.3561077e-01
   6.4182195e-01
   6.4285714e-01
   6.3897516e-01
   6.3121118e-01
   6.2085921e-01
   6.0973085e-01
   5.9937888e-01
   5.9109730e-01
   5.8592133e-01
   5.8359213e-01
   5.8385093e-01
   5.8618012e-01
   5.8902691e-01
   5.9109731e-01
   5.9135610e-01
   5.8902691e-01
   5.8436853e-01
   5.7763976e-01
   5.7013458e-01
   5.6366459e-01
   5.5874741e-01
   5.5590062e-01
   5.5564182e-01
   5.5641822e-01
   5.5745342e-01
   5.5771221e-01
   5.5641822e-01
   5.5331263e-01
   5.4891304e-01
   5.4321946e-01
   5.3752588e-01
   5.3286750e-01
   5.3027950e-01
   5.3079710e-01
   5.3545549e-01
   5.4425466e-01
   5.5719462e-01
   5.7246377e-01
   5.8876812e-01
   6.0326086e-01
   6.1413044e-01
   6.1956521e-01
   6.1878882e-01
   6.1283644e-01
   6.0326087e-01
   5.9187371e-01
   5.8100414e-01
   5.7298137e-01
   5.6884058e-01
   5.6909938e-01
   5.7272257e-01
   5.7919255e-01
   5.8747412e-01
   5.9575569e-01
   6.0326087e-01
   6.0843685e-01
   6.1024845e-01
   6.0817805e-01
   6.0196687e-01
   5.9290890e-01
   5.8229814e-01
   5.7194617e-01
   5.6366460e-01
   5.5952381e-01
   5.6030021e-01
   5.6625259e-01
   5.7686335e-01
   5.9057971e-01
   6.0584886e-01
   6.2163561e-01
   6.3509317e-01
   6.4570394e-01
   6.5243272e-01
   6.5424431e-01
   6.5139751e-01
   6.4518633e-01
   6.3612836e-01
   6.2681160e-01
   6.1853002e-01
   6.1361283e-01
   6.1283644e-01
   6.1620083e-01
   6.2241201e-01
   6.3017599e-01
   6.3819876e-01
   6.4415114e-01
   6.4829192e-01
   6.4932712e-01
   6.4855072e-01
   6.4622153e-01
   6.4311594e-01
   6.4026916e-01
   6.3819876e-01
   6.3716356e-01
   6.3716356e-01
   6.3793995e-01
   6.3949275e-01
   6.4052795e-01
   6.4052795e-01
   6.3845756e-01
   6.3379917e-01
   6.2655279e-01
   6.1723602e-01
   6.0688406e-01
   5.9704969e-01
   5.8902692e-01
   5.8333333e-01
   5.8100414e-01
   5.8152174e-01
   5.8436853e-01
   5.8876812e-01
   5.9472050e-01
   6.0170807e-01
   6.1050725e-01
   6.2085921e-01
   6.3302277e-01
   6.4648033e-01
   6.6019669e-01
   6.7339545e-01
   6.8530021e-01
   6.9487578e-01
   7.0212215e-01
   7.0652174e-01
   7.0859213e-01
   7.0859213e-01
   7.0678054e-01
   7.0419255e-01
   7.0108695e-01
   6.9746377e-01
   6.9461698e-01
   6.9202898e-01
   6.8969979e-01
   6.8737060e-01
   6.8374741e-01
   6.7883023e-01
   6.7261905e-01
   6.6485507e-01
   6.5657350e-01
   6.4829192e-01
   6.4156315e-01
   6.3612836e-01
   6.3276397e-01
   6.3172878e-01
   6.3276397e-01
   6.3586956e-01
   6.4078675e-01
   6.4803312e-01
   6.5760870e-01
   6.6847826e-01
   6.8012422e-01
   6.9021739e-01
   6.9772256e-01
   7.0056936e-01
   6.9849896e-01
   6.9151139e-01
   6.8141822e-01
   6.7028986e-01
   6.6097308e-01
   6.5502070e-01
   6.5424430e-01
   6.5864389e-01
   6.6744306e-01
   6.7960662e-01
   6.9332298e-01
   7.0678054e-01
   7.1790890e-01
   7.2593168e-01
   7.3033126e-01
   7.3033126e-01
   7.2670807e-01
   7.1997929e-01
   7.1195652e-01
   7.0341615e-01
   6.9565217e-01
   6.8892339e-01
   6.8400621e-01
   6.8012422e-01
   6.7675983e-01
   6.7365424e-01
   6.7080745e-01
   6.6821946e-01
   6.6666667e-01
   6.6614907e-01
   6.6692547e-01
   6.6925465e-01
   6.7236025e-01
   6.7572464e-01
   6.7857143e-01
   6.8115942e-01
   6.8271221e-01
   6.8348861e-01
   6.8348861e-01
   6.8322981e-01
   6.8167702e-01
   6.7908903e-01
   6.7520704e-01
   6.6925466e-01
   6.6226708e-01
   6.5424431e-01
   6.4648033e-01
   6.3949275e-01
   6.3431677e-01
   6.3146998e-01
   6.3198758e-01
   6.3664596e-01
   6.4492753e-01
   6.5760869e-01
   6.7417184e-01
   6.9254658e-01
   7.1143892e-01
   7.2748447e-01
   7.3887163e-01
   7.4249482e-01
   7.3783644e-01
   7.2463768e-01
   7.0393374e-01
   6.7857143e-01
   6.5139751e-01
   6.2577640e-01
   6.0481366e-01
   5.9006211e-01
   5.8333333e-01
   5.8462733e-01
   5.9316770e-01
   6.0714285e-01
   6.2474120e-01
   6.4208075e-01
   6.5709109e-01
   6.6718426e-01
   6.7106625e-01
   6.6873706e-01
   6.6149069e-01
   6.5087992e-01
   6.3923395e-01
   6.2862319e-01
   6.2034161e-01
   6.1542443e-01
   6.1309524e-01
   6.1309524e-01
   6.1464803e-01
   6.1749482e-01
   6.2085922e-01
   6.2474120e-01
   6.2810559e-01
   6.3095238e-01
   6.3250517e-01
   6.3250517e-01
   6.3069358e-01
   6.2758799e-01
   6.2396480e-01
   6.2060041e-01
   6.1827122e-01
   6.1853002e-01
   6.2163561e-01
   6.2784679e-01
   6.3690476e-01
   6.4880952e-01
   6.6252588e-01
   6.7727743e-01
   6.9177019e-01
   7.0419255e-01
   7.1325052e-01
   7.1765010e-01
   7.1661490e-01
   7.0988612e-01
   6.9875776e-01
   6.8400621e-01
   6.6821947e-01
   6.5346791e-01
   6.4130434e-01
   6.3276397e-01
   6.2939959e-01
   6.3095238e-01
   6.3742236e-01
   6.4803312e-01
   6.6097308e-01
   6.7520704e-01
   6.8814700e-01
   6.9772257e-01
   7.0134576e-01
   6.9875776e-01
   6.8892340e-01
   6.7443064e-01
   6.5631470e-01
   6.3871636e-01
   6.2500000e-01
   6.1723602e-01
   6.1697722e-01
   6.2448240e-01
   6.3845755e-01
   6.5631470e-01
   6.7572464e-01
   6.9332298e-01
   7.0703934e-01
   7.1454451e-01
   7.1428571e-01
   7.0678054e-01
   6.9228778e-01
   6.7210145e-01
   6.4855072e-01
   6.2448240e-01
   6.0196687e-01
   5.8229814e-01
   5.6677018e-01
   5.5564182e-01
   5.4865424e-01
   5.4528985e-01
   5.4503106e-01
   5.4710145e-01
   5.5150103e-01
   5.5745342e-01
   5.6418219e-01
   5.7091098e-01
   5.7660455e-01
   5.8100414e-01
   5.8307454e-01
   5.8333333e-01
   5.8281574e-01
   5.8255693e-01
   5.8359213e-01
   5.8592133e-01
   5.8954451e-01
   5.9342650e-01
   5.9627329e-01
   5.9679089e-01
   5.9472050e-01
   5.9006211e-01
   5.8359213e-01
   5.7712216e-01
   5.7272257e-01
   5.7168737e-01
   5.7556936e-01
   5.8436853e-01
   5.9860248e-01
   6.1671843e-01
   6.3664597e-01
   6.5579710e-01
   6.7132505e-01
   6.8064182e-01
   6.8245341e-01
   6.7546584e-01
   6.6123188e-01
   6.4208075e-01
   6.2111801e-01
   6.0170807e-01
   5.8643892e-01
   5.7738096e-01
   5.7556936e-01
   5.8074534e-01
   5.9187371e-01
   6.0740166e-01
   6.2603520e-01
   6.4648033e-01
   6.6692547e-01
   6.8581780e-01
   7.0134576e-01
   7.1169773e-01
   7.1583851e-01
   7.1221532e-01
   7.0108695e-01
   6.8322981e-01
   6.6045548e-01
   6.3509317e-01
   6.1024844e-01
   5.8876812e-01
   5.7298137e-01
   5.6495859e-01
   5.6547619e-01
   5.7453416e-01
   5.9109731e-01
   6.1257764e-01
   6.3535197e-01
   6.5657350e-01
   6.7261904e-01
   6.8090062e-01
   6.8064182e-01
   6.7313665e-01
   6.5942029e-01
   6.4337474e-01
   6.2810559e-01
   6.1671843e-01
   6.1050724e-01
   6.1076605e-01
   6.1620083e-01
   6.2551760e-01
   6.3716356e-01
   6.4777433e-01
   6.5631470e-01
   6.6071429e-01
   6.6071429e-01
   6.5605590e-01
   6.4803312e-01
   6.3819875e-01
   6.2888199e-01
   6.2189441e-01
   6.1878882e-01
   6.2060041e-01
   6.2655280e-01
   6.3612836e-01
   6.4648033e-01
   6.5631470e-01
   6.6330228e-01
   6.6718426e-01
   6.6692547e-01
   6.6330228e-01
   6.5709109e-01
   6.4932712e-01
   6.4104555e-01
   6.3328157e-01
   6.2629399e-01
   6.2163561e-01
   6.1904762e-01
   6.1904762e-01
   6.2137681e-01
   6.2474120e-01
   6.2784679e-01
   6.2939958e-01
   6.2784679e-01
   6.2215321e-01
   6.1257764e-01
   5.9912008e-01
   5.8385093e-01
   5.6754659e-01
   5.5279503e-01
   5.4063147e-01
   5.3260870e-01
   5.3053830e-01
   5.3467909e-01
   5.4606625e-01
   5.6392340e-01
   5.8695652e-01
   6.1335404e-01
   6.4026915e-01
   6.6485508e-01
   6.8348861e-01
   6.9409938e-01
   6.9591097e-01
   6.8814700e-01
   6.7184265e-01
   6.4984472e-01
   6.2422360e-01
   5.9834369e-01
   5.7531056e-01
   5.5745342e-01
   5.4787785e-01
   5.4761905e-01
   5.5667702e-01
   5.7531056e-01
   5.9989648e-01
   6.2784679e-01
   6.5553830e-01
   6.7779503e-01
   6.9228779e-01
   6.9642857e-01
   6.8995859e-01
   6.7365424e-01
   6.5010352e-01
   6.2267081e-01
   5.9472050e-01
   5.7039337e-01
   5.5279503e-01
   5.4425466e-01
   5.4554865e-01
   5.5641822e-01
   5.7505176e-01
   5.9834369e-01
   6.2215321e-01
   6.4285714e-01
   6.5683230e-01
   6.6252588e-01
   6.5967909e-01
   6.4984472e-01
   6.3612837e-01
   6.2137681e-01
   6.0843685e-01
   5.9989648e-01
   5.9627329e-01
   5.9808489e-01
   6.0403727e-01
   6.1257764e-01
   6.2163561e-01
   6.2939958e-01
   6.3483437e-01
   6.3638716e-01
   6.3405797e-01
   6.2836439e-01
   6.1982402e-01
   6.0998964e-01
   6.0093168e-01
   5.9472049e-01
   5.9161491e-01
   5.9265010e-01
   5.9756729e-01
   6.0533127e-01
   6.1464803e-01
   6.2396480e-01
   6.3224638e-01
   6.3871636e-01
   6.4259834e-01
   6.4363354e-01
   6.4130434e-01
   6.3638716e-01
   6.2862319e-01
   6.1956522e-01
   6.0998964e-01
   6.0119047e-01
   5.9420290e-01
   5.8980332e-01
   5.8799171e-01
   5.8876812e-01
