   6.5896784e-01
   6.1609018e-01
   5.7884849e-01
   5.5111062e-01
   5.3376064e-01
   5.2547243e-01
   5.2436733e-01
   5.2790364e-01
   5.3464471e-01
   5.4448005e-01
   5.5796221e-01
   5.7575423e-01
   5.9807713e-01
   6.2382584e-01
   6.5067963e-01
   6.7532324e-01
   6.9444138e-01
   7.0516079e-01
   7.0593436e-01
   6.9676207e-01
   6.7919107e-01
   6.5565256e-01
   6.2946182e-01
   6.0382363e-01
   5.8194276e-01
   5.6613991e-01
   5.5818322e-01
   5.5884628e-01
   5.6757653e-01
   5.8304785e-01
   6.0293955e-01
   6.2459940e-01
   6.4493314e-01
   6.6139905e-01
   6.7200796e-01
   6.7587579e-01
   6.7278152e-01
   6.6371975e-01
   6.4957454e-01
   6.3222455e-01
   6.1332744e-01
   5.9443033e-01
   5.7719085e-01
   5.6282462e-01
   5.5276826e-01
   5.4735330e-01
   5.4669024e-01
   5.5033706e-01
   5.5774119e-01
   5.6746602e-01
   5.7895900e-01
   5.9111504e-01
   6.0360261e-01
   6.1553763e-01
   6.2636755e-01
   6.3520831e-01
   6.4051276e-01
   6.4095480e-01
   6.3565035e-01
   6.2393635e-01
   6.0636535e-01
   5.8448447e-01
   5.6094596e-01
   5.3884407e-01
   5.2127307e-01
   5.1110620e-01
   5.1044314e-01
   5.2005747e-01
   5.3972815e-01
   5.6812907e-01
   6.0227650e-01
   6.3841309e-01
   6.7200796e-01
   6.9897226e-01
   7.1554868e-01
   7.1908498e-01
   7.0902862e-01
   6.8692673e-01
   6.5576307e-01
   6.1984750e-01
   5.8448448e-01
   5.5431539e-01
   5.3320809e-01
   5.2381479e-01
   5.2735109e-01
   5.4304343e-01
   5.6923417e-01
   6.0238701e-01
   6.3885512e-01
   6.7410764e-01
   7.0361366e-01
   7.2394740e-01
   7.3256714e-01
   7.2825727e-01
   7.1245441e-01
   6.8736877e-01
   6.5664715e-01
   6.2482042e-01
   5.9586695e-01
   5.7376506e-01
   5.6094596e-01
   5.5906730e-01
   5.6823959e-01
   5.8757874e-01
   6.1487457e-01
   6.4692231e-01
   6.8018566e-01
   7.1057576e-01
   7.3411427e-01
   7.4792795e-01
   7.5002763e-01
   7.4041331e-01
   7.2019008e-01
   6.9223119e-01
   6.5985192e-01
   6.2703061e-01
   5.9719306e-01
   5.7365455e-01
   5.5873577e-01
   5.5420488e-01
   5.6039341e-01
   5.7708034e-01
   6.0227650e-01
   6.3388220e-01
   6.6780860e-01
   7.0040888e-01
   7.2759421e-01
   7.4593878e-01
   7.5334291e-01
   7.4903304e-01
   7.3367223e-01
   7.0924964e-01
   6.7852801e-01
   6.4504365e-01
   6.1266438e-01
   5.8448448e-01
   5.6392972e-01
   5.5276826e-01
   5.5221572e-01
   5.6216156e-01
   5.8083766e-01
   6.0592331e-01
   6.3377169e-01
   6.6084650e-01
   6.8372196e-01
   7.0007736e-01
   7.0858658e-01
   7.0880761e-01
   7.0173500e-01
   6.8858437e-01
   6.7156592e-01
   6.5255829e-01
   6.3344016e-01
   6.1609018e-01
   6.0205548e-01
   5.9266217e-01
   5.8846281e-01
   5.8934689e-01
   5.9454084e-01
   6.0316057e-01
   6.1354846e-01
   6.2470991e-01
   6.3553984e-01
   6.4526467e-01
   6.5377390e-01
   6.6073599e-01
   6.6537739e-01
   6.6714554e-01
   6.6504586e-01
   6.5852581e-01
   6.4714333e-01
   6.3134048e-01
   6.1233286e-01
   5.9199912e-01
   5.7288098e-01
   5.5752017e-01
   5.4834788e-01
   5.4702177e-01
   5.5508896e-01
   5.7243895e-01
   5.9807713e-01
   6.3012488e-01
   6.6537739e-01
   6.9985634e-01
   7.2958338e-01
   7.5013814e-01
   7.5886838e-01
   7.5422699e-01
   7.3665599e-01
   7.0847608e-01
   6.7366560e-01
   6.3675544e-01
   6.0271853e-01
   5.7608576e-01
   5.6017240e-01
   5.5707813e-01
   5.6724500e-01
   5.8967842e-01
   6.2150514e-01
   6.5929937e-01
   6.9786717e-01
   7.3234612e-01
   7.5798431e-01
   7.7135595e-01
   7.7036137e-01
   7.5533208e-01
   7.2836778e-01
   6.9344679e-01
   6.5554205e-01
   6.1962648e-01
   5.9056249e-01
   5.7188640e-01
   5.6569787e-01
   5.7243895e-01
   5.9089402e-01
   6.1852139e-01
   6.5145320e-01
   6.8537960e-01
   7.1588021e-01
   7.3886617e-01
   7.5135374e-01
   7.5212731e-01
   7.4140789e-01
   7.2129517e-01
   6.9499392e-01
   6.6592994e-01
   6.3808156e-01
   6.1454304e-01
   5.9774561e-01
   5.8912587e-01
   5.8901536e-01
   5.9708255e-01
   6.1211184e-01
   6.3222455e-01
   6.5487899e-01
   6.7742292e-01
   6.9720411e-01
   7.1179136e-01
   7.1963753e-01
   7.1996906e-01
   7.1278594e-01
   6.9941430e-01
   6.8140126e-01
   6.6051498e-01
   6.3863410e-01
   6.1774782e-01
   5.9929274e-01
   5.8525804e-01
   5.7652779e-01
   5.7420710e-01
   5.7818544e-01
   5.8813129e-01
   6.0227650e-01
   6.1874240e-01
   6.3498729e-01
   6.4846945e-01
   6.5742071e-01
   6.6084650e-01
   6.5852581e-01
   6.5079014e-01
   6.3907614e-01
   6.2470991e-01
   6.0945961e-01
   5.9454084e-01
   5.8183225e-01
   5.7210742e-01
   5.6602940e-01
   5.6404023e-01
   5.6558736e-01
   5.6978672e-01
   5.7586474e-01
   5.8282683e-01
   5.9012046e-01
   5.9752459e-01
   6.0503923e-01
   6.1299591e-01
   6.2117361e-01
   6.2924080e-01
   6.3598188e-01
   6.3984971e-01
   6.3951818e-01
   6.3388220e-01
   6.2261024e-01
   6.0658636e-01
   5.8757874e-01
   5.6812908e-01
   5.5100011e-01
   5.3895458e-01
   5.3431318e-01
   5.3807051e-01
   5.5055807e-01
   5.7100232e-01
   5.9697204e-01
   6.2537297e-01
   6.5233728e-01
   6.7377611e-01
   6.8637419e-01
   6.8747928e-01
   6.7653884e-01
   6.5465797e-01
   6.2470991e-01
   5.9078351e-01
   5.5785170e-01
   5.3033484e-01
   5.1199027e-01
   5.0569124e-01
   5.1254282e-01
   5.3188198e-01
   5.6160902e-01
   5.9862968e-01
   6.3841309e-01
   6.7631783e-01
   7.0748149e-01
   7.2781523e-01
   7.3466682e-01
   7.2704166e-01
   7.0604487e-01
   6.7466018e-01
   6.3708697e-01
   5.9851917e-01
   5.6404023e-01
   5.3784948e-01
   5.2326224e-01
   5.2160460e-01
   5.3342911e-01
   5.5674660e-01
   5.8890485e-01
   6.2592552e-01
   6.6305669e-01
   6.9576749e-01
   7.1952702e-01
   7.3157255e-01
   7.3035695e-01
   7.1643276e-01
   6.9201017e-01
   6.6084650e-01
   6.2747265e-01
   5.9619848e-01
   5.7089181e-01
   5.5431540e-01
   5.4801636e-01
   5.5254724e-01
   5.6691347e-01
   5.8934689e-01
   6.1730578e-01
   6.4736435e-01
   6.7620732e-01
   7.0062991e-01
   7.1775887e-01
   7.2560504e-01
   7.2350536e-01
   7.1179136e-01
   6.9212068e-01
   6.6637198e-01
   6.3752901e-01
   6.0835452e-01
   5.8172174e-01
   5.6028290e-01
   5.4602719e-01
   5.4061222e-01
   5.4448005e-01
   5.5740966e-01
   5.7741187e-01
   6.0216599e-01
   6.2780418e-01
   6.5112167e-01
   6.6869268e-01
   6.7863852e-01
   6.7974362e-01
   6.7278152e-01
   6.5896784e-01
   6.4084429e-01
   6.2062106e-01
   6.0061885e-01
   5.8293734e-01
   5.6912366e-01
   5.5995138e-01
   5.5553100e-01
   5.5575202e-01
   5.5961985e-01
   5.6591889e-01
   5.7343353e-01
   5.8139021e-01
   5.8912587e-01
   5.9675102e-01
   6.0448668e-01
   6.1277489e-01
   6.2161565e-01
   6.3067742e-01
   6.3885512e-01
   6.4438060e-01
   6.4603824e-01
   6.4261244e-01
   6.3355067e-01
   6.1995801e-01
   6.0327108e-01
   5.8603161e-01
   5.7078130e-01
   5.6039341e-01
   5.5685711e-01
   5.6138800e-01
   5.7442812e-01
   5.9509338e-01
   6.2139463e-01
   6.5034811e-01
   6.7830700e-01
   7.0140347e-01
   7.1588021e-01
   7.1930600e-01
   7.1079677e-01
   6.9123660e-01
   6.6283567e-01
   6.2990386e-01
   5.9675102e-01
   5.6823958e-01
   5.4834788e-01
   5.3983866e-01
   5.4425904e-01
   5.6138800e-01
   5.8945740e-01
   6.2515195e-01
   6.6416179e-01
   7.0151398e-01
   7.3201459e-01
   7.5146425e-01
   7.5687921e-01
   7.4737540e-01
   7.2438944e-01
   6.9134711e-01
   6.5288982e-01
   6.1487457e-01
   5.8260581e-01
   5.6050392e-01
   5.5122113e-01
   5.5575202e-01
   5.7343353e-01
   6.0128191e-01
   6.3598188e-01
   6.7278152e-01
   7.0714996e-01
   7.3433529e-01
   7.5124323e-01
   7.5566361e-01
   7.4737540e-01
   7.2770472e-01
   6.9974583e-01
   6.6758758e-01
   6.3542933e-01
   6.0747044e-01
   5.8680517e-01
   5.7553321e-01
   5.7431761e-01
   5.8304785e-01
   6.0039783e-01
   6.2404686e-01
   6.5145320e-01
   6.7952260e-01
   7.0505028e-01
   7.2505249e-01
   7.3709802e-01
   7.3997127e-01
   7.3345121e-01
   7.1831142e-01
   6.9643055e-01
   6.7012930e-01
   6.4217041e-01
   6.1498508e-01
   5.9144657e-01
   5.7321251e-01
   5.6205106e-01
   5.5884628e-01
   5.6404023e-01
   5.7708034e-01
   5.9641950e-01
   6.1962648e-01
   6.4382805e-01
   6.6570892e-01
   6.8261687e-01
   6.9256272e-01
   6.9422036e-01
   6.8792132e-01
   6.7477069e-01
   6.5642613e-01
   6.3498729e-01
   6.1299591e-01
   5.9255167e-01
   5.7575423e-01
   5.6415073e-01
   5.5840424e-01
   5.5906730e-01
   5.6536634e-01
   5.7597525e-01
   5.8901536e-01
   6.0282904e-01
   6.1575865e-01
   6.2680959e-01
   6.3553984e-01
   6.4194939e-01
   6.4648027e-01
   6.4891148e-01
   6.4913250e-01
   6.4692231e-01
   6.4139684e-01
   6.3244557e-01
   6.2028953e-01
   6.0570229e-01
   5.9034148e-01
   5.7608576e-01
   5.6503481e-01
   5.5895679e-01
   5.5928832e-01
   5.6658194e-01
   5.8050613e-01
   6.0039783e-01
   6.2382584e-01
   6.4846945e-01
   6.7101337e-01
   6.8803183e-01
   6.9687258e-01
   6.9543596e-01
   6.8339043e-01
   6.6173058e-01
   6.3288761e-01
   6.0083987e-01
   5.6967621e-01
   5.4359598e-01
   5.2646701e-01
   5.2072052e-01
   5.2746160e-01
   5.4657973e-01
   5.7608575e-01
   6.1288540e-01
   6.5266880e-01
   6.9057354e-01
   7.2151619e-01
   7.4140789e-01
   7.4726489e-01
   7.3864515e-01
   7.1665377e-01
   6.8449553e-01
   6.4736435e-01
   6.1023318e-01
   5.7873799e-01
   5.5685711e-01
   5.4713228e-01
   5.5088960e-01
   5.6702398e-01
   5.9343574e-01
   6.2658857e-01
   6.6228312e-01
   6.9576749e-01
   7.2273180e-01
   7.3963974e-01
   7.4406012e-01
   7.3566140e-01
   7.1554868e-01
   6.8681623e-01
   6.5311084e-01
   6.1929495e-01
   5.8945740e-01
   5.6702398e-01
   5.5442590e-01
   5.5276826e-01
   5.6160902e-01
   5.7962206e-01
   6.0459720e-01
   6.3355067e-01
   6.6338822e-01
   6.9057354e-01
   7.1201238e-01
   7.2560504e-01
   7.3002542e-01
   7.2505249e-01
   7.1168085e-01
   6.9156813e-01
   6.6703503e-01
   6.4073378e-01
   6.1498508e-01
   5.9222014e-01
   5.7420710e-01
   5.6282462e-01
   5.5873577e-01
   5.6282462e-01
   5.7475964e-01
   5.9310421e-01
   6.1575865e-01
   6.3984971e-01
   6.6228313e-01
   6.8018566e-01
   6.9134711e-01
   6.9455189e-01
   6.8968947e-01
   6.7786496e-01
   6.6051498e-01
   6.3973920e-01
   6.1785833e-01
   5.9697204e-01
   5.7906951e-01
   5.6580838e-01
   5.5807272e-01
   5.5619406e-01
   5.6006189e-01
   5.6846060e-01
   5.7973257e-01
   5.9266217e-01
   6.0537076e-01
   6.1686374e-01
   6.2636756e-01
   6.3321914e-01
   6.3752901e-01
   6.3885512e-01
   6.3675544e-01
   6.3122997e-01
   6.2205769e-01
   6.0945961e-01
   5.9443033e-01
   5.7807493e-01
   5.6227207e-01
   5.4878992e-01
   5.3939662e-01
   5.3563930e-01
   5.3829152e-01
   5.4768483e-01
   5.6359819e-01
   5.8503702e-01
   6.1034368e-01
   6.3719748e-01
   6.6228313e-01
   6.8272737e-01
   6.9499392e-01
   6.9720411e-01
   6.8814234e-01
   6.6869268e-01
   6.4084429e-01
   6.0846502e-01
   5.7586474e-01
   5.4746381e-01
   5.2757211e-01
   5.1884186e-01
   5.2315173e-01
   5.4072273e-01
   5.6978672e-01
   6.0735993e-01
   6.4902199e-01
   6.8957896e-01
   7.2383689e-01
   7.4693336e-01
   7.5566361e-01
   7.4881203e-01
   7.2726268e-01
   6.9466239e-01
   6.5587358e-01
   6.1642170e-01
   5.8216378e-01
   5.5763068e-01
   5.4591668e-01
   5.4845839e-01
   5.6392972e-01
   5.9034148e-01
   6.2393635e-01
   6.6007294e-01
   6.9399934e-01
   7.2151619e-01
   7.3897668e-01
   7.4439165e-01
   7.3720853e-01
   7.1875345e-01
   6.9178915e-01
   6.5985192e-01
   6.2725163e-01
   5.9763510e-01
   5.7409659e-01
   5.5917781e-01
   5.5387336e-01
   5.5851475e-01
   5.7265996e-01
   5.9454084e-01
   6.2216820e-01
   6.5244779e-01
   6.8217483e-01
   7.0792353e-01
   7.2671013e-01
   7.3621395e-01
   7.3499834e-01
   7.2350536e-01
   7.0295060e-01
   6.7554426e-01
   6.4438060e-01
   6.1288540e-01
   5.8415295e-01
   5.6138800e-01
   5.4691126e-01
   5.4238037e-01
   5.4812687e-01
   5.6337717e-01
   5.8636314e-01
   6.1376948e-01
   6.4194939e-01
   6.6747707e-01
   6.8681623e-01
   6.9819870e-01
   7.0074041e-01
   6.9543596e-01
   6.8361145e-01
   6.6747707e-01
   6.4946403e-01
   6.3167201e-01
   6.1597967e-01
   6.0360261e-01
   5.9520389e-01
   5.9122555e-01
   5.9111504e-01
   5.9420930e-01
   5.9951376e-01
   6.0592331e-01
   6.1233286e-01
   6.1818985e-01
   6.2338380e-01
   6.2780418e-01
   6.3178252e-01
   6.3520831e-01
   6.3775003e-01
   6.3874461e-01
   6.3719748e-01
   6.3200354e-01
   6.2261023e-01
   6.0957012e-01
   5.9365676e-01
   5.7685932e-01
   5.6127749e-01
   5.4912145e-01
   5.4226986e-01
   5.4171732e-01
   5.4790585e-01
   5.6028290e-01
   5.7752238e-01
   5.9752459e-01
   6.1796884e-01
   6.3587137e-01
   6.4835893e-01
   6.5333186e-01
   6.4924301e-01
   6.3620290e-01
   6.1542712e-01
   5.8923638e-01
   5.6116698e-01
   5.3508675e-01
   5.1464250e-01
   5.0259697e-01
   5.0149188e-01
   5.1187977e-01
   5.3342911e-01
   5.6415074e-01
   6.0128191e-01
   6.4029174e-01
   6.7698088e-01
   7.0637640e-01
   7.2427893e-01
   7.2825727e-01
   7.1731683e-01
   6.9300475e-01
   6.5874682e-01
   6.1929495e-01
   5.8028512e-01
   5.4680075e-01
   5.2370428e-01
   5.1353741e-01
   5.1773677e-01
   5.3552879e-01
   5.6481379e-01
   6.0183446e-01
   6.4217041e-01
   6.8084871e-01
   7.1300696e-01
   7.3466682e-01
   7.4339706e-01
   7.3809261e-01
   7.1985855e-01
   6.9178915e-01
   6.5775224e-01
   6.2249972e-01
   5.9045198e-01
   5.6558736e-01
   5.5033705e-01
   5.4591668e-01
   5.5254724e-01
   5.6912366e-01
   5.9332523e-01
   6.2227871e-01
   6.5277931e-01
   6.8140126e-01
   7.0493977e-01
   7.2074262e-01
   7.2726268e-01
   7.2438944e-01
   7.1267543e-01
   6.9422036e-01
   6.7112388e-01
   6.4614875e-01
   6.2194718e-01
   6.0050834e-01
   5.8382142e-01
   5.7310200e-01
   5.6923417e-01
   5.7254946e-01
   5.8260582e-01
   5.9818765e-01
   6.1763731e-01
   6.3841309e-01
   6.5797326e-01
   6.7421815e-01
   6.8560062e-01
   6.9079456e-01
   6.8991049e-01
   6.8339043e-01
   6.7211847e-01
   6.5742071e-01
   6.4051277e-01
   6.2294176e-01
   6.0603382e-01
   5.9122555e-01
   5.7951155e-01
   5.7177589e-01
   5.6801856e-01
   5.6812908e-01
   5.7122334e-01
   5.7652779e-01
   5.8293734e-01
   5.8956791e-01
   5.9630898e-01
   6.0238701e-01
   6.0747044e-01
   6.1133827e-01
   6.1299591e-01
   6.1178031e-01
   6.0713891e-01
   5.9851917e-01
   5.8691568e-01
   5.7321251e-01
   5.5917781e-01
   5.4680075e-01
   5.3784949e-01
   5.3398166e-01
   5.3630235e-01
   5.4525362e-01
   5.6039342e-01
   5.8083766e-01
   6.0481821e-01
   6.2990386e-01
   6.5311084e-01
   6.7134490e-01
   6.8195381e-01
   6.8294839e-01
   6.7344458e-01
   6.5432645e-01
   6.2802520e-01
   5.9785612e-01
   5.6790806e-01
   5.4226986e-01
   5.2469886e-01
   5.1773677e-01
   5.2248867e-01
   5.3895458e-01
   5.6525583e-01
   5.9840867e-01
   6.3443474e-01
   6.6880318e-01
   6.9676207e-01
   7.1433308e-01
   7.1930600e-01
   7.1068626e-01
   6.9002100e-01
   6.6018345e-01
   6.2570450e-01
   5.9144657e-01
   5.6194055e-01
   5.4094375e-01
   5.3099790e-01
   5.3276605e-01
   5.4602719e-01
   5.6879213e-01
   5.9796663e-01
   6.3045641e-01
   6.6184109e-01
   6.8847386e-01
   7.0714996e-01
   7.1543817e-01
   7.1245442e-01
   6.9908277e-01
   6.7742292e-01
   6.5056913e-01
   6.2227871e-01
   5.9619847e-01
   5.7553321e-01
   5.6260360e-01
   5.5840424e-01
   5.6348768e-01
   5.7685932e-01
   5.9730357e-01
   6.2205769e-01
   6.4869046e-01
   6.7399713e-01
   6.9488341e-01
   7.0902862e-01
   7.1510664e-01
   7.1234391e-01
   7.0184551e-01
   6.8537960e-01
   6.6493535e-01
   6.4294397e-01
   6.2205768e-01
   6.0393414e-01
   5.9023096e-01
   5.8194276e-01
   5.7962206e-01
   5.8315836e-01
   5.9199912e-01
   6.0492872e-01
   6.2017903e-01
   6.3565035e-01
   6.4924301e-01
   6.5896784e-01
   6.6394077e-01
   6.6383026e-01
   6.5885733e-01
   6.5023759e-01
   6.3907614e-01
   6.2658857e-01
   6.1421152e-01
   6.0249751e-01
   5.9255167e-01
   5.8492651e-01
   5.7973257e-01
   5.7719085e-01
   5.7685932e-01
   5.7840645e-01
   5.8105868e-01
   5.8437396e-01
   5.8802078e-01
   5.9233064e-01
   5.9730357e-01
   6.0349210e-01
   6.1067521e-01
   6.1841088e-01
   6.2526246e-01
   6.2968284e-01
   6.3023539e-01
   6.2548348e-01
   6.1531661e-01
   6.0017682e-01
   5.8194276e-01
   5.6293513e-01
   5.4591668e-01
   5.3342911e-01
   5.2779313e-01
   5.3033484e-01
   5.4149630e-01
   5.6050392e-01
   5.8570008e-01
   6.1399050e-01
   6.4183888e-01
   6.6537739e-01
   6.8073820e-01
   6.8537960e-01
   6.7819649e-01
   6.5974141e-01
   6.3255608e-01
   6.0028732e-01
   5.6768704e-01
   5.3939662e-01
   5.1939441e-01
   5.1077467e-01
   5.1475301e-01
   5.3155045e-01
   5.5906730e-01
   5.9431981e-01
   6.3310863e-01
   6.7046082e-01
   7.0173500e-01
   7.2262128e-01
   7.3057797e-01
   7.2449994e-01
   7.0582385e-01
   6.7731241e-01
   6.4327550e-01
   6.0868604e-01
   5.7829595e-01
   5.5608355e-01
   5.4481158e-01
   5.4547464e-01
   5.5796221e-01
   5.8028512e-01
   6.0979114e-01
   6.4272295e-01
   6.7499171e-01
   7.0250857e-01
   7.2173721e-01
   7.3035695e-01
   7.2759421e-01
   7.1389104e-01
   6.9156813e-01
   6.6383026e-01
   6.3421373e-01
   6.0625484e-01
   5.8326887e-01
   5.6746602e-01
   5.6017240e-01
   5.6160902e-01
   5.7177589e-01
   5.8923638e-01
   6.1189082e-01
   6.3752901e-01
   6.6294618e-01
   6.8526909e-01
   7.0173500e-01
   7.1046524e-01
   7.1068627e-01
   7.0272958e-01
   6.8803183e-01
   6.6847165e-01
   6.4692231e-01
   6.2548348e-01
   6.0636534e-01
   5.9144657e-01
   5.8216378e-01
   5.7906951e-01
   5.8238480e-01
   5.9177810e-01
   6.0592331e-01
   6.2294176e-01
   6.4029175e-01
   6.5598409e-01
   6.6791911e-01
   6.7454967e-01
   6.7532324e-01
   6.7079235e-01
   6.6150956e-01
   6.4891148e-01
   6.3432424e-01
   6.1918444e-01
   6.0459719e-01
   5.9155708e-01
   5.8105868e-01
   5.7343353e-01
   5.6901315e-01
   5.6746602e-01
   5.6846060e-01
   5.7122334e-01
   5.7509117e-01
   5.7973257e-01
   5.8481600e-01
   5.9045198e-01
   5.9697204e-01
   6.0382363e-01
   6.1078572e-01
   6.1642171e-01
   6.1940546e-01
   6.1841088e-01
   6.1222235e-01
   6.0106089e-01
   5.8558957e-01
   5.6768704e-01
   5.4967400e-01
   5.3431318e-01
   5.2414631e-01
   5.2138358e-01
   5.2701956e-01
   5.4127528e-01
   5.6337717e-01
   5.9078351e-01
   6.2084208e-01
   6.4946403e-01
   6.7256051e-01
   6.8681622e-01
   6.8968947e-01
   6.8029617e-01
   6.5963090e-01
   6.3012488e-01
   5.9597746e-01
   5.6183004e-01
   5.3232402e-01
   5.1121671e-01
   5.0149188e-01
   5.0469665e-01
   5.2049950e-01
   5.4746381e-01
   5.8249530e-01
   6.2150514e-01
   6.5974141e-01
   6.9223119e-01
   7.1444359e-01
   7.2350536e-01
   7.1797989e-01
   6.9853022e-01
   6.6802962e-01
   6.3089844e-01
   5.9255166e-01
   5.5807272e-01
   5.3232401e-01
   5.1851033e-01
   5.1839983e-01
   5.3177147e-01
   5.5696762e-01
   5.9056249e-01
   6.2868825e-01
   6.6637198e-01
   6.9919328e-01
   7.2273180e-01
   7.3444580e-01
   7.3323019e-01
   7.1963753e-01
   6.9609902e-01
   6.6592994e-01
   6.3321914e-01
   6.0194497e-01
   5.7564372e-01
   5.5685711e-01
   5.4713228e-01
   5.4724279e-01
   5.5652558e-01
   5.7387557e-01
   5.9708255e-01
   6.2360482e-01
   6.5012709e-01
   6.7366560e-01
   6.9134711e-01
   7.0118245e-01
   7.0228755e-01
   6.9466239e-01
   6.7941209e-01
   6.5874682e-01
   6.3476627e-01
   6.1001216e-01
   5.8724721e-01
   5.6846061e-01
   5.5564151e-01
   5.5000553e-01
   5.5221572e-01
   5.6227208e-01
   5.7873799e-01
   5.9962427e-01
   6.2205769e-01
   6.4272295e-01
   6.5929937e-01
   6.6924522e-01
   6.7178694e-01
   6.6670350e-01
   6.5487899e-01
   6.3797105e-01
   6.1763731e-01
   5.9608797e-01
   5.7531219e-01
   5.5707813e-01
   5.4304343e-01
   5.3398166e-01
   5.3055586e-01
   5.3276605e-01
   5.3961764e-01
   5.4989502e-01
   5.6249309e-01
   5.7608575e-01
   5.8956791e-01
   6.0238701e-01
   6.1365897e-01
   6.2327329e-01
   6.3012488e-01
   6.3366118e-01
   6.3255608e-01
   6.2636755e-01
   6.1476406e-01
   5.9851917e-01
   5.7918002e-01
   5.5873577e-01
   5.3983866e-01
   5.2514090e-01
   5.1652116e-01
   5.1574760e-01
   5.2337275e-01
   5.3906509e-01
   5.6149851e-01
   5.8824180e-01
   6.1609018e-01
   6.4139684e-01
   6.6062548e-01
   6.7057134e-01
   6.6913471e-01
   6.5576307e-01
   6.3200354e-01
   6.0083987e-01
   5.6636092e-01
   5.3331860e-01
   5.0635429e-01
   4.8911482e-01
   4.8403138e-01
   4.9220908e-01
   5.1287435e-01
   5.4381700e-01
   5.8172174e-01
   6.2227871e-01
   6.6062548e-01
   6.9189966e-01
   7.1223340e-01
   7.1908498e-01
   7.1145983e-01
   6.9090507e-01
   6.6029395e-01
   6.2415737e-01
   5.8735772e-01
   5.5519947e-01
   5.3155045e-01
   5.1917339e-01
   5.1961543e-01
   5.3243452e-01
   5.5608355e-01
   5.8757874e-01
   6.2327329e-01
   6.5874682e-01
   6.8979998e-01
   7.1289645e-01
   7.2527351e-01
   7.2571555e-01
   7.1510664e-01
   6.9499392e-01
   6.6880318e-01
   6.4007073e-01
   6.1255387e-01
   5.8923638e-01
   5.7254946e-01
   5.6392972e-01
   5.6392972e-01
   5.7243895e-01
   5.8813129e-01
   6.0957012e-01
   6.3432424e-01
   6.5952039e-01
   6.8250636e-01
   7.0040888e-01
   7.1123881e-01
   7.1400155e-01
   7.0836557e-01
   6.9554647e-01
   6.7675987e-01
   6.5421594e-01
   6.3012487e-01
   6.0680738e-01
   5.8625262e-01
   5.7022876e-01
   5.6039341e-01
   5.5752017e-01
   5.6149851e-01
   5.7155487e-01
   5.8647364e-01
   6.0371312e-01
   6.2128412e-01
   6.3675544e-01
   6.4869046e-01
   6.5642612e-01
   6.5952039e-01
   6.5819428e-01
   6.5322135e-01
   6.4504365e-01
   6.3454525e-01
   6.2238922e-01
   6.0923859e-01
   5.9630898e-01
   5.8448447e-01
   5.7498066e-01
   5.6857111e-01
   5.6602939e-01
   5.6713449e-01
   5.7199691e-01
   5.7984308e-01
   5.9023097e-01
   6.0216599e-01
   6.1465355e-01
   6.2625704e-01
   6.3553984e-01
   6.4106531e-01
   6.4139684e-01
   6.3531882e-01
   6.2283125e-01
   6.0481821e-01
   5.8282683e-01
   5.5961985e-01
   5.3784949e-01
   5.2072052e-01
   5.1055365e-01
   5.0911703e-01
   5.1751575e-01
   5.3508675e-01
   5.6072494e-01
   5.9188861e-01
   6.2504144e-01
   6.5631562e-01
   6.8151177e-01
   6.9698309e-01
   7.0029838e-01
   6.9079456e-01
   6.6946624e-01
   6.3918665e-01
   6.0437618e-01
   5.6978672e-01
   5.4005968e-01
   5.1928390e-01
   5.1011161e-01
   5.1375843e-01
   5.2989281e-01
   5.5663609e-01
   5.9067300e-01
   6.2835672e-01
   6.6482484e-01
   6.9565698e-01
   7.1687479e-01
   7.2571555e-01
   7.2107415e-01
   7.0383468e-01
   6.7664935e-01
   6.4305448e-01
   6.0802299e-01
   5.7586474e-01
   5.5088960e-01
   5.3586032e-01
   5.3232402e-01
   5.4039120e-01
   5.5917781e-01
   5.8603161e-01
   6.1763731e-01
   6.5034811e-01
   6.7985413e-01
   7.0261908e-01
   7.1565919e-01
   7.1775887e-01
   7.0869709e-01
   6.8991049e-01
   6.6383026e-01
   6.3388220e-01
   6.0327108e-01
   5.7498066e-01
   5.5210521e-01
   5.3641286e-01
   5.2945077e-01
   5.3188198e-01
   5.4337496e-01
   5.6282462e-01
   5.8824180e-01
   6.1664272e-01
   6.4482263e-01
   6.6924522e-01
   6.8692673e-01
   6.9587800e-01
   6.9521494e-01
   6.8537960e-01
   6.6758758e-01
   6.4438060e-01
   6.1807935e-01
   5.9155708e-01
   5.6768704e-01
   5.4890043e-01
   5.3707592e-01
   5.3331860e-01
   5.3773898e-01
   5.4945298e-01
   5.6669245e-01
   5.8691568e-01
   6.0724942e-01
   6.2515195e-01
   6.3874461e-01
   6.4681180e-01
   6.4913250e-01
   6.4614875e-01
   6.3885512e-01
   6.2813571e-01
   6.1531661e-01
   6.0150293e-01
   5.8757874e-01
   5.7475964e-01
   5.6381921e-01
   5.5542049e-01
   5.4989502e-01
   5.4735330e-01
   5.4790585e-01
   5.5133164e-01
   5.5740966e-01
   5.6613990e-01
   5.7741187e-01
   5.9045199e-01
   6.0470770e-01
   6.1841088e-01
   6.2979335e-01
   6.3675544e-01
   6.3719748e-01
   6.3034590e-01
   6.1631119e-01
   5.9653000e-01
   5.7376506e-01
   5.5122113e-01
   5.3232402e-01
   5.2027849e-01
   5.1729473e-01
   5.2458835e-01
   5.4193834e-01
   5.6790806e-01
   5.9973478e-01
   6.3388220e-01
   6.6592994e-01
   6.9145762e-01
   7.0703945e-01
   7.1024423e-01
   7.0062991e-01
   6.7930158e-01
   6.4946403e-01
   6.1542712e-01
   5.8194276e-01
   5.5376285e-01
   5.3486573e-01
   5.2790364e-01
   5.3387115e-01
   5.5221571e-01
   5.8116919e-01
   6.1719527e-01
   6.5631562e-01
   6.9355730e-01
   7.2416842e-01
   7.4383910e-01
   7.4980661e-01
   7.4118687e-01
   7.1886396e-01
   6.8582164e-01
   6.4681180e-01
   6.0702840e-01
   5.7188640e-01
   5.4602719e-01
   5.3232401e-01
   5.3243452e-01
   5.4569566e-01
   5.7056028e-01
   6.0327108e-01
   6.3962869e-01
   6.7521273e-01
   7.0527130e-01
   7.2615759e-01
   7.3544038e-01
   7.3234612e-01
   7.1753785e-01
   6.9366781e-01
   6.6383026e-01
   6.3178252e-01
   6.0128191e-01
   5.7531219e-01
   5.5630457e-01
   5.4558515e-01
   5.4403802e-01
   5.5133164e-01
   5.6691347e-01
   5.8901536e-01
   6.1531661e-01
   6.4294397e-01
   6.6869268e-01
   6.8935794e-01
   7.0217704e-01
   7.0582385e-01
   6.9941430e-01
   6.8372196e-01
   6.6084650e-01
   6.3321914e-01
   6.0426566e-01
   5.7696983e-01
   5.5475743e-01
   5.3983866e-01
   5.3442369e-01
   5.3895458e-01
   5.5309979e-01
   5.7464913e-01
   6.0106089e-01
   6.2879876e-01
   6.5443695e-01
   6.7510222e-01
   6.8880539e-01
   6.9499392e-01
   6.9388883e-01
   6.8681622e-01
   6.7521273e-01
   6.6095701e-01
   6.4526467e-01
   6.2968284e-01
   6.1509559e-01
   6.0238700e-01
   5.9244116e-01
   5.8581059e-01
   5.8271632e-01
   5.8326887e-01
   5.8746823e-01
   5.9465134e-01
   6.0459719e-01
   6.1697425e-01
   6.3134048e-01
   6.4703282e-01
   6.6327771e-01
   6.7852801e-01
   6.9101558e-01
   6.9830921e-01
   6.9908277e-01
   6.9223119e-01
   6.7764394e-01
   6.5653663e-01
   6.3156150e-01
   6.0592331e-01
   5.8337938e-01
   5.6746602e-01
   5.6083545e-01
   5.6558736e-01
   5.8172174e-01
   6.0846503e-01
   6.4294397e-01
   6.8129075e-01
   7.1875345e-01
   7.5002763e-01
   7.7080340e-01
   7.7798652e-01
   7.7036137e-01
   7.4925406e-01
   7.1764836e-01
   6.8029617e-01
   6.4250193e-01
   6.0979114e-01
   5.8614212e-01
   5.7453862e-01
   5.7586474e-01
   5.8978893e-01
   6.1365897e-01
   6.4471212e-01
   6.7863852e-01
   7.1112830e-01
   7.3831363e-01
   7.5676870e-01
   7.6428335e-01
   7.6041552e-01
   7.4615980e-01
   7.2361587e-01
   6.9643055e-01
   6.6836115e-01
   6.4316499e-01
   6.2415737e-01
   6.1332744e-01
   6.1233286e-01
   6.2128412e-01
   6.3940767e-01
   6.6493535e-01
   6.9499392e-01
   7.2593657e-01
   7.5367444e-01
   7.7467124e-01
   7.8583269e-01
   7.8505912e-01
   7.7257156e-01
   7.5002763e-01
   7.2041110e-01
   6.8792132e-01
   6.5653663e-01
   6.2990386e-01
   6.1100674e-01
   6.0128191e-01
   6.0106089e-01
   6.0990165e-01
   6.2570450e-01
   6.4648028e-01
   6.6946624e-01
   6.9178915e-01
   7.1068626e-01
   7.2427893e-01
   7.3102000e-01
   7.3046746e-01
   7.2273180e-01
   7.0891811e-01
   6.9057355e-01
   6.6935573e-01
   6.4703282e-01
   6.2537297e-01
   6.0614433e-01
   5.9089402e-01
   5.8072715e-01
   5.7696983e-01
   5.7940104e-01
   5.8757874e-01
   6.0017682e-01
   6.1509559e-01
   6.3001437e-01
   6.4305448e-01
   6.5255829e-01
   6.5764173e-01
   6.5808377e-01
   6.5410543e-01
   6.4636976e-01
   6.3565035e-01
   6.2261024e-01
   6.0846503e-01
   5.9387778e-01
   5.8017461e-01
   5.6846060e-01
   5.5950934e-01
   5.5453641e-01
   5.5365234e-01
   5.5663609e-01
   5.6337717e-01
   5.7299149e-01
   5.8525804e-01
   5.9918223e-01
   6.1432202e-01
   6.2913029e-01
   6.4239143e-01
   6.5244779e-01
   6.5753122e-01
   6.5609460e-01
   6.4747486e-01
   6.3178252e-01
   6.1067521e-01
   5.8636314e-01
   5.6227207e-01
   5.4193834e-01
   5.2834567e-01
   5.2436733e-01
   5.3121892e-01
   5.4945298e-01
   5.7719085e-01
   6.1200133e-01
   6.4957454e-01
   6.8537960e-01
   7.1422257e-01
   7.3234612e-01
   7.3698751e-01
   7.2726268e-01
   7.0505028e-01
   6.7388662e-01
   6.3863410e-01
   6.0481821e-01
   5.7741187e-01
   5.6017240e-01
   5.5519947e-01
   5.6304564e-01
   5.8238479e-01
   6.1034369e-01
   6.4360703e-01
   6.7786496e-01
   7.0880760e-01
   7.3245663e-01
   7.4593878e-01
   7.4726489e-01
   7.3621395e-01
   7.1444358e-01
   6.8493756e-01
   6.5167422e-01
   6.1907393e-01
   5.9155708e-01
   5.7243894e-01
   5.6381921e-01
   5.6669245e-01
   5.8006410e-01
   6.0238700e-01
   6.3078793e-01
   6.6217262e-01
   6.9223119e-01
   7.1797989e-01
   7.3610344e-01
   7.4461267e-01
   7.4251299e-01
   7.3046746e-01
   7.1024423e-01
   6.8416400e-01
   6.5510001e-01
   6.2614654e-01
   5.9995580e-01
   5.7862747e-01
   5.6404023e-01
   5.5696762e-01
   5.5818323e-01
   5.6779755e-01
   5.8481600e-01
   6.0769146e-01
   6.3355067e-01
   6.5985192e-01
   6.8316941e-01
   7.0085092e-01
   7.1068626e-01
   7.1212289e-01
   7.0505028e-01
   6.9101558e-01
   6.7167643e-01
   6.4979556e-01
   6.2747265e-01
   6.0713891e-01
   5.9078351e-01
   5.7973257e-01
   5.7453862e-01
   5.7531219e-01
   5.8105868e-01
   5.9034148e-01
   6.0139242e-01
   6.1233286e-01
   6.2172616e-01
   6.2890927e-01
   6.3355067e-01
   6.3598188e-01
   6.3653443e-01
   6.3542933e-01
   6.3266659e-01
   6.2802520e-01
   6.2106310e-01
   6.1166980e-01
   6.0006631e-01
   5.8702619e-01
   5.7398608e-01
   5.6238258e-01
   5.5409437e-01
   5.5044757e-01
   5.5265775e-01
   5.6127749e-01
   5.7630677e-01
   5.9641949e-01
   6.1984750e-01
   6.4404907e-01
   6.6592994e-01
   6.8217483e-01
   6.9013151e-01
   6.8792132e-01
   6.7510222e-01
   6.5311084e-01
   6.2493093e-01
   5.9409880e-01
   5.6525583e-01
   5.4226986e-01
   5.2834567e-01
   5.2536192e-01
   5.3409217e-01
   5.5365234e-01
   5.8194276e-01
   6.1575865e-01
   6.5112167e-01
   6.8372196e-01
   7.0924964e-01
   7.2416842e-01
   7.2615759e-01
   7.1466461e-01
   6.9101558e-01
   6.5830478e-01
   6.2062106e-01
   5.8326887e-01
   5.5100011e-01
   5.2801415e-01
   5.1740524e-01
   5.2027849e-01
   5.3652337e-01
   5.6415073e-01
   5.9995580e-01
   6.3951818e-01
   6.7797547e-01
   7.1035474e-01
   7.3223561e-01
   7.4052382e-01
   7.3422478e-01
   7.1378053e-01
   6.8228533e-01
   6.4404907e-01
   6.0404465e-01
   5.6768704e-01
   5.3961764e-01
   5.2315173e-01
   5.2038899e-01
   5.3166096e-01
   5.5564151e-01
   5.8967842e-01
   6.2990386e-01
   6.7167643e-01
   7.1013372e-01
   7.4041331e-01
   7.5897889e-01
   7.6362029e-01
   7.5411648e-01
   7.3168306e-01
   6.9952481e-01
   6.6139905e-01
   6.2194718e-01
   5.8536855e-01
   5.5542049e-01
   5.3464471e-01
   5.2525141e-01
   5.2735109e-01
   5.4094375e-01
   5.6392972e-01
   5.9365676e-01
   6.2636756e-01
   6.5808377e-01
   6.8515858e-01
   7.0405570e-01
   7.1300696e-01
   7.1145983e-01
   6.9996685e-01
   6.8051718e-01
   6.5543154e-01
   6.2769367e-01
   6.0006631e-01
   5.7531219e-01
   5.5553100e-01
   5.4204885e-01
   5.3574981e-01
   5.3663388e-01
   5.4370649e-01
   5.5575202e-01
   5.7067079e-01
   5.8658415e-01
   6.0194497e-01
   6.1553763e-01
   6.2680959e-01
   6.3553984e-01
   6.4161786e-01
   6.4493314e-01
   6.4504365e-01
   6.4161786e-01
   6.3421373e-01
   6.2272074e-01
   6.0791248e-01
   5.9078351e-01
   5.7299149e-01
   5.5663609e-01
   5.4359598e-01
   5.3541828e-01
   5.3309758e-01
   5.3729694e-01
   5.4757432e-01
   5.6293513e-01
   5.8172174e-01
   6.0161344e-01
   6.1984750e-01
   6.3344016e-01
   6.3984971e-01
   6.3741850e-01
   6.2570450e-01
   6.0581280e-01
   5.8006410e-01
   5.5210521e-01
   5.2602498e-01
   5.0569124e-01
   4.9452978e-01
   4.9452978e-01
   5.0646481e-01
   5.2989281e-01
   5.6238259e-01
   6.0061885e-01
   6.4029175e-01
   6.7642834e-01
   7.0460825e-01
   7.2085313e-01
   7.2306332e-01
   7.1090728e-01
   6.8582164e-01
   6.5167422e-01
   6.1321693e-01
   5.7575423e-01
   5.4436955e-01
   5.2315173e-01
   5.1453199e-01
   5.1928390e-01
   5.3674439e-01
   5.6470328e-01
   5.9929274e-01
   6.3653443e-01
   6.7156592e-01
   6.9996685e-01
   7.1797989e-01
   7.2317383e-01
   7.1488562e-01
   6.9433087e-01
   6.6449331e-01
   6.2968284e-01
   5.9476185e-01
   5.6437175e-01
   5.4249088e-01
   5.3166096e-01
   5.3309758e-01
   5.4624821e-01
   5.6923417e-01
   5.9929274e-01
   6.3277710e-01
   6.6559841e-01
   6.9422036e-01
   7.1521715e-01
   7.2637861e-01
   7.2693115e-01
   7.1720632e-01
   6.9897226e-01
   6.7454967e-01
   6.4692231e-01
   6.1863189e-01
   5.9244115e-01
   5.7056028e-01
   5.5464692e-01
   5.4624821e-01
   5.4602719e-01
   5.5453641e-01
   5.7111283e-01
   5.9409880e-01
   6.2106310e-01
   6.4857996e-01
   6.7322356e-01
   6.9178915e-01
   7.0217704e-01
   7.0328213e-01
   6.9532545e-01
   6.8007515e-01
   6.5974141e-01
   6.3697646e-01
   6.1454304e-01
   5.9454083e-01
   5.7918002e-01
   5.6923417e-01
   5.6525583e-01
   5.6680296e-01
   5.7299149e-01
   5.8227428e-01
   5.9299370e-01
   6.0360261e-01
   6.1299591e-01
   6.2040005e-01
   6.2570450e-01
   6.2890927e-01
   6.3045641e-01
   6.3023538e-01
   6.2802520e-01
   6.2338380e-01
   6.1609018e-01
   6.0625484e-01
   5.9431982e-01
   5.8116919e-01
   5.6857111e-01
   5.5763068e-01
   5.5022655e-01
   5.4713228e-01
   5.4934247e-01
   5.5685711e-01
   5.6923417e-01
   5.8581059e-01
   6.0470770e-01
   6.2437838e-01
   6.4205990e-01
   6.5532103e-01
   6.6184109e-01
   6.5963090e-01
   6.4846945e-01
   6.2901978e-01
   6.0327108e-01
   5.7442812e-01
   5.4635871e-01
   5.2282020e-01
   5.0712786e-01
   5.0182341e-01
   5.0790143e-01
   5.2514090e-01
   5.5232622e-01
   5.8636314e-01
   6.2360482e-01
   6.5952039e-01
   6.8957896e-01
   7.1002321e-01
   7.1786938e-01
   7.1223340e-01
   6.9377832e-01
   6.6537739e-01
   6.3111946e-01
   5.9586695e-01
   5.6415074e-01
   5.4039120e-01
   5.2724058e-01
   5.2635650e-01
   5.3762847e-01
   5.5961985e-01
   5.8956791e-01
   6.2371533e-01
   6.5786275e-01
   6.8736877e-01
   7.0858658e-01
   7.1864295e-01
   7.1621174e-01
   7.0195602e-01
   6.7786496e-01
   6.4758537e-01
   6.1531661e-01
   5.8503702e-01
   5.6050393e-01
   5.4470107e-01
   5.3884407e-01
   5.4370649e-01
   5.5840424e-01
   5.8150072e-01
   6.1012267e-01
   6.4128633e-01
   6.7123439e-01
   6.9654106e-01
   7.1411206e-01
   7.2206874e-01
   7.1941651e-01
   7.0670792e-01
   6.8560062e-01
   6.5874682e-01
   6.2924080e-01
   5.9995580e-01
   5.7409659e-01
   5.5409437e-01
   5.4204885e-01
   5.3906509e-01
   5.4547464e-01
   5.6061443e-01
   5.8238480e-01
   6.0835452e-01
   6.3498729e-01
   6.5907835e-01
   6.7786496e-01
   6.8924743e-01
   6.9245221e-01
   6.8792132e-01
   6.7664935e-01
   6.6051498e-01
   6.4172837e-01
   6.2216820e-01
   6.0371312e-01
   5.8813129e-01
   5.7663830e-01
   5.6967621e-01
   5.6768704e-01
   5.7022876e-01
   5.7630678e-01
   5.8470549e-01
   5.9409880e-01
   6.0360261e-01
   6.1255387e-01
   6.2073158e-01
   6.2802520e-01
   6.3432424e-01
   6.3940767e-01
   6.4239143e-01
   6.4239143e-01
   6.3852360e-01
   6.3034589e-01
   6.1807935e-01
   6.0260802e-01
   5.8570008e-01
   5.6967621e-01
   5.5685711e-01
   5.4967400e-01
   5.4956349e-01
   5.5740966e-01
   5.7310200e-01
   5.9575644e-01
   6.2294176e-01
   6.5167422e-01
   6.7797547e-01
   6.9797768e-01
   7.0825506e-01
   7.0670792e-01
   6.9267322e-01
   6.6736656e-01
   6.3432424e-01
   5.9796663e-01
   5.6326666e-01
   5.3541828e-01
   5.1806830e-01
   5.1386894e-01
   5.2348326e-01
   5.4602718e-01
   5.7918002e-01
   6.1863189e-01
   6.5996243e-01
   6.9819870e-01
   7.2836778e-01
   7.4671234e-01
   7.5080119e-01
   7.3997127e-01
   7.1576970e-01
   6.8162228e-01
   6.4205990e-01
   6.0227650e-01
   5.6735551e-01
   5.4127528e-01
   5.2701956e-01
   5.2591446e-01
   5.3751796e-01
   5.6006189e-01
   5.9078351e-01
   6.2548348e-01
   6.5974141e-01
   6.8946845e-01
   7.1079677e-01
   7.2140568e-01
   7.2030059e-01
   7.0825506e-01
   6.8747928e-01
   6.6150956e-01
   6.3410322e-01
   6.0923859e-01
   5.8967842e-01
   5.7774340e-01
   5.7431760e-01
   5.7973257e-01
   5.9277268e-01
   6.1233286e-01
   6.3598188e-01
   6.6117803e-01
   6.8526909e-01
   7.0560283e-01
   7.1963753e-01
   7.2615759e-01
   7.2438944e-01
   7.1466461e-01
   6.9830921e-01
   6.7709139e-01
   6.5344237e-01
   6.2935131e-01
   6.0724942e-01
   5.8901536e-01
   5.7608576e-01
   5.6978672e-01
   5.7078130e-01
   5.7862747e-01
   5.9233065e-01
   6.1001216e-01
   6.2901978e-01
   6.4681180e-01
   6.6106752e-01
   6.6968726e-01
   6.7200796e-01
   6.6791911e-01
   6.5819428e-01
   6.4404907e-01
   6.2714112e-01
   6.0890706e-01
   5.9122555e-01
   5.7542270e-01
   5.6315615e-01
   5.5497845e-01
   5.5155266e-01
   5.5287877e-01
   5.5818323e-01
   5.6647143e-01
   5.7663830e-01
   5.8757874e-01
   5.9840867e-01
   6.0835452e-01
   6.1730578e-01
   6.2437838e-01
   6.2901978e-01
   6.3012488e-01
   6.2714112e-01
   6.1907393e-01
   6.0581280e-01
   5.8835231e-01
   5.6823959e-01
   5.4779534e-01
   5.2967179e-01
   5.1674218e-01
   5.1088518e-01
   5.1353741e-01
   5.2525141e-01
   5.4558515e-01
   5.7277047e-01
   6.0437618e-01
   6.3719748e-01
   6.6725605e-01
   6.9101558e-01
   7.0505028e-01
   7.0703945e-01
   6.9643055e-01
   6.7443917e-01
   6.4382805e-01
   6.0868604e-01
   5.7387557e-01
   5.4392751e-01
   5.2315173e-01
   5.1420047e-01
   5.1828931e-01
   5.3508675e-01
   5.6271411e-01
   5.9774561e-01
   6.3587137e-01
   6.7211847e-01
   7.0173500e-01
   7.2052160e-01
   7.2604708e-01
   7.1753785e-01
   6.9620953e-01
   6.6537739e-01
   6.2935131e-01
   5.9332523e-01
   5.6216156e-01
   5.3961764e-01
   5.2856669e-01
   5.3000332e-01
   5.4359598e-01
   5.6735551e-01
   5.9874019e-01
   6.3366118e-01
   6.6814013e-01
   6.9786717e-01
   7.1941651e-01
   7.3024644e-01
   7.2892033e-01
   7.1610123e-01
   6.9355730e-01
   6.6449331e-01
   6.3244557e-01
   6.0128191e-01
   5.7431761e-01
   5.5409438e-01
   5.4238038e-01
   5.3983866e-01
   5.4669024e-01
   5.6160902e-01
   5.8304785e-01
   6.0868604e-01
   6.3553984e-01
   6.6051498e-01
   6.8095922e-01
   6.9466239e-01
   7.0040889e-01
   6.9786717e-01
   6.8792132e-01
   6.7178694e-01
   6.5145320e-01
   6.2901978e-01
   6.0669687e-01
   5.8658415e-01
   5.7067079e-01
   5.6039342e-01
   5.5718864e-01
   5.6105647e-01
   5.7166538e-01
   5.8735772e-01
   6.0581280e-01
   6.2470991e-01
   6.4117582e-01
   6.5333186e-01
   6.5974141e-01
   6.6007294e-01
   6.5465797e-01
   6.4427009e-01
   6.3023538e-01
   6.1410101e-01
   5.9719306e-01
   5.8139021e-01
   5.6801856e-01
   5.5818323e-01
   5.5276826e-01
   5.5221572e-01
   5.5586253e-01
   5.6315615e-01
   5.7332302e-01
   5.8525804e-01
   5.9829816e-01
   6.1178031e-01
   6.2515195e-01
   6.3741850e-01
   6.4758537e-01
   6.5432645e-01
   6.5587358e-01
   6.5123218e-01
   6.3996022e-01
   6.2238922e-01
   6.0039783e-01
   5.7597525e-01
   5.5243674e-01
   5.3210300e-01
   5.1718422e-01
   5.0878550e-01
   5.0668582e-01
   5.1000111e-01
   5.1674218e-01
   5.2469886e-01
   5.3110841e-01
   5.3376064e-01
   5.3088739e-01
   5.2083103e-01
   5.0326003e-01
   4.7828490e-01
   4.4656868e-01
   4.0954802e-01
   3.6854901e-01
   3.2533982e-01
   2.8168859e-01
   2.3936347e-01
   2.0035363e-01
   1.6697978e-01
   1.4145209e-01
   1.2542822e-01
   1.2023428e-01
   1.2575975e-01
   1.4045751e-01
   1.6134380e-01
   1.8444027e-01
   2.0488452e-01
   2.1858769e-01
   2.2223450e-01
   2.1394629e-01
   1.9372306e-01
   1.6377500e-01
   1.2708586e-01
   8.8076032e-02
   5.1607913e-02
   2.2322910e-02
   4.1993603e-03
   0.0000000e+00
   1.0829925e-02
   3.6357610e-02
   7.3709803e-02
   1.1923970e-01
   1.6775334e-01
   2.1416731e-01
   2.5339816e-01
   2.8190960e-01
   2.9760195e-01
   2.9970162e-01
   2.8997679e-01
   2.7052713e-01
   2.4522047e-01
   2.1858769e-01
   1.9460714e-01
   1.7769919e-01
   1.7117914e-01
   1.7703614e-01
   1.9593325e-01
   2.2698641e-01
   2.6732236e-01
   3.1329429e-01
   3.6059233e-01
   4.0501713e-01
   4.4281136e-01
   4.7143331e-01
   4.8988839e-01
   4.9806609e-01
   4.9762405e-01
   4.9110399e-01
   4.8160018e-01
   4.7309095e-01
   4.6911261e-01
   4.7242789e-01
   4.8469444e-01
   5.0602277e-01
   5.3497624e-01
   5.6857111e-01
   6.0293955e-01
   6.3454525e-01
   6.6029396e-01
   6.7830700e-01
   6.8825285e-01
   6.9079456e-01
   6.8792132e-01
   6.8162228e-01
   6.7399713e-01
   6.6670351e-01
   6.6106752e-01
   6.5797326e-01
   6.5808377e-01
   6.6162007e-01
   6.6858217e-01
   6.7852801e-01
   6.9101558e-01
   7.0527130e-01
   7.2030059e-01
   7.3577191e-01
   7.5157476e-01
   7.6759863e-01
   7.8406454e-01
   8.0041994e-01
   8.1600177e-01
   8.2904188e-01
   8.3810366e-01
   8.4108741e-01
   8.3699857e-01
   8.2594762e-01
   8.0892916e-01
   7.8826390e-01
   7.6737761e-01
   7.4980661e-01
   7.3864515e-01
   7.3665599e-01
   7.4549674e-01
   7.6527793e-01
   7.9511548e-01
   8.3257819e-01
   8.7401923e-01
   9.1501824e-01
   9.5082330e-01
   9.7679302e-01
   9.8994364e-01
   9.8850702e-01
   9.7292519e-01
   9.4585037e-01
   9.1115041e-01
   8.7401923e-01
   8.3965079e-01
   8.1279699e-01
   7.9677313e-01
   7.9356835e-01
   8.0351420e-01
   8.2539507e-01
   8.5633772e-01
   8.9269533e-01
   9.2982650e-01
   9.6275832e-01
   9.8729141e-01
   1.0000000e+00
   9.9988949e-01
   9.8695989e-01
   9.6364239e-01
   9.3358382e-01
   9.0131506e-01
   8.7136700e-01
   8.4749696e-01
   8.3235717e-01
   8.2738424e-01
   8.3279921e-01
   8.4716543e-01
   8.6849376e-01
   8.9424246e-01
   9.2076473e-01
   9.4485578e-01
   9.6342137e-01
   9.7380926e-01
   9.7480385e-01
   9.6618411e-01
   9.4927616e-01
   9.2629020e-01
   9.0020997e-01
   8.7435076e-01
   8.5158581e-01
   8.3412532e-01
   8.2395845e-01
   8.2163775e-01
   8.2727373e-01
   8.4020334e-01
   8.5865842e-01
   8.8042878e-01
   9.0275169e-01
   9.2286441e-01
   9.3789369e-01
   9.4596088e-01
   9.4607139e-01
   9.3877777e-01
   9.2540613e-01
   9.0816665e-01
   8.8938004e-01
   8.7191955e-01
   8.5722179e-01
   8.4694441e-01
   8.4119792e-01
   8.3976130e-01
   8.4186098e-01
   8.4606034e-01
   8.5092276e-01
   8.5501161e-01
   8.5711129e-01
   8.5655874e-01
   8.5335396e-01
   8.4816002e-01
   8.4175047e-01
   8.3523041e-01
   8.2959443e-01
   8.2506354e-01
   8.2119572e-01
   8.1710686e-01
   8.1169190e-01
   8.0406675e-01
   7.9367886e-01
   7.8097027e-01
   7.6660405e-01
   7.5223782e-01
   7.3952923e-01
   7.3046746e-01
   7.2693115e-01
   7.3002542e-01
   7.4041331e-01
   7.5787380e-01
   7.8097027e-01
   8.0749254e-01
   8.3368328e-01
   8.5567466e-01
   8.6937783e-01
   8.7180904e-01
   8.6131064e-01
   8.3821417e-01
   8.0495083e-01
   7.6560946e-01
   7.2527351e-01
   6.8913692e-01
   6.6195160e-01
   6.4725384e-01
   6.4681180e-01
   6.6040447e-01
   6.8659520e-01
   7.2162670e-01
   7.6118908e-01
   7.9986739e-01
   8.3268870e-01
   8.5512211e-01
   8.6396287e-01
   8.5832689e-01
   8.3909824e-01
   8.0881866e-01
   7.7246105e-01
   7.3455631e-01
   7.0040888e-01
   6.7432866e-01
   6.5907835e-01
   6.5642612e-01
   6.6604045e-01
   6.8659520e-01
   7.1510664e-01
   7.4792795e-01
   7.8085976e-01
   8.0959222e-01
   8.3014698e-01
   8.3976130e-01
   8.3699856e-01
   8.2241131e-01
   7.9809924e-01
   7.6726710e-01
   7.3411427e-01
   7.0272958e-01
   6.7698088e-01
   6.5952039e-01
   6.5200575e-01
   6.5498950e-01
   6.6758758e-01
   6.8792132e-01
   7.1355951e-01
   7.4085534e-01
   7.6649353e-01
   7.8682728e-01
   7.9909382e-01
   8.0174605e-01
   7.9445243e-01
   7.7798652e-01
   7.5466902e-01
   7.2748370e-01
   6.9963532e-01
   6.7399713e-01
   6.5322135e-01
   6.3907614e-01
   6.3266659e-01
   6.3432424e-01
   6.4338601e-01
   6.5863632e-01
   6.7819649e-01
   6.9941430e-01
   7.1952702e-01
   7.3588242e-01
   7.4660184e-01
   7.5013814e-01
   7.4627031e-01
   7.3566140e-01
   7.1930600e-01
   6.9897226e-01
   6.7642834e-01
   6.5355288e-01
