   3.6698367e-01
   5.2279932e-01
   6.6959278e-01
   7.8493051e-01
   8.5442575e-01
   8.7515241e-01
   8.5466959e-01
   8.0907096e-01
   7.5713241e-01
   7.1567910e-01
   6.9568398e-01
   7.0202390e-01
   7.3152890e-01
   7.7761522e-01
   8.3101683e-01
   8.8344307e-01
   9.2928554e-01
   9.6464277e-01
   9.8780785e-01
   9.9804925e-01
   9.9512314e-01
   9.7854182e-01
   9.4806145e-01
   9.0465740e-01
   8.5028042e-01
   7.8858815e-01
   7.2592051e-01
   6.6812973e-01
   6.2350647e-01
   5.9717143e-01
   5.9375762e-01
   6.1497196e-01
   6.5886369e-01
   7.2006828e-01
   7.9029505e-01
   8.5881492e-01
   9.1514265e-01
   9.5001219e-01
   9.5708364e-01
   9.3489393e-01
   8.8661302e-01
   8.1980005e-01
   7.4494026e-01
   6.7349427e-01
   6.1545964e-01
   5.7985857e-01
   5.7034870e-01
   5.8814923e-01
   6.3082175e-01
   6.9275787e-01
   7.6591076e-01
   8.4174592e-01
   9.1099732e-01
   9.6464277e-01
   9.9585467e-01
   1.0000000e+00
   9.7659108e-01
   9.2904170e-01
   8.6344794e-01
   7.8907583e-01
   7.1592295e-01
   6.5325531e-01
   6.0838820e-01
   5.8619849e-01
   5.8912461e-01
   6.1521581e-01
   6.6057059e-01
   7.2031212e-01
   7.8541819e-01
   8.4881736e-01
   9.0197513e-01
   9.3806389e-01
   9.5245062e-01
   9.4294075e-01
   9.1050963e-01
   8.6003414e-01
   7.9761034e-01
   7.3104121e-01
   6.6812973e-01
   6.1570349e-01
   5.7888320e-01
   5.6083882e-01
   5.6278956e-01
   5.8351622e-01
   6.1984882e-01
   6.6739820e-01
   7.1933675e-01
   7.6834919e-01
   8.0809559e-01
   8.3272373e-01
   8.3881980e-01
   8.2589612e-01
   7.9639112e-01
   7.5518166e-01
   7.0836382e-01
   6.6252134e-01
   6.2301877e-01
   5.9448915e-01
   5.8010242e-01
   5.8010242e-01
   5.9497684e-01
   6.2228725e-01
   6.5886369e-01
   7.0031700e-01
   7.4177030e-01
   7.7810290e-01
   8.0443794e-01
   8.1784931e-01
   8.1736162e-01
   8.0248720e-01
   7.7615216e-01
   7.4103878e-01
   7.0056084e-01
   6.5861985e-01
   6.1789807e-01
   5.8156547e-01
   5.5157279e-01
   5.2987076e-01
   5.1743477e-01
   5.1524018e-01
   5.2255547e-01
   5.3742990e-01
   5.5766886e-01
   5.8059010e-01
   6.0326750e-01
   6.2350646e-01
   6.3935626e-01
   6.4959766e-01
   6.5349915e-01
   6.4984150e-01
   6.3838089e-01
   6.1887345e-01
   5.9156303e-01
   5.5815655e-01
   5.2133627e-01
   4.8451598e-01
   4.5135333e-01
   4.2550598e-01
   4.0941234e-01
   4.0526701e-01
   4.1404536e-01
   4.3452817e-01
   4.6598391e-01
   5.0621800e-01
   5.5181664e-01
   5.9790295e-01
   6.3886857e-01
   6.6812972e-01
   6.8032187e-01
   6.7154353e-01
   6.4081932e-01
   5.8985614e-01
   5.2499391e-01
   4.5379176e-01
   3.8624726e-01
   3.3113875e-01
   2.9602536e-01
   2.8554012e-01
   3.0090222e-01
   3.4113631e-01
   4.0112168e-01
   4.7329920e-01
   5.4937820e-01
   6.1887345e-01
   6.7300659e-01
   7.0397465e-01
   7.0738845e-01
   6.8251646e-01
   6.3301634e-01
   5.6547184e-01
   4.9036821e-01
   4.1721532e-01
   3.5674226e-01
   3.1626433e-01
   3.0138991e-01
   3.1333821e-01
   3.5040235e-01
   4.0794929e-01
   4.7890759e-01
   5.5401122e-01
   6.2326262e-01
   6.7763961e-01
   7.0933919e-01
   7.1275298e-01
   6.8788101e-01
   6.3789320e-01
   5.6912948e-01
   4.9158742e-01
   4.1575226e-01
   3.5089003e-01
   3.0480370e-01
   2.8261400e-01
   2.8505243e-01
   3.1138747e-01
   3.5698610e-01
   4.1599610e-01
   4.8085833e-01
   5.4376981e-01
   5.9692758e-01
   6.3423556e-01
   6.5106072e-01
   6.4642770e-01
   6.2131188e-01
   5.8010242e-01
   5.2865155e-01
   4.7451841e-01
   4.2428676e-01
   3.8405267e-01
   3.5747379e-01
   3.4747623e-01
   3.5430383e-01
   3.7673738e-01
   4.1209461e-01
   4.5671788e-01
   5.0475494e-01
   5.5132894e-01
   5.8985613e-01
   6.1619118e-01
   6.2643258e-01
   6.1911729e-01
   5.9473299e-01
   5.5571812e-01
   5.0573031e-01
   4.4891490e-01
   3.8990490e-01
   3.3333334e-01
   2.8456474e-01
   2.4774446e-01
   2.2653012e-01
   2.2409169e-01
   2.4091685e-01
   2.7554255e-01
   3.2406731e-01
   3.7966350e-01
   4.3623507e-01
   4.8597903e-01
   5.2328701e-01
   5.4328213e-01
   5.4523287e-01
   5.2913924e-01
   4.9792734e-01
   4.5549866e-01
   4.0721775e-01
   3.5844916e-01
   3.1504512e-01
   2.8212632e-01
   2.6335040e-01
   2.6066813e-01
   2.7359181e-01
   2.9919532e-01
   3.3308949e-01
   3.7039747e-01
   4.0551085e-01
   4.3477201e-01
   4.5525482e-01
   4.6549622e-01
   4.6647159e-01
   4.5818093e-01
   4.4208730e-01
   4.1989759e-01
   3.9331871e-01
   3.6430139e-01
   3.3552792e-01
   3.0968057e-01
   2.8968545e-01
   2.7749330e-01
   2.7456718e-01
   2.8163863e-01
   2.9846379e-01
   3.2406730e-01
   3.5796147e-01
   3.9746404e-01
   4.4038040e-01
   4.8183370e-01
   5.1792246e-01
   5.4255060e-01
   5.5084126e-01
   5.3938064e-01
   5.0719337e-01
   4.5647403e-01
   3.9307486e-01
   3.2479883e-01
   2.6018045e-01
   2.0824190e-01
   1.7629847e-01
   1.6849549e-01
   1.8653987e-01
   2.2872471e-01
   2.9090466e-01
   3.6576445e-01
   4.4452573e-01
   5.1792246e-01
   5.7620093e-01
   6.1204585e-01
   6.2033651e-01
   6.0009754e-01
   5.5449890e-01
   4.8963668e-01
   4.1477688e-01
   3.4040479e-01
   2.7554255e-01
   2.2872471e-01
   2.0507194e-01
   2.0726653e-01
   2.3433309e-01
   2.8285784e-01
   3.4650086e-01
   4.1745916e-01
   4.8671056e-01
   5.4523287e-01
   5.8473543e-01
   5.9985369e-01
   5.8839308e-01
   5.5230432e-01
   4.9719580e-01
   4.3062668e-01
   3.6210680e-01
   3.0138991e-01
   2.5554743e-01
   2.3043161e-01
   2.2921239e-01
   2.5115826e-01
   2.9334309e-01
   3.5064619e-01
   4.1599610e-01
   4.8085833e-01
   5.3669837e-01
   5.7595709e-01
   5.9278225e-01
   5.8497927e-01
   5.5327969e-01
   5.0182882e-01
   4.3794197e-01
   3.6990978e-01
   3.0602292e-01
   2.5457206e-01
   2.2116558e-01
   2.0946111e-01
   2.2067789e-01
   2.5310900e-01
   3.0334065e-01
   3.6527676e-01
   4.3111437e-01
   4.9378200e-01
   5.4425750e-01
   5.7742015e-01
   5.8839308e-01
   5.7668861e-01
   5.4450134e-01
   4.9646428e-01
   4.3891734e-01
   3.7844429e-01
   3.2089734e-01
   2.7286029e-01
   2.3725920e-01
   2.1823945e-01
   2.1628871e-01
   2.3238235e-01
   2.6456962e-01
   3.0968057e-01
   3.6283834e-01
   4.1770300e-01
   4.6817849e-01
   5.0841258e-01
   5.3352841e-01
   5.4133138e-01
   5.3035845e-01
   5.0256035e-01
   4.6061936e-01
   4.0843697e-01
   3.5137772e-01
   2.9504999e-01
   2.4506218e-01
   2.0677884e-01
   1.8385760e-01
   1.7873690e-01
   1.9092904e-01
   2.1823946e-01
   2.5603512e-01
   2.9968301e-01
   3.4333090e-01
   3.8258961e-01
   4.1380151e-01
   4.3477201e-01
   4.4403805e-01
   4.4135577e-01
   4.2672519e-01
   4.0136552e-01
   3.6698367e-01
   3.2699342e-01
   2.8602780e-01
   2.4871983e-01
   2.2019021e-01
   2.0434041e-01
   2.0360888e-01
   2.1848330e-01
   2.4750061e-01
   2.8797854e-01
   3.3577176e-01
   3.8600342e-01
   4.3404048e-01
   4.7476226e-01
   5.0329189e-01
   5.1645940e-01
   5.1109485e-01
   4.8671056e-01
   4.4501341e-01
   3.8966106e-01
   3.2674958e-01
   2.6383809e-01
   2.0848574e-01
   1.6678859e-01
   1.4386735e-01
   1.4289199e-01
   1.6459400e-01
   2.0677884e-01
   2.6530115e-01
   3.3430871e-01
   4.0599854e-01
   4.7159230e-01
   5.2279932e-01
   5.5254816e-01
   5.5644965e-01
   5.3328457e-01
   4.8573519e-01
   4.2038527e-01
   3.4576933e-01
   2.7237259e-01
   2.0946111e-01
   1.6556937e-01
   1.4630578e-01
   1.5410876e-01
   1.8897830e-01
   2.4676908e-01
   3.2162887e-01
   4.0477933e-01
   4.8597903e-01
   5.5523043e-01
   6.0326750e-01
   6.2350647e-01
   6.1326506e-01
   5.7400634e-01
   5.1133870e-01
   4.3428432e-01
   3.5357230e-01
   2.8017557e-01
   2.2336016e-01
   1.9019752e-01
   1.8410145e-01
   2.0604731e-01
   2.5213363e-01
   3.1723970e-01
   3.9258717e-01
   4.6891002e-01
   5.3694221e-01
   5.8790539e-01
   6.1594733e-01
   6.1789808e-01
   5.9497684e-01
   5.5181663e-01
   4.9524506e-01
   4.3306511e-01
   3.7405511e-01
   3.2504267e-01
   2.9212387e-01
   2.7749329e-01
   2.8261400e-01
   3.0651061e-01
   3.4625701e-01
   3.9648866e-01
   4.5159717e-01
   5.0402341e-01
   5.4718362e-01
   5.7498172e-01
   5.8278468e-01
   5.6961717e-01
   5.3669837e-01
   4.8792977e-01
   4.2891978e-01
   3.6625214e-01
   3.0675445e-01
   2.5652280e-01
   2.2067789e-01
   2.0263351e-01
   2.0409656e-01
   2.2482322e-01
   2.6237504e-01
   3.1211900e-01
   3.6747135e-01
   4.2160449e-01
   4.6695928e-01
   4.9841502e-01
   5.1231407e-01
   5.0768105e-01
   4.8597903e-01
   4.5062180e-01
   4.0599854e-01
   3.5722995e-01
   3.0943673e-01
   2.6725189e-01
   2.3506462e-01
   2.1506949e-01
   2.0994879e-01
   2.1945867e-01
   2.4189222e-01
   2.7481103e-01
   3.1309437e-01
   3.5162156e-01
   3.8673495e-01
   4.1428920e-01
   4.3184589e-01
   4.3842965e-01
   4.3330895e-01
   4.1745916e-01
   3.9185565e-01
   3.5844916e-01
   3.1992197e-01
   2.8017557e-01
   2.4335529e-01
   2.1433797e-01
   1.9726896e-01
   1.9434285e-01
   2.0751037e-01
   2.3482078e-01
   2.7407949e-01
   3.2114119e-01
   3.7137284e-01
   4.1989759e-01
   4.6257011e-01
   4.9426969e-01
   5.1133870e-01
   5.1036333e-01
   4.8963668e-01
   4.4891490e-01
   3.9136796e-01
   3.2162888e-01
   2.4725677e-01
   1.7629847e-01
   1.1728847e-01
   7.7298226e-02
   6.0960744e-02
   7.0470617e-02
   1.0460864e-01
   1.5996099e-01
   2.3043160e-01
   3.0821751e-01
   3.8478420e-01
   4.5086564e-01
   4.9865887e-01
   5.2158010e-01
   5.1597172e-01
   4.8232139e-01
   4.2428676e-01
   3.4942697e-01
   2.6700805e-01
   1.8824678e-01
   1.2314070e-01
   7.9980495e-02
   6.5106079e-02
   8.0712023e-02
   1.2533529e-01
   1.9483053e-01
   2.8163862e-01
   3.7527433e-01
   4.6452085e-01
   5.3816143e-01
   5.8644233e-01
   6.0351134e-01
   5.8668617e-01
   5.3962449e-01
   4.6964155e-01
   3.8649110e-01
   3.0309681e-01
   2.3067545e-01
   1.7824921e-01
   1.5240186e-01
   1.5581566e-01
   1.8727140e-01
   2.4286760e-01
   3.1553280e-01
   3.9600098e-01
   4.7500610e-01
   5.4181907e-01
   5.8863692e-01
   6.0960741e-01
   6.0253597e-01
   5.6912948e-01
   5.1548403e-01
   4.4867106e-01
   3.7941966e-01
   3.1626433e-01
   2.6676421e-01
   2.3677152e-01
   2.2896855e-01
   2.4286760e-01
   2.7700561e-01
   3.2601805e-01
   3.8478420e-01
   4.4574494e-01
   5.0256035e-01
   5.4864667e-01
   5.7863936e-01
   5.8961229e-01
   5.8107779e-01
   5.5498659e-01
   5.1426481e-01
   4.6403317e-01
   4.0868081e-01
   3.5381614e-01
   3.0382834e-01
   2.6286272e-01
   2.3506462e-01
   2.2336016e-01
   2.2945623e-01
   2.5359669e-01
   2.9358693e-01
   3.4455011e-01
   4.0112168e-01
   4.5549866e-01
   5.0109729e-01
   5.3230919e-01
   5.4547672e-01
   5.3889296e-01
   5.1402097e-01
   4.7378688e-01
   4.2282371e-01
   3.6649598e-01
   3.1163131e-01
   2.6408193e-01
   2.2994392e-01
   2.1385028e-01
   2.1775177e-01
   2.4091685e-01
   2.7968788e-01
   3.2821264e-01
   3.7893197e-01
   4.2453060e-01
   4.5842478e-01
   4.7622532e-01
   4.7598147e-01
   4.5818094e-01
   4.2526213e-01
   3.8137040e-01
   3.3065106e-01
   2.7773714e-01
   2.2726165e-01
   1.8312607e-01
   1.4776884e-01
   1.2289686e-01
   1.0875397e-01
   1.0534016e-01
   1.1070471e-01
   1.2362839e-01
   1.4313582e-01
   1.6800781e-01
   1.9775665e-01
   2.3116313e-01
   2.6603268e-01
   2.9846379e-01
   3.2504267e-01
   3.4138015e-01
   3.4333090e-01
   3.2943185e-01
   3.0065838e-01
   2.5993661e-01
   2.1311875e-01
   1.6703244e-01
   1.2850524e-01
   1.0387710e-01
   9.7537190e-02
   1.1216777e-01
   1.4752499e-01
   2.0117045e-01
   2.6798342e-01
   3.4016094e-01
   4.0941234e-01
   4.6574007e-01
   5.0158498e-01
   5.1109485e-01
   4.9207510e-01
   4.4672031e-01
   3.8185808e-01
   3.0602293e-01
   2.3116313e-01
   1.6703244e-01
   1.2314070e-01
   1.0558401e-01
   1.1631310e-01
   1.5508413e-01
   2.1653256e-01
   2.9383077e-01
   3.7698123e-01
   4.5598635e-01
   5.2084858e-01
   5.6278956e-01
   5.7693246e-01
   5.6181419e-01
   5.2011705e-01
   4.5842478e-01
   3.8600341e-01
   3.1309437e-01
   2.4945136e-01
   2.0312119e-01
   1.7995611e-01
   1.8215070e-01
   2.0921727e-01
   2.5822971e-01
   3.2357962e-01
   3.9746404e-01
   4.7086077e-01
   5.3474763e-01
   5.8180931e-01
   6.0570593e-01
   6.0448671e-01
   5.7961473e-01
   5.3547915e-01
   4.7963912e-01
   4.2062912e-01
   3.6673982e-01
   3.2455499e-01
   2.9895148e-01
   2.9188004e-01
   3.0382834e-01
   3.3211412e-01
   3.7381127e-01
   4.2379908e-01
   4.7622531e-01
   5.2548159e-01
   5.6522800e-01
   5.9083151e-01
   5.9863448e-01
   5.8814923e-01
   5.5937576e-01
   5.1548403e-01
   4.6086321e-01
   4.0063399e-01
   3.4040479e-01
   2.8578395e-01
   2.4237991e-01
   2.1506950e-01
   2.0726652e-01
   2.2116557e-01
   2.5554743e-01
   3.0724214e-01
   3.6990978e-01
   4.3599123e-01
   4.9719581e-01
   5.4547672e-01
   5.7571324e-01
   5.8497928e-01
   5.7376250e-01
   5.4450134e-01
   5.0207267e-01
   4.5208486e-01
   4.0014631e-01
   3.5210925e-01
   3.1236284e-01
   2.8456475e-01
   2.7115338e-01
   2.7286028e-01
   2.8797855e-01
   3.1406975e-01
   3.4674470e-01
   3.8258962e-01
   4.1697147e-01
   4.4720800e-01
   4.7110461e-01
   4.8719825e-01
   4.9500122e-01
   4.9475738e-01
   4.8524750e-01
   4.6720313e-01
   4.4111193e-01
   4.0819313e-01
   3.7064131e-01
   3.3187028e-01
   2.9578152e-01
   2.6627652e-01
   2.4676908e-01
   2.3945379e-01
   2.4628140e-01
   2.6700805e-01
   3.0114607e-01
   3.4528164e-01
   3.9600098e-01
   4.4672031e-01
   4.9085589e-01
   5.2060473e-01
   5.2962692e-01
   5.1377713e-01
   4.7207998e-01
   4.0819313e-01
   3.2870032e-01
   2.4384297e-01
   1.6435016e-01
   1.0070714e-01
   6.1692272e-02
   5.2670085e-02
   7.4615952e-02
   1.2606682e-01
   2.0043892e-01
   2.8895392e-01
   3.8137040e-01
   4.6549622e-01
   5.3133382e-01
   5.7034870e-01
   5.7790783e-01
   5.5401122e-01
   5.0280420e-01
   4.3233358e-01
   3.5357230e-01
   2.7773714e-01
   2.1506950e-01
   1.7410388e-01
   1.5874177e-01
   1.7142161e-01
   2.0970495e-01
   2.6920264e-01
   3.4259937e-01
   4.2184833e-01
   4.9695197e-01
   5.5913192e-01
   6.0009754e-01
   6.1472812e-01
   6.0082907e-01
   5.6059498e-01
   4.9987808e-01
   4.2648135e-01
   3.5137771e-01
   2.8358937e-01
   2.3189466e-01
   2.0263351e-01
   1.9921970e-01
   2.2189710e-01
   2.6798342e-01
   3.3187028e-01
   4.0575470e-01
   4.8061449e-01
   5.4718362e-01
   5.9668374e-01
   6.2277493e-01
   6.2253109e-01
   5.9643990e-01
   5.4864668e-01
   4.8597903e-01
   4.1672763e-01
   3.4967082e-01
   2.9212387e-01
   2.5042673e-01
   2.2848086e-01
   2.2799317e-01
   2.4847599e-01
   2.8797854e-01
   3.4186784e-01
   4.0356011e-01
   4.6695928e-01
   5.2377469e-01
   5.6766642e-01
   5.9400147e-01
   5.9960985e-01
   5.8497928e-01
   5.5279201e-01
   5.0719337e-01
   4.5354792e-01
   3.9795172e-01
   3.4625702e-01
   3.0358449e-01
   2.7456718e-01
   2.6237503e-01
   2.6895879e-01
   2.9334309e-01
   3.3260181e-01
   3.8161424e-01
   4.3355280e-01
   4.8134601e-01
   5.1914167e-01
   5.4181907e-01
   5.4767130e-01
   5.3694221e-01
   5.1231407e-01
   4.7744453e-01
   4.3696659e-01
   3.9502561e-01
   3.5601073e-01
   3.2357962e-01
   3.0114607e-01
   2.8944160e-01
   2.9017313e-01
   3.0163375e-01
   3.2236040e-01
   3.4893928e-01
   3.7795660e-01
   4.0648622e-01
   4.3135821e-01
   4.5110949e-01
   4.6452085e-01
   4.7086076e-01
   4.6891002e-01
   4.5842478e-01
   4.3916118e-01
   4.1282614e-01
   3.8039503e-01
   3.4601317e-01
   3.1382590e-01
   2.8871007e-01
   2.7481103e-01
   2.7456718e-01
   2.8919776e-01
   3.1748354e-01
   3.5698610e-01
   4.0380396e-01
   4.5306023e-01
   5.0036576e-01
   5.3962449e-01
   5.6693490e-01
   5.7717630e-01
   5.6791027e-01
   5.3816143e-01
   4.8988052e-01
   4.2745672e-01
   3.5747379e-01
   2.8846623e-01
   2.2848086e-01
   1.8507682e-01
   1.6337479e-01
   1.6605707e-01
   1.9263594e-01
   2.4042917e-01
   3.0358450e-01
   3.7527433e-01
   4.4672031e-01
   5.0914411e-01
   5.5449890e-01
   5.7644477e-01
   5.7181176e-01
   5.4035601e-01
   4.8597903e-01
   4.1575226e-01
   3.3845404e-01
   2.6432578e-01
   2.0238966e-01
   1.6069252e-01
   1.4386736e-01
   1.5386491e-01
   1.8970983e-01
   2.4701293e-01
   3.1894660e-01
   3.9770788e-01
   4.7329920e-01
   5.3596684e-01
   5.7815167e-01
   5.9375762e-01
   5.8180931e-01
   5.4401366e-01
   4.8719825e-01
   4.1965375e-01
   3.5137771e-01
   2.9139235e-01
   2.4774446e-01
   2.2579859e-01
   2.2750549e-01
   2.5237747e-01
   2.9773226e-01
   3.5747379e-01
   4.2477445e-01
   4.9134358e-01
   5.4864667e-01
   5.8961229e-01
   6.0863204e-01
   6.0351134e-01
   5.7522556e-01
   5.2865155e-01
   4.7037309e-01
   4.0868081e-01
   3.5186540e-01
   3.0675446e-01
   2.7871251e-01
   2.7042185e-01
   2.8261400e-01
   3.1358206e-01
   3.6015606e-01
   4.1672763e-01
   4.7768837e-01
   5.3572300e-01
   5.8497927e-01
   6.1960498e-01
   6.3643014e-01
   6.3423556e-01
   6.1448427e-01
   5.7985857e-01
   5.3499147e-01
   4.8427213e-01
   4.3282127e-01
   3.8454036e-01
   3.4381858e-01
   3.1358206e-01
   2.9773226e-01
   2.9700074e-01
   3.1236284e-01
   3.4186784e-01
   3.8210193e-01
   4.2818825e-01
   4.7378688e-01
   5.1304560e-01
   5.4181907e-01
   5.5669349e-01
   5.5693734e-01
   5.4230676e-01
   5.1597172e-01
   4.8085833e-01
   4.4062424e-01
   3.9941478e-01
   3.6235065e-01
   3.3284565e-01
   3.1431359e-01
   3.0846135e-01
   3.1528895e-01
   3.3357718e-01
   3.5966838e-01
   3.8990491e-01
   4.2087297e-01
   4.4867106e-01
   4.7086077e-01
   4.8573519e-01
   4.9158742e-01
   4.8792977e-01
   4.7403072e-01
   4.4989027e-01
   4.1745916e-01
   3.7844429e-01
   3.3723482e-01
   2.9919532e-01
   2.6944648e-01
   2.5237747e-01
   2.5091442e-01
   2.6676420e-01
   2.9870764e-01
   3.4430627e-01
   3.9965862e-01
   4.6013168e-01
   5.2011705e-01
   5.7351865e-01
   6.1472812e-01
   6.3862473e-01
   6.4081932e-01
   6.1984882e-01
   5.7620093e-01
   5.1450866e-01
   4.4111192e-01
   3.6503292e-01
   2.9504999e-01
   2.4018533e-01
   2.0726653e-01
   2.0019507e-01
   2.1970252e-01
   2.6408193e-01
   3.2772495e-01
   4.0331626e-01
   4.8110217e-01
   5.5132894e-01
   6.0424287e-01
   6.3252865e-01
   6.3057791e-01
   5.9887832e-01
   5.4059986e-01
   4.6403317e-01
   3.7868812e-01
   2.9553768e-01
   2.2555475e-01
   1.7678616e-01
   1.5532797e-01
   1.6313094e-01
   1.9921970e-01
   2.5896123e-01
   3.3577177e-01
   4.2014143e-01
   5.0207267e-01
   5.7132407e-01
   6.1936114e-01
   6.3935626e-01
   6.3009022e-01
   5.9302610e-01
   5.3474763e-01
   4.6378932e-01
   3.9039259e-01
   3.2504267e-01
   2.7627408e-01
   2.5018288e-01
   2.4945136e-01
   2.7407950e-01
   3.2089735e-01
   3.8380883e-01
   4.5525482e-01
   5.2621312e-01
   5.8790539e-01
   6.3204097e-01
   6.5349915e-01
   6.5008535e-01
   6.2350647e-01
   5.7839551e-01
   5.2255548e-01
   4.6452085e-01
   4.1233846e-01
   3.7259205e-01
   3.4967082e-01
   3.4552549e-01
   3.5966838e-01
   3.8990491e-01
   4.3282127e-01
   4.8354060e-01
   5.3669837e-01
   5.8693001e-01
   6.2862717e-01
   6.5813216e-01
   6.7251890e-01
   6.7056816e-01
   6.5349914e-01
   6.2326262e-01
   5.8278469e-01
   5.3572300e-01
   4.8597903e-01
   4.3794197e-01
   3.9575713e-01
   3.6308217e-01
   3.4357474e-01
   3.4016094e-01
   3.5357230e-01
   3.8283346e-01
   4.2404292e-01
   4.7207998e-01
   5.2036089e-01
   5.6303341e-01
   5.9522068e-01
   6.1375274e-01
   6.1692270e-01
   6.0643746e-01
   5.8351622e-01
   5.5206047e-01
   5.1499635e-01
   4.7695684e-01
   4.4135577e-01
   4.1209461e-01
   3.9209949e-01
   3.8307730e-01
   3.8527189e-01
   3.9819556e-01
   4.1965375e-01
   4.4696416e-01
   4.7768837e-01
   5.0914411e-01
   5.3938065e-01
   5.6620337e-01
   5.8766155e-01
   6.0131676e-01
   6.0424287e-01
   5.9424531e-01
   5.7034870e-01
   5.3279688e-01
   4.8427213e-01
   4.2965131e-01
   3.7478664e-01
   3.2650573e-01
   2.9066082e-01
   2.7237259e-01
   2.7359181e-01
   2.9578152e-01
   3.3674714e-01
   3.9258717e-01
   4.5720556e-01
   5.2377469e-01
   5.8376006e-01
   6.2887101e-01
   6.5252378e-01
   6.5081688e-01
   6.2228725e-01
   5.7108023e-01
   5.0280420e-01
   4.2696904e-01
   3.5357230e-01
   2.9236772e-01
   2.5115826e-01
   2.3506462e-01
   2.4628140e-01
   2.8334553e-01
   3.4211168e-01
   4.1526457e-01
   4.9402585e-01
   5.6888564e-01
   6.2911486e-01
   6.6691051e-01
   6.7642039e-01
   6.5666910e-01
   6.0960741e-01
   5.4279444e-01
   4.6574006e-01
   3.8941722e-01
   3.2431115e-01
   2.7944404e-01
   2.5993661e-01
   2.6871495e-01
   3.0455987e-01
   3.6259450e-01
   4.3599122e-01
   5.1572788e-01
   5.9180688e-01
   6.5447452e-01
   6.9592782e-01
   7.1104609e-01
   6.9812241e-01
   6.5983907e-01
   6.0253597e-01
   5.3450378e-01
   4.6598391e-01
   4.0575470e-01
   3.6186297e-01
   3.3894172e-01
   3.3967325e-01
   3.6332602e-01
   4.0673007e-01
   4.6500854e-01
   5.3108998e-01
   5.9741527e-01
   6.5569373e-01
   6.9861010e-01
   7.2055596e-01
   7.1958059e-01
   6.9519630e-01
   6.5203609e-01
   5.9546452e-01
   5.3352841e-01
   4.7403072e-01
   4.2355523e-01
   3.8673495e-01
   3.6771520e-01
   3.6698367e-01
   3.8332114e-01
   4.1428920e-01
   4.5549866e-01
   5.0134114e-01
   5.4547672e-01
   5.8229700e-01
   6.0668130e-01
   6.1497196e-01
   6.0619361e-01
   5.8107779e-01
   5.4206291e-01
   4.9329432e-01
   4.3891734e-01
   3.8429651e-01
   3.3357718e-01
   2.9114850e-01
   2.6091198e-01
   2.4603755e-01
   2.4823214e-01
   2.6725189e-01
   3.0114607e-01
   3.4552549e-01
   3.9502561e-01
   4.4330651e-01
   4.8427213e-01
   5.1377713e-01
   5.2889539e-01
   5.2938308e-01
   5.1524019e-01
   4.8988052e-01
   4.5549866e-01
   4.1599610e-01
   3.7527433e-01
   3.3699098e-01
   3.0529140e-01
   2.8383322e-01
   2.7407950e-01
   2.7700561e-01
   2.9139235e-01
   3.1528896e-01
   3.4406242e-01
   3.7503048e-01
   4.0404780e-01
   4.2867594e-01
   4.4696416e-01
   4.5744941e-01
   4.5964399e-01
   4.5232870e-01
   4.3599122e-01
   4.1038771e-01
   3.7771276e-01
   3.3918557e-01
   2.9895148e-01
   2.6042429e-01
   2.2848086e-01
   2.0604731e-01
   1.9653743e-01
   2.0238966e-01
   2.2384784e-01
   2.6091198e-01
   3.1089978e-01
   3.6942210e-01
   4.3111437e-01
   4.8792977e-01
   5.3230919e-01
   5.5693734e-01
   5.5693734e-01
   5.3084614e-01
   4.8110218e-01
   4.1453305e-01
   3.3967325e-01
   2.6749574e-01
   2.0824190e-01
   1.6995855e-01
   1.5849793e-01
   1.7532310e-01
   2.1897099e-01
   2.8358937e-01
   3.6210680e-01
   4.4428189e-01
   5.1938551e-01
   5.7766398e-01
   6.1131432e-01
   6.1594733e-01
   5.9180688e-01
   5.4255060e-01
   4.7646916e-01
   4.0404780e-01
   3.3601561e-01
   2.8163863e-01
   2.4847598e-01
   2.4018533e-01
   2.5725433e-01
   2.9700074e-01
   3.5430383e-01
   4.2209217e-01
   4.9256279e-01
   5.5693733e-01
   6.0790051e-01
   6.3838089e-01
   6.4472080e-01
   6.2594490e-01
   5.8424775e-01
   5.2499391e-01
   4.5623019e-01
   3.8575958e-01
   3.2284809e-01
   2.7432334e-01
   2.4506218e-01
   2.3823458e-01
   2.5359669e-01
   2.8944160e-01
   3.4113631e-01
   4.0258474e-01
   4.6574006e-01
   5.2377469e-01
   5.6864179e-01
   5.9473299e-01
   5.9985369e-01
   5.8327238e-01
   5.4840283e-01
   5.0036577e-01
   4.4550110e-01
   3.9014875e-01
   3.4089247e-01
   3.0212144e-01
   2.7749330e-01
   2.6920264e-01
   2.7749330e-01
   3.0163375e-01
   3.3967326e-01
   3.8722264e-01
   4.3964887e-01
   4.9012436e-01
   5.3352841e-01
   5.6449646e-01
   5.7937089e-01
   5.7717630e-01
   5.5742502e-01
   5.2304316e-01
   4.7695685e-01
   4.2404292e-01
   3.6893441e-01
   3.1723970e-01
   2.7432334e-01
   2.4530602e-01
   2.3335772e-01
   2.4018532e-01
   2.6456963e-01
   3.0309681e-01
   3.5040235e-01
   3.9990246e-01
   4.4550110e-01
   4.8158986e-01
   5.0524263e-01
   5.1426481e-01
   5.1036333e-01
   4.9426969e-01
   4.6891003e-01
   4.3721044e-01
   4.0234089e-01
   3.6771519e-01
   3.3552792e-01
   3.0943673e-01
   2.9041697e-01
   2.7993173e-01
   2.7871251e-01
   2.8602780e-01
   3.0163375e-01
   3.2431115e-01
   3.5381614e-01
   3.8868569e-01
   4.2672519e-01
   4.6500854e-01
   4.9890271e-01
   5.2377469e-01
   5.3401610e-01
   5.2645696e-01
   4.9939040e-01
   4.5476713e-01
   3.9795172e-01
   3.3601561e-01
   2.7724946e-01
   2.3018776e-01
   2.0068276e-01
   1.9312363e-01
   2.0799805e-01
   2.4311144e-01
   2.9358693e-01
   3.5210924e-01
   4.1038771e-01
   4.5891247e-01
   4.9012436e-01
   4.9719580e-01
   4.7671300e-01
   4.2965131e-01
   3.6015606e-01
   2.7651792e-01
   1.8897830e-01
   1.0851012e-01
   4.5110953e-02
   7.0714518e-03
   0.0000000e+00
   2.4384299e-02
   7.8273596e-02
   1.5581566e-01
   2.4896367e-01
   3.4625701e-01
   4.3672275e-01
   5.0890027e-01
   5.5425506e-01
   5.6693489e-01
   5.4669593e-01
   4.9622043e-01
   4.2404292e-01
   3.4064863e-01
   2.5749817e-01
   1.8532065e-01
   1.3386979e-01
   1.0851012e-01
   1.1241161e-01
   1.4411119e-01
   1.9970739e-01
   2.7261644e-01
   3.5332846e-01
   4.3257742e-01
   5.0012192e-01
   5.4742746e-01
   5.6815411e-01
   5.6035114e-01
   5.2572544e-01
   4.6939771e-01
   3.9990247e-01
   3.2650573e-01
   2.5920508e-01
   2.0653499e-01
   1.7410388e-01
   1.6532553e-01
   1.8093149e-01
   2.1848330e-01
   2.7310412e-01
   3.3821020e-01
   4.0648623e-01
   4.6939771e-01
   5.1938552e-01
   5.5084126e-01
   5.6108267e-01
   5.4962205e-01
   5.1962936e-01
   4.7549379e-01
   4.2355523e-01
   3.6990978e-01
   3.1967813e-01
   2.7749329e-01
   2.4725677e-01
   2.3116313e-01
   2.3116313e-01
   2.4798830e-01
   2.8041941e-01
   3.2577421e-01
   3.7966350e-01
   4.3574738e-01
   4.8768593e-01
   5.2913924e-01
   5.5498659e-01
   5.6181419e-01
   5.4962205e-01
   5.1914168e-01
   4.7476226e-01
   4.2087296e-01
   3.6356987e-01
   3.0943673e-01
   2.6408193e-01
   2.3311388e-01
   2.1921483e-01
   2.2457937e-01
   2.4774446e-01
   2.8456474e-01
   3.3065106e-01
   3.7966350e-01
   4.2526214e-01
   4.6281395e-01
   4.8914899e-01
   5.0231651e-01
   5.0182882e-01
   4.8914899e-01
   4.6574007e-01
   4.3452817e-01
   3.9868325e-01
   3.6259449e-01
   3.3089491e-01
   3.0724214e-01
   2.9529383e-01
   2.9578152e-01
   3.0870520e-01
   3.3235796e-01
   3.6235065e-01
   3.9600098e-01
   4.2891978e-01
   4.5793710e-01
   4.8110218e-01
   4.9622043e-01
   5.0182882e-01
   4.9670812e-01
   4.8012680e-01
   4.5281638e-01
   4.1575226e-01
   3.7283590e-01
   3.2845648e-01
   2.8749086e-01
   2.5530359e-01
   2.3628384e-01
   2.3384540e-01
   2.4871983e-01
   2.8090710e-01
   3.2821264e-01
   3.8722263e-01
   4.5184102e-01
   5.1621556e-01
   5.7278713e-01
   6.1424043e-01
   6.3472324e-01
   6.3057791e-01
   6.0131676e-01
   5.4986589e-01
   4.8378444e-01
   4.1160693e-01
   3.4308705e-01
   2.8822239e-01
   2.5457206e-01
   2.4652524e-01
   2.6554499e-01
   3.1016825e-01
   3.7429896e-01
   4.5062180e-01
   5.3035845e-01
   6.0277981e-01
   6.5837601e-01
   6.8910022e-01
   6.9105096e-01
   6.6276518e-01
   6.0863204e-01
   5.3547915e-01
   4.5403560e-01
   3.7405511e-01
   3.0651061e-01
   2.5969276e-01
   2.3872227e-01
   2.4554987e-01
   2.7920020e-01
   3.3528408e-01
   4.0770544e-01
   4.8744209e-01
   5.6474031e-01
   6.3082175e-01
   6.7715192e-01
   6.9812241e-01
   6.9153865e-01
   6.5910754e-01
   6.0570593e-01
   5.3889296e-01
   4.6817850e-01
   4.0234089e-01
   3.4967082e-01
   3.1528896e-01
   3.0309681e-01
   3.1358205e-01
   3.4479396e-01
   3.9356255e-01
   4.5354792e-01
   5.1865399e-01
   5.8059010e-01
   6.3179712e-01
   6.6666667e-01
   6.8129724e-01
   6.7422580e-01
   6.4691539e-01
   6.0351134e-01
   5.4962205e-01
   4.9109973e-01
   4.3452817e-01
   3.8575957e-01
   3.4942697e-01
   3.2918801e-01
   3.2821264e-01
   3.4625701e-01
   3.8185809e-01
   4.3135821e-01
   4.8841746e-01
   5.4645209e-01
   5.9717143e-01
   6.3472324e-01
   6.5374299e-01
   6.5179225e-01
   6.2935869e-01
   5.8961229e-01
   5.3621069e-01
   4.7573763e-01
   4.1477689e-01
   3.5966838e-01
   3.1675202e-01
   2.9066082e-01
   2.8480859e-01
   2.9895148e-01
   3.3138259e-01
   3.7624970e-01
   4.2794441e-01
   4.7890759e-01
   5.2255547e-01
   5.5425506e-01
   5.7108022e-01
   5.7254328e-01
   5.5937577e-01
   5.3352841e-01
   4.9865887e-01
   4.5769325e-01
   4.1428920e-01
   3.7307974e-01
   3.3821020e-01
   3.1431359e-01
   3.0455987e-01
   3.1138747e-01
   3.3430871e-01
   3.7161668e-01
   4.1916606e-01
   4.7281151e-01
   5.2694465e-01
   5.7717630e-01
   6.1814192e-01
   6.4642770e-01
   6.5910754e-01
   6.5471836e-01
   6.3228481e-01
   5.9278225e-01
   5.3986833e-01
   4.7744453e-01
   4.1233846e-01
   3.5040234e-01
   2.9821995e-01
   2.6115582e-01
   2.4262375e-01
   2.4408681e-01
   2.6603268e-01
   3.0553524e-01
   3.5918069e-01
   4.2087296e-01
   4.8500366e-01
   5.4303829e-01
   5.8839308e-01
   6.1472812e-01
   6.1789807e-01
   5.9717142e-01
   5.5474275e-01
   4.9646428e-01
   4.3111437e-01
   3.6649598e-01
   3.1211900e-01
   2.7505487e-01
   2.5993661e-01
   2.6895879e-01
   3.0114606e-01
   3.5284077e-01
   4.1794684e-01
   4.8890515e-01
   5.5620581e-01
   6.1131432e-01
   6.4691539e-01
   6.5764448e-01
   6.4252622e-01
   6.0399902e-01
   5.4815899e-01
   4.8280907e-01
   4.1745916e-01
   3.6113143e-01
   3.2065350e-01
   3.0065838e-01
   3.0334065e-01
   3.2748111e-01
   3.7015363e-01
   4.2648135e-01
   4.8939283e-01
   5.5108510e-01
   6.0424287e-01
   6.4081932e-01
   6.5642526e-01
   6.4886613e-01
   6.1814192e-01
   5.6937333e-01
   5.0865643e-01
   4.4428188e-01
   3.8454036e-01
   3.3699098e-01
   3.0699829e-01
   2.9797611e-01
   3.1065594e-01
   3.4357474e-01
   3.9283102e-01
   4.5257254e-01
   5.1548403e-01
   5.7400634e-01
   6.2131188e-01
   6.5106072e-01
   6.6008291e-01
   6.4837845e-01
   6.1789807e-01
   5.7278713e-01
   5.1889783e-01
   4.6183858e-01
   4.0819313e-01
   3.6235065e-01
   3.2894416e-01
   3.1065594e-01
   3.0992442e-01
   3.2723726e-01
   3.6064375e-01
   4.0746159e-01
   4.6159473e-01
   5.1694709e-01
   5.6547184e-01
   6.0156060e-01
   6.2009266e-01
   6.1936114e-01
   6.0009754e-01
   5.6547184e-01
   5.2036089e-01
   4.7037308e-01
   4.2160449e-01
   3.7893197e-01
   3.4747623e-01
   3.2943185e-01
   3.2626189e-01
   3.3699098e-01
   3.5869301e-01
   3.8722263e-01
   4.1819069e-01
   4.4647647e-01
   4.6866618e-01
   4.8207755e-01
   4.8695440e-01
   4.8329676e-01
   4.7305535e-01
   4.5720556e-01
   4.3769812e-01
   4.1477688e-01
   3.9014875e-01
   3.6503292e-01
   3.4089247e-01
   3.2016582e-01
   3.0480371e-01
   2.9675689e-01
   2.9773226e-01
   3.0724214e-01
   3.2577421e-01
   3.5186540e-01
   3.8429652e-01
   4.2062912e-01
   4.5769325e-01
   4.9183126e-01
   5.1816630e-01
   5.3279688e-01
   5.3060230e-01
   5.1011949e-01
   4.7086077e-01
   4.1648378e-01
   3.5259693e-01
   2.8675933e-01
   2.2726165e-01
   1.8239454e-01
   1.5801024e-01
   1.5776640e-01
   1.8288223e-01
   2.3116313e-01
   2.9748842e-01
   3.7503048e-01
   4.5452329e-01
   5.2621312e-01
   5.8059010e-01
   6.0985126e-01
   6.0911973e-01
   5.7815167e-01
   5.2036089e-01
   4.4355035e-01
   3.5869300e-01
   2.7724946e-01
   2.0970495e-01
   1.6581322e-01
   1.5118264e-01
   1.6752012e-01
   2.1360644e-01
   2.8358937e-01
   3.6942209e-01
   4.6086321e-01
   5.4620824e-01
   6.1472812e-01
   6.5740063e-01
   6.6861741e-01
   6.4740307e-01
   5.9741527e-01
   5.2645697e-01
   4.4525726e-01
   3.6552061e-01
   2.9724458e-01
   2.4945136e-01
   2.2726165e-01
   2.3238235e-01
   2.6310656e-01
   3.1431358e-01
   3.7966350e-01
   4.5013412e-01
   5.1767862e-01
   5.7303097e-01
   6.0936357e-01
   6.2204341e-01
   6.0985126e-01
   5.7522556e-01
   5.2377469e-01
   4.6257011e-01
   4.0039015e-01
   3.4576933e-01
   3.0480371e-01
   2.8237016e-01
   2.8090710e-01
   2.9992685e-01
   3.3723482e-01
   3.8941722e-01
   4.5062180e-01
   5.1450866e-01
   5.7425018e-01
   6.2277494e-01
   6.5520605e-01
   6.6739819e-01
   6.5837601e-01
   6.2984638e-01
   5.8497927e-01
   5.2889539e-01
   4.6817850e-01
   4.0843697e-01
   3.5552305e-01
   3.1480127e-01
   2.9041697e-01
   2.8529627e-01
   3.0041453e-01
   3.3455255e-01
   3.8380883e-01
   4.4257498e-01
   5.0280420e-01
   5.5718118e-01
   5.9814680e-01
   6.2033650e-01
   6.2155572e-01
   6.0156059e-01
   5.6327725e-01
   5.1158255e-01
   4.5281639e-01
   3.9356255e-01
   3.4016094e-01
   2.9870763e-01
   2.7359181e-01
   2.6652037e-01
   2.7798098e-01
   3.0480371e-01
   3.4211168e-01
   3.8380883e-01
   4.2379908e-01
   4.5671787e-01
   4.7939527e-01
   4.9061205e-01
   4.9061205e-01
   4.8232139e-01
   4.6744696e-01
   4.4915875e-01
   4.2818825e-01
   4.0673007e-01
   3.8502804e-01
   3.6405755e-01
   3.4430627e-01
   3.2723726e-01
   3.1406975e-01
   3.0577909e-01
   3.0407218e-01
   3.0968057e-01
   3.2382346e-01
   3.4650086e-01
   3.7698123e-01
   4.1282614e-01
   4.5062180e-01
   4.8475982e-01
   5.0914411e-01
   5.1938552e-01
   5.1109485e-01
   4.8500366e-01
   4.4355035e-01
   3.9283102e-01
   3.4089247e-01
   2.9602537e-01
   2.6530115e-01
   2.5335285e-01
   2.6261888e-01
   2.9188003e-01
   3.3772251e-01
   3.9453792e-01
   4.5623019e-01
   5.1548403e-01
   5.6547184e-01
   5.9912217e-01
   6.1228969e-01
   6.0204828e-01
   5.6912948e-01
   5.1597171e-01
   4.4915874e-01
   3.7673738e-01
   3.0699830e-01
   2.4871982e-01
   2.0872958e-01
   1.9166058e-01
   1.9995124e-01
   2.3287003e-01
   2.8700317e-01
   3.5674226e-01
   4.3330895e-01
   5.0768105e-01
   5.6986101e-01
   6.1155816e-01
   6.2692027e-01
   6.1399659e-01
   5.7449403e-01
   5.1450866e-01
   4.4233114e-01
   3.6893441e-01
   3.0358450e-01
   2.5432821e-01
   2.2750549e-01
   2.2531090e-01
   2.4774446e-01
   2.9114850e-01
   3.5064619e-01
   4.1867838e-01
   4.8719825e-01
   5.4767130e-01
   5.9229456e-01
   6.1521580e-01
   6.1472812e-01
   5.9034382e-01
   5.4669593e-01
   4.9012436e-01
   4.2843210e-01
   3.6966594e-01
   3.2162888e-01
   2.8968544e-01
   2.7773714e-01
   2.8675933e-01
   3.1602049e-01
   3.6210681e-01
   4.1965375e-01
   4.8183370e-01
   5.4108754e-01
   5.9009997e-01
   6.2228725e-01
   6.3447939e-01
   6.2618873e-01
   5.9912217e-01
   5.5888808e-01
   5.1036333e-01
   4.6061936e-01
   4.1502073e-01
   3.7795660e-01
   3.5308462e-01
   3.4162400e-01
   3.4503779e-01
   3.6259450e-01
   3.9307486e-01
   4.3306511e-01
   4.7866374e-01
   5.2523775e-01
   5.6742258e-01
   6.0034138e-01
   6.2009266e-01
   6.2423799e-01
   6.1204585e-01
   5.8400390e-01
   5.4230676e-01
   4.9012436e-01
   4.3208974e-01
   3.7381127e-01
   3.2040966e-01
   2.7724945e-01
   2.4896367e-01
   2.3750305e-01
   2.4311144e-01
   2.6310656e-01
   2.9407462e-01
   3.3016338e-01
   3.6747135e-01
   4.0185321e-01
   4.3160205e-01
   4.5574250e-01
   4.7403073e-01
   4.8646672e-01
   4.9280663e-01
   4.9158742e-01
   4.8256523e-01
   4.6427701e-01
   4.3745428e-01
   4.0331626e-01
   3.6527676e-01
   3.2650573e-01
   2.9188003e-01
   2.6627652e-01
   2.5310900e-01
   2.5627896e-01
   2.7627408e-01
   3.1285053e-01
   3.6210681e-01
   4.1819069e-01
   4.7329920e-01
   5.1816630e-01
   5.4474518e-01
   5.4693977e-01
   5.2255548e-01
   4.7329920e-01
   4.0599854e-01
   3.2943185e-01
   2.5505974e-01
   1.9361132e-01
   1.5410876e-01
   1.4313582e-01
   1.6264326e-01
   2.1189954e-01
   2.8554012e-01
   3.7551817e-01
   4.7183614e-01
   5.6254572e-01
   6.3691783e-01
   6.8568642e-01
   7.0324311e-01
   6.8812485e-01
   6.4398927e-01
   5.7766399e-01
   4.9987808e-01
   4.2136064e-01
   3.5259693e-01
   3.0114607e-01
   2.7237259e-01
   2.6847111e-01
   2.8846623e-01
   3.2870032e-01
   3.8356499e-01
   4.4598879e-01
   5.0816874e-01
   5.6181419e-01
   5.9985370e-01
   6.1692270e-01
   6.1033894e-01
   5.7961473e-01
   5.2987077e-01
   4.6671544e-01
   3.9819556e-01
   3.3308950e-01
   2.7920020e-01
   2.4311144e-01
   2.2945624e-01
   2.3896611e-01
   2.7115338e-01
   3.2187271e-01
   3.8527188e-01
   4.5330408e-01
   5.1645940e-01
   5.6717874e-01
   5.9790295e-01
   6.0448671e-01
   5.8668618e-01
   5.4669593e-01
   4.9012436e-01
   4.2477445e-01
   3.5771764e-01
   2.9773226e-01
   2.5091442e-01
   2.2214094e-01
   2.1409412e-01
   2.2799317e-01
   2.6188735e-01
   3.1211900e-01
   3.7234822e-01
   4.3550354e-01
   4.9329432e-01
   5.3864911e-01
   5.6620337e-01
   5.7303097e-01
   5.5913192e-01
   5.2767618e-01
   4.8305292e-01
   4.3087052e-01
   3.7698123e-01
   3.2723726e-01
   2.8651549e-01
   2.5920507e-01
   2.4774446e-01
   2.5359669e-01
   2.7651792e-01
   3.1358206e-01
   3.6015606e-01
   4.1014387e-01
   4.5744941e-01
   4.9524506e-01
   5.1962936e-01
   5.2816386e-01
   5.2060473e-01
   4.9841502e-01
   4.6525238e-01
   4.2477445e-01
   3.8185809e-01
   3.4064863e-01
   3.0529140e-01
   2.7895636e-01
   2.6383809e-01
   2.6115582e-01
   2.6969032e-01
   2.8846623e-01
   3.1455743e-01
   3.4601317e-01
   3.8039503e-01
   4.1648379e-01
   4.5281638e-01
   4.8890515e-01
   5.2255547e-01
   5.5132894e-01
   5.7181176e-01
   5.8010242e-01
   5.7278713e-01
   5.4864668e-01
   5.0792490e-01
   4.5452329e-01
   3.9380639e-01
   3.3260181e-01
   2.7895636e-01
   2.3896611e-01
   2.1775177e-01
   2.1823945e-01
   2.4042917e-01
   2.8188247e-01
   3.3699098e-01
   3.9843941e-01
   4.5696172e-01
   5.0329188e-01
   5.2938308e-01
   5.2987077e-01
   5.0304804e-01
   4.5135333e-01
   3.8161425e-01
   3.0260913e-01
   2.2555474e-01
   1.6044867e-01
   1.1655694e-01
   9.8756403e-02
   1.1046087e-01
   1.4996343e-01
   2.1287491e-01
   2.9139235e-01
   3.7649355e-01
   4.5720556e-01
   5.2328701e-01
   5.6595952e-01
   5.8010242e-01
   5.6400878e-01
   5.2133626e-01
   4.5866862e-01
   3.8575958e-01
   3.1333822e-01
   2.5115826e-01
   2.0751036e-01
   1.8751524e-01
   1.9287979e-01
   2.2287247e-01
   2.7334797e-01
   3.3821020e-01
   4.1014387e-01
   4.7963912e-01
   5.3864911e-01
   5.7912705e-01
   5.9619606e-01
   5.8741771e-01
   5.5474275e-01
   5.0256035e-01
   4.3867350e-01
   3.7210437e-01
   3.1138747e-01
   2.6432578e-01
   2.3628383e-01
   2.3091929e-01
   2.4847599e-01
   2.8651549e-01
   3.4113631e-01
   4.0551085e-01
   4.7183614e-01
   5.3206535e-01
   5.7815168e-01
   6.0448671e-01
   6.0765667e-01
   5.8814923e-01
   5.4864667e-01
   4.9475738e-01
   4.3355280e-01
   3.7186053e-01
   3.1650817e-01
   2.7237259e-01
   2.4384297e-01
   2.3311388e-01
   2.4091685e-01
   2.6603268e-01
   3.0602293e-01
   3.5674226e-01
   4.1233845e-01
   4.6622775e-01
   5.1182639e-01
   5.4376982e-01
   5.5864423e-01
   5.5474275e-01
   5.3352841e-01
   4.9719581e-01
   4.5037796e-01
   3.9770788e-01
   3.4455011e-01
   2.9651305e-01
   2.5822970e-01
   2.3433309e-01
   2.2701780e-01
   2.3652768e-01
   2.6164350e-01
   2.9797611e-01
   3.4040479e-01
   3.8210193e-01
   4.1770300e-01
   4.4208730e-01
   4.5306023e-01
   4.5062181e-01
   4.3501585e-01
   4.0916850e-01
   3.7576201e-01
   3.3845404e-01
   3.0017070e-01
   2.6432578e-01
   2.3360157e-01
   2.1116801e-01
   1.9800049e-01
   1.9507437e-01
   2.0190198e-01
   2.1677640e-01
   2.3799073e-01
   2.6310656e-01
   2.9017313e-01
   3.1748355e-01
   3.4284321e-01
   3.6381371e-01
   3.7844429e-01
   3.8356499e-01
   3.7722507e-01
   3.5869301e-01
   3.2821263e-01
   2.8846623e-01
   2.4384297e-01
   1.9970739e-01
   1.6264326e-01
   1.3752744e-01
   1.2826140e-01
   1.3777128e-01
   1.6581322e-01
   2.1141186e-01
   2.6993416e-01
   3.3674714e-01
   4.0404780e-01
   4.6403316e-01
   5.0890027e-01
   5.3133382e-01
   5.2767618e-01
   4.9646428e-01
   4.4135577e-01
   3.6917825e-01
   2.8919776e-01
   2.1214338e-01
   1.4874421e-01
   1.0729091e-01
   9.3879545e-02
   1.1046087e-01
   1.5630334e-01
   2.2579859e-01
   3.1089978e-01
   4.0136552e-01
   4.8573519e-01
   5.5230432e-01
   5.9205072e-01
   5.9936601e-01
   5.7278713e-01
   5.1670325e-01
   4.3891734e-01
   3.5113387e-01
   2.6578883e-01
   1.9434285e-01
   1.4654963e-01
   1.2777372e-01
   1.4045355e-01
   1.8215069e-01
   2.4798830e-01
   3.2991953e-01
   4.1843453e-01
   5.0256035e-01
   5.7254328e-01
   6.1911729e-01
   6.3740551e-01
   6.2448184e-01
   5.8376006e-01
   5.2036089e-01
   4.4355035e-01
   3.6454524e-01
   2.9261156e-01
   2.3750305e-01
   2.0580346e-01
   2.0043892e-01
   2.2214095e-01
   2.6798342e-01
   3.3211412e-01
   4.0697391e-01
   4.8305292e-01
   5.5084126e-01
   6.0180444e-01
   6.2935870e-01
   6.3057791e-01
   6.0619361e-01
   5.6010730e-01
   4.9914655e-01
   4.3135821e-01
   3.6552061e-01
   3.0943673e-01
   2.6871495e-01
   2.4798830e-01
   2.4871982e-01
   2.7139722e-01
   3.1333821e-01
   3.6990978e-01
   4.3477201e-01
   5.0012193e-01
   5.5791271e-01
   6.0082906e-01
   6.2375031e-01
   6.2423799e-01
   6.0302365e-01
   5.6376494e-01
   5.1158254e-01
   4.5379176e-01
   3.9697635e-01
   3.4674470e-01
   3.0870520e-01
   2.8554012e-01
   2.7968788e-01
   2.9090467e-01
   3.1723970e-01
   3.5527920e-01
   3.9990247e-01
   4.4598879e-01
   4.8768593e-01
   5.2133626e-01
   5.4376982e-01
   5.5401122e-01
   5.5254816e-01
   5.4084370e-01
   5.2109242e-01
   4.9573275e-01
   4.6695928e-01
   4.3672275e-01
   4.0770544e-01
   3.8258962e-01
   3.6381370e-01
   3.5308462e-01
   3.5162156e-01
   3.5918069e-01
   3.7478664e-01
   3.9648867e-01
   4.2184834e-01
   4.4842722e-01
   4.7427457e-01
   4.9743965e-01
   5.1621556e-01
   5.2792002e-01
   5.3084614e-01
   5.2304316e-01
   5.0402341e-01
   4.7427457e-01
   4.3623507e-01
   3.9356255e-01
   3.5162156e-01
   3.1480127e-01
   2.8871008e-01
   2.7627409e-01
   2.8017557e-01
   3.0065838e-01
   3.3699098e-01
   3.8722263e-01
   4.4598878e-01
   5.0768105e-01
   5.6474031e-01
   6.0911973e-01
   6.3326019e-01
   6.3252866e-01
   6.0473056e-01
   5.5230432e-01
   4.8134601e-01
   4.0136552e-01
   3.2284809e-01
   2.5652280e-01
   2.1189954e-01
   1.9483053e-01
   2.0775421e-01
   2.4969520e-01
   3.1480127e-01
   3.9526945e-01
   4.8061449e-01
   5.6010730e-01
   6.2253109e-01
   6.5983907e-01
   6.6642282e-01
   6.4203853e-01
   5.9034382e-01
   5.1889783e-01
   4.3794197e-01
   3.5942454e-01
   2.9309925e-01
   2.4798830e-01
   2.2896855e-01
   2.3799074e-01
   2.7359181e-01
   3.3089491e-01
   4.0331626e-01
   4.8207754e-01
   5.5693734e-01
   6.1862960e-01
   6.5935138e-01
   6.7325043e-01
   6.5910753e-01
   6.1887345e-01
   5.5840040e-01
   4.8695440e-01
   4.1428920e-01
   3.5040234e-01
   3.0309681e-01
   2.7798099e-01
   2.7798099e-01
   3.0212144e-01
   3.4772007e-01
   4.0892466e-01
   4.7841990e-01
   5.4791514e-01
   6.0936357e-01
   6.5496221e-01
   6.8032187e-01
   6.8202878e-01
   6.6130212e-01
   6.2106803e-01
   5.6693490e-01
   5.0548647e-01
   4.4281883e-01
   3.8527189e-01
   3.3821020e-01
   3.0553524e-01
   2.8992929e-01
   2.9261156e-01
   3.1382590e-01
   3.5186540e-01
   4.0258474e-01
   4.5988784e-01
   5.1719093e-01
   5.6766642e-01
   6.0473056e-01
   6.2375031e-01
   6.2228725e-01
   6.0131676e-01
   5.6303341e-01
   5.1207023e-01
   4.5379176e-01
   3.9429408e-01
   3.3991709e-01
   2.9602537e-01
   2.6773958e-01
   2.5725433e-01
   2.6627652e-01
   2.9261156e-01
   3.3235796e-01
   3.7990734e-01
   4.2891978e-01
   4.7354304e-01
   5.0816874e-01
   5.3035845e-01
   5.3840527e-01
   5.3230919e-01
   5.1402098e-01
   4.8597903e-01
   4.4989027e-01
   4.1014387e-01
   3.6966594e-01
   3.3284565e-01
   3.0309681e-01
   2.8358938e-01
   2.7627408e-01
   2.8212632e-01
   2.9992685e-01
   3.2796880e-01
   3.6332602e-01
   4.0282858e-01
   4.4330652e-01
   4.8085833e-01
   5.1231407e-01
   5.3377225e-01
   5.4230675e-01
   5.3547915e-01
   5.1280176e-01
   4.7524994e-01
   4.2672519e-01
   3.7259205e-01
   3.1943429e-01
   2.7383565e-01
   2.4116070e-01
   2.2555475e-01
   2.2945623e-01
   2.5262132e-01
   2.9309924e-01
   3.4650086e-01
   4.0746159e-01
