   9.9954191e-01
   1.0000000e+00
   9.5648190e-01
   8.7998167e-01
   7.8744846e-01
   6.9628951e-01
   6.2162163e-01
   5.7169033e-01
   5.4741182e-01
   5.4557947e-01
   5.5657352e-01
   5.7169033e-01
   5.8360054e-01
   5.8863949e-01
   5.8589097e-01
   5.7764544e-01
   5.6710948e-01
   5.5703161e-01
   5.4924416e-01
   5.4420522e-01
   5.4191480e-01
   5.4237288e-01
   5.4374713e-01
   5.4603756e-01
   5.4924416e-01
   5.5245075e-01
   5.5565735e-01
   5.5840586e-01
   5.6023820e-01
   5.6207055e-01
   5.6390288e-01
   5.6619331e-01
   5.6985799e-01
   5.7443884e-01
   5.7947778e-01
   5.8497480e-01
   5.8955566e-01
   5.9230417e-01
   5.9413651e-01
   5.9505268e-01
   5.9551076e-01
   5.9642693e-01
   5.9688502e-01
   5.9780119e-01
   5.9734311e-01
   5.9688502e-01
   5.9551077e-01
   5.9413650e-01
   5.9413650e-01
   5.9642693e-01
   6.0009161e-01
   6.0513054e-01
   6.1062758e-01
   6.1566651e-01
   6.1841502e-01
   6.1841501e-01
   6.1520843e-01
   6.0879523e-01
   6.0009161e-01
   5.8909756e-01
   5.7718736e-01
   5.6436097e-01
   5.5061841e-01
   5.3916628e-01
   5.2954649e-01
   5.2450755e-01
   5.2450755e-01
   5.2863032e-01
   5.3595969e-01
   5.4466330e-01
   5.5290883e-01
   5.5978012e-01
   5.6390288e-01
   5.6573523e-01
   5.6619331e-01
   5.6527714e-01
   5.6481905e-01
   5.6436097e-01
   5.6298671e-01
   5.6115438e-01
   5.5886395e-01
   5.5519927e-01
   5.5153458e-01
   5.4786990e-01
   5.4466331e-01
   5.4237287e-01
   5.3962437e-01
   5.3687586e-01
   5.3366926e-01
   5.3046266e-01
   5.2725607e-01
   5.2542373e-01
   5.2542372e-01
   5.2679798e-01
   5.2954649e-01
   5.3275308e-01
   5.3504352e-01
   5.3687586e-01
   5.3779202e-01
   5.3870820e-01
   5.3870819e-01
   5.3916629e-01
   5.3916628e-01
   5.3825011e-01
   5.3504352e-01
   5.2954649e-01
   5.2084288e-01
   5.1076501e-01
   4.9885479e-01
   4.8694457e-01
   4.7595052e-01
   4.6678882e-01
   4.5945946e-01
   4.5533670e-01
   4.5442052e-01
   4.5716904e-01
   4.6312413e-01
   4.7274393e-01
   4.8511223e-01
   4.9748054e-01
   5.0847457e-01
   5.1580394e-01
   5.1855244e-01
   5.1763627e-01
   5.1351351e-01
   5.0847457e-01
   5.0435181e-01
   5.0343564e-01
   5.0526798e-01
   5.1076500e-01
   5.1901054e-01
   5.2908841e-01
   5.4099863e-01
   5.5336693e-01
   5.6573522e-01
   5.7810352e-01
   5.8863949e-01
   5.9734311e-01
   6.0238204e-01
   6.0421438e-01
   6.0238205e-01
   5.9780119e-01
   5.9184608e-01
   5.8589097e-01
   5.8085203e-01
   5.7810352e-01
   5.7764543e-01
   5.7810352e-01
   5.7901969e-01
   5.8085203e-01
   5.8314246e-01
   5.8405863e-01
   5.8451672e-01
   5.8360054e-01
   5.8131012e-01
   5.7627119e-01
   5.6939991e-01
   5.6161245e-01
   5.5382501e-01
   5.4786990e-01
   5.4420522e-01
   5.4328905e-01
   5.4512139e-01
   5.4878606e-01
   5.5245075e-01
   5.5565735e-01
   5.5748969e-01
   5.5886394e-01
   5.5932204e-01
   5.5978012e-01
   5.5978012e-01
   5.6023821e-01
   5.5978012e-01
   5.5886394e-01
   5.5794778e-01
   5.5794777e-01
   5.5978012e-01
   5.6436097e-01
   5.7169033e-01
   5.8131012e-01
   5.9184607e-01
   6.0238205e-01
   6.1062757e-01
   6.1704077e-01
   6.1978928e-01
   6.1978928e-01
   6.1841502e-01
   6.1566651e-01
   6.1245992e-01
   6.0925332e-01
   6.0604672e-01
   6.0329821e-01
   6.0192395e-01
   6.0238205e-01
   6.0513055e-01
   6.1016949e-01
   6.1658268e-01
   6.2345396e-01
   6.3032524e-01
   6.3628035e-01
   6.4086120e-01
   6.4406779e-01
   6.4635821e-01
   6.4864864e-01
   6.5002291e-01
   6.5002291e-01
   6.4773248e-01
   6.4360970e-01
   6.3673844e-01
   6.2849289e-01
   6.2116353e-01
   6.1520842e-01
   6.1154375e-01
   6.1108566e-01
   6.1291800e-01
   6.1612459e-01
   6.1749886e-01
   6.1795694e-01
   6.1429225e-01
   6.0833714e-01
   5.9825927e-01
   5.8543289e-01
   5.7031608e-01
   5.5382500e-01
   5.3687586e-01
   5.2084288e-01
   5.0801649e-01
   4.9931287e-01
   4.9564819e-01
   4.9748053e-01
   5.0297755e-01
   5.1122309e-01
   5.2084287e-01
   5.3000458e-01
   5.3733394e-01
   5.4328905e-01
   5.4878607e-01
   5.5336693e-01
   5.5748969e-01
   5.6161246e-01
   5.6481905e-01
   5.6573522e-01
   5.6527714e-01
   5.6252862e-01
   5.5840586e-01
   5.5428309e-01
   5.4924415e-01
   5.4512140e-01
   5.4145670e-01
   5.3733394e-01
   5.3275309e-01
   5.2725607e-01
   5.2130096e-01
   5.1534585e-01
   5.0984883e-01
   5.0480989e-01
   5.0022903e-01
   4.9519010e-01
   4.9060926e-01
   4.8602839e-01
   4.8144755e-01
   4.7824094e-01
   4.7686669e-01
   4.7915712e-01
   4.8327988e-01
   4.9015116e-01
   4.9885478e-01
   5.0755840e-01
   5.1672011e-01
   5.2542372e-01
   5.3412735e-01
   5.4328905e-01
   5.5199267e-01
   5.6023820e-01
   5.6665139e-01
   5.7077415e-01
   5.7214842e-01
   5.7214842e-01
   5.7123225e-01
   5.7031607e-01
   5.7169033e-01
   5.7489693e-01
   5.8085203e-01
   5.8818140e-01
   5.9596884e-01
   6.0467247e-01
   6.1291800e-01
   6.2024735e-01
   6.2711864e-01
   6.3353183e-01
   6.3902885e-01
   6.4223545e-01
   6.4223545e-01
   6.3948694e-01
   6.3261567e-01
   6.2299587e-01
   6.1062758e-01
   5.9688502e-01
   5.8268437e-01
   5.6894182e-01
   5.5565734e-01
   5.4328905e-01
   5.3366926e-01
   5.2633989e-01
   5.2313330e-01
   5.2359138e-01
   5.2725607e-01
   5.3321118e-01
   5.3962436e-01
   5.4466330e-01
   5.4649564e-01
   5.4557948e-01
   5.4099863e-01
   5.3550160e-01
   5.2908841e-01
   5.2313330e-01
   5.1855244e-01
   5.1488777e-01
   5.1305542e-01
   5.1168118e-01
   5.1076500e-01
   5.1076500e-01
   5.1213925e-01
   5.1351350e-01
   5.1488777e-01
   5.1534585e-01
   5.1442968e-01
   5.1122308e-01
   5.0664224e-01
   5.0114521e-01
   4.9610627e-01
   4.9335776e-01
   4.9198350e-01
   4.9381584e-01
   4.9748053e-01
   5.0206138e-01
   5.0710032e-01
   5.1213925e-01
   5.1763627e-01
   5.2313330e-01
   5.2817224e-01
   5.3275308e-01
   5.3550159e-01
   5.3595969e-01
   5.3229500e-01
   5.2542373e-01
   5.1488777e-01
   5.0251946e-01
   4.8923499e-01
   4.7640861e-01
   4.6358223e-01
   4.5213010e-01
   4.4251031e-01
   4.3426477e-01
   4.2830966e-01
   4.2556115e-01
   4.2556115e-01
   4.2922583e-01
   4.3472285e-01
   4.4205223e-01
   4.4892350e-01
   4.5442052e-01
   4.5854329e-01
   4.6220797e-01
   4.6541457e-01
   4.6907924e-01
   4.7503435e-01
   4.8144755e-01
   4.8923499e-01
   4.9610627e-01
   5.0160330e-01
   5.0480989e-01
   5.0618415e-01
   5.0435180e-01
   5.0114521e-01
   4.9656436e-01
   4.9060925e-01
   4.8327988e-01
   4.7595052e-01
   4.6816307e-01
   4.6037563e-01
   4.5442053e-01
   4.4938158e-01
   4.4617499e-01
   4.4388456e-01
   4.4159413e-01
   4.3838754e-01
   4.3472285e-01
   4.3060009e-01
   4.2739350e-01
   4.2693541e-01
   4.2922583e-01
   4.3563902e-01
   4.4525882e-01
   4.5762712e-01
   4.6999541e-01
   4.8144755e-01
   4.9152542e-01
   4.9885479e-01
   5.0389373e-01
   5.0664224e-01
   5.0618414e-01
   5.0435180e-01
   5.0068713e-01
   4.9610627e-01
   4.9106734e-01
   4.8740266e-01
   4.8602840e-01
   4.8786074e-01
   4.9198351e-01
   4.9839670e-01
   5.0480990e-01
   5.0984883e-01
   5.1351351e-01
   5.1442967e-01
   5.1397160e-01
   5.1213925e-01
   5.1030691e-01
   5.0847457e-01
   5.0755840e-01
   5.0710032e-01
   5.0664224e-01
   5.0710032e-01
   5.0801649e-01
   5.1030692e-01
   5.1305542e-01
   5.1672011e-01
   5.2084287e-01
   5.2404947e-01
   5.2588181e-01
   5.2633989e-01
   5.2450755e-01
   5.2221713e-01
   5.1901054e-01
   5.1534585e-01
   5.1122308e-01
   5.0526797e-01
   4.9702244e-01
   4.8557032e-01
   4.7228585e-01
   4.5671095e-01
   4.4113605e-01
   4.2693541e-01
   4.1594137e-01
   4.0998626e-01
   4.0815392e-01
   4.1181860e-01
   4.2006413e-01
   4.3151626e-01
   4.4709116e-01
   4.6404031e-01
   4.8098946e-01
   4.9656436e-01
   5.0801648e-01
   5.1305542e-01
   5.1168117e-01
   5.0343564e-01
   4.8923499e-01
   4.7182775e-01
   4.5396243e-01
   4.3701329e-01
   4.2189647e-01
   4.0998626e-01
   3.9945029e-01
   3.8983051e-01
   3.8066881e-01
   3.7150710e-01
   3.6188731e-01
   3.5089327e-01
   3.3806688e-01
   3.2340816e-01
   3.0600092e-01
   2.8538708e-01
   2.6294091e-01
   2.3912047e-01
   2.1530005e-01
   1.9285386e-01
   1.7178194e-01
   1.5345854e-01
   1.3605130e-01
   1.2093449e-01
   1.0627577e-01
   9.3907462e-02
   8.2455338e-02
   7.4667891e-02
   6.9628951e-02
   6.7338518e-02
   6.7338528e-02
   6.7796613e-02
   6.7338518e-02
   6.5048105e-02
   6.0009155e-02
   5.3595972e-02
   4.5350440e-02
   3.7104898e-02
   2.8401282e-02
   2.1071919e-02
   1.3742556e-02
   7.7874473e-03
   3.2065918e-03
   0.0000000e+00
   4.5808454e-04
   3.6646864e-03
   9.6197854e-03
   1.8323412e-02
   2.8401282e-02
   3.8021077e-02
   4.8098947e-02
   5.7718743e-02
   6.7338528e-02
   7.6500229e-02
   8.5661940e-02
   9.4365556e-02
   1.0261109e-01
   1.0856620e-01
   1.1268896e-01
   1.1497938e-01
   1.1589556e-01
   1.1726981e-01
   1.1910215e-01
   1.2276683e-01
   1.2780578e-01
   1.3421897e-01
   1.4017407e-01
   1.4658726e-01
   1.5345854e-01
   1.6078791e-01
   1.6994961e-01
   1.8094365e-01
   1.9331195e-01
   2.0613833e-01
   2.1850665e-01
   2.2995877e-01
   2.3866239e-01
   2.4553368e-01
   2.5057261e-01
   2.5423729e-01
   2.5790197e-01
   2.6110857e-01
   2.6568942e-01
   2.7027027e-01
   2.7576730e-01
   2.8172240e-01
   2.8950985e-01
   2.9867155e-01
   3.0966560e-01
   3.2111773e-01
   3.3256986e-01
   3.4218964e-01
   3.4951901e-01
   3.5455795e-01
   3.5730645e-01
   3.5822263e-01
   3.5959689e-01
   3.6051306e-01
   3.6280348e-01
   3.6646816e-01
   3.7150710e-01
   3.7792030e-01
   3.8570774e-01
   3.9624370e-01
   4.0952817e-01
   4.2464498e-01
   4.4159413e-01
   4.5808520e-01
   4.7320201e-01
   4.8557032e-01
   4.9473202e-01
   5.0114521e-01
   5.0572607e-01
   5.1076500e-01
   5.1672011e-01
   5.2542372e-01
   5.3641777e-01
   5.4924416e-01
   5.6298671e-01
   5.7764544e-01
   5.9184608e-01
   6.0604672e-01
   6.1933119e-01
   6.3124141e-01
   6.4086120e-01
   6.4773248e-01
   6.5231333e-01
   6.5460375e-01
   6.5551992e-01
   6.5597801e-01
   6.5689418e-01
   6.5872652e-01
   6.6147503e-01
   6.6376545e-01
   6.6559779e-01
   6.6513971e-01
   6.6330737e-01
   6.6101695e-01
   6.5826843e-01
   6.5643609e-01
   6.5551992e-01
   6.5460375e-01
   6.5368758e-01
   6.5093907e-01
   6.4590013e-01
   6.3948694e-01
   6.3078332e-01
   6.2299587e-01
   6.1612459e-01
   6.1154374e-01
   6.1016949e-01
   6.1154375e-01
   6.1612459e-01
   6.2345396e-01
   6.3307375e-01
   6.4544205e-01
   6.5826844e-01
   6.7109482e-01
   6.8254695e-01
   6.9033440e-01
   6.9399907e-01
   6.9399908e-01
   6.9125057e-01
   6.8575354e-01
   6.8117270e-01
   6.7750801e-01
   6.7567566e-01
   6.7475949e-01
   6.7521759e-01
   6.7475950e-01
   6.7338525e-01
   6.7063673e-01
   6.6605588e-01
   6.6193312e-01
   6.5689418e-01
   6.5185525e-01
   6.4727439e-01
   6.4360970e-01
   6.4040311e-01
   6.3857077e-01
   6.3902886e-01
   6.4269355e-01
   6.4910673e-01
   6.5826843e-01
   6.6788823e-01
   6.7796611e-01
   6.8621163e-01
   6.9262482e-01
   6.9720568e-01
   7.0041228e-01
   7.0361887e-01
   7.0728356e-01
   7.1140632e-01
   7.1552909e-01
   7.1781951e-01
   7.1965186e-01
   7.1965185e-01
   7.1919376e-01
   7.1873568e-01
   7.1827760e-01
   7.2010993e-01
   7.2377462e-01
   7.2927163e-01
   7.3614291e-01
   7.4393037e-01
   7.5263399e-01
   7.6179569e-01
   7.7095739e-01
   7.7966101e-01
   7.8607420e-01
   7.8973889e-01
   7.8973888e-01
   7.8607421e-01
   7.7966101e-01
   7.7141548e-01
   7.6454419e-01
   7.5904718e-01
   7.5767293e-01
   7.5904718e-01
   7.6408611e-01
   7.7095739e-01
   7.7966101e-01
   7.8836463e-01
   7.9615208e-01
   8.0302336e-01
   8.0852038e-01
   8.1172697e-01
   8.1126889e-01
   8.0806230e-01
   8.0164910e-01
   7.9294549e-01
   7.8469994e-01
   7.7828676e-01
   7.7416399e-01
   7.7462207e-01
   7.7782868e-01
   7.8424187e-01
   7.9157123e-01
   7.9935868e-01
   8.0714612e-01
   8.1355932e-01
   8.1951443e-01
   8.2455336e-01
   8.2959230e-01
   8.3371506e-01
   8.3600549e-01
   8.3646358e-01
   8.3508932e-01
   8.3234081e-01
   8.2821805e-01
   8.2455336e-01
   8.2043060e-01
   8.1676591e-01
   8.1310123e-01
   8.0943655e-01
   8.0668804e-01
   8.0485569e-01
   8.0577186e-01
   8.0989463e-01
   8.1676591e-01
   8.2546954e-01
   8.3508932e-01
   8.4333486e-01
   8.4837380e-01
   8.4883188e-01
   8.4516719e-01
   8.3783783e-01
   8.2684379e-01
   8.1401741e-01
   7.9981676e-01
   7.8561611e-01
   7.7187357e-01
   7.5950526e-01
   7.4942739e-01
   7.4163994e-01
   7.3751718e-01
   7.3568483e-01
   7.3660100e-01
   7.3751717e-01
   7.3797526e-01
   7.3568484e-01
   7.3064590e-01
   7.2331654e-01
   7.1415483e-01
   7.0453504e-01
   6.9537334e-01
   6.8712781e-01
   6.8025652e-01
   6.7475949e-01
   6.7017865e-01
   6.6743014e-01
   6.6651396e-01
   6.6743014e-01
   6.7109482e-01
   6.7659184e-01
   6.8254695e-01
   6.8804398e-01
   6.9216675e-01
   6.9399907e-01
   6.9308291e-01
   6.9079248e-01
   6.8712780e-01
   6.8254695e-01
   6.7842419e-01
   6.7292716e-01
   6.6834631e-01
   6.6376545e-01
   6.6010078e-01
   6.5918461e-01
   6.6193312e-01
   6.6880439e-01
   6.8025653e-01
   6.9399908e-01
   7.1094823e-01
   7.2743931e-01
   7.4255612e-01
   7.5584059e-01
   7.6683463e-01
   7.7416399e-01
   7.7966101e-01
   7.8240952e-01
   7.8240952e-01
   7.7966101e-01
   7.7462207e-01
   7.6775080e-01
   7.6042143e-01
   7.5263399e-01
   7.4622080e-01
   7.4209802e-01
   7.3889143e-01
   7.3660101e-01
   7.3522674e-01
   7.3385249e-01
   7.3293632e-01
   7.3247824e-01
   7.3339441e-01
   7.3522674e-01
   7.3751718e-01
   7.4118185e-01
   7.4347228e-01
   7.4530462e-01
   7.4576271e-01
   7.4713696e-01
   7.4805313e-01
   7.4988547e-01
   7.5355017e-01
   7.5721483e-01
   7.6133760e-01
   7.6454420e-01
   7.6500229e-01
   7.6408611e-01
   7.6087953e-01
   7.5538250e-01
   7.4942738e-01
   7.4163995e-01
   7.3293632e-01
   7.2240037e-01
   7.1049015e-01
   6.9766376e-01
   6.8483737e-01
   6.7430142e-01
   6.6605588e-01
   6.6101695e-01
   6.5826843e-01
   6.5689418e-01
   6.5689419e-01
   6.5597801e-01
   6.5460375e-01
   6.5277141e-01
   6.5093907e-01
   6.4956482e-01
   6.4956481e-01
   6.4956481e-01
   6.5002291e-01
   6.5048098e-01
   6.5002290e-01
   6.5002290e-01
   6.4910673e-01
   6.4864864e-01
   6.4773248e-01
   6.4727439e-01
   6.4590013e-01
   6.4269354e-01
   6.3765461e-01
   6.3078332e-01
   6.2253779e-01
   6.1429225e-01
   6.0513054e-01
   5.9642694e-01
   5.8863948e-01
   5.8176820e-01
   5.7535501e-01
   5.7077416e-01
   5.6848374e-01
   5.6985799e-01
   5.7489692e-01
   5.8314246e-01
   5.9413651e-01
   6.0604672e-01
   6.1704076e-01
   6.2666056e-01
   6.3307375e-01
   6.3811269e-01
   6.4177737e-01
   6.4498396e-01
   6.4864864e-01
   6.5322950e-01
   6.5781035e-01
   6.6239120e-01
   6.6559780e-01
   6.6743014e-01
   6.6926248e-01
   6.6926248e-01
   6.6926248e-01
   6.6788823e-01
   6.6513972e-01
   6.6193312e-01
   6.5735226e-01
   6.5277142e-01
   6.5093907e-01
   6.5093907e-01
   6.5506184e-01
   6.6284929e-01
   6.7246907e-01
   6.8346312e-01
   6.9354100e-01
   6.9995418e-01
   7.0316079e-01
   7.0178652e-01
   6.9766376e-01
   6.9033440e-01
   6.8117270e-01
   6.7109482e-01
   6.6147502e-01
   6.5322949e-01
   6.4681631e-01
   6.4452587e-01
   6.4590013e-01
   6.5139716e-01
   6.6010078e-01
   6.7063674e-01
   6.8071461e-01
   6.8850206e-01
   6.9125057e-01
   6.8987631e-01
   6.8346312e-01
   6.7338524e-01
   6.6010078e-01
   6.4406780e-01
   6.2711864e-01
   6.0879524e-01
   5.9138800e-01
   5.7443885e-01
   5.6023820e-01
   5.4970224e-01
   5.4374713e-01
   5.4283096e-01
   5.4557947e-01
   5.5153458e-01
   5.5840586e-01
   5.6573523e-01
   5.7214842e-01
   5.7718736e-01
   5.8085204e-01
   5.8268437e-01
   5.8268438e-01
   5.8039395e-01
   5.7489692e-01
   5.6619331e-01
   5.5519926e-01
   5.4145671e-01
   5.2771415e-01
   5.1442967e-01
   5.0160330e-01
   4.9015116e-01
   4.7915712e-01
   4.6816307e-01
   4.5671095e-01
   4.4480073e-01
   4.3243243e-01
   4.2052221e-01
   4.0907009e-01
   3.9945029e-01
   3.8937242e-01
   3.7975264e-01
   3.6921667e-01
   3.5868071e-01
   3.4860284e-01
   3.3944114e-01
   3.3165368e-01
   3.2661475e-01
   3.2432432e-01
   3.2386623e-01
   3.2478240e-01
   3.2707283e-01
   3.3027943e-01
   3.3440220e-01
   3.3944114e-01
   3.4493815e-01
   3.5089326e-01
   3.5593220e-01
   3.6005497e-01
   3.6234539e-01
   3.6234539e-01
   3.6188731e-01
   3.6188731e-01
   3.6371965e-01
   3.6784242e-01
   3.7425560e-01
   3.8158498e-01
   3.8937242e-01
   3.9670179e-01
   4.0219881e-01
   4.0586349e-01
   4.0723774e-01
   4.0815391e-01
   4.0769582e-01
   4.0769582e-01
   4.0723774e-01
   4.0723775e-01
   4.0769583e-01
   4.0952817e-01
   4.1365093e-01
   4.1960604e-01
   4.2693541e-01
   4.3609712e-01
   4.4480073e-01
   4.5213010e-01
   4.5625286e-01
   4.5808520e-01
   4.5762712e-01
   4.5487860e-01
   4.5167201e-01
   4.4754924e-01
   4.4296838e-01
   4.3838754e-01
   4.3289051e-01
   4.2785157e-01
   4.2372881e-01
   4.2006413e-01
   4.2052221e-01
   4.2327073e-01
   4.2968392e-01
   4.3838754e-01
   4.4846542e-01
   4.5900137e-01
   4.6816308e-01
   4.7686670e-01
   4.8419605e-01
   4.9152543e-01
   4.9793861e-01
   5.0389372e-01
   5.0847457e-01
   5.1259733e-01
   5.1580394e-01
   5.1763627e-01
   5.2084288e-01
   5.2450756e-01
   5.2954649e-01
   5.3504352e-01
   5.4008246e-01
   5.4374713e-01
   5.4512139e-01
   5.4328905e-01
   5.3916629e-01
   5.3412734e-01
   5.2954649e-01
   5.2633989e-01
   5.2450755e-01
   5.2542372e-01
   5.2863032e-01
   5.3275308e-01
   5.3870819e-01
   5.4512139e-01
   5.5245076e-01
   5.5886395e-01
   5.6619331e-01
   5.7077416e-01
   5.7352267e-01
   5.7352267e-01
   5.7031607e-01
   5.6527714e-01
   5.5886394e-01
   5.5199267e-01
   5.4557947e-01
   5.3916628e-01
   5.3229501e-01
   5.2450755e-01
   5.1534585e-01
   5.0480990e-01
   4.9519010e-01
   4.8602839e-01
   4.8007329e-01
   4.7686669e-01
   4.7824094e-01
   4.8282180e-01
   4.8969308e-01
   4.9885478e-01
   5.0893266e-01
   5.1901053e-01
   5.2771414e-01
   5.3366925e-01
   5.3641777e-01
   5.3458543e-01
   5.2725607e-01
   5.1534585e-01
   4.9977096e-01
   4.8327988e-01
   4.6678882e-01
   4.5350435e-01
   4.4342647e-01
   4.3655520e-01
   4.3243243e-01
   4.2922584e-01
   4.2647732e-01
   4.2281263e-01
   4.1868987e-01
   4.1365094e-01
   4.0861200e-01
   4.0311498e-01
   3.9715987e-01
   3.9120476e-01
   3.8433348e-01
   3.7700412e-01
   3.7013284e-01
   3.6371965e-01
   3.5822263e-01
   3.5409986e-01
   3.5135135e-01
   3.4906092e-01
   3.4814475e-01
   3.4677049e-01
   3.4722858e-01
   3.4951901e-01
   3.5409986e-01
   3.6051306e-01
   3.6921667e-01
   3.7883647e-01
   3.8662391e-01
   3.9257902e-01
   3.9670179e-01
   3.9853412e-01
   3.9945029e-01
   4.0174072e-01
   4.0540540e-01
   4.1044434e-01
   4.1823179e-01
   4.2785158e-01
   4.3747136e-01
   4.4709116e-01
   4.5625286e-01
   4.6495648e-01
   4.7136968e-01
   4.7640862e-01
   4.7869904e-01
   4.7824094e-01
   4.7549244e-01
   4.7091159e-01
   4.6587265e-01
   4.6220798e-01
   4.6083371e-01
   4.6174988e-01
   4.6541457e-01
   4.7045350e-01
   4.7640861e-01
   4.8190564e-01
   4.8648649e-01
   4.9060925e-01
   4.9381585e-01
   4.9702244e-01
   4.9977096e-01
   5.0160329e-01
   5.0206138e-01
   5.0114521e-01
   4.9931286e-01
   4.9748054e-01
   4.9748054e-01
   4.9931287e-01
   5.0389373e-01
   5.1076501e-01
   5.1901054e-01
   5.2725607e-01
   5.3458542e-01
   5.3962437e-01
   5.4283095e-01
   5.4374713e-01
   5.4328905e-01
   5.4237288e-01
   5.4008245e-01
   5.3779203e-01
   5.3504352e-01
   5.3229500e-01
   5.3000458e-01
   5.2863032e-01
   5.2908840e-01
   5.3046266e-01
   5.3183693e-01
   5.3366926e-01
   5.3366925e-01
   5.3183692e-01
   5.2725607e-01
   5.2175905e-01
   5.1534585e-01
   5.0801649e-01
   5.0114521e-01
   4.9381584e-01
   4.8557032e-01
   4.7595052e-01
   4.6541456e-01
   4.5487861e-01
   4.4480073e-01
   4.3701329e-01
   4.3334861e-01
   4.3380669e-01
   4.3884562e-01
   4.4754924e-01
   4.6037563e-01
   4.7457628e-01
   4.9152542e-01
   5.0984883e-01
   5.2908841e-01
   5.4695373e-01
   5.6344480e-01
   5.7627119e-01
   5.8543289e-01
   5.9047183e-01
   5.9230417e-01
   5.9138800e-01
   5.8955565e-01
   5.8772331e-01
   5.8589097e-01
   5.8405862e-01
   5.8176821e-01
   5.7947778e-01
   5.7672927e-01
   5.7352267e-01
   5.7260650e-01
   5.7260651e-01
   5.7627118e-01
   5.8222629e-01
   5.9001373e-01
   5.9917544e-01
   6.0787907e-01
   6.1658268e-01
   6.2391204e-01
   6.3032524e-01
   6.3536418e-01
   6.3948693e-01
   6.4131928e-01
   6.4177737e-01
   6.3994503e-01
   6.3719651e-01
   6.3353183e-01
   6.3032524e-01
   6.2849289e-01
   6.2803481e-01
   6.2986716e-01
   6.3169950e-01
   6.3398992e-01
   6.3719652e-01
   6.3994502e-01
   6.4360971e-01
   6.4910673e-01
   6.5597801e-01
   6.6376545e-01
   6.7063673e-01
   6.7613376e-01
   6.7796611e-01
   6.7567567e-01
   6.6972056e-01
   6.6055886e-01
   6.5048098e-01
   6.3994503e-01
   6.3032524e-01
   6.2207970e-01
   6.1520842e-01
   6.1016949e-01
   6.0650481e-01
   6.0513054e-01
   6.0467247e-01
   6.0513054e-01
   6.0604672e-01
   6.0604672e-01
   6.0513055e-01
   6.0238205e-01
   5.9825927e-01
   5.9322033e-01
   5.8818139e-01
   5.8497479e-01
   5.8268437e-01
   5.8222629e-01
   5.8176821e-01
   5.8085203e-01
   5.7856161e-01
   5.7489693e-01
   5.6985799e-01
   5.6573522e-01
   5.6298670e-01
   5.6390287e-01
   5.6756756e-01
   5.7443884e-01
   5.8405863e-01
   5.9505267e-01
   6.0742098e-01
   6.1978928e-01
   6.3261566e-01
   6.4360971e-01
   6.5277141e-01
   6.5826844e-01
   6.6010078e-01
   6.5781035e-01
   6.5277142e-01
   6.4498396e-01
   6.3673843e-01
   6.2940906e-01
   6.2345395e-01
   6.1887310e-01
   6.1566651e-01
   6.1291800e-01
   6.1016948e-01
   6.0742098e-01
   6.0558864e-01
   6.0558864e-01
   6.0696289e-01
   6.1016948e-01
   6.1475034e-01
   6.1978928e-01
   6.2528630e-01
   6.2940906e-01
   6.3261566e-01
   6.3444800e-01
   6.3536417e-01
   6.3398992e-01
   6.3124141e-01
   6.2620246e-01
   6.1933118e-01
   6.1062757e-01
   6.0146588e-01
   5.9413651e-01
   5.8955566e-01
   5.8818140e-01
   5.9001373e-01
   5.9459459e-01
   5.9963353e-01
   6.0421437e-01
   6.0696289e-01
   6.0833715e-01
   6.0742098e-01
   6.0558864e-01
   6.0421438e-01
   6.0329820e-01
   6.0375630e-01
   6.0513055e-01
   6.0833714e-01
   6.1200183e-01
   6.1704076e-01
   6.2345396e-01
   6.2940906e-01
   6.3444800e-01
   6.3765460e-01
   6.3765461e-01
   6.3398992e-01
   6.2757673e-01
   6.1887311e-01
   6.1062757e-01
   6.0375629e-01
   6.0009161e-01
   5.9917544e-01
   6.0146587e-01
   6.0696289e-01
   6.1383417e-01
   6.2070545e-01
   6.2803481e-01
   6.3444800e-01
   6.3948693e-01
   6.4315162e-01
   6.4315162e-01
   6.3948694e-01
   6.3169949e-01
   6.2116353e-01
   6.0787907e-01
   5.9551076e-01
   5.8543289e-01
   5.8039395e-01
   5.7993586e-01
   5.8497480e-01
   5.9551077e-01
   6.0925331e-01
   6.2482822e-01
   6.4177737e-01
   6.5826843e-01
   6.7292717e-01
   6.8483738e-01
   6.9216674e-01
   6.9399908e-01
   6.9079248e-01
   6.8208887e-01
   6.7109483e-01
   6.5872652e-01
   6.4773247e-01
   6.3902885e-01
   6.3398992e-01
   6.3215758e-01
   6.3307375e-01
   6.3628035e-01
   6.4131928e-01
   6.4681631e-01
   6.5277141e-01
   6.5872652e-01
   6.6376545e-01
   6.6697206e-01
   6.6651396e-01
   6.6147503e-01
   6.5231333e-01
   6.3948694e-01
   6.2437013e-01
   6.0925331e-01
   5.9505267e-01
   5.8360055e-01
   5.7581309e-01
   5.7077416e-01
   5.6939991e-01
   5.7031608e-01
   5.7306458e-01
   5.7672927e-01
   5.8085203e-01
   5.8360055e-01
   5.8451672e-01
   5.8222630e-01
   5.7672927e-01
   5.6939991e-01
   5.6115438e-01
   5.5428309e-01
   5.5153458e-01
   5.5336693e-01
   5.5978011e-01
   5.7031608e-01
   5.8222630e-01
   5.9276225e-01
   6.0009161e-01
   6.0192395e-01
   5.9825927e-01
   5.8909757e-01
   5.7443885e-01
   5.5703161e-01
   5.3779202e-01
   5.1855245e-01
   5.0068713e-01
   4.8740266e-01
   4.7915712e-01
   4.7640862e-01
   4.8007329e-01
   4.8831882e-01
   4.9931287e-01
   5.1030691e-01
   5.2038479e-01
   5.2725606e-01
   5.3137883e-01
   5.3229500e-01
   5.3137883e-01
   5.2954649e-01
   5.2542373e-01
   5.2130096e-01
   5.1672011e-01
   5.1076500e-01
   5.0480990e-01
   5.0022904e-01
   4.9793861e-01
   4.9702244e-01
   4.9885479e-01
   5.0251946e-01
   5.0664224e-01
   5.1076500e-01
   5.1305542e-01
   5.1442968e-01
   5.1488776e-01
   5.1580394e-01
   5.1763627e-01
   5.2038478e-01
   5.2588182e-01
   5.3275308e-01
   5.4237288e-01
   5.5382500e-01
   5.6802565e-01
   5.8451672e-01
   6.0238204e-01
   6.2024736e-01
   6.3628035e-01
   6.4864864e-01
   6.5506184e-01
   6.5506184e-01
   6.4956481e-01
   6.3857077e-01
   6.2482822e-01
   6.0971141e-01
   5.9551077e-01
   5.8314245e-01
   5.7398076e-01
   5.6802564e-01
   5.6665139e-01
   5.6894182e-01
   5.7627119e-01
   5.8680714e-01
   6.0054970e-01
   6.1475034e-01
   6.2757673e-01
   6.3719651e-01
   6.4315162e-01
   6.4406779e-01
   6.4086120e-01
   6.3444800e-01
   6.2620247e-01
   6.1520842e-01
   6.0329820e-01
   5.9001373e-01
   5.7489692e-01
   5.5932204e-01
   5.4420522e-01
   5.3046266e-01
   5.1992671e-01
   5.1168118e-01
   5.0755840e-01
   5.0526797e-01
   5.0572606e-01
   5.0801649e-01
   5.1168118e-01
   5.1672011e-01
   5.2313330e-01
   5.3092075e-01
   5.3825012e-01
   5.4466331e-01
   5.4786990e-01
   5.4649564e-01
   5.4099863e-01
   5.3183692e-01
   5.2038479e-01
   5.0755840e-01
   4.9610627e-01
   4.8602840e-01
   4.7961521e-01
   4.7549244e-01
   4.7411818e-01
   4.7549244e-01
   4.7824094e-01
   4.8282181e-01
   4.8694457e-01
   4.9015116e-01
   4.9106734e-01
   4.8877691e-01
   4.8327988e-01
   4.7595052e-01
   4.6816308e-01
   4.6266605e-01
   4.5991754e-01
   4.6129180e-01
   4.6678882e-01
   4.7457627e-01
   4.8419606e-01
   4.9381585e-01
   5.0251946e-01
   5.1030691e-01
   5.1809437e-01
   5.2588182e-01
   5.3412734e-01
   5.4283096e-01
   5.5107650e-01
   5.5932204e-01
   5.6710949e-01
   5.7535501e-01
   5.8405863e-01
   5.9367842e-01
   6.0467246e-01
   6.1612459e-01
   6.2711864e-01
   6.3628034e-01
   6.4269354e-01
   6.4635822e-01
   6.4590014e-01
   6.4223545e-01
   6.3673843e-01
   6.2849290e-01
   6.1933119e-01
   6.0879523e-01
   5.9825926e-01
   5.8909756e-01
   5.8222630e-01
   5.7993586e-01
   5.8222630e-01
   5.8955566e-01
   6.0100778e-01
   6.1475034e-01
   6.2895098e-01
   6.4086120e-01
   6.4956481e-01
   6.5414567e-01
   6.5506184e-01
   6.5368758e-01
   6.5002290e-01
   6.4590014e-01
   6.4269354e-01
   6.3994503e-01
   6.3994503e-01
   6.4269354e-01
   6.4956481e-01
   6.6101695e-01
   6.7567567e-01
   6.9262483e-01
   7.1003206e-01
   7.2469079e-01
   7.3568483e-01
   7.4163994e-01
   7.4347229e-01
   7.4072377e-01
   7.3568484e-01
   7.2927164e-01
   7.2194228e-01
   7.1415483e-01
   7.0774163e-01
   7.0224461e-01
   6.9812185e-01
   6.9720568e-01
   6.9995419e-01
   7.0682546e-01
   7.1690334e-01
   7.2972973e-01
   7.4438845e-01
   7.5858909e-01
   7.7233165e-01
   7.8469994e-01
   7.9523592e-01
   8.0485569e-01
   8.1310124e-01
   8.2043059e-01
   8.2546954e-01
   8.2867612e-01
   8.3005038e-01
   8.3096655e-01
   8.3096656e-01
   8.3188272e-01
   8.3600549e-01
   8.4196060e-01
   8.5020613e-01
   8.6074209e-01
   8.7219422e-01
   8.8456252e-01
   8.9647273e-01
   9.0792487e-01
   9.1800275e-01
   9.2579018e-01
   9.3037104e-01
   9.2945488e-01
   9.2395786e-01
   9.1296381e-01
   8.9738891e-01
   8.7906550e-01
   8.6074210e-01
   8.4516719e-01
   8.3371506e-01
   8.2821804e-01
   8.2821804e-01
   8.3463124e-01
   8.4425103e-01
   8.5661932e-01
   8.6944571e-01
   8.8043975e-01
   8.8868529e-01
   8.9234997e-01
   8.9005955e-01
   8.8318827e-01
   8.7219422e-01
   8.6028400e-01
   8.4837380e-01
   8.3875400e-01
   8.3325698e-01
   8.3234082e-01
   8.3371507e-01
   8.3646358e-01
   8.3967017e-01
   8.4104442e-01
   8.4058635e-01
   8.3829593e-01
   8.3417314e-01
   8.2913422e-01
   8.2317911e-01
   8.1584975e-01
   8.0622996e-01
   7.9523592e-01
   7.8240952e-01
   7.6912506e-01
   7.5675675e-01
   7.4622079e-01
   7.3889143e-01
   7.3568484e-01
   7.3522675e-01
   7.3843335e-01
   7.4438845e-01
   7.5263399e-01
   7.6179569e-01
   7.7187357e-01
   7.8149335e-01
   7.8928080e-01
   7.9340357e-01
   7.9340357e-01
   7.8882272e-01
   7.8057718e-01
   7.7049931e-01
   7.5996335e-01
   7.5125973e-01
   7.4576270e-01
   7.4393037e-01
   7.4438845e-01
   7.4713696e-01
   7.5125973e-01
   7.5629866e-01
   7.6179569e-01
   7.6683463e-01
   7.7049930e-01
   7.7324782e-01
   7.7233165e-01
   7.6729271e-01
   7.5858910e-01
   7.4530462e-01
   7.2881356e-01
   7.0957398e-01
   6.9170865e-01
   6.7430141e-01
   6.5872651e-01
   6.4590013e-01
   6.3582226e-01
   6.2803481e-01
   6.2253780e-01
   6.2024736e-01
   6.2070545e-01
   6.2391204e-01
   6.2986716e-01
   6.3719652e-01
   6.4544205e-01
   6.5277142e-01
   6.6055886e-01
   6.6743013e-01
   6.7521759e-01
   6.8254694e-01
   6.9079248e-01
   6.9766376e-01
   7.0316079e-01
   7.0590930e-01
   7.0499312e-01
   7.0041228e-01
   6.9354099e-01
   6.8346312e-01
   6.7292717e-01
   6.6147503e-01
   6.4956481e-01
   6.3765461e-01
   6.2482822e-01
   6.1291800e-01
   6.0192395e-01
   5.9322033e-01
   5.8726524e-01
   5.8451672e-01
   5.8497480e-01
   5.8680714e-01
   5.8955566e-01
   5.9230417e-01
   5.9459460e-01
   5.9596884e-01
   5.9780119e-01
   6.0054971e-01
   6.0421438e-01
   6.0787906e-01
   6.1154375e-01
   6.1429225e-01
   6.1520842e-01
   6.1383417e-01
   6.1016949e-01
   6.0467247e-01
   5.9780119e-01
   5.8863948e-01
   5.7856161e-01
   5.6573522e-01
   5.5153458e-01
   5.3687586e-01
   5.2267521e-01
   5.0984883e-01
   4.9931287e-01
   4.9244159e-01
   4.8694457e-01
   4.8373797e-01
   4.8098946e-01
   4.7824095e-01
   4.7595052e-01
   4.7366010e-01
   4.7228585e-01
   4.7136968e-01
   4.7045350e-01
   4.6953733e-01
   4.6633074e-01
   4.6129180e-01
   4.5396243e-01
   4.4571690e-01
   4.3655520e-01
   4.2922584e-01
   4.2327073e-01
   4.1914796e-01
   4.1731562e-01
   4.1639945e-01
   4.1731562e-01
   4.1914797e-01
   4.2189647e-01
   4.2601924e-01
   4.3060009e-01
   4.3563903e-01
   4.3884562e-01
   4.4067796e-01
   4.3930371e-01
   4.3518095e-01
   4.2968391e-01
   4.2281263e-01
   4.1731562e-01
   4.1365093e-01
   4.1273477e-01
   4.1365094e-01
   4.1777370e-01
   4.2327073e-01
   4.3060009e-01
   4.4021988e-01
   4.5029776e-01
   4.6083371e-01
   4.7182775e-01
   4.8190563e-01
   4.8923499e-01
   4.9381585e-01
   4.9564819e-01
   4.9519010e-01
   4.9427393e-01
   4.9289968e-01
   4.9198350e-01
   4.9244160e-01
   4.9335776e-01
   4.9427392e-01
   4.9519010e-01
   4.9610628e-01
   4.9656436e-01
   4.9748053e-01
   4.9885479e-01
   5.0114521e-01
   5.0297755e-01
   5.0480989e-01
   5.0710031e-01
   5.0893266e-01
   5.1213926e-01
   5.1763627e-01
   5.2542373e-01
   5.3504352e-01
   5.4649565e-01
   5.5703161e-01
   5.6481905e-01
   5.6894181e-01
   5.6802564e-01
   5.6390288e-01
   5.5657352e-01
   5.4832799e-01
   5.4054054e-01
   5.3412734e-01
   5.2954649e-01
   5.2588181e-01
   5.2359138e-01
   5.2130095e-01
   5.1809436e-01
   5.1442968e-01
   5.0847457e-01
   5.0114520e-01
   4.9060926e-01
   4.7869903e-01
   4.6449839e-01
   4.5029775e-01
   4.3747137e-01
   4.2739349e-01
   4.2143839e-01
   4.1868987e-01
   4.1823179e-01
   4.1960604e-01
   4.2235456e-01
   4.2418690e-01
   4.2693541e-01
   4.3060008e-01
   4.3563903e-01
   4.4251031e-01
   4.5167201e-01
   4.6083371e-01
   4.6953733e-01
   4.7640861e-01
   4.7961521e-01
   4.8053138e-01
   4.7869904e-01
   4.7457627e-01
   4.7045350e-01
   4.6541457e-01
   4.6083371e-01
   4.5716903e-01
   4.5304626e-01
   4.5075584e-01
   4.4938158e-01
   4.4938159e-01
   4.5121393e-01
   4.5304626e-01
   4.5579477e-01
   4.5808520e-01
   4.5945946e-01
   4.6129180e-01
   4.6404030e-01
   4.6953733e-01
   4.7824095e-01
   4.9060925e-01
   5.0618414e-01
   5.2404947e-01
   5.4145671e-01
   5.5703161e-01
   5.7031608e-01
   5.7901969e-01
   5.8405863e-01
   5.8451672e-01
   5.8085203e-01
   5.7260651e-01
   5.6161245e-01
   5.4786989e-01
   5.3366925e-01
   5.2038479e-01
   5.1030691e-01
   5.0435181e-01
   5.0297755e-01
   5.0480989e-01
   5.0939074e-01
   5.1488777e-01
   5.1901053e-01
   5.2130096e-01
   5.2175905e-01
   5.1992670e-01
   5.1763627e-01
   5.1351350e-01
   5.0939074e-01
   5.0389373e-01
   4.9702245e-01
   4.8969308e-01
   4.8144755e-01
   4.7411818e-01
   4.6724691e-01
   4.6220797e-01
   4.5808519e-01
   4.5487861e-01
   4.5167201e-01
   4.4846541e-01
   4.4525882e-01
   4.4205223e-01
   4.3976179e-01
   4.3884562e-01
   4.3884562e-01
   4.3884562e-01
   4.3884562e-01
   4.3655519e-01
   4.3243244e-01
   4.2739349e-01
   4.2006413e-01
   4.1319285e-01
   4.0540540e-01
   3.9945029e-01
   3.9349518e-01
   3.8845625e-01
   3.8341731e-01
   3.8021072e-01
   3.7746220e-01
   3.7608795e-01
   3.7608795e-01
   3.7700413e-01
   3.7746221e-01
   3.7700412e-01
   3.7562986e-01
   3.7196518e-01
   3.6921667e-01
   3.6692625e-01
   3.6784241e-01
   3.7150710e-01
   3.7975264e-01
   3.9074668e-01
   4.0311498e-01
   4.1548327e-01
   4.2556115e-01
   4.3334860e-01
   4.3792945e-01
   4.3930371e-01
   4.3884562e-01
   4.3655520e-01
   4.3289051e-01
   4.2968392e-01
   4.2785158e-01
   4.2785158e-01
   4.3060008e-01
   4.3655520e-01
   4.4434265e-01
   4.5304626e-01
   4.6083371e-01
   4.6495648e-01
   4.6541457e-01
   4.6129180e-01
   4.5304626e-01
   4.4251030e-01
   4.3151626e-01
   4.2143838e-01
   4.1319286e-01
   4.0586350e-01
   4.0036646e-01
   3.9624370e-01
   3.9166285e-01
   3.8799817e-01
   3.8479158e-01
   3.8204306e-01
   3.7929454e-01
   3.7562987e-01
   3.7196519e-01
   3.6692625e-01
   3.6142923e-01
   3.5730645e-01
   3.5455795e-01
   3.5501603e-01
   3.5959688e-01
   3.6784242e-01
   3.7792029e-01
   3.9028859e-01
   4.0265689e-01
   4.1410903e-01
   4.2418690e-01
   4.3334860e-01
   4.3976179e-01
   4.4434265e-01
   4.4663307e-01
   4.4525882e-01
   4.4113605e-01
   4.3518095e-01
   4.2876775e-01
   4.2235456e-01
   4.1777370e-01
   4.1639944e-01
   4.1685754e-01
   4.1960604e-01
   4.2235455e-01
   4.2510307e-01
   4.2693542e-01
   4.2830966e-01
   4.2830966e-01
   4.2785158e-01
   4.2693541e-01
   4.2418689e-01
   4.2052222e-01
   4.1410902e-01
   4.0586349e-01
   3.9670179e-01
   3.8708200e-01
   3.7837837e-01
   3.7150710e-01
   3.6646816e-01
   3.6371965e-01
   3.6142923e-01
   3.6051306e-01
   3.5959689e-01
   3.5868071e-01
   3.5913880e-01
   3.6005497e-01
   3.6188731e-01
   3.6417773e-01
   3.6646817e-01
   3.6875859e-01
   3.7013284e-01
   3.7196518e-01
   3.7379753e-01
   3.7608795e-01
   3.7929455e-01
   3.8204306e-01
   3.8295923e-01
   3.8204306e-01
   3.7837837e-01
   3.7242327e-01
   3.6555199e-01
   3.5822262e-01
   3.5318369e-01
   3.5180944e-01
   3.5318369e-01
   3.5776454e-01
   3.6463582e-01
   3.7242327e-01
   3.7975263e-01
   3.8570774e-01
   3.9028859e-01
   3.9166286e-01
   3.8983051e-01
   3.8433348e-01
   3.7562987e-01
   3.6463582e-01
   3.5318369e-01
   3.4356390e-01
   3.3715071e-01
   3.3577645e-01
   3.3944114e-01
   3.4722858e-01
   3.5730645e-01
   3.6784242e-01
   3.7700412e-01
   3.8250114e-01
   3.8524965e-01
   3.8479157e-01
   3.8158498e-01
   3.7700412e-01
   3.7104901e-01
   3.6463582e-01
   3.5822263e-01
   3.5272560e-01
   3.4997710e-01
   3.4951901e-01
   3.5318369e-01
   3.5959688e-01
   3.6830050e-01
   3.7792029e-01
   3.8754008e-01
   3.9532753e-01
   4.0036646e-01
   4.0357306e-01
   4.0494732e-01
   4.0494732e-01
   4.0448923e-01
   4.0265689e-01
   3.9945029e-01
   3.9578561e-01
   3.9120476e-01
   3.8708199e-01
   3.8479157e-01
   3.8433349e-01
   3.8662391e-01
   3.9028859e-01
   3.9624370e-01
   4.0128263e-01
   4.0540540e-01
   4.0723774e-01
   4.0723774e-01
   4.0494732e-01
   4.0128264e-01
   3.9624370e-01
   3.8891434e-01
   3.8066881e-01
   3.7013284e-01
   3.5959688e-01
   3.4951901e-01
   3.4173156e-01
   3.3623455e-01
   3.3486028e-01
   3.3715071e-01
   3.4218964e-01
   3.4997709e-01
   3.5868072e-01
   3.6692624e-01
   3.7608795e-01
   3.8524965e-01
   3.9395327e-01
   4.0219881e-01
   4.0907009e-01
   4.1365093e-01
   4.1548328e-01
   4.1502519e-01
   4.1227668e-01
   4.0815391e-01
   4.0494732e-01
   4.0357306e-01
   4.0403115e-01
   4.0769583e-01
   4.1319285e-01
   4.2098030e-01
   4.2968391e-01
   4.3930371e-01
   4.4983967e-01
   4.5900137e-01
   4.6678882e-01
   4.7091159e-01
   4.7091159e-01
   4.6541457e-01
   4.5579478e-01
   4.4296838e-01
   4.2876775e-01
   4.1594137e-01
   4.0677967e-01
   4.0219880e-01
   4.0174073e-01
   4.0448923e-01
   4.0861200e-01
   4.1319285e-01
   4.1685754e-01
   4.1777370e-01
   4.1777370e-01
   4.1456710e-01
   4.1090243e-01
   4.0586349e-01
   4.0082456e-01
   3.9761795e-01
   3.9670179e-01
   3.9853412e-01
   4.0448923e-01
   4.1365093e-01
   4.2464498e-01
   4.3518094e-01
   4.4342648e-01
   4.4800733e-01
   4.4892349e-01
   4.4663307e-01
   4.4251030e-01
   4.3838754e-01
   4.3518094e-01
   4.3426477e-01
   4.3472286e-01
   4.3609712e-01
   4.3701329e-01
   4.3792945e-01
   4.3747137e-01
   4.3609711e-01
   4.3380668e-01
   4.3105818e-01
   4.2693541e-01
   4.2235455e-01
   4.1731562e-01
   4.1227668e-01
   4.0861200e-01
   4.0586349e-01
   4.0586349e-01
   4.0677967e-01
   4.0952816e-01
   4.1227668e-01
   4.1319285e-01
   4.1227668e-01
   4.1044434e-01
   4.0769583e-01
   4.0540540e-01
   4.0494733e-01
   4.0677966e-01
   4.0998626e-01
   4.1456711e-01
   4.1914796e-01
   4.2281264e-01
   4.2510307e-01
   4.2647733e-01
   4.2556115e-01
   4.2418689e-01
   4.2189647e-01
   4.1823179e-01
   4.1410902e-01
   4.0952817e-01
   4.0632157e-01
   4.0494732e-01
   4.0723774e-01
   4.1365093e-01
   4.2372881e-01
   4.3838754e-01
   4.5442052e-01
   4.7091158e-01
   4.8694456e-01
   5.0114521e-01
   5.1305542e-01
   5.2267521e-01
   5.2908840e-01
   5.3183692e-01
   5.3092076e-01
   5.2542373e-01
   5.1626202e-01
   5.0343564e-01
   4.8923499e-01
   4.7549244e-01
   4.6266606e-01
   4.5350435e-01
   4.4754924e-01
   4.4480073e-01
   4.4525882e-01
   4.4800733e-01
   4.5167201e-01
   4.5716903e-01
   4.6312414e-01
   4.6862116e-01
   4.7182776e-01
   4.7182775e-01
   4.6816307e-01
   4.5900137e-01
   4.4525881e-01
   4.2785157e-01
   4.0907009e-01
   3.9028859e-01
   3.7425561e-01
   3.6005497e-01
   3.4860284e-01
   3.3944114e-01
   3.3211177e-01
   3.2524049e-01
   3.1928538e-01
   3.1378836e-01
   3.0783325e-01
   3.0233623e-01
   2.9454878e-01
   2.8630325e-01
   2.7714155e-01
   2.6843793e-01
   2.6110857e-01
   2.5744388e-01
   2.5790198e-01
   2.6294091e-01
   2.7210261e-01
   2.8263857e-01
   2.9317453e-01
   3.0279432e-01
   3.0874942e-01
   3.1195602e-01
   3.1241411e-01
   3.1195602e-01
   3.1012368e-01
   3.0920751e-01
   3.0920751e-01
   3.0966559e-01
   3.1103986e-01
   3.1241411e-01
   3.1424645e-01
   3.1516262e-01
   3.1516262e-01
   3.1149794e-01
   3.0416857e-01
   2.9317453e-01
   2.7989006e-01
   2.6431516e-01
   2.5011452e-01
   2.3912047e-01
   2.3362345e-01
   2.3453963e-01
   2.4186899e-01
   2.5332111e-01
   2.6752176e-01
   2.8218048e-01
   2.9683921e-01
   3.0920752e-01
   3.1928539e-01
   3.2661475e-01
   3.3119561e-01
   3.3348603e-01
   3.3302794e-01
   3.3211177e-01
   3.2982134e-01
   3.2936326e-01
   3.3027943e-01
   3.3486028e-01
   3.4081539e-01
   3.4860284e-01
   3.5593220e-01
   3.6142923e-01
   3.6555200e-01
   3.6738433e-01
   3.6738432e-01
   3.6692625e-01
   3.6646816e-01
   3.6646817e-01
   3.6738433e-01
   3.6784242e-01
   3.6830049e-01
   3.6830050e-01
   3.6830050e-01
   3.6875858e-01
   3.6967476e-01
   3.7150711e-01
   3.7425561e-01
   3.7608795e-01
   3.7746220e-01
   3.7837837e-01
   3.7837838e-01
   3.7837837e-01
   3.7929454e-01
   3.8066880e-01
   3.8387540e-01
   3.8754008e-01
   3.9257901e-01
   3.9670179e-01
   4.0219881e-01
   4.0907009e-01
   4.1777370e-01
   4.2830966e-01
   4.4021988e-01
   4.5396243e-01
   4.6816307e-01
   4.8053138e-01
   4.9152542e-01
   5.0022904e-01
   5.0618415e-01
   5.1030692e-01
   5.1213925e-01
   5.1213926e-01
   5.0893266e-01
   5.0297755e-01
   4.9427393e-01
   4.8327988e-01
   4.7045351e-01
   4.5808520e-01
   4.4800733e-01
   4.4067797e-01
   4.3701329e-01
   4.3518094e-01
   4.3609711e-01
   4.3792945e-01
   4.4159413e-01
   4.4617499e-01
   4.5121393e-01
   4.5808520e-01
   4.6587265e-01
   4.7503435e-01
   4.8327989e-01
   4.9106733e-01
   4.9748053e-01
   5.0297755e-01
   5.0755840e-01
   5.1076500e-01
   5.1305543e-01
   5.1397160e-01
   5.1351351e-01
   5.1076500e-01
   5.0710032e-01
   5.0251946e-01
   4.9793861e-01
   4.9519010e-01
   4.9427393e-01
   4.9473202e-01
   4.9610627e-01
   4.9702244e-01
   4.9610627e-01
   4.9335775e-01
   4.8923499e-01
   4.8465414e-01
   4.8144755e-01
   4.7961521e-01
   4.7961521e-01
   4.8236372e-01
   4.8557031e-01
   4.8923499e-01
   4.9198351e-01
   4.9473202e-01
   4.9656437e-01
   4.9839669e-01
   5.0022904e-01
   5.0160330e-01
   5.0297755e-01
   5.0435181e-01
   5.0572606e-01
   5.0847457e-01
   5.1213926e-01
   5.1717819e-01
   5.2359138e-01
   5.3046266e-01
   5.3595969e-01
   5.3916628e-01
   5.4008245e-01
   5.3870819e-01
   5.3504352e-01
   5.3092075e-01
   5.2771415e-01
   5.2542372e-01
   5.2496564e-01
   5.2496564e-01
   5.2542373e-01
   5.2588182e-01
   5.2588181e-01
   5.2542372e-01
   5.2496564e-01
   5.2450755e-01
   5.2359138e-01
   5.2175905e-01
   5.1809436e-01
   5.1213926e-01
   5.0435180e-01
   4.9473202e-01
   4.8511222e-01
   4.7503435e-01
   4.6541457e-01
   4.5671095e-01
   4.4846541e-01
   4.4067796e-01
   4.3334861e-01
   4.2601924e-01
   4.2052222e-01
   4.1639944e-01
   4.1456710e-01
   4.1502520e-01
   4.1685754e-01
   4.1960604e-01
   4.2235456e-01
   4.2556115e-01
   4.2785158e-01
   4.3060009e-01
   4.3426477e-01
   4.3792945e-01
   4.4113605e-01
   4.4342648e-01
   4.4434264e-01
   4.4251031e-01
   4.3930371e-01
   4.3609712e-01
   4.3334860e-01
   4.3243243e-01
   4.3380668e-01
   4.3838754e-01
   4.4525882e-01
   4.5350435e-01
   4.6312414e-01
   4.7366010e-01
   4.8419606e-01
   4.9473202e-01
   5.0480990e-01
   5.1305542e-01
   5.1855245e-01
   5.2084288e-01
   5.1901054e-01
   5.1534585e-01
   5.1030691e-01
   5.0572606e-01
   5.0343564e-01
   5.0389372e-01
   5.0710032e-01
   5.1259734e-01
   5.1901054e-01
   5.2633990e-01
   5.3321117e-01
   5.3916629e-01
   5.4420523e-01
   5.4832798e-01
   5.5061841e-01
   5.5199267e-01
   5.5153458e-01
   5.4970224e-01
   5.4832799e-01
   5.4786990e-01
   5.5016033e-01
   5.5565735e-01
   5.6481905e-01
   5.7627118e-01
   5.8818139e-01
   6.0009161e-01
   6.1016949e-01
   6.1658269e-01
   6.2116353e-01
   6.2116353e-01
   6.1887311e-01
   6.1337608e-01
   6.0421437e-01
   5.9276225e-01
   5.7810352e-01
   5.6252863e-01
   5.4741182e-01
   5.3412735e-01
   5.2359138e-01
   5.1717820e-01
   5.1397160e-01
   5.1397160e-01
   5.1672011e-01
   5.2175905e-01
   5.2954649e-01
   5.3962436e-01
   5.5290884e-01
   5.6894182e-01
   5.8680714e-01
   6.0558864e-01
   6.2345395e-01
   6.3948693e-01
   6.5231332e-01
   6.6239120e-01
   6.6834631e-01
   6.7246908e-01
   6.7384333e-01
   6.7292717e-01
   6.7063673e-01
   6.6605588e-01
   6.6010078e-01
   6.5322949e-01
   6.4681631e-01
   6.4177737e-01
   6.3811269e-01
   6.3536417e-01
   6.3398992e-01
   6.3215757e-01
   6.3078333e-01
   6.2895098e-01
   6.2711864e-01
   6.2620247e-01
   6.2528630e-01
   6.2528629e-01
   6.2528630e-01
   6.2391204e-01
   6.2070545e-01
   6.1520842e-01
   6.0833714e-01
   6.0146588e-01
   5.9551076e-01
   5.9184608e-01
   5.9138800e-01
   5.9413650e-01
   6.0009161e-01
   6.0787906e-01
   6.1612459e-01
   6.2437013e-01
