  -1.3275350e+00
  -1.0345617e+01
  -1.6067750e+01
  -1.7349508e+01
  -1.4145113e+01
  -7.4158840e+00
   9.1554200e-01
   8.6976420e+00
   1.4236667e+01
   1.6296636e+01
   1.4923323e+01
   1.0620279e+01
   4.8523690e+00
  -1.2359800e+00
  -6.4087890e+00
  -1.0070954e+01
  -1.2130923e+01
  -1.2954909e+01
  -1.2863355e+01
  -1.2176700e+01
  -1.0803387e+01
  -8.5145350e+00
  -4.9439230e+00
   1.3733100e-01
   6.6376740e+00
   1.4007783e+01
   2.1194781e+01
   2.6779583e+01
   2.9388876e+01
   2.7786679e+01
   2.1606775e+01
   1.1032273e+01
  -2.7008460e+00
  -1.7807279e+01
  -3.1998169e+01
  -4.3259327e+01
  -4.9622339e+01
  -5.0217441e+01
  -4.5044632e+01
  -3.5111010e+01
  -2.2064545e+01
  -8.1025410e+00
   4.6234840e+00
   1.4328221e+01
   1.9821470e+01
   2.0645456e+01
   1.7029068e+01
   9.8420690e+00
   1.3733200e-01
  -1.0666056e+01
  -2.1332112e+01
  -3.0670634e+01
  -3.7857634e+01
  -4.2114901e+01
  -4.3259327e+01
  -4.1245136e+01
  -3.6530098e+01
  -2.9709315e+01
  -2.1652552e+01
  -1.3321127e+01
  -5.5848020e+00
   8.6976500e-01
   5.5390250e+00
   8.0567630e+00
   8.3772030e+00
   6.5918980e+00
   2.9297320e+00
  -2.2430760e+00
  -8.5603110e+00
  -1.5426872e+01
  -2.2339208e+01
  -2.8610666e+01
  -3.3737698e+01
  -3.7216755e+01
  -3.8635844e+01
  -3.7720302e+01
  -3.4470131e+01
  -2.9022659e+01
  -2.1652552e+01
  -1.2909132e+01
  -3.4790570e+00
   5.7221330e+00
   1.3641566e+01
   1.9317922e+01
   2.2018769e+01
   2.1286335e+01
   1.7120623e+01
   1.0208286e+01
   1.4648660e+00
  -7.5989930e+00
  -1.5747311e+01
  -2.1606775e+01
  -2.4216068e+01
  -2.3254749e+01
  -1.8860152e+01
  -1.1810483e+01
  -3.2501720e+00
   5.3559170e+00
   1.2588693e+01
   1.7166400e+01
   1.8127718e+01
   1.5243763e+01
   8.8349740e+00
  -2.7466300e-01
  -1.0711833e+01
  -2.0965897e+01
  -2.9526208e+01
  -3.5294118e+01
  -3.7720302e+01
  -3.6804761e+01
  -3.3051042e+01
  -2.7420462e+01
  -2.1057451e+01
  -1.4923324e+01
  -1.0025178e+01
  -6.6376750e+00
  -5.0354770e+00
  -5.0354770e+00
  -6.0425730e+00
  -7.5074380e+00
  -8.7891970e+00
  -9.4300750e+00
  -9.0638590e+00
  -7.7821010e+00
  -5.9510180e+00
  -4.2114900e+00
  -3.2959480e+00
  -4.0283810e+00
  -6.8207830e+00
  -1.1627374e+01
  -1.8127718e+01
  -2.5360495e+01
  -3.2181277e+01
  -3.7308308e+01
  -3.9551385e+01
  -3.8361181e+01
  -3.3463035e+01
  -2.5268941e+01
  -1.4877546e+01
  -3.6163880e+00
   6.9123370e+00
   1.5197985e+01
   1.9913024e+01
   2.0325017e+01
   1.6433967e+01
   8.7891970e+00
  -1.2817580e+00
  -1.2176700e+01
  -2.2018769e+01
  -2.9205768e+01
  -3.2410163e+01
  -3.1036851e+01
  -2.5314717e+01
  -1.5884642e+01
  -4.1199360e+00
   8.2856480e+00
   1.9638361e+01
   2.8336003e+01
   3.3188373e+01
   3.3508812e+01
   2.9205768e+01
   2.0828564e+01
   9.4300760e+00
  -3.6163880e+00
  -1.6571298e+01
  -2.7924010e+01
  -3.6255436e+01
  -4.0650034e+01
  -4.0695812e+01
  -3.6621653e+01
  -2.9068437e+01
  -1.9089037e+01
  -8.0109860e+00
   2.7924010e+00
   1.1856260e+01
   1.8127718e+01
   2.0737011e+01
   1.9409476e+01
   1.4145113e+01
   5.7679100e+00
  -4.8065920e+00
  -1.6159304e+01
  -2.6825361e+01
  -3.5477225e+01
  -4.0970474e+01
  -4.2801556e+01
  -4.0650035e+01
  -3.4882125e+01
  -2.6230259e+01
  -1.5838865e+01
  -4.9897000e+00
   4.8981460e+00
   1.2634470e+01
   1.7166400e+01
   1.7898833e+01
   1.4648661e+01
   8.0109870e+00
  -1.1902040e+00
  -1.1535821e+01
  -2.1560998e+01
  -2.9846647e+01
  -3.5385672e+01
  -3.7582970e+01
  -3.6438544e+01
  -3.2455939e+01
  -2.6550698e+01
  -1.9775692e+01
  -1.3183795e+01
  -7.5989930e+00
  -3.7079430e+00
  -1.7395290e+00
  -1.5564200e+00
  -3.0212870e+00
  -5.4474710e+00
  -8.2856490e+00
  -1.0757610e+01
  -1.2451361e+01
  -1.2954909e+01
  -1.2359808e+01
  -1.0940718e+01
  -9.2011900e+00
  -7.9194320e+00
  -7.5989930e+00
  -8.6976430e+00
  -1.1169604e+01
  -1.4740215e+01
  -1.8768597e+01
  -2.2339208e+01
  -2.4628061e+01
  -2.4811169e+01
  -2.2568093e+01
  -1.7898832e+01
  -1.1169604e+01
  -3.2501710e+00
   4.7150380e+00
   1.1581597e+01
   1.6159304e+01
   1.7624171e+01
   1.5701533e+01
   1.0620279e+01
   3.1128400e+00
  -5.5848020e+00
  -1.4099336e+01
  -2.1011673e+01
  -2.5406271e+01
  -2.6596475e+01
  -2.4673839e+01
  -2.0096131e+01
  -1.3916228e+01
  -7.2327760e+00
  -1.3275350e+00
   2.6550700e+00
   3.9826040e+00
   2.3346300e+00
  -2.1515220e+00
  -8.9723050e+00
  -1.6983291e+01
  -2.4994278e+01
  -3.1769283e+01
  -3.6209659e+01
  -3.7582971e+01
  -3.5797666e+01
  -3.1082627e+01
  -2.4170291e+01
  -1.5976196e+01
  -7.6447700e+00
  -9.1554000e-02
   5.9967950e+00
   1.0116732e+01
   1.2039369e+01
   1.1764706e+01
   9.5216300e+00
   5.7221330e+00
   7.7821000e-01
  -4.7608150e+00
  -1.0299839e+01
  -1.5381094e+01
  -1.9409476e+01
  -2.2156100e+01
  -2.3392080e+01
  -2.2934310e+01
  -2.0965896e+01
  -1.7395285e+01
  -1.2451362e+01
  -6.1799040e+00
   1.1444260e+00
   8.9723050e+00
   1.6845961e+01
   2.3987182e+01
   2.9526207e+01
   3.2867933e+01
   3.3554590e+01
   3.1448844e+01
   2.6916914e+01
   2.0553902e+01
   1.3412680e+01
   6.5461210e+00
   9.6131800e-01
  -2.3804070e+00
  -2.8381780e+00
  -1.3733100e-01
   5.6305790e+00
   1.3916228e+01
   2.4032959e+01
   3.4836347e+01
   4.5090410e+01
   5.3650721e+01
   5.9372854e+01
   6.1387045e+01
   5.9052415e+01
   5.2460517e+01
   4.1886015e+01
   2.8107118e+01
   1.2451362e+01
  -3.4790570e+00
  -1.7990386e+01
  -2.9297322e+01
  -3.5706111e+01
  -3.6118104e+01
  -3.0029755e+01
  -1.7761502e+01
  -5.9510200e-01
   1.9638361e+01
   4.0238041e+01
   5.8686199e+01
   7.2419318e+01
   7.9468986e+01
   7.8965439e+01
   7.0817121e+01
   5.6214236e+01
   3.6987869e+01
   1.5838865e+01
  -4.3945980e+00
  -2.0965896e+01
  -3.1631953e+01
  -3.5065232e+01
  -3.1036851e+01
  -2.0279240e+01
  -4.5777070e+00
   1.3412680e+01
   3.1128405e+01
   4.5731288e+01
   5.5252918e+01
   5.8548867e+01
   5.5161364e+01
   4.5960174e+01
   3.2227054e+01
   1.6113527e+01
  -4.1199400e-01
  -1.5289540e+01
  -2.6688030e+01
  -3.3508812e+01
  -3.5248340e+01
  -3.1952392e+01
  -2.4399176e+01
  -1.3916228e+01
  -2.0599680e+00
   9.5216300e+00
   1.9272145e+01
   2.6001373e+01
   2.9114214e+01
   2.8427557e+01
   2.4216068e+01
   1.7303730e+01
   8.4687570e+00
  -1.1902040e+00
  -1.0620279e+01
  -1.9043259e+01
  -2.5726711e+01
  -3.0167087e+01
  -3.2089723e+01
  -3.1403067e+01
  -2.8381780e+01
  -2.3437858e+01
  -1.7166399e+01
  -1.0116732e+01
  -2.9755090e+00
   3.7537190e+00
   9.6589610e+00
   1.4328222e+01
   1.7441062e+01
   1.8768597e+01
   1.8081941e+01
   1.5381094e+01
   1.0803388e+01
   4.7150370e+00
  -2.1972990e+00
  -9.2011910e+00
  -1.5289540e+01
  -1.9638361e+01
  -2.1606775e+01
  -2.0828565e+01
  -1.7257953e+01
  -1.1215381e+01
  -3.2501710e+00
   5.9510190e+00
   1.5518425e+01
   2.4765392e+01
   3.2913710e+01
   3.9459831e+01
   4.3945983e+01
   4.6005951e+01
   4.5502403e+01
   4.2343785e+01
   3.6713207e+01
   2.8747997e+01
   1.8905928e+01
   7.7821010e+00
  -3.7537190e+00
  -1.4557107e+01
  -2.3392081e+01
  -2.9022660e+01
  -3.0350194e+01
  -2.6779583e+01
  -1.8219272e+01
  -5.4932480e+00
   1.0025178e+01
   2.6321813e+01
   4.1062028e+01
   5.2094301e+01
   5.7724880e+01
   5.6992446e+01
   4.9805448e+01
   3.7033646e+01
   2.0553902e+01
   2.5177380e+00
  -1.4328221e+01
  -2.7512016e+01
  -3.5065232e+01
  -3.5706111e+01
  -2.9205768e+01
  -1.6342412e+01
   1.1444270e+00
   2.0737011e+01
   3.9734493e+01
   5.5390250e+01
   6.5506981e+01
   6.8665598e+01
   6.4499886e+01
   5.3604944e+01
   3.7537194e+01
   1.8402380e+01
  -1.1444270e+00
  -1.8722820e+01
  -3.2043946e+01
  -3.9505608e+01
  -4.0421149e+01
  -3.4927901e+01
  -2.4078736e+01
  -9.6589610e+00
   6.0883490e+00
   2.0828565e+01
   3.2455940e+01
   3.9414054e+01
   4.0970474e+01
   3.7170978e+01
   2.8656444e+01
   1.6845960e+01
   3.1586180e+00
  -1.0620279e+01
  -2.3025865e+01
  -3.2776379e+01
  -3.9047837e+01
  -4.1428245e+01
  -3.9917602e+01
  -3.4973678e+01
  -2.7420462e+01
  -1.8356603e+01
  -9.0180820e+00
  -3.2044000e-01
   6.6834510e+00
   1.1398490e+01
   1.3641565e+01
   1.3321126e+01
   1.0666056e+01
   5.9967960e+00
  -3.2043900e-01
  -7.7363240e+00
  -1.5747310e+01
  -2.3758298e+01
  -3.0899520e+01
  -3.6438544e+01
  -3.9642939e+01
  -3.9826047e+01
  -3.6667430e+01
  -3.0304418e+01
  -2.1057450e+01
  -9.8420690e+00
   2.3804070e+00
   1.4236667e+01
   2.4628061e+01
   3.2501717e+01
   3.6942092e+01
   3.7720302e+01
   3.4744793e+01
   2.8610666e+01
   2.0004578e+01
   9.9336230e+00
  -5.9510200e-01
  -1.0620280e+01
  -1.9546807e+01
  -2.6733806e+01
  -3.1906615e+01
  -3.4790570e+01
  -3.5248340e+01
  -3.3096818e+01
  -2.8244450e+01
  -2.0828565e+01
  -1.1123827e+01
   9.1554000e-02
   1.1947814e+01
   2.2980087e+01
   3.2043946e+01
   3.7857633e+01
   3.9734493e+01
   3.7445640e+01
   3.1403067e+01
   2.2613871e+01
   1.2314031e+01
   2.1057450e+00
  -6.7292290e+00
  -1.2909132e+01
  -1.5701533e+01
  -1.4969101e+01
  -1.0940719e+01
  -4.3488210e+00
   3.7994960e+00
   1.2405585e+01
   2.0279241e+01
   2.6550698e+01
   3.0533302e+01
   3.1860838e+01
   3.0487525e+01
   2.6596476e+01
   2.0553902e+01
   1.3000686e+01
   4.4403760e+00
  -4.0741590e+00
  -1.1718928e+01
  -1.7578393e+01
  -2.0737011e+01
  -2.0691234e+01
  -1.7212176e+01
  -1.0528726e+01
  -1.5106430e+00
   8.5145340e+00
   1.8173495e+01
   2.5726711e+01
   2.9892424e+01
   2.9846647e+01
   2.5131609e+01
   1.6342412e+01
   4.3030450e+00
  -9.3842980e+00
  -2.2934310e+01
  -3.4515908e+01
  -4.2526894e+01
  -4.5868620e+01
  -4.4266423e+01
  -3.8040742e+01
  -2.8198672e+01
  -1.6342412e+01
  -4.3030440e+00
   6.2714580e+00
   1.3916228e+01
   1.7898833e+01
   1.7807279e+01
   1.4007782e+01
   7.1870000e+00
  -1.6937520e+00
  -1.1535821e+01
  -2.1194782e+01
  -2.9709316e+01
  -3.6255436e+01
  -4.0238041e+01
  -4.1290913e+01
  -3.9414053e+01
  -3.4882124e+01
  -2.8198673e+01
  -2.0141909e+01
  -1.1535820e+01
  -3.2043940e+00
   4.1657130e+00
   9.9794010e+00
   1.3870451e+01
   1.5609979e+01
   1.5152209e+01
   1.2680247e+01
   8.2398720e+00
   2.5177380e+00
  -4.0741580e+00
  -1.0803387e+01
  -1.6983292e+01
  -2.2064546e+01
  -2.5543602e+01
  -2.7374686e+01
  -2.7420463e+01
  -2.6001373e+01
  -2.3163196e+01
  -1.9180590e+01
  -1.4099337e+01
  -8.1025410e+00
  -1.2359810e+00
   6.2714580e+00
   1.3870451e+01
   2.1011673e+01
   2.6825361e+01
   3.0533302e+01
   3.1403068e+01
   2.9022659e+01
   2.3300527e+01
   1.4740215e+01
   4.1199360e+00
  -7.1869990e+00
  -1.7715725e+01
  -2.6047150e+01
  -3.0670634e+01
  -3.0762189e+01
  -2.6001373e+01
  -1.6617074e+01
  -3.7537190e+00
   1.1032273e+01
   2.5955596e+01
   3.9047837e+01
   4.8432136e+01
   5.2964065e+01
   5.1911192e+01
   4.5410849e+01
   3.4195468e+01
   1.9684138e+01
   3.8452740e+00
  -1.1215381e+01
  -2.3254749e+01
  -3.0350195e+01
  -3.1265735e+01
  -2.5452049e+01
  -1.3412680e+01
   3.3875030e+00
   2.2659648e+01
   4.1702907e+01
   5.7724880e+01
   6.8390936e+01
   7.2098879e+01
   6.8162051e+01
   5.7221333e+01
   4.0604257e+01
   2.0645456e+01
  -1.8310800e-01
  -1.9180590e+01
  -3.4103914e+01
  -4.3350881e+01
  -4.6005951e+01
  -4.2160677e+01
  -3.2730602e+01
  -1.9317922e+01
  -4.0283820e+00
   1.0940719e+01
   2.3483634e+01
   3.2043946e+01
   3.5477226e+01
   3.3691920e+01
   2.7008469e+01
   1.6479744e+01
   3.4332800e+00
  -1.0345617e+01
  -2.3254750e+01
  -3.3737697e+01
  -4.0650034e+01
  -4.3213550e+01
  -4.1245136e+01
  -3.5248340e+01
  -2.6047151e+01
  -1.5060655e+01
  -3.7079420e+00
   6.5918970e+00
   1.4694438e+01
   1.9775692e+01
   2.1560998e+01
   2.0233463e+01
   1.6205081e+01
   1.0162509e+01
   2.7924010e+00
  -5.1728080e+00
  -1.3183795e+01
  -2.0553903e+01
  -2.6871138e+01
  -3.1723507e+01
  -3.4790570e+01
  -3.6026551e+01
  -3.5385671e+01
  -3.3096819e+01
  -2.9434653e+01
  -2.4719615e+01
  -1.9226367e+01
  -1.3412680e+01
  -7.5989920e+00
  -2.0141910e+00
   2.8381780e+00
   6.7750060e+00
   9.3385210e+00
   1.0299839e+01
   9.4300760e+00
   6.8207820e+00
   2.6550690e+00
  -2.6550700e+00
  -8.6060880e+00
  -1.4465553e+01
  -1.9638362e+01
  -2.3346304e+01
  -2.5040055e+01
  -2.4216067e+01
  -2.0782788e+01
  -1.4740215e+01
  -6.4545670e+00
   3.1586170e+00
   1.3275349e+01
   2.2659647e+01
   3.0121310e+01
   3.4790570e+01
   3.5934996e+01
   3.3325704e+01
   2.7145800e+01
   1.7990387e+01
   6.7750060e+00
  -5.1270320e+00
  -1.6250858e+01
  -2.5040055e+01
  -3.0075532e+01
  -3.0304417e+01
  -2.5177386e+01
  -1.4923324e+01
  -4.5777100e-01
   1.6571298e+01
   3.3920806e+01
   4.9301900e+01
   6.0471504e+01
   6.5781643e+01
   6.4225223e+01
   5.5893797e+01
   4.1702907e+01
   2.3575189e+01
   3.8452740e+00
  -1.4831769e+01
  -2.9755093e+01
  -3.8956282e+01
  -4.1153582e+01
  -3.6026551e+01
  -2.4353399e+01
  -7.8736550e+00
   1.1032272e+01
   2.9571984e+01
   4.5273518e+01
   5.6031128e+01
   6.0700389e+01
   5.8869307e+01
   5.1316091e+01
   3.9185169e+01
   2.4399176e+01
   8.7434200e+00
  -5.9967960e+00
  -1.8127718e+01
  -2.6733806e+01
  -3.1265736e+01
  -3.1586176e+01
  -2.8152896e+01
  -2.1789883e+01
  -1.3641565e+01
  -4.8065920e+00
   3.3875030e+00
   9.8420690e+00
   1.3733120e+01
   1.4557107e+01
   1.2176699e+01
   6.7750050e+00
  -1.0070950e+00
  -1.0391394e+01
  -2.0187686e+01
  -2.9297322e+01
  -3.6621652e+01
  -4.1199359e+01
  -4.2481117e+01
  -4.0238040e+01
  -3.4927901e+01
  -2.7100023e+01
  -1.7807279e+01
  -8.1025410e+00
   9.6131900e-01
   8.6060890e+00
   1.4236668e+01
   1.7395285e+01
   1.8127718e+01
   1.6296635e+01
   1.2176699e+01
   6.0425730e+00
  -1.6021970e+00
  -1.0116731e+01
  -1.8768597e+01
  -2.6916915e+01
  -3.3554589e+01
  -3.8269627e+01
  -4.0512703e+01
  -4.0192264e+01
  -3.7399863e+01
  -3.2501716e+01
  -2.5955596e+01
  -1.8356603e+01
  -1.0482948e+01
  -2.9755090e+00
   3.3875020e+00
   8.0567630e+00
   1.0528725e+01
   1.0574503e+01
   8.2398720e+00
   3.7994970e+00
  -2.2430760e+00
  -9.1096370e+00
  -1.6159304e+01
  -2.2522316e+01
  -2.7695125e+01
  -3.1036850e+01
  -3.2135500e+01
  -3.0670634e+01
  -2.6504921e+01
  -1.9592585e+01
  -1.0391394e+01
   5.9510200e-01
   1.2268254e+01
   2.3620966e+01
   3.3234150e+01
   3.9780270e+01
   4.2343785e+01
   4.0329595e+01
   3.3600366e+01
   2.2796978e+01
   9.1096360e+00
  -5.7679110e+00
  -1.9684139e+01
  -3.0624857e+01
  -3.6621653e+01
  -3.6392767e+01
  -2.9297322e+01
  -1.5838865e+01
   2.6092920e+00
   2.3666743e+01
   4.4632639e+01
   6.2531471e+01
   7.4891279e+01
   7.9835203e+01
   7.6676585e+01
   6.5735867e+01
   4.8432136e+01
   2.7100023e+01
   4.5319300e+00
  -1.6342412e+01
  -3.2913710e+01
  -4.3167773e+01
  -4.6005951e+01
  -4.1382468e+01
  -3.0304418e+01
  -1.4648661e+01
   3.1128410e+00
   2.0279240e+01
   3.4515908e+01
   4.3854429e+01
   4.7241932e+01
   4.4495308e+01
   3.6255436e+01
   2.3804074e+01
   9.0180820e+00
  -6.1799040e+00
  -1.9958800e+01
  -3.0716411e+01
  -3.7354086e+01
  -3.9414054e+01
  -3.6942092e+01
  -3.0624856e+01
  -2.1515221e+01
  -1.0986495e+01
  -5.4932400e-01
   8.5603110e+00
   1.5381094e+01
   1.9546807e+01
   2.0828565e+01
   1.9638361e+01
   1.6388189e+01
   1.1718929e+01
   6.1341270e+00
   9.1554000e-02
  -6.1341270e+00
  -1.2268253e+01
  -1.8036164e+01
  -2.3208973e+01
  -2.7420462e+01
  -3.0487526e+01
  -3.1998169e+01
  -3.1769284e+01
  -2.9709316e+01
  -2.5726711e+01
  -2.0141909e+01
  -1.3229572e+01
  -5.5848020e+00
   2.1057450e+00
   9.0180810e+00
   1.4419776e+01
   1.7669948e+01
   1.8265049e+01
   1.6159304e+01
   1.1627375e+01
   5.1728080e+00
  -2.4719610e+00
  -1.0482948e+01
  -1.8127718e+01
  -2.4628061e+01
  -2.9526207e+01
  -3.2364386e+01
  -3.2822156e+01
  -3.0670634e+01
  -2.5909819e+01
  -1.8768597e+01
  -9.7047380e+00
   6.4087800e-01
   1.1169604e+01
   2.0782788e+01
   2.8290227e+01
   3.2639048e+01
   3.3142595e+01
   2.9526208e+01
   2.2018768e+01
   1.1490044e+01
  -6.8665600e-01
  -1.3046464e+01
  -2.3575189e+01
  -3.0762188e+01
  -3.3234150e+01
  -3.0395972e+01
  -2.2384985e+01
  -1.0070954e+01
   4.9897000e+00
   2.0691233e+01
   3.4836347e+01
   4.5456626e+01
   5.0949875e+01
   5.0583657e+01
   4.4357977e+01
   3.2913710e+01
   1.7761502e+01
   9.1554100e-01
  -1.5426871e+01
  -2.9022659e+01
  -3.7903411e+01
  -4.0650034e+01
  -3.6667430e+01
  -2.6184481e+01
  -1.0391394e+01
   8.6976430e+00
   2.8610667e+01
   4.6646830e+01
   6.0334173e+01
   6.7887388e+01
   6.8299382e+01
   6.1615930e+01
   4.8752575e+01
   3.1540398e+01
   1.2359808e+01
  -6.3172350e+00
  -2.2064545e+01
  -3.2913710e+01
  -3.7811856e+01
  -3.6346990e+01
  -2.9205768e+01
  -1.7761501e+01
  -4.0283820e+00
   9.9794000e+00
   2.2156100e+01
   3.0899520e+01
   3.5294118e+01
   3.5111009e+01
   3.0579080e+01
   2.2659647e+01
   1.2451362e+01
   1.1444270e+00
  -1.0162509e+01
  -2.0416572e+01
  -2.8839552e+01
  -3.4836347e+01
  -3.8132295e+01
  -3.8635844e+01
  -3.6484322e+01
  -3.1952392e+01
  -2.5635157e+01
  -1.8081941e+01
  -1.0116731e+01
  -2.4261840e+00
   4.2114900e+00
   9.1554130e+00
   1.1718929e+01
   1.1581597e+01
   8.5145340e+00
   2.7466240e+00
  -5.3101390e+00
  -1.4740215e+01
  -2.4307622e+01
  -3.2684825e+01
  -3.8727397e+01
  -4.1428244e+01
  -4.0146487e+01
  -3.4836347e+01
  -2.6001373e+01
  -1.4557107e+01
  -1.7395290e+00
   1.1032273e+01
   2.2384985e+01
   3.1128405e+01
   3.6255436e+01
   3.7308308e+01
   3.4332799e+01
   2.7649348e+01
   1.8173495e+01
   6.9581140e+00
  -4.8523690e+00
  -1.5976196e+01
  -2.5589380e+01
  -3.2959487e+01
  -3.7674525e+01
  -3.9597162e+01
  -3.8727397e+01
  -3.5065232e+01
  -2.8931106e+01
  -2.0645457e+01
  -1.0757610e+01
   4.5777000e-02
   1.0757611e+01
   2.0233463e+01
   2.7649347e+01
   3.2089723e+01
   3.3142596e+01
   3.0899520e+01
   2.5818265e+01
   1.8814374e+01
   1.0986496e+01
   3.4332800e+00
  -2.8381780e+00
  -7.2327770e+00
  -9.2927450e+00
  -9.1554130e+00
  -7.1870000e+00
  -3.9368270e+00
  -4.5777000e-02
   3.8452740e+00
   7.2785530e+00
   9.9336240e+00
   1.1627374e+01
   1.2405585e+01
   1.2268254e+01
   1.1261158e+01
   9.3842980e+00
   6.5461200e+00
   2.7466240e+00
  -1.8310830e+00
  -7.0038910e+00
  -1.2085145e+01
  -1.6433967e+01
  -1.9180591e+01
  -1.9729915e+01
  -1.7624170e+01
  -1.3046463e+01
  -6.5003440e+00
   9.6131800e-01
   8.0109870e+00
   1.3366903e+01
   1.5701533e+01
   1.4373999e+01
   9.1554130e+00
   5.0354700e-01
  -1.0437171e+01
  -2.2064545e+01
  -3.2593271e+01
  -4.0329595e+01
  -4.3900206e+01
  -4.2710002e+01
  -3.6942092e+01
  -2.7420463e+01
  -1.5747311e+01
  -3.7537190e+00
   6.8207830e+00
   1.4511330e+01
   1.8448158e+01
   1.8448158e+01
   1.4831769e+01
   8.4687570e+00
   4.1199400e-01
  -8.2856490e+00
  -1.6662852e+01
  -2.3804074e+01
  -2.9205768e+01
  -3.2547494e+01
  -3.3691921e+01
  -3.2684825e+01
  -2.9800869e+01
  -2.5406272e+01
  -2.0004578e+01
  -1.4053559e+01
  -8.0109860e+00
  -2.3346300e+00
   2.7008470e+00
   6.7292280e+00
   9.5216300e+00
   1.1032273e+01
   1.0894942e+01
   9.2011900e+00
   5.9510190e+00
   1.4190890e+00
  -4.0741590e+00
  -1.0025177e+01
  -1.5838865e+01
  -2.1103227e+01
  -2.5314717e+01
  -2.8015565e+01
  -2.9022659e+01
  -2.8061341e+01
  -2.4948501e+01
  -1.9821470e+01
  -1.2863355e+01
  -4.3488210e+00
   4.8981460e+00
   1.4099336e+01
   2.2339208e+01
   2.8656443e+01
   3.2272832e+01
   3.2776380e+01
   3.0167086e+01
   2.4948501e+01
   1.7807279e+01
   9.8878460e+00
   2.3804070e+00
  -3.6163890e+00
  -7.1412220e+00
  -7.5532150e+00
  -4.5777070e+00
   1.6479740e+00
   1.0299840e+01
   2.0553903e+01
   3.0991074e+01
   4.0283818e+01
   4.7196154e+01
   5.0537880e+01
   4.9713893e+01
   4.4403753e+01
   3.4927902e+01
   2.2064546e+01
   7.1412220e+00
  -8.3314260e+00
  -2.2476539e+01
  -3.3508812e+01
  -3.9780270e+01
  -4.0100710e+01
  -3.4103914e+01
  -2.2110323e+01
  -5.4474710e+00
   1.3916228e+01
   3.3554589e+01
   5.0629434e+01
   6.2851911e+01
   6.8528267e+01
   6.6788739e+01
   5.7679103e+01
   4.2481117e+01
   2.3163195e+01
   2.2888530e+00
  -1.7395285e+01
  -3.3371481e+01
  -4.3533989e+01
  -4.6692607e+01
  -4.2572671e+01
  -3.1952392e+01
  -1.6433966e+01
   1.6021970e+00
   1.9638361e+01
   3.5111009e+01
   4.6097505e+01
   5.1316090e+01
   5.0354773e+01
   4.3671320e+01
   3.2364385e+01
   1.8173495e+01
   2.8839550e+00
  -1.1581597e+01
  -2.3620966e+01
  -3.1998169e+01
  -3.6072328e+01
  -3.5797665e+01
  -3.1494621e+01
  -2.4261845e+01
  -1.5243763e+01
  -5.8136870e+00
   2.7008470e+00
   9.3842990e+00
   1.3458457e+01
   1.4785992e+01
   1.3366904e+01
   9.6589610e+00
   4.1199360e+00
  -2.5177390e+00
  -9.6589610e+00
  -1.6708629e+01
  -2.3117418e+01
  -2.8427558e+01
  -3.2181277e+01
  -3.4241245e+01
  -3.4470130e+01
  -3.2822157e+01
  -2.9617762e+01
  -2.4994278e+01
  -1.9317922e+01
  -1.3046464e+01
  -6.5918970e+00
  -3.2043900e-01
   5.1270310e+00
   9.2927450e+00
   1.1673152e+01
   1.2039369e+01
   1.0208286e+01
   6.2714580e+00
   7.7821100e-01
  -5.7679100e+00
  -1.2542916e+01
  -1.8814374e+01
  -2.3895629e+01
  -2.7191577e+01
  -2.8381781e+01
  -2.7283131e+01
  -2.3895628e+01
  -1.8356604e+01
  -1.0986496e+01
  -2.3804070e+00
   6.7750060e+00
   1.5701534e+01
   2.3392081e+01
   2.9068437e+01
   3.2043946e+01
   3.1952392e+01
   2.8656443e+01
   2.2522316e+01
   1.4145113e+01
   4.5777060e+00
  -5.2185860e+00
  -1.3870451e+01
  -2.0279240e+01
  -2.3300527e+01
  -2.2339208e+01
  -1.7074845e+01
  -7.7821020e+00
   4.6692610e+00
   1.8814374e+01
   3.3005264e+01
   4.5365072e+01
   5.4154269e+01
   5.8091096e+01
   5.6397345e+01
   4.9027238e+01
   3.6758984e+01
   2.0920119e+01
   3.5248340e+00
  -1.3321126e+01
  -2.7237354e+01
  -3.6346990e+01
  -3.9185168e+01
  -3.5111009e+01
  -2.4490730e+01
  -8.5603120e+00
   1.0437171e+01
   3.0075532e+01
   4.7516595e+01
   6.0425727e+01
   6.7063401e+01
   6.6514077e+01
   5.8915083e+01
   4.5365072e+01
   2.7649347e+01
   8.1483180e+00
  -1.0620279e+01
  -2.6367590e+01
  -3.7354086e+01
  -4.2252231e+01
  -4.0970474e+01
  -3.3966582e+01
  -2.2613870e+01
  -8.8349740e+00
   5.4016940e+00
   1.7898833e+01
   2.7283132e+01
   3.2410162e+01
   3.2913710e+01
   2.9068437e+01
   2.1560998e+01
   1.1535821e+01
   9.1554000e-02
  -1.1581597e+01
  -2.2293431e+01
  -3.1311512e+01
  -3.7766079e+01
  -4.1199359e+01
  -4.1474021e+01
  -3.8635844e+01
  -3.3096819e+01
  -2.5360495e+01
  -1.6388190e+01
  -6.9123370e+00
   1.9684140e+00
   9.4758530e+00
   1.4785993e+01
   1.7441062e+01
   1.7074845e+01
   1.3687343e+01
   7.5989930e+00
  -5.4932500e-01
  -9.8878460e+00
  -1.9409476e+01
  -2.8015564e+01
  -3.4927901e+01
  -3.9368277e+01
  -4.1016251e+01
  -4.0009155e+01
  -3.6621652e+01
  -3.1265736e+01
  -2.4582284e+01
  -1.7212176e+01
  -9.7505150e+00
  -2.8381780e+00
   3.0212860e+00
   7.3243300e+00
   9.7962920e+00
   1.0116731e+01
   8.3772030e+00
   4.7150380e+00
  -4.1199400e-01
  -6.5918970e+00
  -1.3092241e+01
  -1.9363699e+01
  -2.4673838e+01
  -2.8427558e+01
  -3.0029755e+01
  -2.9068437e+01
  -2.5268940e+01
  -1.8493935e+01
  -9.1554130e+00
   2.1973000e+00
   1.4511329e+01
   2.6642252e+01
   3.7033646e+01
   4.4495308e+01
   4.8020142e+01
   4.6921492e+01
   4.1336691e+01
   3.1769284e+01
   1.9363699e+01
   5.8136870e+00
  -7.0496680e+00
  -1.7349508e+01
  -2.3437857e+01
  -2.4078736e+01
  -1.8905928e+01
  -8.2398720e+00
   6.6376740e+00
   2.3804074e+01
   4.0787365e+01
   5.5298696e+01
   6.5186541e+01
   6.8940261e+01
   6.6102083e+01
   5.6855116e+01
   4.2389563e+01
   2.4628062e+01
   5.6763560e+00
  -1.1993592e+01
  -2.6321812e+01
  -3.5614557e+01
  -3.8727398e+01
  -3.5477226e+01
  -2.6504921e+01
  -1.3092241e+01
   2.8839550e+00
   1.9226367e+01
   3.3646144e+01
   4.4312199e+01
   4.9897001e+01
   4.9668117e+01
   4.3900206e+01
   3.3325704e+01
   1.9501030e+01
   4.1199360e+00
  -1.0803387e+01
  -2.3437858e+01
  -3.2364386e+01
  -3.6621653e+01
  -3.6072328e+01
  -3.1036851e+01
  -2.2613871e+01
  -1.2222476e+01
  -1.4648660e+00
   8.1940950e+00
   1.5609979e+01
   2.0050355e+01
   2.1469444e+01
   1.9958801e+01
   1.5930418e+01
   1.0116732e+01
   2.9297320e+00
  -4.9897000e+00
  -1.3183795e+01
  -2.1057450e+01
  -2.8152895e+01
  -3.3737697e+01
  -3.7354086e+01
  -3.8498513e+01
  -3.6804761e+01
  -3.2272831e+01
  -2.5452048e+01
  -1.6845960e+01
  -7.5074380e+00
   1.4190890e+00
   8.9265280e+00
   1.3916228e+01
   1.5793088e+01
   1.4099336e+01
   9.1554130e+00
   1.4190890e+00
  -8.1483170e+00
  -1.8402380e+01
  -2.8107118e+01
  -3.6301213e+01
  -4.2069123e+01
  -4.4998856e+01
  -4.4815748e+01
  -4.1657130e+01
  -3.5889219e+01
  -2.8061341e+01
  -1.8768597e+01
  -8.7891970e+00
   9.1554100e-01
   9.3842980e+00
   1.5838865e+01
   1.9546807e+01
   2.0096132e+01
   1.7532616e+01
   1.2130923e+01
   4.7150370e+00
  -3.8452740e+00
  -1.2451362e+01
  -2.0279240e+01
  -2.6413367e+01
  -3.0258641e+01
  -3.1448844e+01
  -2.9709316e+01
  -2.5177386e+01
  -1.7853056e+01
  -8.4229800e+00
   2.6550700e+00
   1.4190890e+01
   2.5177386e+01
   3.4241245e+01
   4.0375372e+01
   4.2526894e+01
   4.0329595e+01
   3.3646143e+01
   2.3163195e+01
   9.9794000e+00
  -4.3945980e+00
  -1.7944610e+01
  -2.8793774e+01
  -3.5202563e+01
  -3.5934997e+01
  -3.0395972e+01
  -1.8860151e+01
  -2.5177390e+00
   1.6662852e+01
   3.6255436e+01
   5.3696498e+01
   6.6651408e+01
   7.3472190e+01
   7.3197529e+01
   6.6056306e+01
   5.2964065e+01
   3.5706111e+01
   1.6433966e+01
  -2.3804080e+00
  -1.8585489e+01
  -3.0350195e+01
  -3.6530098e+01
  -3.6667429e+01
  -3.1174182e+01
  -2.1011673e+01
  -7.8278780e+00
   6.4545670e+00
   1.9958801e+01
   3.1036850e+01
   3.8361181e+01
   4.1153582e+01
   3.9185168e+01
   3.2776379e+01
   2.2842756e+01
   1.0391394e+01
  -3.2043950e+00
  -1.6479743e+01
  -2.8152896e+01
  -3.6987869e+01
  -4.2298008e+01
  -4.3762875e+01
  -4.1428245e+01
  -3.5889220e+01
  -2.8061341e+01
  -1.8814374e+01
  -9.0180820e+00
   3.6621700e-01
   8.8807510e+00
   1.6067750e+01
   2.1698329e+01
   2.5543603e+01
   2.7420462e+01
   2.7191577e+01
   2.4765392e+01
   2.0233463e+01
   1.3870451e+01
   6.1341270e+00
  -2.1973000e+00
  -1.0482948e+01
  -1.7807279e+01
  -2.3483635e+01
  -2.6916914e+01
  -2.7878233e+01
  -2.6321813e+01
  -2.2568094e+01
  -1.7257954e+01
  -1.1261158e+01
  -5.4932480e+00
  -8.2398700e-01
   1.8310820e+00
   2.1515220e+00
   4.5777000e-02
  -4.2572670e+00
  -9.9794000e+00
  -1.6342412e+01
  -2.2293431e+01
  -2.6871138e+01
  -2.9297322e+01
  -2.9068436e+01
  -2.6092927e+01
  -2.0553902e+01
  -1.3092240e+01
  -4.6692610e+00
   3.5248340e+00
   1.0299840e+01
   1.4602884e+01
   1.5655756e+01
   1.3321126e+01
   7.9652090e+00
   4.1199300e-01
  -8.0567630e+00
  -1.6113527e+01
  -2.2522316e+01
  -2.6367590e+01
  -2.7420462e+01
  -2.5680934e+01
  -2.1744107e+01
  -1.6433967e+01
  -1.0528725e+01
  -4.8981460e+00
  -9.1554000e-02
   3.5706110e+00
   5.9510190e+00
   7.0496690e+00
   7.1870000e+00
   6.3630120e+00
   4.7150380e+00
   2.1972990e+00
  -1.2359810e+00
  -5.7221340e+00
  -1.1352712e+01
  -1.7807279e+01
  -2.4536508e+01
  -3.0716411e+01
  -3.5156786e+01
  -3.6758984e+01
  -3.4470130e+01
  -2.7969787e+01
  -1.7395285e+01
  -3.7537190e+00
   1.1306935e+01
   2.5680934e+01
   3.7308308e+01
   4.4403754e+01
   4.5777066e+01
   4.1062028e+01
   3.0991073e+01
   1.6845960e+01
   7.3243300e-01
  -1.5197986e+01
  -2.8656443e+01
  -3.7949187e+01
  -4.1794461e+01
  -4.0009155e+01
  -3.3051041e+01
  -2.2201876e+01
  -9.2927440e+00
   3.7994970e+00
   1.5197986e+01
   2.3437858e+01
   2.7695125e+01
   2.7786679e+01
   2.4032959e+01
   1.7303731e+01
   8.6518650e+00
  -8.6976400e-01
  -1.0070955e+01
  -1.8127718e+01
  -2.4353398e+01
  -2.8336004e+01
  -2.9846647e+01
  -2.8931105e+01
  -2.5864042e+01
  -2.1011673e+01
  -1.4923324e+01
  -8.1940950e+00
  -1.2817580e+00
   5.1728080e+00
   1.0666057e+01
   1.4694438e+01
   1.6845960e+01
   1.6708629e+01
   1.4145113e+01
   9.0638590e+00
   1.8768600e+00
  -6.8207830e+00
  -1.6205082e+01
  -2.5131609e+01
  -3.2730602e+01
  -3.7949187e+01
  -4.0283818e+01
  -3.9505608e+01
  -3.5706112e+01
  -2.9297322e+01
  -2.0920119e+01
  -1.1352712e+01
  -1.3275350e+00
   8.1483180e+00
   1.6479743e+01
   2.2888533e+01
   2.6916915e+01
   2.8244449e+01
   2.6779583e+01
   2.2751202e+01
   1.6617075e+01
   9.0180820e+00
   8.6976400e-01
  -7.0954450e+00
  -1.3916228e+01
  -1.8814374e+01
  -2.1103227e+01
  -2.0416571e+01
  -1.6433967e+01
  -9.3842980e+00
   2.7466200e-01
   1.1673151e+01
   2.3529411e+01
   3.4515908e+01
   4.3259327e+01
   4.8432135e+01
   4.9301900e+01
   4.5456626e+01
   3.7125200e+01
   2.5131609e+01
   1.0757611e+01
  -4.2572670e+00
  -1.7853055e+01
  -2.8198672e+01
  -3.3508812e+01
  -3.2776379e+01
  -2.5635157e+01
  -1.2680248e+01
   4.6234840e+00
   2.3987183e+01
   4.2984664e+01
   5.8731975e+01
   6.9123369e+01
   7.2693981e+01
   6.8986038e+01
   5.8457313e+01
   4.2801556e+01
   2.4078736e+01
   4.8065920e+00
  -1.2451361e+01
  -2.5543603e+01
  -3.2867933e+01
  -3.3875029e+01
  -2.8564889e+01
  -1.7807279e+01
  -3.2959490e+00
   1.2954909e+01
   2.8839551e+01
   4.2252232e+01
   5.1544976e+01
   5.5619135e+01
   5.4062715e+01
   4.7104600e+01
   3.5660334e+01
   2.0965896e+01
   4.7608150e+00
  -1.1123827e+01
  -2.4902724e+01
  -3.5019455e+01
  -4.0604257e+01
  -4.1153582e+01
  -3.6758984e+01
  -2.8244450e+01
  -1.7074845e+01
  -4.8065920e+00
   6.9581140e+00
   1.6662852e+01
   2.3346304e+01
   2.6367590e+01
   2.5589380e+01
   2.1377890e+01
   1.4282444e+01
   5.1270320e+00
  -5.2185850e+00
  -1.5701533e+01
  -2.5497826e+01
  -3.3691920e+01
  -3.9551384e+01
  -4.2572671e+01
  -4.2526894e+01
  -3.9505608e+01
  -3.3783474e+01
  -2.5955596e+01
  -1.6983291e+01
  -7.5989920e+00
   1.1444270e+00
   8.3314260e+00
   1.3275349e+01
   1.5335317e+01
   1.4373999e+01
   1.0391394e+01
   3.9826050e+00
  -3.9826040e+00
  -1.2405585e+01
  -2.0004577e+01
  -2.5635157e+01
  -2.8519112e+01
  -2.8198672e+01
  -2.4673839e+01
  -1.8402380e+01
  -1.0254063e+01
  -1.0070950e+00
   8.2398720e+00
   1.6662852e+01
   2.3529412e+01
   2.8427558e+01
   3.1082628e+01
   3.1403067e+01
   2.9571985e+01
   2.5589380e+01
   1.9867246e+01
   1.2817579e+01
   4.8065920e+00
  -3.6621650e+00
  -1.2039368e+01
  -1.9684139e+01
  -2.5818265e+01
  -2.9800870e+01
  -3.0807965e+01
  -2.8427557e+01
  -2.2522316e+01
  -1.3321126e+01
  -1.6021970e+00
   1.1352713e+01
   2.4078737e+01
   3.4927901e+01
   4.2435340e+01
   4.5593957e+01
   4.3808651e+01
   3.7354085e+01
   2.6916914e+01
   1.3870450e+01
  -4.5777000e-02
  -1.2817578e+01
  -2.2613871e+01
  -2.7832456e+01
  -2.7374686e+01
  -2.0920119e+01
  -9.0180820e+00
   7.0496680e+00
   2.5223163e+01
   4.3121996e+01
   5.8228427e+01
   6.8436713e+01
   7.2236209e+01
   6.9031815e+01
   5.9235523e+01
   4.4037537e+01
   2.5497826e+01
   5.9967960e+00
  -1.2085146e+01
  -2.6550698e+01
  -3.5706112e+01
  -3.8635844e+01
  -3.5339895e+01
  -2.6642253e+01
  -1.4007782e+01
   5.9510200e-01
   1.4877546e+01
   2.6916915e+01
   3.5202563e+01
   3.8727397e+01
   3.7262532e+01
   3.1357290e+01
   2.1835660e+01
   1.0162509e+01
  -2.1973000e+00
  -1.3778896e+01
  -2.3392081e+01
  -3.0075532e+01
  -3.3371481e+01
  -3.3188372e+01
  -2.9892424e+01
  -2.4170291e+01
  -1.6845961e+01
  -8.7891960e+00
  -8.6976400e-01
   6.1799040e+00
   1.1993591e+01
   1.6250858e+01
   1.8722819e+01
   1.9409476e+01
   1.7990387e+01
   1.4511330e+01
   9.0180820e+00
   1.7395290e+00
  -6.6834510e+00
  -1.5289540e+01
  -2.3071641e+01
  -2.8656443e+01
  -3.1128405e+01
  -2.9663539e+01
  -2.4261845e+01
  -1.5243763e+01
  -3.6621660e+00
   9.0638590e+00
   2.1332113e+01
   3.1631952e+01
   3.8590067e+01
   4.1565576e+01
   4.0146487e+01
   3.4790570e+01
   2.6276036e+01
   1.5701534e+01
   4.3488210e+00
  -6.5918980e+00
  -1.6205081e+01
  -2.3804074e+01
  -2.9114214e+01
  -3.2135500e+01
  -3.2913710e+01
  -3.1494621e+01
  -2.7969787e+01
  -2.2476539e+01
  -1.5014877e+01
  -5.8594640e+00
   4.4861530e+00
   1.5197986e+01
   2.5314717e+01
   3.3646143e+01
   3.9093614e+01
   4.0787365e+01
   3.8315404e+01
   3.1631952e+01
   2.1332113e+01
   8.6060880e+00
  -5.1270310e+00
  -1.7990387e+01
  -2.8290226e+01
  -3.4241245e+01
  -3.4790570e+01
  -2.9297322e+01
  -1.8219272e+01
  -2.6550700e+00
   1.5518426e+01
   3.3875028e+01
   4.9851224e+01
   6.1112382e+01
   6.6010528e+01
   6.3721675e+01
   5.4337377e+01
   3.9185168e+01
   2.0233463e+01
   2.2888500e-01
  -1.8036164e+01
  -3.1769283e+01
  -3.9002060e+01
  -3.8406958e+01
  -2.9983978e+01
  -1.4831770e+01
   5.0812550e+00
   2.6733807e+01
   4.7150378e+01
   6.3447013e+01
   7.3243305e+01
   7.5303273e+01
   6.9398031e+01
   5.6397345e+01
   3.8178072e+01
   1.7166400e+01
  -3.9826040e+00
  -2.2568093e+01
  -3.6575875e+01
  -4.4357977e+01
  -4.5410849e+01
  -4.0054932e+01
  -2.9480430e+01
  -1.5609979e+01
  -5.4932500e-01
   1.3321126e+01
   2.4261845e+01
   3.0899519e+01
   3.2730602e+01
   3.0029755e+01
   2.3666743e+01
   1.4969100e+01
   5.2643630e+00
  -4.1657130e+00
  -1.2405585e+01
  -1.8768597e+01
  -2.3300526e+01
  -2.5864043e+01
  -2.6825361e+01
  -2.6504921e+01
  -2.5177386e+01
  -2.3071641e+01
  -2.0279240e+01
  -1.6800183e+01
  -1.2634470e+01
  -8.0567640e+00
  -3.1586180e+00
   1.5106440e+00
   5.2643620e+00
   7.3701070e+00
   7.1869990e+00
   4.2114900e+00
  -1.5106430e+00
  -9.4758520e+00
  -1.8722820e+01
  -2.7832456e+01
  -3.5339894e+01
  -3.9963378e+01
  -4.0741588e+01
  -3.7399863e+01
  -3.0258640e+01
  -2.0279240e+01
  -8.7434200e+00
   2.8839550e+00
   1.3229572e+01
   2.1103227e+01
   2.6001374e+01
   2.7603570e+01
   2.6047150e+01
   2.1927215e+01
   1.5930419e+01
   8.7891960e+00
   1.1444260e+00
  -6.5003440e+00
  -1.3778896e+01
  -2.0279240e+01
  -2.5818266e+01
  -2.9983978e+01
  -3.2455939e+01
  -3.2593271e+01
  -2.9938201e+01
  -2.4353399e+01
  -1.5930419e+01
  -5.2643620e+00
   6.6376750e+00
   1.8448157e+01
   2.8610666e+01
   3.5706111e+01
   3.8635843e+01
   3.6758983e+01
   3.0258640e+01
   1.9684138e+01
   6.4087890e+00
  -7.9652090e+00
  -2.1515221e+01
  -3.2318609e+01
  -3.8681620e+01
  -3.9505608e+01
  -3.4287023e+01
  -2.3392081e+01
  -7.9652100e+00
   1.0116731e+01
   2.8473335e+01
   4.4724193e+01
   5.6626230e+01
   6.2531472e+01
   6.1661708e+01
   5.3925384e+01
   4.0466926e+01
   2.2980087e+01
   3.8910510e+00
  -1.4373998e+01
  -2.9251545e+01
  -3.8773175e+01
  -4.1565576e+01
  -3.7354086e+01
  -2.6642253e+01
  -1.1215381e+01
   6.8665600e+00
   2.4902724e+01
   4.0329595e+01
   5.0904097e+01
   5.5390250e+01
   5.3284504e+01
   4.5044633e+01
   3.1998169e+01
   1.5976196e+01
  -8.2398700e-01
  -1.6296635e+01
  -2.8656443e+01
  -3.6575876e+01
  -3.9459830e+01
  -3.7354086e+01
  -3.1082628e+01
  -2.1835660e+01
  -1.1215381e+01
  -8.2398700e-01
   7.8736550e+00
   1.3916228e+01
   1.6708629e+01
   1.6113527e+01
   1.2542916e+01
   6.5918970e+00
  -1.0070950e+00
  -9.5216300e+00
  -1.8219273e+01
  -2.6459144e+01
  -3.3737698e+01
  -3.9597161e+01
  -4.3442436e+01
  -4.4998856e+01
  -4.4083314e+01
  -4.0695811e+01
  -3.4973678e+01
  -2.7512016e+01
  -1.8860151e+01
  -9.9794010e+00
  -1.6479740e+00
   5.2643620e+00
   9.9794000e+00
   1.2039369e+01
   1.1215381e+01
   7.6905470e+00
   1.9684140e+00
  -5.2185860e+00
  -1.3000687e+01
  -2.0462348e+01
  -2.6688029e+01
  -3.1082628e+01
  -3.3279926e+01
  -3.3051042e+01
  -3.0533303e+01
  -2.5818265e+01
  -1.9317922e+01
  -1.1535821e+01
  -3.0212860e+00
   5.2643620e+00
   1.2542916e+01
   1.7807279e+01
   2.0187686e+01
   1.9363699e+01
   1.5243763e+01
   8.4229800e+00
  -1.3733100e-01
  -9.1096360e+00
  -1.7029068e+01
  -2.2476539e+01
  -2.4673839e+01
  -2.3208972e+01
  -1.8310826e+01
  -1.0757610e+01
  -1.8310820e+00
   7.0954450e+00
   1.4648661e+01
   1.9638361e+01
   2.1423667e+01
   1.9729915e+01
   1.4969101e+01
   7.7821010e+00
  -5.9510200e-01
  -9.3385210e+00
  -1.7395285e+01
  -2.4170291e+01
  -2.9343099e+01
  -3.2867933e+01
  -3.4653239e+01
  -3.4699016e+01
  -3.2822156e+01
  -2.8702220e+01
  -2.2110323e+01
  -1.2863356e+01
  -1.2359810e+00
   1.1993592e+01
   2.5635157e+01
   3.7994965e+01
   4.7333486e+01
   5.2002746e+01
   5.0949874e+01
   4.3854429e+01
   3.1265735e+01
   1.4602884e+01
  -4.0283820e+00
  -2.2110323e+01
  -3.7079423e+01
  -4.6784161e+01
  -4.9851225e+01
  -4.5868619e+01
  -3.5477226e+01
  -2.0325017e+01
  -2.7924010e+00
   1.4465553e+01
   2.8931105e+01
   3.8635844e+01
   4.2343786e+01
   3.9734493e+01
   3.1540398e+01
   1.9180591e+01
   4.4403750e+00
  -1.0620279e+01
  -2.4032959e+01
  -3.4241246e+01
  -4.0146487e+01
  -4.1336691e+01
  -3.7857634e+01
  -3.0624857e+01
  -2.0691234e+01
  -9.6131840e+00
   1.0528720e+00
   1.0025178e+01
   1.6296635e+01
   1.9180590e+01
   1.8677043e+01
   1.5014877e+01
   8.8349740e+00
   8.6976400e-01
  -7.9652090e+00
  -1.6891738e+01
  -2.4948501e+01
  -3.1586175e+01
  -3.6163882e+01
  -3.8315404e+01
  -3.7903411e+01
  -3.5065233e+01
  -3.0029755e+01
  -2.3392081e+01
  -1.5838865e+01
  -8.0567630e+00
  -7.7821000e-01
   5.4474710e+00
   1.0025177e+01
   1.2588693e+01
   1.2954910e+01
   1.0894942e+01
   6.6834520e+00
   5.0354700e-01
  -6.9581140e+00
  -1.5014877e+01
  -2.2934310e+01
  -2.9755093e+01
  -3.4927901e+01
  -3.7949187e+01
  -3.8635844e+01
  -3.7033646e+01
  -3.3325704e+01
  -2.7740902e+01
  -2.0645456e+01
  -1.2405585e+01
  -3.5248340e+00
   5.5390250e+00
   1.4099336e+01
   2.1377890e+01
   2.6779583e+01
   2.9663538e+01
   2.9617762e+01
   2.6504921e+01
   2.0462348e+01
   1.2085145e+01
   2.1972990e+00
  -8.1025410e+00
  -1.7532616e+01
  -2.4582284e+01
  -2.8198672e+01
  -2.7374685e+01
  -2.1698329e+01
  -1.1398489e+01
   2.5635160e+00
   1.8768597e+01
   3.5156786e+01
   4.9576562e+01
   5.9967956e+01
   6.4866102e+01
   6.3447013e+01
   5.5664912e+01
   4.2572671e+01
   2.5726710e+01
   7.4616620e+00
  -9.7505150e+00
  -2.3529411e+01
  -3.1815061e+01
  -3.3371480e+01
  -2.7786679e+01
  -1.5701533e+01
   1.1902040e+00
   2.0737011e+01
   4.0100709e+01
   5.6717784e+01
   6.8253605e+01
   7.3105974e+01
   7.0679789e+01
   6.1295491e+01
   4.6234836e+01
   2.7420462e+01
   7.2327760e+00
  -1.1810483e+01
  -2.7466240e+01
  -3.7903410e+01
  -4.2069123e+01
  -3.9642939e+01
  -3.1357290e+01
  -1.8493934e+01
  -3.1128400e+00
   1.2588694e+01
   2.6459144e+01
   3.6713206e+01
   4.2114901e+01
   4.2069124e+01
   3.6896315e+01
   2.7374685e+01
   1.4785992e+01
   7.7821000e-01
  -1.2954910e+01
  -2.4902724e+01
  -3.3829251e+01
  -3.8818952e+01
  -3.9597161e+01
  -3.6301213e+01
  -2.9800870e+01
  -2.1194781e+01
  -1.1673152e+01
  -2.5635160e+00
   5.2185850e+00
   1.0940719e+01
   1.4465552e+01
   1.5930419e+01
   1.5609979e+01
   1.3870451e+01
   1.1078050e+01
   7.5074390e+00
   3.2043940e+00
  -1.7395290e+00
  -7.1870000e+00
  -1.2909133e+01
  -1.8448157e+01
  -2.3483635e+01
  -2.7420462e+01
  -2.9846647e+01
  -3.0395972e+01
  -2.8885329e+01
  -2.5360494e+01
  -2.0233463e+01
  -1.4007782e+01
  -7.5074390e+00
  -1.4190890e+00
   3.3875030e+00
   6.3172350e+00
   7.0954450e+00
   5.5390250e+00
   2.0599680e+00
  -2.9297330e+00
  -8.7891970e+00
  -1.4740215e+01
  -2.0279240e+01
  -2.4856947e+01
  -2.7924010e+01
  -2.9022660e+01
  -2.7832456e+01
  -2.4170290e+01
  -1.7944609e+01
  -9.3385210e+00
   1.0528720e+00
   1.2268254e+01
   2.3163195e+01
   3.2410162e+01
   3.8727398e+01
   4.1153582e+01
   3.9139392e+01
   3.2776379e+01
   2.2842756e+01
   1.0437171e+01
  -2.7008470e+00
  -1.4740215e+01
  -2.3987183e+01
  -2.8976882e+01
  -2.8931105e+01
  -2.3666743e+01
  -1.3641565e+01
  -1.8310900e-01
   1.5014878e+01
   3.0029755e+01
   4.2893111e+01
   5.2002746e+01
   5.6214237e+01
   5.4932479e+01
   4.8340581e+01
   3.7216754e+01
   2.2751202e+01
   6.7292290e+00
  -8.9265280e+00
  -2.2018769e+01
  -3.0762188e+01
  -3.3737698e+01
  -3.0350195e+01
  -2.0737011e+01
  -6.0883500e+00
   1.1673152e+01
   2.9938200e+01
   4.6051728e+01
   5.7679102e+01
   6.3126573e+01
   6.1524376e+01
   5.3330281e+01
   3.9688716e+01
   2.2568093e+01
   4.4403760e+00
  -1.2268254e+01
  -2.5543603e+01
  -3.3737697e+01
  -3.6163882e+01
  -3.3096818e+01
  -2.5360494e+01
  -1.4602884e+01
  -2.7466240e+00
   8.4229800e+00
   1.7349508e+01
   2.2980087e+01
   2.5085832e+01
   2.3941405e+01
   2.0325017e+01
   1.5197985e+01
   9.5216300e+00
   4.0283820e+00
  -8.6976500e-01
  -5.1728080e+00
  -8.8807510e+00
  -1.2222477e+01
  -1.5289540e+01
  -1.8036163e+01
  -2.0187686e+01
  -2.1423667e+01
  -2.1560998e+01
  -2.0279240e+01
  -1.7624171e+01
  -1.3916228e+01
  -9.6131840e+00
  -5.6305790e+00
  -2.7008470e+00
  -1.6479740e+00
  -2.8839550e+00
  -6.5918980e+00
  -1.2359808e+01
  -1.9546807e+01
  -2.7100023e+01
  -3.4012360e+01
  -3.9230945e+01
  -4.2252231e+01
  -4.2572672e+01
  -4.0421149e+01
  -3.6026551e+01
  -2.9892424e+01
  -2.2613871e+01
  -1.4694438e+01
  -6.6834520e+00
   9.1554100e-01
   7.5074380e+00
   1.2726024e+01
   1.6067750e+01
   1.7166399e+01
   1.5884642e+01
   1.2359808e+01
   6.9581140e+00
   9.1554000e-02
  -7.4616620e+00
  -1.4785992e+01
  -2.1240558e+01
  -2.5909819e+01
  -2.8290227e+01
  -2.7786679e+01
  -2.4170290e+01
  -1.7532616e+01
  -8.1940950e+00
   3.0670640e+00
   1.5335317e+01
   2.7237354e+01
   3.7491417e+01
   4.4861524e+01
   4.8340581e+01
   4.7379263e+01
   4.1931792e+01
   3.2547494e+01
   2.0416571e+01
   7.0038910e+00
  -5.7679100e+00
  -1.6021973e+01
  -2.2064545e+01
  -2.2659647e+01
  -1.7349508e+01
  -6.5918970e+00
   8.4229810e+00
   2.5726711e+01
   4.2938887e+01
   5.7541771e+01
   6.7429618e+01
   7.1183337e+01
   6.8253605e+01
   5.8960860e+01
   4.4403753e+01
   2.6504921e+01
   7.3701080e+00
  -1.0574503e+01
  -2.5314717e+01
  -3.5156786e+01
  -3.9139391e+01
  -3.7033646e+01
  -2.9297322e+01
  -1.6983291e+01
  -1.9226370e+00
   1.4099336e+01
   2.9114214e+01
   4.1382467e+01
   4.9530785e+01
   5.2826734e+01
   5.1041428e+01
   4.4449530e+01
   3.3920806e+01
   2.0645456e+01
   6.2256810e+00
  -7.7821010e+00
  -1.9729915e+01
  -2.8290226e+01
  -3.2547493e+01
  -3.2227055e+01
  -2.7649348e+01
  -1.9775692e+01
  -9.9336230e+00
   3.6621700e-01
   9.5674070e+00
   1.6617075e+01
   2.0782788e+01
   2.1835660e+01
   1.9867246e+01
   1.5518426e+01
   9.4300760e+00
   2.2888540e+00
  -5.1270310e+00
  -1.2176699e+01
  -1.8356603e+01
  -2.3208972e+01
  -2.6367590e+01
  -2.7557794e+01
  -2.6825361e+01
  -2.4216068e+01
  -2.0004577e+01
  -1.4557107e+01
  -8.5145340e+00
  -2.4261840e+00
   2.7924010e+00
   6.5003430e+00
   8.0109870e+00
   6.8665600e+00
   3.0670640e+00
  -3.1586170e+00
  -1.1215381e+01
  -2.0096132e+01
  -2.8747997e+01
  -3.6163882e+01
  -4.1519798e+01
  -4.4403753e+01
  -4.4495307e+01
  -4.1931792e+01
  -3.7170977e+01
  -3.0533303e+01
  -2.2613871e+01
  -1.3962005e+01
  -5.1728090e+00
   3.2501720e+00
   1.0574502e+01
   1.6250858e+01
   1.9775692e+01
   2.0782788e+01
   1.9226368e+01
   1.5152208e+01
   8.9265280e+00
   1.1902030e+00
  -7.2327770e+00
  -1.5426871e+01
  -2.2476540e+01
  -2.7374685e+01
  -2.9343099e+01
  -2.7832456e+01
  -2.2568093e+01
  -1.3824674e+01
  -2.3346300e+00
   1.0757610e+01
   2.3987182e+01
   3.5706111e+01
   4.4449531e+01
   4.8981460e+01
   4.8523689e+01
   4.2938887e+01
   3.2776379e+01
   1.9089036e+01
   3.5248340e+00
  -1.1856260e+01
  -2.4948501e+01
  -3.3875029e+01
  -3.7125201e+01
  -3.3920805e+01
  -2.4307622e+01
  -9.4300760e+00
   8.9265280e+00
   2.8198673e+01
   4.5731288e+01
   5.9006637e+01
   6.6147860e+01
   6.6056306e+01
   5.8777753e+01
   4.5227741e+01
   2.7283131e+01
   7.3243310e+00
  -1.2085146e+01
  -2.8244450e+01
  -3.9276722e+01
  -4.3717097e+01
  -4.1245136e+01
  -3.2364386e+01
  -1.8402380e+01
  -1.3733120e+00
   1.6388190e+01
   3.2593270e+01
   4.5090410e+01
   5.2643626e+01
   5.4383154e+01
   5.0400550e+01
   4.1428244e+01
   2.8610666e+01
