   1.0000000e+00
   8.7758064e-01
   7.0524194e-01
   5.1532258e-01
   3.4032258e-01
   2.0483871e-01
   1.2193548e-01
   9.0967740e-02
   1.0008065e-01
   1.3193548e-01
   1.6879032e-01
   1.9701613e-01
   2.0967742e-01
   2.0701613e-01
   1.9362903e-01
   1.7653226e-01
   1.6209677e-01
   1.5419355e-01
   1.5419355e-01
   1.6064516e-01
   1.7048387e-01
   1.8048387e-01
   1.8741935e-01
   1.8895161e-01
   1.8443548e-01
   1.7427419e-01
   1.6080645e-01
   1.4766129e-01
   1.3919355e-01
   1.3951613e-01
   1.5169355e-01
   1.7637097e-01
   2.1145161e-01
   2.5217742e-01
   2.9217742e-01
   3.2483871e-01
   3.4459677e-01
   3.4822581e-01
   3.3548387e-01
   3.0862903e-01
   2.7217742e-01
   2.3129032e-01
   1.9169355e-01
   1.5830645e-01
   1.3524194e-01
   1.2540323e-01
   1.3008064e-01
   1.4879032e-01
   1.7895161e-01
   2.1620968e-01
   2.5491936e-01
   2.8903226e-01
   3.1330645e-01
   3.2427419e-01
   3.2104839e-01
   3.0475806e-01
   2.7870968e-01
   2.4709677e-01
   2.1419355e-01
   1.8403226e-01
   1.5991935e-01
   1.4443548e-01
   1.3935484e-01
   1.4564516e-01
   1.6298387e-01
   1.8935484e-01
   2.2129032e-01
   2.5387097e-01
   2.8137097e-01
   2.9862903e-01
   3.0209677e-01
   2.9040323e-01
   2.6459677e-01
   2.2822581e-01
   1.8620968e-01
   1.4395161e-01
   1.0685484e-01
   7.9032257e-02
   6.3709676e-02
   6.2500000e-02
   7.5080645e-02
   9.9435482e-02
   1.3177419e-01
   1.6677419e-01
   1.9870968e-01
   2.2217742e-01
   2.3370968e-01
   2.3217742e-01
   2.1927419e-01
   1.9895161e-01
   1.7620968e-01
   1.5637097e-01
   1.4346774e-01
   1.3951613e-01
   1.4483871e-01
   1.5806452e-01
   1.7717742e-01
   1.9951613e-01
   2.2233871e-01
   2.4274193e-01
   2.5830645e-01
   2.6661290e-01
   2.6596774e-01
   2.5596774e-01
   2.3790322e-01
   2.1483871e-01
   1.9080645e-01
   1.7032258e-01
   1.5709677e-01
   1.5330645e-01
   1.5943548e-01
   1.7362903e-01
   1.9306452e-01
   2.1435484e-01
   2.3403226e-01
   2.4951613e-01
   2.5862903e-01
   2.6008065e-01
   2.5354839e-01
   2.3935484e-01
   2.1943548e-01
   1.9653226e-01
   1.7475806e-01
   1.5814516e-01
   1.5008064e-01
   1.5266129e-01
   1.6556451e-01
   1.8620968e-01
   2.1064516e-01
   2.3419355e-01
   2.5225806e-01
   2.6193548e-01
   2.6169355e-01
   2.5153226e-01
   2.3298387e-01
   2.0822581e-01
   1.8056451e-01
   1.5354839e-01
   1.3145161e-01
   1.1822581e-01
   1.1717742e-01
   1.3024194e-01
   1.5677419e-01
   1.9362903e-01
   2.3532258e-01
   2.7500000e-01
   3.0620968e-01
   3.2379032e-01
   3.2508065e-01
   3.1032258e-01
   2.8241936e-01
   2.4572581e-01
   2.0556452e-01
   1.6741935e-01
   1.3596774e-01
   1.1508064e-01
   1.0758064e-01
   1.1467742e-01
   1.3580645e-01
   1.6846774e-01
   2.0806452e-01
   2.4879032e-01
   2.8435484e-01
   3.0919355e-01
   3.1975806e-01
   3.1500000e-01
   2.9637097e-01
   2.6774194e-01
   2.3387097e-01
   1.9967742e-01
   1.6959677e-01
   1.4717742e-01
   1.3475807e-01
   1.3338710e-01
   1.4322581e-01
   1.6290323e-01
   1.8951613e-01
   2.1935484e-01
   2.4750000e-01
   2.6951613e-01
   2.8185484e-01
   2.8282258e-01
   2.7306452e-01
   2.5524193e-01
   2.3338710e-01
   2.1169355e-01
   1.9379032e-01
   1.8217742e-01
   1.7798387e-01
   1.8096774e-01
   1.9040322e-01
   2.0483871e-01
   2.2233871e-01
   2.4040322e-01
   2.5645161e-01
   2.6766129e-01
   2.7169355e-01
   2.6741936e-01
   2.5508064e-01
   2.3701613e-01
   2.1669355e-01
   1.9822581e-01
   1.8524194e-01
   1.7983871e-01
   1.8290323e-01
   1.9346774e-01
   2.0927419e-01
   2.2782258e-01
   2.4620968e-01
   2.6225806e-01
   2.7362903e-01
   2.7862903e-01
   2.7604839e-01
   2.6540323e-01
   2.4758064e-01
   2.2483871e-01
   2.0072581e-01
   1.7943548e-01
   1.6516129e-01
   1.6072581e-01
   1.6733871e-01
   1.8362903e-01
   2.0685484e-01
   2.3306451e-01
   2.5806451e-01
   2.7814516e-01
   2.9096774e-01
   2.9491935e-01
   2.8959677e-01
   2.7564516e-01
   2.5451613e-01
   2.2895161e-01
   2.0258065e-01
   1.7943548e-01
   1.6387097e-01
   1.5887097e-01
   1.6556451e-01
   1.8306452e-01
   2.0790323e-01
   2.3564516e-01
   2.6112903e-01
   2.8040323e-01
   2.9088710e-01
   2.9209677e-01
   2.8500000e-01
   2.7153226e-01
   2.5435484e-01
   2.3588710e-01
   2.1879032e-01
   2.0580645e-01
   1.9935484e-01
   2.0161290e-01
   2.1370968e-01
   2.3516129e-01
   2.6379032e-01
   2.9556452e-01
   3.2548387e-01
   3.4846774e-01
   3.6080645e-01
   3.6048387e-01
   3.4774194e-01
   3.2475806e-01
   2.9483871e-01
   2.6217742e-01
   2.3040322e-01
   2.0354839e-01
   1.8443548e-01
   1.7556451e-01
   1.7806451e-01
   1.9201613e-01
   2.1564516e-01
   2.4540323e-01
   2.7637097e-01
   3.0338710e-01
   3.2177419e-01
   3.2846774e-01
   3.2274193e-01
   3.0604839e-01
   2.8169355e-01
   2.5362903e-01
   2.2588710e-01
   2.0201613e-01
   1.8451613e-01
   1.7500000e-01
   1.7411290e-01
   1.8193548e-01
   1.9733871e-01
   2.1814516e-01
   2.4112903e-01
   2.6250000e-01
   2.7822581e-01
   2.8556452e-01
   2.8298387e-01
   2.7129032e-01
   2.5282258e-01
   2.3137097e-01
   2.1064516e-01
   1.9403226e-01
   1.8370968e-01
   1.8040322e-01
   1.8395161e-01
   1.9330645e-01
   2.0717742e-01
   2.2362903e-01
   2.4040322e-01
   2.5483871e-01
   2.6419355e-01
   2.6645161e-01
   2.6024193e-01
   2.4629032e-01
   2.2693548e-01
   2.0572581e-01
   1.8701613e-01
   1.7459677e-01
   1.7096774e-01
   1.7669355e-01
   1.9080645e-01
   2.1072581e-01
   2.3338710e-01
   2.5548387e-01
   2.7395161e-01
   2.8604839e-01
   2.8967742e-01
   2.8370968e-01
   2.6798387e-01
   2.4403226e-01
   2.1508065e-01
   1.8556451e-01
   1.6056452e-01
   1.4451613e-01
   1.4032258e-01
   1.4846774e-01
   1.6693548e-01
   1.9161290e-01
   2.1782258e-01
   2.4064516e-01
   2.5677419e-01
   2.6395161e-01
   2.6177419e-01
   2.5080645e-01
   2.3258064e-01
   2.0959677e-01
   1.8459677e-01
   1.6104839e-01
   1.4250000e-01
   1.3225807e-01
   1.3258065e-01
   1.4395161e-01
   1.6491935e-01
   1.9185484e-01
   2.2032258e-01
   2.4524194e-01
   2.6290323e-01
   2.7088710e-01
   2.6870968e-01
   2.5741935e-01
   2.3943548e-01
   2.1717742e-01
   1.9387097e-01
   1.7225806e-01
   1.5556452e-01
   1.4620968e-01
   1.4645161e-01
   1.5693548e-01
   1.7685484e-01
   2.0330645e-01
   2.3201613e-01
   2.5766129e-01
   2.7540323e-01
   2.8185484e-01
   2.7572581e-01
   2.5838710e-01
   2.3266129e-01
   2.0274194e-01
   1.7314516e-01
   1.4798387e-01
   1.3072581e-01
   1.2395161e-01
   1.2919355e-01
   1.4677419e-01
   1.7548387e-01
   2.1225806e-01
   2.5258065e-01
   2.9064516e-01
   3.2072581e-01
   3.3814516e-01
   3.4024194e-01
   3.2741936e-01
   3.0250000e-01
   2.7016129e-01
   2.3564516e-01
   2.0395161e-01
   1.7862903e-01
   1.6201613e-01
   1.5491935e-01
   1.5677419e-01
   1.6685484e-01
   1.8322581e-01
   2.0370968e-01
   2.2540322e-01
   2.4532258e-01
   2.6048387e-01
   2.6903226e-01
   2.7008065e-01
   2.6459678e-01
   2.5459677e-01
   2.4282258e-01
   2.3177419e-01
   2.2314516e-01
   2.1774194e-01
   2.1516129e-01
   2.1483871e-01
   2.1629032e-01
   2.1870968e-01
   2.2217742e-01
   2.2645161e-01
   2.3104839e-01
   2.3532258e-01
   2.3814516e-01
   2.3879032e-01
   2.3717742e-01
   2.3395161e-01
   2.3040323e-01
   2.2814516e-01
   2.2814516e-01
   2.3064516e-01
   2.3491935e-01
   2.3951613e-01
   2.4314516e-01
   2.4475806e-01
   2.4395161e-01
   2.4120968e-01
   2.3709677e-01
   2.3233871e-01
   2.2733871e-01
   2.2217742e-01
   2.1709677e-01
   2.1274194e-01
   2.1016129e-01
   2.1064516e-01
   2.1556452e-01
   2.2491935e-01
   2.3822581e-01
   2.5346774e-01
   2.6806452e-01
   2.7935484e-01
   2.8556452e-01
   2.8580645e-01
   2.8024194e-01
   2.7016129e-01
   2.5677419e-01
   2.4153226e-01
   2.2572581e-01
   2.1056452e-01
   1.9766129e-01
   1.8870968e-01
   1.8556452e-01
   1.8967742e-01
   2.0112903e-01
   2.1862903e-01
   2.3951613e-01
   2.6048387e-01
   2.7766129e-01
   2.8830645e-01
   2.9096774e-01
   2.8540323e-01
   2.7282258e-01
   2.5532258e-01
   2.3491935e-01
   2.1395161e-01
   1.9459677e-01
   1.7903226e-01
   1.6959677e-01
   1.6790322e-01
   1.7483871e-01
   1.9000000e-01
   2.1112903e-01
   2.3475806e-01
   2.5661290e-01
   2.7266129e-01
   2.8000000e-01
   2.7774194e-01
   2.6653226e-01
   2.4854839e-01
   2.2693548e-01
   2.0459678e-01
   1.8411290e-01
   1.6750000e-01
   1.5629032e-01
   1.5137097e-01
   1.5306452e-01
   1.6120968e-01
   1.7451613e-01
   1.9088710e-01
   2.0741936e-01
   2.2104839e-01
   2.2935484e-01
   2.3129032e-01
   2.2709677e-01
   2.1854839e-01
   2.0798387e-01
   1.9766129e-01
   1.8959677e-01
   1.8443548e-01
   1.8250000e-01
   1.8346774e-01
   1.8725807e-01
   1.9379032e-01
   2.0298387e-01
   2.1419355e-01
   2.2596774e-01
   2.3685484e-01
   2.4427419e-01
   2.4677419e-01
   2.4354839e-01
   2.3532258e-01
   2.2419355e-01
   2.1274194e-01
   2.0354839e-01
   1.9838710e-01
   1.9774194e-01
   2.0080645e-01
   2.0612903e-01
   2.1201613e-01
   2.1677419e-01
   2.1927419e-01
   2.1862903e-01
   2.1427419e-01
   2.0580645e-01
   1.9330645e-01
   1.7741935e-01
   1.5975806e-01
   1.4250000e-01
   1.2838710e-01
   1.1991935e-01
   1.1870968e-01
   1.2508065e-01
   1.3798387e-01
   1.5516129e-01
   1.7395161e-01
   1.9161290e-01
   2.0588710e-01
   2.1516129e-01
   2.1822581e-01
   2.1451613e-01
   2.0411290e-01
   1.8798387e-01
   1.6846774e-01
   1.4903226e-01
   1.3403226e-01
   1.2822581e-01
   1.3500000e-01
   1.5564516e-01
   1.8862903e-01
   2.2959677e-01
   2.7217742e-01
   3.0983871e-01
   3.3677419e-01
   3.4935484e-01
   3.4653226e-01
   3.2967742e-01
   3.0217742e-01
   2.6830645e-01
   2.3290322e-01
   2.0064516e-01
   1.7564516e-01
   1.6129032e-01
   1.5991935e-01
   1.7193548e-01
   1.9580645e-01
   2.2798387e-01
   2.6306452e-01
   2.9524193e-01
   3.1903226e-01
   3.3056452e-01
   3.2814516e-01
   3.1258065e-01
   2.8669355e-01
   2.5435484e-01
   2.1983871e-01
   1.8709677e-01
   1.5983871e-01
   1.4064516e-01
   1.3161290e-01
   1.3379032e-01
   1.4701613e-01
   1.6935484e-01
   1.9774194e-01
   2.2766129e-01
   2.5443548e-01
   2.7370968e-01
   2.8274194e-01
   2.8080645e-01
   2.6895161e-01
   2.4975806e-01
   2.2645161e-01
   2.0225807e-01
   1.8032258e-01
   1.6258064e-01
   1.5104839e-01
   1.4693548e-01
   1.5120968e-01
   1.6362903e-01
   1.8298387e-01
   2.0669355e-01
   2.3129032e-01
   2.5266129e-01
   2.6741936e-01
   2.7314516e-01
   2.6975806e-01
   2.5854839e-01
   2.4241935e-01
   2.2435484e-01
   2.0741935e-01
   1.9379032e-01
   1.8459677e-01
   1.8032258e-01
   1.8096774e-01
   1.8604839e-01
   1.9451613e-01
   2.0508065e-01
   2.1572581e-01
   2.2403226e-01
   2.2806451e-01
   2.2653226e-01
   2.1935484e-01
   2.0830645e-01
   1.9604839e-01
   1.8564516e-01
   1.7991935e-01
   1.8024193e-01
   1.8669355e-01
   1.9782258e-01
   2.1145161e-01
   2.2524193e-01
   2.3725806e-01
   2.4604839e-01
   2.5048387e-01
   2.4983871e-01
   2.4379032e-01
   2.3241935e-01
   2.1677419e-01
   1.9870968e-01
   1.8120968e-01
   1.6766129e-01
   1.6104839e-01
   1.6338710e-01
   1.7483871e-01
   1.9379032e-01
   2.1693548e-01
   2.4048387e-01
   2.6064516e-01
   2.7435484e-01
   2.7991936e-01
   2.7645161e-01
   2.6451613e-01
   2.4516129e-01
   2.2024193e-01
   1.9282258e-01
   1.6653226e-01
   1.4540323e-01
   1.3330645e-01
   1.3290323e-01
   1.4524194e-01
   1.6838709e-01
   1.9862903e-01
   2.3056451e-01
   2.5830645e-01
   2.7693548e-01
   2.8354839e-01
   2.7701613e-01
   2.5830645e-01
   2.3032258e-01
   1.9669355e-01
   1.6185484e-01
   1.3032258e-01
   1.0669355e-01
   9.4919354e-02
   9.7822580e-02
   1.1637097e-01
   1.4887097e-01
   1.9112903e-01
   2.3701613e-01
   2.7911290e-01
   3.1064516e-01
   3.2645161e-01
   3.2443548e-01
   3.0524193e-01
   2.7241936e-01
   2.3129032e-01
   1.8782258e-01
   1.4774194e-01
   1.1629032e-01
   9.7338709e-02
   9.3306452e-02
   1.0508064e-01
   1.3120968e-01
   1.6822581e-01
   2.1088710e-01
   2.5282258e-01
   2.8709677e-01
   3.0862903e-01
   3.1435484e-01
   3.0379032e-01
   2.7975806e-01
   2.4669355e-01
   2.1040323e-01
   1.7604839e-01
   1.4838710e-01
   1.3032258e-01
   1.2387097e-01
   1.2919355e-01
   1.4556452e-01
   1.7072580e-01
   2.0153226e-01
   2.3354839e-01
   2.6201613e-01
   2.8225806e-01
   2.9104839e-01
   2.8685484e-01
   2.7096774e-01
   2.4637097e-01
   2.1750000e-01
   1.8935484e-01
   1.6580645e-01
   1.4983871e-01
   1.4274194e-01
   1.4443548e-01
   1.5411290e-01
   1.6983871e-01
   1.8951613e-01
   2.1016129e-01
   2.2887097e-01
   2.4233871e-01
   2.4830645e-01
   2.4540323e-01
   2.3435484e-01
   2.1750000e-01
   1.9887097e-01
   1.8250000e-01
   1.7217742e-01
   1.7008064e-01
   1.7645161e-01
   1.8975807e-01
   2.0733871e-01
   2.2604839e-01
   2.4274194e-01
   2.5516129e-01
   2.6129032e-01
   2.6016129e-01
   2.5137097e-01
   2.3540322e-01
   2.1411290e-01
   1.9024194e-01
   1.6790322e-01
   1.5096774e-01
   1.4314516e-01
   1.4645161e-01
   1.6040322e-01
   1.8274193e-01
   2.0919355e-01
   2.3483871e-01
   2.5524194e-01
   2.6693548e-01
   2.6822581e-01
   2.5911290e-01
   2.4088710e-01
   2.1580645e-01
   1.8701613e-01
   1.5814516e-01
   1.3346774e-01
   1.1701613e-01
   1.1217742e-01
   1.2088710e-01
   1.4298387e-01
   1.7540322e-01
   2.1330645e-01
   2.5048387e-01
   2.8040323e-01
   2.9822581e-01
   3.0104839e-01
   2.8854839e-01
   2.6282258e-01
   2.2750000e-01
   1.8750000e-01
   1.4774194e-01
   1.1346774e-01
   8.9112902e-02
   7.8467742e-02
   8.3709675e-02
   1.0524193e-01
   1.4064516e-01
   1.8540322e-01
   2.3274193e-01
   2.7548387e-01
   3.0685484e-01
   3.2233871e-01
   3.2000000e-01
   3.0120968e-01
   2.6975807e-01
   2.3080645e-01
   1.9040322e-01
   1.5387097e-01
   1.2564516e-01
   1.0927419e-01
   1.0669355e-01
   1.1838710e-01
   1.4338710e-01
   1.7854839e-01
   2.1911290e-01
   2.5903226e-01
   2.9201613e-01
   3.1233871e-01
   3.1629032e-01
   3.0274193e-01
   2.7330645e-01
   2.3201613e-01
   1.8451613e-01
   1.3693548e-01
   9.5322581e-02
   6.5000000e-02
   4.9758064e-02
   5.1612901e-02
   7.0564517e-02
   1.0435484e-01
   1.4854839e-01
   1.9661290e-01
   2.4137097e-01
   2.7596774e-01
   2.9540322e-01
   2.9798387e-01
   2.8508064e-01
   2.6137097e-01
   2.3298387e-01
   2.0645161e-01
   1.8725806e-01
   1.7862903e-01
   1.8137097e-01
   1.9395161e-01
   2.1395161e-01
   2.3750000e-01
   2.6120968e-01
   2.8153226e-01
   2.9524193e-01
   3.0016129e-01
   2.9508064e-01
   2.8064516e-01
   2.5870968e-01
   2.3306452e-01
   2.0838710e-01
   1.8903226e-01
   1.7862903e-01
   1.7879032e-01
   1.8903226e-01
   2.0669355e-01
   2.2846774e-01
   2.5048387e-01
   2.6919355e-01
   2.8177419e-01
   2.8677419e-01
   2.8314516e-01
   2.7104839e-01
   2.5153226e-01
   2.2677419e-01
   2.0024193e-01
   1.7596774e-01
   1.5838710e-01
   1.5104839e-01
   1.5556452e-01
   1.7145161e-01
   1.9596774e-01
   2.2451613e-01
   2.5193548e-01
   2.7346774e-01
   2.8580645e-01
   2.8733871e-01
   2.7806452e-01
   2.5935484e-01
   2.3370968e-01
   2.0427419e-01
   1.7483871e-01
   1.4935484e-01
   1.3209678e-01
   1.2645161e-01
   1.3443548e-01
   1.5580645e-01
   1.8790323e-01
   2.2604839e-01
   2.6395161e-01
   2.9540322e-01
   3.1532258e-01
   3.2080645e-01
   3.1153226e-01
   2.8919355e-01
   2.5725807e-01
   2.2016129e-01
   1.8266129e-01
   1.4951613e-01
   1.2491935e-01
   1.1250000e-01
   1.1475806e-01
   1.3233871e-01
   1.6346774e-01
   2.0403226e-01
   2.4806452e-01
   2.8830645e-01
   3.1774194e-01
   3.3096774e-01
   3.2524193e-01
   3.0064516e-01
   2.6032258e-01
   2.0967742e-01
   1.5524193e-01
   1.0387097e-01
   6.2338710e-02
   3.5967741e-02
   2.8709677e-02
   4.1935484e-02
   7.4274193e-02
   1.2177419e-01
   1.7733871e-01
   2.3282258e-01
   2.7975807e-01
   3.1153226e-01
   3.2435484e-01
   3.1822581e-01
   2.9653226e-01
   2.6524193e-01
   2.3096774e-01
   2.0008064e-01
   1.7725806e-01
   1.6500000e-01
   1.6387097e-01
   1.7266129e-01
   1.8927419e-01
   2.1088710e-01
   2.3411290e-01
   2.5556452e-01
   2.7193548e-01
   2.8072581e-01
   2.8048387e-01
   2.7161290e-01
   2.5588710e-01
   2.3645161e-01
   2.1717742e-01
   2.0120968e-01
   1.9104839e-01
   1.8766129e-01
   1.9080645e-01
   1.9935484e-01
   2.1177419e-01
   2.2629032e-01
   2.4112903e-01
   2.5443548e-01
   2.6403226e-01
   2.6790323e-01
   2.6475807e-01
   2.5419355e-01
   2.3750000e-01
   2.1750000e-01
   1.9830645e-01
   1.8395161e-01
   1.7798387e-01
   1.8201613e-01
   1.9540322e-01
   2.1588710e-01
   2.3967742e-01
   2.6274194e-01
   2.8145161e-01
   2.9306452e-01
   2.9572581e-01
   2.8895161e-01
   2.7306452e-01
   2.4975806e-01
   2.2177419e-01
   1.9290322e-01
   1.6798387e-01
   1.5129032e-01
   1.4653226e-01
   1.5491935e-01
   1.7556452e-01
   2.0467742e-01
   2.3701613e-01
   2.6653226e-01
   2.8782258e-01
   2.9733871e-01
   2.9330645e-01
   2.7629032e-01
   2.4879032e-01
   2.1427419e-01
   1.7741935e-01
   1.4322581e-01
   1.1669355e-01
   1.0250000e-01
   1.0370968e-01
   1.2153226e-01
   1.5435484e-01
   1.9782258e-01
   2.4532258e-01
   2.8919355e-01
   3.2233871e-01
   3.3975806e-01
   3.3911290e-01
   3.2145161e-01
   2.9040323e-01
   2.5112903e-01
   2.0983871e-01
   1.7193548e-01
   1.4241935e-01
   1.2451613e-01
   1.2048387e-01
   1.3088710e-01
   1.5443548e-01
   1.8806452e-01
   2.2693548e-01
   2.6524194e-01
   2.9701613e-01
   3.1725807e-01
   3.2314516e-01
   3.1427419e-01
   2.9282258e-01
   2.6290323e-01
   2.2927419e-01
   1.9693548e-01
   1.6959677e-01
   1.5048387e-01
   1.4137097e-01
   1.4306452e-01
   1.5540322e-01
   1.7717742e-01
   2.0556452e-01
   2.3677419e-01
   2.6588710e-01
   2.8790323e-01
   2.9838710e-01
   2.9483871e-01
   2.7693548e-01
   2.4677419e-01
   2.0838710e-01
   1.6701613e-01
   1.2798387e-01
   9.5967740e-02
   7.4596775e-02
   6.6532258e-02
   7.2177420e-02
   9.0967742e-02
   1.2024193e-01
   1.5588710e-01
   1.9258064e-01
   2.2443548e-01
   2.4620968e-01
   2.5451613e-01
   2.4838709e-01
   2.3000000e-01
   2.0362903e-01
   1.7516129e-01
   1.5024193e-01
   1.3346774e-01
   1.2750000e-01
   1.3266129e-01
   1.4774194e-01
   1.7024193e-01
   1.9709677e-01
   2.2483871e-01
   2.5008064e-01
   2.6967742e-01
   2.8088710e-01
   2.8201613e-01
   2.7298387e-01
   2.5580645e-01
   2.3427419e-01
   2.1322581e-01
   1.9790323e-01
   1.9217742e-01
   1.9782258e-01
   2.1419355e-01
   2.3830645e-01
   2.6556452e-01
   2.9137097e-01
   3.1120968e-01
   3.2201613e-01
   3.2225806e-01
   3.1185484e-01
   2.9225806e-01
   2.6580645e-01
   2.3669355e-01
   2.0919355e-01
   1.8830645e-01
   1.7838710e-01
   1.8209677e-01
   1.9983871e-01
   2.2903226e-01
   2.6483871e-01
   3.0080645e-01
   3.3032258e-01
   3.4814516e-01
   3.5096774e-01
   3.3822581e-01
   3.1201613e-01
   2.7588710e-01
   2.3451613e-01
   1.9322581e-01
   1.5701613e-01
   1.3056452e-01
   1.1750000e-01
   1.2016129e-01
   1.3870968e-01
   1.7120968e-01
   2.1290323e-01
   2.5766129e-01
   2.9822581e-01
   3.2814516e-01
   3.4306452e-01
   3.4120968e-01
   3.2379032e-01
   2.9443548e-01
   2.5814516e-01
   2.2048387e-01
   1.8645161e-01
   1.6024193e-01
   1.4483871e-01
   1.4193548e-01
   1.5193548e-01
   1.7346774e-01
   2.0338710e-01
   2.3741935e-01
   2.7000000e-01
   2.9572581e-01
   3.1016129e-01
   3.1120968e-01
   2.9903226e-01
   2.7620968e-01
   2.4701613e-01
   2.1637097e-01
   1.8870968e-01
   1.6741935e-01
   1.5467742e-01
   1.5129032e-01
   1.5717742e-01
   1.7129032e-01
   1.9185484e-01
   2.1620968e-01
   2.4088710e-01
   2.6201613e-01
   2.7588710e-01
   2.8008064e-01
   2.7370968e-01
   2.5790323e-01
   2.3572580e-01
   2.1129032e-01
   1.8879032e-01
   1.7193548e-01
   1.6290322e-01
   1.6250000e-01
   1.7048387e-01
   1.8540323e-01
   2.0540323e-01
   2.2782258e-01
   2.4991935e-01
   2.6846774e-01
   2.8040323e-01
   2.8314516e-01
   2.7596774e-01
   2.5959677e-01
   2.3701613e-01
   2.1233871e-01
   1.9056452e-01
   1.7580645e-01
   1.7048387e-01
   1.7524193e-01
   1.8862903e-01
   2.0782258e-01
   2.2927419e-01
   2.4959677e-01
   2.6580645e-01
   2.7556452e-01
   2.7750000e-01
   2.7088710e-01
   2.5637097e-01
   2.3564516e-01
   2.1185484e-01
   1.8911290e-01
   1.7169355e-01
   1.6330645e-01
   1.6588710e-01
   1.7927419e-01
   2.0064516e-01
   2.2588710e-01
   2.5008064e-01
   2.6895161e-01
   2.7919355e-01
   2.7951613e-01
   2.7008065e-01
   2.5217742e-01
   2.2822581e-01
   2.0096774e-01
   1.7362903e-01
   1.4975806e-01
   1.3282258e-01
   1.2588710e-01
   1.3064516e-01
   1.4693548e-01
   1.7258064e-01
   2.0330645e-01
   2.3403226e-01
   2.5951613e-01
   2.7564516e-01
   2.8056452e-01
   2.7419355e-01
   2.5846774e-01
   2.3653226e-01
   2.1177419e-01
   1.8798387e-01
   1.6822581e-01
   1.5500000e-01
   1.5016129e-01
   1.5475806e-01
   1.6838710e-01
   1.8903226e-01
   2.1322581e-01
   2.3677419e-01
   2.5483871e-01
   2.6403226e-01
   2.6274194e-01
   2.5137097e-01
   2.3274193e-01
   2.1072581e-01
   1.8959677e-01
   1.7290323e-01
   1.6314516e-01
   1.6112903e-01
   1.6661290e-01
   1.7838710e-01
   1.9483871e-01
   2.1346774e-01
   2.3169355e-01
   2.4661290e-01
   2.5524193e-01
   2.5556452e-01
   2.4653226e-01
   2.2927419e-01
   2.0620968e-01
   1.8129032e-01
   1.5870968e-01
   1.4201613e-01
   1.3370968e-01
   1.3419355e-01
   1.4314516e-01
   1.5862903e-01
   1.7895161e-01
   2.0185484e-01
   2.2524193e-01
   2.4685484e-01
   2.6419355e-01
   2.7451613e-01
   2.7572581e-01
   2.6661290e-01
   2.4806452e-01
   2.2250000e-01
   1.9411290e-01
   1.6750000e-01
   1.4717742e-01
   1.3629032e-01
   1.3596774e-01
   1.4588710e-01
   1.6387097e-01
   1.8733871e-01
   2.1338710e-01
   2.3879032e-01
   2.6080645e-01
   2.7645161e-01
   2.8362903e-01
   2.8064516e-01
   2.6758065e-01
   2.4572581e-01
   2.1830645e-01
   1.9000000e-01
   1.6532258e-01
   1.4830645e-01
   1.4137097e-01
   1.4483871e-01
   1.5725806e-01
   1.7596774e-01
   1.9766129e-01
   2.1919355e-01
   2.3798387e-01
   2.5193548e-01
   2.5959677e-01
   2.5983871e-01
   2.5258065e-01
   2.3879032e-01
   2.2056452e-01
   2.0120968e-01
   1.8451613e-01
   1.7419355e-01
   1.7250000e-01
   1.7983871e-01
   1.9467742e-01
   2.1387097e-01
   2.3346774e-01
   2.4991935e-01
   2.6064516e-01
   2.6419355e-01
   2.6048387e-01
   2.5032258e-01
   2.3524194e-01
   2.1709677e-01
   1.9822581e-01
   1.8145161e-01
   1.6951613e-01
   1.6524194e-01
   1.7008064e-01
   1.8435484e-01
   2.0604839e-01
   2.3161290e-01
   2.5629032e-01
   2.7556452e-01
   2.8580645e-01
   2.8524194e-01
   2.7427419e-01
   2.5500000e-01
   2.3072581e-01
   2.0483871e-01
   1.8104839e-01
   1.6225806e-01
   1.5088710e-01
   1.4862903e-01
   1.5620968e-01
   1.7274193e-01
   1.9637097e-01
   2.2322581e-01
   2.4862903e-01
   2.6790323e-01
   2.7733871e-01
   2.7516129e-01
   2.6201613e-01
   2.4064516e-01
   2.1532258e-01
   1.9048387e-01
   1.7016129e-01
   1.5733871e-01
   1.5330645e-01
   1.5838710e-01
   1.7209677e-01
   1.9322581e-01
   2.1967742e-01
   2.4895161e-01
   2.7741936e-01
   3.0137097e-01
   3.1701613e-01
   3.2185484e-01
   3.1483871e-01
   2.9725806e-01
   2.7201613e-01
   2.4346774e-01
   2.1612903e-01
   1.9362903e-01
   1.7862903e-01
   1.7225806e-01
   1.7443548e-01
   1.8411290e-01
   1.9983871e-01
   2.1951613e-01
   2.4048387e-01
   2.5967742e-01
   2.7395161e-01
   2.8072581e-01
   2.7854839e-01
   2.6774193e-01
   2.5032258e-01
   2.2983871e-01
   2.1048387e-01
   1.9620968e-01
   1.8927419e-01
   1.9072581e-01
   1.9959677e-01
   2.1411290e-01
   2.3145161e-01
   2.4903226e-01
   2.6443548e-01
   2.7556452e-01
   2.8072581e-01
   2.7870968e-01
   2.6903226e-01
   2.5250000e-01
   2.3145161e-01
   2.0895161e-01
   1.8935484e-01
   1.7637097e-01
   1.7266129e-01
   1.7911290e-01
   1.9435484e-01
   2.1548387e-01
   2.3846774e-01
   2.5911290e-01
   2.7427419e-01
   2.8137097e-01
   2.7935484e-01
   2.6814516e-01
   2.4870968e-01
   2.2298387e-01
   1.9411290e-01
   1.6620968e-01
   1.4379032e-01
   1.3145161e-01
   1.3258064e-01
   1.4790323e-01
   1.7604839e-01
   2.1241935e-01
   2.5064516e-01
   2.8362903e-01
   3.0491935e-01
   3.0991935e-01
   2.9669355e-01
   2.6629032e-01
   2.2209677e-01
   1.6935484e-01
   1.1508064e-01
   6.6532258e-02
   3.0887097e-02
   1.4354838e-02
   2.0645162e-02
   5.0564516e-02
   1.0104839e-01
   1.6564516e-01
   2.3508064e-01
   2.9935484e-01
   3.4919355e-01
   3.7830645e-01
   3.8387097e-01
   3.6741935e-01
   3.3379032e-01
   2.8943548e-01
   2.4193548e-01
   1.9814516e-01
   1.6354839e-01
   1.4209677e-01
   1.3580645e-01
   1.4467742e-01
   1.6733871e-01
   2.0016129e-01
   2.3806452e-01
   2.7532258e-01
   3.0588710e-01
   3.2532258e-01
   3.3088710e-01
   3.2241936e-01
   3.0241935e-01
   2.7483871e-01
   2.4427419e-01
   2.1508065e-01
   1.9096774e-01
   1.7403226e-01
   1.6572580e-01
   1.6637097e-01
   1.7556452e-01
   1.9201613e-01
   2.1362903e-01
   2.3709677e-01
   2.5887097e-01
   2.7508065e-01
   2.8290323e-01
   2.8080645e-01
   2.6927419e-01
   2.5064516e-01
   2.2814516e-01
   2.0580645e-01
   1.8669355e-01
   1.7322581e-01
   1.6669355e-01
   1.6717742e-01
   1.7451613e-01
   1.8758065e-01
   2.0483871e-01
   2.2403226e-01
   2.4250000e-01
   2.5717742e-01
   2.6540323e-01
   2.6556452e-01
   2.5766129e-01
   2.4354839e-01
   2.2661290e-01
   2.1080645e-01
   1.9975806e-01
   1.9580645e-01
   1.9943548e-01
   2.0967742e-01
   2.2435484e-01
   2.4072581e-01
   2.5588710e-01
   2.6758065e-01
   2.7403226e-01
   2.7379032e-01
   2.6629032e-01
   2.5185484e-01
   2.3169355e-01
   2.0887097e-01
   1.8685484e-01
   1.7008064e-01
   1.6225806e-01
   1.6548387e-01
   1.7975806e-01
   2.0258064e-01
   2.2967742e-01
   2.5580645e-01
   2.7572581e-01
   2.8556452e-01
   2.8290323e-01
   2.6741935e-01
   2.4032258e-01
   2.0475807e-01
   1.6475806e-01
   1.2572581e-01
   9.3467742e-02
   7.3629031e-02
   7.0725805e-02
   8.6935483e-02
   1.2129032e-01
   1.6975806e-01
   2.2516129e-01
   2.7927419e-01
   3.2370968e-01
   3.5233871e-01
   3.6153226e-01
   3.5129032e-01
   3.2435484e-01
   2.8564516e-01
   2.4129032e-01
   1.9758064e-01
   1.6016129e-01
   1.3387097e-01
   1.2250000e-01
   1.2806452e-01
   1.5040323e-01
   1.8701613e-01
   2.3274193e-01
   2.8080645e-01
   3.2314516e-01
   3.5250000e-01
   3.6354839e-01
   3.5338710e-01
   3.2274194e-01
   2.7524194e-01
   2.1685484e-01
   1.5467742e-01
   9.6209677e-02
   4.8387096e-02
   1.7016129e-02
   5.9677404e-03
   1.6774192e-02
   4.7903224e-02
   9.4999999e-02
   1.5120968e-01
   2.0814516e-01
   2.5717742e-01
   2.9104839e-01
   3.0564516e-01
   3.0000000e-01
   2.7677419e-01
   2.4137097e-01
   2.0048387e-01
   1.6088710e-01
   1.2854839e-01
   1.0774193e-01
   1.0104839e-01
   1.0951613e-01
   1.3217742e-01
   1.6620968e-01
   2.0750000e-01
   2.5040322e-01
   2.8879032e-01
   3.1701613e-01
   3.3145161e-01
   3.3056452e-01
   3.1612903e-01
   2.9225806e-01
   2.6475806e-01
   2.3935484e-01
   2.2056452e-01
   2.1120968e-01
   2.1161290e-01
   2.2048387e-01
   2.3516129e-01
   2.5258064e-01
   2.6975807e-01
   2.8387097e-01
   2.9233871e-01
   2.9379032e-01
   2.8733871e-01
   2.7346774e-01
   2.5435484e-01
   2.3306452e-01
   2.1370968e-01
   2.0000000e-01
   1.9483871e-01
   1.9903226e-01
   2.1185484e-01
   2.3072581e-01
   2.5209677e-01
   2.7241935e-01
   2.8887097e-01
   2.9911290e-01
   3.0177419e-01
   2.9653226e-01
   2.8330645e-01
   2.6346774e-01
   2.3887097e-01
   2.1274194e-01
   1.8895161e-01
   1.7161290e-01
   1.6403226e-01
   1.6806451e-01
   1.8290322e-01
   2.0588710e-01
   2.3298387e-01
   2.5870968e-01
   2.7879032e-01
   2.8983871e-01
   2.9040323e-01
   2.8032258e-01
   2.6096774e-01
   2.3491935e-01
   2.0524193e-01
   1.7588710e-01
   1.5104839e-01
   1.3532258e-01
   1.3201613e-01
   1.4330645e-01
   1.6903226e-01
   2.0596774e-01
   2.4879032e-01
   2.9008064e-01
   3.2250000e-01
   3.3959677e-01
   3.3750000e-01
   3.1524194e-01
   2.7500000e-01
   2.2137097e-01
   1.6104839e-01
   1.0145161e-01
   5.0322579e-02
   1.4677419e-02
   0.0000000e+00
   9.2741943e-03
   4.2096774e-02
   9.4677419e-02
   1.5959677e-01
   2.2733871e-01
   2.8774194e-01
   3.3217742e-01
   3.5491936e-01
   3.5451613e-01
   3.3330645e-01
   2.9709677e-01
   2.5346774e-01
   2.0991936e-01
   1.7306451e-01
   1.4758064e-01
   1.3629032e-01
   1.3967742e-01
   1.5669355e-01
   1.8451613e-01
   2.1895161e-01
   2.5516129e-01
   2.8750000e-01
   3.1112903e-01
   3.2258064e-01
   3.2048387e-01
   3.0572580e-01
   2.8153226e-01
   2.5225806e-01
   2.2290323e-01
   1.9750000e-01
   1.7919355e-01
   1.6943548e-01
   1.6870968e-01
   1.7637097e-01
   1.9112903e-01
   2.1096774e-01
   2.3306452e-01
   2.5411290e-01
   2.7056452e-01
   2.7927419e-01
   2.7814516e-01
   2.6701613e-01
   2.4774193e-01
   2.2387097e-01
   1.9975806e-01
   1.7975807e-01
   1.6717742e-01
   1.6362903e-01
   1.6919355e-01
   1.8250000e-01
   2.0120968e-01
   2.2258064e-01
   2.4370968e-01
   2.6177419e-01
   2.7387097e-01
   2.7790323e-01
   2.7241935e-01
   2.5766129e-01
   2.3556451e-01
   2.0991936e-01
   1.8532258e-01
   1.6653226e-01
   1.5717742e-01
   1.5879032e-01
   1.7064516e-01
   1.9000000e-01
   2.1306452e-01
   2.3540322e-01
   2.5370968e-01
   2.6532258e-01
   2.6879032e-01
   2.6370968e-01
   2.5080645e-01
   2.3153226e-01
   2.0838710e-01
   1.8443548e-01
   1.6370968e-01
   1.4983871e-01
   1.4580645e-01
   1.5266129e-01
   1.6935484e-01
   1.9290323e-01
   2.1870968e-01
   2.4209677e-01
   2.5862903e-01
   2.6580645e-01
   2.6250000e-01
   2.4959677e-01
   2.2903226e-01
   2.0354839e-01
   1.7653226e-01
   1.5145161e-01
   1.3209677e-01
   1.2193548e-01
   1.2362903e-01
   1.3814516e-01
   1.6467742e-01
   1.9959677e-01
   2.3790322e-01
   2.7322581e-01
   2.9975806e-01
   3.1306451e-01
   3.1137097e-01
   2.9556452e-01
   2.6846774e-01
   2.3459677e-01
   1.9887097e-01
   1.6604839e-01
   1.4008065e-01
   1.2427419e-01
   1.2056451e-01
   1.2983871e-01
   1.5120968e-01
   1.8217742e-01
   2.1822581e-01
   2.5387097e-01
   2.8346774e-01
   3.0185484e-01
   3.0637097e-01
   2.9645161e-01
   2.7435484e-01
   2.4427419e-01
   2.1104839e-01
   1.7983871e-01
   1.5467742e-01
   1.3862903e-01
   1.3314516e-01
   1.3887097e-01
   1.5491935e-01
   1.7935484e-01
   2.0919355e-01
   2.4000000e-01
   2.6725806e-01
   2.8637097e-01
   2.9419355e-01
   2.8967742e-01
   2.7395161e-01
   2.5032258e-01
   2.2346774e-01
   1.9814516e-01
   1.7830645e-01
   1.6677419e-01
   1.6427419e-01
   1.7040322e-01
   1.8403226e-01
   2.0274193e-01
   2.2419355e-01
   2.4524193e-01
   2.6298387e-01
   2.7435484e-01
   2.7709677e-01
   2.7024194e-01
   2.5475806e-01
   2.3346774e-01
   2.1040323e-01
   1.9000000e-01
   1.7629032e-01
   1.7153226e-01
   1.7620968e-01
   1.8887097e-01
   2.0685484e-01
   2.2685484e-01
   2.4580645e-01
   2.6104839e-01
   2.7048387e-01
   2.7258064e-01
   2.6685484e-01
   2.5362903e-01
   2.3443548e-01
   2.1193548e-01
   1.8991935e-01
   1.7250000e-01
   1.6338710e-01
   1.6427419e-01
   1.7532258e-01
   1.9387097e-01
   2.1637097e-01
   2.3798387e-01
   2.5467742e-01
   2.6370968e-01
   2.6330645e-01
   2.5403226e-01
   2.3701613e-01
   2.1435484e-01
   1.8870968e-01
   1.6330645e-01
   1.4161290e-01
   1.2717742e-01
   1.2306452e-01
   1.3104839e-01
   1.5104839e-01
   1.8056452e-01
   2.1532258e-01
   2.4959677e-01
   2.7774194e-01
   2.9508064e-01
   2.9895161e-01
   2.8895161e-01
   2.6669355e-01
   2.3556451e-01
   1.9943548e-01
   1.6314516e-01
   1.3120968e-01
   1.0782258e-01
   9.6693549e-02
   1.0008065e-01
   1.1838710e-01
   1.4967742e-01
   1.8967742e-01
   2.3225806e-01
   2.7056452e-01
   2.9854839e-01
   3.1201613e-01
   3.0967742e-01
   2.9274193e-01
   2.6524194e-01
   2.3193548e-01
   1.9822581e-01
   1.6879032e-01
   1.4741935e-01
   1.3653226e-01
   1.3750000e-01
   1.5040323e-01
   1.7379032e-01
   2.0451613e-01
   2.3854839e-01
   2.7056452e-01
   2.9516129e-01
   3.0838710e-01
   3.0798387e-01
   2.9459677e-01
   2.7072581e-01
   2.4096774e-01
   2.1040323e-01
   1.8354839e-01
   1.6403226e-01
   1.5379032e-01
   1.5346774e-01
   1.6250000e-01
   1.7927419e-01
   2.0120968e-01
   2.2524193e-01
   2.4766129e-01
   2.6459677e-01
   2.7314516e-01
   2.7137097e-01
   2.5967742e-01
   2.4040322e-01
   2.1733871e-01
   1.9516129e-01
   1.7798387e-01
   1.6887097e-01
   1.6879032e-01
   1.7717742e-01
   1.9241935e-01
   2.1169355e-01
   2.3250000e-01
   2.5209677e-01
   2.6822581e-01
   2.7862903e-01
   2.8137097e-01
   2.7556452e-01
   2.6153226e-01
   2.4096774e-01
   2.1725806e-01
   1.9459677e-01
   1.7733871e-01
   1.6879032e-01
   1.7056451e-01
   1.8209677e-01
   2.0112903e-01
   2.2395161e-01
   2.4677419e-01
   2.6596774e-01
   2.7887097e-01
   2.8362903e-01
   2.7943548e-01
   2.6653226e-01
   2.4612903e-01
   2.2096774e-01
   1.9459677e-01
   1.7153226e-01
   1.5604839e-01
   1.5169355e-01
   1.5991935e-01
   1.7943548e-01
   2.0693548e-01
   2.3709677e-01
   2.6435484e-01
   2.8362903e-01
   2.9153226e-01
   2.8669355e-01
   2.6967742e-01
   2.4290322e-01
   2.0967742e-01
   1.7427419e-01
   1.4120968e-01
   1.1483871e-01
   9.9677417e-02
   9.8790322e-02
   1.1330645e-01
   1.4241935e-01
   1.8201613e-01
   2.2669355e-01
   2.6911290e-01
   3.0290322e-01
   3.2298387e-01
   3.2677419e-01
   3.1451613e-01
   2.8911290e-01
   2.5467742e-01
   2.1645161e-01
   1.7943548e-01
   1.4822581e-01
   1.2677419e-01
   1.1798387e-01
   1.2322581e-01
   1.4233871e-01
   1.7298387e-01
   2.1064516e-01
   2.4951613e-01
   2.8322581e-01
   3.0612903e-01
   3.1451613e-01
   3.0750000e-01
   2.8693548e-01
   2.5653226e-01
   2.2153226e-01
   1.8733871e-01
   1.5822581e-01
   1.3790323e-01
   1.2846774e-01
   1.3048387e-01
   1.4387097e-01
   1.6653226e-01
   1.9548387e-01
   2.2645161e-01
   2.5451613e-01
   2.7516129e-01
   2.8500000e-01
   2.8266129e-01
   2.6911290e-01
   2.4741935e-01
   2.2193548e-01
   1.9725806e-01
   1.7758065e-01
   1.6548387e-01
   1.6225806e-01
   1.6790322e-01
   1.8129032e-01
   2.0064516e-01
   2.2362903e-01
   2.4701613e-01
   2.6750000e-01
   2.8153226e-01
   2.8629032e-01
   2.8040323e-01
   2.6451613e-01
   2.4120968e-01
   2.1467742e-01
   1.9000000e-01
   1.7153226e-01
   1.6225806e-01
   1.6314516e-01
   1.7338710e-01
   1.9056452e-01
   2.1153226e-01
   2.3314516e-01
   2.5225806e-01
   2.6645161e-01
   2.7354839e-01
   2.7233871e-01
   2.6258065e-01
   2.4532258e-01
   2.2298387e-01
   1.9951613e-01
   1.7911290e-01
   1.6588710e-01
   1.6258064e-01
   1.6959677e-01
   1.8540322e-01
   2.0645161e-01
   2.2854839e-01
   2.4741935e-01
   2.5967742e-01
   2.6330645e-01
   2.5758064e-01
   2.4306451e-01
   2.2129032e-01
   1.9475806e-01
   1.6669355e-01
   1.4096774e-01
   1.2193548e-01
   1.1330645e-01
   1.1741936e-01
   1.3508064e-01
   1.6387097e-01
   1.9959677e-01
   2.3669355e-01
   2.6911290e-01
   2.9201613e-01
   3.0233871e-01
   2.9927419e-01
   2.8379032e-01
   2.5854839e-01
   2.2717742e-01
   1.9346774e-01
   1.6185484e-01
   1.3637097e-01
   1.2088710e-01
   1.1830645e-01
   1.2991936e-01
   1.5475806e-01
   1.8951613e-01
   2.2854839e-01
   2.6491935e-01
   2.9201613e-01
   3.0435484e-01
   2.9919355e-01
   2.7669355e-01
   2.3967742e-01
   1.9298387e-01
   1.4298387e-01
   9.6048387e-02
   5.8548386e-02
   3.5161289e-02
   2.9354839e-02
   4.2338711e-02
   7.2500000e-02
   1.1572580e-01
   1.6564516e-01
   2.1419355e-01
   2.5362903e-01
   2.7798387e-01
   2.8379032e-01
   2.7129032e-01
   2.4370968e-01
   2.0685484e-01
   1.6733871e-01
   1.3161290e-01
   1.0483871e-01
   9.0322580e-02
   9.0000000e-02
   1.0370968e-01
   1.3016129e-01
   1.6653226e-01
   2.0862903e-01
   2.5120968e-01
   2.8854839e-01
   3.1588710e-01
   3.2943548e-01
   3.2822581e-01
   3.1411290e-01
   2.9104839e-01
   2.6443548e-01
   2.3983871e-01
   2.2137097e-01
   2.1120968e-01
   2.0975806e-01
   2.1548387e-01
   2.2604839e-01
   2.3887097e-01
   2.5153226e-01
   2.6209678e-01
   2.6895161e-01
   2.7137097e-01
   2.6895161e-01
   2.6233871e-01
   2.5298387e-01
   2.4322580e-01
   2.3540322e-01
   2.3185484e-01
   2.3346774e-01
   2.3975806e-01
   2.4895161e-01
   2.5854839e-01
   2.6588710e-01
   2.6927419e-01
   2.6806452e-01
   2.6282258e-01
   2.5491935e-01
   2.4588710e-01
   2.3701613e-01
   2.2935484e-01
   2.2362903e-01
   2.2048387e-01
   2.2088710e-01
   2.2588710e-01
   2.3572581e-01
   2.5024194e-01
   2.6790323e-01
   2.8588710e-01
   3.0104839e-01
   3.1024193e-01
   3.1112903e-01
   3.0298387e-01
   2.8637097e-01
   2.6322581e-01
   2.3604839e-01
   2.0782258e-01
   1.8112903e-01
   1.5870968e-01
   1.4330645e-01
   1.3693548e-01
   1.4129032e-01
   1.5677419e-01
   1.8241935e-01
   2.1532258e-01
   2.5120968e-01
   2.8508065e-01
   3.1209677e-01
   3.2887097e-01
   3.3338710e-01
   3.2588710e-01
   3.0806451e-01
   2.8274194e-01
   2.5298387e-01
   2.2225806e-01
   1.9370968e-01
   1.7040322e-01
   1.5532258e-01
   1.5048387e-01
   1.5685484e-01
   1.7379032e-01
   1.9879032e-01
   2.2774193e-01
   2.5588710e-01
   2.7854839e-01
   2.9233871e-01
   2.9572581e-01
   2.8887097e-01
   2.7387097e-01
   2.5322581e-01
   2.3008064e-01
   2.0701613e-01
   1.8645161e-01
   1.7040322e-01
   1.6080645e-01
   1.5870968e-01
   1.6483871e-01
   1.7870968e-01
   1.9822581e-01
   2.2032258e-01
   2.4137097e-01
   2.5766129e-01
   2.6701613e-01
   2.6822581e-01
   2.6185484e-01
   2.4959677e-01
   2.3403226e-01
   2.1709677e-01
   2.0072581e-01
   1.8653226e-01
   1.7564516e-01
   1.6919355e-01
   1.6822581e-01
   1.7306451e-01
   1.8322581e-01
   1.9750000e-01
   2.1322581e-01
   2.2758064e-01
   2.3774194e-01
   2.4217742e-01
   2.4048387e-01
   2.3379032e-01
   2.2419355e-01
   2.1387097e-01
   2.0491936e-01
   1.9830645e-01
   1.9443548e-01
   1.9330645e-01
   1.9467742e-01
   1.9806452e-01
   2.0314516e-01
   2.0903226e-01
   2.1467742e-01
   2.1854839e-01
   2.1935484e-01
   2.1620968e-01
   2.0943548e-01
   2.0072581e-01
   1.9266129e-01
   1.8774194e-01
   1.8798387e-01
   1.9419355e-01
   2.0524194e-01
   2.1895161e-01
   2.3225806e-01
   2.4250000e-01
   2.4750000e-01
   2.4629032e-01
   2.3846774e-01
   2.2483871e-01
   2.0653226e-01
   1.8556451e-01
   1.6427419e-01
   1.4588710e-01
   1.3411290e-01
   1.3185484e-01
   1.4153226e-01
   1.6322581e-01
   1.9475807e-01
   2.3161290e-01
   2.6782258e-01
   2.9693548e-01
   3.1362903e-01
   3.1419355e-01
   2.9758064e-01
   2.6548387e-01
   2.2145161e-01
   1.7072581e-01
   1.1959677e-01
   7.4758065e-02
   4.2499999e-02
   2.8225806e-02
   3.4999999e-02
   6.3225806e-02
   1.1000000e-01
   1.6895161e-01
   2.3177419e-01
   2.8927419e-01
   3.3306452e-01
   3.5766129e-01
   3.6088710e-01
   3.4411290e-01
   3.1209677e-01
   2.7056452e-01
   2.2612903e-01
   1.8475806e-01
   1.5088710e-01
   1.2790323e-01
   1.1774193e-01
   1.2072581e-01
   1.3596774e-01
   1.6096774e-01
   1.9193548e-01
   2.2411290e-01
   2.5241936e-01
   2.7298387e-01
   2.8290323e-01
   2.8169355e-01
   2.7048387e-01
   2.5185484e-01
   2.2919355e-01
   2.0580645e-01
   1.8443548e-01
   1.6741935e-01
   1.5653226e-01
   1.5322581e-01
   1.5822581e-01
   1.7153226e-01
   1.9201613e-01
   2.1685484e-01
   2.4258065e-01
   2.6483871e-01
   2.8000000e-01
   2.8548387e-01
   2.8096774e-01
   2.6790322e-01
   2.4919355e-01
   2.2822581e-01
   2.0830645e-01
   1.9201613e-01
   1.8104839e-01
   1.7620968e-01
   1.7766129e-01
   1.8475806e-01
   1.9669355e-01
   2.1161290e-01
   2.2709677e-01
   2.4040323e-01
   2.4879032e-01
   2.5056452e-01
   2.4532258e-01
   2.3451613e-01
   2.2064516e-01
   2.0709677e-01
   1.9685484e-01
   1.9185484e-01
   1.9250000e-01
   1.9814516e-01
   2.0701613e-01
   2.1717742e-01
   2.2701613e-01
   2.3508064e-01
   2.4008064e-01
   2.4120968e-01
   2.3758064e-01
   2.2911290e-01
   2.1620968e-01
   2.0072581e-01
   1.8500000e-01
   1.7233871e-01
   1.6572580e-01
   1.6709677e-01
   1.7677419e-01
   1.9338710e-01
   2.1387097e-01
   2.3475806e-01
   2.5258064e-01
   2.6459677e-01
   2.6911290e-01
   2.6572581e-01
   2.5467742e-01
   2.3701613e-01
   2.1467742e-01
   1.9024193e-01
   1.6725806e-01
   1.4951613e-01
   1.4064516e-01
   1.4322581e-01
   1.5790322e-01
   1.8282258e-01
   2.1411290e-01
   2.4612903e-01
   2.7338710e-01
   2.9080645e-01
   2.9564516e-01
   2.8709677e-01
   2.6637097e-01
   2.3669355e-01
   2.0185484e-01
   1.6629032e-01
   1.3451613e-01
   1.1088710e-01
   9.9274192e-02
   1.0193548e-01
   1.1983871e-01
   1.5112903e-01
   1.9161290e-01
   2.3532258e-01
   2.7500000e-01
   3.0435484e-01
   3.1838710e-01
   3.1532258e-01
   2.9596774e-01
   2.6403226e-01
   2.2435484e-01
   1.8266129e-01
   1.4435484e-01
   1.1435484e-01
   9.5967740e-02
   9.1693547e-02
   1.0201613e-01
   1.2596774e-01
   1.6056451e-01
   2.0096774e-01
   2.4112903e-01
   2.7483871e-01
   2.9693548e-01
   3.0435484e-01
   2.9661290e-01
   2.7596774e-01
   2.4661290e-01
   2.1362903e-01
   1.8225806e-01
   1.5653226e-01
   1.3967742e-01
   1.3338710e-01
   1.3798387e-01
   1.5298387e-01
   1.7637097e-01
   2.0491935e-01
   2.3459677e-01
   2.6088710e-01
   2.7935484e-01
   2.8693548e-01
   2.8250000e-01
   2.6741935e-01
   2.4451613e-01
   2.1862903e-01
   1.9411290e-01
   1.7475806e-01
   1.6330645e-01
   1.6056452e-01
   1.6629032e-01
   1.7919355e-01
   1.9750000e-01
   2.1862903e-01
   2.4008064e-01
   2.5854839e-01
   2.7088710e-01
   2.7475806e-01
   2.6895161e-01
   2.5411290e-01
   2.3282258e-01
   2.0879032e-01
   1.8693548e-01
   1.7112903e-01
   1.6403226e-01
   1.6645161e-01
   1.7717742e-01
   1.9387097e-01
   2.1346774e-01
   2.3282258e-01
   2.4919355e-01
   2.6040323e-01
   2.6475807e-01
   2.6120968e-01
   2.4983871e-01
   2.3193548e-01
   2.0991935e-01
   1.8758064e-01
   1.6903226e-01
   1.5798387e-01
   1.5669355e-01
   1.6540322e-01
   1.8209677e-01
   2.0330645e-01
   2.2451613e-01
   2.4169355e-01
   2.5185484e-01
   2.5354839e-01
   2.4653226e-01
   2.3193548e-01
   2.1161290e-01
   1.8822581e-01
   1.6500000e-01
   1.4548387e-01
   1.3346774e-01
   1.3209677e-01
   1.4306452e-01
   1.6604839e-01
   1.9814516e-01
   2.3435484e-01
   2.6870968e-01
   2.9508064e-01
   3.0895161e-01
   3.0798387e-01
   2.9241935e-01
   2.6516129e-01
   2.3008064e-01
   1.9225807e-01
   1.5629032e-01
   1.2653226e-01
   1.0637097e-01
   9.8225805e-02
   1.0298387e-01
   1.2024193e-01
   1.4758064e-01
   1.8080645e-01
   2.1491935e-01
   2.4427419e-01
   2.6443548e-01
   2.7258065e-01
   2.6814516e-01
   2.5274194e-01
   2.2991935e-01
   2.0362903e-01
   1.7798387e-01
   1.5637097e-01
   1.4161290e-01
   1.3556452e-01
   1.3943548e-01
   1.5354839e-01
   1.7693548e-01
   2.0750000e-01
   2.4129032e-01
   2.7362903e-01
   2.9951613e-01
   3.1459677e-01
   3.1669355e-01
   3.0580645e-01
   2.8443548e-01
   2.5653226e-01
   2.2685484e-01
   1.9983871e-01
   1.7919355e-01
   1.6661290e-01
   1.6322580e-01
   1.6870968e-01
   1.8185484e-01
   2.0080645e-01
   2.2290323e-01
   2.4491935e-01
   2.6306452e-01
   2.7443548e-01
   2.7677419e-01
   2.6983871e-01
   2.5508064e-01
   2.3580645e-01
   2.1580645e-01
   1.9887097e-01
   1.8790323e-01
   1.8419355e-01
   1.8750000e-01
   1.9677419e-01
   2.1000000e-01
   2.2540322e-01
   2.4080645e-01
   2.5403226e-01
   2.6306452e-01
   2.6612903e-01
   2.6193548e-01
   2.5040322e-01
   2.3274193e-01
   2.1201613e-01
   1.9201613e-01
   1.7677419e-01
   1.6959677e-01
   1.7177419e-01
   1.8282258e-01
   2.0072581e-01
   2.2177419e-01
   2.4233871e-01
   2.5919355e-01
   2.6967742e-01
   2.7225807e-01
   2.6637097e-01
   2.5233871e-01
   2.3177419e-01
   2.0701613e-01
   1.8161290e-01
   1.6000000e-01
   1.4620968e-01
   1.4330645e-01
   1.5258064e-01
