   1.0342971e-01
   2.6399569e-01
   4.4970778e-01
   6.2911412e-01
   7.7445401e-01
   8.6804060e-01
   9.0433713e-01
   8.8995694e-01
   8.4004921e-01
   7.7383882e-01
   7.0955091e-01
   6.6018148e-01
   6.3295909e-01
   6.2803753e-01
   6.4111043e-01
   6.6510304e-01
   6.9247924e-01
   7.1662565e-01
   7.3285143e-01
   7.3861889e-01
   7.3331283e-01
   7.1831744e-01
   6.9678560e-01
   6.7279299e-01
   6.5079975e-01
   6.3518917e-01
   6.2888342e-01
   6.3318979e-01
   6.4726238e-01
   6.6840972e-01
   6.9286373e-01
   7.1639496e-01
   7.3531221e-01
   7.4700092e-01
   7.5023070e-01
   7.4500154e-01
   7.3262073e-01
   7.1516457e-01
   6.9517072e-01
   6.7586896e-01
   6.6010458e-01
   6.5056905e-01
   6.4895417e-01
   6.5556752e-01
   6.6902491e-01
   6.8701938e-01
   7.0624423e-01
   7.2339280e-01
   7.3585051e-01
   7.4238696e-01
   7.4277145e-01
   7.3815749e-01
   7.3015995e-01
   7.2039372e-01
   7.1047370e-01
   7.0186097e-01
   6.9586281e-01
   6.9370963e-01
   6.9624731e-01
   7.0424485e-01
   7.1724085e-01
   7.3385112e-01
   7.5161489e-01
   7.6760997e-01
   7.7906798e-01
   7.8391264e-01
   7.8160566e-01
   7.7314672e-01
   7.6084282e-01
   7.4730852e-01
   7.3546601e-01
   7.2739157e-01
   7.2431559e-01
   7.2700707e-01
   7.3508151e-01
   7.4769302e-01
   7.6345740e-01
   7.8045217e-01
   7.9613965e-01
   8.0790526e-01
   8.1344202e-01
   8.1113504e-01
   8.0083051e-01
   7.8375884e-01
   7.6261150e-01
   7.4046447e-01
   7.2062442e-01
   7.0578284e-01
   6.9724700e-01
   6.9509382e-01
   6.9893879e-01
   7.0739772e-01
   7.1885574e-01
   7.3185174e-01
   7.4446324e-01
   7.5484466e-01
   7.6107351e-01
   7.6130421e-01
   7.5476776e-01
   7.4154106e-01
   7.2308521e-01
   7.0201476e-01
   6.8140572e-01
   6.6448785e-01
   6.5333743e-01
   6.4895417e-01
   6.5079975e-01
   6.5756690e-01
   6.6710243e-01
   6.7733005e-01
   6.8617349e-01
   6.9194094e-01
   6.9340203e-01
   6.8994156e-01
   6.8125192e-01
   6.6779452e-01
   6.5118425e-01
   6.3342049e-01
   6.1734851e-01
   6.0542910e-01
   5.9958474e-01
   6.0035374e-01
   6.0719779e-01
   6.1850200e-01
   6.3211320e-01
   6.4587819e-01
   6.5818210e-01
   6.6810212e-01
   6.7502307e-01
   6.7894494e-01
   6.7963703e-01
   6.7702245e-01
   6.7125500e-01
   6.6325746e-01
   6.5426023e-01
   6.4595509e-01
   6.4034143e-01
   6.3849585e-01
   6.4080283e-01
   6.4649339e-01
   6.5372193e-01
   6.6025838e-01
   6.6394955e-01
   6.6333436e-01
   6.5795140e-01
   6.4826207e-01
   6.3526607e-01
   6.2057828e-01
   6.0581360e-01
   5.9274069e-01
   5.8312827e-01
   5.7874500e-01
   5.8074438e-01
   5.8974162e-01
   6.0512150e-01
   6.2480775e-01
   6.4572439e-01
   6.6394955e-01
   6.7617656e-01
   6.7994463e-01
   6.7479237e-01
   6.6187327e-01
   6.4380191e-01
   6.2419256e-01
   6.0642879e-01
   5.9327899e-01
   5.8689634e-01
   5.8804983e-01
   5.9666257e-01
   6.1196555e-01
   6.3234389e-01
   6.5533682e-01
   6.7802215e-01
   6.9732390e-01
   7.1016610e-01
   7.1447247e-01
   7.0985850e-01
   6.9693940e-01
   6.7856044e-01
   6.5795140e-01
   6.3880345e-01
   6.2403876e-01
   6.1581052e-01
   6.1481083e-01
   6.2088588e-01
   6.3303599e-01
   6.4987696e-01
   6.6933251e-01
   6.8948016e-01
   7.0770532e-01
   7.2177791e-01
   7.2946786e-01
   7.2946786e-01
   7.2193171e-01
   7.0816672e-01
   6.9086435e-01
   6.7310058e-01
   6.5810520e-01
   6.4803138e-01
   6.4395571e-01
   6.4580129e-01
   6.5272224e-01
   6.6325746e-01
   6.7594586e-01
   6.8971086e-01
   7.0362965e-01
   7.1662565e-01
   7.2746847e-01
   7.3531221e-01
   7.3908028e-01
   7.3861889e-01
   7.3454322e-01
   7.2785297e-01
   7.2023993e-01
   7.1316518e-01
   7.0762842e-01
   7.0401415e-01
   7.0201477e-01
   7.0116887e-01
   7.0070748e-01
   7.0032298e-01
   6.9970778e-01
   6.9901569e-01
   6.9770840e-01
   6.9532452e-01
   6.9147954e-01
   6.8548139e-01
   6.7779145e-01
   6.6910182e-01
   6.6102738e-01
   6.5541372e-01
   6.5372193e-01
   6.5656721e-01
   6.6348816e-01
   6.7294678e-01
   6.8309751e-01
   6.9178714e-01
   6.9755460e-01
   6.9955398e-01
   6.9755460e-01
   6.9217164e-01
   6.8409720e-01
   6.7433098e-01
   6.6418025e-01
   6.5502922e-01
   6.4864657e-01
   6.4657029e-01
   6.4980006e-01
   6.5833590e-01
   6.7110120e-01
   6.8555829e-01
   6.9870809e-01
   7.0747462e-01
   7.0970471e-01
   7.0470624e-01
   6.9317133e-01
   6.7733005e-01
   6.6018148e-01
   6.4480160e-01
   6.3365118e-01
   6.2865272e-01
   6.3065211e-01
   6.3988004e-01
   6.5564442e-01
   6.7633036e-01
   6.9970778e-01
   7.2247001e-01
   7.4123347e-01
   7.5276838e-01
   7.5484466e-01
   7.4684712e-01
   7.2992925e-01
   7.0693633e-01
   6.8179022e-01
   6.5856659e-01
   6.4057213e-01
   6.3019071e-01
   6.2796063e-01
   6.3365118e-01
   6.4603199e-01
   6.6341126e-01
   6.8371270e-01
   7.0447554e-01
   7.2331590e-01
   7.3746540e-01
   7.4461704e-01
   7.4292525e-01
   7.3200554e-01
   7.1278068e-01
   6.8755767e-01
   6.5948939e-01
   6.3188250e-01
   6.0765918e-01
   5.8889572e-01
   5.7620732e-01
   5.6990157e-01
   5.6920947e-01
   5.7305444e-01
   5.8028299e-01
   5.8904952e-01
   5.9758536e-01
   6.0389111e-01
   6.0604429e-01
   6.0289142e-01
   5.9412488e-01
   5.8074439e-01
   5.6513380e-01
   5.4990772e-01
   5.3768071e-01
   5.3029837e-01
   5.2829898e-01
   5.3106736e-01
   5.3721932e-01
   5.4483236e-01
   5.5221470e-01
   5.5813596e-01
   5.6182713e-01
   5.6298062e-01
   5.6121193e-01
   5.5698247e-01
   5.5059981e-01
   5.4314057e-01
   5.3614272e-01
   5.3129806e-01
   5.3029837e-01
   5.3414334e-01
   5.4267917e-01
   5.5475238e-01
   5.6844048e-01
   5.8120578e-01
   5.9104891e-01
   5.9704706e-01
   5.9896955e-01
   5.9758536e-01
   5.9443248e-01
   5.9097201e-01
   5.8866503e-01
   5.8874193e-01
   5.9235620e-01
   6.0027684e-01
   6.1296524e-01
   6.3049831e-01
   6.5226084e-01
   6.7656106e-01
   7.0109197e-01
   7.2339280e-01
   7.4107967e-01
   7.5284528e-01
   7.5853583e-01
   7.5922793e-01
   7.5676715e-01
   7.5338357e-01
   7.5099969e-01
   7.5099969e-01
   7.5422947e-01
   7.6099662e-01
   7.7137804e-01
   7.8529683e-01
   8.0229160e-01
   8.2167025e-01
   8.4158720e-01
   8.6027376e-01
   8.7519225e-01
   8.8434328e-01
   8.8688096e-01
   8.8303599e-01
   8.7442325e-01
   8.6342664e-01
   8.5266072e-01
   8.4450938e-01
   8.4051061e-01
   8.4089511e-01
   8.4558597e-01
   8.5389111e-01
   8.6473393e-01
   8.7734543e-01
   8.9064903e-01
   9.0364503e-01
   9.1510305e-01
   9.2386958e-01
   9.2894494e-01
   9.3009843e-01
   9.2779145e-01
   9.2310058e-01
   9.1741003e-01
   9.1195017e-01
   9.0749000e-01
   9.0402953e-01
   9.0118425e-01
   8.9833897e-01
   8.9518610e-01
   8.9172562e-01
   8.8849585e-01
   8.8595817e-01
   8.8457398e-01
   8.8434328e-01
   8.8511227e-01
   8.8626576e-01
   8.8741925e-01
   8.8880344e-01
   8.9041833e-01
   8.9287911e-01
   8.9618579e-01
   8.9987696e-01
   9.0279914e-01
   9.0364503e-01
   9.0079976e-01
   8.9387881e-01
   8.8288219e-01
   8.6873270e-01
   8.5335281e-01
   8.3851123e-01
   8.2574592e-01
   8.1644109e-01
   8.1128883e-01
   8.1067364e-01
   8.1474931e-01
   8.2336204e-01
   8.3589665e-01
   8.5112273e-01
   8.6681021e-01
   8.8042141e-01
   8.8918794e-01
   8.9057213e-01
   8.8380498e-01
   8.6911719e-01
   8.4850815e-01
   8.2513073e-01
   8.0198401e-01
   7.8237465e-01
   7.6845586e-01
   7.6153491e-01
   7.6207321e-01
   7.6937865e-01
   7.8252845e-01
   7.9983082e-01
   8.1905567e-01
   8.3751153e-01
   8.5235312e-01
   8.6088896e-01
   8.6127346e-01
   8.5289142e-01
   8.3658874e-01
   8.1467241e-01
   7.9014150e-01
   7.6607198e-01
   7.4538604e-01
   7.2985235e-01
   7.2062442e-01
   7.1793294e-01
   7.2139342e-01
   7.3054445e-01
   7.4407874e-01
   7.6061212e-01
   7.7806829e-01
   7.9406336e-01
   8.0598277e-01
   8.1190403e-01
   8.1098124e-01
   8.0329129e-01
   7.9044909e-01
   7.7468471e-01
   7.5853584e-01
   7.4400185e-01
   7.3246693e-01
   7.2439250e-01
   7.1962473e-01
   7.1800984e-01
   7.1893264e-01
   7.2193171e-01
   7.2631498e-01
   7.3108274e-01
   7.3508151e-01
   7.3692710e-01
   7.3538911e-01
   7.3008305e-01
   7.2139342e-01
   7.1047370e-01
   6.9901569e-01
   6.8848047e-01
   6.8017533e-01
   6.7463857e-01
   6.7171639e-01
   6.7102430e-01
   6.7187019e-01
   6.7371578e-01
   6.7633036e-01
   6.7909874e-01
   6.8117502e-01
   6.8179022e-01
   6.7986773e-01
   6.7479237e-01
   6.6656413e-01
   6.5625961e-01
   6.4518610e-01
   6.3549677e-01
   6.2872962e-01
   6.2573054e-01
   6.2626884e-01
   6.2949861e-01
   6.3365118e-01
   6.3749615e-01
   6.4026453e-01
   6.4180252e-01
   6.4234082e-01
   6.4234082e-01
   6.4226392e-01
   6.4211012e-01
   6.4164872e-01
   6.4064903e-01
   6.3903414e-01
   6.3688096e-01
   6.3465088e-01
   6.3226699e-01
   6.2972931e-01
   6.2657644e-01
   6.2219317e-01
   6.1581052e-01
   6.0735158e-01
   5.9712396e-01
   5.8612734e-01
   5.7528453e-01
   5.6551830e-01
   5.5752076e-01
   5.5152261e-01
   5.4767764e-01
   5.4606275e-01
   5.4713934e-01
   5.5159951e-01
   5.5959705e-01
   5.7120886e-01
   5.8535835e-01
   6.0004614e-01
   6.1296524e-01
   6.2142418e-01
   6.2380806e-01
   6.1942479e-01
   6.0873577e-01
   5.9366349e-01
   5.7636112e-01
   5.5928945e-01
   5.4452476e-01
   5.3375884e-01
   5.2829898e-01
   5.2891418e-01
   5.3591203e-01
   5.4913872e-01
   5.6744079e-01
   5.8889572e-01
   6.1088896e-01
   6.3057521e-01
   6.4557059e-01
   6.5433713e-01
   6.5710551e-01
   6.5510612e-01
   6.5072285e-01
   6.4633959e-01
   6.4364811e-01
   6.4395571e-01
   6.4687788e-01
   6.5179945e-01
   6.5749000e-01
   6.6294986e-01
   6.6725623e-01
   6.6979391e-01
   6.7010151e-01
   6.6787143e-01
   6.6302676e-01
   6.5549062e-01
   6.4580129e-01
   6.3511227e-01
   6.2465395e-01
   6.1581052e-01
   6.0950477e-01
   6.0612119e-01
   6.0535220e-01
   6.0665949e-01
   6.0935097e-01
   6.1311904e-01
   6.1773300e-01
   6.2357736e-01
   6.3042141e-01
   6.3795755e-01
   6.4510920e-01
   6.5049216e-01
   6.5287604e-01
   6.5164565e-01
   6.4718548e-01
   6.4087973e-01
   6.3480468e-01
   6.3080591e-01
   6.3034451e-01
   6.3365118e-01
   6.4011073e-01
   6.4826207e-01
   6.5664411e-01
   6.6394955e-01
   6.6910181e-01
   6.7187019e-01
   6.7210089e-01
   6.6987081e-01
   6.6533374e-01
   6.5872039e-01
   6.5079975e-01
   6.4257152e-01
   6.3534297e-01
   6.3049831e-01
   6.2888342e-01
   6.3057521e-01
   6.3472778e-01
   6.3995694e-01
   6.4441710e-01
   6.4680098e-01
   6.4610889e-01
   6.4226392e-01
   6.3588127e-01
   6.2749923e-01
   6.1796370e-01
   6.0788988e-01
   5.9804675e-01
   5.8920332e-01
   5.8243617e-01
   5.7859120e-01
   5.7859120e-01
   5.8243617e-01
   5.8935712e-01
   5.9773916e-01
   6.0527530e-01
   6.0973547e-01
   6.0950477e-01
   6.0435251e-01
   5.9497078e-01
   5.8297447e-01
   5.7067056e-01
   5.5982774e-01
   5.5206090e-01
   5.4806213e-01
   5.4836973e-01
   5.5298370e-01
   5.6128883e-01
   5.7297754e-01
   5.8666564e-01
   6.0066134e-01
   6.1296524e-01
   6.2127038e-01
   6.2426945e-01
   6.2103968e-01
   6.1258074e-01
   6.0058444e-01
   5.8774223e-01
   5.7659182e-01
   5.6897878e-01
   5.6605660e-01
   5.6774838e-01
   5.7336204e-01
   5.8189788e-01
   5.9212550e-01
   6.0319902e-01
   6.1404183e-01
   6.2388496e-01
   6.3165180e-01
   6.3626576e-01
   6.3703476e-01
   6.3388188e-01
   6.2726853e-01
   6.1842510e-01
   6.0896647e-01
   6.0019994e-01
   5.9320209e-01
   5.8828053e-01
   5.8543525e-01
   5.8435866e-01
   5.8482005e-01
   5.8689634e-01
   5.9066441e-01
   5.9597047e-01
   6.0227622e-01
   6.0850508e-01
   6.1304214e-01
   6.1473393e-01
   6.1265764e-01
   6.0712089e-01
   5.9935404e-01
   5.9097201e-01
   5.8382036e-01
   5.7943709e-01
   5.7820670e-01
   5.7966779e-01
   5.8274377e-01
   5.8612734e-01
   5.8866503e-01
   5.8966472e-01
   5.8874192e-01
   5.8605045e-01
   5.8182098e-01
   5.7651492e-01
   5.7105506e-01
   5.6659489e-01
   5.6451861e-01
   5.6644109e-01
   5.7313134e-01
   5.8451246e-01
   5.9912335e-01
   6.1434943e-01
   6.2657644e-01
   6.3226699e-01
   6.2880652e-01
   6.1481083e-01
   5.9051061e-01
   5.5798216e-01
   5.1991695e-01
   4.7954475e-01
   4.4032605e-01
   4.0502922e-01
   3.7580744e-01
   3.5442941e-01
   3.4158720e-01
   3.3697324e-01
   3.3928022e-01
   3.4558597e-01
   3.5266072e-01
   3.5642879e-01
   3.5412181e-01
   3.4381729e-01
   3.2559213e-01
   3.0106121e-01
   2.7330052e-01
   2.4538603e-01
   2.2031683e-01
   1.9986158e-01
   1.8478930e-01
   1.7502307e-01
   1.6964011e-01
   1.6725623e-01
   1.6656413e-01
   1.6579514e-01
   1.6341126e-01
   1.5764380e-01
   1.4710858e-01
   1.3142110e-01
   1.1096586e-01
   8.7434634e-02
   6.3442018e-02
   4.2217779e-02
   2.6530297e-02
   1.8378959e-02
   1.8609659e-02
   2.6453398e-02
   4.0449092e-02
   5.8212856e-02
   7.7360812e-02
   9.5585972e-02
   1.1042756e-01
   1.1973239e-01
   1.2196247e-01
   1.1604122e-01
   1.0219932e-01
   8.1744077e-02
   5.7520761e-02
   3.3374346e-02
   1.3457397e-02
   1.5379878e-03
   0.0000000e+00
   9.6893242e-03
   2.9683174e-02
   5.7751461e-02
   9.0664410e-02
   1.2519225e-01
   1.5787450e-01
   1.8563519e-01
   2.0616733e-01
   2.1754845e-01
   2.1900953e-01
   2.1101200e-01
   1.9547831e-01
   1.7548446e-01
   1.5533682e-01
   1.3934174e-01
   1.3103660e-01
   1.3265149e-01
   1.4449400e-01
   1.6517994e-01
   1.9217164e-01
   2.2247001e-01
   2.5269148e-01
   2.8052907e-01
   3.0390649e-01
   3.2174715e-01
   3.3312827e-01
   3.3828053e-01
   3.3781913e-01
   3.3328207e-01
   3.2682252e-01
   3.2128576e-01
   3.1920947e-01
   3.2243925e-01
   3.3159028e-01
   3.4643187e-01
   3.6504152e-01
   3.8534297e-01
   4.0533682e-01
   4.2356198e-01
   4.3917256e-01
   4.5247616e-01
   4.6385727e-01
   4.7370040e-01
   4.8269763e-01
   4.9092587e-01
   4.9892341e-01
   5.0722854e-01
   5.1630267e-01
   5.2676100e-01
   5.3883420e-01
   5.5206090e-01
   5.6521070e-01
   5.7720701e-01
   5.8643494e-01
   5.9243310e-01
   5.9527838e-01
   5.9604737e-01
   5.9627807e-01
   5.9750846e-01
   6.0096893e-01
   6.0719778e-01
   6.1611812e-01
   6.2749923e-01
   6.4080283e-01
   6.5556752e-01
   6.7140880e-01
   6.8771147e-01
   7.0339895e-01
   7.1708705e-01
   7.2708397e-01
   7.3223623e-01
   7.3215934e-01
   7.2769917e-01
   7.2054752e-01
   7.1354968e-01
   7.0908951e-01
   7.0947401e-01
   7.1577976e-01
   7.2808367e-01
   7.4546294e-01
   7.6637957e-01
   7.8914180e-01
   8.1167333e-01
   8.3228237e-01
   8.4920025e-01
   8.6081206e-01
   8.6627192e-01
   8.6527222e-01
   8.5873577e-01
   8.4866195e-01
   8.3781913e-01
   8.2912950e-01
   8.2497693e-01
   8.2689941e-01
   8.3505075e-01
   8.4843125e-01
   8.6519532e-01
   8.8349738e-01
   9.0149185e-01
   9.1771762e-01
   9.3117502e-01
   9.4101815e-01
   9.4632421e-01
   9.4701630e-01
   9.4294063e-01
   9.3471240e-01
   9.2386958e-01
   9.1233467e-01
   9.0233774e-01
   8.9541680e-01
   8.9264842e-01
   8.9380191e-01
   8.9803137e-01
   9.0395263e-01
   9.1025838e-01
   9.1625654e-01
   9.2163950e-01
   9.2640726e-01
   9.3055983e-01
   9.3409720e-01
   9.3648108e-01
   9.3740387e-01
   9.3671178e-01
   9.3463550e-01
   9.3202092e-01
   9.2986773e-01
   9.2902184e-01
   9.2971393e-01
   9.3163642e-01
   9.3386650e-01
   9.3501999e-01
   9.3425100e-01
   9.3086743e-01
   9.2540757e-01
   9.1840972e-01
   9.1064288e-01
   9.0310674e-01
   8.9610889e-01
   8.8995694e-01
   8.8495847e-01
   8.8134420e-01
   8.7934482e-01
   8.7919102e-01
   8.8072901e-01
   8.8318979e-01
   8.8541987e-01
   8.8580437e-01
   8.8349738e-01
   8.7803753e-01
   8.7003999e-01
   8.6096586e-01
   8.5250692e-01
   8.4650877e-01
   8.4366349e-01
   8.4435558e-01
   8.4781606e-01
   8.5342971e-01
   8.6027376e-01
   8.6796370e-01
   8.7626884e-01
   8.8488157e-01
   8.9341741e-01
   9.0095355e-01
   9.0625961e-01
   9.0818210e-01
   9.0618271e-01
   9.0049215e-01
   8.9218702e-01
   8.8288219e-01
   8.7450015e-01
   8.6857890e-01
   8.6596432e-01
   8.6688711e-01
   8.7111658e-01
   8.7803753e-01
   8.8718856e-01
   8.9756998e-01
   9.0848970e-01
   9.1856352e-01
   9.2648416e-01
   9.3048293e-01
   9.2940634e-01
   9.2294679e-01
   9.1195017e-01
   8.9795448e-01
   8.8334359e-01
   8.7034758e-01
   8.6088896e-01
   8.5589050e-01
   8.5542910e-01
   8.5896647e-01
   8.6550292e-01
   8.7380806e-01
   8.8280529e-01
   8.9141802e-01
   8.9810827e-01
   9.0164565e-01
   9.0087665e-01
   8.9533989e-01
   8.8541987e-01
   8.7265457e-01
   8.5935097e-01
   8.4820055e-01
   8.4143341e-01
   8.4020301e-01
   8.4443248e-01
   8.5281452e-01
   8.6311904e-01
   8.7334666e-01
   8.8149800e-01
   8.8657336e-01
   8.8811135e-01
   8.8626576e-01
   8.8172870e-01
   8.7496155e-01
   8.6711781e-01
   8.5927407e-01
   8.5281452e-01
   8.4912335e-01
   8.4935404e-01
   8.5389111e-01
   8.6204245e-01
   8.7211627e-01
   8.8180560e-01
   8.8872655e-01
   8.9095663e-01
   8.8772685e-01
   8.7942172e-01
   8.6704091e-01
   8.5250692e-01
   8.3735774e-01
   8.2297755e-01
   8.1013534e-01
   7.9952322e-01
   7.9137189e-01
   7.8583513e-01
   7.8283605e-01
   7.8175946e-01
   7.8152876e-01
   7.8099046e-01
   7.7860658e-01
   7.7360812e-01
   7.6576438e-01
   7.5607505e-01
   7.4615503e-01
   7.3792679e-01
   7.3308213e-01
   7.3246693e-01
   7.3608120e-01
   7.4300215e-01
   7.5230698e-01
   7.6268840e-01
   7.7322362e-01
   7.8352814e-01
   7.9298677e-01
   8.0075361e-01
   8.0598277e-01
   8.0752076e-01
   8.0482928e-01
   7.9798523e-01
   7.8798831e-01
   7.7714549e-01
   7.6784066e-01
   7.6238081e-01
   7.6230391e-01
   7.6760997e-01
   7.7729929e-01
   7.8929560e-01
   8.0083051e-01
   8.0975085e-01
   8.1398031e-01
   8.1259612e-01
   8.0521378e-01
   7.9221778e-01
   7.7468471e-01
   7.5438327e-01
   7.3362042e-01
   7.1485697e-01
   7.0078437e-01
   6.9317133e-01
   6.9278683e-01
   6.9916949e-01
   7.1047370e-01
   7.2408490e-01
   7.3761919e-01
   7.4884651e-01
   7.5661335e-01
   7.6045832e-01
   7.6099661e-01
   7.5868963e-01
   7.5415257e-01
   7.4769302e-01
   7.3992618e-01
   7.3154414e-01
   7.2370040e-01
   7.1785604e-01
   7.1554906e-01
   7.1785604e-01
   7.2493079e-01
   7.3608121e-01
   7.4961550e-01
   7.6361120e-01
   7.7599200e-01
   7.8529683e-01
   7.9083359e-01
   7.9252538e-01
   7.9067979e-01
   7.8575823e-01
   7.7883728e-01
   7.7076284e-01
   7.6307290e-01
   7.5738234e-01
   7.5553676e-01
   7.5899723e-01
   7.6830206e-01
   7.8252845e-01
   7.9952322e-01
   8.1659489e-01
   8.3020609e-01
   8.3812673e-01
   8.3858813e-01
   8.3166718e-01
   8.1897878e-01
   8.0267610e-01
   7.8529683e-01
   7.6960935e-01
   7.5776684e-01
   7.5130729e-01
   7.5146109e-01
   7.5861273e-01
   7.7207013e-01
   7.9029529e-01
   8.1067364e-01
   8.2982159e-01
   8.4420178e-01
   8.5104583e-01
   8.4896955e-01
   8.3835743e-01
   8.2082436e-01
   7.9975392e-01
   7.7860658e-01
   7.6061212e-01
   7.4792371e-01
   7.4184866e-01
   7.4238696e-01
   7.4892341e-01
   7.6045832e-01
   7.7522301e-01
   7.9129498e-01
   8.0644417e-01
   8.1820978e-01
   8.2451553e-01
   8.2413104e-01
   8.1697939e-01
   8.0444478e-01
   7.8883420e-01
   7.7322362e-01
   7.6022762e-01
   7.5184559e-01
   7.4853891e-01
   7.4984620e-01
   7.5384497e-01
   7.5876653e-01
   7.6261150e-01
   7.6384189e-01
   7.6145801e-01
   7.5484466e-01
   7.4400184e-01
   7.2916026e-01
   7.1108890e-01
   6.9132575e-01
   6.7194709e-01
   6.5510612e-01
   6.4295601e-01
   6.3665026e-01
   6.3634266e-01
   6.4126423e-01
   6.4941557e-01
   6.5879729e-01
   6.6748693e-01
   6.7456167e-01
   6.7956013e-01
   6.8255921e-01
   6.8402030e-01
   6.8417410e-01
   6.8348201e-01
   6.8179022e-01
   6.7971393e-01
   6.7802215e-01
   6.7771455e-01
   6.7963703e-01
   6.8463550e-01
   6.9240234e-01
   7.0193786e-01
   7.1178099e-01
   7.2008613e-01
   7.2539219e-01
   7.2716087e-01
   7.2546909e-01
   7.2116272e-01
   7.1508767e-01
   7.0839741e-01
   7.0170717e-01
   6.9570901e-01
   6.9109505e-01
   6.8863427e-01
   6.8909566e-01
   6.9301753e-01
   7.0039988e-01
   7.1031990e-01
   7.2093202e-01
   7.2985235e-01
   7.3485081e-01
   7.3408182e-01
   7.2700707e-01
   7.1447247e-01
   6.9793910e-01
   6.8002153e-01
   6.6318056e-01
   6.4995386e-01
   6.4187942e-01
   6.4034143e-01
   6.4580129e-01
   6.5818210e-01
   6.7617656e-01
   6.9770840e-01
   7.1931713e-01
   7.3715780e-01
   7.4769302e-01
   7.4784682e-01
   7.3669640e-01
   7.1516457e-01
   6.8617348e-01
   6.5387573e-01
   6.2296217e-01
   5.9750846e-01
   5.8035989e-01
   5.7297754e-01
   5.7528453e-01
   5.8612735e-01
   6.0350661e-01
   6.2496155e-01
   6.4780068e-01
   6.6887112e-01
   6.8532759e-01
   6.9486312e-01
   6.9586281e-01
   6.8871116e-01
   6.7479237e-01
   6.5679791e-01
   6.3849585e-01
   6.2311596e-01
   6.1311904e-01
   6.0981236e-01
   6.1311904e-01
   6.2188557e-01
   6.3442018e-01
   6.4880037e-01
   6.6341126e-01
   6.7671486e-01
   6.8748077e-01
   6.9463242e-01
   6.9763150e-01
   6.9601661e-01
   6.9071055e-01
   6.8286681e-01
   6.7456167e-01
   6.6771762e-01
   6.6387265e-01
   6.6387265e-01
   6.6733313e-01
   6.7302368e-01
   6.7940634e-01
   6.8471239e-01
   6.8778837e-01
   6.8809597e-01
   6.8517379e-01
   6.7932944e-01
   6.7063980e-01
   6.5972009e-01
   6.4749308e-01
   6.3511227e-01
   6.2450015e-01
   6.1757921e-01
   6.1611812e-01
   6.2096278e-01
   6.3157490e-01
   6.4603199e-01
   6.6171947e-01
   6.7548446e-01
   6.8478930e-01
   6.8801907e-01
   6.8501999e-01
   6.7679176e-01
   6.6502614e-01
   6.5164565e-01
   6.3841895e-01
   6.2719163e-01
   6.1904029e-01
   6.1511842e-01
   6.1604122e-01
   6.2211627e-01
   6.3288219e-01
   6.4680098e-01
   6.6195017e-01
   6.7579206e-01
   6.8586589e-01
   6.9086435e-01
   6.9009535e-01
   6.8425100e-01
   6.7456167e-01
   6.6294986e-01
   6.5103045e-01
   6.4011074e-01
   6.3119040e-01
   6.2511535e-01
   6.2250077e-01
   6.2373116e-01
   6.2911412e-01
   6.3795755e-01
   6.4895417e-01
   6.6018148e-01
   6.6917872e-01
   6.7363888e-01
   6.7256229e-01
   6.6587204e-01
   6.5472162e-01
   6.4149492e-01
   6.2865272e-01
   6.1842510e-01
   6.1211935e-01
   6.1073516e-01
   6.1388803e-01
   6.2103968e-01
   6.3149800e-01
   6.4410950e-01
   6.5764380e-01
   6.7071670e-01
   6.8125192e-01
   6.8786527e-01
   6.8932636e-01
   6.8532759e-01
   6.7671486e-01
   6.6533374e-01
   6.5341433e-01
   6.4334051e-01
   6.3680406e-01
   6.3457398e-01
   6.3657336e-01
   6.4218702e-01
   6.5049216e-01
   6.6048908e-01
   6.7148570e-01
   6.8255921e-01
   6.9278683e-01
   7.0101507e-01
   7.0593664e-01
   7.0662873e-01
   7.0270686e-01
   6.9494002e-01
   6.8455860e-01
   6.7340818e-01
   6.6348816e-01
   6.5625961e-01
   6.5241464e-01
   6.5187634e-01
   6.5441402e-01
   6.5902799e-01
   6.6525684e-01
   6.7210089e-01
   6.7902184e-01
   6.8494309e-01
   6.8886496e-01
   6.8963396e-01
   6.8663488e-01
   6.8009843e-01
   6.7079360e-01
   6.6079668e-01
   6.5203014e-01
   6.4664719e-01
   6.4533990e-01
   6.4795447e-01
   6.5333743e-01
   6.5956629e-01
   6.6479545e-01
   6.6756383e-01
   6.6725623e-01
   6.6394955e-01
   6.5825900e-01
   6.5095355e-01
   6.4318671e-01
   6.3595817e-01
   6.3057521e-01
   6.2819132e-01
   6.2980621e-01
   6.3603507e-01
   6.4649339e-01
   6.5948939e-01
   6.7248539e-01
   6.8232851e-01
   6.8625038e-01
   6.8209782e-01
   6.6956321e-01
   6.4980006e-01
   6.2534605e-01
   5.9920024e-01
   5.7482313e-01
   5.5467548e-01
   5.4083359e-01
   5.3406644e-01
   5.3445094e-01
   5.4137189e-01
   5.5306060e-01
   5.6728699e-01
   5.8097508e-01
   5.9097201e-01
   5.9443248e-01
   5.8928022e-01
   5.7520763e-01
   5.5367579e-01
   5.2768379e-01
   5.0092279e-01
   4.7746847e-01
   4.6016610e-01
   4.5070747e-01
   4.4924639e-01
   4.5486004e-01
   4.6554906e-01
   4.7923716e-01
   4.9384805e-01
   5.0707475e-01
   5.1722547e-01
   5.2237773e-01
   5.2130114e-01
   5.1376500e-01
   5.0038450e-01
   4.8292833e-01
   4.6424177e-01
   4.4724700e-01
   4.3501999e-01
   4.2925254e-01
   4.3079053e-01
   4.3909566e-01
   4.5278376e-01
   4.7008613e-01
   4.8915718e-01
   5.0830514e-01
   5.2629960e-01
   5.4175638e-01
   5.5382959e-01
   5.6151953e-01
   5.6490311e-01
   5.6444171e-01
   5.6151953e-01
   5.5805906e-01
   5.5629037e-01
   5.5767456e-01
   5.6321132e-01
   5.7251615e-01
   5.8428176e-01
   5.9704706e-01
   6.0912027e-01
   6.1950169e-01
   6.2780683e-01
   6.3388188e-01
   6.3803445e-01
   6.4072593e-01
   6.4195632e-01
   6.4203322e-01
   6.4141802e-01
   6.4111043e-01
   6.4180252e-01
   6.4457090e-01
   6.4995386e-01
   6.5772070e-01
   6.6694863e-01
   6.7586896e-01
   6.8309751e-01
   6.8725008e-01
   6.8778837e-01
   6.8509689e-01
   6.8009843e-01
   6.7410028e-01
   6.6817902e-01
   6.6325746e-01
   6.5995078e-01
   6.5910489e-01
   6.6110428e-01
   6.6656413e-01
   6.7579206e-01
   6.8848047e-01
   7.0332205e-01
   7.1870194e-01
   7.3200554e-01
   7.4138727e-01
   7.4530914e-01
   7.4354045e-01
   7.3715780e-01
   7.2808367e-01
   7.1816364e-01
   7.0970471e-01
   7.0393725e-01
   7.0178407e-01
   7.0332205e-01
   7.0855121e-01
   7.1701015e-01
   7.2792987e-01
   7.4007998e-01
   7.5161489e-01
   7.6076592e-01
   7.6545678e-01
   7.6445709e-01
   7.5730544e-01
   7.4538604e-01
   7.3062135e-01
   7.1608736e-01
   7.0455245e-01
   6.9809289e-01
   6.9763150e-01
   7.0301446e-01
   7.1339588e-01
   7.2716087e-01
   7.4277145e-01
   7.5838204e-01
   7.7253153e-01
   7.8360504e-01
   7.8998770e-01
   7.9044909e-01
   7.8414334e-01
   7.7145494e-01
   7.5369117e-01
   7.3308213e-01
   7.1262688e-01
   6.9509382e-01
   6.8240541e-01
   6.7586896e-01
   6.7563827e-01
   6.8079053e-01
   6.9024915e-01
   7.0262996e-01
   7.1654875e-01
   7.3046755e-01
   7.4277145e-01
   7.5176869e-01
   7.5615195e-01
   7.5499846e-01
   7.4807751e-01
   7.3661950e-01
   7.2223931e-01
   7.0716702e-01
   6.9355583e-01
   6.8255921e-01
   6.7471547e-01
   6.6979391e-01
   6.6702553e-01
   6.6556444e-01
   6.6487235e-01
   6.6510305e-01
   6.6602584e-01
   6.6771762e-01
   6.7002461e-01
   6.7225469e-01
   6.7394648e-01
   6.7471547e-01
   6.7494617e-01
   6.7517687e-01
   6.7686866e-01
   6.8063673e-01
   6.8694248e-01
   6.9555521e-01
   7.0524454e-01
   7.1478007e-01
   7.2270071e-01
   7.2800677e-01
   7.3031375e-01
   7.2931406e-01
   7.2539219e-01
   7.1877884e-01
   7.0985850e-01
   6.9947708e-01
   6.8878806e-01
   6.7948324e-01
   6.7340818e-01
   6.7187019e-01
   6.7548447e-01
   6.8332821e-01
   6.9332513e-01
   7.0216856e-01
   7.0655183e-01
   7.0386035e-01
   6.9278683e-01
   6.7402338e-01
   6.4964626e-01
   6.2288526e-01
   5.9712396e-01
   5.7582282e-01
   5.6105814e-01
   5.5429099e-01
   5.5605967e-01
   5.6536450e-01
   5.8059059e-01
   5.9935404e-01
   6.1842510e-01
   6.3480468e-01
   6.4557059e-01
   6.4910797e-01
   6.4526300e-01
   6.3565057e-01
   6.2265457e-01
   6.1004306e-01
   6.0081513e-01
   5.9766226e-01
   6.0173793e-01
   6.1319594e-01
   6.3126730e-01
   6.5464472e-01
   6.8202092e-01
   7.1155029e-01
   7.4177176e-01
   7.7076284e-01
   7.9683174e-01
   8.1828668e-01
   8.3435866e-01
   8.4504768e-01
   8.5181483e-01
   8.5673639e-01
   8.6219625e-01
   8.7019379e-01
   8.8157490e-01
   8.9603199e-01
   9.1171947e-01
   9.2663796e-01
   9.3886496e-01
   9.4693940e-01
   9.5078437e-01
   9.5093817e-01
   9.4870809e-01
   9.4540141e-01
   9.4240234e-01
   9.4071055e-01
   9.4117195e-01
   9.4432482e-01
   9.5070747e-01
   9.5993540e-01
   9.7139342e-01
   9.8331283e-01
   9.9361735e-01
   9.9976930e-01
   1.0000000e+00
   9.9323285e-01
   9.7992925e-01
   9.6162719e-01
   9.4078745e-01
   9.2040910e-01
   9.0295294e-01
   8.9034143e-01
   8.8395878e-01
   8.8395878e-01
   8.9057213e-01
   9.0287604e-01
   9.1956321e-01
   9.3855737e-01
   9.5716702e-01
   9.7231621e-01
   9.8115964e-01
   9.8123654e-01
   9.7177791e-01
   9.5347585e-01
   9.2856044e-01
   9.0018456e-01
   8.7234697e-01
   8.4812365e-01
   8.3005229e-01
   8.1990157e-01
   8.1797908e-01
   8.2428484e-01
   8.3774223e-01
   8.5681329e-01
   8.7919102e-01
   9.0172255e-01
   9.2140880e-01
   9.3494309e-01
   9.3994156e-01
   9.3517379e-01
   9.2133190e-01
   9.0003076e-01
   8.7450015e-01
   8.4804675e-01
   8.2405414e-01
   8.0475238e-01
   7.9198708e-01
   7.8614272e-01
   7.8706552e-01
   7.9390957e-01
   8.0505998e-01
   8.1859428e-01
   8.3182098e-01
   8.4227930e-01
   8.4766226e-01
   8.4666256e-01
   8.3904952e-01
   8.2636112e-01
   8.1090434e-01
   7.9552445e-01
   7.8275915e-01
   7.7422332e-01
   7.7030145e-01
   7.7030145e-01
   7.7276223e-01
   7.7614580e-01
   7.7952938e-01
   7.8199016e-01
   7.8329745e-01
   7.8360504e-01
   7.8260535e-01
   7.8045217e-01
   7.7699169e-01
   7.7253153e-01
   7.6753307e-01
   7.6291910e-01
   7.5915103e-01
   7.5676715e-01
   7.5545986e-01
   7.5422947e-01
   7.5207628e-01
   7.4792371e-01
   7.4115657e-01
   7.3223623e-01
   7.2216241e-01
   7.1193479e-01
   7.0293756e-01
   6.9570901e-01
   6.9063365e-01
   6.8732698e-01
   6.8555829e-01
   6.8525069e-01
   6.8678868e-01
   6.9024915e-01
   6.9570901e-01
   7.0262996e-01
   7.1008920e-01
   7.1662565e-01
   7.2085512e-01
   7.2193171e-01
   7.1939403e-01
   7.1362658e-01
   7.0539834e-01
   6.9570901e-01
   6.8540449e-01
   6.7509997e-01
   6.6564134e-01
   6.5741310e-01
   6.5179945e-01
   6.4949246e-01
   6.5156875e-01
   6.5810520e-01
   6.6840972e-01
   6.8063673e-01
   6.9255614e-01
   7.0155337e-01
   7.0585973e-01
   7.0462935e-01
   6.9816979e-01
   6.8794217e-01
   6.7540757e-01
   6.6264226e-01
   6.5103045e-01
   6.4149492e-01
   6.3465087e-01
   6.3095970e-01
   6.3042141e-01
   6.3288219e-01
   6.3780375e-01
   6.4372501e-01
   6.4918487e-01
   6.5226084e-01
   6.5164565e-01
   6.4649339e-01
   6.3711166e-01
   6.2457705e-01
   6.1073516e-01
   5.9712396e-01
   5.8528145e-01
   5.7605352e-01
   5.6990157e-01
   5.6674869e-01
   5.6667179e-01
   5.6967087e-01
   5.7551523e-01
   5.8382036e-01
   5.9327899e-01
   6.0235312e-01
   6.0927407e-01
   6.1227315e-01
   6.1073516e-01
   6.0481390e-01
   5.9604737e-01
   5.8658874e-01
   5.7843740e-01
   5.7343894e-01
   5.7251615e-01
   5.7559212e-01
   5.8205168e-01
   5.9097201e-01
   6.0135343e-01
   6.1227315e-01
   6.2273147e-01
   6.3188250e-01
   6.3857275e-01
   6.4187942e-01
   6.4095663e-01
   6.3611197e-01
   6.2819132e-01
   6.1857890e-01
   6.0927407e-01
   6.0189173e-01
   5.9727776e-01
   5.9566287e-01
   5.9635497e-01
   5.9858505e-01
   6.0135343e-01
   6.0427561e-01
   6.0712089e-01
   6.0988927e-01
   6.1250384e-01
   6.1465703e-01
   6.1581052e-01
   6.1519532e-01
   6.1273454e-01
   6.0888957e-01
   6.0442941e-01
   6.0058443e-01
   5.9850815e-01
   5.9866195e-01
   6.0096893e-01
   6.0442941e-01
   6.0819748e-01
   6.1096586e-01
   6.1211935e-01
   6.1142725e-01
   6.0904337e-01
   6.0504460e-01
   5.9966164e-01
   5.9297139e-01
   5.8520455e-01
   5.7674562e-01
   5.6882498e-01
   5.6251922e-01
   5.5921255e-01
   5.5967395e-01
   5.6398031e-01
   5.7082436e-01
   5.7851430e-01
   5.8497385e-01
   5.8866503e-01
   5.8851123e-01
   5.8474316e-01
   5.7812980e-01
   5.6982467e-01
   5.6121193e-01
   5.5313750e-01
   5.4621655e-01
   5.4098739e-01
   5.3775761e-01
   5.3675792e-01
   5.3806521e-01
   5.4129499e-01
   5.4583205e-01
   5.5052292e-01
   5.5398339e-01
   5.5529068e-01
   5.5421409e-01
   5.5113811e-01
   5.4752384e-01
   5.4467856e-01
   5.4390957e-01
   5.4575515e-01
   5.5029222e-01
   5.5682867e-01
   5.6467241e-01
   5.7336204e-01
   5.8235927e-01
   5.9189480e-01
   6.0189173e-01
   6.1158105e-01
   6.2042449e-01
   6.2680714e-01
   6.2965241e-01
   6.2819132e-01
   6.2273147e-01
   6.1450323e-01
   6.0519840e-01
   5.9681636e-01
   5.9089511e-01
   5.8835743e-01
   5.8935712e-01
   5.9343279e-01
   5.9996924e-01
   6.0827438e-01
   6.1765611e-01
   6.2726853e-01
   6.3626576e-01
   6.4357121e-01
   6.4810827e-01
   6.4918487e-01
   6.4687788e-01
   6.4180252e-01
   6.3572747e-01
   6.3011381e-01
   6.2673024e-01
   6.2626884e-01
   6.2865272e-01
   6.3280529e-01
   6.3757306e-01
   6.4157182e-01
   6.4410950e-01
   6.4480160e-01
   6.4364811e-01
   6.4103353e-01
   6.3695786e-01
   6.3157490e-01
   6.2496155e-01
   6.1773300e-01
   6.1050446e-01
   6.0458320e-01
   6.0112273e-01
   6.0081513e-01
   6.0366041e-01
   6.0858198e-01
   6.1427253e-01
   6.1904030e-01
   6.2111658e-01
   6.2003999e-01
   6.1581052e-01
   6.0896647e-01
   6.0066133e-01
   5.9197170e-01
   5.8405106e-01
   5.7759151e-01
   5.7382344e-01
   5.7351584e-01
   5.7736081e-01
   5.8574285e-01
   5.9827745e-01
   6.1334974e-01
   6.2849892e-01
   6.4118733e-01
   6.4864657e-01
   6.4933867e-01
   6.4303291e-01
   6.3080591e-01
   6.1473393e-01
   5.9758536e-01
   5.8182098e-01
   5.6951707e-01
   5.6213473e-01
   5.6036604e-01
   5.6444171e-01
   5.7420794e-01
   5.8889572e-01
   6.0712089e-01
   6.2673024e-01
   6.4487850e-01
   6.5879729e-01
   6.6579514e-01
   6.6433405e-01
   6.5426023e-01
   6.3665026e-01
   6.1373424e-01
   5.8835743e-01
   5.6367272e-01
   5.4206398e-01
   5.2576130e-01
   5.1607198e-01
   5.1391879e-01
   5.1945555e-01
   5.3229776e-01
   5.5075361e-01
   5.7243925e-01
   5.9412489e-01
   6.1250384e-01
   6.2473085e-01
   6.2934482e-01
   6.2642264e-01
   6.1742541e-01
   6.0527530e-01
   5.9266380e-01
   5.8235927e-01
   5.7605352e-01
   5.7420794e-01
   5.7682252e-01
   5.8297447e-01
   5.9189480e-01
   6.0250692e-01
   6.1388803e-01
   6.2465395e-01
   6.3380498e-01
   6.4011073e-01
   6.4257152e-01
   6.4134113e-01
   6.3695786e-01
   6.3080590e-01
   6.2488465e-01
   6.2065518e-01
   6.1911719e-01
   6.2034759e-01
   6.2388496e-01
   6.2849892e-01
   6.3334359e-01
   6.3757305e-01
   6.4095663e-01
   6.4349431e-01
   6.4526300e-01
   6.4618579e-01
   6.4610889e-01
   6.4495540e-01
   6.4295601e-01
   6.4087973e-01
   6.3949554e-01
   6.3988004e-01
   6.4249462e-01
   6.4733928e-01
   6.5333743e-01
   6.5895109e-01
   6.6233467e-01
   6.6202707e-01
   6.5756690e-01
   6.4910797e-01
   6.3711166e-01
   6.2288526e-01
   6.0750538e-01
   5.9204860e-01
   5.7766841e-01
   5.6544140e-01
   5.5675177e-01
   5.5275300e-01
   5.5436789e-01
   5.6144263e-01
   5.7305444e-01
   5.8705014e-01
   6.0035374e-01
   6.1004306e-01
   6.1411873e-01
   6.1142725e-01
   6.0243002e-01
   5.8874192e-01
   5.7305444e-01
   5.5790526e-01
   5.4560135e-01
   5.3814211e-01
   5.3668102e-01
   5.4183328e-01
   5.5344509e-01
   5.7074746e-01
   5.9189480e-01
   6.1411873e-01
   6.3426638e-01
   6.4887727e-01
   6.5533682e-01
   6.5218394e-01
   6.3972624e-01
   6.1957859e-01
   5.9497078e-01
   5.6936327e-01
   5.4613965e-01
   5.2814518e-01
   5.1699477e-01
   5.1376500e-01
   5.1830206e-01
   5.2991387e-01
   5.4706244e-01
   5.6744079e-01
   5.8804983e-01
   6.0589049e-01
   6.1804060e-01
   6.2257767e-01
   6.1911720e-01
   6.0919717e-01
   5.9550907e-01
   5.8174408e-01
   5.7113196e-01
   5.6613350e-01
   5.6751769e-01
   5.7482313e-01
   5.8612734e-01
   5.9912335e-01
   6.1211935e-01
   6.2319286e-01
   6.3188250e-01
   6.3764995e-01
   6.4049523e-01
   6.4072593e-01
   6.3857275e-01
   6.3465087e-01
   6.2972931e-01
   6.2480775e-01
   6.2073208e-01
   6.1788680e-01
   6.1642571e-01
   6.1573362e-01
   6.1527222e-01
   6.1419563e-01
   6.1227315e-01
   6.0965857e-01
   6.0658259e-01
   6.0358351e-01
   6.0089203e-01
   5.9820055e-01
   5.9489388e-01
   5.9027991e-01
   5.8443556e-01
   5.7766841e-01
   5.7136266e-01
   5.6667179e-01
   5.6498001e-01
   5.6690249e-01
   5.7228545e-01
   5.7989849e-01
   5.8858813e-01
   5.9681636e-01
   6.0366041e-01
   6.0865887e-01
   6.1158105e-01
   6.1288834e-01
   6.1258074e-01
   6.1088896e-01
   6.0842817e-01
   6.0596739e-01
   6.0481390e-01
   6.0658259e-01
   6.1273454e-01
   6.2388496e-01
   6.3964934e-01
   6.5841280e-01
   6.7763765e-01
   6.9424792e-01
   7.0585973e-01
   7.1085820e-01
   7.0893571e-01
   7.0093817e-01
   6.8863427e-01
   6.7425407e-01
   6.5972009e-01
   6.4726238e-01
   6.3834205e-01
   6.3442018e-01
   6.3634266e-01
   6.4449400e-01
   6.5787450e-01
   6.7486927e-01
   6.9301753e-01
   7.0939711e-01
   7.2139342e-01
   7.2746847e-01
   7.2739157e-01
   7.2200861e-01
   7.1339588e-01
   7.0362965e-01
   6.9463242e-01
   6.8771147e-01
   6.8317441e-01
   6.8102122e-01
   6.8079053e-01
   6.8202092e-01
   6.8448170e-01
   6.8755767e-01
   6.9055675e-01
   6.9263304e-01
   6.9294063e-01
   6.9078745e-01
   6.8640418e-01
   6.8055983e-01
   6.7486927e-01
   6.7094740e-01
   6.7033220e-01
   6.7379268e-01
   6.8055983e-01
   6.8963396e-01
   6.9924639e-01
   7.0755152e-01
   7.1316518e-01
   7.1547216e-01
   7.1424177e-01
   7.0962781e-01
   7.0186097e-01
   6.9124885e-01
   6.7840664e-01
   6.6410335e-01
   6.4949246e-01
   6.3603506e-01
   6.2480775e-01
   6.1688711e-01
   6.1265764e-01
   6.1173485e-01
   6.1350354e-01
   6.1704091e-01
   6.2157797e-01
   6.2696093e-01
   6.3303599e-01
   6.3957244e-01
   6.4595509e-01
   6.5126115e-01
   6.5402953e-01
   6.5333743e-01
   6.4856967e-01
   6.4011073e-01
   6.2942172e-01
   6.1819440e-01
   6.0819748e-01
   6.0058444e-01
   5.9543217e-01
   5.9189480e-01
   5.8866503e-01
   5.8466626e-01
   5.7889880e-01
   5.7143956e-01
   5.6274992e-01
   5.5390649e-01
   5.4613965e-01
   5.4037219e-01
   5.3752691e-01
   5.3860350e-01
   5.4437096e-01
   5.5544448e-01
   5.7220855e-01
   5.9389419e-01
   6.1911719e-01
   6.4518610e-01
   6.6879422e-01
   6.8701938e-01
   6.9724700e-01
   6.9863119e-01
   6.9171024e-01
   6.7825284e-01
   6.6102738e-01
   6.4334051e-01
   6.2780683e-01
   6.1711781e-01
   6.1273454e-01
   6.1596432e-01
   6.2673024e-01
   6.4410950e-01
   6.6610274e-01
   6.8986466e-01
   7.1193479e-01
   7.2869886e-01
   7.3746539e-01
   7.3731160e-01
   7.2854506e-01
   7.1362658e-01
   6.9570901e-01
   6.7809905e-01
   6.6379576e-01
   6.5433713e-01
   6.5010766e-01
   6.5072285e-01
   6.5487542e-01
   6.6133497e-01
   6.6887112e-01
   6.7640726e-01
   6.8271301e-01
   6.8686558e-01
   6.8801907e-01
   6.8586589e-01
   6.8063673e-01
   6.7333128e-01
   6.6564134e-01
   6.5941249e-01
   6.5625961e-01
   6.5710551e-01
   6.6171947e-01
   6.6948631e-01
   6.7917564e-01
   6.8940326e-01
   6.9924639e-01
   7.0816672e-01
   7.1577976e-01
   7.2147032e-01
   7.2500769e-01
   7.2585358e-01
   7.2385420e-01
   7.1947093e-01
   7.1331898e-01
   7.0701323e-01
   7.0224546e-01
   6.9993848e-01
   7.0093817e-01
   7.0470624e-01
   7.1016610e-01
   7.1562596e-01
   7.1993233e-01
   7.2216241e-01
   7.2193171e-01
   7.1939403e-01
   7.1478007e-01
   7.0862811e-01
   7.0116887e-01
   6.9294063e-01
   6.8455860e-01
   6.7717625e-01
   6.7217779e-01
   6.7056290e-01
   6.7310058e-01
   6.7940634e-01
   6.8824977e-01
   6.9770840e-01
   7.0578283e-01
   7.1070440e-01
   7.1185789e-01
   7.0939711e-01
   7.0424485e-01
   6.9770840e-01
   6.9117195e-01
   6.8571209e-01
   6.8209782e-01
   6.8079053e-01
   6.8217471e-01
   6.8617349e-01
   6.9240234e-01
   6.9986158e-01
   7.0662873e-01
   7.1039680e-01
   7.0855121e-01
   6.9932328e-01
   6.8194402e-01
   6.5733621e-01
   6.2780683e-01
   5.9650877e-01
   5.6690249e-01
   5.4183328e-01
   5.2322362e-01
   5.1176561e-01
   5.0730544e-01
   5.0884343e-01
   5.1476469e-01
   5.2345432e-01
   5.3252845e-01
   5.3968010e-01
   5.4221778e-01
   5.3775761e-01
   5.2491541e-01
   5.0353737e-01
   4.7508459e-01
   4.4247924e-01
   4.0933559e-01
   3.7942172e-01
   3.5596739e-01
   3.4058751e-01
   3.3374346e-01
   3.3443556e-01
   3.4081821e-01
   3.5035374e-01
   3.6042756e-01
   3.6811750e-01
   3.7119348e-01
   3.6757921e-01
   3.5589050e-01
   3.3597355e-01
   3.0913565e-01
   2.7799139e-01
   2.4592433e-01
   2.1693325e-01
   1.9432482e-01
   1.8017533e-01
   1.7517687e-01
   1.7840664e-01
   1.8801907e-01
   2.0163027e-01
   2.1677945e-01
   2.3154414e-01
   2.4400184e-01
   2.5292218e-01
   2.5738234e-01
   2.5669025e-01
   2.5099969e-01
   2.4131037e-01
   2.2923716e-01
   2.1739465e-01
   2.0832052e-01
   2.0409105e-01
   2.0593664e-01
   2.1362658e-01
   2.2616118e-01
   2.4161796e-01
   2.5792064e-01
   2.7330052e-01
   2.8645032e-01
   2.9667794e-01
   3.0344509e-01
   3.0675177e-01
   3.0659797e-01
   3.0329129e-01
   2.9806213e-01
   2.9221778e-01
   2.8783451e-01
   2.8683482e-01
   2.9052599e-01
   2.9944632e-01
   3.1290372e-01
   3.2936020e-01
   3.4681636e-01
   3.6365734e-01
   3.7857582e-01
   3.9126423e-01
   4.0195324e-01
   4.1102738e-01
   4.1910181e-01
   4.2640726e-01
   4.3332821e-01
   4.4024915e-01
   4.4740080e-01
   4.5578284e-01
   4.6562596e-01
   4.7708398e-01
   4.8961858e-01
   5.0184559e-01
   5.1222701e-01
   5.1914795e-01
   5.2183943e-01
   5.2076284e-01
   5.1707167e-01
   5.1314980e-01
   5.1099662e-01
   5.1253460e-01
   5.1884035e-01
   5.3006767e-01
   5.4560135e-01
   5.6428791e-01
   5.8489695e-01
   6.0589049e-01
   6.2557675e-01
   6.4218702e-01
   6.5395263e-01
   6.5933559e-01
   6.5779760e-01
   6.4987696e-01
   6.3734236e-01
   6.2334666e-01
   6.1104275e-01
   6.0389111e-01
   6.0412181e-01
   6.1258074e-01
   6.2903722e-01
   6.5187634e-01
   6.7894494e-01
   7.0808982e-01
   7.3692710e-01
   7.6345740e-01
   7.8552753e-01
   8.0175331e-01
   8.1067364e-01
   8.1182713e-01
   8.0582898e-01
   7.9444786e-01
   7.7999077e-01
   7.6568748e-01
   7.5446017e-01
   7.4846201e-01
   7.4884651e-01
   7.5561366e-01
   7.6776376e-01
   7.8406644e-01
   8.0275300e-01
   8.2236235e-01
   8.4112581e-01
   8.5773608e-01
   8.7057828e-01
   8.7865272e-01
   8.8149800e-01
   8.7980621e-01
   8.7473085e-01
   8.6850200e-01
   8.6334974e-01
   8.6104276e-01
   8.6242694e-01
   8.6688711e-01
   8.7326976e-01
   8.7949862e-01
   8.8395878e-01
   8.8541987e-01
   8.8365118e-01
   8.7896032e-01
   8.7227007e-01
   8.6458013e-01
   8.5681329e-01
   8.4996924e-01
   8.4504768e-01
   8.4304829e-01
   8.4497078e-01
   8.5127653e-01
   8.6204245e-01
   8.7619194e-01
   8.9180252e-01
   9.0656721e-01
   9.1802522e-01
   9.2456167e-01
   9.2540757e-01
   9.2110120e-01
   9.1294986e-01
   9.0272224e-01
   8.9234082e-01
   8.8334359e-01
   8.7742233e-01
   8.7534605e-01
   8.7811442e-01
   8.8618886e-01
   8.9941556e-01
   9.1664103e-01
   9.3601969e-01
   9.5470624e-01
   9.6954783e-01
   9.7792987e-01
   9.7839126e-01
   9.7108582e-01
   9.5762842e-01
   9.4117195e-01
   9.2486927e-01
   9.1187327e-01
   9.0426023e-01
   9.0310674e-01
   9.0825900e-01
   9.1864042e-01
   9.3263611e-01
   9.4840049e-01
   9.6354968e-01
   9.7554599e-01
   9.8239003e-01
   9.8208244e-01
   9.7408490e-01
   9.5893571e-01
   9.3878807e-01
   9.1648724e-01
   8.9564749e-01
   8.7926792e-01
   8.6950169e-01
   8.6696401e-01
   8.7103968e-01
   8.8026761e-01
   8.9264842e-01
   9.0649031e-01
   9.2033221e-01
   9.3286681e-01
   9.4332513e-01
   9.5070747e-01
   9.5447555e-01
   9.5401415e-01
   9.4970778e-01
   9.4209474e-01
   9.3263611e-01
   9.2286989e-01
   9.1425715e-01
   9.0749000e-01
   9.0295294e-01
   9.0018456e-01
   8.9864657e-01
   8.9795448e-01
   8.9780068e-01
   8.9818517e-01
   8.9941556e-01
   9.0133805e-01
   9.0333744e-01
   9.0464472e-01
   9.0472162e-01
   9.0287604e-01
   8.9964626e-01
   8.9572439e-01
   8.9241772e-01
   8.9064903e-01
   8.9072593e-01
   8.9234082e-01
   8.9403260e-01
   8.9449400e-01
   8.9218702e-01
   8.8626576e-01
   8.7673024e-01
   8.6419563e-01
   8.4966164e-01
   8.3443556e-01
   8.1997847e-01
   8.0752076e-01
   7.9852353e-01
   7.9437096e-01
   7.9606275e-01
   8.0413719e-01
   8.1813288e-01
   8.3620424e-01
   8.5550600e-01
   8.7288527e-01
   8.8472778e-01
   8.8895724e-01
   8.8434328e-01
   8.7165487e-01
   8.5281452e-01
   8.3051369e-01
   8.0790526e-01
   7.8775761e-01
   7.7253153e-01
