   8.5511558e+01
   1.3875029e+02
   1.7550927e+02
   1.9116503e+02
   1.8548867e+02
   1.6227970e+02
   1.2822156e+02
   9.0867475e+01
   5.6672007e+01
   3.0075532e+01
   1.2909133e+01
   4.6692600e+00
   3.6621660e+00
   7.3701070e+00
   1.3778897e+01
   2.1606775e+01
   2.9938201e+01
   3.8315404e+01
   4.6372168e+01
   5.3788052e+01
   6.0059510e+01
   6.4820325e+01
   6.7841612e+01
   6.9214924e+01
   6.9169146e+01
   6.8162051e+01
   6.6697185e+01
   6.4957656e+01
   6.3309681e+01
   6.1982147e+01
   6.1158160e+01
   6.1112383e+01
   6.1936370e+01
   6.3675899e+01
   6.5918974e+01
   6.8299382e+01
   7.0130464e+01
   7.0862898e+01
   7.0267795e+01
   6.8299382e+01
   6.5415427e+01
   6.2027924e+01
   5.8640421e+01
   5.5573358e+01
   5.2689403e+01
   4.9942779e+01
   4.7150378e+01
   4.4220645e+01
   4.1382468e+01
   3.8818951e+01
   3.6942092e+01
   3.5843443e+01
   3.5660334e+01
   3.6255436e+01
   3.7445640e+01
   3.9276722e+01
   4.1748684e+01
   4.4815747e+01
   4.8523689e+01
   5.2552071e+01
   5.6122683e+01
   5.8503090e+01
   5.8777752e+01
   5.6260014e+01
   5.0812543e+01
   4.3076219e+01
   3.4058137e+01
   2.4948501e+01
   1.7166400e+01
   1.1673152e+01
   9.0638590e+00
   9.5674060e+00
   1.2954909e+01
   1.8768596e+01
   2.6367589e+01
   3.4927901e+01
   4.3350881e+01
   5.0492103e+01
   5.5115587e+01
   5.6305791e+01
   5.3513390e+01
   4.6921493e+01
   3.7354086e+01
   2.6047151e+01
   1.4557107e+01
   4.3030440e+00
  -3.5706110e+00
  -8.4229800e+00
  -9.8878460e+00
  -8.0109860e+00
  -2.9755090e+00
   5.0354770e+00
   1.5518425e+01
   2.7695125e+01
   4.0512703e+01
   5.2643625e+01
   6.2668803e+01
   6.9352255e+01
   7.1778439e+01
   6.9672694e+01
   6.3355458e+01
   5.3650721e+01
   4.1657130e+01
   2.8839551e+01
   1.6662852e+01
   6.6376750e+00
   9.1554000e-02
  -1.7853060e+00
   1.9226370e+00
   1.1169605e+01
   2.5314717e+01
   4.2755779e+01
   6.1158160e+01
   7.8004120e+01
   9.0821698e+01
   9.8100252e+01
   9.8970016e+01
   9.3934539e+01
   8.4184024e+01
   7.1503777e+01
   5.7862211e+01
   4.4861524e+01
   3.3966583e+01
   2.6047151e+01
   2.1744106e+01
   2.1149004e+01
   2.3941406e+01
   2.9480431e+01
   3.6713207e+01
   4.4220646e+01
   5.0720989e+01
   5.5069810e+01
   5.6672007e+01
   5.5481804e+01
   5.2002746e+01
   4.7013047e+01
   4.1474022e+01
   3.6118105e+01
   3.1540398e+01
   2.8061341e+01
   2.5864042e+01
   2.4994278e+01
   2.5543602e+01
   2.7603571e+01
   3.1128405e+01
   3.5660334e+01
   4.0787365e+01
   4.5868620e+01
   5.0400550e+01
   5.3971161e+01
   5.6672007e+01
   5.8640421e+01
   6.0013733e+01
   6.1020828e+01
   6.1478599e+01
   6.0975051e+01
   5.9098192e+01
   5.5436026e+01
   5.0171664e+01
   4.3579767e+01
   3.6484322e+01
   2.9709316e+01
   2.4078736e+01
   2.0187686e+01
   1.8173495e+01
   1.8219272e+01
   2.0004578e+01
   2.3392081e+01
   2.8015564e+01
   3.3554589e+01
   3.9139391e+01
   4.4037537e+01
   4.7287709e+01
   4.7837033e+01
   4.5319295e+01
   3.9688716e+01
   3.1586176e+01
   2.2293431e+01
   1.3000687e+01
   5.0812540e+00
  -5.9510200e-01
  -3.3875030e+00
  -3.2501710e+00
  -4.5777100e-01
   4.7608150e+00
   1.1718929e+01
   1.9821469e+01
   2.8198673e+01
   3.5889220e+01
   4.1794461e+01
   4.4998856e+01
   4.4998856e+01
   4.1519798e+01
   3.5294118e+01
   2.7191577e+01
   1.8356603e+01
   1.0116732e+01
   3.2043940e+00
  -1.7395280e+00
  -4.3488220e+00
  -4.6234830e+00
  -2.5177390e+00
   1.8768600e+00
   8.1483180e+00
   1.5884642e+01
   2.3987183e+01
   3.1540398e+01
   3.7079423e+01
   3.9642939e+01
   3.8590066e+01
   3.3966583e+01
   2.6138704e+01
   1.6205082e+01
   5.1728080e+00
  -5.7221330e+00
  -1.5426871e+01
  -2.2888533e+01
  -2.7466239e+01
  -2.8381781e+01
  -2.5223164e+01
  -1.7944609e+01
  -7.2785530e+00
   5.7221330e+00
   1.9317922e+01
   3.1403067e+01
   4.0329595e+01
   4.4724193e+01
   4.4174869e+01
   3.8956282e+01
   3.0258641e+01
   1.9455253e+01
   8.1025410e+00
  -2.3804080e+00
  -1.0940719e+01
  -1.6800183e+01
  -1.9501030e+01
  -1.8814374e+01
  -1.5106431e+01
  -8.8349740e+00
  -1.0986490e+00
   6.9581140e+00
   1.4007782e+01
   1.9089036e+01
   2.1423667e+01
   2.1149004e+01
   1.8493934e+01
   1.4328221e+01
   9.2927440e+00
   4.1657130e+00
  -8.6976500e-01
  -5.5390240e+00
  -9.8878460e+00
  -1.3870451e+01
  -1.7166400e+01
  -1.9638362e+01
  -2.1011673e+01
  -2.1149004e+01
  -2.0279240e+01
  -1.8493934e+01
  -1.6205081e+01
  -1.3641566e+01
  -1.0757610e+01
  -7.6447700e+00
  -4.4861520e+00
  -1.5564200e+00
   4.5777100e-01
   8.2398700e-01
  -1.1902040e+00
  -5.9967960e+00
  -1.3550011e+01
  -2.2980087e+01
  -3.3142595e+01
  -4.2572671e+01
  -4.9851225e+01
  -5.4108492e+01
  -5.4703594e+01
  -5.1773861e+01
  -4.5548180e+01
  -3.6758984e+01
  -2.6184482e+01
  -1.4831769e+01
  -3.9368270e+00
   5.4474710e+00
   1.2039369e+01
   1.4969101e+01
   1.3824674e+01
   8.7434190e+00
   5.0354700e-01
  -9.4758530e+00
  -1.9867246e+01
  -2.9251545e+01
  -3.6804761e+01
  -4.1886015e+01
  -4.4495308e+01
  -4.4678417e+01
  -4.2710002e+01
  -3.8818952e+01
  -3.3463035e+01
  -2.7145800e+01
  -2.0691234e+01
  -1.4923323e+01
  -1.0940719e+01
  -9.4300760e+00
  -1.0620279e+01
  -1.4557106e+01
  -2.0508126e+01
  -2.7603570e+01
  -3.4927901e+01
  -4.1611353e+01
  -4.6967270e+01
  -5.0492104e+01
  -5.1819638e+01
  -5.0537881e+01
  -4.6601053e+01
  -4.0054932e+01
  -3.1357290e+01
  -2.1469444e+01
  -1.1673151e+01
  -3.3875030e+00
   2.1972990e+00
   4.0741590e+00
   2.2430760e+00
  -2.9297330e+00
  -1.0528725e+01
  -1.9409476e+01
  -2.8427557e+01
  -3.6667429e+01
  -4.3259327e+01
  -4.7562372e+01
  -4.9118791e+01
  -4.7608148e+01
  -4.2984665e+01
  -3.5568780e+01
  -2.6230258e+01
  -1.6159304e+01
  -6.8665600e+00
   3.6621700e-01
   4.4403760e+00
   4.9439230e+00
   2.1057450e+00
  -3.4332800e+00
  -1.0803388e+01
  -1.9180591e+01
  -2.7649347e+01
  -3.5660334e+01
  -4.2710003e+01
  -4.8294804e+01
  -5.2094301e+01
  -5.3879606e+01
  -5.3696498e+01
  -5.1819638e+01
  -4.8752575e+01
  -4.5181964e+01
  -4.1657130e+01
  -3.8590067e+01
  -3.6163882e+01
  -3.4149691e+01
  -3.2410162e+01
  -3.0991073e+01
  -2.9846647e+01
  -2.9617762e+01
  -3.0624857e+01
  -3.3279926e+01
  -3.7399863e+01
  -4.2664225e+01
  -4.8157473e+01
  -5.3009842e+01
  -5.6351568e+01
  -5.7633326e+01
  -5.6717784e+01
  -5.3604944e+01
  -4.8615244e+01
  -4.2114901e+01
  -3.4607462e+01
  -2.6596476e+01
  -1.8814374e+01
  -1.2085146e+01
  -7.3701080e+00
  -5.3559170e+00
  -6.3172350e+00
  -9.9794010e+00
  -1.5701533e+01
  -2.2247654e+01
  -2.8381781e+01
  -3.3234149e+01
  -3.6209659e+01
  -3.7399862e+01
  -3.7216754e+01
  -3.6163882e+01
  -3.4882124e+01
  -3.3646143e+01
  -3.2730602e+01
  -3.2043946e+01
  -3.1815061e+01
  -3.2043946e+01
  -3.2913710e+01
  -3.4515908e+01
  -3.6758984e+01
  -3.9505608e+01
  -4.2389563e+01
  -4.5044633e+01
  -4.7150377e+01
  -4.8477913e+01
  -4.8981460e+01
  -4.8477913e+01
  -4.6784161e+01
  -4.3625543e+01
  -3.8544290e+01
  -3.1494621e+01
  -2.2751202e+01
  -1.3000687e+01
  -3.3417260e+00
   4.8523690e+00
   1.0437171e+01
   1.2634470e+01
   1.1398489e+01
   7.1412230e+00
   7.7821000e-01
  -6.4545660e+00
  -1.3641566e+01
  -1.9729915e+01
  -2.4170291e+01
  -2.6321813e+01
  -2.5909819e+01
  -2.2613871e+01
  -1.6479744e+01
  -7.8736550e+00
   2.3346310e+00
   1.2863355e+01
   2.2476539e+01
   2.9755093e+01
   3.3691920e+01
   3.4058137e+01
   3.0945296e+01
   2.5177386e+01
   1.7669947e+01
   9.3385210e+00
   1.1444260e+00
  -6.3630120e+00
  -1.2542916e+01
  -1.6937514e+01
  -1.9226367e+01
  -1.9363699e+01
  -1.7395285e+01
  -1.3824674e+01
  -9.4300760e+00
  -4.9897010e+00
  -1.4190890e+00
   7.7821000e-01
   1.5564200e+00
   1.0528730e+00
  -3.2044000e-01
  -2.1972990e+00
  -4.4403750e+00
  -7.1412230e+00
  -1.0437171e+01
  -1.4419775e+01
  -1.9134814e+01
  -2.4078736e+01
  -2.8702220e+01
  -3.2410163e+01
  -3.4561685e+01
  -3.4927901e+01
  -3.3417258e+01
  -3.0304418e+01
  -2.5818265e+01
  -2.0279240e+01
  -1.4145114e+01
  -7.8736550e+00
  -2.1057450e+00
   2.1972990e+00
   4.2572680e+00
   3.3875030e+00
  -5.9510200e-01
  -7.3243310e+00
  -1.5793088e+01
  -2.4536508e+01
  -3.2043946e+01
  -3.7170978e+01
  -3.9139391e+01
  -3.8040742e+01
  -3.4470131e+01
  -2.9205768e+01
  -2.3437858e+01
  -1.7990387e+01
  -1.3687343e+01
  -1.1123827e+01
  -1.0528725e+01
  -1.2176700e+01
  -1.5930419e+01
  -2.1469444e+01
  -2.8061341e+01
  -3.4927901e+01
  -4.1290913e+01
  -4.6280614e+01
  -4.9622339e+01
  -5.1270314e+01
  -5.1544976e+01
  -5.0858320e+01
  -4.9485008e+01
  -4.7653925e+01
  -4.5227741e+01
  -4.2160678e+01
  -3.8315404e+01
  -3.3966583e+01
  -2.9663538e+01
  -2.5909819e+01
  -2.3392080e+01
  -2.2430762e+01
  -2.3025864e+01
  -2.4856946e+01
  -2.7512017e+01
  -3.0579079e+01
  -3.3737697e+01
  -3.6896314e+01
  -4.0009156e+01
  -4.3030442e+01
  -4.5593958e+01
  -4.7150378e+01
  -4.7150378e+01
  -4.5090410e+01
  -4.0741589e+01
  -3.4287022e+01
  -2.6321813e+01
  -1.7715724e+01
  -9.3385210e+00
  -1.9684130e+00
   3.6621660e+00
   7.0038910e+00
   7.8278780e+00
   5.7221330e+00
   8.2398700e-01
  -6.6376750e+00
  -1.5747311e+01
  -2.5406272e+01
  -3.4287022e+01
  -4.0924697e+01
  -4.4449531e+01
  -4.4678416e+01
  -4.2114900e+01
  -3.8040741e+01
  -3.3829251e+01
  -3.1082628e+01
  -3.0853742e+01
  -3.3920805e+01
  -4.0421149e+01
  -5.0080110e+01
  -6.2394140e+01
  -7.6493477e+01
  -9.1416800e+01
  -1.0592813e+02
  -1.1869993e+02
  -1.2822156e+02
  -1.3321126e+02
  -1.3284505e+02
  -1.2726024e+02
  -1.1691463e+02
  -1.0331884e+02
  -8.8212405e+01
  -7.3426413e+01
  -6.0425727e+01
  -5.0492103e+01
  -4.4129091e+01
  -4.1565576e+01
  -4.2618448e+01
  -4.6921492e+01
  -5.3742275e+01
  -6.2073701e+01
  -7.0725567e+01
  -7.8461890e+01
  -8.3955138e+01
  -8.6472877e+01
  -8.5557336e+01
  -8.1437400e+01
  -7.4845502e+01
  -6.6788739e+01
  -5.8274205e+01
  -5.0080110e+01
  -4.2847333e+01
  -3.6896315e+01
  -3.2364385e+01
  -2.9434653e+01
  -2.8152895e+01
  -2.8610666e+01
  -3.0716411e+01
  -3.3966583e+01
  -3.7766079e+01
  -4.1474021e+01
  -4.4357976e+01
  -4.6051728e+01
  -4.6509499e+01
  -4.6097505e+01
  -4.5044632e+01
  -4.3808652e+01
  -4.2572671e+01
  -4.1153582e+01
  -3.9414053e+01
  -3.7262532e+01
  -3.4561685e+01
  -3.1631952e+01
  -2.8839552e+01
  -2.6688029e+01
  -2.5314717e+01
  -2.4902724e+01
  -2.5314718e+01
  -2.6321813e+01
  -2.7740902e+01
  -2.9617762e+01
  -3.1860838e+01
  -3.4561684e+01
  -3.7491417e+01
  -4.0238041e+01
  -4.2160677e+01
  -4.2664225e+01
  -4.1336690e+01
  -3.7994965e+01
  -3.3096818e+01
  -2.7328908e+01
  -2.1652552e+01
  -1.6754406e+01
  -1.3366903e+01
  -1.1718929e+01
  -1.1764706e+01
  -1.3550012e+01
  -1.6800183e+01
  -2.1286336e+01
  -2.6550698e+01
  -3.1998169e+01
  -3.6667430e+01
  -3.9551384e+01
  -3.9734493e+01
  -3.6667429e+01
  -3.0395972e+01
  -2.1560998e+01
  -1.1306935e+01
  -1.0070960e+00
   7.9652090e+00
   1.4648661e+01
   1.8356604e+01
   1.8905928e+01
   1.6342412e+01
   1.1032273e+01
   3.4790570e+00
  -5.7221330e+00
  -1.5426871e+01
  -2.4490730e+01
  -3.1586176e+01
  -3.5477225e+01
  -3.5385671e+01
  -3.1082627e+01
  -2.3163196e+01
  -1.2726024e+01
  -1.1902030e+00
   9.8878460e+00
   1.9226368e+01
   2.6001373e+01
   2.9709315e+01
   3.0167086e+01
   2.7420462e+01
   2.1789884e+01
   1.3824674e+01
   4.2572670e+00
  -5.8594650e+00
  -1.5197986e+01
  -2.2522317e+01
  -2.6779583e+01
  -2.7420462e+01
  -2.4536507e+01
  -1.8677043e+01
  -1.0894941e+01
  -2.3346300e+00
   6.0883500e+00
   1.3504234e+01
   1.9363699e+01
   2.3300527e+01
   2.5040054e+01
   2.4536507e+01
   2.1789883e+01
   1.7257954e+01
   1.1718929e+01
   5.9967950e+00
   1.1902040e+00
  -1.7853060e+00
  -2.3346310e+00
  -4.1199400e-01
   3.8452740e+00
   9.9336230e+00
   1.7349508e+01
   2.5772488e+01
   3.4790570e+01
   4.4083315e+01
   5.3147173e+01
   6.1249714e+01
   6.7338064e+01
   7.0450904e+01
   6.9901579e+01
   6.5506981e+01
   5.7587548e+01
   4.7196155e+01
   3.5751888e+01
   2.4719615e+01
   1.5472648e+01
   8.9723050e+00
   5.8594650e+00
   6.4545660e+00
   1.0528726e+01
   1.7898833e+01
   2.7832456e+01
   3.9276723e+01
   5.0766766e+01
   6.0883497e+01
   6.8024720e+01
   7.1229114e+01
   6.9901579e+01
   6.4408331e+01
   5.5527581e+01
   4.4724194e+01
   3.3417258e+01
   2.2980087e+01
   1.4511330e+01
   8.8349730e+00
   6.4545660e+00
   7.6905470e+00
   1.2497139e+01
   2.0645457e+01
   3.1219959e+01
   4.3121996e+01
   5.4703594e+01
   6.4316778e+01
   7.0496681e+01
   7.2373541e+01
   6.9901580e+01
   6.3538567e+01
   5.4520485e+01
   4.4220645e+01
   3.3920806e+01
   2.4856947e+01
   1.7807279e+01
   1.3183795e+01
   1.1352712e+01
   1.2222477e+01
   1.5518425e+01
   2.0828565e+01
   2.7145800e+01
   3.3600366e+01
   3.8910506e+01
   4.2435340e+01
   4.3671320e+01
   4.2710002e+01
   4.0100710e+01
   3.6484322e+01
   3.2639048e+01
   2.8976882e+01
   2.5726711e+01
   2.2705425e+01
   1.9821469e+01
   1.7074845e+01
   1.4511330e+01
   1.2359808e+01
   1.0894941e+01
   1.0345617e+01
   1.0711833e+01
   1.1810483e+01
   1.3550011e+01
   1.5838865e+01
   1.8631266e+01
   2.1927215e+01
   2.5635157e+01
   2.9526208e+01
   3.2867933e+01
   3.5111010e+01
   3.5294118e+01
   3.3051041e+01
   2.8381780e+01
   2.1698329e+01
   1.4145114e+01
   6.8207830e+00
   9.1554200e-01
  -2.7466240e+00
  -3.6621650e+00
  -1.7395280e+00
   2.8839560e+00
   9.7962920e+00
   1.8585489e+01
   2.8519112e+01
   3.8727398e+01
   4.8020142e+01
   5.5252918e+01
   5.9235523e+01
   5.9281300e+01
   5.5298695e+01
   4.7882811e+01
   3.8132296e+01
   2.7649348e+01
   1.7761502e+01
   9.8878460e+00
   4.8523690e+00
   3.2043940e+00
   4.9897000e+00
   1.0116731e+01
   1.8173495e+01
   2.8519111e+01
   4.0009155e+01
   5.1499199e+01
   6.1432822e+01
   6.8436713e+01
   7.1366445e+01
   6.9672694e+01
   6.3675898e+01
   5.4108492e+01
   4.2206454e+01
   2.9434653e+01
   1.7120622e+01
   6.6376740e+00
  -1.0528720e+00
  -5.0812540e+00
  -4.8065920e+00
   9.1554000e-02
   9.2927440e+00
   2.2247654e+01
   3.7216754e+01
   5.2414740e+01
   6.5552758e+01
   7.4799726e+01
   7.8782330e+01
   7.7088579e+01
   7.0222018e+01
   5.9510185e+01
   4.6601053e+01
   3.3417258e+01
   2.1469444e+01
   1.2176700e+01
   6.3630120e+00
   4.5777060e+00
   6.8207830e+00
   1.2726024e+01
   2.1377889e+01
   3.1494621e+01
   4.1519798e+01
   4.9805447e+01
   5.5252918e+01
   5.6992446e+01
   5.5252918e+01
   5.0537880e+01
   4.3991760e+01
   3.6713207e+01
   2.9709315e+01
   2.3666743e+01
   1.8814374e+01
   1.5289540e+01
   1.3092241e+01
   1.2039368e+01
   1.2222477e+01
   1.3321126e+01
   1.5152209e+01
   1.7257954e+01
   1.9226367e+01
   2.0737011e+01
   2.1606775e+01
   2.2110323e+01
   2.2476539e+01
   2.2980087e+01
   2.3712520e+01
   2.4444953e+01
   2.4673839e+01
   2.3758297e+01
   2.1377890e+01
   1.7349508e+01
   1.2039368e+01
   6.3172350e+00
   8.6976500e-01
  -3.2959490e+00
  -5.5848020e+00
  -5.6763560e+00
  -3.6163880e+00
   4.5777100e-01
   6.3630120e+00
   1.3641565e+01
   2.1652552e+01
   2.9617761e+01
   3.6392767e+01
   4.0924697e+01
   4.2160678e+01
   3.9551384e+01
   3.3325704e+01
   2.4307622e+01
   1.3870450e+01
   3.6621650e+00
  -4.7608150e+00
  -1.0391394e+01
  -1.2817579e+01
  -1.2130923e+01
  -8.9723050e+00
  -4.1199360e+00
   1.5106440e+00
   7.0496680e+00
   1.1810483e+01
   1.5014877e+01
   1.6388190e+01
   1.5518425e+01
   1.2680247e+01
   8.2856490e+00
   3.2501720e+00
  -1.6021970e+00
  -5.4016930e+00
  -7.6905470e+00
  -8.2398720e+00
  -7.3243300e+00
  -5.0354770e+00
  -1.7395290e+00
   2.7008470e+00
   8.2398720e+00
   1.5106431e+01
   2.3071641e+01
   3.1586175e+01
   3.9780270e+01
   4.6372168e+01
   5.0308995e+01
   5.0812543e+01
   4.7562371e+01
   4.1062028e+01
   3.2043946e+01
   2.1881438e+01
   1.1856260e+01
   3.1128410e+00
  -3.1128400e+00
  -5.9510190e+00
  -4.7150380e+00
   9.6131800e-01
   1.0711833e+01
   2.3804074e+01
   3.8681621e+01
   5.3192950e+01
   6.4957657e+01
   7.2144655e+01
   7.3151751e+01
   6.7521172e+01
   5.5848020e+01
   3.9459830e+01
   2.0096132e+01
  -2.2888600e-01
  -1.9775692e+01
  -3.7262531e+01
  -5.1636530e+01
  -6.2394141e+01
  -6.9443809e+01
  -7.3060197e+01
  -7.3884184e+01
  -7.2922866e+01
  -7.1229115e+01
  -6.9855802e+01
  -6.9489585e+01
  -7.0450904e+01
  -7.2510872e+01
  -7.4891279e+01
  -7.6951247e+01
  -7.7866788e+01
  -7.7500572e+01
  -7.5944152e+01
  -7.3563745e+01
  -7.0862898e+01
  -6.8253605e+01
  -6.5827420e+01
  -6.3538567e+01
  -6.1158159e+01
  -5.8319982e+01
  -5.5024033e+01
  -5.0995651e+01
  -4.6326390e+01
  -4.0833142e+01
  -3.4470131e+01
  -2.7100023e+01
  -1.8814374e+01
  -1.0070955e+01
  -1.6479750e+00
   5.4474700e+00
   1.0162508e+01
   1.1718929e+01
   9.9794000e+00
   5.4474700e+00
  -1.0070950e+00
  -7.8736550e+00
  -1.3916228e+01
  -1.7990387e+01
  -1.9455252e+01
  -1.7944610e+01
  -1.3595788e+01
  -6.5918970e+00
   2.5177380e+00
   1.3000686e+01
   2.3987183e+01
   3.4287023e+01
   4.2618449e+01
   4.7837034e+01
   4.9164569e+01
   4.6555275e+01
   4.0421150e+01
   3.1815060e+01
   2.2156100e+01
   1.2817578e+01
   5.2185850e+00
   1.8310800e-01
  -1.7395280e+00
  -2.7466300e-01
   4.6692600e+00
   1.2726025e+01
   2.3346303e+01
   3.5477226e+01
   4.7837034e+01
   5.8731976e+01
   6.6651407e+01
   7.0359350e+01
   6.9260701e+01
   6.3492790e+01
   5.3971160e+01
   4.2069123e+01
   2.9343099e+01
   1.7303731e+01
   7.2327760e+00
   1.3733100e-01
  -3.3875030e+00
  -3.0212860e+00
   1.3275350e+00
   9.2469670e+00
   1.9821470e+01
   3.1860837e+01
   4.3625544e+01
   5.3467613e+01
   5.9876402e+01
   6.2073701e+01
   5.9967956e+01
   5.4108491e+01
   4.5685512e+01
   3.6026550e+01
   2.6367590e+01
   1.7807279e+01
   1.0986496e+01
   6.3630130e+00
   4.2572670e+00
   4.7608150e+00
   7.8736550e+00
   1.3229572e+01
   2.0141909e+01
   2.7786679e+01
   3.4973678e+01
   4.0787365e+01
   4.4357976e+01
   4.5319295e+01
   4.3717098e+01
   3.9780271e+01
   3.4012360e+01
   2.6688030e+01
   1.8265049e+01
   9.1554130e+00
  -9.1555000e-02
  -8.6976420e+00
  -1.5747311e+01
  -2.0370794e+01
  -2.1927214e+01
  -2.0279240e+01
  -1.5747311e+01
  -9.1554130e+00
  -1.4648660e+00
   6.1799030e+00
   1.3138018e+01
   1.8951705e+01
   2.3346304e+01
   2.6230259e+01
   2.7603570e+01
   2.7328908e+01
   2.5406271e+01
   2.1835661e+01
   1.7074845e+01
   1.1627375e+01
   6.3172350e+00
   1.9226360e+00
  -1.0070950e+00
  -2.1515220e+00
  -1.5106440e+00
   7.7821000e-01
   4.5319300e+00
   9.4300760e+00
   1.5381094e+01
   2.1927214e+01
   2.8610666e+01
   3.4607462e+01
   3.8864729e+01
   4.0466926e+01
   3.8773175e+01
   3.3691920e+01
   2.5726711e+01
   1.5930419e+01
   5.7221330e+00
  -3.4790570e+00
  -1.0528725e+01
  -1.4511330e+01
  -1.5152209e+01
  -1.2314031e+01
  -6.1341270e+00
   2.7466240e+00
   1.3733120e+01
   2.5589380e+01
   3.7079423e+01
   4.6738384e+01
   5.3147173e+01
   5.5436027e+01
   5.3238727e+01
   4.7058823e+01
   3.7949187e+01
   2.7191577e+01
   1.6296636e+01
   6.4087900e+00
  -1.6937510e+00
  -7.5074390e+00
  -1.0849164e+01
  -1.1627375e+01
  -9.8878460e+00
  -5.8594650e+00
   4.5777000e-02
   7.0954450e+00
   1.4373999e+01
   2.0828564e+01
   2.5360495e+01
   2.7374685e+01
   2.6733807e+01
   2.3666743e+01
   1.8814374e+01
   1.2863356e+01
   6.6834520e+00
   9.6131900e-01
  -3.7079430e+00
  -6.6834520e+00
  -7.5532150e+00
  -5.9052420e+00
  -1.6021970e+00
   5.0812550e+00
   1.3275349e+01
   2.1744106e+01
   2.9022660e+01
   3.3783475e+01
   3.5156787e+01
   3.2776379e+01
   2.6962691e+01
   1.8448157e+01
   8.1940950e+00
  -2.8381780e+00
  -1.3870451e+01
  -2.4307622e+01
  -3.3783475e+01
  -4.2069124e+01
  -4.8935683e+01
  -5.4337377e+01
  -5.8319981e+01
  -6.1203937e+01
  -6.3584344e+01
  -6.5918975e+01
  -6.8665599e+01
  -7.1915770e+01
  -7.5577935e+01
  -7.9240101e+01
  -8.2490273e+01
  -8.5236896e+01
  -8.7571527e+01
  -9.0272374e+01
  -9.4026093e+01
  -9.9473563e+01
  -1.0707256e+02
  -1.1659419e+02
  -1.2744335e+02
  -1.3879606e+02
  -1.4959945e+02
  -1.5898375e+02
  -1.6626230e+02
  -1.7097734e+02
  -1.7289998e+02
  -1.7189288e+02
  -1.6800183e+02
  -1.6182193e+02
  -1.5385672e+02
  -1.4538796e+02
  -1.3765164e+02
  -1.3174640e+02
  -1.2849622e+02
  -1.2808423e+02
  -1.3009842e+02
  -1.3334859e+02
  -1.3641566e+02
  -1.3806363e+02
  -1.3705653e+02
  -1.3279927e+02
  -1.2506294e+02
  -1.1384756e+02
  -9.9656672e+01
  -8.3085375e+01
  -6.4911879e+01
  -4.6280613e+01
  -2.8610666e+01
  -1.3275349e+01
  -1.4648670e+00
   5.9052420e+00
   8.6518650e+00
   7.3701080e+00
   3.2043950e+00
  -2.3804080e+00
  -7.6905470e+00
  -1.1535821e+01
  -1.2909132e+01
  -1.1306935e+01
  -6.5918980e+00
   1.1902040e+00
   1.1581598e+01
   2.4032960e+01
   3.7582971e+01
   5.0995651e+01
   6.2897688e+01
   7.2098878e+01
   7.7592127e+01
   7.9056993e+01
   7.6722362e+01
   7.1458000e+01
   6.4454109e+01
   5.6900892e+01
   5.0034333e+01
   4.4541085e+01
   4.1062028e+01
   4.0054933e+01
   4.1886015e+01
   4.6738384e+01
   5.4474708e+01
   6.4682994e+01
   7.6493477e+01
   8.8578623e+01
   9.9427786e+01
   1.0757610e+02
   1.1206226e+02
   1.1256581e+02
   1.0940719e+02
   1.0336461e+02
   9.5628290e+01
   8.7342641e+01
   7.9468986e+01
   7.2785534e+01
   6.7795834e+01
   6.4820325e+01
   6.3996338e+01
   6.5186542e+01
   6.8162051e+01
   7.2236210e+01
   7.6630808e+01
   8.0567636e+01
   8.3405814e+01
   8.4824903e+01
   8.5008011e+01
   8.4367132e+01
   8.3314260e+01
   8.2444495e+01
   8.1666285e+01
   8.0888075e+01
   7.9697872e+01
   7.7729458e+01
   7.4891280e+01
   7.1320668e+01
   6.7521172e+01
   6.4133669e+01
   6.1615930e+01
   6.0379949e+01
   6.0563058e+01
   6.2119478e+01
   6.4957656e+01
   6.8894484e+01
   7.3838407e+01
   7.9331655e+01
   8.4824903e+01
   8.9402609e+01
   9.2195010e+01
   9.2195010e+01
   8.8944839e+01
   8.2490272e+01
   7.3609522e+01
   6.3492790e+01
   5.3559167e+01
   4.5227741e+01
   3.9551385e+01
   3.7170978e+01
   3.7994964e+01
   4.1931792e+01
   4.8432136e+01
   5.6809338e+01
   6.6239414e+01
   7.5669489e+01
   8.3955139e+01
   8.9860380e+01
   9.2423895e+01
   9.0959030e+01
   8.5603113e+01
   7.6859694e+01
   6.6056306e+01
   5.4566262e+01
   4.3991760e+01
   3.5385672e+01
   2.9663539e+01
   2.7237354e+01
   2.8061341e+01
   3.2181277e+01
   3.9002060e+01
   4.7974365e+01
   5.8091097e+01
   6.8024720e+01
   7.6447700e+01
   8.1895171e+01
   8.3543145e+01
   8.1025406e+01
   7.4799726e+01
   6.5918974e+01
   5.5893798e+01
   4.6143282e+01
   3.7857633e+01
   3.1860838e+01
   2.8564889e+01
   2.7924010e+01
   2.9709316e+01
   3.3691920e+01
   3.9185169e+01
   4.5639735e+01
   5.2140078e+01
   5.7679103e+01
   6.1387045e+01
   6.2623026e+01
   6.1249714e+01
   5.7404440e+01
   5.1911193e+01
   4.5639734e+01
   3.9459831e+01
   3.4149691e+01
   3.0075532e+01
   2.7420463e+01
   2.6230259e+01
   2.6642252e+01
   2.8656443e+01
   3.2272832e+01
   3.7354086e+01
   4.3396659e+01
   4.9668116e+01
   5.5436026e+01
   5.9922179e+01
   6.2623026e+01
   6.3447013e+01
   6.2806134e+01
   6.1112383e+01
   5.8869306e+01
   5.6397345e+01
   5.3742275e+01
   5.0766766e+01
   4.7379263e+01
   4.3579767e+01
   3.9688716e+01
   3.5980774e+01
   3.3051042e+01
   3.1174182e+01
   3.0624857e+01
   3.1311513e+01
   3.3188373e+01
   3.6026551e+01
   3.9871824e+01
   4.4449531e+01
   4.9530785e+01
   5.4566262e+01
   5.8731975e+01
   6.1066606e+01
   6.0700390e+01
   5.7129778e+01
   5.0446326e+01
   4.1336690e+01
   3.1128405e+01
   2.1240558e+01
   1.3183795e+01
   7.9194320e+00
   5.9967960e+00
   7.4616620e+00
   1.1993591e+01
   1.9043259e+01
   2.7786679e+01
   3.7399863e+01
   4.6692607e+01
   5.4520486e+01
   5.9784848e+01
   6.1570154e+01
   5.9510185e+01
   5.3742275e+01
   4.5227741e+01
   3.5248341e+01
   2.5268940e+01
   1.6800183e+01
   1.0803388e+01
   7.8736550e+00
   8.0567630e+00
   1.1032273e+01
   1.6433967e+01
   2.3620966e+01
   3.1677729e+01
   3.9780270e+01
   4.6921493e+01
   5.1865416e+01
   5.3971160e+01
   5.2689402e+01
   4.8203250e+01
   4.1290914e+01
   3.3188372e+01
   2.5085832e+01
   1.8127719e+01
   1.2726024e+01
   8.9723050e+00
   6.4545660e+00
   4.4861520e+00
   2.6092920e+00
   5.4932500e-01
  -1.8768600e+00
  -4.3945990e+00
  -6.7292280e+00
  -8.6060880e+00
  -9.8420690e+00
  -1.0345617e+01
  -9.9794010e+00
  -8.7434200e+00
  -6.7750060e+00
  -4.1657130e+00
  -1.3275350e+00
   1.1444270e+00
   2.9297320e+00
   3.6163880e+00
   3.2959480e+00
   2.4261850e+00
   1.6937510e+00
   1.8310830e+00
   3.2959490e+00
   6.0425730e+00
   9.4758530e+00
   1.2588693e+01
   1.4328221e+01
   1.3733120e+01
   1.0482948e+01
   4.6692600e+00
  -3.1586170e+00
  -1.2268253e+01
  -2.2018768e+01
  -3.1815061e+01
  -4.1428245e+01
  -5.0537880e+01
  -5.9098192e+01
  -6.6788739e+01
  -7.3517967e+01
  -7.9148547e+01
  -8.3772030e+01
  -8.7663081e+01
  -9.1142137e+01
  -9.4529641e+01
  -9.8146029e+01
  -1.0194553e+02
  -1.0583658e+02
  -1.0977340e+02
  -1.1389334e+02
  -1.1842527e+02
  -1.2405585e+02
  -1.3124285e+02
  -1.4035248e+02
  -1.5129320e+02
  -1.6356146e+02
  -1.7628748e+02
  -1.8841840e+02
  -1.9885557e+02
  -2.0695811e+02
  -2.1240558e+02
  -2.1496910e+02
  -2.1478599e+02
  -2.1194781e+02
  -2.0682078e+02
  -1.9990845e+02
  -1.9185168e+02
  -1.8379492e+02
  -1.7692836e+02
  -1.7248798e+02
  -1.7120623e+02
  -1.7326619e+02
  -1.7830167e+02
  -1.8516823e+02
  -1.9240101e+02
  -1.9848936e+02
  -2.0215152e+02
  -2.0251774e+02
  -1.9899290e+02
  -1.9143969e+02
  -1.8017853e+02
  -1.6552987e+02
  -1.4836347e+02
  -1.2986954e+02
  -1.1142138e+02
  -9.4666972e+01
  -8.0979629e+01
  -7.1366445e+01
  -6.6147860e+01
  -6.4866102e+01
  -6.6422522e+01
  -6.9306478e+01
  -7.2007324e+01
  -7.3243305e+01
  -7.2190432e+01
  -6.8482490e+01
  -6.2211032e+01
  -5.3650720e+01
  -4.3259327e+01
  -3.1540398e+01
  -1.9363699e+01
  -7.4616620e+00
   3.1586170e+00
   1.1810483e+01
   1.7990387e+01
   2.1652552e+01
   2.3208972e+01
   2.3300526e+01
   2.2934310e+01
   2.2934310e+01
   2.3712520e+01
   2.5680934e+01
   2.8839552e+01
   3.3279927e+01
   3.8956283e+01
   4.6005951e+01
   5.4291600e+01
   6.3721675e+01
   7.3655299e+01
   8.3268482e+01
   9.1783017e+01
   9.8329137e+01
   1.0254063e+02
   1.0446326e+02
   1.0446326e+02
   1.0308995e+02
   1.0070955e+02
   9.7459373e+01
   9.3247883e+01
   8.7663081e+01
   8.0567636e+01
   7.2098879e+01
   6.2897688e+01
   5.4062714e+01
   4.6829938e+01
   4.2343786e+01
   4.1382468e+01
   4.4174869e+01
   5.0354772e+01
   5.9189746e+01
   6.9489586e+01
   8.0155642e+01
   8.9906157e+01
   9.7459373e+01
   1.0189975e+02
   1.0263218e+02
   9.9382009e+01
   9.2652781e+01
   8.3405814e+01
   7.2968643e+01
   6.3035019e+01
   5.4978256e+01
   4.9759670e+01
   4.7882811e+01
   4.9439231e+01
   5.4062714e+01
   6.1249714e+01
   7.0588235e+01
   8.1528954e+01
   9.3385214e+01
   1.0524147e+02
   1.1590753e+02
   1.2405585e+02
   1.2826734e+02
   1.2776379e+02
   1.2231632e+02
   1.1252003e+02
   9.9702449e+01
   8.5694667e+01
   7.2419318e+01
   6.1432823e+01
   5.4108491e+01
   5.0904097e+01
   5.2094300e+01
   5.7312886e+01
   6.5873197e+01
   7.6676585e+01
   8.8349737e+01
   9.9290455e+01
   1.0798810e+02
   1.1293202e+02
   1.1329824e+02
   1.0894942e+02
   1.0043488e+02
   8.9082170e+01
   7.6493477e+01
   6.4225223e+01
   5.3696498e+01
   4.5822843e+01
   4.1245137e+01
   4.0192263e+01
   4.2618448e+01
   4.8203250e+01
   5.6397345e+01
   6.6239414e+01
   7.6447699e+01
   8.5420004e+01
   9.1737240e+01
   9.4117648e+01
   9.1966125e+01
   8.5420005e+01
   7.5349050e+01
   6.3172350e+01
   5.0446326e+01
   3.8864729e+01
   2.9663538e+01
   2.3987182e+01
   2.2384985e+01
   2.5223163e+01
   3.2089723e+01
   4.2435340e+01
   5.5024033e+01
   6.7978943e+01
   7.9468986e+01
   8.7434196e+01
   9.0455482e+01
   8.7846189e+01
   7.9606318e+01
   6.6834516e+01
   5.1087205e+01
   3.4012360e+01
   1.7349508e+01
   2.2430760e+00
  -1.0482948e+01
  -2.0279240e+01
  -2.6871138e+01
  -3.0167086e+01
  -3.0167086e+01
  -2.7283131e+01
  -2.2064545e+01
  -1.5426871e+01
  -8.4229800e+00
  -1.9226370e+00
   3.4332800e+00
   7.2785530e+00
   9.8420690e+00
   1.1398490e+01
   1.2314031e+01
   1.2771801e+01
   1.2771802e+01
   1.2085146e+01
   1.0482948e+01
   7.8736550e+00
   4.4403760e+00
   5.0354800e-01
  -3.3875030e+00
  -6.8207820e+00
  -9.4300750e+00
  -1.0894942e+01
  -1.1215382e+01
  -1.0162509e+01
  -7.6905480e+00
  -3.8910510e+00
   1.0070950e+00
   6.3172350e+00
   1.1123827e+01
   1.4282445e+01
   1.4785992e+01
   1.2039368e+01
   6.0883500e+00
  -2.3346300e+00
  -1.1993591e+01
  -2.1194782e+01
  -2.8564889e+01
  -3.2913710e+01
  -3.3646143e+01
  -3.0670634e+01
  -2.4353399e+01
  -1.5243763e+01
  -4.1657130e+00
   7.9194320e+00
   1.9867246e+01
   3.0395972e+01
   3.8223850e+01
   4.2435339e+01
   4.2252231e+01
   3.7811856e+01
   2.9800870e+01
   1.9455253e+01
   8.3772030e+00
  -2.0141910e+00
  -1.0391394e+01
  -1.5930419e+01
  -1.8219273e+01
  -1.7212177e+01
  -1.2817579e+01
  -5.5848020e+00
   3.9826050e+00
   1.4969100e+01
   2.6138704e+01
   3.6072328e+01
   4.3259327e+01
   4.6738384e+01
   4.6005951e+01
   4.1062028e+01
   3.2776379e+01
   2.2339208e+01
   1.1215381e+01
   5.0354800e-01
  -8.5145340e+00
  -1.5106432e+01
  -1.8677042e+01
  -1.8814374e+01
  -1.5381094e+01
  -8.6518660e+00
   7.7821000e-01
   1.1810483e+01
   2.2934310e+01
   3.2547494e+01
   3.9276722e+01
   4.2206455e+01
   4.1153582e+01
   3.6667430e+01
   2.9526207e+01
   2.0782788e+01
   1.1535821e+01
   2.3804070e+00
  -6.1799040e+00
  -1.3870451e+01
  -2.0279240e+01
  -2.5223164e+01
  -2.8427558e+01
  -2.9709316e+01
  -2.9022659e+01
  -2.6825361e+01
  -2.3483635e+01
  -1.9638361e+01
  -1.5701533e+01
  -1.1902037e+01
  -8.3772030e+00
  -5.0354770e+00
  -2.1515220e+00
   2.2888500e-01
   1.6937510e+00
   1.8310830e+00
   5.0354700e-01
  -2.2430770e+00
  -5.9510180e+00
  -1.0025178e+01
  -1.3687343e+01
  -1.6388190e+01
  -1.7807278e+01
  -1.7944610e+01
  -1.6983291e+01
  -1.5152209e+01
  -1.2680247e+01
  -9.7962920e+00
  -6.8665600e+00
  -4.3488220e+00
  -2.8839560e+00
  -3.1128400e+00
  -5.4932470e+00
  -1.0208286e+01
  -1.6891737e+01
  -2.4628061e+01
  -3.2318609e+01
  -3.8681621e+01
  -4.2755780e+01
  -4.4083315e+01
  -4.2664225e+01
  -3.8727398e+01
  -3.2913710e+01
  -2.5726711e+01
  -1.7669947e+01
  -9.1096360e+00
  -6.8665600e-01
   6.8665600e+00
   1.2817579e+01
   1.6342412e+01
   1.6845961e+01
   1.4053560e+01
   8.3772030e+00
   4.1199400e-01
  -8.8349740e+00
  -1.8219272e+01
  -2.6962691e+01
  -3.4241245e+01
  -3.9459831e+01
  -4.2343786e+01
  -4.2435339e+01
  -3.9688716e+01
  -3.4195468e+01
  -2.6688029e+01
  -1.7944610e+01
  -9.5216300e+00
  -2.7466240e+00
   1.0986500e+00
   1.3733120e+00
  -2.0141900e+00
  -8.3314260e+00
  -1.6571298e+01
  -2.5452049e+01
  -3.3783474e+01
  -4.0512703e+01
  -4.4861525e+01
  -4.6417945e+01
  -4.4724194e+01
  -3.9734493e+01
  -3.1769284e+01
  -2.1469444e+01
  -9.9794000e+00
   1.0528720e+00
   1.0070954e+01
   1.5564203e+01
   1.6662852e+01
   1.3092241e+01
   5.4932480e+00
  -5.0354770e+00
  -1.6983291e+01
  -2.8885329e+01
  -3.9368276e+01
  -4.7425040e+01
  -5.2277409e+01
  -5.3559167e+01
  -5.1178760e+01
  -4.5410849e+01
  -3.7033646e+01
  -2.7191577e+01
  -1.7257953e+01
  -8.6518660e+00
  -2.5635160e+00
   5.0354700e-01
   5.0354800e-01
  -1.9684140e+00
  -5.9052410e+00
  -1.0299840e+01
  -1.4557107e+01
  -1.8127718e+01
  -2.1011673e+01
  -2.3346303e+01
  -2.5131609e+01
  -2.6459144e+01
  -2.7283131e+01
  -2.7512016e+01
  -2.7054245e+01
  -2.6092927e+01
  -2.4673838e+01
  -2.2888532e+01
  -2.0874342e+01
  -1.8402380e+01
  -1.5426871e+01
  -1.1947815e+01
  -8.3314260e+00
  -5.0354770e+00
  -2.9297320e+00
  -2.9297330e+00
  -5.4016940e+00
  -1.0482948e+01
  -1.7532616e+01
  -2.5680934e+01
  -3.3554589e+01
  -4.0054932e+01
  -4.4312200e+01
  -4.5960174e+01
  -4.5044632e+01
  -4.1840238e+01
  -3.6896315e+01
  -3.0853742e+01
  -2.4490730e+01
  -1.8722819e+01
  -1.4602884e+01
  -1.3229572e+01
  -1.5472648e+01
  -2.1698329e+01
  -3.1860838e+01
  -4.5136187e+01
  -6.0288396e+01
  -7.5852598e+01
  -9.0455482e+01
  -1.0281529e+02
  -1.1238270e+02
  -1.1856260e+02
  -1.2149233e+02
  -1.2117189e+02
  -1.1805905e+02
  -1.1279469e+02
  -1.0634012e+02
  -9.9931334e+01
  -9.5216297e+01
  -9.3522545e+01
  -9.5948730e+01
  -1.0308995e+02
  -1.1453422e+02
  -1.2932021e+02
  -1.4598306e+02
  -1.6278325e+02
  -1.7811856e+02
  -1.9061570e+02
  -1.9922179e+02
  -2.0311284e+02
  -2.0187686e+02
  -1.9542229e+02
  -1.8416114e+02
  -1.6900893e+02
  -1.5138476e+02
  -1.3330282e+02
  -1.1668574e+02
  -1.0341039e+02
  -9.4575418e+01
  -9.0547036e+01
  -9.0867475e+01
  -9.4392310e+01
  -9.9610895e+01
  -1.0492103e+02
  -1.0890364e+02
  -1.1041428e+02
  -1.0867475e+02
  -1.0318151e+02
  -9.3888762e+01
  -8.1116961e+01
  -6.5827420e+01
  -4.9118791e+01
  -3.2730602e+01
  -1.8219272e+01
  -6.8207820e+00
   6.4087900e-01
   4.2114900e+00
   4.5777060e+00
   2.7466240e+00
   4.5777000e-02
  -2.5635150e+00
  -4.3030440e+00
  -4.8523690e+00
  -4.0741590e+00
  -2.0141910e+00
   1.1902030e+00
   5.4016940e+00
   1.0391394e+01
   1.5793087e+01
   2.1149005e+01
   2.6092928e+01
   3.0350195e+01
   3.3783474e+01
   3.6667429e+01
   3.9322499e+01
   4.1977569e+01
   4.4769970e+01
   4.7425040e+01
   4.9301900e+01
   4.9805447e+01
   4.8432135e+01
   4.4998855e+01
   4.0054932e+01
   3.4287022e+01
   2.8656444e+01
   2.4216068e+01
   2.1606775e+01
   2.1286335e+01
   2.3300526e+01
   2.7603570e+01
   3.3966582e+01
   4.2023346e+01
   5.1270314e+01
   6.0883497e+01
   6.9855803e+01
   7.6859694e+01
   8.0888075e+01
   8.1208515e+01
   7.7683680e+01
   7.0908675e+01
   6.2027924e+01
   5.2552071e+01
   4.4037537e+01
   3.7674525e+01
   3.4287022e+01
   3.4149691e+01
   3.7308308e+01
   4.3305105e+01
   5.1636530e+01
   6.1432822e+01
   7.1641107e+01
   8.1071184e+01
   8.8441291e+01
   9.2744335e+01
   9.3156329e+01
   8.9723049e+01
   8.2810712e+01
   7.3517968e+01
   6.3126574e+01
   5.2964065e+01
   4.4129091e+01
   3.7354086e+01
   3.3188373e+01
   3.1860837e+01
   3.3554589e+01
   3.8178073e+01
   4.5548180e+01
   5.4978256e+01
   6.5323872e+01
   7.5211719e+01
   8.3131151e+01
   8.7800412e+01
   8.8395514e+01
   8.4870680e+01
   7.7821011e+01
   6.8207828e+01
   5.7404440e+01
   4.6646830e+01
   3.7079424e+01
   2.9571985e+01
   2.4765392e+01
   2.3163195e+01
   2.5040055e+01
   3.0350195e+01
   3.8727398e+01
   4.9118792e+01
   6.0196841e+01
   7.0313573e+01
   7.7775234e+01
   8.1483177e+01
   8.0796521e+01
   7.5852598e+01
   6.7338064e+01
   5.6305791e+01
   4.4037538e+01
   3.1631952e+01
   2.0233463e+01
   1.0666056e+01
   3.6621650e+00
  -3.6621700e-01
  -1.1902030e+00
   9.1554100e-01
   5.4016940e+00
   1.1352712e+01
   1.7898833e+01
   2.4124514e+01
   2.9617762e+01
   3.4195468e+01
   3.7949188e+01
   4.1107805e+01
   4.3808651e+01
   4.5639734e+01
   4.6234837e+01
   4.4998856e+01
   4.1611353e+01
   3.6163882e+01
   2.9388876e+01
   2.2201877e+01
   1.5838864e+01
   1.1306936e+01
   9.0638590e+00
   9.2011900e+00
   1.1261158e+01
   1.4465553e+01
   1.7898833e+01
   2.0782788e+01
   2.2522316e+01
   2.2522316e+01
   2.0599680e+01
   1.6571298e+01
   1.0711834e+01
   3.4332800e+00
  -4.4403750e+00
  -1.1947815e+01
  -1.8036164e+01
  -2.1972991e+01
  -2.3346304e+01
  -2.2339208e+01
  -1.9501030e+01
  -1.5518425e+01
  -1.1078050e+01
  -6.5918980e+00
  -2.2888530e+00
   1.7853060e+00
   5.5848020e+00
   9.0180820e+00
   1.1627375e+01
   1.3046464e+01
   1.2863356e+01
   1.1123827e+01
   8.0109870e+00
   4.1199360e+00
   4.5778000e-02
  -3.4332790e+00
  -5.8594650e+00
  -6.8665600e+00
  -6.2714580e+00
  -3.7079420e+00
   1.0070960e+00
   8.1025410e+00
   1.7715725e+01
   2.9251545e+01
   4.1840238e+01
   5.4016937e+01
   6.4179446e+01
   7.0679789e+01
   7.2556649e+01
   6.9489585e+01
   6.1890593e+01
   5.0949874e+01
   3.8178072e+01
   2.5131609e+01
   1.3229572e+01
   3.7537190e+00
  -2.5635160e+00
  -5.0812550e+00
  -3.5706110e+00
   1.5564200e+00
   9.6589610e+00
   1.9546807e+01
   2.9571985e+01
   3.8178073e+01
   4.4083314e+01
   4.6326390e+01
   4.4953079e+01
   4.0238041e+01
   3.3371481e+01
   2.5314717e+01
   1.7120622e+01
   9.6131830e+00
   3.2959480e+00
  -1.6021970e+00
  -4.8981460e+00
  -6.5918980e+00
  -6.5918970e+00
  -5.1270310e+00
  -2.6092930e+00
   4.1199400e-01
   3.2959490e+00
   5.5390250e+00
   6.8665600e+00
   7.3243300e+00
   7.1869990e+00
   6.8207830e+00
   6.3172350e+00
   5.7679110e+00
   4.6692610e+00
   2.7008470e+00
  -4.1199400e-01
  -4.8065920e+00
  -9.9794010e+00
  -1.5289540e+01
  -2.0004578e+01
  -2.3529412e+01
  -2.5589380e+01
  -2.6138705e+01
  -2.5452048e+01
  -2.3987183e+01
  -2.2064545e+01
  -2.0004577e+01
  -1.8036164e+01
  -1.6479744e+01
  -1.5609980e+01
  -1.5793087e+01
  -1.7257954e+01
  -2.0004577e+01
  -2.3758297e+01
  -2.7878233e+01
  -3.1586176e+01
  -3.4241245e+01
  -3.5431449e+01
  -3.5019456e+01
  -3.3279926e+01
  -3.0624857e+01
  -2.7374685e+01
  -2.3895628e+01
  -2.0050354e+01
  -1.6021973e+01
  -1.1856260e+01
  -8.0109860e+00
  -5.0354780e+00
  -3.7537190e+00
  -4.7608150e+00
  -8.4229800e+00
  -1.4511330e+01
  -2.2384985e+01
  -3.1174182e+01
  -3.9780270e+01
  -4.7287709e+01
  -5.2918287e+01
  -5.6260014e+01
  -5.6855116e+01
  -5.4520486e+01
  -4.9301900e+01
  -4.1382467e+01
  -3.1631953e+01
  -2.0920119e+01
  -1.0666056e+01
  -2.4261840e+00
   2.7008470e+00
   3.9368280e+00
   1.3275350e+00
  -4.5777070e+00
  -1.2817578e+01
  -2.2018768e+01
  -3.1082628e+01
  -3.8864729e+01
  -4.4632640e+01
  -4.7745480e+01
  -4.7562371e+01
  -4.3945983e+01
  -3.6850538e+01
  -2.6825360e+01
  -1.4877546e+01
  -2.4719620e+00
   8.8349740e+00
   1.7441062e+01
   2.2293431e+01
   2.3025864e+01
   1.9958801e+01
   1.3733120e+01
   5.4474710e+00
  -3.7994970e+00
  -1.3138018e+01
  -2.1744106e+01
  -2.9114214e+01
  -3.4836347e+01
  -3.8361181e+01
  -3.9642939e+01
  -3.8635843e+01
  -3.5660335e+01
  -3.1357290e+01
  -2.6504921e+01
  -2.1881438e+01
  -1.7990387e+01
  -1.5060655e+01
  -1.3092241e+01
  -1.1810483e+01
  -1.1123827e+01
  -1.1078050e+01
  -1.1810483e+01
  -1.3504235e+01
  -1.6342413e+01
  -2.0050355e+01
  -2.4170291e+01
  -2.7969787e+01
  -3.0807965e+01
  -3.2181277e+01
  -3.2089723e+01
  -3.0807965e+01
  -2.8931105e+01
  -2.7100023e+01
  -2.5818265e+01
  -2.5497826e+01
  -2.6367590e+01
  -2.8381781e+01
  -3.1540398e+01
  -3.5751888e+01
  -4.0741589e+01
  -4.6051728e+01
  -5.1041429e+01
  -5.4795148e+01
  -5.6717785e+01
  -5.5985351e+01
  -5.2643626e+01
  -4.6784161e+01
  -3.9093614e+01
  -3.0212864e+01
  -2.0828565e+01
  -1.1215381e+01
  -1.7395290e+00
   7.4616620e+00
   1.6205081e+01
   2.3849851e+01
   2.9663539e+01
   3.2730602e+01
   3.2410162e+01
   2.8336004e+01
   2.0920119e+01
   1.1032273e+01
   0.0000000e+00
  -1.0711833e+01
  -1.9821470e+01
  -2.6413367e+01
  -2.9755093e+01
  -2.9526207e+01
  -2.5772488e+01
  -1.8631266e+01
  -8.8349740e+00
   2.7008470e+00
   1.4557107e+01
   2.5177386e+01
   3.3142596e+01
   3.7262532e+01
   3.7216754e+01
   3.3096818e+01
   2.5909819e+01
   1.6937515e+01
   7.5989930e+00
  -9.1554100e-01
  -7.5989930e+00
  -1.1993591e+01
  -1.3733120e+01
  -1.2726024e+01
  -9.0180820e+00
  -3.1128410e+00
   4.3945980e+00
   1.2405585e+01
   1.9455253e+01
   2.4353399e+01
   2.5955597e+01
   2.3666743e+01
   1.7715724e+01
   8.9265280e+00
  -1.3275350e+00
  -1.1627375e+01
  -2.0691233e+01
  -2.7649348e+01
  -3.1952392e+01
  -3.3463035e+01
  -3.2410162e+01
  -2.8976882e+01
  -2.3666743e+01
  -1.7120623e+01
  -9.9794010e+00
  -3.1128400e+00
   2.7466240e+00
   7.1412220e+00
   9.8878460e+00
   1.1169604e+01
   1.1352712e+01
   1.0757610e+01
   9.6131840e+00
   7.5989930e+00
   4.4861520e+00
  -3.2044000e-01
  -6.9123370e+00
  -1.5060655e+01
  -2.3895628e+01
  -3.2318608e+01
  -3.8864728e+01
  -4.2526894e+01
  -4.2618448e+01
  -3.9093614e+01
  -3.2364385e+01
  -2.3437858e+01
  -1.3229572e+01
  -2.9755090e+00
   6.2256810e+00
   1.3412680e+01
   1.7669947e+01
   1.8493935e+01
   1.5518425e+01
   9.2469670e+00
   3.6621700e-01
  -9.7962920e+00
  -1.9684138e+01
  -2.7924010e+01
  -3.3371480e+01
  -3.5523002e+01
  -3.4332799e+01
  -3.0258641e+01
  -2.3849851e+01
  -1.5747310e+01
  -6.6834520e+00
   2.7924010e+00
   1.1810483e+01
   1.9546807e+01
   2.4948501e+01
   2.7283131e+01
   2.5818265e+01
   2.0645456e+01
   1.2268254e+01
   1.8768600e+00
  -9.3385210e+00
  -1.9913024e+01
  -2.8793775e+01
  -3.5248341e+01
  -3.8818951e+01
  -3.9368277e+01
  -3.6942092e+01
  -3.1815060e+01
  -2.4490730e+01
  -1.5701533e+01
  -6.4087900e+00
   1.9226360e+00
   8.1483180e+00
   1.1215381e+01
   1.0528725e+01
   6.2714580e+00
  -8.6976400e-01
  -9.7962920e+00
  -1.9409476e+01
  -2.8519112e+01
  -3.6072328e+01
  -4.1474021e+01
  -4.4083315e+01
  -4.3396659e+01
  -3.9322500e+01
  -3.1998169e+01
  -2.2018768e+01
  -1.0482948e+01
   8.6976400e-01
   1.0482948e+01
   1.6754406e+01
   1.8722819e+01
   1.6159304e+01
   9.6589610e+00
   4.5777100e-01
  -9.9794000e+00
  -2.0050355e+01
  -2.8564889e+01
  -3.4607462e+01
  -3.7674525e+01
  -3.7674525e+01
  -3.4836347e+01
  -2.9663538e+01
  -2.3025864e+01
  -1.6067750e+01
  -9.9794010e+00
  -5.8136880e+00
  -4.2572680e+00
  -5.4474710e+00
  -8.9265280e+00
  -1.3733120e+01
  -1.8814374e+01
  -2.3254749e+01
  -2.6459144e+01
  -2.8473335e+01
  -2.9571984e+01
  -3.0258641e+01
  -3.0991073e+01
  -3.1998168e+01
  -3.3142596e+01
  -3.4378577e+01
  -3.5339895e+01
  -3.5889220e+01
  -3.5614558e+01
  -3.4653239e+01
  -3.2593271e+01
  -2.9343099e+01
  -2.4902724e+01
  -1.9363699e+01
  -1.3275349e+01
  -7.4158850e+00
  -3.0212860e+00
  -1.0528720e+00
  -2.3346300e+00
  -6.9123370e+00
  -1.4282445e+01
  -2.3300526e+01
  -3.2455939e+01
  -4.0283818e+01
  -4.5685512e+01
  -4.7791256e+01
  -4.6417944e+01
  -4.1702907e+01
  -3.4012360e+01
  -2.4078736e+01
  -1.2863356e+01
  -1.3733120e+00
   8.9723040e+00
   1.6754406e+01
   2.0874342e+01
   2.0599679e+01
   1.5976196e+01
   7.6447700e+00
  -3.1128410e+00
  -1.4648661e+01
  -2.5406271e+01
  -3.4058137e+01
  -3.9734493e+01
  -4.1977569e+01
  -4.0695812e+01
  -3.6072328e+01
  -2.8519112e+01
  -1.8677043e+01
  -7.5532150e+00
   3.6163880e+00
   1.3321127e+01
   2.0279240e+01
   2.3483635e+01
   2.2339208e+01
   1.7074846e+01
   8.6060880e+00
  -1.9226370e+00
  -1.3000686e+01
  -2.3437857e+01
  -3.1998169e+01
  -3.7903410e+01
  -4.0421149e+01
  -3.9139391e+01
  -3.3920806e+01
  -2.4948500e+01
  -1.3000687e+01
   5.9510200e-01
   1.4190890e+01
   2.5818265e+01
   3.3783475e+01
   3.7079423e+01
   3.5339895e+01
   2.9159991e+01
   1.9638361e+01
   8.3772030e+00
  -3.2501720e+00
  -1.3733119e+01
  -2.2110322e+01
  -2.7832456e+01
  -3.0487525e+01
  -3.0075532e+01
  -2.6825360e+01
  -2.1377889e+01
  -1.4740215e+01
  -7.9194320e+00
  -2.0599680e+00
   1.9684140e+00
   3.8910500e+00
   3.7537190e+00
   2.2430770e+00
   9.1555000e-02
  -1.9684140e+00
  -3.5248340e+00
  -4.5319290e+00
  -5.2643620e+00
  -5.9510180e+00
  -6.8207830e+00
  -8.0567630e+00
  -9.4300760e+00
  -1.0620279e+01
  -1.1535821e+01
  -1.1902037e+01
  -1.1718928e+01
  -1.0894941e+01
  -9.3385210e+00
  -6.8207830e+00
  -3.4332800e+00
   8.6976400e-01
   5.6305790e+00
   9.9794010e+00
   1.2863355e+01
   1.3321126e+01
   1.0437171e+01
   4.2114900e+00
  -4.8523690e+00
  -1.5564203e+01
  -2.6276036e+01
  -3.5568780e+01
  -4.2114900e+01
  -4.5090410e+01
  -4.4037537e+01
  -3.9139391e+01
  -3.0899520e+01
  -2.0050355e+01
  -7.5989930e+00
   5.0354780e+00
   1.6433967e+01
   2.4994278e+01
   2.9617762e+01
   2.9526207e+01
   2.4811170e+01
   1.6205081e+01
   5.2185850e+00
  -6.5918970e+00
  -1.7303731e+01
  -2.5726710e+01
  -3.0899519e+01
  -3.2181277e+01
  -2.9709316e+01
  -2.3529412e+01
