   9.9421297e-01
   9.9826390e-01
   9.7337963e-01
   9.2766205e-01
   8.6863427e-01
   8.0092594e-01
   7.2743057e-01
   6.4756945e-01
   5.5787038e-01
   4.5949075e-01
   3.5416668e-01
   2.5000001e-01
   1.5856482e-01
   9.3750005e-02
   6.8865743e-02
   9.0277775e-02
   1.6087963e-01
   2.7256945e-01
   4.1030093e-01
   5.5497686e-01
   6.8460649e-01
   7.7893520e-01
   8.2291667e-01
   8.1018520e-01
   7.4074074e-01
   6.2789352e-01
   4.8900464e-01
   3.4780093e-01
   2.2685186e-01
   1.4525462e-01
   1.1458333e-01
   1.3715278e-01
   2.0428242e-01
   3.0034724e-01
   4.0393519e-01
   4.9305557e-01
   5.4976853e-01
   5.6250001e-01
   5.3009261e-01
   4.5833334e-01
   3.6053241e-01
   2.5405093e-01
   1.5567130e-01
   7.9861123e-02
   3.5300926e-02
   2.6041667e-02
   4.9189820e-02
   9.8958331e-02
   1.6319445e-01
   2.3090279e-01
   2.8993056e-01
   3.3217593e-01
   3.5300926e-01
   3.5011575e-01
   3.2812501e-01
   2.9340279e-01
   2.5462963e-01
   2.2048611e-01
   1.9849538e-01
   1.9212963e-01
   2.0370370e-01
   2.3032407e-01
   2.6851853e-01
   3.1018520e-01
   3.4780093e-01
   3.7557871e-01
   3.8657409e-01
   3.7905094e-01
   3.5243057e-01
   3.0960648e-01
   2.5578705e-01
   1.9907408e-01
   1.4814815e-01
   1.1284723e-01
   1.0011575e-01
   1.1400463e-01
   1.5509260e-01
   2.1990741e-01
   3.0092593e-01
   3.8831019e-01
   4.7106482e-01
   5.3761576e-01
   5.7812501e-01
   5.8680556e-01
   5.6076390e-01
   5.0115741e-01
   4.1666668e-01
   3.1597223e-01
   2.1527777e-01
   1.2847223e-01
   6.8865743e-02
   4.8611118e-02
   7.2916676e-02
   1.4062500e-01
   2.4421297e-01
   3.7037037e-01
   5.0289352e-01
   6.2210649e-01
   7.1238427e-01
   7.5868057e-01
   7.5636575e-01
   7.0370371e-01
   6.0821761e-01
   4.8495371e-01
   3.5185185e-01
   2.2800926e-01
   1.3194445e-01
   7.8125002e-02
   7.1180555e-02
   1.1168982e-01
   1.9097223e-01
   2.9340279e-01
   4.0162038e-01
   4.9826389e-01
   5.6712964e-01
   5.9780094e-01
   5.8564815e-01
   5.3356482e-01
   4.4965279e-01
   3.4837964e-01
   2.4594908e-01
   1.6030094e-01
   1.0706020e-01
   9.6064817e-02
   1.3136574e-01
   2.0833334e-01
   3.1481482e-01
   4.3460649e-01
   5.4629631e-01
   6.3194445e-01
   6.7534723e-01
   6.7071760e-01
   6.1863427e-01
   5.2893520e-01
   4.1666668e-01
   2.9976852e-01
   1.9618057e-01
   1.1979167e-01
   7.9861111e-02
   7.8125002e-02
   1.0937501e-01
   1.6608797e-01
   2.3611112e-01
   3.0555556e-01
   3.6400463e-01
   4.0219908e-01
   4.1493056e-01
   4.0393519e-01
   3.7210649e-01
   3.2870371e-01
   2.8182871e-01
   2.4131944e-01
   2.1469908e-01
   2.0717593e-01
   2.2048611e-01
   2.5289352e-01
   3.0034722e-01
   3.5358796e-01
   4.0625000e-01
   4.4849537e-01
   4.7337964e-01
   4.7627315e-01
   4.5370370e-01
   4.0856483e-01
   3.4664353e-01
   2.7604166e-01
   2.0949074e-01
   1.5798613e-01
   1.3078704e-01
   1.3368057e-01
   1.6898148e-01
   2.3263890e-01
   3.1712963e-01
   4.1087964e-01
   5.0231482e-01
   5.7696760e-01
   6.2500000e-01
   6.3888889e-01
   6.1458334e-01
   5.5381945e-01
   4.6296297e-01
   3.5358798e-01
   2.3900463e-01
   1.3599537e-01
   6.0185188e-02
   2.5462965e-02
   3.8773143e-02
   1.0243056e-01
   2.1006945e-01
   3.5069445e-01
   5.0520833e-01
   6.5451389e-01
   7.7604168e-01
   8.5416669e-01
   8.7731483e-01
   8.4143520e-01
   7.5347223e-01
   6.2500002e-01
   4.7743057e-01
   3.3159723e-01
   2.0891204e-01
   1.2789351e-01
   9.6643532e-02
   1.1516205e-01
   1.7881944e-01
   2.7025464e-01
   3.7442131e-01
   4.6990742e-01
   5.4224538e-01
   5.7986113e-01
   5.7754631e-01
   5.3645834e-01
   4.6469909e-01
   3.7442131e-01
   2.8009260e-01
   1.9675927e-01
   1.3888889e-01
   1.1631946e-01
   1.3252315e-01
   1.8576390e-01
   2.6736112e-01
   3.6458333e-01
   4.6006946e-01
   5.3819445e-01
   5.8564816e-01
   5.9548612e-01
   5.6539353e-01
   5.0173613e-01
   4.1493057e-01
   3.1944446e-01
   2.2916668e-01
   1.5682871e-01
   1.1053241e-01
   9.5486114e-02
   1.1111110e-01
   1.5104167e-01
   2.0775462e-01
   2.7025464e-01
   3.2638889e-01
   3.6689815e-01
   3.8715278e-01
   3.8252316e-01
   3.5706019e-01
   3.1655093e-01
   2.6967593e-01
   2.2627315e-01
   1.9675926e-01
   1.8460648e-01
   1.9444444e-01
   2.2453703e-01
   2.6967593e-01
   3.2233797e-01
   3.7384260e-01
   4.1550927e-01
   4.3923612e-01
   4.4270835e-01
   4.2245372e-01
   3.8252315e-01
   3.2870371e-01
   2.7025464e-01
   2.1585649e-01
   1.7650463e-01
   1.5972222e-01
   1.6898148e-01
   2.0601853e-01
   2.6620372e-01
   3.4317130e-01
   4.2592592e-01
   5.0520834e-01
   5.6944445e-01
   6.0937500e-01
   6.1921298e-01
   5.9606482e-01
   5.4108796e-01
   4.6122686e-01
   3.6574075e-01
   2.6793982e-01
   1.8287037e-01
   1.2268519e-01
   1.0011575e-01
   1.1921297e-01
   1.8171297e-01
   2.8125000e-01
   4.0567130e-01
   5.3935185e-01
   6.6319446e-01
   7.6157409e-01
   8.1886575e-01
   8.2696760e-01
   7.8298612e-01
   6.9328705e-01
   5.6944445e-01
   4.2881945e-01
   2.9108796e-01
   1.7650463e-01
   1.0127316e-01
   7.5810191e-02
   1.0474537e-01
   1.8287037e-01
   2.9861111e-01
   4.3460649e-01
   5.7060186e-01
   6.8692131e-01
   7.6504632e-01
   7.9513889e-01
   7.7141205e-01
   6.9791667e-01
   5.8738425e-01
   4.5659724e-01
   3.2638889e-01
   2.1990742e-01
   1.5393519e-01
   1.3773149e-01
   1.7418982e-01
   2.5231482e-01
   3.5706019e-01
   4.6701389e-01
   5.5902779e-01
   6.1574075e-01
   6.2673613e-01
   5.8912038e-01
   5.1099539e-01
   4.0682870e-01
   2.9398148e-01
   1.8981482e-01
   1.1111112e-01
   6.6550932e-02
   5.8449079e-02
   8.5069449e-02
   1.3831019e-01
   2.0717593e-01
   2.7835649e-01
   3.4027778e-01
   3.8599538e-01
   4.0972222e-01
   4.1145834e-01
   3.9583334e-01
   3.6921297e-01
   3.3912037e-01
   3.1365741e-01
   2.9976852e-01
   2.9918982e-01
   3.1192131e-01
   3.3506945e-01
   3.6400464e-01
   3.9120371e-01
   4.1145834e-01
   4.1956019e-01
   4.1319445e-01
   3.9004631e-01
   3.5416667e-01
   3.0844909e-01
   2.6041667e-01
   2.1643519e-01
   1.8287037e-01
   1.6666667e-01
   1.7013890e-01
   1.9386575e-01
   2.3668982e-01
   2.9340279e-01
   3.5763890e-01
   4.2245372e-01
   4.7916666e-01
   5.2256944e-01
   5.4687500e-01
   5.4861111e-01
   5.2662038e-01
   4.8206019e-01
   4.1898149e-01
   3.4548612e-01
   2.6967593e-01
   2.0196761e-01
   1.5567130e-01
   1.3831019e-01
   1.5625000e-01
   2.1180556e-01
   2.9918982e-01
   4.1087964e-01
   5.3125000e-01
   6.4525463e-01
   7.3726853e-01
   7.9224538e-01
   8.0324074e-01
   7.6562501e-01
   6.8460649e-01
   5.6944445e-01
   4.3634260e-01
   3.0439816e-01
   1.9155093e-01
   1.1342593e-01
   8.0439826e-02
   9.5486114e-02
   1.5393518e-01
   2.4652778e-01
   3.5590278e-01
   4.6527778e-01
   5.5902779e-01
   6.2094908e-01
   6.4467593e-01
   6.2557871e-01
   5.6944445e-01
   4.8495371e-01
   3.8599538e-01
   2.8935186e-01
   2.1064815e-01
   1.6319445e-01
   1.5393519e-01
   1.8402778e-01
   2.4826390e-01
   3.3275463e-01
   4.2361113e-01
   5.0405093e-01
   5.5902779e-01
   5.8101854e-01
   5.6655093e-01
   5.1967594e-01
   4.4907409e-01
   3.6516205e-01
   2.8182871e-01
   2.0833333e-01
   1.5335648e-01
   1.2210648e-01
   1.1458333e-01
   1.2789353e-01
   1.5682872e-01
   1.9502316e-01
   2.3495371e-01
   2.7083334e-01
   2.9629630e-01
   3.0960648e-01
   3.1076390e-01
   3.0034724e-01
   2.8472223e-01
   2.6793982e-01
   2.5578704e-01
   2.5115742e-01
   2.5752316e-01
   2.7546296e-01
   3.0266205e-01
   3.3564816e-01
   3.6979167e-01
   3.9756946e-01
   4.1608796e-01
   4.1898149e-01
   4.0451389e-01
   3.7384260e-01
   3.2986112e-01
   2.8009260e-01
   2.3148148e-01
   1.9386574e-01
   1.7303241e-01
   1.7476852e-01
   2.0081019e-01
   2.4768519e-01
   3.1076390e-01
   3.8136575e-01
   4.5081020e-01
   5.0925926e-01
   5.4976853e-01
   5.6597222e-01
   5.5381946e-01
   5.1446760e-01
   4.5196760e-01
   3.7384259e-01
   2.8993056e-01
   2.1354167e-01
   1.5509260e-01
   1.2615740e-01
   1.3425926e-01
   1.8113427e-01
   2.6446759e-01
   3.7500001e-01
   5.0000001e-01
   6.2326390e-01
   7.2916667e-01
   8.0150464e-01
   8.3043983e-01
   8.1076391e-01
   7.4479168e-01
   6.4178241e-01
   5.1504631e-01
   3.8483797e-01
   2.7083334e-01
   1.8981482e-01
   1.5451390e-01
   1.7129630e-01
   2.3668982e-01
   3.4143519e-01
   4.6875000e-01
   6.0011574e-01
   7.1354167e-01
   7.9282408e-01
   8.2523149e-01
   8.0497686e-01
   7.3553242e-01
   6.2731483e-01
   4.9710649e-01
   3.6574075e-01
   2.5289352e-01
   1.7708333e-01
   1.4814815e-01
   1.6898148e-01
   2.3148149e-01
   3.2233797e-01
   4.2245372e-01
   5.1099539e-01
   5.7175926e-01
   5.9432871e-01
   5.7696760e-01
   5.2372686e-01
   4.4618056e-01
   3.5937500e-01
   2.7719908e-01
   2.1122685e-01
   1.7013889e-01
   1.5567130e-01
   1.6608797e-01
   1.9560186e-01
   2.3668982e-01
   2.8067130e-01
   3.2060186e-01
   3.5127315e-01
   3.6979167e-01
   3.7789352e-01
   3.7731482e-01
   3.7268518e-01
   3.6805556e-01
   3.6689815e-01
   3.7152778e-01
   3.8136575e-01
   3.9583334e-01
   4.1203704e-01
   4.2766205e-01
   4.3865741e-01
   4.4328705e-01
   4.4039352e-01
   4.2766203e-01
   4.0567130e-01
   3.7557871e-01
   3.3969908e-01
   3.0150463e-01
   2.6620370e-01
   2.3784724e-01
   2.2164352e-01
   2.2106482e-01
   2.3900463e-01
   2.7314815e-01
   3.2175927e-01
   3.7905093e-01
   4.3807871e-01
   4.9189815e-01
   5.3356482e-01
   5.5613427e-01
   5.5613426e-01
   5.3125001e-01
   4.8206019e-01
   4.1377315e-01
   3.3333334e-01
   2.5115742e-01
   1.7997686e-01
   1.3078704e-01
   1.1516204e-01
   1.3946760e-01
   2.0486112e-01
   3.0555556e-01
   4.3171297e-01
   5.6828705e-01
   6.9618056e-01
   7.9918982e-01
   8.6111112e-01
   8.7442130e-01
   8.3449075e-01
   7.4826389e-01
   6.2615741e-01
   4.8726853e-01
   3.5127315e-01
   2.3668982e-01
   1.6087964e-01
   1.3078704e-01
   1.4872685e-01
   2.0659723e-01
   2.9282409e-01
   3.8946759e-01
   4.7916666e-01
   5.4629630e-01
   5.7986112e-01
   5.7407409e-01
   5.3125000e-01
   4.5833335e-01
   3.6689815e-01
   2.7314816e-01
   1.9212963e-01
   1.3773149e-01
   1.1863427e-01
   1.4062500e-01
   1.9965278e-01
   2.8587964e-01
   3.8541667e-01
   4.8148149e-01
   5.5729168e-01
   5.9953704e-01
   6.0300927e-01
   5.6655093e-01
   4.9826390e-01
   4.0914352e-01
   3.1365741e-01
   2.2627315e-01
   1.5798611e-01
   1.1631946e-01
   1.0416667e-01
   1.1921297e-01
   1.5509260e-01
   2.0370372e-01
   2.5578705e-01
   3.0381945e-01
   3.3854168e-01
   3.5821760e-01
   3.6111111e-01
   3.4953704e-01
   3.2870371e-01
   3.0381945e-01
   2.8240741e-01
   2.6909723e-01
   2.6793982e-01
   2.8009260e-01
   3.0497686e-01
   3.3854168e-01
   3.7731483e-01
   4.1377315e-01
   4.4386575e-01
   4.6064815e-01
   4.6064816e-01
   4.4212963e-01
   4.0682872e-01
   3.5763890e-01
   3.0092594e-01
   2.4652779e-01
   2.0254630e-01
   1.7708333e-01
   1.7592593e-01
   2.0138890e-01
   2.5115742e-01
   3.1944446e-01
   3.9756946e-01
   4.7511574e-01
   5.4166668e-01
   5.8680556e-01
   6.0300927e-01
   5.8622686e-01
   5.3761574e-01
   4.6122685e-01
   3.6574075e-01
   2.6504630e-01
   1.7303241e-01
   1.0532408e-01
   7.4074082e-02
   8.6805558e-02
   1.4525462e-01
   2.4421297e-01
   3.7268520e-01
   5.1388890e-01
   6.4930556e-01
   7.5868057e-01
   8.2812502e-01
   8.4548613e-01
   8.1018519e-01
   7.2627316e-01
   6.0763889e-01
   4.7222223e-01
   3.4027778e-01
   2.3321760e-01
   1.6493056e-01
   1.4525464e-01
   1.7303241e-01
   2.4131944e-01
   3.3564815e-01
   4.3807871e-01
   5.3125001e-01
   5.9780093e-01
   6.2789352e-01
   6.1631945e-01
   5.6597224e-01
   4.8495371e-01
   3.8715278e-01
   2.8761575e-01
   2.0370370e-01
   1.4756945e-01
   1.3136574e-01
   1.5798611e-01
   2.2280092e-01
   3.1655093e-01
   4.2245371e-01
   5.2372685e-01
   6.0358796e-01
   6.4699075e-01
   6.4872686e-01
   6.0821760e-01
   5.3414353e-01
   4.3750001e-01
   3.3391205e-01
   2.3842593e-01
   1.6203705e-01
   1.1400463e-01
   9.6643520e-02
   1.0763889e-01
   1.4120370e-01
   1.8865740e-01
   2.4131945e-01
   2.8993057e-01
   3.2870371e-01
   3.5243056e-01
   3.6111111e-01
   3.5532408e-01
   3.4027778e-01
   3.2175927e-01
   3.0439816e-01
   2.9456019e-01
   2.9456019e-01
   3.0787037e-01
   3.3101853e-01
   3.6226852e-01
   3.9756945e-01
   4.3113426e-01
   4.5717593e-01
   4.6990742e-01
   4.6643519e-01
   4.4560186e-01
   4.0682872e-01
   3.5590279e-01
   2.9861111e-01
   2.4421298e-01
   2.0196759e-01
   1.7939814e-01
   1.8287039e-01
   2.1412037e-01
   2.7141204e-01
   3.4895834e-01
   4.3750001e-01
   5.2662038e-01
   6.0474538e-01
   6.6145834e-01
   6.8750000e-01
   6.7939815e-01
   6.3599538e-01
   5.6192130e-01
   4.6643520e-01
   3.6342593e-01
   2.6736111e-01
   1.9212963e-01
   1.5219907e-01
   1.5277777e-01
   1.9791667e-01
   2.8125000e-01
   3.9293982e-01
   5.1851852e-01
   6.3888890e-01
   7.3842593e-01
   8.0150464e-01
   8.1944445e-01
   7.8877316e-01
   7.1296298e-01
   6.0300927e-01
   4.7511574e-01
   3.4837962e-01
   2.4074075e-01
   1.6840278e-01
   1.4004630e-01
   1.5972223e-01
   2.2048611e-01
   3.1134260e-01
   4.1435187e-01
   5.1157408e-01
   5.8622686e-01
   6.2557871e-01
   6.2326390e-01
   5.7928241e-01
   5.0289352e-01
   4.0509261e-01
   3.0381945e-01
   2.1643519e-01
   1.5856483e-01
   1.3946760e-01
   1.6493056e-01
   2.2974537e-01
   3.2407408e-01
   4.3229168e-01
   5.3530093e-01
   6.1631945e-01
   6.6203705e-01
   6.6435186e-01
   6.2615741e-01
   5.5381945e-01
   4.6006946e-01
   3.5995371e-01
   2.6793982e-01
   1.9618057e-01
   1.5277777e-01
   1.4062501e-01
   1.5625000e-01
   1.9560186e-01
   2.4826390e-01
   3.0324074e-01
   3.5358796e-01
   3.8888889e-01
   4.0509260e-01
   4.0162038e-01
   3.8020833e-01
   3.4722223e-01
   3.0960648e-01
   2.7546296e-01
   2.5173612e-01
   2.4363427e-01
   2.5231482e-01
   2.7719908e-01
   3.1423612e-01
   3.5706019e-01
   3.9872685e-01
   4.3229168e-01
   4.5196759e-01
   4.5254631e-01
   4.3460649e-01
   3.9988427e-01
   3.5300926e-01
   3.0150463e-01
   2.5578705e-01
   2.2280094e-01
   2.1180556e-01
   2.2511575e-01
   2.6504630e-01
   3.2638890e-01
   4.0393519e-01
   4.8726852e-01
   5.6481482e-01
   6.2731483e-01
   6.6608797e-01
   6.7361111e-01
   6.4699075e-01
   5.8854167e-01
   5.0405094e-01
   4.0335649e-01
   2.9918982e-01
   2.0659723e-01
   1.4004630e-01
   1.1053241e-01
   1.2500001e-01
   1.8576390e-01
   2.8530094e-01
   4.1145834e-01
   5.4918983e-01
   6.7881946e-01
   7.8182871e-01
   8.4375001e-01
   8.5416667e-01
   8.1076389e-01
   7.2048612e-01
   5.9490742e-01
   4.5370371e-01
   3.1655093e-01
   2.0312500e-01
   1.3078704e-01
   1.0648149e-01
   1.3252316e-01
   2.0023149e-01
   2.9571760e-01
   4.0162038e-01
   4.9942130e-01
   5.7175926e-01
   6.0706019e-01
   6.0069446e-01
   5.5324075e-01
   4.7569445e-01
   3.7905093e-01
   2.8125000e-01
   1.9907408e-01
   1.4756945e-01
   1.3599537e-01
   1.6840279e-01
   2.4016205e-01
   3.3969908e-01
   4.5138890e-01
   5.5439815e-01
   6.3252315e-01
   6.7187501e-01
   6.6550927e-01
   6.1516206e-01
   5.2951389e-01
   4.2361111e-01
   3.1481482e-01
   2.1817130e-01
   1.4756946e-01
   1.1053241e-01
   1.0937500e-01
   1.3946760e-01
   1.9328704e-01
   2.5868057e-01
   3.2465278e-01
   3.8078705e-01
   4.1840279e-01
   4.3344909e-01
   4.2708334e-01
   4.0335649e-01
   3.6921298e-01
   3.3275463e-01
   3.0150463e-01
   2.8240741e-01
   2.7777779e-01
   2.8935186e-01
   3.1539354e-01
   3.5185185e-01
   3.9236112e-01
   4.3113426e-01
   4.6296296e-01
   4.8148149e-01
   4.8379630e-01
   4.6759261e-01
   4.3344909e-01
   3.8599538e-01
   3.3043982e-01
   2.7488427e-01
   2.2916667e-01
   2.0081019e-01
   1.9560186e-01
   2.1701389e-01
   2.6504630e-01
   3.3449074e-01
   4.1666668e-01
   5.0115741e-01
   5.7696760e-01
   6.3194445e-01
   6.5682871e-01
   6.4525464e-01
   5.9780094e-01
   5.1736112e-01
   4.1319445e-01
   2.9976853e-01
   1.9560186e-01
   1.1574074e-01
   7.5231488e-02
   8.3912044e-02
   1.4525462e-01
   2.5289352e-01
   3.9467593e-01
   5.5150464e-01
   7.0254630e-01
   8.2523149e-01
   9.0219909e-01
   9.2245371e-01
   8.8310187e-01
   7.9050927e-01
   6.5972223e-01
   5.1099537e-01
   3.6805556e-01
   2.5115742e-01
   1.7708333e-01
   1.5451390e-01
   1.8171297e-01
   2.4942131e-01
   3.4201391e-01
   4.3923612e-01
   5.2199075e-01
   5.7523149e-01
   5.8912039e-01
   5.6192130e-01
   4.9768519e-01
   4.0682872e-01
   3.0555556e-01
   2.1006946e-01
   1.3715278e-01
   9.8379628e-02
   1.0358797e-01
   1.4988427e-01
   2.3379630e-01
   3.4143519e-01
   4.5601852e-01
   5.5960648e-01
   6.3599538e-01
   6.7361112e-01
   6.6666668e-01
   6.1921298e-01
   5.3877315e-01
   4.4039353e-01
   3.3854168e-01
   2.4884259e-01
   1.8287037e-01
   1.4814815e-01
   1.4641204e-01
   1.7476853e-01
   2.2453704e-01
   2.8645834e-01
   3.4953704e-01
   4.0277778e-01
   4.3923612e-01
   4.5428242e-01
   4.4849537e-01
   4.2476852e-01
   3.8946761e-01
   3.5127316e-01
   3.1828704e-01
   2.9571759e-01
   2.8761573e-01
   2.9456019e-01
   3.1539352e-01
   3.4375001e-01
   3.7615741e-01
   4.0567131e-01
   4.2766205e-01
   4.3634260e-01
   4.2939815e-01
   4.0625000e-01
   3.6805556e-01
   3.1944446e-01
   2.6678241e-01
   2.1817130e-01
   1.8229167e-01
   1.6608797e-01
   1.7592593e-01
   2.1180557e-01
   2.7199074e-01
   3.5011575e-01
   4.3750001e-01
   5.2199075e-01
   5.9317130e-01
   6.3946760e-01
   6.5451390e-01
   6.3425926e-01
   5.8043982e-01
   4.9768519e-01
   3.9756946e-01
   2.9282407e-01
   1.9849538e-01
   1.2962963e-01
   9.8958344e-02
   1.1400463e-01
   1.7592593e-01
   2.7835649e-01
   4.1087964e-01
   5.5729168e-01
   6.9733798e-01
   8.1307872e-01
   8.8831019e-01
   9.1145835e-01
   8.7847223e-01
   7.9456020e-01
   6.6956020e-01
   5.2083334e-01
   3.6921297e-01
   2.3495371e-01
   1.3657408e-01
   8.6805558e-02
   9.0856478e-02
   1.4525464e-01
   2.3958335e-01
   3.5879630e-01
   4.8379631e-01
   5.9490742e-01
   6.7650464e-01
   7.1701390e-01
   7.1064816e-01
   6.5914353e-01
   5.7291667e-01
   4.6412038e-01
   3.5127315e-01
   2.5289352e-01
   1.8402778e-01
   1.5451390e-01
   1.6782407e-01
   2.1875000e-01
   2.9456018e-01
   3.8020833e-01
   4.5775463e-01
   5.1157408e-01
   5.3240742e-01
   5.1678242e-01
   4.6817130e-01
   3.9641205e-01
   3.1365741e-01
   2.3379630e-01
   1.6898148e-01
   1.2789353e-01
   1.1342593e-01
   1.2673612e-01
   1.6203703e-01
   2.1238426e-01
   2.6736112e-01
   3.1828704e-01
   3.5532408e-01
   3.7384260e-01
   3.7037037e-01
   3.4837964e-01
   3.1134260e-01
   2.6851853e-01
   2.2743056e-01
   1.9791667e-01
   1.8518519e-01
   1.9444444e-01
   2.2569445e-01
   2.7546296e-01
   3.3796296e-01
   4.0451391e-01
   4.6469908e-01
   5.0925926e-01
   5.3125001e-01
   5.2546297e-01
   4.9074075e-01
   4.3287037e-01
   3.5995372e-01
   2.8298612e-01
   2.1527779e-01
   1.6898148e-01
   1.5335648e-01
   1.7129630e-01
   2.2337963e-01
   3.0324074e-01
   3.9988427e-01
   5.0000001e-01
   5.8912038e-01
   6.5567130e-01
   6.8692130e-01
   6.7881945e-01
   6.3078705e-01
   5.4687502e-01
   4.3923612e-01
   3.2175927e-01
   2.1180557e-01
   1.2847223e-01
   8.4490746e-02
   9.1435194e-02
   1.5162038e-01
   2.6215278e-01
   4.0856481e-01
   5.7465278e-01
   7.3726853e-01
   8.7500001e-01
   9.6643520e-01
   1.0000000e+00
   9.6817132e-01
   8.7673611e-01
   7.3900465e-01
   5.7407409e-01
   4.0798611e-01
   2.6331019e-01
   1.6087964e-01
   1.1226852e-01
   1.1979167e-01
   1.7592593e-01
   2.6562500e-01
   3.6863426e-01
   4.6412038e-01
   5.3472223e-01
   5.6712963e-01
   5.5613427e-01
   5.0694445e-01
   4.2650463e-01
   3.3043982e-01
   2.3553241e-01
   1.5856483e-01
   1.1226852e-01
   1.0532408e-01
   1.3946760e-01
   2.0949074e-01
   3.0324075e-01
   4.0567130e-01
   5.0000001e-01
   5.6944445e-01
   6.0358796e-01
   5.9722223e-01
   5.5266204e-01
   4.7858797e-01
   3.8831019e-01
   2.9687501e-01
   2.1817130e-01
   1.6203705e-01
   1.3599538e-01
   1.4004630e-01
   1.6840278e-01
   2.1585649e-01
   2.7025464e-01
   3.2233797e-01
   3.6400464e-01
   3.9004631e-01
   3.9641204e-01
   3.8657408e-01
   3.6516205e-01
   3.3796297e-01
   3.1134259e-01
   2.9398149e-01
   2.8819445e-01
   2.9687501e-01
   3.1886574e-01
   3.5127316e-01
   3.8946761e-01
   4.2939815e-01
   4.6296297e-01
   4.8611111e-01
   4.9479167e-01
   4.8611112e-01
   4.6006944e-01
   4.1898149e-01
   3.6747686e-01
   3.1250001e-01
   2.6331019e-01
   2.2858797e-01
   2.1527779e-01
   2.2858798e-01
   2.6909723e-01
   3.3275463e-01
   4.1377315e-01
   5.0057871e-01
   5.8333335e-01
   6.4872686e-01
   6.8865741e-01
   6.9502317e-01
   6.6608797e-01
   6.0416666e-01
   5.1504631e-01
   4.0914353e-01
   3.0150463e-01
   2.0659722e-01
   1.4004631e-01
   1.1342593e-01
   1.3368055e-01
   2.0312501e-01
   3.1539352e-01
   4.5891205e-01
   6.1689815e-01
   7.6851852e-01
   8.9351853e-01
   9.7453704e-01
   9.9942131e-01
   9.6412038e-01
   8.7326391e-01
   7.4016204e-01
   5.8275464e-01
   4.2476853e-01
   2.8993056e-01
   1.9502315e-01
   1.5162038e-01
   1.6203703e-01
   2.1932871e-01
   3.0844908e-01
   4.1030093e-01
   5.0462963e-01
   5.7465279e-01
   6.0648150e-01
   5.9722223e-01
   5.4976853e-01
   4.7048612e-01
   3.7500000e-01
   2.7835649e-01
   1.9675926e-01
   1.4293983e-01
   1.2615742e-01
   1.4814815e-01
   2.0543982e-01
   2.8819445e-01
   3.8194444e-01
   4.7280093e-01
   5.4456019e-01
   5.8738427e-01
   5.9490742e-01
   5.6886575e-01
   5.1388889e-01
   4.4097222e-01
   3.6168982e-01
   2.8877315e-01
   2.2974538e-01
   1.9097223e-01
   1.7476852e-01
   1.7881945e-01
   1.9849536e-01
   2.2743056e-01
   2.5868055e-01
   2.8645833e-01
   3.0497686e-01
   3.1365741e-01
   3.1192131e-01
   3.0208333e-01
   2.8993057e-01
   2.7893519e-01
   2.7488427e-01
   2.8009260e-01
   2.9687501e-01
   3.2349538e-01
   3.5821760e-01
   3.9756945e-01
   4.3460649e-01
   4.6643519e-01
   4.8668981e-01
   4.9189815e-01
   4.8032407e-01
   4.5196759e-01
   4.0856481e-01
   3.5590279e-01
   2.9976852e-01
   2.4884260e-01
   2.1122685e-01
   1.9444446e-01
   2.0254630e-01
   2.3726852e-01
   2.9745371e-01
   3.7557871e-01
   4.6527778e-01
   5.5497687e-01
   6.3368056e-01
   6.9155094e-01
   7.1932871e-01
   7.1064816e-01
   6.6550927e-01
   5.8622686e-01
   4.8148149e-01
   3.6574075e-01
   2.5520834e-01
   1.6666667e-01
   1.1516204e-01
   1.1342593e-01
   1.6377315e-01
   2.6331019e-01
   3.9930557e-01
   5.5439815e-01
   7.0486112e-01
   8.3043983e-01
   9.1030094e-01
   9.3287039e-01
   8.9293982e-01
   7.9745371e-01
   6.6087965e-01
   5.0405094e-01
   3.5127316e-01
   2.2569445e-01
   1.4525462e-01
   1.1921297e-01
   1.4641204e-01
   2.1932872e-01
   3.1828704e-01
   4.2476853e-01
   5.1736112e-01
   5.7986112e-01
   6.0069446e-01
   5.7812501e-01
   5.1736112e-01
   4.2824075e-01
   3.2696759e-01
   2.2916667e-01
   1.5104168e-01
   1.0416667e-01
   9.5486114e-02
   1.2500001e-01
   1.8807870e-01
   2.7314816e-01
   3.6574075e-01
   4.5023148e-01
   5.1273149e-01
   5.4398149e-01
   5.3993056e-01
   5.0347224e-01
   4.4212963e-01
   3.6574074e-01
   2.8935186e-01
   2.2280092e-01
   1.7708335e-01
   1.5451390e-01
   1.5798611e-01
   1.8229167e-01
   2.2164352e-01
   2.6851853e-01
   3.1365741e-01
   3.5011575e-01
   3.7210649e-01
   3.7731482e-01
   3.6747686e-01
   3.4548611e-01
   3.1770835e-01
   2.9108796e-01
   2.7256945e-01
   2.6678242e-01
   2.7719908e-01
   3.0208334e-01
   3.3912038e-01
   3.8252316e-01
   4.2708333e-01
   4.6354167e-01
   4.8784722e-01
   4.9421296e-01
   4.7858797e-01
   4.4328705e-01
   3.9004631e-01
   3.2523148e-01
   2.5752316e-01
   1.9675927e-01
   1.5277779e-01
   1.3368057e-01
   1.4467593e-01
   1.8692131e-01
   2.5694444e-01
   3.4664352e-01
   4.4502316e-01
   5.4050927e-01
   6.1921296e-01
   6.7071760e-01
   6.8692131e-01
   6.6435186e-01
   6.0416668e-01
   5.1446760e-01
   4.0509260e-01
   2.9282407e-01
   1.9386574e-01
   1.2384259e-01
   9.6064829e-02
   1.1631946e-01
   1.8692129e-01
   2.9976853e-01
   4.4097224e-01
   5.9259261e-01
   7.3437501e-01
   8.4490741e-01
   9.1030093e-01
   9.1782408e-01
   8.6747686e-01
   7.6620371e-01
   6.2847223e-01
   4.7453705e-01
   3.2754630e-01
   2.1064815e-01
   1.4178241e-01
   1.3078704e-01
   1.7997686e-01
   2.7893518e-01
   4.1261576e-01
   5.5844907e-01
   6.9560186e-01
   8.0034723e-01
   8.5937501e-01
   8.6458334e-01
   8.1481483e-01
   7.1932871e-01
   5.9375001e-01
   4.5486112e-01
   3.2233797e-01
   2.1585649e-01
   1.4641204e-01
   1.2210650e-01
   1.4062500e-01
   1.9386575e-01
   2.6909723e-01
   3.4837964e-01
   4.1782408e-01
   4.6412038e-01
   4.8090279e-01
   4.6701389e-01
   4.2881945e-01
   3.7384260e-01
   3.1423612e-01
   2.6041667e-01
   2.1932872e-01
   1.9675926e-01
   1.9155094e-01
   2.0428242e-01
   2.2743056e-01
   2.5578705e-01
   2.8240741e-01
   3.0266205e-01
   3.1192131e-01
   3.0902778e-01
   2.9340279e-01
   2.6967593e-01
   2.4363427e-01
   2.1990741e-01
   2.0543982e-01
   2.0312501e-01
   2.1701388e-01
   2.4710648e-01
   2.8993056e-01
   3.4259260e-01
   3.9756945e-01
   4.4791667e-01
   4.8668981e-01
   5.0752316e-01
   5.0520834e-01
   4.7916668e-01
   4.3055556e-01
   3.6516205e-01
   2.9224537e-01
   2.2164352e-01
   1.6666668e-01
   1.3715278e-01
   1.4062500e-01
   1.7997686e-01
   2.5173611e-01
   3.5011576e-01
   4.6122685e-01
   5.7175926e-01
   6.6493057e-01
   7.2916667e-01
   7.5289353e-01
   7.3148149e-01
   6.6608797e-01
   5.6423611e-01
   4.3981483e-01
   3.1018518e-01
   1.9386574e-01
   1.0995371e-01
   7.0601852e-02
   8.5069449e-02
   1.5162037e-01
   2.6273149e-01
   4.0219908e-01
   5.5034722e-01
   6.8634260e-01
   7.8819446e-01
   8.4201390e-01
   8.3969909e-01
   7.8067131e-01
   6.7418983e-01
   5.3703704e-01
   3.9004630e-01
   2.5752316e-01
   1.5798611e-01
   1.0821760e-01
   1.1342593e-01
   1.7245370e-01
   2.7430556e-01
   4.0046296e-01
   5.3067131e-01
   6.4293982e-01
   7.1990742e-01
   7.5000000e-01
   7.2974538e-01
   6.6377316e-01
   5.6250001e-01
   4.4212963e-01
   3.2118056e-01
   2.1701389e-01
   1.4583333e-01
   1.1631946e-01
   1.3020834e-01
   1.8344908e-01
   2.6446761e-01
   3.5648149e-01
   4.4270835e-01
   5.0810186e-01
   5.4166668e-01
   5.3877315e-01
   5.0289353e-01
   4.4039352e-01
   3.6458334e-01
   2.8761575e-01
   2.2106482e-01
   1.7361112e-01
   1.4872685e-01
   1.4583333e-01
   1.6203705e-01
   1.9039352e-01
   2.2395834e-01
   2.5520834e-01
   2.7835649e-01
   2.9108796e-01
   2.9050926e-01
   2.8009261e-01
   2.6273150e-01
   2.4537037e-01
   2.3090279e-01
   2.2685186e-01
   2.3379630e-01
   2.5231482e-01
   2.8009260e-01
   3.1481482e-01
   3.5069445e-01
   3.8252316e-01
   4.0567130e-01
   4.1608798e-01
   4.1261575e-01
   3.9409723e-01
   3.6111111e-01
   3.1712963e-01
   2.6736112e-01
   2.1932871e-01
   1.7824074e-01
   1.5277777e-01
   1.4814815e-01
   1.6608797e-01
   2.0717593e-01
   2.6851851e-01
   3.4201389e-01
   4.2013890e-01
   4.9131945e-01
   5.4745371e-01
   5.7986112e-01
   5.8217593e-01
   5.5324075e-01
   4.9537038e-01
   4.1319445e-01
   3.1770835e-01
   2.2164353e-01
   1.3888889e-01
   8.3912044e-02
   6.7129635e-02
   9.5486114e-02
   1.6956020e-01
   2.8356483e-01
   4.2418983e-01
   5.7407408e-01
   7.1412039e-01
   8.2349538e-01
   8.8715279e-01
   8.9525464e-01
   8.4548613e-01
   7.4537038e-01
   6.0995372e-01
   4.5891205e-01
   3.1655093e-01
   2.0312501e-01
   1.3425926e-01
   1.1747685e-01
   1.4988426e-01
   2.2106483e-01
   3.1481482e-01
   4.1087964e-01
   4.9016204e-01
   5.3935185e-01
   5.5034723e-01
   5.2083334e-01
   4.5891205e-01
   3.7442131e-01
   2.8125002e-01
   1.9328704e-01
   1.2384259e-01
   8.1018529e-02
   7.0601865e-02
   9.2013897e-02
   1.4120370e-01
   2.1006945e-01
   2.8587963e-01
   3.5763890e-01
   4.1435185e-01
   4.4849537e-01
   4.5543982e-01
   4.3634259e-01
   3.9641204e-01
   3.4375000e-01
   2.8587964e-01
   2.3321759e-01
   1.9270834e-01
   1.6898148e-01
   1.6319445e-01
   1.7418982e-01
   1.9849538e-01
   2.2974537e-01
   2.6099538e-01
   2.8645834e-01
   3.0092593e-01
   3.0092593e-01
   2.8761575e-01
   2.6273149e-01
   2.3263890e-01
   2.0312500e-01
   1.8229167e-01
   1.7650464e-01
   1.8807871e-01
   2.1932871e-01
   2.6562500e-01
   3.2291667e-01
   3.8310186e-01
   4.3807871e-01
   4.7858796e-01
   4.9768519e-01
   4.9189815e-01
   4.6006944e-01
   4.0509260e-01
   3.3506946e-01
   2.5983796e-01
   1.9097223e-01
   1.4120370e-01
   1.1979167e-01
   1.3252316e-01
   1.7939816e-01
   2.5636575e-01
   3.5416667e-01
   4.6064815e-01
   5.6018519e-01
   6.4062501e-01
   6.8923613e-01
   7.0023149e-01
   6.7071761e-01
   6.0416668e-01
   5.1041667e-01
   4.0277778e-01
   2.9513890e-01
   2.0543981e-01
   1.4756945e-01
   1.3310186e-01
   1.6550926e-01
   2.4363427e-01
   3.5879630e-01
   4.9710649e-01
   6.4004630e-01
   7.6851853e-01
   8.6342593e-01
   9.1087964e-01
   9.0277778e-01
   8.3969909e-01
   7.2916667e-01
   5.8680556e-01
   4.3344907e-01
   2.9224537e-01
   1.8402778e-01
   1.2384259e-01
   1.1863427e-01
   1.6666668e-01
   2.5520834e-01
   3.6574075e-01
   4.7800927e-01
   5.7118056e-01
   6.2962963e-01
   6.4583335e-01
   6.1805557e-01
   5.5324076e-01
   4.6238426e-01
   3.6053241e-01
   2.6388890e-01
   1.8460648e-01
   1.3252315e-01
   1.1226852e-01
   1.2442131e-01
   1.6319445e-01
   2.2164353e-01
   2.8877315e-01
   3.5300926e-01
   4.0567130e-01
   4.4097222e-01
   4.5428242e-01
   4.4791667e-01
   4.2534722e-01
   3.9293982e-01
   3.5706018e-01
   3.2349538e-01
   2.9745371e-01
   2.8182871e-01
   2.7604168e-01
   2.7893519e-01
   2.8819445e-01
   2.9976853e-01
   3.1018518e-01
   3.1539352e-01
   3.1423612e-01
   3.0671297e-01
   2.9340279e-01
   2.7835649e-01
   2.6504630e-01
   2.5810185e-01
   2.6041667e-01
   2.7662038e-01
   3.0497686e-01
   3.4548611e-01
   3.9467593e-01
   4.4791667e-01
   4.9942130e-01
   5.4224537e-01
   5.7002316e-01
   5.7986113e-01
   5.6597222e-01
   5.2893520e-01
   4.7222223e-01
   3.9988427e-01
   3.2291667e-01
   2.5115742e-01
   1.9560186e-01
   1.6608797e-01
   1.6956020e-01
   2.0717592e-01
   2.7488426e-01
   3.6516205e-01
   4.6585649e-01
   5.6307872e-01
   6.4351852e-01
   6.9444445e-01
   7.0949075e-01
   6.8402779e-01
   6.1921298e-01
   5.2430557e-01
   4.1030093e-01
   2.9340279e-01
   1.9039352e-01
   1.1863425e-01
   9.0277788e-02
   1.1342593e-01
   1.8865742e-01
   3.0844909e-01
   4.5833334e-01
   6.1805556e-01
   7.6562501e-01
   8.7847223e-01
   9.4097223e-01
   9.4097223e-01
   8.7905093e-01
   7.6504630e-01
   6.1863426e-01
   4.6180557e-01
   3.2349538e-01
   2.2453703e-01
   1.8344909e-01
   2.0312500e-01
   2.7951389e-01
   3.9409723e-01
   5.2662038e-01
   6.4988427e-01
   7.4131946e-01
   7.8587964e-01
   7.7604168e-01
   7.1527779e-01
   6.1284722e-01
   4.8784722e-01
   3.5763890e-01
   2.4131944e-01
   1.5335648e-01
   1.0300926e-01
   9.4328708e-02
   1.2326389e-01
   1.8171297e-01
   2.5810185e-01
   3.3738427e-01
   4.0625001e-01
   4.5254631e-01
   4.7106482e-01
   4.5833335e-01
   4.1956019e-01
   3.6168982e-01
   2.9571760e-01
   2.3263889e-01
   1.8171297e-01
   1.5162038e-01
   1.4467593e-01
   1.5972223e-01
   1.9386574e-01
   2.3842594e-01
   2.8761575e-01
   3.3217593e-01
   3.6458334e-01
   3.8136574e-01
   3.8136575e-01
   3.6516205e-01
   3.3738427e-01
   3.0497686e-01
   2.7488427e-01
   2.5462963e-01
   2.4826390e-01
   2.5983797e-01
   2.8761575e-01
   3.2986111e-01
   3.8020833e-01
   4.3171297e-01
   4.7685185e-01
   5.0925926e-01
   5.2199075e-01
   5.1215279e-01
   4.8032408e-01
   4.2881945e-01
   3.6516205e-01
   2.9861111e-01
   2.4016205e-01
   2.0023149e-01
   1.8692131e-01
   2.0543981e-01
   2.5462963e-01
   3.2928242e-01
   4.2071760e-01
   5.1620370e-01
   6.0300926e-01
   6.6840278e-01
   7.0370371e-01
   7.0254630e-01
   6.6319445e-01
   5.9027778e-01
   4.9247686e-01
   3.8136575e-01
   2.7256945e-01
   1.8113425e-01
   1.2210648e-01
   1.0532408e-01
   1.3657407e-01
   2.1354167e-01
   3.2986112e-01
   4.6990742e-01
   6.1574075e-01
   7.4768519e-01
   8.4548613e-01
   8.9525464e-01
   8.8946760e-01
   8.2638890e-01
   7.1759259e-01
   5.7812501e-01
   4.3229167e-01
   3.0208333e-01
   2.0949074e-01
   1.6782407e-01
   1.8402778e-01
   2.5000001e-01
   3.5300926e-01
   4.7280093e-01
   5.8622686e-01
   6.7361112e-01
   7.1990742e-01
   7.1817131e-01
   6.7187501e-01
   5.8969908e-01
   4.8553242e-01
   3.7500001e-01
   2.7314815e-01
   1.9386574e-01
   1.4351853e-01
   1.2557871e-01
   1.3773147e-01
   1.7476852e-01
   2.2743056e-01
   2.8472223e-01
   3.3912037e-01
   3.8136575e-01
   4.0567130e-01
   4.1145834e-01
   3.9872686e-01
   3.7384260e-01
   3.4201389e-01
   3.0960648e-01
   2.8414352e-01
   2.6909723e-01
   2.6736111e-01
   2.7951389e-01
   3.0381945e-01
   3.3506945e-01
   3.6747686e-01
   3.9583334e-01
   4.1319445e-01
   4.1550927e-01
   4.0046296e-01
   3.6979167e-01
   3.2812501e-01
   2.8298611e-01
   2.4189816e-01
   2.1238427e-01
   2.0370370e-01
   2.1585649e-01
   2.5000001e-01
   3.0092594e-01
   3.6168982e-01
   4.2361111e-01
   4.7627316e-01
   5.1215278e-01
   5.2372686e-01
   5.0983797e-01
   4.7164353e-01
   4.1203704e-01
   3.4085649e-01
   2.6793981e-01
   2.0543982e-01
   1.6377314e-01
   1.5046298e-01
   1.7071760e-01
   2.2395834e-01
   3.0497686e-01
   4.0451389e-01
   5.1157408e-01
   6.1168983e-01
   6.9212964e-01
   7.4247687e-01
   7.5347223e-01
   7.2395834e-01
   6.5509260e-01
   5.5497686e-01
   4.3692130e-01
   3.1655093e-01
   2.1180556e-01
   1.3888891e-01
   1.0995371e-01
   1.3368057e-01
   2.0775464e-01
   3.2465278e-01
   4.6759261e-01
   6.1689816e-01
   7.5000000e-01
   8.4664354e-01
   8.9120371e-01
   8.7673612e-01
   8.0555557e-01
   6.8865742e-01
   5.4687500e-01
   4.0393519e-01
   2.8356483e-01
   2.0775464e-01
   1.8750001e-01
   2.2569445e-01
   3.1192129e-01
   4.2881945e-01
   5.5208334e-01
   6.5914353e-01
   7.2858797e-01
   7.4884261e-01
   7.1585650e-01
   6.3715279e-01
   5.2546297e-01
   3.9814815e-01
   2.7430557e-01
   1.7071760e-01
   9.7222222e-02
   6.3078715e-02
   6.5972229e-02
   1.0069444e-01
   1.6030092e-01
   2.3090278e-01
   3.0150463e-01
   3.6111111e-01
   3.9988427e-01
   4.1493057e-01
   4.0567130e-01
   3.7615741e-01
   3.3333334e-01
   2.8530092e-01
   2.4131945e-01
   2.0891204e-01
   1.9386574e-01
   1.9675926e-01
   2.1875000e-01
   2.5405093e-01
   2.9745371e-01
   3.4259260e-01
   3.8136575e-01
   4.0740741e-01
   4.1666667e-01
   4.0740741e-01
   3.8252316e-01
   3.4490741e-01
   3.0324075e-01
   2.6388890e-01
   2.3553241e-01
   2.2395834e-01
   2.3090278e-01
   2.5810185e-01
   3.0208334e-01
   3.5590279e-01
   4.1203704e-01
   4.6238427e-01
   4.9768518e-01
   5.1157408e-01
   5.0000001e-01
   4.6238427e-01
   4.0162037e-01
   3.2523148e-01
   2.4305556e-01
   1.6840279e-01
   1.1284723e-01
   8.6805558e-02
   9.6643520e-02
   1.4351852e-01
   2.2337964e-01
   3.2581020e-01
   4.3807871e-01
   5.4513891e-01
   6.3310186e-01
   6.8923611e-01
   7.0370371e-01
   6.7476853e-01
   6.0474538e-01
   5.0173611e-01
   3.7905093e-01
   2.5405093e-01
   1.4467592e-01
   6.7708338e-02
   3.5300926e-02
   5.4976862e-02
   1.2615742e-01
   2.4074074e-01
   3.8368056e-01
   5.3414353e-01
   6.6956020e-01
   7.7141205e-01
   8.2291667e-01
   8.1539353e-01
   7.5057872e-01
   6.3831018e-01
   4.9710649e-01
   3.5069445e-01
   2.2337964e-01
   1.3599537e-01
   1.0243056e-01
   1.2673611e-01
   2.0081019e-01
   3.0844908e-01
   4.2824075e-01
   5.3587964e-01
   6.1053241e-01
   6.3888890e-01
   6.1747687e-01
   5.5034723e-01
   4.4907408e-01
   3.3101853e-01
   2.1469908e-01
   1.1631944e-01
   4.8611118e-02
   1.9675923e-02
   2.8935194e-02
   7.2337961e-02
   1.3946760e-01
   2.1932871e-01
   2.9687501e-01
   3.6226852e-01
   4.0451389e-01
   4.2013890e-01
   4.0856483e-01
   3.7500001e-01
   3.2696759e-01
   2.7546297e-01
   2.2858798e-01
   1.9560185e-01
   1.8171297e-01
   1.8750001e-01
   2.1064815e-01
   2.4652778e-01
   2.8877315e-01
   3.2870371e-01
   3.5879630e-01
   3.7384259e-01
   3.6979167e-01
   3.4722222e-01
   3.0960649e-01
   2.6273149e-01
   2.1585649e-01
   1.7708333e-01
   1.5393519e-01
   1.5162038e-01
   1.7187499e-01
   2.1238427e-01
   2.6736112e-01
   3.2754631e-01
   3.8483797e-01
   4.3055556e-01
   4.5659723e-01
   4.5891205e-01
   4.3634260e-01
   3.9236112e-01
   3.3043982e-01
   2.6099538e-01
   1.9328705e-01
   1.3715277e-01
   1.0300926e-01
   9.7222235e-02
   1.2268519e-01
   1.7997686e-01
   2.6331019e-01
   3.6516203e-01
   4.7453705e-01
   5.7754629e-01
   6.6377316e-01
   7.2106482e-01
   7.4074074e-01
   7.1932871e-01
   6.5740742e-01
   5.6134260e-01
   4.4155094e-01
   3.1481482e-01
   1.9907407e-01
   1.1111112e-01
   6.5972229e-02
   7.2916676e-02
   1.3310186e-01
   2.3958333e-01
   3.8078704e-01
   5.3530093e-01
   6.8171296e-01
   7.9687501e-01
   8.6458334e-01
   8.7384260e-01
   8.2233798e-01
   7.1875000e-01
   5.8043982e-01
   4.2997687e-01
   2.9224537e-01
   1.8981482e-01
   1.3831019e-01
   1.4467593e-01
   2.0196761e-01
   2.9629630e-01
   4.0509260e-01
   5.0694445e-01
   5.7928241e-01
   6.0879630e-01
   5.9027778e-01
   5.2662038e-01
   4.3055556e-01
   3.1828705e-01
   2.0659723e-01
   1.1226852e-01
   4.6296293e-02
   1.4467597e-02
   1.7361112e-02
   4.9768523e-02
   1.0416667e-01
   1.6956020e-01
   2.3553241e-01
   2.9340279e-01
   3.3506946e-01
   3.5937500e-01
   3.6400464e-01
   3.5300927e-01
   3.3159723e-01
   3.0497685e-01
   2.8009260e-01
   2.6273149e-01
   2.5578704e-01
   2.6099538e-01
   2.7777777e-01
   3.0381945e-01
   3.3564815e-01
   3.6631945e-01
   3.9062500e-01
   4.0393519e-01
   4.0219908e-01
   3.8425927e-01
   3.5300927e-01
   3.1076390e-01
   2.6736111e-01
   2.2800926e-01
   2.0254630e-01
   1.9444444e-01
   2.0891204e-01
   2.4305555e-01
   2.9456019e-01
   3.5590279e-01
   4.1898149e-01
   4.7453704e-01
   5.1504631e-01
   5.3356482e-01
   5.2604167e-01
   4.9247686e-01
   4.3634260e-01
   3.6458333e-01
   2.8819445e-01
   2.1759260e-01
   1.6608797e-01
   1.4178241e-01
   1.5162037e-01
   1.9675927e-01
   2.7372687e-01
   3.7326389e-01
   4.8321760e-01
   5.8969909e-01
   6.7708335e-01
   7.3379631e-01
   7.5115741e-01
   7.2453704e-01
   6.5682871e-01
   5.5555556e-01
   4.3229168e-01
   3.0555556e-01
   1.9155093e-01
   1.0937501e-01
   7.0601865e-02
   8.4490746e-02
   1.5104167e-01
   2.6273150e-01
   4.0509260e-01
   5.5787038e-01
   6.9965279e-01
   8.0902779e-01
   8.6805557e-01
   8.6805557e-01
   8.0844908e-01
   6.9791667e-01
   5.5439815e-01
   4.0219908e-01
   2.6562500e-01
   1.6724537e-01
   1.2094908e-01
   1.3310186e-01
   1.9675927e-01
   2.9513888e-01
   4.0740742e-01
   5.0983797e-01
   5.8159723e-01
   6.0821761e-01
   5.8564815e-01
   5.1909723e-01
   4.1956019e-01
   3.0439816e-01
   1.9212965e-01
   9.8958331e-02
   3.5879629e-02
   8.1018656e-03
   1.6782409e-02
   5.6134255e-02
   1.1516204e-01
   1.8402779e-01
   2.5000000e-01
   3.0208333e-01
   3.3449074e-01
   3.4259260e-01
   3.2754631e-01
   2.9456018e-01
   2.5057870e-01
   2.0370370e-01
   1.6319445e-01
   1.3425927e-01
   1.2210648e-01
   1.2789353e-01
   1.4872685e-01
   1.8113427e-01
   2.1817130e-01
   2.5405093e-01
   2.8067130e-01
   2.9398148e-01
   2.9050926e-01
   2.7083334e-01
   2.3842593e-01
   1.9849538e-01
   1.5856483e-01
   1.2615742e-01
   1.0821760e-01
   1.0937501e-01
   1.3078704e-01
   1.7187499e-01
   2.2627315e-01
   2.8877315e-01
   3.5069445e-01
   4.0335649e-01
   4.4039353e-01
   4.5543982e-01
   4.4560186e-01
   4.1087964e-01
   3.5358796e-01
   2.8182871e-01
   2.0428242e-01
   1.3368055e-01
   7.9282408e-02
   5.3819456e-02
   6.2499999e-02
   1.0821759e-01
   1.8807870e-01
   2.9398149e-01
   4.1261575e-01
   5.2951390e-01
   6.2905094e-01
   6.9675926e-01
   7.2164352e-01
   6.9965279e-01
   6.3252315e-01
   5.2662038e-01
   3.9872686e-01
   2.6388889e-01
   1.4351853e-01
   5.4976862e-02
   1.2152786e-02
   2.1990747e-02
   8.5648152e-02
   1.9328704e-01
   3.3043982e-01
   4.7685185e-01
   6.1168983e-01
   7.1469909e-01
   7.6909724e-01
   7.6793982e-01
   7.0891205e-01
   6.0358797e-01
   4.6643519e-01
   3.2060185e-01
   1.8865740e-01
   9.2013884e-02
   4.5138888e-02
   5.2083335e-02
   1.0879631e-01
   2.0138890e-01
   3.0960649e-01
   4.1145834e-01
   4.8726852e-01
   5.2488427e-01
   5.1736112e-01
   4.6817130e-01
   3.8657408e-01
   2.8703704e-01
   1.8518520e-01
   9.7222222e-02
   3.2407412e-02
   0.0000000e+00
   5.7870288e-04
   3.2407412e-02
   8.6805558e-02
   1.5509260e-01
   2.2743056e-01
   2.9108796e-01
   3.3854166e-01
   3.6400464e-01
   3.6516205e-01
   3.4432870e-01
   3.0787039e-01
   2.6157408e-01
   2.1469907e-01
   1.7592594e-01
   1.5104168e-01
   1.4409723e-01
   1.5509260e-01
   1.8287037e-01
   2.2164353e-01
   2.6504631e-01
   3.0439816e-01
   3.3217593e-01
   3.4375001e-01
   3.3449074e-01
   3.0671297e-01
   2.6388889e-01
   2.1412038e-01
   1.6724537e-01
   1.3252315e-01
   1.1805556e-01
   1.2905092e-01
   1.6550926e-01
   2.2453703e-01
   2.9861111e-01
   3.7615741e-01
   4.4675927e-01
   5.0000001e-01
   5.2546297e-01
   5.1909723e-01
   4.7858797e-01
   4.1030093e-01
   3.2291666e-01
   2.2974538e-01
   1.4467593e-01
   8.2175922e-02
   5.4398159e-02
   6.7129635e-02
   1.2152778e-01
   2.1122685e-01
   3.2523148e-01
   4.4907409e-01
   5.6539352e-01
   6.5856482e-01
   7.1585650e-01
   7.2916669e-01
   6.9675928e-01
   6.2268519e-01
   5.1793982e-01
   3.9756946e-01
   2.7835649e-01
   1.7997686e-01
   1.1805556e-01
   1.0243056e-01
   1.3888889e-01
   2.2337964e-01
   3.4664353e-01
   4.9189815e-01
   6.3888890e-01
   7.6736111e-01
   8.5763890e-01
   8.9699075e-01
   8.7847223e-01
   8.0671297e-01
   6.9328705e-01
   5.5671296e-01
   4.2187500e-01
   3.1250001e-01
   2.4710650e-01
   2.3784722e-01
   2.8530092e-01
   3.8020833e-01
   5.0231482e-01
   6.2731483e-01
   7.3090278e-01
   7.9224539e-01
   7.9861112e-01
   7.4884260e-01
   6.5162038e-01
   5.2083334e-01
   3.7847223e-01
   2.4363427e-01
   1.3599538e-01
   6.6550932e-02
   4.1666670e-02
   5.9027782e-02
   1.1168982e-01
   1.8865742e-01
   2.7604168e-01
   3.5879630e-01
   4.2766203e-01
   4.7222223e-01
   4.8958334e-01
   4.7974538e-01
   4.4965279e-01
   4.0451389e-01
   3.5474538e-01
   3.0960648e-01
   2.7430557e-01
   2.5462963e-01
   2.5115742e-01
   2.6273149e-01
   2.8587964e-01
   3.1539352e-01
   3.4432870e-01
   3.6747686e-01
   3.7962963e-01
   3.7789352e-01
   3.5995371e-01
   3.2928242e-01
   2.8877315e-01
   2.4652778e-01
   2.0891204e-01
   1.8460648e-01
   1.7881944e-01
   1.9386574e-01
   2.3148148e-01
   2.8703704e-01
   3.5532408e-01
   4.2650464e-01
   4.9189815e-01
   5.4166666e-01
   5.6828703e-01
   5.6655094e-01
   5.3414353e-01
   4.7511574e-01
   3.9525463e-01
   3.0555556e-01
   2.1875000e-01
   1.4872685e-01
   1.0706020e-01
   1.0185185e-01
   1.3599538e-01
   2.0891204e-01
   3.0960648e-01
   4.2766203e-01
   5.4629630e-01
   6.4930556e-01
   7.2280094e-01
   7.5405094e-01
   7.3842593e-01
   6.7534723e-01
   5.7465279e-01
   4.4791668e-01
   3.1481482e-01
   1.9386574e-01
   1.0416667e-01
   6.1342593e-02
   7.4074082e-02
   1.4062501e-01
   2.5462963e-01
   3.9988427e-01
   5.5555557e-01
   6.9791667e-01
   8.0555557e-01
   8.6342594e-01
   8.6053242e-01
   7.9918982e-01
   6.8807871e-01
   5.4629630e-01
   3.9641204e-01
   2.6446759e-01
   1.7129629e-01
   1.3078705e-01
   1.4756945e-01
   2.1527779e-01
   3.1655094e-01
   4.3113426e-01
   5.3587964e-01
   6.0821761e-01
   6.3599538e-01
   6.1458335e-01
