   1.0000000e+00
   8.7287603e-01
   7.1491504e-01
   5.5317810e-01
   4.1661423e-01
   3.2284456e-01
   2.8130901e-01
   2.8634361e-01
   3.2599120e-01
   3.8325991e-01
   4.3989932e-01
   4.8332285e-01
   5.0660793e-01
   5.0912524e-01
   4.9402141e-01
   4.6884834e-01
   4.4052864e-01
   4.1283827e-01
   3.9018251e-01
   3.7193203e-01
   3.5871618e-01
   3.4927628e-01
   3.4487100e-01
   3.4235368e-01
   3.4487100e-01
   3.5242291e-01
   3.6626810e-01
   3.8703588e-01
   4.1598490e-01
   4.5122720e-01
   4.9150410e-01
   5.3492764e-01
   5.7583385e-01
   6.1170549e-01
   6.3687854e-01
   6.5009440e-01
   6.5135305e-01
   6.4065450e-01
   6.2114539e-01
   5.9723097e-01
   5.7457521e-01
   5.5506609e-01
   5.4247956e-01
   5.3933292e-01
   5.4562619e-01
   5.6198869e-01
   5.8779107e-01
   6.1925739e-01
   6.5512901e-01
   6.9037131e-01
   7.1994966e-01
   7.3945878e-01
   7.4701071e-01
   7.4008811e-01
   7.1994966e-01
   6.8848332e-01
   6.5072372e-01
   6.1170549e-01
   5.7772184e-01
   5.5129012e-01
   5.3744493e-01
   5.3744494e-01
   5.5191945e-01
   5.7835117e-01
   6.1359346e-01
   6.5449969e-01
   6.9351794e-01
   7.2624292e-01
   7.4575205e-01
   7.5015733e-01
   7.3757081e-01
   7.0988043e-01
   6.7086219e-01
   6.2617999e-01
   5.8212712e-01
   5.4373821e-01
   5.1541850e-01
   4.9968534e-01
   4.9716803e-01
   5.0660794e-01
   5.2548774e-01
   5.4940214e-01
   5.7520454e-01
   5.9786029e-01
   6.1422279e-01
   6.2051605e-01
   6.1611077e-01
   6.0100692e-01
   5.7898051e-01
   5.5254879e-01
   5.2548774e-01
   5.0157332e-01
   4.8143487e-01
   4.6633104e-01
   4.5563248e-01
   4.4745123e-01
   4.3926999e-01
   4.3171807e-01
   4.2290748e-01
   4.1346760e-01
   4.0339836e-01
   3.9332915e-01
   3.8325992e-01
   3.7382001e-01
   3.6563877e-01
   3.5682819e-01
   3.4990560e-01
   3.4424167e-01
   3.3920705e-01
   3.3543110e-01
   3.3165513e-01
   3.2724985e-01
   3.2410321e-01
   3.1906860e-01
   3.1529264e-01
   3.1151668e-01
   3.0711140e-01
   3.0270611e-01
   2.9704216e-01
   2.9011958e-01
   2.8067968e-01
   2.7123977e-01
   2.6242921e-01
   2.5739459e-01
   2.5739460e-01
   2.6179988e-01
   2.7249843e-01
   2.8508497e-01
   2.9767150e-01
   3.0962870e-01
   3.1906860e-01
   3.2410321e-01
   3.2724984e-01
   3.2724985e-01
   3.2787918e-01
   3.2787918e-01
   3.2976715e-01
   3.3228446e-01
   3.3606043e-01
   3.4109503e-01
   3.4990560e-01
   3.6186282e-01
   3.7633731e-01
   3.9332913e-01
   4.1032096e-01
   4.2479547e-01
   4.3360605e-01
   4.3549403e-01
   4.3045941e-01
   4.1913154e-01
   4.0465702e-01
   3.8955318e-01
   3.7759598e-01
   3.7256137e-01
   3.7633733e-01
   3.8892385e-01
   4.1095028e-01
   4.4052864e-01
   4.7514161e-01
   5.0975457e-01
   5.4185022e-01
   5.6450597e-01
   5.7646319e-01
   5.7520454e-01
   5.6135935e-01
   5.3618629e-01
   5.0409062e-01
   4.7010698e-01
   4.3738200e-01
   4.0969164e-01
   3.9144117e-01
   3.8451857e-01
   3.8829453e-01
   4.0339837e-01
   4.2920075e-01
   4.6381372e-01
   5.0220265e-01
   5.4247956e-01
   5.7709252e-01
   6.0289490e-01
   6.1674009e-01
   6.1674009e-01
   6.0478289e-01
   5.8338579e-01
   5.5758339e-01
   5.3366897e-01
   5.1415985e-01
   5.0346130e-01
   5.0220265e-01
   5.1038389e-01
   5.2548773e-01
   5.4688483e-01
   5.7205790e-01
   5.9848962e-01
   6.2429201e-01
   6.4757709e-01
   6.6582757e-01
   6.7841411e-01
   6.8470736e-01
   6.8470736e-01
   6.8030208e-01
   6.7086217e-01
   6.5827564e-01
   6.4380112e-01
   6.2806797e-01
   6.1296414e-01
   5.9911894e-01
   5.8842039e-01
   5.8401511e-01
   5.8527376e-01
   5.9282567e-01
   6.0604154e-01
   6.2303336e-01
   6.4002518e-01
   6.5387036e-01
   6.6142229e-01
   6.6205160e-01
   6.5449969e-01
   6.4128382e-01
   6.2177470e-01
   5.9848962e-01
   5.7331656e-01
   5.4625552e-01
   5.2108245e-01
   4.9905600e-01
   4.8143487e-01
   4.6947765e-01
   4.6507237e-01
   4.6758968e-01
   4.7577093e-01
   4.8835747e-01
   5.0157332e-01
   5.1478919e-01
   5.2485841e-01
   5.3052235e-01
   5.3115167e-01
   5.2611705e-01
   5.1541850e-01
   4.9779737e-01
   4.7388295e-01
   4.4619258e-01
   4.1472625e-01
   3.8263058e-01
   3.5368157e-01
   3.3039648e-01
   3.1466331e-01
   3.0837005e-01
   3.1151668e-01
   3.2347388e-01
   3.4361235e-01
   3.6815608e-01
   3.9710512e-01
   4.2605413e-01
   4.5311517e-01
   4.7514160e-01
   4.9024544e-01
   4.9465072e-01
   4.8961612e-01
   4.7388295e-01
   4.5122720e-01
   4.2479547e-01
   3.9836375e-01
   3.7507867e-01
   3.5934552e-01
   3.5242292e-01
   3.5556955e-01
   3.6815608e-01
   3.9018252e-01
   4.2101951e-01
   4.5940844e-01
   5.0157332e-01
   5.4436754e-01
   5.8464443e-01
   6.1674009e-01
   6.3813721e-01
   6.4505979e-01
   6.3750787e-01
   6.1736942e-01
   5.8842039e-01
   5.5380744e-01
   5.1793582e-01
   4.8646948e-01
   4.6255507e-01
   4.4933922e-01
   4.4619258e-01
   4.5500316e-01
   4.7325362e-01
   4.9716803e-01
   5.2359975e-01
   5.4877282e-01
   5.6765262e-01
   5.7772184e-01
   5.7898049e-01
   5.7079925e-01
   5.5569540e-01
   5.3744493e-01
   5.1919447e-01
   5.0283197e-01
   4.9087477e-01
   4.8332285e-01
   4.8143487e-01
   4.8458150e-01
   4.9213342e-01
   5.0283197e-01
   5.1730649e-01
   5.3178100e-01
   5.4562619e-01
   5.5569540e-01
   5.6073002e-01
   5.6010069e-01
   5.5443676e-01
   5.4499686e-01
   5.3366897e-01
   5.2234110e-01
   5.1227187e-01
   5.0409064e-01
   4.9779737e-01
   4.9402140e-01
   4.9087477e-01
   4.8961612e-01
   4.9087477e-01
   4.9528005e-01
   5.0220265e-01
   5.1227187e-01
   5.2422907e-01
   5.3618629e-01
   5.4751417e-01
   5.5569541e-01
   5.5758338e-01
   5.5380744e-01
   5.3996224e-01
   5.1667715e-01
   4.8332285e-01
   4.4178730e-01
   3.9395847e-01
   3.4612965e-01
   3.0207678e-01
   2.6809314e-01
   2.4858403e-01
   2.4606671e-01
   2.5928256e-01
   2.8760228e-01
   3.2536187e-01
   3.6752675e-01
   4.1095028e-01
   4.4870988e-01
   4.7954688e-01
   5.0031467e-01
   5.1227187e-01
   5.1290120e-01
   5.0409064e-01
   4.8961612e-01
   4.7073632e-01
   4.5059786e-01
   4.3486470e-01
   4.2479547e-01
   4.2290750e-01
   4.2794210e-01
   4.4052864e-01
   4.5940843e-01
   4.8080555e-01
   5.0471995e-01
   5.2863437e-01
   5.5191945e-01
   5.7079925e-01
   5.8527375e-01
   5.9408432e-01
   5.9408434e-01
   5.8527375e-01
   5.6891127e-01
   5.4562619e-01
   5.1982379e-01
   4.9276275e-01
   4.6821902e-01
   4.4808055e-01
   4.3360605e-01
   4.2479547e-01
   4.2164883e-01
   4.2353682e-01
   4.2857144e-01
   4.3612335e-01
   4.4430460e-01
   4.5059787e-01
   4.5248583e-01
   4.4745124e-01
   4.3549403e-01
   4.1661423e-01
   3.9395847e-01
   3.7004405e-01
   3.4864695e-01
   3.3417245e-01
   3.2913783e-01
   3.3291380e-01
   3.4675898e-01
   3.6752675e-01
   3.9332913e-01
   4.2290750e-01
   4.5311517e-01
   4.8143487e-01
   5.0723725e-01
   5.2674638e-01
   5.3996224e-01
   5.4499685e-01
   5.4310889e-01
   5.3429830e-01
   5.2045312e-01
   5.0409062e-01
   4.8646949e-01
   4.7010698e-01
   4.5437382e-01
   4.4304595e-01
   4.3360605e-01
   4.2920075e-01
   4.2983008e-01
   4.3549403e-01
   4.4745123e-01
   4.6318440e-01
   4.8332285e-01
   5.0346130e-01
   5.2297042e-01
   5.3681560e-01
   5.4562619e-01
   5.4562619e-01
   5.3870359e-01
   5.2359975e-01
   5.0157332e-01
   4.7577094e-01
   4.4745124e-01
   4.1913154e-01
   3.9458780e-01
   3.7570800e-01
   3.6500945e-01
   3.6249213e-01
   3.6626809e-01
   3.7570800e-01
   3.8766520e-01
   3.9899308e-01
   4.0906230e-01
   4.1598490e-01
   4.2227817e-01
   4.2731279e-01
   4.3171806e-01
   4.3486470e-01
   4.3675268e-01
   4.3549404e-01
   4.2983008e-01
   4.2039018e-01
   4.0843298e-01
   3.9647578e-01
   3.8703588e-01
   3.8388925e-01
   3.8955318e-01
   4.0465701e-01
   4.2731279e-01
   4.5752045e-01
   4.9087477e-01
   5.2297042e-01
   5.5003147e-01
   5.6891127e-01
   5.7520453e-01
   5.6828193e-01
   5.4814348e-01
   5.1730648e-01
   4.7954689e-01
   4.3926999e-01
   4.0151040e-01
   3.7067339e-01
   3.4927628e-01
   3.3857773e-01
   3.3794840e-01
   3.4612965e-01
   3.5997483e-01
   3.8074261e-01
   4.0465702e-01
   4.2983009e-01
   4.5626181e-01
   4.8017622e-01
   4.9905602e-01
   5.1164255e-01
   5.1415985e-01
   5.0786658e-01
   4.9402140e-01
   4.7577093e-01
   4.5689113e-01
   4.4115797e-01
   4.3234740e-01
   4.3045942e-01
   4.3612335e-01
   4.4745124e-01
   4.6192575e-01
   4.7765892e-01
   4.9213342e-01
   5.0471996e-01
   5.1415986e-01
   5.1982378e-01
   5.2171177e-01
   5.2045311e-01
   5.1793582e-01
   5.1415985e-01
   5.0912524e-01
   5.0283197e-01
   4.9716804e-01
   4.8898679e-01
   4.7954689e-01
   4.6884834e-01
   4.5814978e-01
   4.4870988e-01
   4.4304595e-01
   4.4430460e-01
   4.5311517e-01
   4.6821900e-01
   4.8709882e-01
   5.0534928e-01
   5.1982378e-01
   5.2611707e-01
   5.2045312e-01
   5.0409064e-01
   4.7577094e-01
   4.3801134e-01
   3.9395847e-01
   3.4738829e-01
   3.0207678e-01
   2.6117056e-01
   2.2844556e-01
   2.0767779e-01
   1.9886721e-01
   2.0327251e-01
   2.1963500e-01
   2.4480806e-01
   2.7438642e-01
   3.0459408e-01
   3.3102581e-01
   3.5179358e-01
   3.6312146e-01
   3.6563876e-01
   3.5997483e-01
   3.4612965e-01
   3.2662051e-01
   3.0459410e-01
   2.8256766e-01
   2.6494652e-01
   2.5613595e-01
   2.5676528e-01
   2.6998113e-01
   2.9515419e-01
   3.3039648e-01
   3.7130271e-01
   4.1220893e-01
   4.5122720e-01
   4.8206418e-01
   5.0346131e-01
   5.1353052e-01
   5.1038389e-01
   4.9590939e-01
   4.7010698e-01
   4.3549403e-01
   3.9584645e-01
   3.5368156e-01
   3.1466331e-01
   2.8445563e-01
   2.6620516e-01
   2.6179988e-01
   2.7249843e-01
   2.9578352e-01
   3.2787918e-01
   3.6375080e-01
   3.9962240e-01
   4.2983009e-01
   4.5311517e-01
   4.6633103e-01
   4.6947767e-01
   4.6255507e-01
   4.4808055e-01
   4.2920075e-01
   4.0843298e-01
   3.8955318e-01
   3.7570800e-01
   3.6815608e-01
   3.6941473e-01
   3.7633733e-01
   3.9018252e-01
   4.0654500e-01
   4.2605413e-01
   4.4745123e-01
   4.6821900e-01
   4.9024544e-01
   5.1101322e-01
   5.2926369e-01
   5.4436752e-01
   5.5191946e-01
   5.5191945e-01
   5.4373820e-01
   5.2611705e-01
   5.0094398e-01
   4.7073632e-01
   4.3801133e-01
   4.0402768e-01
   3.7256136e-01
   3.4550031e-01
   3.2473253e-01
   3.1277535e-01
   3.1088736e-01
   3.2032725e-01
   3.3920705e-01
   3.6563877e-01
   3.9584645e-01
   4.2479547e-01
   4.4619258e-01
   4.5814979e-01
   4.5689114e-01
   4.4430460e-01
   4.2416615e-01
   3.9773444e-01
   3.7256137e-01
   3.5053493e-01
   3.3668974e-01
   3.3291378e-01
   3.3920705e-01
   3.5431090e-01
   3.7570800e-01
   4.0088107e-01
   4.2479547e-01
   4.4367527e-01
   4.5500315e-01
   4.5689113e-01
   4.4933922e-01
   4.3486470e-01
   4.1598490e-01
   3.9521712e-01
   3.7570800e-01
   3.5997484e-01
   3.4864695e-01
   3.4235368e-01
   3.4109504e-01
   3.4612965e-01
   3.5745753e-01
   3.7696665e-01
   4.0339837e-01
   4.3675268e-01
   4.7388295e-01
   5.1290120e-01
   5.4814349e-01
   5.7772184e-01
   5.9911894e-01
   6.1107615e-01
   6.1422279e-01
   6.0981751e-01
   5.9974827e-01
   5.8590309e-01
   5.6954059e-01
   5.5254877e-01
   5.3618628e-01
   5.1919447e-01
   5.0220265e-01
   4.8521083e-01
   4.6884833e-01
   4.5122718e-01
   4.3360605e-01
   4.1598490e-01
   4.0088106e-01
   3.8892385e-01
   3.8137193e-01
   3.7885463e-01
   3.8074261e-01
   3.8514789e-01
   3.8892385e-01
   3.9144117e-01
   3.8892385e-01
   3.8388925e-01
   3.7570800e-01
   3.6878540e-01
   3.6500945e-01
   3.6752675e-01
   3.7633733e-01
   3.9144117e-01
   4.1220893e-01
   4.3486470e-01
   4.5752045e-01
   4.7765890e-01
   4.9276276e-01
   5.0157332e-01
   5.0409062e-01
   4.9842669e-01
   4.8646948e-01
   4.7073632e-01
   4.5122720e-01
   4.3297672e-01
   4.1787288e-01
   4.0843298e-01
   4.0717433e-01
   4.1220895e-01
   4.2353682e-01
   4.3926999e-01
   4.5689113e-01
   4.7514160e-01
   4.9087476e-01
   5.0346130e-01
   5.1227187e-01
   5.1604783e-01
   5.1353054e-01
   5.0534928e-01
   4.9087477e-01
   4.7010698e-01
   4.4556325e-01
   4.2039018e-01
   3.9521712e-01
   3.7382001e-01
   3.5808685e-01
   3.4864695e-01
   3.4550032e-01
   3.4990560e-01
   3.6060416e-01
   3.7759598e-01
   3.9836375e-01
   4.2227816e-01
   4.4493392e-01
   4.6444305e-01
   4.7891757e-01
   4.8584016e-01
   4.8584016e-01
   4.8080553e-01
   4.7451227e-01
   4.7010699e-01
   4.7136565e-01
   4.8080555e-01
   4.9905602e-01
   5.2674639e-01
   5.6073002e-01
   6.0037760e-01
   6.4065450e-01
   6.7967276e-01
   7.1302706e-01
   7.3757081e-01
   7.5141599e-01
   7.5204531e-01
   7.3945878e-01
   7.1491504e-01
   6.8281939e-01
   6.4757709e-01
   6.1296414e-01
   5.8464443e-01
   5.6513530e-01
   5.5695405e-01
   5.5821272e-01
   5.6702329e-01
   5.8149780e-01
   5.9534299e-01
   6.0604154e-01
   6.0918818e-01
   6.0163626e-01
   5.8212712e-01
   5.5066080e-01
   5.0912524e-01
   4.6003777e-01
   4.0843298e-01
   3.6060416e-01
   3.2032725e-01
   2.9137823e-01
   2.7627439e-01
   2.7312776e-01
   2.8130901e-01
   2.9641285e-01
   3.1655130e-01
   3.3668974e-01
   3.5556955e-01
   3.7004405e-01
   3.7822532e-01
   3.8011329e-01
   3.7507867e-01
   3.6563877e-01
   3.5179358e-01
   3.3731908e-01
   3.2599120e-01
   3.1969793e-01
   3.1969793e-01
   3.2724985e-01
   3.3920705e-01
   3.5305223e-01
   3.6500945e-01
   3.7319070e-01
   3.7382001e-01
   3.6689743e-01
   3.5368157e-01
   3.3668974e-01
   3.1780995e-01
   3.0018880e-01
   2.8760226e-01
   2.8067968e-01
   2.8130901e-01
   2.8760226e-01
   2.9767150e-01
   3.0711140e-01
   3.1277533e-01
   3.0899936e-01
   2.9389555e-01
   2.6557585e-01
   2.2655760e-01
   1.8187539e-01
   1.3782254e-01
   1.0006294e-01
   7.5519195e-02
   6.8596599e-02
   7.9295150e-02
   1.0572688e-01
   1.4411579e-01
   1.9005664e-01
   2.3725614e-01
   2.8130901e-01
   3.1655130e-01
   3.3983638e-01
   3.4864695e-01
   3.4298302e-01
   3.2347388e-01
   2.9263688e-01
   2.5361863e-01
   2.1145374e-01
   1.7243549e-01
   1.3782254e-01
   1.1390812e-01
   1.0069227e-01
   9.9433614e-02
   1.1076149e-01
   1.3152927e-01
   1.5984898e-01
   1.9446193e-01
   2.2970423e-01
   2.6305853e-01
   2.8886093e-01
   3.0459408e-01
   3.0774073e-01
   2.9767150e-01
   2.7627439e-01
   2.4732536e-01
   2.1397106e-01
   1.8187541e-01
   1.5355571e-01
   1.3215859e-01
   1.1957206e-01
   1.1705476e-01
   1.2208937e-01
   1.3467591e-01
   1.5166772e-01
   1.7117685e-01
   1.8942731e-01
   2.0453116e-01
   2.1145376e-01
   2.1019509e-01
   2.0012588e-01
   1.8313406e-01
   1.6236628e-01
   1.4033985e-01
   1.2020139e-01
   1.0635621e-01
   1.0006294e-01
   1.0195093e-01
   1.1139082e-01
   1.2775331e-01
   1.4915041e-01
   1.7495280e-01
   2.0264318e-01
   2.2907489e-01
   2.5361863e-01
   2.7438641e-01
   2.9011958e-01
   3.0081813e-01
   3.0774071e-01
   3.1340467e-01
   3.1780995e-01
   3.2347390e-01
   3.3039648e-01
   3.3857773e-01
   3.4612965e-01
   3.5368157e-01
   3.6060416e-01
   3.6563877e-01
   3.7067338e-01
   3.7570800e-01
   3.8011328e-01
   3.8451856e-01
   3.8892385e-01
   3.9269982e-01
   3.9458780e-01
   3.9584645e-01
   3.9773444e-01
   4.0025174e-01
   4.0402770e-01
   4.0969163e-01
   4.1409692e-01
   4.1661423e-01
   4.1535557e-01
   4.0843299e-01
   3.9584645e-01
   3.7822530e-01
   3.5745753e-01
   3.3668975e-01
   3.1843926e-01
   3.0522342e-01
   2.9955948e-01
   3.0270611e-01
   3.1655130e-01
   3.3920705e-01
   3.6815608e-01
   4.0088106e-01
   4.3234740e-01
   4.5752045e-01
   4.7262430e-01
   4.7388295e-01
   4.6318440e-01
   4.4052864e-01
   4.1032096e-01
   3.7885463e-01
   3.4927628e-01
   3.2850850e-01
   3.1906860e-01
   3.2221523e-01
   3.4046571e-01
   3.7004405e-01
   4.1157962e-01
   4.6066709e-01
   5.1290120e-01
   5.6450599e-01
   6.0981749e-01
   6.4505978e-01
   6.6708622e-01
   6.7526747e-01
   6.7086219e-01
   6.5701701e-01
   6.3750787e-01
   6.1674009e-01
   5.9723097e-01
   5.8275645e-01
   5.7331655e-01
   5.7079925e-01
   5.7520454e-01
   5.8527376e-01
   5.9911894e-01
   6.1674009e-01
   6.3561989e-01
   6.5198239e-01
   6.6331026e-01
   6.6708622e-01
   6.6268094e-01
   6.4820642e-01
   6.2806797e-01
   6.0478288e-01
   5.8023916e-01
   5.5884204e-01
   5.4436752e-01
   5.3744494e-01
   5.4059157e-01
   5.5317811e-01
   5.7520453e-01
   6.0415356e-01
   6.3624922e-01
   6.6960352e-01
   6.9855254e-01
   7.1932033e-01
   7.3064821e-01
   7.3064821e-01
   7.2120831e-01
   7.0610447e-01
   6.8722467e-01
   6.6897419e-01
   6.5387036e-01
   6.4380114e-01
   6.3939584e-01
   6.3939584e-01
   6.4254247e-01
   6.4568912e-01
   6.4883574e-01
   6.4820643e-01
   6.4380114e-01
   6.3436124e-01
   6.2114539e-01
   6.0415356e-01
   5.8653242e-01
   5.7016992e-01
   5.5758339e-01
   5.5066080e-01
   5.4940214e-01
   5.5191946e-01
   5.5632473e-01
   5.6010069e-01
   5.6135935e-01
   5.5821272e-01
   5.5254877e-01
   5.4562618e-01
   5.4059158e-01
   5.4059157e-01
   5.4625552e-01
   5.5884204e-01
   5.7772184e-01
   6.0163626e-01
   6.2680932e-01
   6.5198239e-01
   6.7400881e-01
   6.9100064e-01
   7.0044053e-01
   6.9792322e-01
   6.8533669e-01
   6.6142227e-01
   6.2806798e-01
   5.8842039e-01
   5.4814349e-01
   5.1164255e-01
   4.8269352e-01
   4.6696037e-01
   4.6444305e-01
   4.7577093e-01
   5.0094400e-01
   5.3681560e-01
   5.7898049e-01
   6.2366269e-01
   6.6582757e-01
   7.0106986e-01
   7.2561359e-01
   7.3505350e-01
   7.3127754e-01
   7.1365639e-01
   6.8659534e-01
   6.5512901e-01
   6.2492133e-01
   6.0037760e-01
   5.8527376e-01
   5.8149780e-01
   5.8842039e-01
   6.0667087e-01
   6.3310259e-01
   6.6582757e-01
   7.0106986e-01
   7.3505349e-01
   7.6400251e-01
   7.8477030e-01
   7.9483953e-01
   7.9232223e-01
   7.7847703e-01
   7.5456261e-01
   7.2498427e-01
   6.9351794e-01
   6.6331026e-01
   6.3813721e-01
   6.1925741e-01
   6.0855884e-01
   6.0604154e-01
   6.0981749e-01
   6.2114539e-01
   6.3624922e-01
   6.5387036e-01
   6.7337949e-01
   6.8974198e-01
   7.0106986e-01
   7.0547515e-01
   6.9981121e-01
   6.8596602e-01
   6.6519824e-01
   6.3813719e-01
   6.0918818e-01
   5.8149780e-01
   5.5821272e-01
   5.4247955e-01
   5.3681560e-01
   5.4373820e-01
   5.6198867e-01
   5.9030837e-01
   6.2555067e-01
   6.6268094e-01
   6.9666457e-01
   7.2183764e-01
   7.3379484e-01
   7.3190686e-01
   7.1617371e-01
   6.9037131e-01
   6.6016363e-01
   6.3121461e-01
   6.0792952e-01
   5.9345500e-01
   5.8904972e-01
   5.9471366e-01
   6.0792952e-01
   6.2617999e-01
   6.4505979e-01
   6.6393959e-01
   6.7904343e-01
   6.8911266e-01
   6.9351794e-01
   6.9225929e-01
   6.8659534e-01
   6.7778477e-01
   6.6771554e-01
   6.5764632e-01
   6.4820642e-01
   6.3876653e-01
   6.2932663e-01
   6.1925741e-01
   6.0792952e-01
   5.9534299e-01
   5.8149780e-01
   5.6891127e-01
   5.5821272e-01
   5.4814349e-01
   5.4122090e-01
   5.3618628e-01
   5.3303965e-01
   5.3115167e-01
   5.3178100e-01
   5.3429830e-01
   5.4059157e-01
   5.4877282e-01
   5.5821272e-01
   5.6702329e-01
   5.7142857e-01
   5.7016993e-01
   5.6261800e-01
   5.4814349e-01
   5.2800503e-01
   5.0597860e-01
   4.8395217e-01
   4.6381372e-01
   4.4870988e-01
   4.3926999e-01
   4.3738200e-01
   4.4241662e-01
   4.5311517e-01
   4.7010699e-01
   4.8835747e-01
   5.0660794e-01
   5.2108245e-01
   5.2800504e-01
   5.2422909e-01
   5.0912524e-01
   4.8332285e-01
   4.4996853e-01
   4.1220893e-01
   3.7319070e-01
   3.3857773e-01
   3.1151668e-01
   2.9326621e-01
   2.8697294e-01
   2.9137823e-01
   3.0774071e-01
   3.3354312e-01
   3.6626809e-01
   4.0088107e-01
   4.3234740e-01
   4.5563248e-01
   4.6758968e-01
   4.6570170e-01
   4.4996853e-01
   4.2416615e-01
   3.9144117e-01
   3.5682820e-01
   3.2662053e-01
   3.0333545e-01
   2.9011958e-01
   2.8949025e-01
   2.9955948e-01
   3.1906860e-01
   3.4424167e-01
   3.7130271e-01
   3.9521711e-01
   4.1220893e-01
   4.1850220e-01
   4.1535557e-01
   4.0151040e-01
   3.8263060e-01
   3.6060416e-01
   3.4172437e-01
   3.2850849e-01
   3.2347390e-01
   3.2724985e-01
   3.3920705e-01
   3.5808685e-01
   3.8137193e-01
   4.0654500e-01
   4.3297672e-01
   4.5814979e-01
   4.8206420e-01
   5.0094400e-01
   5.1478919e-01
   5.2108245e-01
   5.2045312e-01
   5.1353052e-01
   5.0220265e-01
   4.8772814e-01
   4.7262430e-01
   4.5814979e-01
   4.4619259e-01
   4.3549403e-01
   4.2857143e-01
   4.2416615e-01
   4.2227817e-01
   4.2353682e-01
   4.2731278e-01
   4.3297672e-01
   4.3926998e-01
   4.4619258e-01
   4.5248583e-01
   4.5752045e-01
   4.6129642e-01
   4.6507237e-01
   4.6758968e-01
   4.7010698e-01
   4.7136565e-01
   4.7199497e-01
   4.7010698e-01
   4.6507237e-01
   4.5877910e-01
   4.5059787e-01
   4.4367527e-01
   4.3926998e-01
   4.3801134e-01
   4.4178730e-01
   4.4996853e-01
   4.6255507e-01
   4.7954689e-01
   4.9968534e-01
   5.2297042e-01
   5.5003148e-01
   5.7835117e-01
   6.0667087e-01
   6.3247326e-01
   6.5387036e-01
   6.6708622e-01
   6.7212084e-01
   6.6708622e-01
   6.5449969e-01
   6.3499056e-01
   6.1296414e-01
   5.8904972e-01
   5.6765262e-01
   5.5191945e-01
   5.4247955e-01
   5.4247955e-01
   5.5191946e-01
   5.7079925e-01
   5.9534299e-01
   6.2240404e-01
   6.4631844e-01
   6.6205160e-01
   6.6582757e-01
   6.5512901e-01
   6.2932663e-01
   5.9219635e-01
   5.4751417e-01
   4.9968534e-01
   4.5437382e-01
   4.1724355e-01
   3.9018251e-01
   3.7759598e-01
   3.7948397e-01
   3.9458780e-01
   4.2039018e-01
   4.5185652e-01
   4.8332285e-01
   5.0975457e-01
   5.2485841e-01
   5.2548773e-01
   5.1227187e-01
   4.8521084e-01
   4.5185652e-01
   4.1724355e-01
   3.8829454e-01
   3.7004405e-01
   3.6563877e-01
   3.7507867e-01
   3.9773443e-01
   4.2920077e-01
   4.6633103e-01
   5.0283197e-01
   5.3429830e-01
   5.5695407e-01
   5.6765262e-01
   5.6450599e-01
   5.4688483e-01
   5.1730649e-01
   4.7765890e-01
   4.3171807e-01
   3.8577723e-01
   3.4298301e-01
   3.0711140e-01
   2.8193833e-01
   2.6809315e-01
   2.6746381e-01
   2.7627439e-01
   2.9452486e-01
   3.1718063e-01
   3.4172437e-01
   3.6060416e-01
   3.7130272e-01
   3.6941473e-01
   3.5494021e-01
   3.2662053e-01
   2.8949025e-01
   2.4795470e-01
   2.0767780e-01
   1.7369416e-01
   1.4977974e-01
   1.3719321e-01
   1.3593456e-01
   1.4537446e-01
   1.6173694e-01
   1.8313406e-01
   2.0830713e-01
   2.3285086e-01
   2.5613594e-01
   2.7690371e-01
   2.9326622e-01
   3.0585275e-01
   3.1466331e-01
   3.2158591e-01
   3.2662053e-01
   3.3228446e-01
   3.3857773e-01
   3.4612965e-01
   3.5368157e-01
   3.5871618e-01
   3.6060416e-01
   3.5745753e-01
   3.5053493e-01
   3.3857773e-01
   3.2284456e-01
   3.0522341e-01
   2.8508497e-01
   2.6557585e-01
   2.4732536e-01
   2.3222153e-01
   2.2215231e-01
   2.1774701e-01
   2.2089365e-01
   2.2907490e-01
   2.4040277e-01
   2.5173066e-01
   2.5928256e-01
   2.5928258e-01
   2.5047200e-01
   2.3285086e-01
   2.0956578e-01
   1.8313406e-01
   1.5859031e-01
   1.3971051e-01
   1.2838264e-01
   1.2775331e-01
   1.3719321e-01
   1.5607301e-01
   1.8250473e-01
   2.1397106e-01
   2.4732536e-01
   2.7942103e-01
   3.0648208e-01
   3.2599120e-01
   3.3480177e-01
   3.3417245e-01
   3.2347388e-01
   3.0711140e-01
   2.8823160e-01
   2.6998113e-01
   2.5676528e-01
   2.5235998e-01
   2.5802393e-01
   2.7501575e-01
   3.0207680e-01
   3.3983638e-01
   3.8325992e-01
   4.2857144e-01
   4.7010699e-01
   5.0283197e-01
   5.2297042e-01
   5.2674639e-01
   5.1353052e-01
   4.8709880e-01
   4.4996854e-01
   4.0906230e-01
   3.7004407e-01
   3.3668975e-01
   3.1340466e-01
   3.0207678e-01
   3.0270611e-01
   3.1529264e-01
   3.3668975e-01
   3.6438011e-01
   3.9521712e-01
   4.2542480e-01
   4.5059787e-01
   4.6696035e-01
   4.7199497e-01
   4.6570170e-01
   4.4870988e-01
   4.2290750e-01
   3.9395847e-01
   3.6500945e-01
   3.4109503e-01
   3.2536187e-01
   3.1906860e-01
   3.2347390e-01
   3.3668975e-01
   3.5745753e-01
   3.8263060e-01
   4.0843298e-01
   4.3234740e-01
   4.4933920e-01
   4.5814978e-01
   4.5814978e-01
   4.5059787e-01
   4.3864065e-01
   4.2605413e-01
   4.1661423e-01
   4.1409692e-01
   4.2101952e-01
   4.3612335e-01
   4.5626180e-01
   4.8080555e-01
   5.0534928e-01
   5.2737572e-01
   5.4436752e-01
   5.5506608e-01
   5.5884204e-01
   5.5632474e-01
   5.4877282e-01
   5.3681562e-01
   5.2297044e-01
   5.0723725e-01
   4.9150410e-01
   4.7640025e-01
   4.6066709e-01
   4.4367527e-01
   4.2290750e-01
   3.9710510e-01
   3.6689743e-01
   3.3291378e-01
   2.9893015e-01
   2.6746383e-01
   2.4292008e-01
   2.2844558e-01
   2.2466961e-01
   2.3159221e-01
   2.4795470e-01
   2.7123978e-01
   2.9830083e-01
   3.2599119e-01
   3.5305223e-01
   3.7696665e-01
   3.9647578e-01
   4.0969163e-01
   4.1598490e-01
   4.1409692e-01
   4.0528635e-01
   3.8955318e-01
   3.6878540e-01
   3.4361235e-01
   3.1592197e-01
   2.8760226e-01
   2.5865325e-01
   2.3348018e-01
   2.1460038e-01
   2.0390183e-01
   2.0453116e-01
   2.1774703e-01
   2.4417875e-01
   2.7942101e-01
   3.1906860e-01
   3.5682820e-01
   3.8577723e-01
   4.0151040e-01
   3.9962240e-01
   3.8137195e-01
   3.4801763e-01
   3.0459408e-01
   2.5676526e-01
   2.1208308e-01
   1.7558213e-01
   1.5166772e-01
   1.4222783e-01
   1.4977974e-01
   1.6991819e-01
   1.9949654e-01
   2.3222152e-01
   2.6054123e-01
   2.7816236e-01
   2.8130901e-01
   2.6620516e-01
   2.3599749e-01
   1.9320328e-01
   1.4537446e-01
   9.8174962e-02
   5.8527374e-02
   3.0837001e-02
   1.8879813e-02
   2.2026441e-02
   3.9018249e-02
   6.6708635e-02
   1.0006294e-01
   1.3341726e-01
   1.6173696e-01
   1.8061675e-01
   1.8628069e-01
   1.7872876e-01
   1.5921964e-01
   1.3027063e-01
   9.6916311e-02
   6.4820658e-02
   3.7130286e-02
   1.6362510e-02
   4.4052937e-03
   0.0000000e+00
   2.5173028e-03
   1.1957216e-02
   2.4543744e-02
   4.2794217e-02
   6.2303342e-02
   8.4959109e-02
   1.0698554e-01
   1.2649466e-01
   1.4285716e-01
   1.5355569e-01
   1.5796099e-01
   1.5607301e-01
   1.4977974e-01
   1.4033984e-01
   1.3215861e-01
   1.2586533e-01
   1.2460668e-01
   1.2964130e-01
   1.4159849e-01
   1.6110762e-01
   1.8691001e-01
   2.1774701e-01
   2.5110133e-01
   2.8382631e-01
   3.1340467e-01
   3.3731906e-01
   3.5431090e-01
   3.6438011e-01
   3.6689743e-01
   3.6312147e-01
   3.5179358e-01
   3.3668975e-01
   3.1718061e-01
   2.9515419e-01
   2.7249843e-01
   2.5173066e-01
   2.3725614e-01
   2.3033354e-01
   2.3473883e-01
   2.4858403e-01
   2.7186911e-01
   2.9955948e-01
   3.2850850e-01
   3.5431088e-01
   3.7256137e-01
   3.8200127e-01
   3.8137195e-01
   3.7256136e-01
   3.5368156e-01
   3.2850850e-01
   2.9893015e-01
   2.6620516e-01
   2.3410951e-01
   2.0516048e-01
   1.8313404e-01
   1.7054752e-01
   1.6740090e-01
   1.7495281e-01
   1.9005664e-01
   2.1019509e-01
   2.3410951e-01
   2.5739459e-01
   2.7942103e-01
   2.9893014e-01
   3.1466331e-01
   3.2787918e-01
   3.3731908e-01
   3.4361235e-01
   3.4738830e-01
   3.4738830e-01
   3.4612964e-01
   3.4361235e-01
   3.4109503e-01
   3.3983638e-01
   3.3920705e-01
   3.4109504e-01
   3.4612965e-01
   3.5368157e-01
   3.6563877e-01
   3.8137195e-01
   4.0213971e-01
   4.2542480e-01
   4.5059787e-01
   4.7388295e-01
   4.9276275e-01
   5.0471995e-01
   5.0912523e-01
   5.0534929e-01
   4.9653870e-01
   4.8458150e-01
   4.7325362e-01
   4.6507237e-01
   4.6129642e-01
   4.6381372e-01
   4.7199497e-01
   4.8458150e-01
   5.0094400e-01
   5.1793582e-01
   5.3241032e-01
   5.4373820e-01
   5.4688483e-01
   5.4185024e-01
   5.2863437e-01
   5.0912524e-01
   4.8584015e-01
   4.6381372e-01
   4.4808057e-01
   4.4178730e-01
   4.4556325e-01
   4.6066709e-01
   4.8332285e-01
   5.1164255e-01
   5.4185022e-01
   5.7142857e-01
   5.9786029e-01
   6.1988673e-01
   6.3687854e-01
   6.4883576e-01
   6.5512901e-01
   6.5512901e-01
   6.5135306e-01
   6.4191315e-01
   6.2869729e-01
   6.1296412e-01
   5.9534299e-01
   5.7898049e-01
   5.6324734e-01
   5.5129012e-01
   5.4436754e-01
   5.4310889e-01
   5.4940213e-01
   5.6198867e-01
   5.7898049e-01
   5.9911894e-01
   6.1799874e-01
   6.3247326e-01
   6.4065451e-01
   6.3939586e-01
   6.2932662e-01
   6.1170549e-01
   5.8967904e-01
   5.6450599e-01
   5.3870359e-01
   5.1478917e-01
   4.9402140e-01
   4.7702959e-01
   4.6633103e-01
   4.6129642e-01
   4.6381372e-01
   4.7262430e-01
   4.8835747e-01
   5.0849592e-01
   5.3052235e-01
   5.5254879e-01
   5.7331656e-01
   5.9093770e-01
   6.0541220e-01
   6.1736942e-01
   6.2680932e-01
   6.3436124e-01
   6.3939586e-01
   6.4065451e-01
   6.3939584e-01
   6.3247326e-01
   6.2303336e-01
   6.1233480e-01
   6.0163625e-01
   5.9345501e-01
   5.8967904e-01
   5.9156704e-01
   6.0037760e-01
   6.1485210e-01
   6.3436124e-01
   6.5890497e-01
   6.8470736e-01
   7.1050975e-01
   7.3190686e-01
   7.4575204e-01
   7.5015733e-01
   7.4323474e-01
   7.2498428e-01
   6.9792323e-01
   6.6519824e-01
   6.3184394e-01
   6.0226559e-01
   5.7960982e-01
   5.6702329e-01
   5.6513531e-01
   5.7394589e-01
   5.9156704e-01
   6.1611077e-01
   6.4568912e-01
   6.7526747e-01
   7.0232851e-01
   7.2183764e-01
   7.3316551e-01
   7.3190686e-01
   7.2057899e-01
   6.9981121e-01
   6.7400881e-01
   6.4568912e-01
   6.1862807e-01
   5.9534299e-01
   5.7835117e-01
   5.6828194e-01
   5.6639397e-01
   5.7079925e-01
   5.8212714e-01
   5.9974827e-01
   6.2303335e-01
   6.4946507e-01
   6.7778478e-01
   7.0421649e-01
   7.2498427e-01
   7.3882944e-01
   7.4386406e-01
   7.4071744e-01
   7.3001888e-01
   7.1365639e-01
   6.9540592e-01
   6.7715544e-01
   6.6016363e-01
   6.4694777e-01
   6.3813721e-01
   6.3499056e-01
   6.3687854e-01
   6.4317181e-01
   6.5198237e-01
   6.6205161e-01
   6.6960352e-01
   6.7337949e-01
   6.7337949e-01
   6.6834487e-01
   6.5890498e-01
   6.4505979e-01
   6.2932662e-01
   6.1044682e-01
   5.8967904e-01
   5.6702329e-01
   5.4436754e-01
   5.2359975e-01
   5.0597860e-01
   4.9276275e-01
   4.8646948e-01
   4.8646948e-01
   4.9150410e-01
   5.0031466e-01
   5.1164255e-01
   5.2297042e-01
   5.3366897e-01
   5.4310889e-01
   5.5254877e-01
   5.6073002e-01
   5.6954059e-01
   5.7835117e-01
   5.8590309e-01
   5.8967906e-01
   5.8842039e-01
   5.8149780e-01
   5.6828194e-01
   5.4877282e-01
   5.2422909e-01
   4.9590939e-01
   4.6633104e-01
   4.3801133e-01
   4.1535557e-01
   4.0213972e-01
   3.9899309e-01
   4.0906232e-01
   4.3045942e-01
   4.6003777e-01
   4.9339207e-01
   5.2359975e-01
   5.4562619e-01
   5.5380742e-01
   5.4751417e-01
   5.2674639e-01
   4.9276275e-01
   4.5122718e-01
   4.0717433e-01
   3.6563876e-01
   3.3039649e-01
   3.0711140e-01
   2.9641284e-01
   3.0018880e-01
   3.1655130e-01
   3.4235368e-01
   3.7444935e-01
   4.0654500e-01
   4.3486470e-01
   4.5500316e-01
   4.6381372e-01
   4.6255507e-01
   4.5185652e-01
   4.3423537e-01
   4.1409692e-01
   3.9332915e-01
   3.7444935e-01
   3.5997483e-01
   3.5179360e-01
   3.5053493e-01
   3.5934550e-01
   3.7633731e-01
   4.0213971e-01
   4.3108875e-01
   4.6255507e-01
   4.8961611e-01
   5.0975457e-01
   5.1919447e-01
   5.1541850e-01
   5.0031467e-01
   4.7577093e-01
   4.4619258e-01
   4.1535557e-01
   3.8766520e-01
   3.6563877e-01
   3.5242291e-01
   3.4738830e-01
   3.5116426e-01
   3.5997483e-01
   3.7256137e-01
   3.8514790e-01
   3.9269981e-01
   3.9332915e-01
   3.8640655e-01
   3.7130271e-01
   3.5053493e-01
   3.2724985e-01
   3.0522341e-01
   2.8697295e-01
   2.7438641e-01
   2.6746381e-01
   2.6683449e-01
   2.6998113e-01
   2.7816238e-01
   2.8823159e-01
   3.0270612e-01
   3.1969793e-01
   3.3983638e-01
   3.5997483e-01
   3.8011328e-01
   3.9773443e-01
   4.0969164e-01
   4.1661423e-01
   4.1724355e-01
   4.1283827e-01
   4.0465702e-01
   3.9521712e-01
   3.8451856e-01
   3.7696664e-01
   3.7130271e-01
   3.6941473e-01
   3.7130271e-01
   3.7633733e-01
   3.8388925e-01
   3.9269982e-01
   4.0213972e-01
   4.1032097e-01
   4.1724355e-01
   4.2164885e-01
   4.2542480e-01
   4.2731278e-01
   4.2605413e-01
   4.1976087e-01
   4.0717433e-01
   3.8451857e-01
   3.5242292e-01
   3.1025803e-01
   2.6117056e-01
   2.1208308e-01
   1.6740089e-01
   1.3467591e-01
   1.1894274e-01
   1.2208938e-01
   1.4411581e-01
   1.8187541e-01
   2.3033355e-01
   2.8319698e-01
   3.3606043e-01
   3.8388923e-01
   4.2353681e-01
   4.5248585e-01
   4.7010699e-01
   4.7577093e-01
   4.7136563e-01
   4.5877912e-01
   4.3926998e-01
   4.1787289e-01
   3.9521712e-01
   3.7570800e-01
   3.6123349e-01
   3.5368156e-01
   3.5368157e-01
   3.6186281e-01
   3.7948397e-01
   4.0591568e-01
   4.3989931e-01
   4.7954688e-01
   5.1982379e-01
   5.5632474e-01
   5.8464444e-01
   6.0037760e-01
   6.0100692e-01
   5.8653242e-01
   5.6010069e-01
   5.2611705e-01
   4.8898679e-01
   4.5437382e-01
   4.2731278e-01
   4.1095029e-01
   4.0654500e-01
   4.1472625e-01
   4.3234738e-01
   4.5752045e-01
   4.8521083e-01
   5.1101322e-01
   5.2926369e-01
   5.3807427e-01
   5.3492763e-01
   5.2108245e-01
   4.9779735e-01
   4.7073632e-01
   4.4367527e-01
   4.2039018e-01
   4.0465702e-01
   3.9710510e-01
   3.9836375e-01
   4.0528635e-01
   4.1724355e-01
   4.3297672e-01
   4.4870988e-01
   4.6507237e-01
   4.7891757e-01
   4.9024544e-01
   4.9968534e-01
   5.0534928e-01
   5.0912523e-01
   5.1227187e-01
   5.1478917e-01
   5.1982379e-01
   5.2737570e-01
   5.3744494e-01
   5.4940214e-01
   5.6324734e-01
   5.7709250e-01
   5.9219635e-01
   6.0730019e-01
   6.2366269e-01
   6.4065450e-01
   6.5764632e-01
   6.7337949e-01
   6.8596602e-01
   6.9351794e-01
   6.9540593e-01
   6.8911266e-01
   6.7652612e-01
   6.5764633e-01
   6.3436124e-01
   6.0667087e-01
   5.7709252e-01
   5.4625552e-01
   5.1604783e-01
   4.8835745e-01
   4.6381372e-01
   4.4430460e-01
   4.3108875e-01
   4.2290750e-01
   4.2101951e-01
   4.2353682e-01
   4.2920077e-01
   4.3864065e-01
   4.4996854e-01
   4.6444305e-01
   4.8017622e-01
   4.9590939e-01
   5.1038389e-01
   5.2045312e-01
   5.2485841e-01
   5.2171177e-01
   5.1164255e-01
   4.9653872e-01
   4.8080555e-01
   4.6758968e-01
   4.6003777e-01
   4.6129642e-01
   4.7199497e-01
   4.9150410e-01
   5.1730648e-01
   5.4751417e-01
   5.7835117e-01
   6.0667087e-01
   6.2932663e-01
   6.4254247e-01
   6.4443046e-01
   6.3499055e-01
   6.1233480e-01
   5.7960982e-01
   5.4122090e-01
   5.0031466e-01
   4.6381372e-01
   4.3549403e-01
   4.1913153e-01
   4.1661423e-01
   4.2857144e-01
   4.5122720e-01
   4.8332285e-01
   5.2045312e-01
   5.5569541e-01
   5.8653242e-01
   6.0792952e-01
   6.1485210e-01
   6.0792952e-01
   5.8779107e-01
   5.5695407e-01
   5.2045312e-01
   4.8458151e-01
   4.5311516e-01
   4.3171806e-01
   4.2101952e-01
   4.1913154e-01
   4.2668345e-01
   4.3989931e-01
   4.5563248e-01
   4.7388295e-01
   4.9339207e-01
   5.1415986e-01
   5.3618628e-01
   5.5947137e-01
   5.8275645e-01
   6.0478289e-01
   6.2303336e-01
   6.3687854e-01
   6.4631844e-01
   6.5072373e-01
   6.5135306e-01
   6.4883576e-01
   6.4568912e-01
   6.4380112e-01
   6.4443046e-01
   6.4757709e-01
   6.5387036e-01
   6.6142227e-01
   6.6897421e-01
   6.7212084e-01
   6.6708622e-01
   6.5387036e-01
   6.2995595e-01
   5.9848962e-01
   5.6135935e-01
   5.2359975e-01
   4.8898679e-01
   4.6129641e-01
   4.4115796e-01
   4.2794210e-01
   4.1850220e-01
   4.1157961e-01
   4.0213972e-01
   3.9081183e-01
   3.7696665e-01
   3.6312147e-01
   3.5116426e-01
   3.4361235e-01
   3.4298301e-01
   3.4927628e-01
   3.6312147e-01
   3.8200126e-01
   4.0213972e-01
   4.2164885e-01
   4.3549403e-01
   4.4115797e-01
   4.3612335e-01
   4.1976087e-01
   3.9458780e-01
   3.6500944e-01
   3.3480177e-01
   3.0962870e-01
   2.9326621e-01
   2.8697295e-01
   2.9263688e-01
   3.0774071e-01
   3.2913783e-01
   3.5368156e-01
   3.8074261e-01
   4.0717434e-01
   4.3171807e-01
   4.5437382e-01
   4.7325362e-01
   4.8646948e-01
   4.9402140e-01
   4.9465074e-01
   4.8772813e-01
   4.7388295e-01
   4.5563249e-01
   4.3549403e-01
   4.1535557e-01
   3.9962240e-01
   3.8955318e-01
   3.8640655e-01
   3.9144116e-01
   4.0528635e-01
   4.2668345e-01
   4.5500315e-01
   4.8709880e-01
   5.2108245e-01
   5.5254877e-01
   5.7835117e-01
   5.9597232e-01
   6.0226557e-01
   5.9723097e-01
   5.8338579e-01
   5.6261801e-01
   5.3807427e-01
   5.1415986e-01
   4.9276275e-01
   4.7828824e-01
   4.7073632e-01
   4.7199497e-01
   4.8206420e-01
   4.9779737e-01
   5.1730649e-01
   5.3681562e-01
   5.5129012e-01
   5.5884204e-01
   5.5632473e-01
   5.4373820e-01
   5.2297042e-01
   4.9716803e-01
   4.6947767e-01
   4.4493392e-01
   4.2542480e-01
   4.1346760e-01
   4.0780365e-01
   4.0969163e-01
   4.1724355e-01
   4.2983009e-01
   4.4619258e-01
   4.6444305e-01
   4.8395217e-01
   5.0094400e-01
   5.1541851e-01
   5.2485840e-01
   5.2926368e-01
   5.2926369e-01
   5.2548774e-01
   5.1856514e-01
   5.1101322e-01
   5.0283197e-01
   4.9276275e-01
   4.8269352e-01
   4.7073632e-01
   4.5877910e-01
   4.4808055e-01
   4.4052864e-01
   4.3738200e-01
   4.4115797e-01
   4.5248583e-01
   4.7010698e-01
   4.9339207e-01
   5.1919447e-01
   5.4562618e-01
   5.6891127e-01
   5.8904972e-01
   6.0226559e-01
   6.0981749e-01
   6.1044683e-01
   6.0415355e-01
   5.9219635e-01
   5.7772184e-01
   5.6198867e-01
   5.4625550e-01
   5.3366897e-01
   5.2485840e-01
   5.1982379e-01
   5.1793582e-01
   5.1919447e-01
   5.2297042e-01
   5.2863437e-01
   5.3555695e-01
   5.4185024e-01
   5.4688484e-01
   5.4877282e-01
   5.4373820e-01
   5.3115167e-01
   5.1101322e-01
   4.8332285e-01
   4.5311517e-01
   4.2290750e-01
   3.9773444e-01
   3.8325992e-01
   3.8011329e-01
   3.9018251e-01
   4.1283827e-01
   4.4556325e-01
   4.8646948e-01
   5.2989302e-01
   5.7205790e-01
   6.0730019e-01
   6.3310259e-01
   6.4254249e-01
   6.3499056e-01
   6.1044683e-01
   5.7205791e-01
   5.2359975e-01
   4.7388295e-01
   4.2794210e-01
   3.9332915e-01
   3.7319070e-01
   3.6878540e-01
   3.8011328e-01
   4.0339836e-01
   4.3486470e-01
   4.6947767e-01
   5.0409064e-01
   5.3178100e-01
   5.5003147e-01
   5.5569541e-01
   5.4814349e-01
   5.2863437e-01
   4.9779737e-01
   4.6066708e-01
   4.2290750e-01
   3.8955318e-01
   3.6626809e-01
   3.5431088e-01
   3.5556955e-01
   3.6941473e-01
   3.9395847e-01
   4.2479547e-01
   4.5752045e-01
   4.8961612e-01
   5.1604784e-01
   5.3429830e-01
   5.4310887e-01
   5.4059157e-01
   5.2800504e-01
   5.0786659e-01
   4.8143487e-01
   4.5248585e-01
   4.2479547e-01
   4.0088106e-01
   3.8011329e-01
   3.6563876e-01
   3.5619888e-01
   3.5242292e-01
   3.5431088e-01
   3.6186281e-01
   3.7319070e-01
   3.8892387e-01
   4.0528635e-01
   4.2039019e-01
   4.3171806e-01
   4.3738200e-01
   4.3612335e-01
   4.2794210e-01
   4.1598490e-01
   4.0151040e-01
   3.8703588e-01
   3.7444935e-01
   3.6438011e-01
   3.5745753e-01
   3.5242291e-01
   3.4990560e-01
   3.4990560e-01
   3.5305225e-01
   3.5934550e-01
   3.6752675e-01
   3.7696665e-01
   3.8577723e-01
   3.9207050e-01
   3.9584645e-01
   3.9458779e-01
   3.8892385e-01
   3.8137195e-01
   3.7256137e-01
   3.6312147e-01
   3.5619888e-01
   3.4990560e-01
   3.4864695e-01
   3.4927628e-01
   3.5368156e-01
   3.5997483e-01
   3.6878540e-01
   3.7885463e-01
   3.8829453e-01
   3.9710510e-01
   4.0465702e-01
   4.1095029e-01
   4.1724355e-01
   4.2353681e-01
   4.3108875e-01
   4.3738200e-01
   4.4367527e-01
   4.4682190e-01
   4.4493392e-01
   4.3801133e-01
   4.2605413e-01
   4.1032096e-01
   3.9332915e-01
   3.7759598e-01
   3.6500945e-01
   3.5808685e-01
   3.5682820e-01
   3.6060416e-01
   3.6941474e-01
   3.8451857e-01
   4.0465702e-01
   4.3108875e-01
   4.6192575e-01
   4.9653872e-01
   5.3115167e-01
   5.6324732e-01
   5.8842039e-01
   6.0415355e-01
   6.0730019e-01
   5.9786029e-01
   5.7772184e-01
   5.4940214e-01
   5.1793580e-01
   4.8646948e-01
   4.5940844e-01
   4.4115797e-01
   4.3423537e-01
   4.3926999e-01
   4.5626180e-01
   4.8143487e-01
   5.1101322e-01
   5.3996224e-01
   5.6324732e-01
   5.7709252e-01
   5.8086847e-01
   5.7457520e-01
   5.6073002e-01
   5.4247955e-01
   5.2422909e-01
   5.0912523e-01
   4.9905602e-01
   4.9653870e-01
   5.0157332e-01
   5.1353052e-01
   5.3115167e-01
   5.5254877e-01
   5.7520453e-01
   5.9786029e-01
   6.1548144e-01
   6.2680932e-01
   6.2869729e-01
   6.2177471e-01
   6.0604154e-01
   5.8527376e-01
   5.6261801e-01
   5.3996224e-01
   5.2045312e-01
   5.0660794e-01
   4.9842669e-01
   4.9590939e-01
   4.9968533e-01
   5.0912523e-01
   5.2422907e-01
   5.4436754e-01
   5.6702329e-01
   5.9219636e-01
   6.1674009e-01
   6.3876652e-01
   6.5575834e-01
   6.6708622e-01
   6.7149150e-01
   6.6960353e-01
   6.6205160e-01
   6.4946508e-01
   6.3373191e-01
   6.1611077e-01
   5.9786029e-01
   5.8338577e-01
   5.7331655e-01
   5.6891127e-01
   5.7142857e-01
   5.7960982e-01
   5.9345501e-01
   6.0855884e-01
   6.2492134e-01
   6.4002517e-01
   6.5324104e-01
   6.6393959e-01
   6.7337949e-01
   6.8219006e-01
   6.8974197e-01
   6.9603524e-01
   6.9918188e-01
   6.9855256e-01
   6.9414728e-01
   6.8596603e-01
   6.7463814e-01
   6.6142227e-01
   6.4883574e-01
   6.3561989e-01
   6.2366269e-01
   6.1296414e-01
   6.0415355e-01
   5.9534299e-01
   5.8716174e-01
   5.8023915e-01
   5.7331656e-01
   5.6450599e-01
   5.5443675e-01
   5.4247955e-01
   5.2800504e-01
   5.1227187e-01
   4.9716803e-01
   4.8458151e-01
   4.7514160e-01
   4.7199497e-01
   4.7325362e-01
   4.7891757e-01
   4.8835747e-01
   5.0031467e-01
   5.1415985e-01
   5.2863435e-01
   5.4247955e-01
   5.5506608e-01
   5.6387666e-01
   5.6639397e-01
   5.6324734e-01
   5.5191945e-01
   5.3303965e-01
   5.1101322e-01
   4.8709880e-01
   4.6570170e-01
   4.4996854e-01
   4.4178728e-01
   4.4052863e-01
   4.4682190e-01
   4.5940844e-01
   4.7640025e-01
   4.9779737e-01
   5.1982379e-01
   5.4185022e-01
   5.6135935e-01
   5.7772184e-01
   5.8653242e-01
   5.8716174e-01
   5.7898049e-01
   5.6198867e-01
   5.3807427e-01
   5.1101322e-01
   4.8269352e-01
   4.5689114e-01
   4.3612335e-01
   4.2416613e-01
   4.2101952e-01
   4.2983009e-01
   4.4870989e-01
   4.7828823e-01
   5.1415986e-01
   5.5443675e-01
   5.9345501e-01
   6.2680932e-01
   6.5072373e-01
   6.6142229e-01
   6.6079296e-01
   6.4946507e-01
   6.2995595e-01
   6.0792953e-01
   5.8590309e-01
   5.6891127e-01
   5.5884204e-01
   5.5695407e-01
   5.6450597e-01
   5.7835117e-01
   5.9786029e-01
   6.2051605e-01
   6.4191315e-01
   6.5890497e-01
   6.6960353e-01
   6.7149151e-01
   6.6268094e-01
   6.4757709e-01
   6.2617999e-01
   6.0289491e-01
   5.8086848e-01
   5.6135935e-01
   5.4688484e-01
   5.3744494e-01
   5.3241032e-01
   5.3052235e-01
   5.3115167e-01
   5.3115167e-01
   5.3178100e-01
   5.2926369e-01
   5.2422907e-01
   5.1604784e-01
   5.0597860e-01
   4.9653872e-01
   4.8961612e-01
   4.8709882e-01
   4.9024544e-01
   5.0031467e-01
   5.1353052e-01
   5.2926369e-01
   5.4185022e-01
   5.5129012e-01
   5.5443675e-01
   5.5191945e-01
   5.4688484e-01
   5.4059157e-01
   5.3681560e-01
   5.3681562e-01
   5.4122090e-01
   5.5066080e-01
   5.6261801e-01
   5.7520453e-01
   5.8527376e-01
   5.9219636e-01
   5.9345500e-01
   5.8716174e-01
   5.7394589e-01
   5.5317810e-01
   5.2800504e-01
   4.9905602e-01
   4.7010699e-01
   4.4367527e-01
   4.2101952e-01
   4.0276905e-01
   3.8955319e-01
   3.8074262e-01
   3.7444935e-01
   3.7319068e-01
   3.7444935e-01
   3.8137195e-01
   3.9332913e-01
   4.0969164e-01
   4.2920075e-01
   4.4808055e-01
   4.6192575e-01
   4.6696037e-01
   4.6003777e-01
   4.4115797e-01
   4.1095029e-01
   3.7382002e-01
   3.3543110e-01
   3.0207678e-01
   2.8005035e-01
   2.7186911e-01
   2.8067968e-01
   3.0648208e-01
   3.4675898e-01
   3.9584645e-01
   4.4808055e-01
   4.9779737e-01
   5.3555696e-01
   5.5884204e-01
   5.6261800e-01
   5.4814348e-01
   5.1667715e-01
   4.7388295e-01
   4.2542480e-01
   3.7759598e-01
