   4.2077372e-01
   4.1759406e-01
   4.1547430e-01
   4.1388448e-01
   4.1388448e-01
   4.1441441e-01
   4.1600424e-01
   4.1759406e-01
   4.2024377e-01
   4.2183359e-01
   4.2395337e-01
   4.2395337e-01
   4.2236353e-01
   4.1812400e-01
   4.1229465e-01
   4.0381557e-01
   3.9533651e-01
   3.8738738e-01
   3.8155802e-01
   3.7943826e-01
   3.8155803e-01
   3.8897722e-01
   4.0222575e-01
   4.2024377e-01
   4.4091150e-01
   4.6369898e-01
   4.8648648e-01
   5.0662427e-01
   5.2411234e-01
   5.3630099e-01
   5.4319025e-01
   5.4531001e-01
   5.4160042e-01
   5.3312136e-01
   5.2093270e-01
   5.0609433e-01
   4.8966613e-01
   4.7217806e-01
   4.5416003e-01
   4.3614202e-01
   4.1918389e-01
   4.0328563e-01
   3.8950715e-01
   3.7784843e-01
   3.6936937e-01
   3.6406995e-01
   3.6195018e-01
   3.6354001e-01
   3.6883943e-01
   3.7837839e-01
   3.9109698e-01
   4.0593534e-01
   4.2130365e-01
   4.3773184e-01
   4.5257021e-01
   4.6528882e-01
   4.7429782e-01
   4.7853735e-01
   4.7800741e-01
   4.7270799e-01
   4.6369899e-01
   4.5098039e-01
   4.3561208e-01
   4.1971383e-01
   4.0328563e-01
   3.8791732e-01
   3.7466879e-01
   3.6459989e-01
   3.5665076e-01
   3.5188129e-01
   3.4976153e-01
   3.5082141e-01
   3.5347113e-01
   3.5771064e-01
   3.6354001e-01
   3.7095920e-01
   3.7943826e-01
   3.8897721e-01
   4.0063592e-01
   4.1229464e-01
   4.2395337e-01
   4.3614202e-01
   4.4727080e-01
   4.5627980e-01
   4.6263910e-01
   4.6581876e-01
   4.6528882e-01
   4.6051935e-01
   4.5257021e-01
   4.4250132e-01
   4.3031267e-01
   4.1759405e-01
   4.0540540e-01
   3.9427663e-01
   3.8632750e-01
   3.8102808e-01
   3.7943826e-01
   3.7996820e-01
   3.8261790e-01
   3.8632750e-01
   3.9003709e-01
   3.9321674e-01
   3.9533651e-01
   3.9533651e-01
   3.9427663e-01
   3.9215685e-01
   3.9109697e-01
   3.9056704e-01
   3.9321674e-01
   3.9851615e-01
   4.0805510e-01
   4.2077371e-01
   4.3720190e-01
   4.5574987e-01
   4.7482776e-01
   4.9337572e-01
   5.1033387e-01
   5.2517224e-01
   5.3683094e-01
   5.4583995e-01
   5.5219925e-01
   5.5643879e-01
   5.5908850e-01
   5.6067832e-01
   5.6226815e-01
   5.6332803e-01
   5.6385797e-01
   5.6491785e-01
   5.6544779e-01
   5.6650769e-01
   5.6756757e-01
   5.6862745e-01
   5.6968733e-01
   5.7180710e-01
   5.7286698e-01
   5.7339692e-01
   5.7286699e-01
   5.7021727e-01
   5.6544779e-01
   5.5802861e-01
   5.4742978e-01
   5.3471118e-01
   5.1987281e-01
   5.0450450e-01
   4.8966613e-01
   4.7588765e-01
   4.6422892e-01
   4.5521993e-01
   4.4992051e-01
   4.4833068e-01
   4.4939057e-01
   4.5310015e-01
   4.5945945e-01
   4.6687864e-01
   4.7588765e-01
   4.8489665e-01
   4.9390566e-01
   5.0079491e-01
   5.0715421e-01
   5.1139374e-01
   5.1404345e-01
   5.1510333e-01
   5.1457339e-01
   5.1351350e-01
   5.1192369e-01
   5.1033385e-01
   5.0874403e-01
   5.0821409e-01
   5.0821410e-01
   5.0927397e-01
   5.1139375e-01
   5.1404345e-01
   5.1828299e-01
   5.2305247e-01
   5.2782194e-01
   5.3153154e-01
   5.3471118e-01
   5.3630101e-01
   5.3577105e-01
   5.3312135e-01
   5.2729200e-01
   5.1934286e-01
   5.0927397e-01
   4.9708532e-01
   4.8383678e-01
   4.6899840e-01
   4.5363009e-01
   4.3773184e-01
   4.2289347e-01
   4.0805511e-01
   3.9374669e-01
   3.8102808e-01
   3.6936937e-01
   3.5983042e-01
   3.5188129e-01
   3.4605193e-01
   3.4340223e-01
   3.4287229e-01
   3.4552199e-01
   3.5135135e-01
   3.5930047e-01
   3.6936937e-01
   3.8155802e-01
   3.9480657e-01
   4.0911500e-01
   4.2395337e-01
   4.3826178e-01
   4.5310015e-01
   4.6687864e-01
   4.8012719e-01
   4.9284578e-01
   5.0450450e-01
   5.1563328e-01
   5.2411234e-01
   5.3153154e-01
   5.3577107e-01
   5.3842077e-01
   5.3736089e-01
   5.3418123e-01
   5.2782194e-01
   5.2040276e-01
   5.1298357e-01
   5.0503444e-01
   4.9814520e-01
   4.9337572e-01
   4.9019608e-01
   4.8966613e-01
   4.9019608e-01
   4.9178591e-01
   4.9390566e-01
   4.9496554e-01
   4.9443561e-01
   4.9178590e-01
   4.8648648e-01
   4.7800741e-01
   4.6634870e-01
   4.5310016e-01
   4.3826178e-01
   4.2289347e-01
   4.0911500e-01
   3.9692634e-01
   3.8738738e-01
   3.8155802e-01
   3.7943826e-01
   3.8102808e-01
   3.8632750e-01
   3.9533651e-01
   4.0593535e-01
   4.1918389e-01
   4.3402225e-01
   4.4833068e-01
   4.6263911e-01
   4.7535772e-01
   4.8648649e-01
   4.9549550e-01
   5.0185479e-01
   5.0609433e-01
   5.0821409e-01
   5.0821409e-01
   5.0662427e-01
   5.0344462e-01
   4.9973502e-01
   4.9443560e-01
   4.8807630e-01
   4.8065713e-01
   4.7164812e-01
   4.6210917e-01
   4.5151033e-01
   4.4038155e-01
   4.2925279e-01
   4.1971383e-01
   4.1229464e-01
   4.0752517e-01
   4.0752517e-01
   4.1123476e-01
   4.1865394e-01
   4.2978272e-01
   4.4303126e-01
   4.5574986e-01
   4.6846847e-01
   4.7800741e-01
   4.8436671e-01
   4.8701643e-01
   4.8489665e-01
   4.7906730e-01
   4.7217805e-01
   4.6369899e-01
   4.5521992e-01
   4.4833067e-01
   4.4462110e-01
   4.4409114e-01
   4.4674086e-01
   4.5098039e-01
   4.5733969e-01
   4.6316905e-01
   4.6793852e-01
   4.6899841e-01
   4.6740858e-01
   4.6157922e-01
   4.5204028e-01
   4.3932168e-01
   4.2607313e-01
   4.1176470e-01
   3.9904611e-01
   3.9003710e-01
   3.8473768e-01
   3.8367780e-01
   3.8738738e-01
   3.9374669e-01
   4.0222575e-01
   4.1017488e-01
   4.1706412e-01
   4.2130365e-01
   4.2130365e-01
   4.1759406e-01
   4.1070482e-01
   4.0169581e-01
   3.9162692e-01
   3.8314784e-01
   3.7731849e-01
   3.7519873e-01
   3.7678855e-01
   3.8261791e-01
   3.9109698e-01
   4.0222575e-01
   4.1335452e-01
   4.2342342e-01
   4.3137255e-01
   4.3561209e-01
   4.3667197e-01
   4.3402225e-01
   4.2872285e-01
   4.2077372e-01
   4.1176470e-01
   4.0328563e-01
   3.9586645e-01
   3.9003710e-01
   3.8632750e-01
   3.8420774e-01
   3.8473768e-01
   3.8685744e-01
   3.9109698e-01
   3.9639639e-01
   4.0275569e-01
   4.1017488e-01
   4.1812400e-01
   4.2766295e-01
   4.3667196e-01
   4.4621091e-01
   4.5574987e-01
   4.6528882e-01
   4.7323794e-01
   4.8012719e-01
   4.8489665e-01
   4.8754637e-01
   4.8701642e-01
   4.8383677e-01
   4.7853736e-01
   4.7111818e-01
   4.6210917e-01
   4.5257022e-01
   4.4197138e-01
   4.3243242e-01
   4.2395337e-01
   4.1600424e-01
   4.0964494e-01
   4.0487546e-01
   4.0116587e-01
   3.9957605e-01
   3.9798621e-01
   3.9851617e-01
   4.0010598e-01
   4.0222575e-01
   4.0593534e-01
   4.1123476e-01
   4.1865396e-01
   4.2766296e-01
   4.3720191e-01
   4.4727079e-01
   4.5680975e-01
   4.6581876e-01
   4.7270800e-01
   4.7747748e-01
   4.8012719e-01
   4.8118707e-01
   4.8012717e-01
   4.7800742e-01
   4.7588765e-01
   4.7376788e-01
   4.7323793e-01
   4.7270800e-01
   4.7323793e-01
   4.7376788e-01
   4.7482776e-01
   4.7535771e-01
   4.7535771e-01
   4.7429782e-01
   4.7323794e-01
   4.7217806e-01
   4.7111817e-01
   4.7164811e-01
   4.7323794e-01
   4.7641759e-01
   4.8012717e-01
   4.8489665e-01
   4.8966613e-01
   4.9443560e-01
   4.9920508e-01
   5.0185479e-01
   5.0344462e-01
   5.0291467e-01
   5.0132485e-01
   4.9814520e-01
   4.9284578e-01
   4.8701642e-01
   4.8065712e-01
   4.7482776e-01
   4.7005830e-01
   4.6687864e-01
   4.6581876e-01
   4.6740859e-01
   4.7111818e-01
   4.7747748e-01
   4.8436671e-01
   4.9178590e-01
   4.9867514e-01
   5.0397455e-01
   5.0715421e-01
   5.0768415e-01
   5.0662427e-01
   5.0344462e-01
   5.0079491e-01
   4.9814520e-01
   4.9761526e-01
   4.9867514e-01
   5.0185479e-01
   5.0821409e-01
   5.1510333e-01
   5.2358240e-01
   5.3153153e-01
   5.3895071e-01
   5.4478006e-01
   5.4901960e-01
   5.5166932e-01
   5.5378908e-01
   5.5484896e-01
   5.5643879e-01
   5.5802861e-01
   5.6067832e-01
   5.6332803e-01
   5.6650769e-01
   5.6968733e-01
   5.7233704e-01
   5.7392687e-01
   5.7392686e-01
   5.7339692e-01
   5.7021727e-01
   5.6597773e-01
   5.6120827e-01
   5.5537890e-01
   5.4901960e-01
   5.4266031e-01
   5.3630101e-01
   5.3047164e-01
   5.2623212e-01
   5.2199257e-01
   5.1934286e-01
   5.1722311e-01
   5.1563328e-01
   5.1510333e-01
   5.1457339e-01
   5.1457339e-01
   5.1457339e-01
   5.1457339e-01
   5.1510335e-01
   5.1510333e-01
   5.1669316e-01
   5.1881292e-01
   5.2146264e-01
   5.2570216e-01
   5.3047164e-01
   5.3524112e-01
   5.4001059e-01
   5.4372019e-01
   5.4583995e-01
   5.4636990e-01
   5.4425013e-01
   5.4107047e-01
   5.3577107e-01
   5.2941176e-01
   5.2252252e-01
   5.1510333e-01
   5.0927398e-01
   5.0291467e-01
   4.9814520e-01
   4.9390567e-01
   4.9072602e-01
   4.8754636e-01
   4.8383677e-01
   4.8065713e-01
   4.7588766e-01
   4.7058823e-01
   4.6422893e-01
   4.5627981e-01
   4.4833068e-01
   4.4038156e-01
   4.3190249e-01
   4.2554319e-01
   4.2024378e-01
   4.1653418e-01
   4.1600424e-01
   4.1812400e-01
   4.2183359e-01
   4.2766295e-01
   4.3455220e-01
   4.4144144e-01
   4.4886062e-01
   4.5468999e-01
   4.5892951e-01
   4.6157922e-01
   4.6157922e-01
   4.5998940e-01
   4.5627981e-01
   4.5151033e-01
   4.4674086e-01
   4.4197138e-01
   4.3879172e-01
   4.3667196e-01
   4.3720190e-01
   4.4091150e-01
   4.4674086e-01
   4.5627981e-01
   4.6846847e-01
   4.8171701e-01
   4.9655538e-01
   5.1139375e-01
   5.2570216e-01
   5.3842077e-01
   5.4901960e-01
   5.5696873e-01
   5.6279809e-01
   5.6597775e-01
   5.6703762e-01
   5.6597773e-01
   5.6279809e-01
   5.5961843e-01
   5.5431902e-01
   5.4901961e-01
   5.4160043e-01
   5.3418123e-01
   5.2570216e-01
   5.1669317e-01
   5.0609432e-01
   4.9549550e-01
   4.8436671e-01
   4.7217806e-01
   4.5998940e-01
   4.4780074e-01
   4.3614202e-01
   4.2501325e-01
   4.1547430e-01
   4.0593535e-01
   3.9904611e-01
   3.9374669e-01
   3.9109697e-01
   3.9056703e-01
   3.9321674e-01
   3.9745627e-01
   4.0434552e-01
   4.1282458e-01
   4.2236353e-01
   4.3243242e-01
   4.4303126e-01
   4.5363009e-01
   4.6263910e-01
   4.7164811e-01
   4.7906729e-01
   4.8489665e-01
   4.8913619e-01
   4.9125596e-01
   4.9231585e-01
   4.9072602e-01
   4.8807631e-01
   4.8436671e-01
   4.7906730e-01
   4.7323794e-01
   4.6687864e-01
   4.6157922e-01
   4.5680975e-01
   4.5310015e-01
   4.4992051e-01
   4.4780074e-01
   4.4674086e-01
   4.4568098e-01
   4.4462110e-01
   4.4250132e-01
   4.4038156e-01
   4.3667197e-01
   4.3296237e-01
   4.2872283e-01
   4.2395335e-01
   4.1971384e-01
   4.1653418e-01
   4.1388446e-01
   4.1229464e-01
   4.1282459e-01
   4.1494436e-01
   4.1706412e-01
   4.2077371e-01
   4.2554319e-01
   4.3031267e-01
   4.3561208e-01
   4.4091150e-01
   4.4621092e-01
   4.5151033e-01
   4.5680974e-01
   4.6210917e-01
   4.6793852e-01
   4.7270800e-01
   4.7800741e-01
   4.8224695e-01
   4.8595654e-01
   4.8966613e-01
   4.9284579e-01
   4.9496556e-01
   4.9761526e-01
   5.0026496e-01
   5.0291468e-01
   5.0609433e-01
   5.1033385e-01
   5.1510333e-01
   5.2146264e-01
   5.2835187e-01
   5.3524111e-01
   5.4266031e-01
   5.4848966e-01
   5.5272920e-01
   5.5378908e-01
   5.5219926e-01
   5.4689984e-01
   5.3895071e-01
   5.2782194e-01
   5.1404345e-01
   4.9814520e-01
   4.8118706e-01
   4.6475888e-01
   4.4780073e-01
   4.3296237e-01
   4.2024377e-01
   4.0911498e-01
   4.0063593e-01
   3.9427664e-01
   3.8950716e-01
   3.8632751e-01
   3.8473768e-01
   3.8367780e-01
   3.8314784e-01
   3.8314784e-01
   3.8473768e-01
   3.8685744e-01
   3.9003710e-01
   3.9480657e-01
   4.0116587e-01
   4.0805510e-01
   4.1600424e-01
   4.2448331e-01
   4.3296237e-01
   4.4144144e-01
   4.4833067e-01
   4.5416003e-01
   4.5680975e-01
   4.5839957e-01
   4.5839957e-01
   4.5680975e-01
   4.5468999e-01
   4.5151033e-01
   4.4886062e-01
   4.4674085e-01
   4.4515103e-01
   4.4356121e-01
   4.4303126e-01
   4.4250132e-01
   4.4356120e-01
   4.4409114e-01
   4.4515103e-01
   4.4674085e-01
   4.4833068e-01
   4.4939057e-01
   4.4939057e-01
   4.4886062e-01
   4.4727080e-01
   4.4462110e-01
   4.4091150e-01
   4.3561208e-01
   4.2978272e-01
   4.2395335e-01
   4.1918389e-01
   4.1600423e-01
   4.1494435e-01
   4.1600424e-01
   4.2024377e-01
   4.2607313e-01
   4.3508214e-01
   4.4462108e-01
   4.5521993e-01
   4.6528882e-01
   4.7482776e-01
   4.8277689e-01
   4.8913619e-01
   4.9337573e-01
   4.9602544e-01
   4.9655538e-01
   4.9496556e-01
   4.9231585e-01
   4.8860625e-01
   4.8489665e-01
   4.8012719e-01
   4.7588765e-01
   4.7217806e-01
   4.6793853e-01
   4.6475888e-01
   4.6104929e-01
   4.5733969e-01
   4.5257021e-01
   4.4780074e-01
   4.4303126e-01
   4.3879173e-01
   4.3561208e-01
   4.3402225e-01
   4.3508214e-01
   4.3879173e-01
   4.4515103e-01
   4.5310015e-01
   4.6369899e-01
   4.7376788e-01
   4.8436671e-01
   4.9231584e-01
   4.9761526e-01
   4.9973504e-01
   4.9867514e-01
   4.9443560e-01
   4.8754636e-01
   4.7906729e-01
   4.7058824e-01
   4.6263911e-01
   4.5574986e-01
   4.5151033e-01
   4.4886062e-01
   4.4833067e-01
   4.4992051e-01
   4.5310015e-01
   4.5786963e-01
   4.6369899e-01
   4.7111818e-01
   4.7959724e-01
   4.8807631e-01
   4.9708531e-01
   5.0556439e-01
   5.1245362e-01
   5.1669317e-01
   5.1775305e-01
   5.1563328e-01
   5.1033385e-01
   5.0238473e-01
   4.9231584e-01
   4.8118707e-01
   4.7111818e-01
   4.6316905e-01
   4.5733969e-01
   4.5468999e-01
   4.5521993e-01
   4.5786963e-01
   4.6210916e-01
   4.6740858e-01
   4.7164811e-01
   4.7535771e-01
   4.7800742e-01
   4.7906729e-01
   4.7853735e-01
   4.7747747e-01
   4.7535771e-01
   4.7217805e-01
   4.6740859e-01
   4.6157923e-01
   4.5310015e-01
   4.4409114e-01
   4.3349231e-01
   4.2183359e-01
   4.1017488e-01
   3.9957605e-01
   3.9056703e-01
   3.8579756e-01
   3.8367780e-01
   3.8579756e-01
   3.9162691e-01
   4.0010599e-01
   4.1017488e-01
   4.2024377e-01
   4.2978272e-01
   4.3614202e-01
   4.4038156e-01
   4.4197138e-01
   4.4038156e-01
   4.3614202e-01
   4.3137254e-01
   4.2554319e-01
   4.1971383e-01
   4.1388446e-01
   4.0805511e-01
   4.0381557e-01
   3.9904611e-01
   3.9480658e-01
   3.9056703e-01
   3.8579756e-01
   3.8155802e-01
   3.7678855e-01
   3.7254901e-01
   3.6883943e-01
   3.6512983e-01
   3.6142024e-01
   3.5771064e-01
   3.5400106e-01
   3.4923159e-01
   3.4446211e-01
   3.3916269e-01
   3.3333333e-01
   3.2750398e-01
   3.2273450e-01
   3.1955485e-01
   3.1743507e-01
   3.1796502e-01
   3.2114467e-01
   3.2538421e-01
   3.3121356e-01
   3.3810281e-01
   3.4446211e-01
   3.5029147e-01
   3.5506094e-01
   3.5877054e-01
   3.6142024e-01
   3.6354001e-01
   3.6618971e-01
   3.6777953e-01
   3.7148913e-01
   3.7572867e-01
   3.8102809e-01
   3.8685744e-01
   3.9374669e-01
   4.0116587e-01
   4.0752516e-01
   4.1335453e-01
   4.1865394e-01
   4.2289347e-01
   4.2607313e-01
   4.2872283e-01
   4.3031266e-01
   4.3137254e-01
   4.3137254e-01
   4.3137255e-01
   4.3084260e-01
   4.3084261e-01
   4.3031266e-01
   4.2978273e-01
   4.2925277e-01
   4.2978273e-01
   4.3084261e-01
   4.3243243e-01
   4.3402225e-01
   4.3614202e-01
   4.3932168e-01
   4.4303126e-01
   4.4568098e-01
   4.4992051e-01
   4.5363009e-01
   4.5733969e-01
   4.5998940e-01
   4.6263910e-01
   4.6475886e-01
   4.6634870e-01
   4.6687864e-01
   4.6846846e-01
   4.7005828e-01
   4.7164811e-01
   4.7482776e-01
   4.7853735e-01
   4.8330683e-01
   4.8860625e-01
   4.9496556e-01
   5.0238473e-01
   5.0927397e-01
   5.1669317e-01
   5.2305246e-01
   5.2782194e-01
   5.3100159e-01
   5.3312135e-01
   5.3312135e-01
   5.3153153e-01
   5.2888182e-01
   5.2517222e-01
   5.2199258e-01
   5.1934287e-01
   5.1775305e-01
   5.1722311e-01
   5.1828299e-01
   5.1987281e-01
   5.2199258e-01
   5.2411234e-01
   5.2464228e-01
   5.2305246e-01
   5.1987280e-01
   5.1404345e-01
   5.0662427e-01
   4.9708532e-01
   4.8648649e-01
   4.7588765e-01
   4.6634870e-01
   4.5733969e-01
   4.5045045e-01
   4.4515103e-01
   4.4144143e-01
   4.3932168e-01
   4.3826178e-01
   4.3826179e-01
   4.3932166e-01
   4.4144144e-01
   4.4409116e-01
   4.4780073e-01
   4.5257021e-01
   4.5786963e-01
   4.6422893e-01
   4.7058824e-01
   4.7641760e-01
   4.8277689e-01
   4.8860625e-01
   4.9337572e-01
   4.9655538e-01
   4.9814520e-01
   4.9920508e-01
   4.9867514e-01
   4.9708532e-01
   4.9602543e-01
   4.9602544e-01
   4.9602543e-01
   4.9867514e-01
   5.0238473e-01
   5.0874403e-01
   5.1669316e-01
   5.2623211e-01
   5.3630099e-01
   5.4583995e-01
   5.5378908e-01
   5.6067831e-01
   5.6385797e-01
   5.6438791e-01
   5.6226815e-01
   5.5696873e-01
   5.4954954e-01
   5.4054053e-01
   5.3100159e-01
   5.2040276e-01
   5.1086381e-01
   5.0132485e-01
   4.9231585e-01
   4.8330683e-01
   4.7535771e-01
   4.6793852e-01
   4.6157923e-01
   4.5627980e-01
   4.5204028e-01
   4.4992051e-01
   4.4939057e-01
   4.5098039e-01
   4.5416005e-01
   4.5945945e-01
   4.6475888e-01
   4.7164812e-01
   4.7800742e-01
   4.8383677e-01
   4.8860625e-01
   4.9284578e-01
   4.9549550e-01
   4.9708532e-01
   4.9761526e-01
   4.9761526e-01
   4.9761526e-01
   4.9814520e-01
   4.9920508e-01
   5.0079491e-01
   5.0291468e-01
   5.0556437e-01
   5.0927397e-01
   5.1192369e-01
   5.1510333e-01
   5.1669316e-01
   5.1669317e-01
   5.1510333e-01
   5.1192369e-01
   5.0715421e-01
   5.0026496e-01
   4.9284578e-01
   4.8383677e-01
   4.7482776e-01
   4.6581876e-01
   4.5733969e-01
   4.4939057e-01
   4.4250132e-01
   4.3614202e-01
   4.3084260e-01
   4.2607313e-01
   4.2289348e-01
   4.1971383e-01
   4.1865394e-01
   4.1759406e-01
   4.1759406e-01
   4.1812400e-01
   4.1971383e-01
   4.2289347e-01
   4.2660307e-01
   4.3137255e-01
   4.3720191e-01
   4.4356120e-01
   4.5045045e-01
   4.5892953e-01
   4.6793852e-01
   4.7747748e-01
   4.8860625e-01
   4.9867514e-01
   5.0874403e-01
   5.1775304e-01
   5.2411234e-01
   5.2835188e-01
   5.2835188e-01
   5.2517222e-01
   5.1828299e-01
   5.0874404e-01
   4.9814520e-01
   4.8754636e-01
   4.7747747e-01
   4.6952834e-01
   4.6475888e-01
   4.6369898e-01
   4.6581876e-01
   4.7005828e-01
   4.7588765e-01
   4.8118706e-01
   4.8436672e-01
   4.8542661e-01
   4.8277689e-01
   4.7641759e-01
   4.6740858e-01
   4.5574987e-01
   4.4303126e-01
   4.2978272e-01
   4.1706412e-01
   4.0540541e-01
   3.9586646e-01
   3.8844726e-01
   3.8367780e-01
   3.7996820e-01
   3.7890832e-01
   3.7890832e-01
   3.8049815e-01
   3.8314785e-01
   3.8791732e-01
   3.9321674e-01
   4.0010599e-01
   4.0752517e-01
   4.1494436e-01
   4.2289347e-01
   4.3031266e-01
   4.3667196e-01
   4.4250132e-01
   4.4674086e-01
   4.5098039e-01
   4.5416003e-01
   4.5786963e-01
   4.6157923e-01
   4.6581876e-01
   4.7111818e-01
   4.7747747e-01
   4.8436671e-01
   4.9178590e-01
   4.9867514e-01
   5.0556439e-01
   5.1192369e-01
   5.1669316e-01
   5.2040276e-01
   5.2305246e-01
   5.2358240e-01
   5.2358240e-01
   5.2252252e-01
   5.2093270e-01
   5.1987280e-01
   5.1934286e-01
   5.1934286e-01
   5.2040276e-01
   5.2093270e-01
   5.2146264e-01
   5.2199258e-01
   5.2093268e-01
   5.1775304e-01
   5.1298357e-01
   5.0715421e-01
   4.9973502e-01
   4.9178590e-01
   4.8330683e-01
   4.7535771e-01
   4.6846846e-01
   4.6210916e-01
   4.5733969e-01
   4.5363009e-01
   4.5098039e-01
   4.4886062e-01
   4.4780074e-01
   4.4674086e-01
   4.4727080e-01
   4.4727080e-01
   4.4833068e-01
   4.5045045e-01
   4.5257021e-01
   4.5521993e-01
   4.5839957e-01
   4.6263910e-01
   4.6740858e-01
   4.7323794e-01
   4.7906730e-01
   4.8595655e-01
   4.9337573e-01
   5.0132485e-01
   5.0980391e-01
   5.1722311e-01
   5.2411235e-01
   5.2835188e-01
   5.3153153e-01
   5.3153153e-01
   5.2941176e-01
   5.2411234e-01
   5.1722311e-01
   5.0874404e-01
   4.9973502e-01
   4.8913618e-01
   4.8012719e-01
   4.7164812e-01
   4.6528882e-01
   4.6051934e-01
   4.5839957e-01
   4.5786963e-01
   4.5839957e-01
   4.5998940e-01
   4.6104929e-01
   4.6263910e-01
   4.6369898e-01
   4.6263911e-01
   4.6157922e-01
   4.5945945e-01
   4.5733969e-01
   4.5521993e-01
   4.5416005e-01
   4.5468997e-01
   4.5574987e-01
   4.5892953e-01
   4.6316905e-01
   4.6793852e-01
   4.7323794e-01
   4.7800741e-01
   4.8171701e-01
   4.8436671e-01
   4.8595654e-01
   4.8542661e-01
   4.8383677e-01
   4.8224695e-01
   4.7959723e-01
   4.7694753e-01
   4.7535771e-01
   4.7429782e-01
   4.7323794e-01
   4.7323793e-01
   4.7270800e-01
   4.7270800e-01
   4.7164812e-01
   4.7005830e-01
   4.6687864e-01
   4.6316905e-01
   4.5786963e-01
   4.5204027e-01
   4.4568097e-01
   4.3932168e-01
   4.3296237e-01
   4.2713302e-01
   4.2130365e-01
   4.1706412e-01
   4.1335452e-01
   4.1017488e-01
   4.0805510e-01
   4.0593535e-01
   4.0540541e-01
   4.0487547e-01
   4.0540540e-01
   4.0699523e-01
   4.0858505e-01
   4.1123476e-01
   4.1494435e-01
   4.1812400e-01
   4.2342342e-01
   4.2819290e-01
   4.3508214e-01
   4.4197138e-01
   4.4992051e-01
   4.5839957e-01
   4.6687864e-01
   4.7482776e-01
   4.8224695e-01
   4.8807631e-01
   4.9231584e-01
   4.9549550e-01
   4.9708532e-01
   4.9761526e-01
   4.9761526e-01
   4.9708532e-01
   4.9708532e-01
   4.9655538e-01
   4.9496554e-01
   4.9337572e-01
   4.9072602e-01
   4.8701642e-01
   4.8118707e-01
   4.7482776e-01
   4.6687864e-01
   4.5786963e-01
   4.4939057e-01
   4.4197138e-01
   4.3508214e-01
   4.3031266e-01
   4.2766295e-01
   4.2766295e-01
   4.2925277e-01
   4.3296236e-01
   4.3879172e-01
   4.4568097e-01
   4.5468997e-01
   4.6369899e-01
   4.7482776e-01
   4.8595654e-01
   4.9761526e-01
   5.0874403e-01
   5.1987281e-01
   5.2941175e-01
   5.3789083e-01
   5.4425013e-01
   5.4795972e-01
   5.5007948e-01
   5.4954955e-01
   5.4742978e-01
   5.4372019e-01
   5.3895071e-01
   5.3365129e-01
   5.2835187e-01
   5.2464228e-01
   5.2093270e-01
   5.1881292e-01
   5.1722310e-01
   5.1722310e-01
   5.1722311e-01
   5.1775304e-01
   5.1881292e-01
   5.1934286e-01
   5.1934287e-01
   5.1934287e-01
   5.1881293e-01
   5.1828298e-01
   5.1722310e-01
   5.1669317e-01
   5.1563328e-01
   5.1510333e-01
   5.1351351e-01
   5.1245363e-01
   5.1086381e-01
   5.0874403e-01
   5.0662427e-01
   5.0503444e-01
   5.0397456e-01
   5.0397455e-01
   5.0503444e-01
   5.0662427e-01
   5.0874403e-01
   5.1192369e-01
   5.1510333e-01
   5.1669316e-01
   5.1828298e-01
   5.1987280e-01
   5.1987281e-01
   5.1934287e-01
   5.1987281e-01
   5.2093270e-01
   5.2305246e-01
   5.2676205e-01
   5.3206147e-01
   5.3789083e-01
   5.4531001e-01
   5.5060942e-01
   5.5590886e-01
   5.5802862e-01
   5.5855856e-01
   5.5643879e-01
   5.5219926e-01
   5.4689984e-01
   5.4266030e-01
   5.3895071e-01
   5.3736089e-01
   5.3842077e-01
   5.4107047e-01
   5.4531001e-01
   5.5007948e-01
   5.5431902e-01
   5.5643879e-01
   5.5590884e-01
   5.5272920e-01
   5.4636990e-01
   5.3683095e-01
   5.2623212e-01
   5.1510333e-01
   5.0503444e-01
   4.9602543e-01
   4.8913618e-01
   4.8595654e-01
   4.8489665e-01
   4.8701643e-01
   4.9125596e-01
   4.9602543e-01
   5.0238474e-01
   5.0821409e-01
   5.1457339e-01
   5.1934287e-01
   5.2358240e-01
   5.2729199e-01
   5.2994170e-01
   5.3100159e-01
   5.3206147e-01
   5.3100159e-01
   5.2888182e-01
   5.2570216e-01
   5.2199258e-01
   5.1828298e-01
   5.1351351e-01
   5.0927397e-01
   5.0503444e-01
   5.0132485e-01
   4.9814520e-01
   4.9549550e-01
   4.9284578e-01
   4.9019608e-01
   4.8701642e-01
   4.8330683e-01
   4.7800741e-01
   4.7270799e-01
   4.6687864e-01
   4.5998940e-01
   4.5363009e-01
   4.4833068e-01
   4.4356120e-01
   4.3932168e-01
   4.3667196e-01
   4.3561208e-01
   4.3561208e-01
   4.3667196e-01
   4.3879173e-01
   4.4144144e-01
   4.4515103e-01
   4.4833067e-01
   4.5204027e-01
   4.5416003e-01
   4.5521993e-01
   4.5521992e-01
   4.5257022e-01
   4.4833068e-01
   4.4356121e-01
   4.3720191e-01
   4.3243243e-01
   4.2819290e-01
   4.2607313e-01
   4.2660307e-01
   4.3031266e-01
   4.3508214e-01
   4.4038155e-01
   4.4568097e-01
   4.4833068e-01
   4.4833068e-01
   4.4462108e-01
   4.3667197e-01
   4.2607313e-01
   4.1335453e-01
   4.0116587e-01
   3.9003709e-01
   3.8208797e-01
   3.7837837e-01
   3.7837839e-01
   3.8155803e-01
   3.8685744e-01
   3.9268680e-01
   3.9798622e-01
   4.0116587e-01
   4.0222575e-01
   4.0063593e-01
   3.9851615e-01
   3.9533651e-01
   3.9321674e-01
   3.9321674e-01
   3.9586646e-01
   4.0116587e-01
   4.0805510e-01
   4.1706412e-01
   4.2660307e-01
   4.3508214e-01
   4.4144144e-01
   4.4568097e-01
   4.4621092e-01
   4.4356120e-01
   4.3773184e-01
   4.2978272e-01
   4.2024377e-01
   4.1070482e-01
   4.0222575e-01
   3.9586646e-01
   3.9162691e-01
   3.9109698e-01
   3.9427663e-01
   4.0010598e-01
   4.0805511e-01
   4.1812400e-01
   4.2925279e-01
   4.3932168e-01
   4.4833068e-01
   4.5574987e-01
   4.6051934e-01
   4.6263910e-01
   4.6210917e-01
   4.5945945e-01
   4.5521993e-01
   4.4833068e-01
   4.4091150e-01
   4.3296237e-01
   4.2448331e-01
   4.1547430e-01
   4.0752517e-01
   4.0010599e-01
   3.9321674e-01
   3.8791732e-01
   3.8261790e-01
   3.7784843e-01
   3.7307895e-01
   3.6830949e-01
   3.6301006e-01
   3.5877054e-01
   3.5400106e-01
   3.5029147e-01
   3.4817170e-01
   3.4870164e-01
   3.5188129e-01
   3.5771066e-01
   3.6618972e-01
   3.7784843e-01
   3.9109698e-01
   4.0434553e-01
   4.1812400e-01
   4.2978272e-01
   4.3932168e-01
   4.4568097e-01
   4.4939057e-01
   4.5151033e-01
   4.5151033e-01
   4.5151034e-01
   4.5045045e-01
   4.5151033e-01
   4.5204028e-01
   4.5363009e-01
   4.5468997e-01
   4.5468997e-01
   4.5257021e-01
   4.4780074e-01
   4.4091150e-01
   4.3137254e-01
   4.2183360e-01
   4.1229465e-01
   4.0487547e-01
   4.0116587e-01
   4.0222575e-01
   4.0752516e-01
   4.1600424e-01
   4.2660307e-01
   4.3826178e-01
   4.4886062e-01
   4.5733969e-01
   4.6210916e-01
   4.6422893e-01
   4.6263911e-01
   4.6051934e-01
   4.5627981e-01
   4.5204027e-01
   4.4780073e-01
   4.4409116e-01
   4.4144144e-01
   4.3773184e-01
   4.3402225e-01
   4.2872283e-01
   4.2289347e-01
   4.1547430e-01
   4.0752517e-01
   3.9957604e-01
   3.9321673e-01
   3.8897721e-01
   3.8632751e-01
   3.8685744e-01
   3.9109698e-01
   3.9798621e-01
   4.0752516e-01
   4.1865394e-01
   4.3137255e-01
   4.4462110e-01
   4.5733969e-01
   4.7058823e-01
   4.8224695e-01
   4.9337573e-01
   5.0397456e-01
   5.1298357e-01
   5.2093270e-01
   5.2729200e-01
   5.3206147e-01
   5.3471118e-01
   5.3630101e-01
   5.3683095e-01
   5.3577105e-01
   5.3312135e-01
   5.3047163e-01
   5.2729199e-01
   5.2358240e-01
   5.1987281e-01
   5.1616323e-01
   5.1192369e-01
   5.0874403e-01
   5.0556439e-01
   5.0185480e-01
   4.9814520e-01
   4.9496554e-01
   4.9178590e-01
   4.8966612e-01
   4.8754637e-01
   4.8542660e-01
   4.8383677e-01
   4.8171701e-01
   4.7906730e-01
   4.7588765e-01
   4.7217806e-01
   4.6846847e-01
   4.6422892e-01
   4.6104929e-01
   4.5839957e-01
   4.5680975e-01
   4.5680975e-01
   4.5680975e-01
   4.5733969e-01
   4.5733969e-01
   4.5574987e-01
   4.5204027e-01
   4.4568097e-01
   4.3667196e-01
   4.2554319e-01
   4.1335452e-01
   4.0063593e-01
   3.8897721e-01
   3.7890832e-01
   3.7254901e-01
   3.6936937e-01
   3.6936937e-01
   3.7254901e-01
   3.7784843e-01
   3.8526762e-01
   3.9321674e-01
   4.0010599e-01
   4.0646528e-01
   4.1070482e-01
   4.1282458e-01
   4.1388446e-01
   4.1282458e-01
   4.1017488e-01
   4.0699523e-01
   4.0275569e-01
   3.9904611e-01
   3.9533651e-01
   3.9321674e-01
   3.9321674e-01
   3.9533652e-01
   3.9904611e-01
   4.0540541e-01
   4.1388446e-01
   4.2183360e-01
   4.2978272e-01
   4.3667196e-01
   4.4091150e-01
   4.4197138e-01
   4.4091150e-01
   4.3667196e-01
   4.3084260e-01
   4.2395337e-01
   4.1812400e-01
   4.1335452e-01
   4.1123476e-01
   4.1229465e-01
   4.1547430e-01
   4.2077371e-01
   4.2713301e-01
   4.3243243e-01
   4.3720191e-01
   4.3879173e-01
   4.3773184e-01
   4.3296237e-01
   4.2448331e-01
   4.1176470e-01
   3.9692633e-01
   3.7996821e-01
   3.6142024e-01
   3.4446211e-01
   3.2962374e-01
   3.1849496e-01
   3.1213565e-01
   3.1213566e-01
   3.1796503e-01
   3.2856386e-01
   3.4393217e-01
   3.6195018e-01
   3.8155802e-01
   3.9957605e-01
   4.1653418e-01
   4.3190249e-01
   4.4409114e-01
   4.5363009e-01
   4.6157923e-01
   4.6952834e-01
   4.7694753e-01
   4.8489665e-01
   4.9337572e-01
   5.0291467e-01
   5.1245363e-01
   5.2093270e-01
   5.2835188e-01
   5.3365130e-01
   5.3683095e-01
   5.3842077e-01
   5.3683094e-01
   5.3418124e-01
   5.2941176e-01
   5.2411234e-01
   5.1828298e-01
   5.1245363e-01
   5.0715421e-01
   5.0291467e-01
   4.9973502e-01
   4.9867514e-01
   4.9814520e-01
   5.0079491e-01
   5.0397455e-01
   5.0874404e-01
   5.1457339e-01
   5.2093270e-01
   5.2729200e-01
   5.3259141e-01
   5.3683095e-01
   5.4054053e-01
   5.4319025e-01
   5.4425012e-01
   5.4478006e-01
   5.4478007e-01
   5.4372018e-01
   5.4213036e-01
   5.3895071e-01
   5.3471117e-01
   5.2888182e-01
   5.2146264e-01
   5.1245363e-01
   5.0238473e-01
   4.9178590e-01
   4.8118707e-01
   4.7111817e-01
   4.6316905e-01
   4.5680974e-01
   4.5151033e-01
   4.4727080e-01
   4.4462110e-01
   4.4250132e-01
   4.4038156e-01
   4.3826178e-01
   4.3667196e-01
   4.3561208e-01
   4.3614202e-01
   4.3773184e-01
   4.4091149e-01
   4.4568098e-01
   4.5151034e-01
   4.5839957e-01
   4.6475888e-01
   4.7005830e-01
   4.7376787e-01
   4.7482776e-01
   4.7323794e-01
   4.6899840e-01
   4.6210916e-01
   4.5416003e-01
   4.4727079e-01
   4.4038155e-01
   4.3667196e-01
   4.3614202e-01
   4.3932166e-01
   4.4515104e-01
   4.5416005e-01
   4.6422892e-01
   4.7482776e-01
   4.8436671e-01
   4.9231585e-01
   4.9761526e-01
   5.0026496e-01
   5.0026496e-01
   4.9867514e-01
   4.9549550e-01
   4.9125597e-01
   4.8754637e-01
   4.8330683e-01
   4.8012719e-01
   4.7800741e-01
   4.7694754e-01
   4.7800742e-01
   4.8171701e-01
   4.8701643e-01
   4.9549550e-01
   5.0609433e-01
   5.1881293e-01
   5.3312135e-01
   5.4795972e-01
   5.6332803e-01
   5.7922628e-01
   5.9459459e-01
   6.1155272e-01
   6.3169051e-01
   6.5553788e-01
   6.8415474e-01
   7.1860094e-01
   7.5887651e-01
   8.0339162e-01
   8.4896660e-01
   8.9348171e-01
   9.3375728e-01
   9.6608372e-01
   9.8887121e-01
   1.0000000e+00
   9.9999999e-01
   9.9046104e-01
   9.7244302e-01
   9.4806571e-01
   9.2050873e-01
   8.9189189e-01
   8.6433491e-01
   8.3730789e-01
   8.1187069e-01
   7.8802331e-01
   7.6576576e-01
   7.4297826e-01
   7.2072071e-01
   6.9740328e-01
   6.7461579e-01
   6.5129835e-01
   6.2851086e-01
   6.0731320e-01
   5.8717541e-01
   5.6703763e-01
   5.4848966e-01
   5.2941175e-01
   5.0927397e-01
   4.8860625e-01
   4.6740858e-01
   4.4515103e-01
   4.2342342e-01
   4.0169581e-01
   3.8102808e-01
   3.6301006e-01
   3.4764177e-01
   3.3492316e-01
   3.2379439e-01
   3.1531532e-01
   3.0842608e-01
   3.0153683e-01
   2.9411765e-01
   2.8669847e-01
   2.7662958e-01
   2.6550079e-01
   2.5331214e-01
   2.3953365e-01
   2.2575516e-01
   2.1303657e-01
   2.0084791e-01
   1.9024908e-01
   1.8071013e-01
   1.7382087e-01
   1.6852146e-01
   1.6428192e-01
   1.6057234e-01
   1.5686275e-01
   1.5262321e-01
   1.4732380e-01
   1.4043455e-01
   1.3248543e-01
   1.2400637e-01
   1.1605724e-01
   1.0863805e-01
   1.0280869e-01
   9.8039213e-02
   9.4329626e-02
   9.1149981e-02
   8.8500264e-02
   8.4260737e-02
   7.8431375e-02
   7.1012190e-02
   6.1473242e-02
   5.0874411e-02
   3.9215687e-02
   2.7556975e-02
   1.7488074e-02
   8.4790666e-03
   2.6497047e-03
   0.0000000e+00
   0.0000000e+00
   3.1796456e-03
   7.9491257e-03
   1.4838369e-02
   2.2787495e-02
   3.0206680e-02
   3.8155806e-02
   4.6104931e-02
   5.2994175e-02
   5.9883407e-02
   6.6242722e-02
   7.2072084e-02
   7.8431375e-02
   8.3200855e-02
   8.6910441e-02
   9.0090099e-02
   9.0620040e-02
   9.0090099e-02
   8.7440382e-02
   8.3200843e-02
   7.8431375e-02
   7.3661895e-02
   6.8892426e-02
   6.4652887e-02
   6.2003183e-02
   6.0413360e-02
   5.9353478e-02
   5.8823537e-02
   5.8823525e-02
   5.8293584e-02
   5.7763655e-02
   5.5643880e-02
   5.2994175e-02
   4.9814518e-02
   4.6634872e-02
   4.2925274e-02
   3.9745628e-02
   3.7095924e-02
   3.4446207e-02
   3.2326455e-02
   3.1266562e-02
   3.1266562e-02
   3.2856396e-02
   3.6565983e-02
   4.2925286e-02
   5.1404352e-02
   6.2003183e-02
   7.3661895e-02
   8.5850560e-02
   9.8039224e-02
   1.0810810e-01
   1.1605724e-01
   1.2082671e-01
   1.2347642e-01
   1.2453629e-01
   1.2347642e-01
   1.2241654e-01
   1.2135665e-01
   1.2188659e-01
   1.2453631e-01
   1.2877583e-01
   1.3460520e-01
   1.4096450e-01
   1.4679385e-01
   1.5209327e-01
   1.5527293e-01
   1.5580286e-01
   1.5421303e-01
   1.4997351e-01
   1.4467408e-01
   1.3884472e-01
   1.3513514e-01
   1.3407525e-01
   1.3619503e-01
   1.4361420e-01
   1.5474299e-01
   1.7064123e-01
   1.8971912e-01
   2.1091681e-01
   2.3317435e-01
   2.5437201e-01
   2.7344992e-01
   2.8987811e-01
   3.0312666e-01
   3.1319555e-01
   3.2061473e-01
   3.2591414e-01
   3.3015368e-01
   3.3386327e-01
   3.3704292e-01
   3.3916269e-01
   3.4128246e-01
   3.4234234e-01
   3.4181239e-01
   3.4075252e-01
   3.3969263e-01
   3.3863276e-01
   3.3757286e-01
   3.3916269e-01
   3.4128245e-01
   3.4605193e-01
   3.5188128e-01
   3.5877054e-01
   3.6512983e-01
   3.7095920e-01
   3.7466879e-01
   3.7625861e-01
   3.7519873e-01
   3.7254901e-01
   3.6936937e-01
   3.6618972e-01
   3.6406995e-01
   3.6301006e-01
   3.6406995e-01
   3.6618971e-01
   3.6883943e-01
   3.7254901e-01
   3.7519873e-01
   3.7678855e-01
   3.7731849e-01
   3.7625861e-01
   3.7360891e-01
   3.7095919e-01
   3.6671965e-01
   3.6301006e-01
   3.5930048e-01
   3.5506094e-01
   3.5135135e-01
   3.4764175e-01
   3.4446210e-01
   3.4128245e-01
   3.3969263e-01
   3.3916270e-01
   3.3969263e-01
   3.4128246e-01
   3.4393216e-01
   3.4817170e-01
   3.5347112e-01
   3.5930048e-01
   3.6512984e-01
   3.7095919e-01
   3.7784843e-01
   3.8420774e-01
   3.9162692e-01
   3.9904611e-01
   4.0646528e-01
   4.1441442e-01
   4.2236354e-01
   4.2978272e-01
   4.3614202e-01
   4.4091149e-01
   4.4356121e-01
   4.4356120e-01
   4.4144144e-01
   4.3773185e-01
   4.3190249e-01
   4.2554319e-01
   4.1918389e-01
   4.1335452e-01
   4.0911500e-01
   4.0540541e-01
   4.0434552e-01
   4.0434552e-01
   4.0593534e-01
   4.0858505e-01
   4.1229465e-01
   4.1653418e-01
   4.2183359e-01
   4.2766295e-01
   4.3508214e-01
   4.4356120e-01
   4.5363009e-01
   4.6422893e-01
   4.7535771e-01
   4.8648649e-01
   4.9549548e-01
   5.0344462e-01
   5.0874403e-01
   5.1192369e-01
   5.1298356e-01
   5.1298357e-01
   5.1298357e-01
   5.1404345e-01
   5.1616322e-01
   5.2093270e-01
   5.2676206e-01
   5.3524112e-01
   5.4531000e-01
   5.5537890e-01
   5.6438791e-01
   5.7339693e-01
   5.7922628e-01
   5.8293587e-01
   5.8558558e-01
   5.8558558e-01
   5.8399575e-01
   5.8293587e-01
   5.8134604e-01
   5.7975622e-01
   5.7869634e-01
   5.7816640e-01
   5.7763646e-01
   5.7710652e-01
   5.7604662e-01
   5.7445681e-01
   5.7286698e-01
   5.7074721e-01
   5.7021727e-01
   5.7074721e-01
   5.7233704e-01
   5.7604663e-01
   5.8240593e-01
   5.8876523e-01
   5.9671435e-01
   6.0466348e-01
   6.1261261e-01
   6.1950185e-01
   6.2480127e-01
   6.2904080e-01
   6.3222046e-01
   6.3381028e-01
   6.3487016e-01
   6.3434022e-01
   6.3381027e-01
   6.3328034e-01
   6.3222046e-01
   6.3116056e-01
   6.2904081e-01
   6.2798092e-01
   6.2639109e-01
   6.2480127e-01
   6.2427133e-01
   6.2321144e-01
   6.2215157e-01
   6.2056173e-01
   6.1685215e-01
   6.1261261e-01
   6.0625330e-01
   5.9883413e-01
   5.9088500e-01
   5.8346582e-01
   5.7710652e-01
   5.7392687e-01
   5.7339692e-01
   5.7710651e-01
   5.8346581e-01
   5.9247483e-01
   6.0201378e-01
   6.0943295e-01
   6.1526231e-01
   6.1738209e-01
   6.1632219e-01
   6.1155272e-01
   6.0466348e-01
   5.9671435e-01
   5.8982511e-01
   5.8452569e-01
   5.8187600e-01
   5.8187600e-01
   5.8399576e-01
   5.8664547e-01
   5.8876524e-01
   5.8982511e-01
   5.8876523e-01
   5.8505564e-01
   5.7869634e-01
   5.7127715e-01
   5.6332803e-01
   5.5590884e-01
   5.5007949e-01
   5.4689984e-01
   5.4742978e-01
   5.5113938e-01
   5.5749867e-01
   5.6703763e-01
   5.7869634e-01
   5.9088500e-01
   6.0413354e-01
   6.1632219e-01
   6.2692103e-01
   6.3487016e-01
   6.4016958e-01
   6.4175940e-01
   6.4122946e-01
   6.3804981e-01
   6.3328034e-01
   6.2745098e-01
   6.2162161e-01
   6.1632219e-01
   6.1367249e-01
   6.1208266e-01
   6.1314255e-01
   6.1685213e-01
   6.2162161e-01
   6.2851086e-01
   6.3540009e-01
   6.4281929e-01
   6.4917859e-01
   6.5500794e-01
   6.5924747e-01
   6.6242712e-01
   6.6454690e-01
   6.6507684e-01
   6.6560678e-01
   6.6613671e-01
   6.6613672e-01
   6.6666666e-01
   6.6772654e-01
   6.6825649e-01
   6.6878643e-01
   6.6772654e-01
   6.6560678e-01
   6.6136724e-01
   6.5606783e-01
   6.5023847e-01
   6.4281929e-01
   6.3645998e-01
   6.3116056e-01
   6.2745098e-01
   6.2639109e-01
   6.2586115e-01
   6.2692103e-01
   6.2851086e-01
   6.3010068e-01
   6.3116056e-01
   6.3116056e-01
   6.3010068e-01
   6.2798092e-01
   6.2639109e-01
   6.2427132e-01
   6.2374138e-01
   6.2427133e-01
   6.2639109e-01
   6.3063063e-01
   6.3487015e-01
   6.4122946e-01
   6.4705881e-01
   6.5341812e-01
   6.5924748e-01
   6.6454690e-01
   6.6878643e-01
   6.7196607e-01
   6.7355590e-01
   6.7408585e-01
   6.7302597e-01
   6.7090620e-01
   6.6772654e-01
   6.6295706e-01
   6.5871753e-01
   6.5394807e-01
   6.5076841e-01
   6.4864865e-01
   6.4864865e-01
   6.5076841e-01
   6.5447801e-01
   6.5818760e-01
   6.6189718e-01
   6.6401696e-01
   6.6507684e-01
   6.6401695e-01
   6.6083730e-01
   6.5553789e-01
   6.5076841e-01
   6.4493905e-01
   6.4122946e-01
   6.3910969e-01
   6.3910969e-01
   6.4228934e-01
   6.4811871e-01
   6.5606783e-01
   6.6560678e-01
   6.7567567e-01
   6.8627451e-01
   6.9581345e-01
   7.0376259e-01
   7.0959194e-01
   7.1277159e-01
   7.1277159e-01
   7.1171171e-01
   7.0800211e-01
   7.0482246e-01
   7.0111287e-01
   6.9846317e-01
   6.9793322e-01
   6.9846315e-01
   7.0058293e-01
   7.0323265e-01
   7.0482247e-01
   7.0429252e-01
   7.0164281e-01
   6.9475358e-01
   6.8468468e-01
   6.7249601e-01
   6.5765766e-01
   6.4281929e-01
   6.2957074e-01
   6.1791202e-01
   6.0996290e-01
   6.0466348e-01
   6.0254372e-01
   6.0307366e-01
   6.0466348e-01
   6.0731318e-01
   6.0943296e-01
   6.1208266e-01
   6.1367250e-01
   6.1526231e-01
   6.1685215e-01
   6.1791203e-01
   6.2056173e-01
   6.2321144e-01
   6.2745098e-01
   6.3222046e-01
   6.3751986e-01
   6.4334923e-01
   6.4917858e-01
   6.5447800e-01
   6.5871754e-01
   6.6242714e-01
   6.6507684e-01
   6.6666666e-01
   6.6719660e-01
   6.6560677e-01
   6.6295706e-01
   6.5924748e-01
   6.5394807e-01
   6.4758877e-01
   6.4122946e-01
   6.3381028e-01
   6.2692103e-01
   6.2056173e-01
   6.1473237e-01
   6.1049284e-01
   6.0731320e-01
   6.0519342e-01
   6.0466348e-01
   6.0519342e-01
   6.0678324e-01
   6.0943296e-01
   6.1208266e-01
   6.1473237e-01
   6.1738207e-01
   6.1950185e-01
   6.2162161e-01
   6.2268150e-01
   6.2268150e-01
   6.2268151e-01
   6.2268151e-01
   6.2162161e-01
   6.2056173e-01
   6.1897191e-01
   6.1844197e-01
   6.1791203e-01
   6.1844197e-01
   6.2056173e-01
   6.2374139e-01
   6.2798092e-01
   6.3328034e-01
   6.3857975e-01
   6.4440911e-01
   6.5023847e-01
   6.5553788e-01
   6.5871754e-01
   6.6083730e-01
   6.6083730e-01
   6.5924748e-01
   6.5500795e-01
   6.4917859e-01
   6.4122945e-01
   6.3381028e-01
   6.2639109e-01
   6.2003179e-01
   6.1632220e-01
   6.1420243e-01
   6.1473237e-01
   6.1685213e-01
   6.1950185e-01
   6.2215157e-01
   6.2427132e-01
   6.2427133e-01
   6.2215155e-01
   6.1844197e-01
   6.1261261e-01
   6.0625331e-01
   6.0042394e-01
   5.9565447e-01
   5.9141495e-01
   5.8982511e-01
   5.8876524e-01
   5.8876523e-01
   5.8876523e-01
   5.8823529e-01
   5.8611552e-01
   5.8293587e-01
   5.7816639e-01
   5.7233704e-01
   5.6650767e-01
   5.6014837e-01
   5.5537890e-01
   5.5060942e-01
   5.4689984e-01
   5.4372018e-01
   5.4001059e-01
   5.3683095e-01
   5.3312135e-01
   5.2888182e-01
   5.2305246e-01
   5.1669316e-01
   5.1033387e-01
   5.0238473e-01
   4.9496556e-01
   4.8701643e-01
   4.7906729e-01
   4.7164811e-01
   4.6528882e-01
   4.5892951e-01
   4.5468999e-01
   4.5151033e-01
   4.5045045e-01
   4.5098039e-01
   4.5310015e-01
   4.5733969e-01
   4.6263911e-01
   4.7005830e-01
   4.7747747e-01
   4.8489665e-01
   4.9231584e-01
   4.9867514e-01
   5.0344462e-01
   5.0609433e-01
   5.0768415e-01
   5.0821409e-01
   5.0662427e-01
   5.0503443e-01
   5.0291467e-01
   5.0132485e-01
   5.0026496e-01
   4.9920508e-01
   4.9973502e-01
   5.0079492e-01
   5.0397456e-01
   5.0715421e-01
   5.1245363e-01
   5.1775304e-01
   5.2358240e-01
   5.3100159e-01
   5.3789082e-01
   5.4531000e-01
   5.5272920e-01
   5.5908850e-01
   5.6491786e-01
   5.6915738e-01
   5.7233704e-01
   5.7339693e-01
   5.7392686e-01
   5.7339692e-01
   5.7180711e-01
   5.7021727e-01
   5.6809750e-01
   5.6597775e-01
   5.6279809e-01
   5.5855856e-01
   5.5272919e-01
   5.4478007e-01
   5.3471117e-01
   5.2146264e-01
   5.0715421e-01
   4.9019608e-01
   4.7270800e-01
   4.5416003e-01
   4.3667197e-01
   4.1971384e-01
   4.0487546e-01
   3.9321674e-01
   3.8420774e-01
   3.7890832e-01
   3.7784843e-01
   3.8102809e-01
   3.8844726e-01
   3.9957605e-01
   4.1335453e-01
   4.2925277e-01
   4.4727079e-01
   4.6528882e-01
   4.8277689e-01
   4.9867514e-01
   5.1192368e-01
   5.2305246e-01
   5.3100159e-01
   5.3524111e-01
   5.3683095e-01
   5.3577107e-01
   5.3312136e-01
   5.2888182e-01
   5.2411235e-01
   5.1881292e-01
   5.1351351e-01
   5.0927398e-01
   5.0609433e-01
   5.0344461e-01
   5.0185480e-01
   5.0185479e-01
   5.0185480e-01
   5.0291468e-01
   5.0450450e-01
   5.0662427e-01
   5.0927397e-01
   5.1351350e-01
   5.1722310e-01
   5.2199258e-01
   5.2570216e-01
   5.2835188e-01
   5.2782193e-01
   5.2464228e-01
   5.1669316e-01
   5.0662427e-01
   4.9284578e-01
   4.7906730e-01
   4.6528882e-01
   4.5468999e-01
   4.4780074e-01
   4.4621091e-01
   4.4992051e-01
   4.5892951e-01
   4.7164812e-01
   4.8489665e-01
   4.9814520e-01
   5.0927398e-01
   5.1722310e-01
   5.2093270e-01
   5.2146264e-01
   5.1934287e-01
   5.1563329e-01
   5.1192368e-01
   5.0980391e-01
   5.0927397e-01
   5.1033385e-01
   5.1298356e-01
   5.1669316e-01
   5.1987281e-01
   5.2146264e-01
   5.2146264e-01
   5.1828299e-01
   5.1298357e-01
   5.0662427e-01
   4.9867514e-01
   4.9178590e-01
   4.8648649e-01
   4.8489665e-01
   4.8595654e-01
   4.9019608e-01
   4.9867514e-01
   5.0821409e-01
   5.1934286e-01
   5.2888182e-01
   5.3683094e-01
   5.4160042e-01
   5.4213037e-01
   5.3895071e-01
   5.3259141e-01
   5.2305246e-01
   5.1192369e-01
   5.0026498e-01
   4.8807631e-01
   4.7641759e-01
   4.6528882e-01
   4.5521993e-01
   4.4674085e-01
   4.3932166e-01
   4.3243243e-01
   4.2819289e-01
   4.2395335e-01
   4.2236353e-01
   4.2236353e-01
   4.2448331e-01
   4.2766295e-01
   4.3296236e-01
   4.3879173e-01
   4.4621092e-01
   4.5363010e-01
   4.6210917e-01
   4.7111818e-01
   4.8171701e-01
   4.9231584e-01
   5.0397456e-01
   5.1616322e-01
   5.2835187e-01
   5.3948065e-01
   5.4795972e-01
   5.5378908e-01
   5.5484896e-01
   5.5113936e-01
   5.4266031e-01
   5.2994170e-01
   5.1404345e-01
   4.9708531e-01
   4.8171701e-01
   4.6793853e-01
   4.5945945e-01
   4.5521993e-01
   4.5680975e-01
   4.6316905e-01
   4.7323793e-01
   4.8595655e-01
   4.9973502e-01
   5.1192368e-01
   5.2199258e-01
   5.2888182e-01
   5.3259141e-01
   5.3312135e-01
   5.3206148e-01
   5.2994170e-01
   5.2729199e-01
   5.2464228e-01
   5.2305246e-01
   5.2040276e-01
   5.1881292e-01
   5.1722310e-01
   5.1457339e-01
   5.1245363e-01
   5.1033385e-01
   5.0927398e-01
   5.0821409e-01
   5.0927398e-01
   5.1245363e-01
   5.1775304e-01
   5.2570216e-01
   5.3471118e-01
   5.4583995e-01
   5.5749867e-01
   5.6915738e-01
   5.8028616e-01
   5.8982511e-01
