   0.0000000e+00
   5.0600345e-02
   1.1921098e-01
   1.9382505e-01
   2.6329331e-01
   3.2046884e-01
   3.6306461e-01
   3.9222413e-01
   4.1137793e-01
   4.2481418e-01
   4.3424814e-01
   4.4110920e-01
   4.4396799e-01
   4.4082333e-01
   4.3110349e-01
   4.1423671e-01
   3.9251000e-01
   3.6906805e-01
   3.4877073e-01
   3.3533448e-01
   3.3190395e-01
   3.3990852e-01
   3.5820469e-01
   3.8393367e-01
   4.1366495e-01
   4.4253859e-01
   4.6683820e-01
   4.8284734e-01
   4.8885078e-01
   4.8427673e-01
   4.7055461e-01
   4.4968553e-01
   4.2395654e-01
   3.9508291e-01
   3.6420812e-01
   3.3304746e-01
   3.0160092e-01
   2.7044026e-01
   2.4213837e-01
   2.1926815e-01
   2.0668954e-01
   2.0983419e-01
   2.3184677e-01
   2.7501429e-01
   3.3876502e-01
   4.1709548e-01
   5.0200115e-01
   5.8233276e-01
   6.4694112e-01
   6.8553459e-01
   6.9096627e-01
   6.6237850e-01
   6.0148657e-01
   5.1743854e-01
   4.2195541e-01
   3.3018868e-01
   2.5614637e-01
   2.1297885e-01
   2.0811893e-01
   2.4442539e-01
   3.1761006e-01
   4.1766724e-01
   5.3030304e-01
   6.3979417e-01
   7.3041738e-01
   7.8959406e-01
   8.1017725e-01
   7.8959406e-01
   7.3241853e-01
   6.4722699e-01
   5.4602630e-01
   4.4225272e-01
   3.4905660e-01
   2.7815895e-01
   2.3670669e-01
   2.2870212e-01
   2.5185821e-01
   3.0131504e-01
   3.6763865e-01
   4.4025157e-01
   5.0800458e-01
   5.6089194e-01
   5.9291024e-01
   6.0120068e-01
   5.8633505e-01
   5.5231561e-01
   5.0485992e-01
   4.5054317e-01
   3.9594054e-01
   3.4676958e-01
   3.0731847e-01
   2.8044597e-01
   2.6643796e-01
   2.6558033e-01
   2.7644368e-01
   2.9616924e-01
   3.2161235e-01
   3.4991424e-01
   3.7793025e-01
   4.0308748e-01
   4.2395654e-01
   4.3939394e-01
   4.4882791e-01
   4.5140080e-01
   4.4711264e-01
   4.3624929e-01
   4.1852487e-01
   3.9622642e-01
   3.7049743e-01
   3.4505431e-01
   3.2361349e-01
   3.0874786e-01
   3.0388794e-01
   3.1074900e-01
   3.2875929e-01
   3.5620355e-01
   3.9079474e-01
   4.2853059e-01
   4.6512293e-01
   4.9742710e-01
   5.2172671e-01
   5.3573471e-01
   5.3916524e-01
   5.3144655e-01
   5.1457976e-01
   4.8999428e-01
   4.6054889e-01
   4.2881647e-01
   3.9679817e-01
   3.6649514e-01
   3.3905089e-01
   3.1618068e-01
   2.9874214e-01
   2.8930818e-01
   2.9016581e-01
   3.0303030e-01
   3.2904517e-01
   3.6849629e-01
   4.1852487e-01
   4.7541452e-01
   5.3316181e-01
   5.8519154e-01
   6.2407089e-01
   6.4436822e-01
   6.4208119e-01
   6.1635220e-01
   5.6946827e-01
   5.0657519e-01
   4.3653517e-01
   3.6992568e-01
   3.1703831e-01
   2.8702116e-01
   2.8759291e-01
   3.2075472e-01
   3.8421956e-01
   4.7026872e-01
   5.6746713e-01
   6.6266438e-01
   7.4213837e-01
   7.9359634e-01
   8.0989136e-01
   7.8787879e-01
   7.3041739e-01
   6.4465409e-01
   5.4145226e-01
   4.3453402e-01
   3.3876501e-01
   2.6615209e-01
   2.2755860e-01
   2.2927387e-01
   2.7101201e-01
   3.4877073e-01
   4.5197256e-01
   5.6689537e-01
   6.7724414e-01
   7.6786736e-01
   8.2590051e-01
   8.4305317e-01
   8.1732419e-01
   7.5214409e-01
   6.5694683e-01
   5.4459692e-01
   4.2995998e-01
   3.2790166e-01
   2.5128645e-01
   2.0897656e-01
   2.0526015e-01
   2.3785020e-01
   3.0017153e-01
   3.8136078e-01
   4.6798171e-01
   5.4688394e-01
   6.0691824e-01
   6.4036592e-01
   6.4379645e-01
   6.1892510e-01
   5.7118353e-01
   5.0800458e-01
   4.3853631e-01
   3.7192682e-01
   3.1560892e-01
   2.7501430e-01
   2.5300171e-01
   2.5042882e-01
   2.6472270e-01
   2.9302459e-01
   3.3047456e-01
   3.7078331e-01
   4.0937679e-01
   4.4196684e-01
   4.6540881e-01
   4.7855918e-01
   4.8170383e-01
   4.7570040e-01
   4.6226416e-01
   4.4282447e-01
   4.1909663e-01
   3.9308176e-01
   3.6592338e-01
   3.3905089e-01
   3.1503717e-01
   2.9559748e-01
   2.8216124e-01
   2.7558605e-01
   2.7701544e-01
   2.8616353e-01
   3.0245855e-01
   3.2447113e-01
   3.5048599e-01
   3.7878788e-01
   4.0708977e-01
   4.3224700e-01
   4.5254432e-01
   4.6540880e-01
   4.6912522e-01
   4.6397942e-01
   4.4968554e-01
   4.2938822e-01
   4.0508862e-01
   3.7993139e-01
   3.5648943e-01
   3.3704975e-01
   3.2304174e-01
   3.1589480e-01
   3.1532304e-01
   3.2361350e-01
   3.4019440e-01
   3.6620926e-01
   4.0022870e-01
   4.4168096e-01
   4.8713551e-01
   5.3201830e-01
   5.7261292e-01
   6.0291595e-01
   6.1921098e-01
   6.1806747e-01
   5.9777016e-01
   5.6060606e-01
   5.0943396e-01
   4.5111492e-01
   3.9336764e-01
   3.4505432e-01
   3.1446541e-01
   3.0789022e-01
   3.2933105e-01
   3.7764437e-01
   4.4825615e-01
   5.3173242e-01
   6.1720983e-01
   6.9268153e-01
   7.4614065e-01
   7.6986850e-01
   7.5929103e-01
   7.1469411e-01
   6.4093768e-01
   5.4831332e-01
   4.4854203e-01
   3.5563179e-01
   2.8359063e-01
   2.4356775e-01
   2.4271012e-01
   2.8330475e-01
   3.6106346e-01
   4.6598057e-01
   5.8433391e-01
   6.9925672e-01
   7.9473985e-01
   8.5734705e-01
   8.7793025e-01
   8.5363064e-01
   7.8787879e-01
   6.9010864e-01
   5.7261292e-01
   4.5168668e-01
   3.4219554e-01
   2.5757576e-01
   2.0754717e-01
   1.9639794e-01
   2.2384220e-01
   2.8301887e-01
   3.6335049e-01
   4.5225843e-01
   5.3630646e-01
   6.0405946e-01
   6.4722699e-01
   6.6152087e-01
   6.4779874e-01
   6.1006290e-01
   5.5546026e-01
   4.9256719e-01
   4.3024586e-01
   3.7564323e-01
   3.3447685e-01
   3.0989137e-01
   3.0331618e-01
   3.1275015e-01
   3.3504860e-01
   3.6592338e-01
   3.9994282e-01
   4.3196112e-01
   4.5797598e-01
   4.7598628e-01
   4.8427673e-01
   4.8341910e-01
   4.7427101e-01
   4.5854774e-01
   4.3796455e-01
   4.1366495e-01
   3.8707834e-01
   3.5906232e-01
   3.3190395e-01
   3.0703259e-01
   2.8673528e-01
   2.7301315e-01
   2.6729560e-01
   2.7044025e-01
   2.8273300e-01
   3.0303030e-01
   3.2990280e-01
   3.6192110e-01
   3.9594054e-01
   4.2853059e-01
   4.5654660e-01
   4.7684391e-01
   4.8656375e-01
   4.8513437e-01
   4.7255575e-01
   4.5025729e-01
   4.2224129e-01
   3.9193826e-01
   3.6363637e-01
   3.4048028e-01
   3.2418525e-01
   3.1646655e-01
   3.1703831e-01
   3.2532876e-01
   3.4105203e-01
   3.6392224e-01
   3.9308176e-01
   4.2881647e-01
   4.6883934e-01
   5.1143511e-01
   5.5317325e-01
   5.9033734e-01
   6.1806747e-01
   6.3321898e-01
   6.3236135e-01
   6.1435106e-01
   5.7975986e-01
   5.3116066e-01
   4.7398514e-01
   4.1509434e-01
   3.6363637e-01
   3.2732991e-01
   3.1332190e-01
   3.2675815e-01
   3.6792453e-01
   4.3310463e-01
   5.1515151e-01
   6.0291595e-01
   6.8410521e-01
   7.4671241e-01
   7.8016009e-01
   7.7901658e-01
   7.4156661e-01
   6.7267010e-01
   5.8090338e-01
   4.7941681e-01
   3.8307604e-01
   3.0674672e-01
   2.6329331e-01
   2.6043453e-01
   2.9988565e-01
   3.7793025e-01
   4.8341910e-01
   6.0091481e-01
   7.1440823e-01
   8.0703259e-01
   8.6649514e-01
   8.8536306e-01
   8.6306461e-01
   8.0474557e-01
   7.1983991e-01
   6.2121212e-01
   5.2201258e-01
   4.3453402e-01
   3.6792453e-01
   3.2818754e-01
   3.1675243e-01
   3.3161807e-01
   3.6763865e-01
   4.1709548e-01
   4.7169811e-01
   5.2258434e-01
   5.6346484e-01
   5.8833620e-01
   5.9433962e-01
   5.8118925e-01
   5.5088622e-01
   5.0686107e-01
   4.5368783e-01
   3.9765580e-01
   3.4448257e-01
   2.9988565e-01
   2.6872499e-01
   2.5385935e-01
   2.5643225e-01
   2.7472842e-01
   3.0588908e-01
   3.4505432e-01
   3.8593482e-01
   4.2338480e-01
   4.5311606e-01
   4.7226986e-01
   4.7970269e-01
   4.7541453e-01
   4.6140652e-01
   4.3996570e-01
   4.1309320e-01
   3.8421956e-01
   3.5477416e-01
   3.2818754e-01
   3.0588908e-01
   2.9016581e-01
   2.8187536e-01
   2.8187536e-01
   2.8959405e-01
   3.0445969e-01
   3.2532876e-01
   3.5134363e-01
   3.8021727e-01
   4.0937679e-01
   4.3710692e-01
   4.5940538e-01
   4.7341338e-01
   4.7655804e-01
   4.6826758e-01
   4.4825615e-01
   4.1909662e-01
   3.8536307e-01
   3.5305890e-01
   3.2761578e-01
   3.1389365e-01
   3.1503717e-01
   3.3161807e-01
   3.6163522e-01
   4.0165809e-01
   4.4625501e-01
   4.8999428e-01
   5.2715838e-01
   5.5431676e-01
   5.6775300e-01
   5.6689537e-01
   5.5260149e-01
   5.2744426e-01
   4.9399657e-01
   4.5711836e-01
   4.1995426e-01
   3.8679245e-01
   3.5963408e-01
   3.4076615e-01
   3.3047456e-01
   3.2961693e-01
   3.3819325e-01
   3.5591767e-01
   3.8193254e-01
   4.1452259e-01
   4.5197256e-01
   4.9056604e-01
   5.2658662e-01
   5.5546026e-01
   5.7375643e-01
   5.7918811e-01
   5.6975415e-01
   5.4631218e-01
   5.1086335e-01
   4.6683820e-01
   4.1881075e-01
   3.7135506e-01
   3.2990280e-01
   2.9988565e-01
   2.8587765e-01
   2.9073757e-01
   3.1560892e-01
   3.6020583e-01
   4.2024014e-01
   4.8970841e-01
   5.6117782e-01
   6.2607204e-01
   6.7610063e-01
   7.0440252e-01
   7.0754717e-01
   6.8353345e-01
   6.3464837e-01
   5.6575186e-01
   4.8370497e-01
   3.9822756e-01
   3.1875358e-01
   2.5471698e-01
   2.1440824e-01
   2.0297313e-01
   2.2212694e-01
   2.6986850e-01
   3.4019440e-01
   4.2424243e-01
   5.1114923e-01
   5.9005146e-01
   6.5094340e-01
   6.8639222e-01
   6.9296741e-01
   6.7038308e-01
   6.2235564e-01
   5.5546026e-01
   4.7970269e-01
   4.0451687e-01
   3.3905089e-01
   2.9045169e-01
   2.6243568e-01
   2.5471698e-01
   2.6529445e-01
   2.8816467e-01
   3.1761006e-01
   3.4762722e-01
   3.7364208e-01
   3.9393940e-01
   4.0766152e-01
   4.1538022e-01
   4.1909663e-01
   4.1938250e-01
   4.1709548e-01
   4.1223556e-01
   4.0480274e-01
   3.9536878e-01
   3.8450543e-01
   3.7421384e-01
   3.6620927e-01
   3.6306461e-01
   3.6649514e-01
   3.7707261e-01
   3.9479703e-01
   4.1823899e-01
   4.4453974e-01
   4.7055460e-01
   4.9313894e-01
   5.0800458e-01
   5.1343625e-01
   5.0743282e-01
   4.9056604e-01
   4.6397942e-01
   4.3196112e-01
   3.9765580e-01
   3.6620926e-01
   3.4105203e-01
   3.2532877e-01
   3.2018296e-01
   3.2590051e-01
   3.4048028e-01
   3.6192110e-01
   3.8650658e-01
   4.1052029e-01
   4.3081761e-01
   4.4396798e-01
   4.4797027e-01
   4.4253859e-01
   4.2767295e-01
   4.0651801e-01
   3.8193253e-01
   3.5820469e-01
   3.3847913e-01
   3.2561464e-01
   3.1989709e-01
   3.2104060e-01
   3.2675815e-01
   3.3590624e-01
   3.4648371e-01
   3.5791881e-01
   3.7164094e-01
   3.8879360e-01
   4.1109206e-01
   4.3967982e-01
   4.7284163e-01
   5.0886221e-01
   5.4316752e-01
   5.7118354e-01
   5.8747856e-01
   5.8862207e-01
   5.7289880e-01
   5.4088051e-01
   4.9599772e-01
   4.4453974e-01
   3.9422527e-01
   3.5305889e-01
   3.2847342e-01
   3.2675815e-01
   3.4962836e-01
   3.9622641e-01
   4.6226415e-01
   5.4002287e-01
   6.1978273e-01
   6.9125214e-01
   7.4642653e-01
   7.7758719e-01
   7.8101773e-01
   7.5586049e-01
   7.0411664e-01
   6.3121784e-01
   5.4488279e-01
   4.5397370e-01
   3.6906804e-01
   3.0017153e-01
   2.5557462e-01
   2.4213837e-01
   2.6243568e-01
   3.1446541e-01
   3.9222413e-01
   4.8570612e-01
   5.8233276e-01
   6.6866781e-01
   7.3213265e-01
   7.6272156e-01
   7.5614637e-01
   7.1154946e-01
   6.3579188e-01
   5.3887936e-01
   4.3510578e-01
   3.3962264e-01
   2.6558033e-01
   2.2269868e-01
   2.1497999e-01
   2.4099486e-01
   2.9331047e-01
   3.6020583e-01
   4.2995998e-01
   4.9085192e-01
   5.3544883e-01
   5.6089194e-01
   5.6775300e-01
   5.6032018e-01
   5.4431103e-01
   5.2515723e-01
   5.0686107e-01
   4.9113779e-01
   4.7798743e-01
   4.6655231e-01
   4.5540309e-01
   4.4425386e-01
   4.3367639e-01
   4.2538594e-01
   4.2109777e-01
   4.2281304e-01
   4.3253288e-01
   4.4911378e-01
   4.7112636e-01
   4.9542596e-01
   5.1743854e-01
   5.3259005e-01
   5.3744997e-01
   5.2944540e-01
   5.0886221e-01
   4.7770155e-01
   4.4025158e-01
   4.0137222e-01
   3.6678102e-01
   3.4162379e-01
   3.2818753e-01
   3.2790166e-01
   3.3933676e-01
   3.5963408e-01
   3.8536307e-01
   4.1194969e-01
   4.3596341e-01
   4.5511721e-01
   4.6740995e-01
   4.7198399e-01
   4.6998285e-01
   4.6255003e-01
   4.5140080e-01
   4.3853631e-01
   4.2538594e-01
   4.1252145e-01
   4.0022870e-01
   3.8793596e-01
   3.7478559e-01
   3.6077759e-01
   3.4705546e-01
   3.3619211e-01
   3.3276158e-01
   3.4076615e-01
   3.6477987e-01
   4.0566038e-01
   4.6255003e-01
   5.3087478e-01
   6.0263008e-01
   6.6895369e-01
   7.1926816e-01
   7.4556890e-01
   7.4271012e-01
   7.0983419e-01
   6.4951401e-01
   5.7032591e-01
   4.8370498e-01
   4.0308748e-01
   3.4248142e-01
   3.1275015e-01
   3.2189823e-01
   3.7135506e-01
   4.5769011e-01
   5.7061178e-01
   6.9582619e-01
   8.1589480e-01
   9.1538022e-01
   9.7941681e-01
   1.0000000e+00
   9.7427102e-01
   9.0594626e-01
   8.0445970e-01
   6.8381933e-01
   5.5974843e-01
   4.4825615e-01
   3.6306461e-01
   3.1475129e-01
   3.0731847e-01
   3.4048028e-01
   4.0766152e-01
   4.9685535e-01
   5.9491139e-01
   6.8724986e-01
   7.6043453e-01
   8.0503145e-01
   8.1618067e-01
   7.9359634e-01
   7.4185249e-01
   6.6866781e-01
   5.8433391e-01
   4.9971412e-01
   4.2481418e-01
   3.6792453e-01
   3.3419097e-01
   3.2590051e-01
   3.4219554e-01
   3.7850200e-01
   4.2853059e-01
   4.8399086e-01
   5.3744997e-01
   5.8147513e-01
   6.1177816e-01
   6.2607204e-01
   6.2492853e-01
   6.0949114e-01
   5.8404803e-01
   5.5202973e-01
   5.1743854e-01
   4.8341910e-01
   4.5254431e-01
   4.2681533e-01
   4.0737565e-01
   3.9508291e-01
   3.8936535e-01
   3.9108062e-01
   3.9851344e-01
   4.1109206e-01
   4.2767295e-01
   4.4739851e-01
   4.6883934e-01
   4.8999428e-01
   5.0886221e-01
   5.2372785e-01
   5.3230418e-01
   5.3230418e-01
   5.2344197e-01
   5.0571756e-01
   4.8113207e-01
   4.5283019e-01
   4.2452830e-01
   3.9994282e-01
   3.8164666e-01
   3.7164094e-01
   3.7021155e-01
   3.7764437e-01
   3.9251000e-01
   4.1366496e-01
   4.3996569e-01
   4.7026872e-01
   5.0285878e-01
   5.3573470e-01
   5.6660949e-01
   5.9319611e-01
   6.1149228e-01
   6.1978274e-01
   6.1635220e-01
   6.0091481e-01
   5.7461406e-01
   5.3916524e-01
   4.9914237e-01
   4.5854774e-01
   4.2338480e-01
   3.9908520e-01
   3.8965123e-01
   3.9851343e-01
   4.2681533e-01
   4.7312750e-01
   5.3344769e-01
   6.0062894e-01
   6.6695254e-01
   7.2355632e-01
   7.6357918e-01
   7.7987421e-01
   7.6958262e-01
   7.3356203e-01
   6.7467124e-01
   6.0005718e-01
   5.1915380e-01
   4.4339623e-01
   3.8336192e-01
   3.4991424e-01
   3.4934248e-01
   3.8450544e-01
   4.5254431e-01
   5.4659806e-01
   6.5408805e-01
   7.6129217e-01
   8.5363065e-01
   9.1766724e-01
   9.4425386e-01
   9.2910234e-01
   8.7364208e-01
   7.8473414e-01
   6.7324185e-01
   5.5431676e-01
   4.4282447e-01
   3.5363065e-01
   2.9817039e-01
   2.8359063e-01
   3.1103488e-01
   3.7535735e-01
   4.6626644e-01
   5.6975414e-01
   6.6866781e-01
   7.4957119e-01
   7.9959977e-01
   8.1275014e-01
   7.8787879e-01
   7.2955975e-01
   6.4694111e-01
   5.5231561e-01
   4.5854774e-01
   3.7735849e-01
   3.1961121e-01
   2.9073757e-01
   2.9273871e-01
   3.2332761e-01
   3.7621498e-01
   4.4196684e-01
   5.1086335e-01
   5.7261292e-01
   6.1863922e-01
   6.4465409e-01
   6.4865638e-01
   6.3178959e-01
   5.9862779e-01
   5.5460263e-01
   5.0543168e-01
   4.5654660e-01
   4.1223556e-01
   3.7592910e-01
   3.4877073e-01
   3.3161807e-01
   3.2532876e-01
   3.2790166e-01
   3.3847914e-01
   3.5534591e-01
   3.7650086e-01
   3.9994283e-01
   4.2338479e-01
   4.4568325e-01
   4.6483706e-01
   4.7913094e-01
   4.8770726e-01
   4.8942253e-01
   4.8341910e-01
   4.6969698e-01
   4.4968553e-01
   4.2510006e-01
   3.9908520e-01
   3.7449971e-01
   3.5506004e-01
   3.4333905e-01
   3.4105203e-01
   3.4877072e-01
   3.6620926e-01
   3.9136650e-01
   4.2224128e-01
   4.5540309e-01
   4.8799314e-01
   5.1658090e-01
   5.3687822e-01
   5.4774157e-01
   5.4688394e-01
   5.3516295e-01
   5.1429388e-01
   4.8713551e-01
   4.5740424e-01
   4.2853059e-01
   4.0394511e-01
   3.8421956e-01
   3.7078331e-01
   3.6449400e-01
   3.6506575e-01
   3.7335620e-01
   3.9136650e-01
   4.2024014e-01
   4.6112065e-01
   5.1343625e-01
   5.7461407e-01
   6.4008005e-01
   7.0240138e-01
   7.5414523e-01
   7.8587765e-01
   7.9216696e-01
   7.6872499e-01
   7.1669526e-01
   6.4122355e-01
   5.5260149e-01
   4.6426530e-01
   3.9136650e-01
   3.4648371e-01
   3.4076616e-01
   3.7707261e-01
   4.5425958e-01
   5.6117782e-01
   6.8353345e-01
   8.0331618e-01
   9.0194397e-01
   9.6483705e-01
   9.8198971e-01
   9.5082904e-01
   8.7592911e-01
   7.6758147e-01
   6.4093768e-01
   5.1315038e-01
   4.0080046e-01
   3.1875358e-01
   2.7644368e-01
   2.7758719e-01
   3.2046884e-01
   3.9708405e-01
   4.9542596e-01
   6.0005718e-01
   6.9582619e-01
   7.6958262e-01
   8.1132076e-01
   8.1675243e-01
   7.8587765e-01
   7.2412808e-01
   6.4065181e-01
   5.4545455e-01
   4.5140080e-01
   3.6906805e-01
   3.0674671e-01
   2.7044025e-01
   2.6214980e-01
   2.8073185e-01
   3.2132647e-01
   3.7678674e-01
   4.3796455e-01
   4.9628360e-01
   5.4488279e-01
   5.7775872e-01
   5.9233848e-01
   5.8919382e-01
   5.7032591e-01
   5.3945111e-01
   5.0085763e-01
   4.5854774e-01
   4.1680961e-01
   3.7907376e-01
   3.4791310e-01
   3.2647228e-01
   3.1589480e-01
   3.1875358e-01
   3.3419097e-01
   3.6134934e-01
   3.9822756e-01
   4.4082333e-01
   4.8513436e-01
   5.2687250e-01
   5.6117782e-01
   5.8433391e-01
   5.9433962e-01
   5.9005146e-01
   5.7146941e-01
   5.4145226e-01
   5.0343054e-01
   4.6112064e-01
   4.1938250e-01
   3.8221841e-01
   3.5248714e-01
   3.3247570e-01
   3.2189823e-01
   3.2104060e-01
   3.2904517e-01
   3.4476844e-01
   3.6792452e-01
   3.9708405e-01
   4.3081761e-01
   4.6683820e-01
   5.0200115e-01
   5.3316181e-01
   5.5631790e-01
   5.6861064e-01
   5.6803888e-01
   5.5546026e-01
   5.3144655e-01
   5.0057176e-01
   4.6626644e-01
   4.3424814e-01
   4.0794740e-01
   3.9165237e-01
   3.8679245e-01
   3.9508291e-01
   4.1595197e-01
   4.4739851e-01
   4.8570612e-01
   5.2773014e-01
   5.6861064e-01
   6.0377359e-01
   6.2921670e-01
   6.4150944e-01
   6.3893654e-01
   6.2064037e-01
   5.8719268e-01
   5.4116638e-01
   4.8713551e-01
   4.3053174e-01
   3.7850200e-01
   3.3962264e-01
   3.2018296e-01
   3.2675815e-01
   3.6134934e-01
   4.2252716e-01
   5.0457404e-01
   5.9691253e-01
   6.8724986e-01
   7.6243568e-01
   8.1046313e-01
   8.2304174e-01
   7.9759862e-01
   7.3584906e-01
   6.4522585e-01
   5.3773585e-01
   4.2710120e-01
   3.2818753e-01
   2.5414523e-01
   2.1440824e-01
   2.1469411e-01
   2.5443111e-01
   3.2732990e-01
   4.2367067e-01
   5.2944540e-01
   6.3064609e-01
   7.1355060e-01
   7.6758148e-01
   7.8702115e-01
   7.7072613e-01
   7.2212693e-01
   6.4865637e-01
   5.6089194e-01
   4.6998285e-01
   3.8822184e-01
   3.2475701e-01
   2.8673528e-01
   2.7758719e-01
   2.9702688e-01
   3.3990852e-01
   3.9822756e-01
   4.6340766e-01
   5.2458547e-01
   5.7318468e-01
   6.0348771e-01
   6.1263579e-01
   6.0120068e-01
   5.7261292e-01
   5.3201830e-01
   4.8513436e-01
   4.3767867e-01
   3.9479703e-01
   3.5934820e-01
   3.3361922e-01
   3.1875358e-01
   3.1446541e-01
   3.1961121e-01
   3.3276157e-01
   3.5248714e-01
   3.7621498e-01
   4.0222985e-01
   4.2853059e-01
   4.5340195e-01
   4.7570040e-01
   4.9371069e-01
   5.0543168e-01
   5.0971984e-01
   5.0514580e-01
   4.9142367e-01
   4.7055461e-01
   4.4482562e-01
   4.1823900e-01
   3.9479703e-01
   3.7878788e-01
   3.7335620e-01
   3.7850200e-01
   3.9393940e-01
   4.1738136e-01
   4.4539737e-01
   4.7427101e-01
   5.0200115e-01
   5.2601487e-01
   5.4545454e-01
   5.6060606e-01
   5.7175529e-01
   5.7918811e-01
   5.8319039e-01
   5.8319039e-01
   5.7775872e-01
   5.6632361e-01
   5.4716981e-01
   5.2001144e-01
   4.8570612e-01
   4.4654088e-01
   4.0708977e-01
   3.7249857e-01
   3.5020012e-01
   3.4476844e-01
   3.6106346e-01
   3.9994283e-01
   4.5883362e-01
   5.3173242e-01
   6.0949114e-01
   6.8181818e-01
   7.3727844e-01
   7.6786736e-01
   7.6758148e-01
   7.3527730e-01
   6.7352773e-01
   5.9119497e-01
   4.9942825e-01
   4.1137793e-01
   3.4162379e-01
   3.0217267e-01
   3.0102916e-01
   3.4019440e-01
   4.1680961e-01
   5.2029731e-01
   6.3664952e-01
   7.4957119e-01
   8.4162379e-01
   9.0051458e-01
   9.1652373e-01
   8.8793597e-01
   8.1818182e-01
   7.1669526e-01
   5.9748428e-01
   4.7598628e-01
   3.6821041e-01
   2.8787879e-01
   2.4442539e-01
   2.4271012e-01
   2.8101773e-01
   3.5334477e-01
   4.4768439e-01
   5.4974271e-01
   6.4493996e-01
   7.1926815e-01
   7.6357919e-01
   7.7186964e-01
   7.4499714e-01
   6.8782161e-01
   6.0949114e-01
   5.2029731e-01
   4.3281876e-01
   3.5706118e-01
   3.0188679e-01
   2.7215552e-01
   2.7044026e-01
   2.9331047e-01
   3.3704975e-01
   3.9279589e-01
   4.5311607e-01
   5.0914808e-01
   5.5403088e-01
   5.8404803e-01
   5.9634077e-01
   5.9233848e-01
   5.7404232e-01
   5.4431103e-01
   5.0657519e-01
   4.6397942e-01
   4.1966838e-01
   3.7650086e-01
   3.3790738e-01
   3.0646084e-01
   2.8673528e-01
   2.8101773e-01
   2.9216695e-01
   3.1989709e-01
   3.6335049e-01
   4.1823899e-01
   4.7913093e-01
   5.3887936e-01
   5.9033734e-01
   6.2635792e-01
   6.4293882e-01
   6.3636364e-01
   6.0777587e-01
   5.6003431e-01
   5.0000001e-01
   4.3481990e-01
   3.7221270e-01
   3.1846770e-01
   2.7958833e-01
   2.5757576e-01
   2.5185821e-01
   2.6014866e-01
   2.7930246e-01
   3.0588908e-01
   3.3676387e-01
   3.6935392e-01
   4.0280160e-01
   4.3596341e-01
   4.6712407e-01
   4.9571184e-01
   5.2029731e-01
   5.3802173e-01
   5.4774157e-01
   5.4774157e-01
   5.3716410e-01
   5.1629503e-01
   4.8627787e-01
   4.4968553e-01
   4.0994854e-01
   3.7249857e-01
   3.4133790e-01
   3.2304174e-01
   3.2189823e-01
   3.4105203e-01
   3.8136078e-01
   4.4025158e-01
   5.1200686e-01
   5.8862207e-01
   6.6094911e-01
   7.1869640e-01
   7.5328760e-01
   7.5843339e-01
   7.3270441e-01
   6.7753002e-01
   6.0034305e-01
   5.1114923e-01
   4.2367067e-01
   3.5191538e-01
   3.0846198e-01
   3.0274443e-01
   3.3819325e-01
   4.1252144e-01
   5.1629503e-01
   6.3579188e-01
   7.5414522e-01
   8.5334477e-01
   9.1881075e-01
   9.4082333e-01
   9.1509434e-01
   8.4534020e-01
   7.4128074e-01
   6.1635220e-01
   4.8799314e-01
   3.7364208e-01
   2.8816466e-01
   2.4213837e-01
   2.4070898e-01
   2.8330474e-01
   3.6163522e-01
   4.6312179e-01
   5.7261292e-01
   6.7381361e-01
   7.5328759e-01
   8.0045740e-01
   8.1046313e-01
   7.8416238e-01
   7.2698685e-01
   6.4751286e-01
   5.5717553e-01
   4.6655232e-01
   3.8650658e-01
   3.2418525e-01
   2.8502001e-01
   2.7101201e-01
   2.8044597e-01
   3.0931962e-01
   3.5162950e-01
   3.9994282e-01
   4.4768439e-01
   4.8827901e-01
   5.1886793e-01
   5.3716410e-01
   5.4373928e-01
   5.4059462e-01
   5.3087478e-01
   5.1658090e-01
   4.9971413e-01
   4.8141795e-01
   4.6255003e-01
   4.4311035e-01
   4.2367067e-01
   4.0423099e-01
   3.8650658e-01
   3.7135506e-01
   3.6020583e-01
   3.5448828e-01
   3.5477416e-01
   3.6220698e-01
   3.7507147e-01
   3.9251000e-01
   4.1252145e-01
   4.3196112e-01
   4.4739851e-01
   4.5654660e-01
   4.5711836e-01
   4.4911378e-01
   4.3281876e-01
   4.1109206e-01
   3.8650658e-01
   3.6277873e-01
   3.4305317e-01
   3.2847342e-01
   3.2161236e-01
   3.2218410e-01
   3.3047456e-01
   3.4648371e-01
   3.6935392e-01
   3.9822756e-01
   4.3081761e-01
   4.6598056e-01
   5.0028588e-01
   5.3116066e-01
   5.5517439e-01
   5.6918239e-01
   5.7204117e-01
   5.6203545e-01
   5.3945112e-01
   5.0628931e-01
   4.6540880e-01
   4.2109777e-01
   3.7850201e-01
   3.4362493e-01
   3.2246998e-01
   3.1989709e-01
   3.3962264e-01
   3.8193253e-01
   4.4396799e-01
   5.2029731e-01
   6.0148656e-01
   6.7724414e-01
   7.3785020e-01
   7.7329903e-01
   7.7787307e-01
   7.4985706e-01
   6.9153802e-01
   6.1034877e-01
   5.1801030e-01
   4.2767296e-01
   3.5420240e-01
   3.1046313e-01
   3.0445970e-01
   3.3962265e-01
   4.1252144e-01
   5.1315037e-01
   6.2721556e-01
   7.3756432e-01
   8.2818753e-01
   8.8479131e-01
   8.9879932e-01
   8.6792453e-01
   7.9731275e-01
   6.9611206e-01
   5.7833047e-01
   4.6083477e-01
   3.5849057e-01
   2.8502001e-01
   2.4871356e-01
   2.5385935e-01
   2.9874214e-01
   3.7507147e-01
   4.7169812e-01
   5.7404231e-01
   6.6781018e-01
   7.4042310e-01
   7.8273300e-01
   7.9016581e-01
   7.6300744e-01
   7.0640366e-01
   6.2864494e-01
   5.3973700e-01
   4.5025729e-01
   3.7021155e-01
   3.0760435e-01
   2.6758148e-01
   2.5271584e-01
   2.6243568e-01
   2.9273871e-01
   3.3790738e-01
   3.9079475e-01
   4.4339623e-01
   4.8856490e-01
   5.2115495e-01
   5.3802173e-01
   5.3773585e-01
   5.2201258e-01
   4.9313894e-01
   4.5483133e-01
   4.1080618e-01
   3.6620927e-01
   3.2418525e-01
   2.8873642e-01
   2.6243568e-01
   2.4814179e-01
   2.4585478e-01
   2.5614637e-01
   2.7730132e-01
   3.0731847e-01
   3.4391081e-01
   3.8307604e-01
   4.2224128e-01
   4.5797598e-01
   4.8770727e-01
   5.0914808e-01
   5.1972556e-01
   5.1886793e-01
   5.0686107e-01
   4.8484849e-01
   4.5568897e-01
   4.2252716e-01
   3.8879360e-01
   3.5849057e-01
   3.3361921e-01
   3.1560892e-01
   3.0503145e-01
   3.0245855e-01
   3.0703259e-01
   3.1932533e-01
   3.3933677e-01
   3.6678102e-01
   4.0108634e-01
   4.4053745e-01
   4.8256146e-01
   5.2287022e-01
   5.5688966e-01
   5.8004574e-01
   5.8890795e-01
   5.8147513e-01
   5.5774728e-01
   5.1915381e-01
   4.7055461e-01
   4.1738136e-01
   3.6706690e-01
   3.2704402e-01
   3.0417381e-01
   3.0331618e-01
   3.2790166e-01
   3.7678674e-01
   4.4596913e-01
   5.2801601e-01
   6.1349342e-01
   6.9096627e-01
   7.5042882e-01
   7.8301887e-01
   7.8330474e-01
   7.5014294e-01
   6.8696399e-01
   6.0034305e-01
   5.0314466e-01
   4.0766152e-01
   3.2933105e-01
   2.8044597e-01
   2.6986850e-01
   3.0131504e-01
   3.7221270e-01
   4.7341338e-01
   5.9119497e-01
   7.0869068e-01
   8.0903373e-01
   8.7793025e-01
   9.0594625e-01
   8.8907948e-01
   8.2990280e-01
   7.3727844e-01
   6.2292739e-01
   5.0228702e-01
   3.8965123e-01
   2.9959978e-01
   2.4213837e-01
   2.2412808e-01
   2.4642653e-01
   3.0617496e-01
   3.9451115e-01
   4.9942825e-01
   6.0749000e-01
   7.0354488e-01
   7.7558605e-01
   8.1446541e-01
   8.1532304e-01
   7.7787308e-01
   7.0754717e-01
   6.1349342e-01
   5.0771870e-01
   4.0394511e-01
   3.1389365e-01
   2.4871356e-01
   2.1412235e-01
   2.1183534e-01
   2.3927959e-01
   2.8845055e-01
   3.5048599e-01
   4.1452259e-01
   4.7112636e-01
   5.1372213e-01
   5.3830761e-01
   5.4488279e-01
   5.3487707e-01
   5.1257862e-01
   4.8170383e-01
   4.4596913e-01
   4.0937679e-01
   3.7449971e-01
   3.4362493e-01
   3.1989709e-01
   3.0445970e-01
   2.9959978e-01
   3.0617496e-01
   3.2418525e-01
   3.5248714e-01
   3.8793597e-01
   4.2767296e-01
   4.6740995e-01
   5.0314466e-01
   5.3058891e-01
   5.4716981e-01
   5.5060035e-01
   5.4059462e-01
   5.1858205e-01
   4.8684963e-01
   4.4997142e-01
   4.1194969e-01
   3.7764437e-01
   3.4991424e-01
   3.3104632e-01
   3.2161235e-01
   3.2046884e-01
   3.2647227e-01
   3.3790738e-01
   3.5334477e-01
   3.7164094e-01
   3.9279589e-01
   4.1652373e-01
   4.4168096e-01
   4.6798171e-01
   4.9313894e-01
   5.1515152e-01
   5.3087479e-01
   5.3744997e-01
   5.3287593e-01
   5.1572327e-01
   4.8599200e-01
   4.4596913e-01
   3.9937107e-01
   3.5220126e-01
   3.1246427e-01
   2.8644940e-01
   2.8130360e-01
   3.0074328e-01
   3.4505432e-01
   4.1109206e-01
   4.9085192e-01
   5.7547170e-01
   6.5265866e-01
   7.1154946e-01
   7.4385363e-01
   7.4356775e-01
   7.1040594e-01
   6.4779875e-01
   5.6460835e-01
   4.7198399e-01
   3.8364780e-01
   3.1360778e-01
   2.7329903e-01
   2.7101200e-01
   3.0903374e-01
   3.8421955e-01
   4.8742138e-01
   6.0548886e-01
   7.2212693e-01
   8.2046884e-01
   8.8793597e-01
   9.1452259e-01
   8.9679817e-01
   8.3762150e-01
   7.4499715e-01
   6.3178960e-01
   5.1200686e-01
   4.0222985e-01
   3.1532304e-01
   2.6243568e-01
   2.4785592e-01
   2.7215552e-01
   3.2933105e-01
   4.0937679e-01
   4.9914237e-01
   5.8490566e-01
   6.5408805e-01
   6.9782733e-01
   7.1126358e-01
   6.9353916e-01
   6.4951401e-01
   5.8576330e-01
   5.1143511e-01
   4.3596341e-01
   3.6763865e-01
   3.1389366e-01
   2.7930246e-01
   2.6500858e-01
   2.7129788e-01
   2.9473985e-01
   3.3076043e-01
   3.7364208e-01
   4.1709548e-01
   4.5654660e-01
   4.8799314e-01
   5.0971984e-01
   5.2172670e-01
   5.2429960e-01
   5.1915380e-01
   5.0886221e-01
   4.9399657e-01
   4.7570040e-01
   4.5511721e-01
   4.3281876e-01
   4.1023442e-01
   3.8822184e-01
   3.6878216e-01
   3.5334477e-01
   3.4362493e-01
   3.4019440e-01
   3.4419669e-01
   3.5534591e-01
   3.7278445e-01
   3.9393940e-01
   4.1652373e-01
   4.3796455e-01
   4.5483133e-01
   4.6483705e-01
   4.6598056e-01
   4.5797598e-01
   4.4225272e-01
   4.2109777e-01
   3.9736993e-01
   3.7421384e-01
   3.5363064e-01
   3.3762150e-01
   3.2761578e-01
   3.2389937e-01
   3.2732991e-01
   3.3790738e-01
   3.5677530e-01
   3.8336192e-01
   4.1709548e-01
   4.5683248e-01
   4.9942825e-01
   5.4116638e-01
   5.7718697e-01
   6.0320183e-01
   6.1492281e-01
   6.1034877e-01
   5.8862207e-01
   5.5117210e-01
   5.0171527e-01
   4.4596913e-01
   3.9136650e-01
   3.4619783e-01
   3.1818182e-01
   3.1303602e-01
   3.3447684e-01
   3.8250429e-01
   4.5311607e-01
   5.3859348e-01
   6.2835907e-01
   7.1040595e-01
   7.7387078e-01
   8.0931961e-01
   8.1132075e-01
   7.7758719e-01
   7.1183534e-01
   6.2235563e-01
   5.2058319e-01
   4.2052602e-01
   3.3704975e-01
   2.8273299e-01
   2.6643797e-01
   2.9273871e-01
   3.5906232e-01
   4.5683248e-01
   5.7289880e-01
   6.9153802e-01
   7.9588337e-01
   8.7135506e-01
   9.0851915e-01
   9.0280160e-01
   8.5506004e-01
   7.7215551e-01
   6.6466552e-01
   5.4659806e-01
   4.3053173e-01
   3.3047456e-01
   2.5700400e-01
   2.1726701e-01
   2.1497999e-01
   2.4842767e-01
   3.1217840e-01
   3.9765581e-01
   4.9371069e-01
   5.8833619e-01
   6.6981132e-01
   7.2870212e-01
   7.5871927e-01
   7.5700401e-01
   7.2384219e-01
   6.6437965e-01
   5.8576329e-01
   4.9771298e-01
   4.1052030e-01
   3.3419097e-01
   2.7587192e-01
   2.4128074e-01
   2.3184677e-01
   2.4585478e-01
   2.7873070e-01
   3.2332762e-01
   3.7335620e-01
   4.2138365e-01
   4.6197828e-01
   4.9113779e-01
   5.0657519e-01
   5.0743282e-01
   4.9428245e-01
   4.6912522e-01
   4.3453402e-01
   3.9451115e-01
   3.5305890e-01
   3.1503717e-01
   2.8444826e-01
   2.6415094e-01
   2.5643225e-01
   2.6129217e-01
   2.7758720e-01
   3.0331618e-01
   3.3504860e-01
   3.6992567e-01
   4.0480274e-01
   4.3682104e-01
   4.6369354e-01
   4.8284735e-01
   4.9342482e-01
   4.9485420e-01
   4.8713551e-01
   4.7226987e-01
   4.5197256e-01
   4.2881647e-01
   4.0537450e-01
   3.8393367e-01
   3.6649514e-01
   3.5420240e-01
   3.4848485e-01
   3.5020012e-01
   3.6077759e-01
   3.8107490e-01
   4.1109206e-01
   4.5082905e-01
   4.9799886e-01
   5.4888508e-01
   5.9891367e-01
   6.4150944e-01
   6.7181247e-01
   6.8439108e-01
   6.7695826e-01
   6.4865637e-01
   6.0148657e-01
   5.4088050e-01
   4.7427101e-01
   4.1109206e-01
   3.6106346e-01
   3.3247570e-01
   3.3218983e-01
   3.6277873e-01
   4.2224129e-01
   5.0428816e-01
   5.9834191e-01
   6.9210978e-01
   7.7158376e-01
   8.2561464e-01
   8.4648371e-01
   8.3018868e-01
   7.7901659e-01
   6.9982847e-01
   6.0291595e-01
   5.0114352e-01
   4.0794740e-01
   3.3504860e-01
   2.9130932e-01
   2.8101773e-01
   3.0445970e-01
   3.5677531e-01
   4.2967410e-01
   5.1200686e-01
   5.9348199e-01
   6.6237851e-01
   7.1154946e-01
   7.3527731e-01
   7.3156090e-01
   7.0154374e-01
   6.4951401e-01
   5.8147513e-01
   5.0485992e-01
   4.2938822e-01
   3.6335049e-01
   3.1503717e-01
   2.9102345e-01
   2.9388222e-01
   3.2275587e-01
   3.7335620e-01
   4.3796455e-01
   5.0657519e-01
   5.6861064e-01
   6.1549457e-01
   6.4036592e-01
   6.4093768e-01
   6.1720983e-01
   5.7347056e-01
   5.1629503e-01
   4.5311607e-01
   3.9108062e-01
   3.3790738e-01
   2.9845626e-01
   2.7558605e-01
   2.7129789e-01
   2.8387651e-01
   3.1017725e-01
   3.4619783e-01
   3.8593482e-01
   4.2481418e-01
   4.5883362e-01
   4.8513437e-01
   5.0142939e-01
   5.0657518e-01
   5.0142939e-01
   4.8656375e-01
   4.6283591e-01
   4.3253288e-01
   3.9822755e-01
   3.6249285e-01
   3.2904517e-01
   3.0131504e-01
   2.8158948e-01
   2.7215552e-01
   2.7329903e-01
   2.8444825e-01
   3.0445969e-01
   3.3133219e-01
   3.6192110e-01
   3.9422527e-01
   4.2567182e-01
   4.5340194e-01
   4.7570040e-01
   4.9085192e-01
   4.9742710e-01
   4.9571184e-01
   4.8627787e-01
   4.7055461e-01
   4.5082905e-01
   4.2938822e-01
   4.0766152e-01
   3.8793596e-01
   3.7192682e-01
   3.6192110e-01
   3.5849057e-01
   3.6477987e-01
   3.8136078e-01
   4.0966267e-01
   4.4854203e-01
   4.9628360e-01
   5.4888508e-01
   6.0034305e-01
   6.4436821e-01
   6.7467125e-01
   6.8639222e-01
   6.7610063e-01
   6.4408233e-01
   5.9262436e-01
   5.2830189e-01
   4.5911950e-01
   3.9622642e-01
   3.4877073e-01
   3.2647227e-01
   3.3533448e-01
   3.7650086e-01
   4.4682676e-01
   5.3802173e-01
   6.3836478e-01
   7.3356204e-01
   8.1046313e-01
   8.5791881e-01
   8.6849629e-01
   8.4048027e-01
   7.7730132e-01
   6.8696398e-01
   5.8033162e-01
   4.7169811e-01
   3.7421384e-01
   3.0045741e-01
   2.5929103e-01
   2.5614638e-01
   2.9102344e-01
   3.5934820e-01
   4.5168669e-01
   5.5574614e-01
   6.5694683e-01
   7.4213837e-01
   8.0017153e-01
   8.2332762e-01
   8.0903374e-01
   7.5986278e-01
   6.8210406e-01
   5.8633505e-01
   4.8484848e-01
   3.9022299e-01
   3.1417953e-01
   2.6558033e-01
   2.4871355e-01
   2.6415094e-01
   3.0760435e-01
   3.7078331e-01
   4.4339623e-01
   5.1400801e-01
   5.7232705e-01
   6.1120641e-01
   6.2635792e-01
   6.1749571e-01
   5.8776444e-01
   5.4202402e-01
   4.8684963e-01
   4.2910235e-01
   3.7507147e-01
   3.2961693e-01
   2.9645512e-01
   2.7758719e-01
   2.7387078e-01
   2.8387651e-01
   3.0560320e-01
   3.3619211e-01
   3.7135506e-01
   4.0708977e-01
   4.4082333e-01
   4.6883934e-01
   4.8885078e-01
   5.0028588e-01
   5.0200115e-01
   4.9371069e-01
   4.7684391e-01
   4.5283019e-01
   4.2367067e-01
   3.9222413e-01
   3.6249286e-01
   3.3704975e-01
   3.1846769e-01
   3.0789022e-01
   3.0617496e-01
   3.1246427e-01
   3.2561464e-01
   3.4448256e-01
   3.6735278e-01
   3.9336764e-01
   4.2081189e-01
   4.4911378e-01
   4.7541452e-01
   4.9857061e-01
   5.1600915e-01
   5.2630074e-01
   5.2744425e-01
   5.1972556e-01
   5.0343053e-01
   4.8027445e-01
   4.5140080e-01
   4.2052602e-01
   3.9022299e-01
   3.6420812e-01
   3.4648371e-01
   3.4048027e-01
   3.4962836e-01
   3.7535735e-01
   4.1738136e-01
   4.7312750e-01
   5.3744997e-01
   6.0320183e-01
   6.6237851e-01
   7.0640366e-01
   7.2841623e-01
   7.2412808e-01
   6.9268154e-01
   6.3664952e-01
   5.6375072e-01
   4.8313322e-01
   4.0794740e-01
   3.4962836e-01
   3.1989709e-01
   3.2504288e-01
   3.6763865e-01
   4.4339623e-01
   5.4316752e-01
   6.5323042e-01
   7.5814752e-01
   8.4276730e-01
   8.9508291e-01
   9.0708977e-01
   8.7793025e-01
   8.1074900e-01
   7.1440823e-01
   6.0234420e-01
   4.8799314e-01
   3.8564894e-01
   3.0760435e-01
   2.6272155e-01
   2.5557462e-01
   2.8587765e-01
   3.4877072e-01
   4.3510577e-01
   5.3259005e-01
   6.2835907e-01
   7.1012007e-01
   7.6786736e-01
   7.9559748e-01
   7.9130932e-01
   7.5728988e-01
   6.9839909e-01
   6.2321327e-01
   5.3973700e-01
   4.5654660e-01
   3.8193253e-01
   3.2218410e-01
   2.8216124e-01
   2.6443682e-01
   2.6958262e-01
   2.9588337e-01
   3.3933676e-01
   3.9479703e-01
   4.5568897e-01
   5.1543740e-01
   5.6689537e-01
   6.0405946e-01
   6.2378502e-01
   6.2292739e-01
   6.0205832e-01
   5.6403659e-01
   5.1286449e-01
   4.5483133e-01
   3.9679817e-01
   3.4419668e-01
   3.0188680e-01
   2.7301315e-01
   2.5843339e-01
   2.5757576e-01
   2.6758148e-01
   2.8616352e-01
   3.0960549e-01
   3.3504860e-01
   3.5963408e-01
   3.8050314e-01
   3.9651229e-01
   4.0508862e-01
   4.0623214e-01
   3.9908519e-01
   3.8564894e-01
   3.6763865e-01
   3.4791310e-01
   3.2990280e-01
   3.1646655e-01
   3.0931962e-01
   3.0903374e-01
   3.1618068e-01
   3.2961693e-01
   3.4877073e-01
   3.7249857e-01
   3.9994282e-01
   4.2967410e-01
   4.6054889e-01
   4.9028016e-01
   5.1686678e-01
   5.3687822e-01
   5.4831332e-01
   5.4945683e-01
   5.3916524e-01
   5.1858205e-01
   4.8999428e-01
   4.5540309e-01
   4.1966838e-01
   3.8650658e-01
   3.6049171e-01
   3.4562608e-01
   3.4562608e-01
   3.6220698e-01
   3.9622642e-01
   4.4625501e-01
   5.0800458e-01
   5.7547170e-01
   6.4179531e-01
   6.9897084e-01
   7.4099486e-01
   7.6272156e-01
   7.6100629e-01
   7.3670669e-01
   6.9182390e-01
   6.3293311e-01
   5.6718125e-01
   5.0314466e-01
   4.5025729e-01
   4.1566610e-01
   4.0623214e-01
   4.2481418e-01
   4.6998285e-01
   5.3716409e-01
   6.1778159e-01
   7.0097198e-01
   7.7415666e-01
   8.2618639e-01
   8.4762722e-01
   8.3419097e-01
   7.8473414e-01
   7.0440252e-01
   6.0263007e-01
   4.9170955e-01
   3.8650658e-01
   3.0045741e-01
   2.4614065e-01
   2.2984563e-01
   2.5328760e-01
   3.1246427e-01
   3.9708405e-01
   4.9399657e-01
   5.8833620e-01
   6.6580903e-01
   7.1640938e-01
   7.3441967e-01
   7.1869640e-01
   6.7381361e-01
   6.0691824e-01
   5.2773014e-01
   4.4711264e-01
   3.7392796e-01
   3.1589480e-01
   2.7844483e-01
   2.6329331e-01
   2.7072613e-01
   2.9645512e-01
   3.3647799e-01
   3.8336192e-01
   4.3081761e-01
   4.7312750e-01
   5.0600343e-01
   5.2658662e-01
   5.3487708e-01
   5.3144655e-01
   5.1858205e-01
   4.9828474e-01
   4.7341338e-01
   4.4539737e-01
   4.1680961e-01
   3.8879359e-01
   3.6363637e-01
   3.4276730e-01
   3.2790166e-01
   3.2104060e-01
   3.2332761e-01
   3.3447684e-01
   3.5477415e-01
   3.8336192e-01
   4.1766724e-01
   4.5425957e-01
   4.8856490e-01
   5.1686678e-01
   5.3487707e-01
   5.3916524e-01
   5.2887364e-01
   5.0514580e-01
   4.7084048e-01
   4.2995998e-01
   3.8850772e-01
   3.5105775e-01
   3.2189823e-01
   3.0331618e-01
   2.9531161e-01
   2.9845626e-01
   3.1103488e-01
   3.3247570e-01
   3.6134934e-01
   3.9622641e-01
   4.3653517e-01
   4.7970269e-01
   5.2372784e-01
   5.6432247e-01
   5.9805603e-01
   6.2092624e-01
   6.2978845e-01
   6.2264151e-01
   5.9919954e-01
   5.6146370e-01
   5.1229274e-01
   4.5797599e-01
   4.0451687e-01
   3.6020583e-01
   3.3190394e-01
   3.2561464e-01
   3.4562608e-01
   3.9193825e-01
   4.6112064e-01
   5.4574043e-01
   6.3636364e-01
   7.2126930e-01
   7.8816467e-01
   8.2761578e-01
   8.3218983e-01
   8.0045740e-01
   7.3441968e-01
   6.4265295e-01
   5.3744997e-01
   4.3367639e-01
   3.4705546e-01
   2.9130932e-01
   2.7672956e-01
   3.0731847e-01
   3.8021726e-01
   4.8599200e-01
   6.1034877e-01
   7.3499142e-01
   8.4190966e-01
   9.1623785e-01
   9.4739851e-01
   9.3110349e-01
   8.7078330e-01
   7.7530018e-01
   6.5780446e-01
   5.3459120e-01
   4.2138365e-01
   3.3276158e-01
   2.7844483e-01
   2.6415095e-01
   2.8902230e-01
   3.4734134e-01
   4.2910235e-01
   5.2144082e-01
   6.1063465e-01
   6.8439108e-01
   7.3441968e-01
   7.5471698e-01
   7.4556890e-01
   7.0926243e-01
   6.5151515e-01
   5.7975987e-01
   5.0257290e-01
   4.2824471e-01
   3.6363637e-01
   3.1446541e-01
   2.8416238e-01
   2.7472842e-01
   2.8416238e-01
   3.0960549e-01
   3.4619783e-01
   3.8879359e-01
   4.3110349e-01
   4.6826758e-01
   4.9742710e-01
   5.1600915e-01
   5.2401373e-01
   5.2115495e-01
   5.0971984e-01
   4.9056604e-01
   4.6598057e-01
   4.3767868e-01
   4.0766152e-01
   3.7850200e-01
   3.5220126e-01
   3.3161807e-01
   3.1789594e-01
   3.1332190e-01
   3.1789594e-01
   3.3161807e-01
   3.5420240e-01
   3.8393368e-01
   4.1795312e-01
   4.5254431e-01
   4.8456261e-01
   5.0943396e-01
   5.2344197e-01
   5.2458548e-01
   5.1229274e-01
   4.8799314e-01
   4.5425958e-01
   4.1680961e-01
   3.7993139e-01
   3.4905661e-01
   3.2818754e-01
   3.1989709e-01
   3.2590051e-01
   3.4448257e-01
   3.7421384e-01
   4.1252144e-01
   4.5368783e-01
   4.9399657e-01
   5.2858777e-01
   5.5345912e-01
   5.6546599e-01
   5.6375072e-01
   5.4831332e-01
   5.2144083e-01
   4.8627788e-01
   4.4596913e-01
   4.0423100e-01
   3.6449400e-01
   3.2961693e-01
   3.0274443e-01
   2.8759292e-01
   2.8644940e-01
   3.0245855e-01
   3.3762150e-01
   3.9108062e-01
   4.5997713e-01
   5.3802173e-01
   6.1663808e-01
   6.8610635e-01
   7.3670669e-01
   7.6014866e-01
   7.5185821e-01
   7.1126358e-01
   6.4265295e-01
   5.5488851e-01
   4.6054889e-01
   3.7249857e-01
   3.0531733e-01
   2.6986850e-01
   2.7301315e-01
   3.1618068e-01
   3.9479703e-01
   4.9885649e-01
   6.1406518e-01
   7.2412808e-01
   8.1446541e-01
   8.7192682e-01
   8.8907948e-01
   8.6392224e-01
   8.0074329e-01
   7.0811893e-01
   5.9919955e-01
   4.8770726e-01
   3.8879360e-01
   3.1332190e-01
   2.7101200e-01
   2.6529445e-01
   2.9473985e-01
   3.5363065e-01
   4.3167524e-01
   5.1686678e-01
   5.9662664e-01
   6.6037736e-01
   6.9982847e-01
   7.1183534e-01
   6.9639794e-01
   6.5751858e-01
   6.0177244e-01
   5.3687822e-01
   4.7055460e-01
   4.0994855e-01
   3.6077759e-01
   3.2675815e-01
   3.1046313e-01
   3.1103488e-01
   3.2675815e-01
   3.5448828e-01
   3.8907948e-01
   4.2595769e-01
   4.6026301e-01
   4.8827901e-01
   5.0686107e-01
   5.1543740e-01
   5.1286450e-01
   5.0057175e-01
   4.7941681e-01
   4.5168668e-01
   4.2024014e-01
   3.8765008e-01
   3.5591767e-01
   3.2875929e-01
   3.0846198e-01
   2.9645512e-01
   2.9359634e-01
   2.9959977e-01
   3.1360778e-01
   3.3419097e-01
   3.5963408e-01
   3.8765008e-01
   4.1680961e-01
   4.4453974e-01
   4.6826758e-01
   4.8627787e-01
   4.9656947e-01
   4.9742710e-01
   4.8942253e-01
   4.7398513e-01
   4.5311607e-01
   4.3110349e-01
   4.1109206e-01
   3.9594054e-01
   3.8736421e-01
   3.8650658e-01
   3.9251001e-01
   4.0451687e-01
   4.2081189e-01
   4.4168096e-01
   4.6598056e-01
   4.9428245e-01
   5.2572899e-01
   5.6003431e-01
   5.9433962e-01
   6.2664380e-01
   6.5180104e-01
   6.6580903e-01
   6.6495140e-01
   6.4522584e-01
   6.0691824e-01
   5.5174385e-01
   4.8484849e-01
   4.1480847e-01
   3.5191539e-01
   3.0560321e-01
   2.8502001e-01
   2.9616925e-01
   3.4019440e-01
   4.1223556e-01
   5.0400229e-01
   6.0263008e-01
   6.9411092e-01
   7.6443682e-01
   8.0331618e-01
   8.0474557e-01
   7.6786736e-01
   6.9725557e-01
   6.0348771e-01
   4.9914237e-01
   3.9965695e-01
   3.1961121e-01
   2.7129788e-01
   2.6272156e-01
   2.9616924e-01
   3.6706690e-01
   4.6598057e-01
   5.7890223e-01
   6.8925100e-01
   7.8187536e-01
   8.4391081e-01
   8.6649514e-01
   8.4734134e-01
   7.8959406e-01
   7.0125786e-01
   5.9462550e-01
   4.8427673e-01
   3.8364780e-01
   3.0503145e-01
   2.5728989e-01
   2.4442539e-01
   2.6558034e-01
   3.1503717e-01
   3.8336193e-01
   4.5883362e-01
   5.2944540e-01
   5.8547741e-01
   6.2035449e-01
   6.3064608e-01
   6.1835335e-01
   5.8690680e-01
   5.4345340e-01
   4.9399657e-01
   4.4568325e-01
   4.0280160e-01
   3.6878216e-01
   3.4562608e-01
   3.3361921e-01
   3.3190394e-01
   3.3933676e-01
   3.5363065e-01
   3.7364208e-01
   3.9679817e-01
   4.2138365e-01
   4.4482562e-01
   4.6626644e-01
   4.8284735e-01
   4.9371069e-01
   4.9656947e-01
   4.9085192e-01
   4.7598628e-01
   4.5254431e-01
   4.2252716e-01
   3.8879360e-01
   3.5534591e-01
   3.2618640e-01
   3.0388794e-01
   2.9159520e-01
   2.9016581e-01
   2.9959977e-01
   3.1846769e-01
   3.4562608e-01
   3.7907376e-01
   4.1623785e-01
   4.5425958e-01
   4.9056604e-01
   5.2115495e-01
   5.4402516e-01
   5.5574614e-01
   5.5574614e-01
   5.4316752e-01
   5.1972556e-01
   4.8770727e-01
   4.4997142e-01
   4.0994855e-01
   3.7106918e-01
   3.3619211e-01
   3.0817611e-01
   2.8987993e-01
   2.8444826e-01
