   2.4335106e-01
   2.0179521e-01
   1.9747341e-01
   2.3603724e-01
   3.1117021e-01
   4.1156916e-01
   5.1928192e-01
   6.1602394e-01
   6.8384309e-01
   7.1309842e-01
   6.9847075e-01
   6.4461437e-01
   5.6083778e-01
   4.6143617e-01
   3.6203457e-01
   2.7726064e-01
   2.1808511e-01
   1.9281915e-01
   2.0345745e-01
   2.4700799e-01
   3.1682181e-01
   4.0292554e-01
   4.9235372e-01
   5.7347075e-01
   6.3331117e-01
   6.6223405e-01
   6.5558511e-01
   6.1136968e-01
   5.3224734e-01
   4.2819149e-01
   3.1017288e-01
   1.9348404e-01
   9.4747343e-02
   2.8922875e-02
   6.9813803e-03
   3.4906916e-02
   1.1136968e-01
   2.2805852e-01
   3.7001330e-01
   5.1795213e-01
   6.5093085e-01
   7.5033245e-01
   8.0219416e-01
   8.0019947e-01
   7.4601065e-01
   6.4827129e-01
   5.2227394e-01
   3.8630319e-01
   2.5997341e-01
   1.6023936e-01
   1.0006649e-01
   8.6103724e-02
   1.2034575e-01
   1.9547873e-01
   3.0019947e-01
   4.1954787e-01
   5.3590426e-01
   6.3264628e-01
   6.9647607e-01
   7.1941490e-01
   7.0113032e-01
   6.4727394e-01
   5.6848405e-01
   4.8005319e-01
   3.9694150e-01
   3.3244681e-01
   2.9654256e-01
   2.9321809e-01
   3.2081117e-01
   3.7300532e-01
   4.3849734e-01
   5.0531915e-01
   5.6117022e-01
   5.9574469e-01
   6.0339096e-01
   5.8311171e-01
   5.3889628e-01
   4.7972075e-01
   4.1855054e-01
   3.6768617e-01
   3.3942820e-01
   3.4075798e-01
   3.7333777e-01
   4.3384309e-01
   5.1230053e-01
   5.9408245e-01
   6.6555852e-01
   7.1143618e-01
   7.2307181e-01
   6.9614362e-01
   6.3331118e-01
   5.4388298e-01
   4.4115692e-01
   3.4275266e-01
   2.6462767e-01
   2.2041224e-01
   2.1675532e-01
   2.5465426e-01
   3.2613032e-01
   4.1988032e-01
   5.1861703e-01
   6.0571809e-01
   6.6688830e-01
   6.9315160e-01
   6.8118352e-01
   6.3397606e-01
   5.6083777e-01
   4.7440160e-01
   3.8763298e-01
   3.1382979e-01
   2.6296543e-01
   2.4069149e-01
   2.4867022e-01
   2.8357713e-01
   3.3942820e-01
   4.0525266e-01
   4.7207447e-01
   5.2792553e-01
   5.6482713e-01
   5.7646278e-01
   5.6017288e-01
   5.1662234e-01
   4.5013298e-01
   3.6901596e-01
   2.8257979e-01
   2.0312501e-01
   1.4162234e-01
   1.0904256e-01
   1.1303191e-01
   1.5724734e-01
   2.4035904e-01
   3.5372341e-01
   4.8437500e-01
   6.1502660e-01
   7.2805851e-01
   8.0651597e-01
   8.3876330e-01
   8.1981383e-01
   7.5232713e-01
   6.4660905e-01
   5.1761969e-01
   3.8364362e-01
   2.6296543e-01
   1.7121011e-01
   1.1835106e-01
   1.0904255e-01
   1.4128990e-01
   2.0744681e-01
   2.9654256e-01
   3.9428192e-01
   4.8670214e-01
   5.6150266e-01
   6.0904256e-01
   6.2433511e-01
   6.0671543e-01
   5.5950798e-01
   4.9002661e-01
   4.0691490e-01
   3.2081117e-01
   2.4135639e-01
   1.7686170e-01
   1.3364361e-01
   1.1502660e-01
   1.2067819e-01
   1.4760639e-01
   1.8949469e-01
   2.3803192e-01
   2.8424202e-01
   3.1981383e-01
   3.3976065e-01
   3.4208777e-01
   3.2912234e-01
   3.0618352e-01
   2.8291224e-01
   2.6761968e-01
   2.6861702e-01
   2.8956117e-01
   3.3045213e-01
   3.8597074e-01
   4.4747341e-01
   5.0332447e-01
   5.4288564e-01
   5.5751330e-01
   5.4288564e-01
   4.9867022e-01
   4.3118352e-01
   3.5139628e-01
   2.7194149e-01
   2.0744681e-01
   1.6954788e-01
   1.6622341e-01
   1.9946808e-01
   2.6529255e-01
   3.5472075e-01
   4.5345745e-01
   5.4621012e-01
   6.1868352e-01
   6.5857713e-01
   6.5990692e-01
   6.2167554e-01
   5.4886968e-01
   4.5179521e-01
   3.4341756e-01
   2.3869682e-01
   1.5226065e-01
   9.6409582e-02
   7.8125004e-02
   1.0039894e-01
   1.5924203e-01
   2.4601064e-01
   3.4773937e-01
   4.5046543e-01
   5.3856384e-01
   5.9940160e-01
   6.2466756e-01
   6.1037235e-01
   5.5884309e-01
   4.7672873e-01
   3.7533245e-01
   2.6894947e-01
   1.7187500e-01
   9.9069152e-02
   6.0837766e-02
   6.3829790e-02
   1.0804521e-01
   1.8783245e-01
   2.9155586e-01
   4.0425533e-01
   5.0864362e-01
   5.8809841e-01
   6.3131649e-01
   6.3098405e-01
   5.8676863e-01
   5.0565160e-01
   3.9926862e-01
   2.8191490e-01
   1.7054522e-01
   8.0452129e-02
   2.3271272e-02
   6.3164876e-03
   3.1914899e-02
   9.5744689e-02
   1.8882979e-01
   2.9853724e-01
   4.1023936e-01
   5.0897607e-01
   5.8244682e-01
   6.2234043e-01
   6.2433511e-01
   5.9042554e-01
   5.2659575e-01
   4.4281915e-01
   3.5106384e-01
   2.6329787e-01
   1.9148936e-01
   1.4361702e-01
   1.2533245e-01
   1.3696809e-01
   1.7553192e-01
   2.3304522e-01
   2.9886968e-01
   3.6203458e-01
   4.1123670e-01
   4.3882979e-01
   4.4215425e-01
   4.2253989e-01
   3.8796543e-01
   3.4906915e-01
   3.1781915e-01
   3.0418883e-01
   3.1449469e-01
   3.4940160e-01
   4.0492022e-01
   4.7007979e-01
   5.3291224e-01
   5.7978724e-01
   6.0073139e-01
   5.9042554e-01
   5.4853724e-01
   4.8171543e-01
   4.0126330e-01
   3.2114362e-01
   2.5465425e-01
   2.1409575e-01
   2.0578458e-01
   2.3038564e-01
   2.8324468e-01
   3.5405585e-01
   4.3018617e-01
   4.9800532e-01
   5.4687501e-01
   5.6914894e-01
   5.6183512e-01
   5.2659575e-01
   4.7041224e-01
   4.0126330e-01
   3.3111702e-01
   2.7061171e-01
   2.2972074e-01
   2.1509309e-01
   2.3105054e-01
   2.7726064e-01
   3.4840426e-01
   4.3617022e-01
   5.2825798e-01
   6.1269947e-01
   6.7752660e-01
   7.1376330e-01
   7.1642288e-01
   6.8517288e-01
   6.2433511e-01
   5.4222075e-01
   4.5013298e-01
   3.6003989e-01
   2.8490691e-01
   2.3470745e-01
   2.1642287e-01
   2.3470745e-01
   2.8723405e-01
   3.6901597e-01
   4.7074468e-01
   5.7845745e-01
   6.7852394e-01
   7.5698138e-01
   8.0252660e-01
   8.0718085e-01
   7.7027926e-01
   6.9514628e-01
   5.9175532e-01
   4.7340426e-01
   3.5638298e-01
   2.5764629e-01
   1.9148937e-01
   1.6921542e-01
   1.9481383e-01
   2.6662234e-01
   3.7433511e-01
   5.0365692e-01
   6.3497341e-01
   7.4867022e-01
   8.2779256e-01
   8.6070480e-01
   8.4441490e-01
   7.8324469e-01
   6.8882980e-01
   5.7812500e-01
   4.6941490e-01
   3.8098404e-01
   3.2480054e-01
   3.0851065e-01
   3.3244681e-01
   3.8962766e-01
   4.6974734e-01
   5.5817820e-01
   6.3996011e-01
   7.0212766e-01
   7.3570479e-01
   7.3636968e-01
   7.0711437e-01
   6.5458777e-01
   5.9075798e-01
   5.2925532e-01
   4.8337767e-01
   4.6276596e-01
   4.7307181e-01
   5.1230053e-01
   5.7413564e-01
   6.4694149e-01
   7.1708777e-01
   7.7027926e-01
   7.9587767e-01
   7.8756650e-01
   7.4501330e-01
   6.7386968e-01
   5.8477394e-01
   4.9301862e-01
   4.1356383e-01
   3.5904256e-01
   3.3876331e-01
   3.5571808e-01
   4.0558511e-01
   4.7872341e-01
   5.6183511e-01
   6.3896277e-01
   6.9747341e-01
   7.2606384e-01
   7.2007980e-01
   6.8018618e-01
   6.1170213e-01
   5.2493351e-01
   4.3284575e-01
   3.4840426e-01
   2.8357713e-01
   2.4833777e-01
   2.4700799e-01
   2.8025267e-01
   3.4375001e-01
   4.2852394e-01
   5.2194150e-01
   6.1136968e-01
   6.8284575e-01
   7.2606383e-01
   7.3337766e-01
   7.0378990e-01
   6.4062501e-01
   5.5119681e-01
   4.4780585e-01
   3.4474734e-01
   2.5565160e-01
   1.9315160e-01
   1.6722075e-01
   1.8151596e-01
   2.3636968e-01
   3.2413564e-01
   4.3450798e-01
   5.5186170e-01
   6.6090426e-01
   7.4634309e-01
   7.9654255e-01
   8.0452128e-01
   7.6961436e-01
   6.9614362e-01
   5.9441490e-01
   4.7839096e-01
   3.6369681e-01
   2.6595745e-01
   1.9913564e-01
   1.7220745e-01
   1.8982713e-01
   2.5066490e-01
   3.4640958e-01
   4.6442820e-01
   5.8809841e-01
   7.0013298e-01
   7.8590426e-01
   8.3311171e-01
   8.3676863e-01
   7.9753990e-01
   7.2273937e-01
   6.2466756e-01
   5.1828458e-01
   4.1888298e-01
   3.3976065e-01
   2.9089096e-01
   2.7759309e-01
   2.9886968e-01
   3.4973405e-01
   4.1954788e-01
   4.9601065e-01
   5.6515958e-01
   6.1535904e-01
   6.3896277e-01
   6.3297873e-01
   6.0039894e-01
   5.5019947e-01
   4.9501330e-01
   4.4847075e-01
   4.2320478e-01
   4.2719415e-01
   4.6243352e-01
   5.2460107e-01
   6.0438830e-01
   6.8716756e-01
   7.5831117e-01
   8.0385639e-01
   8.1482713e-01
   7.8789894e-01
   7.2606384e-01
   6.3929522e-01
   5.4155585e-01
   4.4847075e-01
   3.7500000e-01
   3.3277926e-01
   3.2646277e-01
   3.5505319e-01
   4.1057181e-01
   4.8038564e-01
   5.5053192e-01
   6.0638298e-01
   6.3730054e-01
   6.3630320e-01
   6.0339096e-01
   5.4255319e-01
   4.6243352e-01
   3.7533245e-01
   2.9388298e-01
   2.3138298e-01
   1.9780585e-01
   2.0079788e-01
   2.4235373e-01
   3.1981383e-01
   4.2519948e-01
   5.4587766e-01
   6.6655586e-01
   7.7094415e-01
   8.4441490e-01
   8.7566490e-01
   8.5871011e-01
   7.9521278e-01
   6.9248671e-01
   5.6250001e-01
   4.2287235e-01
   2.9255319e-01
   1.8783245e-01
   1.2333777e-01
   1.0638299e-01
   1.3829788e-01
   2.1243351e-01
   3.1648937e-01
   4.3450798e-01
   5.4787235e-01
   6.4029256e-01
   6.9813830e-01
   7.1509309e-01
   6.8916224e-01
   6.2533245e-01
   5.3357713e-01
   4.2785905e-01
   3.2280585e-01
   2.3371011e-01
   1.7320479e-01
   1.5026596e-01
   1.7021277e-01
   2.3105054e-01
   3.2679522e-01
   4.4448139e-01
   5.6948139e-01
   6.8384309e-01
   7.7194150e-01
   8.2147607e-01
   8.2446809e-01
   7.8125001e-01
   6.9913564e-01
   5.8876331e-01
   4.6642288e-01
   3.4906915e-01
   2.5132979e-01
   1.8517288e-01
   1.5591756e-01
   1.6456117e-01
   2.0545213e-01
   2.6828458e-01
   3.4109042e-01
   4.0957447e-01
   4.6343086e-01
   4.9468086e-01
   5.0199468e-01
   4.8670213e-01
   4.5611703e-01
   4.1954787e-01
   3.8663564e-01
   3.6502660e-01
   3.5871011e-01
   3.6768617e-01
   3.8863032e-01
   4.1522607e-01
   4.4049202e-01
   4.5744681e-01
   4.6143617e-01
   4.5146277e-01
   4.2819149e-01
   3.9660905e-01
   3.6336436e-01
   3.3477394e-01
   3.1848404e-01
   3.1914894e-01
   3.3843085e-01
   3.7599734e-01
   4.2652926e-01
   4.8204788e-01
   5.3490692e-01
   5.7513298e-01
   5.9574469e-01
   5.9175532e-01
   5.6216756e-01
   5.0997342e-01
   4.4148936e-01
   3.6535905e-01
   2.9222075e-01
   2.3337766e-01
   1.9747340e-01
   1.9215426e-01
   2.1908245e-01
   2.7692819e-01
   3.6037235e-01
   4.5811171e-01
   5.5784575e-01
   6.4594415e-01
   7.1043884e-01
   7.4202128e-01
   7.3670213e-01
   6.9481384e-01
   6.2267287e-01
   5.3025266e-01
   4.3018617e-01
   3.3577128e-01
   2.5964096e-01
   2.1176862e-01
   1.9946808e-01
   2.2373670e-01
   2.8224734e-01
   3.6768617e-01
   4.6875000e-01
   5.7180851e-01
   6.6323139e-01
   7.3005320e-01
   7.6263298e-01
   7.5598405e-01
   7.0977394e-01
   6.2932182e-01
   5.2493351e-01
   4.0890958e-01
   2.9654256e-01
   2.0378990e-01
   1.4394947e-01
   1.2699468e-01
   1.5757979e-01
   2.3404255e-01
   3.4640958e-01
   4.8138298e-01
   6.1868351e-01
   7.3869682e-01
   8.2347075e-01
   8.6037234e-01
   8.4507979e-01
   7.8191490e-01
   6.8384309e-01
   5.6881650e-01
   4.5777925e-01
   3.6934841e-01
   3.1715426e-01
   3.0851064e-01
   3.4275266e-01
   4.1090426e-01
   5.0000000e-01
   5.9375000e-01
   6.7586437e-01
   7.3371011e-01
   7.5864363e-01
   7.4833777e-01
   7.0545214e-01
   6.3863033e-01
   5.5817820e-01
   4.7805852e-01
   4.0990692e-01
   3.6303192e-01
   3.4341756e-01
   3.5139627e-01
   3.8430851e-01
   4.3317820e-01
   4.8836436e-01
   5.3723404e-01
   5.7014628e-01
   5.7845745e-01
   5.5817819e-01
   5.1097075e-01
   4.4448139e-01
   3.6801862e-01
   2.9587766e-01
   2.4069149e-01
   2.1243351e-01
   2.1542554e-01
   2.4966756e-01
   3.0718085e-01
   3.7632979e-01
   4.4414894e-01
   4.9734043e-01
   5.2593086e-01
   5.2460107e-01
   4.9368352e-01
   4.3783245e-01
   3.6702128e-01
   2.9255319e-01
   2.2639628e-01
   1.8018617e-01
   1.6156915e-01
   1.7486703e-01
   2.2007979e-01
   2.9188830e-01
   3.8198139e-01
   4.7905586e-01
   5.6948139e-01
   6.4128990e-01
   6.8550532e-01
   6.9514628e-01
   6.6954787e-01
   6.1103725e-01
   5.2859043e-01
   4.3284575e-01
   3.3676862e-01
   2.5398937e-01
   1.9647607e-01
   1.7253989e-01
   1.8750000e-01
   2.4035904e-01
   3.2546543e-01
   4.3118351e-01
   5.4388298e-01
   6.4793883e-01
   7.2739362e-01
   7.7127660e-01
   7.7194150e-01
   7.2805851e-01
   6.4527926e-01
   5.3457447e-01
   4.1057181e-01
   2.9089096e-01
   1.9281915e-01
   1.3198139e-01
   1.1801862e-01
   1.5525266e-01
   2.4069149e-01
   3.6436170e-01
   5.0897607e-01
   6.5392287e-01
   7.7859043e-01
   8.6402926e-01
   8.9793884e-01
   8.7566490e-01
   8.0186170e-01
   6.9082447e-01
   5.6050532e-01
   4.3317820e-01
   3.3011969e-01
   2.6695479e-01
   2.5365692e-01
   2.9055852e-01
   3.7034574e-01
   4.7839096e-01
   5.9574469e-01
   7.0378990e-01
   7.8291224e-01
   8.2280586e-01
   8.1615692e-01
   7.6662235e-01
   6.8351064e-01
   5.8244682e-01
   4.8105054e-01
   3.9660905e-01
   3.4308511e-01
   3.2812500e-01
   3.5239362e-01
   4.0990692e-01
   4.8803192e-01
   5.7247341e-01
   6.4827129e-01
   7.0079788e-01
   7.2207447e-01
   7.0910905e-01
   6.6456117e-01
   5.9674202e-01
   5.1828457e-01
   4.4281915e-01
   3.8331117e-01
   3.4873670e-01
   3.4408246e-01
   3.6735373e-01
   4.1223405e-01
   4.6841756e-01
   5.2293884e-01
   5.6482713e-01
   5.8377660e-01
   5.7613032e-01
   5.4055851e-01
   4.8238032e-01
   4.0990692e-01
   3.3377660e-01
   2.6562500e-01
   2.1642287e-01
   1.9448139e-01
   2.0412235e-01
   2.4468085e-01
   3.1250000e-01
   3.9727394e-01
   4.8769947e-01
   5.7047873e-01
   6.3331118e-01
   6.6655586e-01
   6.6489362e-01
   6.2765958e-01
   5.5984043e-01
   4.7074468e-01
   3.7167553e-01
   2.7626329e-01
   1.9780586e-01
   1.4760638e-01
   1.3231384e-01
   1.5558511e-01
   2.1476064e-01
   3.0319149e-01
   4.0957448e-01
   5.1994681e-01
   6.1901597e-01
   6.9481383e-01
   7.3570479e-01
   7.3636969e-01
   6.9714096e-01
   6.2200798e-01
   5.2194149e-01
   4.0990692e-01
   3.0086436e-01
   2.1010639e-01
   1.5093085e-01
   1.3164894e-01
   1.5691490e-01
   2.2373670e-01
   3.2413564e-01
   4.4348405e-01
   5.6549203e-01
   6.7220746e-01
   7.4767288e-01
   7.8091756e-01
   7.6795213e-01
   7.1077128e-01
   6.1934840e-01
   5.0731384e-01
   3.9162235e-01
   2.8823138e-01
   2.1143617e-01
   1.7054522e-01
   1.6921543e-01
   2.0511969e-01
   2.6994681e-01
   3.5339096e-01
   4.3982714e-01
   5.1562500e-01
   5.6815160e-01
   5.8942820e-01
   5.7746012e-01
   5.3523937e-01
   4.7240692e-01
   4.0059841e-01
   3.3377660e-01
   2.8357713e-01
   2.5897607e-01
   2.6363032e-01
   2.9587766e-01
   3.4873671e-01
   4.1190159e-01
   4.7473405e-01
   5.2559841e-01
   5.5684841e-01
   5.6316489e-01
   5.4488032e-01
   5.0598404e-01
   4.5478724e-01
   4.0159574e-01
   3.5638298e-01
   3.2779256e-01
   3.2114362e-01
   3.3743351e-01
   3.7200798e-01
   4.1788564e-01
   4.6542553e-01
   5.0432181e-01
   5.2593085e-01
   5.2526596e-01
   5.0099734e-01
   4.5511968e-01
   3.9461437e-01
   3.2812500e-01
   2.6529255e-01
   2.1708777e-01
   1.9115692e-01
   1.9281915e-01
   2.2307181e-01
   2.7892288e-01
   3.5339096e-01
   4.3650267e-01
   5.1562500e-01
   5.7978724e-01
   6.1934841e-01
   6.2765958e-01
   6.0339097e-01
   5.5019947e-01
   4.7440161e-01
   3.8730054e-01
   3.0086437e-01
   2.2805852e-01
   1.7918883e-01
   1.6256649e-01
   1.8151596e-01
   2.3470745e-01
   3.1549203e-01
   4.1389628e-01
   5.1628990e-01
   6.0904256e-01
   6.7852395e-01
   7.1409575e-01
   7.1143618e-01
   6.6921543e-01
   5.9208777e-01
   4.9035905e-01
   3.7566490e-01
   2.6396277e-01
   1.6988032e-01
   1.0704787e-01
   8.5771285e-02
   1.1136969e-01
   1.8284575e-01
   2.9355053e-01
   4.2985373e-01
   5.7380319e-01
   7.0611703e-01
   8.0751330e-01
   8.6369681e-01
   8.6668884e-01
   8.1648936e-01
   7.2140958e-01
   5.9773937e-01
   4.6476065e-01
   3.4308511e-01
   2.5166224e-01
   2.0279255e-01
   2.0312501e-01
   2.5033245e-01
   3.3410904e-01
   4.3916224e-01
   5.4720745e-01
   6.3929521e-01
   7.0046543e-01
   7.2174202e-01
   7.0113033e-01
   6.4461437e-01
   5.6382979e-01
   4.7440160e-01
   3.9328458e-01
   3.3344415e-01
   3.0485373e-01
   3.1050533e-01
   3.4707447e-01
   4.0591755e-01
   4.7539894e-01
   5.4222075e-01
   5.9474735e-01
   6.2400267e-01
   6.2599735e-01
   6.0073139e-01
   5.5452128e-01
   4.9601064e-01
   4.3617021e-01
   3.8597074e-01
   3.5405585e-01
   3.4541224e-01
   3.6003989e-01
   3.9394947e-01
   4.3882979e-01
   4.8503990e-01
   5.2160904e-01
   5.4089096e-01
   5.3690160e-01
   5.0930852e-01
   4.6110372e-01
   3.9860373e-01
   3.3211437e-01
   2.7194149e-01
   2.2805851e-01
   2.0910905e-01
   2.1875001e-01
   2.5797872e-01
   3.2247341e-01
   4.0292554e-01
   4.8803192e-01
   5.6582447e-01
   6.2367021e-01
   6.5226064e-01
   6.4694149e-01
   6.0771277e-01
   5.3889628e-01
   4.4980053e-01
   3.5305851e-01
   2.6130320e-01
   1.8750001e-01
   1.4195479e-01
   1.3198139e-01
   1.5957447e-01
   2.2174202e-01
   3.1150266e-01
   4.1688830e-01
   5.2426862e-01
   6.1968086e-01
   6.8982714e-01
   7.2573138e-01
   7.2174203e-01
   6.7819150e-01
   6.0039894e-01
   4.9867022e-01
   3.8563830e-01
   2.7726064e-01
   1.8816490e-01
   1.3231383e-01
   1.1968085e-01
   1.5392288e-01
   2.3337767e-01
   3.4873670e-01
   4.8371011e-01
   6.1901597e-01
   7.3371011e-01
   8.1117022e-01
   8.3743351e-01
   8.1083777e-01
   7.3537234e-01
   6.2632979e-01
   5.0265958e-01
   3.8597075e-01
   2.9687500e-01
   2.5000001e-01
   2.5265958e-01
   3.0319149e-01
   3.9195479e-01
   5.0432181e-01
   6.2134309e-01
   7.2406916e-01
   7.9720745e-01
   8.3011969e-01
   8.1914894e-01
   7.6761969e-01
   6.8517288e-01
   5.8477394e-01
   4.8171543e-01
   3.9029256e-01
   3.2180851e-01
   2.8291224e-01
   2.7559840e-01
   2.9720745e-01
   3.4075799e-01
   3.9727393e-01
   4.5644948e-01
   5.0797873e-01
   5.4388298e-01
   5.5851065e-01
   5.4953458e-01
   5.1961437e-01
   4.7406915e-01
   4.2187501e-01
   3.7367022e-01
   3.3942819e-01
   3.2646277e-01
   3.3843085e-01
   3.7433511e-01
   4.2785905e-01
   4.9035905e-01
   5.4920213e-01
   5.9275266e-01
   6.1203458e-01
   6.0139628e-01
   5.6050532e-01
   4.9401596e-01
   4.1156915e-01
   3.2513299e-01
   2.4767287e-01
   1.9115692e-01
   1.6456117e-01
   1.7220745e-01
   2.1243351e-01
   2.7892287e-01
   3.6103724e-01
   4.4514628e-01
   5.1728723e-01
   5.6449469e-01
   5.7912235e-01
   5.5651596e-01
   4.9900266e-01
   4.1223405e-01
   3.0884309e-01
   2.0146277e-01
   1.0538564e-01
   3.4906916e-02
   0.0000000e+00
   6.6489339e-03
   5.4853725e-02
   1.3829787e-01
   2.4534575e-01
   3.6103724e-01
   4.6875000e-01
   5.5285904e-01
   6.0172873e-01
   6.0837766e-01
   5.7347075e-01
   5.0232714e-01
   4.0691490e-01
   3.0186171e-01
   2.0378989e-01
   1.2932181e-01
   9.1755326e-02
   9.9069145e-02
   1.5325798e-01
   2.5000001e-01
   3.7699469e-01
   5.1795213e-01
   6.5192820e-01
   7.6030586e-01
   8.2579787e-01
   8.3942820e-01
   7.9953458e-01
   7.1376330e-01
   5.9773937e-01
   4.7074469e-01
   3.5438831e-01
   2.6795213e-01
   2.2340426e-01
   2.2839096e-01
   2.7958777e-01
   3.6768617e-01
   4.7772607e-01
   5.9142288e-01
   6.9148937e-01
   7.6296543e-01
   7.9621011e-01
   7.8823139e-01
   7.4202128e-01
   6.6688830e-01
   5.7579788e-01
   4.8337767e-01
   4.0259309e-01
   3.4441490e-01
   3.1449469e-01
   3.1416223e-01
   3.3942820e-01
   3.8297873e-01
   4.3550532e-01
   4.8703457e-01
   5.2859043e-01
   5.5385638e-01
   5.5884309e-01
   5.4421543e-01
   5.1296543e-01
   4.7207448e-01
   4.2918883e-01
   3.9361702e-01
   3.7067820e-01
   3.6502660e-01
   3.7765958e-01
   4.0359043e-01
   4.3716756e-01
   4.6841756e-01
   4.8936171e-01
   4.9268618e-01
   4.7406915e-01
   4.3417554e-01
   3.7666223e-01
   3.0950799e-01
   2.4202128e-01
   1.8583777e-01
   1.4960107e-01
   1.4128989e-01
   1.6323138e-01
   2.1542554e-01
   2.9022606e-01
   3.7932182e-01
   4.7007979e-01
   5.4986702e-01
   6.0704788e-01
   6.3297873e-01
   6.2400267e-01
   5.8045213e-01
   5.0797873e-01
   4.1655586e-01
   3.1781915e-01
   2.2506649e-01
   1.5159575e-01
   1.0704787e-01
   9.8736706e-02
   1.2932181e-01
   1.9514628e-01
   2.8889628e-01
   3.9793883e-01
   5.0764628e-01
   6.0272607e-01
   6.6988032e-01
   6.9946809e-01
   6.8716756e-01
   6.3497341e-01
   5.5086437e-01
   4.4680852e-01
   3.3843085e-01
   2.4202128e-01
   1.7187500e-01
   1.3929522e-01
   1.5093085e-01
   2.0611702e-01
   2.9853724e-01
   4.1555851e-01
   5.4089096e-01
   6.5591756e-01
   7.4235373e-01
   7.8756650e-01
   7.8424202e-01
   7.3271277e-01
   6.4328458e-01
   5.3058511e-01
   4.1456117e-01
   3.1515957e-01
   2.4933511e-01
   2.2905585e-01
   2.5764628e-01
   3.3078458e-01
   4.3750000e-01
   5.6117022e-01
   6.8351064e-01
   7.8623671e-01
   8.5405586e-01
   8.7865692e-01
   8.5704788e-01
   7.9421543e-01
   7.0079788e-01
   5.9075798e-01
   4.8005320e-01
   3.8364362e-01
   3.1250001e-01
   2.7293883e-01
   2.6628990e-01
   2.8756649e-01
   3.2978723e-01
   3.8198139e-01
   4.3450798e-01
   4.7772607e-01
   5.0365692e-01
   5.0897607e-01
   4.9301862e-01
   4.6010639e-01
   4.1655585e-01
   3.7067820e-01
   3.3144947e-01
   3.0618351e-01
   2.9953458e-01
   3.1250000e-01
   3.4242022e-01
   3.8198139e-01
   4.2353724e-01
   4.5744681e-01
   4.7639628e-01
   4.7506649e-01
   4.5179522e-01
   4.0890958e-01
   3.5239362e-01
   2.9022606e-01
   2.3238032e-01
   1.8783245e-01
   1.6456117e-01
   1.6722075e-01
   1.9680851e-01
   2.5000001e-01
   3.1981384e-01
   3.9660905e-01
   4.6808511e-01
   5.2393618e-01
   5.5585107e-01
   5.5718086e-01
   5.2825798e-01
   4.7174203e-01
   3.9594415e-01
   3.0984043e-01
   2.2606383e-01
   1.5591756e-01
   1.1003990e-01
   9.5412243e-02
   1.1469415e-01
   1.6755319e-01
   2.4767287e-01
   3.4441489e-01
   4.4514628e-01
   5.3623670e-01
   6.0472075e-01
   6.4095744e-01
   6.3962767e-01
   6.0106383e-01
   5.3025266e-01
   4.3783245e-01
   3.3710107e-01
   2.4301862e-01
   1.7021276e-01
   1.3131649e-01
   1.3397607e-01
   1.8051862e-01
   2.6662234e-01
   3.8164894e-01
   5.0997341e-01
   6.3198139e-01
   7.2905585e-01
   7.8557181e-01
   7.9222074e-01
   7.4833777e-01
   6.6256649e-01
   5.4986703e-01
   4.3085107e-01
   3.2746011e-01
   2.5831117e-01
   2.3703458e-01
   2.6761968e-01
   3.4574468e-01
   4.5877660e-01
   5.8976064e-01
   7.1808512e-01
   8.2380320e-01
   8.9195480e-01
   9.1356383e-01
   8.8630320e-01
   8.1715426e-01
   7.1675532e-01
   6.0073139e-01
   4.8570479e-01
   3.8663564e-01
   3.1416223e-01
   2.7393617e-01
   2.6695479e-01
   2.8856383e-01
   3.3078458e-01
   3.8397607e-01
   4.3783245e-01
   4.8271277e-01
   5.1163564e-01
   5.2027926e-01
   5.0831117e-01
   4.7839096e-01
   4.3683511e-01
   3.9162235e-01
   3.5139627e-01
   3.2480053e-01
   3.1515957e-01
   3.2546543e-01
   3.5172873e-01
   3.8896277e-01
   4.2785904e-01
   4.6077129e-01
   4.7905586e-01
   4.7839096e-01
   4.5777926e-01
   4.1921543e-01
   3.6868351e-01
   3.1449469e-01
   2.6562500e-01
   2.2938830e-01
   2.1309840e-01
   2.1875000e-01
   2.4634309e-01
   2.9188830e-01
   3.4740692e-01
   4.0525266e-01
   4.5511968e-01
   4.8902925e-01
   5.0199468e-01
   4.9069150e-01
   4.5711436e-01
   4.0525266e-01
   3.4275266e-01
   2.7726064e-01
   2.1808511e-01
   1.7253989e-01
   1.4727394e-01
   1.4594416e-01
   1.6821809e-01
   2.1309840e-01
   2.7426862e-01
   3.4441489e-01
   4.1356383e-01
   4.7207447e-01
   5.1163564e-01
   5.2593086e-01
   5.1363033e-01
   4.7539894e-01
   4.1755320e-01
   3.4840427e-01
   2.8025266e-01
   2.2340426e-01
   1.8949469e-01
   1.8683511e-01
   2.1908245e-01
   2.8623671e-01
   3.8164894e-01
   4.9434841e-01
   6.0937501e-01
   7.1077128e-01
   7.8224735e-01
   8.1316490e-01
   7.9787235e-01
   7.3869682e-01
   6.4461436e-01
   5.3158246e-01
   4.1888298e-01
   3.2513299e-01
   2.6662234e-01
   2.5398937e-01
   2.8889628e-01
   3.6702128e-01
   4.7573139e-01
   5.9940160e-01
   7.1808511e-01
   8.1482713e-01
   8.7500000e-01
   8.9029256e-01
   8.5970746e-01
   7.8889628e-01
   6.8882980e-01
   5.7579788e-01
   4.6509309e-01
   3.7101064e-01
   3.0485372e-01
   2.7127660e-01
   2.6994681e-01
   2.9587766e-01
   3.4075799e-01
   3.9394947e-01
   4.4514628e-01
   4.8603724e-01
   5.0997342e-01
   5.1462766e-01
   5.0000001e-01
   4.7041224e-01
   4.3151596e-01
   3.9128990e-01
   3.5671543e-01
   3.3410904e-01
   3.2613032e-01
   3.3410904e-01
   3.5305851e-01
   3.7832447e-01
   4.0159574e-01
   4.1655586e-01
   4.1821809e-01
   4.0325798e-01
   3.7367022e-01
   3.3277926e-01
   2.8723405e-01
   2.4434841e-01
   2.1143618e-01
   1.9414893e-01
   1.9647607e-01
   2.1875001e-01
   2.5930852e-01
   3.1250000e-01
   3.7267288e-01
   4.3118351e-01
   4.8071809e-01
   5.1429522e-01
   5.2659575e-01
   5.1628990e-01
   4.8304522e-01
   4.2985373e-01
   3.6203458e-01
   2.8723405e-01
   2.1476064e-01
   1.5292554e-01
   1.1037234e-01
   9.5412236e-02
   1.1203457e-01
   1.6023936e-01
   2.3603724e-01
   3.3111703e-01
   4.3184840e-01
   5.2460107e-01
   5.9541223e-01
   6.3364362e-01
   6.3297873e-01
   5.9341755e-01
   5.2061171e-01
   4.2686170e-01
   3.2779256e-01
   2.4002660e-01
   1.7918883e-01
   1.5757979e-01
   1.8085107e-01
   2.4933511e-01
   3.5472075e-01
   4.8371011e-01
   6.1668883e-01
   7.3470746e-01
   8.1848405e-01
   8.5538564e-01
   8.3942820e-01
   7.7360373e-01
   6.6988033e-01
   5.4587766e-01
   4.2386968e-01
   3.2446809e-01
   2.6496010e-01
   2.5465426e-01
   2.9554522e-01
   3.8031915e-01
   4.9534575e-01
   6.2167554e-01
   7.3936171e-01
   8.3045213e-01
   8.8198139e-01
   8.8730054e-01
   8.4707448e-01
   7.6961437e-01
   6.6755320e-01
   5.5651596e-01
   4.5179522e-01
   3.6702127e-01
   3.0950798e-01
   2.8291224e-01
   2.8523937e-01
   3.0984043e-01
   3.4807181e-01
   3.9029256e-01
   4.2752660e-01
   4.5445479e-01
   4.6542553e-01
   4.6110373e-01
   4.4281915e-01
   4.1456118e-01
   3.8264628e-01
   3.5305851e-01
   3.3178191e-01
   3.2380319e-01
   3.3045213e-01
   3.5073138e-01
   3.8131650e-01
   4.1589097e-01
   4.4714096e-01
   4.6808511e-01
   4.7240692e-01
   4.5711437e-01
   4.2220745e-01
   3.7001330e-01
   3.0684841e-01
   2.4102393e-01
   1.8151596e-01
   1.3829787e-01
   1.1801862e-01
   1.2566490e-01
   1.6190160e-01
   2.2307181e-01
   3.0152926e-01
   3.8730054e-01
   4.6808511e-01
   5.3291224e-01
   5.7214097e-01
   5.8011969e-01
   5.5485373e-01
   5.0000000e-01
   4.2220745e-01
   3.3178192e-01
   2.4035904e-01
   1.6123670e-01
   1.0605053e-01
   8.3776599e-02
   1.0039894e-01
   1.5591756e-01
   2.4468086e-01
   3.5638298e-01
   4.7539894e-01
   5.8577128e-01
   6.6988033e-01
   7.1509309e-01
   7.1276597e-01
   6.6323139e-01
   5.7313831e-01
   4.5545213e-01
   3.2845745e-01
   2.1210107e-01
   1.2433511e-01
   7.9122343e-02
   8.4441492e-02
   1.3929522e-01
   2.3636968e-01
   3.6003990e-01
   4.9168884e-01
   6.1103724e-01
   6.9913564e-01
   7.4401597e-01
   7.3902926e-01
   6.8750000e-01
   6.0006650e-01
   4.9168883e-01
   3.8164894e-01
   2.8823138e-01
   2.2573139e-01
   2.0345745e-01
   2.2240692e-01
   2.7859043e-01
   3.6136969e-01
   4.5644948e-01
   5.4787234e-01
   6.2200798e-01
   6.6788565e-01
   6.7885638e-01
   6.5425532e-01
   5.9873671e-01
   5.2194150e-01
   4.3484044e-01
   3.5039894e-01
   2.7958777e-01
   2.3038564e-01
   2.0711436e-01
   2.0944149e-01
   2.3404256e-01
   2.7460106e-01
   3.2347075e-01
   3.7234043e-01
   4.1456117e-01
   4.4414894e-01
   4.5711437e-01
   4.5412234e-01
   4.3617021e-01
   4.0890958e-01
   3.7799203e-01
   3.5106384e-01
   3.3510638e-01
   3.3344416e-01
   3.4807181e-01
   3.7632979e-01
   4.1256649e-01
   4.4946809e-01
   4.7872341e-01
   4.9268617e-01
   4.8670214e-01
   4.5977394e-01
   4.1289894e-01
   3.5339096e-01
   2.8889628e-01
   2.2972075e-01
   1.8550532e-01
   1.6555851e-01
   1.7453458e-01
   2.1343085e-01
   2.7892288e-01
   3.6369682e-01
   4.5611703e-01
   5.4388298e-01
   6.1469416e-01
   6.5757979e-01
   6.6722075e-01
   6.4128990e-01
   5.8344415e-01
   5.0132980e-01
   4.0625001e-01
   3.1083776e-01
   2.2972075e-01
   1.7420213e-01
   1.5425532e-01
   1.7420213e-01
   2.3304521e-01
   3.2380319e-01
   4.3484043e-01
   5.5019947e-01
   6.5226065e-01
   7.2539894e-01
   7.5831117e-01
   7.4601065e-01
   6.9082447e-01
   6.0272607e-01
   4.9767288e-01
   3.9394947e-01
   3.0984043e-01
   2.6097075e-01
   2.5664894e-01
   2.9986703e-01
   3.8331117e-01
   4.9601065e-01
   6.1968086e-01
   7.3537235e-01
   8.2513298e-01
   8.7500000e-01
   8.7732713e-01
   8.3244681e-01
   7.4667554e-01
   6.3430852e-01
   5.1196809e-01
   3.9727394e-01
   3.0684841e-01
   2.5166224e-01
   2.3703458e-01
   2.6329787e-01
   3.2380319e-01
   4.0824469e-01
   5.0265957e-01
   5.9408245e-01
   6.6921543e-01
   7.1875000e-01
   7.3636969e-01
   7.2207447e-01
   6.8018617e-01
   6.1835107e-01
   5.4654256e-01
   4.7639628e-01
   4.1722074e-01
   3.7566489e-01
   3.5505320e-01
   3.5472075e-01
   3.7101064e-01
   3.9793883e-01
   4.2852394e-01
   4.5644947e-01
   4.7639628e-01
   4.8470745e-01
   4.8005319e-01
   4.6343086e-01
   4.3816489e-01
   4.0890958e-01
   3.8098404e-01
   3.6003989e-01
   3.5073139e-01
   3.5571809e-01
   3.7466755e-01
   4.0492022e-01
   4.4115692e-01
   4.7639628e-01
   5.0365692e-01
   5.1695479e-01
   5.1097075e-01
   4.8537234e-01
   4.4115692e-01
   3.8364362e-01
   3.2047872e-01
   2.6097075e-01
   2.1442819e-01
   1.8982713e-01
   1.9248670e-01
   2.2473405e-01
   2.8324468e-01
   3.6103724e-01
   4.4714096e-01
   5.2992022e-01
   5.9574469e-01
   6.3530585e-01
   6.4261968e-01
   6.1635639e-01
   5.6050533e-01
   4.8337767e-01
   3.9660905e-01
   3.1349735e-01
   2.4534574e-01
   2.0246011e-01
   1.9182182e-01
   2.1476064e-01
   2.6894947e-01
   3.4640958e-01
   4.3683511e-01
   5.2726065e-01
   6.0472075e-01
   6.5791224e-01
   6.7918884e-01
   6.6489362e-01
   6.1735373e-01
   5.4288564e-01
   4.5179522e-01
   3.5638298e-01
   2.6928191e-01
   2.0212766e-01
   1.6389628e-01
   1.5857713e-01
   1.8650267e-01
   2.4235373e-01
   3.1715426e-01
   3.9860373e-01
   4.7373671e-01
   5.3091756e-01
   5.6083777e-01
   5.5917554e-01
   5.2859042e-01
   4.7473405e-01
   4.0890958e-01
   3.4308511e-01
   2.8989362e-01
   2.5864362e-01
   2.5531915e-01
   2.8091756e-01
   3.3277926e-01
   4.0259309e-01
   4.8171543e-01
   5.5884309e-01
   6.2400266e-01
   6.6855054e-01
   6.8683511e-01
   6.7785905e-01
   6.4328458e-01
   5.9042553e-01
   5.2626331e-01
   4.6176862e-01
   4.0558511e-01
   3.6436170e-01
   3.4242022e-01
   3.3976065e-01
   3.5438830e-01
   3.8098404e-01
   4.1223404e-01
   4.4215425e-01
   4.6409575e-01
   4.7373670e-01
   4.7041224e-01
   4.5345745e-01
   4.2752660e-01
   3.9727394e-01
   3.7001330e-01
   3.5206117e-01
   3.4873670e-01
   3.6236703e-01
   3.9295213e-01
   4.3517288e-01
   4.8271277e-01
   5.2659575e-01
   5.5784575e-01
   5.6981384e-01
   5.5851065e-01
   5.2293884e-01
   4.6675532e-01
   3.9694150e-01
   3.2280585e-01
   2.5465426e-01
   2.0378990e-01
   1.7785904e-01
   1.8218085e-01
   2.1742021e-01
   2.8025267e-01
   3.6170213e-01
   4.5046543e-01
   5.3357713e-01
   5.9873670e-01
   6.3630320e-01
   6.4095745e-01
   6.1203458e-01
   5.5485373e-01
   4.7872341e-01
   3.9561170e-01
   3.1914894e-01
   2.6030586e-01
   2.3005320e-01
   2.3304521e-01
   2.7061170e-01
   3.3843085e-01
   4.2586437e-01
   5.2194150e-01
   6.1070479e-01
   6.7852394e-01
   7.1442819e-01
   7.1309841e-01
   6.7353724e-01
   6.0405586e-01
   5.1562500e-01
   4.2519948e-01
   3.4873670e-01
   3.0152926e-01
   2.9321809e-01
   3.2746011e-01
   4.0159575e-01
   5.0631649e-01
   6.2699468e-01
   7.4700798e-01
   8.4873671e-01
   9.1821809e-01
   9.4514628e-01
   9.2652926e-01
   8.6569149e-01
   7.7160905e-01
   6.5757980e-01
   5.3956118e-01
   4.3251330e-01
   3.4873670e-01
   2.9753990e-01
   2.8158245e-01
   3.0019947e-01
   3.4807181e-01
   4.1555851e-01
   4.9301862e-01
   5.6881649e-01
   6.3231383e-01
   6.7519948e-01
   6.9215426e-01
   6.8151596e-01
   6.4527926e-01
   5.8976064e-01
   5.2327128e-01
   4.5578458e-01
   3.9627660e-01
   3.5139628e-01
   3.2613032e-01
   3.2081118e-01
   3.3277926e-01
   3.5771277e-01
   3.8863032e-01
   4.1855054e-01
   4.4115692e-01
   4.5212767e-01
   4.4913564e-01
   4.3317820e-01
   4.0691489e-01
   3.7599734e-01
   3.4707447e-01
   3.2646277e-01
   3.1981383e-01
   3.2945479e-01
   3.5538565e-01
   3.9261969e-01
   4.3517287e-01
   4.7473405e-01
   5.0299203e-01
   5.1230054e-01
   4.9966756e-01
   4.6442820e-01
   4.1023936e-01
   3.4341756e-01
   2.7360372e-01
   2.1110373e-01
   1.6622341e-01
   1.4727394e-01
   1.5890958e-01
   2.0212766e-01
   2.7293883e-01
   3.6170213e-01
   4.5644947e-01
   5.4388298e-01
   6.1103724e-01
   6.4760639e-01
   6.4827128e-01
   6.1369682e-01
   5.4986703e-01
   4.6708777e-01
   3.7932181e-01
   3.0119681e-01
   2.4434840e-01
   2.1974735e-01
   2.3105054e-01
   2.7859043e-01
   3.5571808e-01
   4.5179522e-01
   5.5252660e-01
   6.4295214e-01
   7.0811171e-01
   7.3869682e-01
   7.2872341e-01
   6.8051862e-01
   6.0172873e-01
   5.0565161e-01
   4.0924202e-01
   3.2945480e-01
   2.8058510e-01
   2.7327128e-01
   3.1150266e-01
   3.9128990e-01
   5.0299203e-01
   6.3198139e-01
   7.5964097e-01
   8.6801862e-01
   9.4215427e-01
   9.7074469e-01
   9.5079788e-01
   8.8464096e-01
   7.8224735e-01
   6.5791224e-01
   5.2759309e-01
   4.0791224e-01
   3.1250000e-01
   2.4933511e-01
   2.2373670e-01
   2.3371011e-01
   2.7460106e-01
   3.3710106e-01
   4.1156916e-01
   4.8603724e-01
   5.5186170e-01
   5.9973404e-01
   6.2500001e-01
   6.2533245e-01
   6.0272607e-01
   5.6250000e-01
   5.1196809e-01
   4.5977394e-01
   4.1356383e-01
   3.8031915e-01
   3.6303192e-01
   3.6203457e-01
   3.7533245e-01
   3.9694150e-01
   4.2154255e-01
   4.4248671e-01
   4.5445479e-01
   4.5412234e-01
   4.4115692e-01
   4.1755320e-01
   3.8663564e-01
   3.5571809e-01
   3.3078457e-01
   3.1848404e-01
   3.2313830e-01
   3.4640957e-01
   3.8630320e-01
   4.3650267e-01
   4.8969415e-01
   5.3623670e-01
   5.6648936e-01
   5.7413564e-01
   5.5518617e-01
   5.1030585e-01
   4.4448139e-01
   3.6535905e-01
   2.8390957e-01
   2.1143617e-01
   1.5924203e-01
   1.3530585e-01
   1.4428192e-01
   1.8583777e-01
   2.5498671e-01
   3.4175532e-01
   4.3417554e-01
   5.1828458e-01
   5.8178192e-01
   6.1502660e-01
   6.1502660e-01
   5.8178192e-01
   5.2194150e-01
   4.4647606e-01
   3.6768617e-01
   2.9853724e-01
   2.5066490e-01
   2.3171543e-01
   2.4567819e-01
   2.9155586e-01
   3.6336436e-01
   4.5079788e-01
   5.4022607e-01
   6.1901597e-01
   6.7353724e-01
   6.9547872e-01
   6.7985372e-01
   6.2932182e-01
   5.5119682e-01
   4.5877660e-01
   3.6835107e-01
   2.9587766e-01
   2.5498670e-01
   2.5531915e-01
   3.0019947e-01
   3.8563830e-01
   5.0232714e-01
   6.3497341e-01
   7.6695479e-01
   8.8098405e-01
   9.6210107e-01
   1.0000000e+00
   9.9002660e-01
   9.3417554e-01
   8.4075798e-01
   7.2207447e-01
   5.9275266e-01
   4.6708777e-01
   3.5871011e-01
   2.7759309e-01
   2.2805851e-01
   2.1176863e-01
   2.2639628e-01
   2.6595745e-01
   3.2214096e-01
   3.8597075e-01
   4.4714096e-01
   4.9767288e-01
   5.3158245e-01
   5.4454788e-01
   5.3756650e-01
   5.1396277e-01
   4.7938830e-01
   4.4115692e-01
   4.0757979e-01
   3.8297873e-01
   3.7134308e-01
   3.7134309e-01
   3.8098404e-01
   3.9561171e-01
   4.0957447e-01
   4.1722074e-01
   4.1555851e-01
   4.0226064e-01
   3.7898937e-01
   3.4773937e-01
   3.1316490e-01
   2.8158245e-01
   2.5831117e-01
   2.4900266e-01
   2.5565160e-01
   2.7892287e-01
   3.1615691e-01
   3.6203458e-01
   4.0890958e-01
   4.4847075e-01
   4.7273937e-01
   4.7639628e-01
   4.5545213e-01
   4.1156915e-01
   3.4906915e-01
   2.7526596e-01
   2.0013298e-01
   1.3430851e-01
   8.8098409e-02
   6.7486700e-02
   7.6795212e-02
   1.1535904e-01
   1.7652926e-01
   2.5132979e-01
   3.2746011e-01
   3.9228723e-01
   4.3517287e-01
   4.5146277e-01
   4.3882979e-01
   4.0325798e-01
   3.5372341e-01
   3.0252660e-01
   2.6329788e-01
   2.4567820e-01
   2.5698139e-01
   2.9986703e-01
   3.7134309e-01
   4.6276596e-01
   5.6316489e-01
   6.5957448e-01
   7.3936171e-01
   7.9222075e-01
   8.1017288e-01
   7.9155586e-01
   7.3902926e-01
   6.5890958e-01
   5.6183511e-01
   4.6043883e-01
   3.6702128e-01
   2.9255320e-01
   2.4601064e-01
   2.3304521e-01
   2.5498671e-01
   3.0950799e-01
   3.9062500e-01
   4.8936171e-01
   5.9375000e-01
   6.9082447e-01
   7.6828458e-01
   8.1549202e-01
   8.2613032e-01
   7.9853725e-01
   7.3670213e-01
   6.4860373e-01
   5.4753989e-01
   4.4680851e-01
   3.5904256e-01
   2.9421543e-01
   2.5964096e-01
   2.5664894e-01
   2.8158244e-01
   3.2845746e-01
   3.8763298e-01
   4.4980053e-01
   5.0498671e-01
   5.4521277e-01
   5.6549203e-01
   5.6449468e-01
   5.4454788e-01
   5.0997341e-01
   4.6974734e-01
   4.2985373e-01
   3.9893617e-01
   3.8098405e-01
   3.7832447e-01
   3.8929522e-01
   4.0957447e-01
   4.3384309e-01
   4.5478724e-01
   4.6742021e-01
   4.6775267e-01
   4.5445479e-01
   4.2819149e-01
   3.9261969e-01
   3.5405585e-01
   3.1815160e-01
   2.9255319e-01
   2.8191490e-01
   2.8956117e-01
   3.1549203e-01
   3.5605053e-01
   4.0492022e-01
   4.5378990e-01
   4.9335106e-01
   5.1562500e-01
   5.1562501e-01
   4.9102395e-01
   4.4414894e-01
   3.8031915e-01
   3.0950798e-01
   2.4135639e-01
   1.8683511e-01
   1.5625000e-01
   1.5558511e-01
   1.8783245e-01
   2.5099734e-01
   3.3743351e-01
   4.3650266e-01
   5.3390958e-01
   6.1569149e-01
   6.6921543e-01
   6.8683511e-01
   6.6555851e-01
   6.0937501e-01
   5.2692819e-01
   4.3184841e-01
   3.3876330e-01
   2.6196810e-01
   2.1343085e-01
   2.0079788e-01
   2.2473405e-01
   2.8224734e-01
   3.6402926e-01
   4.5744681e-01
   5.4787234e-01
   6.2200798e-01
   6.6888299e-01
   6.8151596e-01
   6.5857713e-01
   6.0472075e-01
   5.2859043e-01
   4.4281915e-01
   3.5970746e-01
   2.9255319e-01
   2.5033245e-01
   2.3969415e-01
   2.6163564e-01
   3.1416223e-01
   3.9029255e-01
   4.8171543e-01
   5.7712766e-01
   6.6489362e-01
   7.3404256e-01
   7.7659575e-01
   7.8690160e-01
   7.6429522e-01
   7.1210107e-01
   6.3763299e-01
   5.5119681e-01
   4.6442820e-01
   3.8796543e-01
   3.3045213e-01
   2.9753990e-01
   2.9155586e-01
   3.0950799e-01
   3.4674202e-01
   3.9627660e-01
   4.4913564e-01
   4.9667553e-01
   5.3158245e-01
   5.4886969e-01
   5.4720745e-01
   5.2726065e-01
   4.9434841e-01
   4.5445479e-01
   4.1522607e-01
   3.8264628e-01
   3.6103723e-01
   3.5239361e-01
   3.5472075e-01
   3.6469416e-01
   3.7732713e-01
   3.8696809e-01
   3.8962766e-01
   3.8264628e-01
   3.6635639e-01
   3.4242022e-01
   3.1482713e-01
   2.8823139e-01
   2.6828458e-01
   2.5897606e-01
   2.6329787e-01
   2.8158245e-01
   3.1283245e-01
   3.5206117e-01
   3.9361702e-01
   4.3018617e-01
   4.5578458e-01
   4.6509309e-01
   4.5545213e-01
   4.2785904e-01
   3.8530585e-01
   3.3477394e-01
   2.8390958e-01
   2.4168883e-01
   2.1542553e-01
   2.1243351e-01
   2.3503989e-01
   2.8357714e-01
   3.5339097e-01
   4.3650267e-01
   5.2160905e-01
   5.9674203e-01
   6.4926862e-01
   6.7121011e-01
   6.5824468e-01
   6.1269948e-01
   5.4155585e-01
   4.5777926e-01
   3.7599734e-01
   3.1216756e-01
   2.7692819e-01
   2.7892287e-01
   3.1948139e-01
   3.9394947e-01
   4.9202128e-01
   5.9973405e-01
   7.0212766e-01
   7.8457447e-01
   8.3543883e-01
   8.4807182e-01
   8.2180852e-01
   7.6097075e-01
   6.7420214e-01
   5.7347075e-01
   4.7240692e-01
   3.8331117e-01
   3.1615692e-01
   2.7825798e-01
   2.7160905e-01
   2.9654256e-01
   3.4807181e-01
   4.1988032e-01
   5.0232713e-01
   5.8610373e-01
   6.6057181e-01
   7.1609043e-01
   7.4601065e-01
   7.4667554e-01
   7.1908246e-01
   6.6688830e-01
   5.9807182e-01
   5.2227394e-01
   4.4980053e-01
   3.8929522e-01
   3.4773937e-01
   3.2779256e-01
   3.2878990e-01
   3.4807181e-01
   3.7965426e-01
   4.1755320e-01
   4.5312501e-01
   4.8138298e-01
   4.9700799e-01
   4.9800533e-01
   4.8404256e-01
   4.5844415e-01
   4.2619681e-01
   3.9328458e-01
   3.6702128e-01
   3.5206117e-01
   3.5172873e-01
   3.6535905e-01
   3.8962766e-01
   4.1888298e-01
   4.4647606e-01
   4.6575798e-01
   4.7041224e-01
   4.5811171e-01
   4.2852394e-01
   3.8563830e-01
   3.3477394e-01
   2.8424202e-01
   2.4235373e-01
   2.1708777e-01
   2.1409575e-01
   2.3603724e-01
   2.8025267e-01
   3.4142287e-01
   4.1023937e-01
   4.7506650e-01
   5.2526596e-01
   5.5186170e-01
   5.5019947e-01
   5.1994681e-01
   4.6575798e-01
   3.9660905e-01
   3.2413564e-01
   2.6030585e-01
   2.1675532e-01
   2.0212767e-01
   2.1908245e-01
   2.6728724e-01
   3.4075799e-01
   4.2918883e-01
   5.1861703e-01
   5.9640959e-01
   6.4926862e-01
   6.6921543e-01
   6.5292553e-01
   6.0305851e-01
   5.2925532e-01
   4.4414894e-01
   3.6269947e-01
   3.0086437e-01
   2.6961437e-01
   2.7726064e-01
   3.2380319e-01
   4.0458777e-01
   5.0930852e-01
   6.2333777e-01
   7.3105053e-01
   8.1848405e-01
   8.7234043e-01
   8.8663565e-01
   8.5937501e-01
   7.9421543e-01
   7.0079788e-01
   5.9109043e-01
   4.7905586e-01
   3.7799203e-01
   2.9886969e-01
   2.4900266e-01
   2.3171544e-01
   2.4767287e-01
   2.9155586e-01
   3.5738032e-01
   4.3617022e-01
   5.1761969e-01
   5.9109043e-01
   6.4793883e-01
   6.8051862e-01
   6.8617022e-01
   6.6422872e-01
   6.1968086e-01
   5.5984042e-01
   4.9368352e-01
   4.3085107e-01
   3.8031915e-01
   3.4807181e-01
   3.3643618e-01
   3.4474735e-01
   3.6868352e-01
   4.0325798e-01
   4.4049202e-01
   4.7406915e-01
   4.9767288e-01
   5.0731383e-01
   5.0199468e-01
   4.8238033e-01
   4.5345744e-01
   4.2021277e-01
   3.8996011e-01
   3.6901597e-01
   3.6136969e-01
   3.6868352e-01
   3.8929522e-01
   4.1888298e-01
   4.5013298e-01
   4.7473405e-01
   4.8670214e-01
   4.8071809e-01
   4.5478724e-01
   4.1090426e-01
   3.5405586e-01
   2.9255320e-01
   2.3537234e-01
   1.9315160e-01
   1.7353723e-01
   1.8218086e-01
   2.2041224e-01
   2.8390957e-01
   3.6502660e-01
   4.5079787e-01
   5.2859043e-01
   5.8543883e-01
   6.1170214e-01
   6.0272607e-01
   5.6117022e-01
   4.9368352e-01
   4.1323139e-01
   3.3377660e-01
   2.7027925e-01
   2.3437501e-01
   2.3371011e-01
   2.6994681e-01
   3.3809841e-01
   4.2918883e-01
   5.2992022e-01
   6.2533245e-01
   7.0146277e-01
   7.4667554e-01
   7.5498671e-01
   7.2506650e-01
   6.6256649e-01
   5.7646277e-01
   4.7938830e-01
   3.8630320e-01
   3.0884309e-01
   2.5831117e-01
   2.4069149e-01
   2.5764628e-01
   3.0651596e-01
   3.8031915e-01
   4.6941490e-01
   5.6117022e-01
   6.4394948e-01
   7.0644947e-01
   7.4035905e-01
   7.4135639e-01
   7.0910905e-01
   6.4827128e-01
   5.6682181e-01
   4.7639628e-01
   3.8763298e-01
   3.1216756e-01
   2.5831118e-01
   2.3171543e-01
   2.3437501e-01
   2.6496010e-01
   3.1848404e-01
   3.8796543e-01
   4.6376330e-01
   5.3656915e-01
   5.9674202e-01
   6.3597075e-01
   6.4926862e-01
   6.3630320e-01
   5.9873670e-01
   5.4321809e-01
   4.7872341e-01
   4.1456117e-01
   3.5937500e-01
   3.2114362e-01
   3.0319150e-01
   3.0518617e-01
   3.2513299e-01
   3.5738032e-01
   3.9394947e-01
   4.2752660e-01
   4.5179522e-01
   4.6176862e-01
   4.5644947e-01
   4.3650266e-01
   4.0691490e-01
   3.7400266e-01
   3.4474735e-01
   3.2679521e-01
   3.2413564e-01
   3.3809841e-01
   3.6602394e-01
   4.0259309e-01
   4.3949469e-01
   4.6841756e-01
   4.8138299e-01
   4.7340426e-01
   4.4348405e-01
   3.9394947e-01
   3.3078458e-01
   2.6296543e-01
   2.0179521e-01
   1.5757979e-01
   1.3896277e-01
   1.5192819e-01
   1.9614362e-01
   2.6728724e-01
   3.5605054e-01
   4.4880320e-01
   5.3125000e-01
   5.8976064e-01
   6.1535905e-01
   6.0372341e-01
   5.5817819e-01
   4.8736703e-01
   4.0525267e-01
   3.2779256e-01
   2.6928192e-01
   2.4202128e-01
   2.5199468e-01
   2.9920214e-01
   3.7732713e-01
   4.7539895e-01
   5.7845745e-01
   6.7121011e-01
