   9.1713597e-01
   1.0000000e+00
   9.9597748e-01
   9.1150444e-01
   7.6830250e-01
   5.9613838e-01
   4.3201932e-01
   3.0168946e-01
   2.2284793e-01
   1.9790827e-01
   2.1882541e-01
   2.6950924e-01
   3.3226065e-01
   3.9179404e-01
   4.3925985e-01
   4.6822204e-01
   4.8028963e-01
   4.7868061e-01
   4.6500402e-01
   4.4489138e-01
   4.1995174e-01
   3.9340305e-01
   3.6765888e-01
   3.4271922e-01
   3.2099757e-01
   3.0168946e-01
   2.8559936e-01
   2.7031375e-01
   2.5744166e-01
   2.4698309e-01
   2.3974256e-01
   2.3732903e-01
   2.4054706e-01
   2.5020111e-01
   2.6468222e-01
   2.8157684e-01
   2.9847144e-01
   3.1375704e-01
   3.2662910e-01
   3.3708767e-01
   3.4593724e-01
   3.5317779e-01
   3.5880932e-01
   3.6283184e-01
   3.6283186e-01
   3.5720033e-01
   3.4513273e-01
   3.2662912e-01
   3.0410297e-01
   2.7916331e-01
   2.5502815e-01
   2.3250202e-01
   2.1399837e-01
   2.0032180e-01
   1.9147224e-01
   1.8825421e-01
   1.9227674e-01
   2.0273531e-01
   2.2204345e-01
   2.4537408e-01
   2.7192275e-01
   2.9686242e-01
   3.1456154e-01
   3.2260658e-01
   3.1697505e-01
   2.9686242e-01
   2.6709573e-01
   2.2847948e-01
   1.8503621e-01
   1.4320192e-01
   1.0539018e-01
   7.9646011e-02
   6.7578432e-02
   7.5623473e-02
   1.0217216e-01
   1.4883345e-01
   2.0836684e-01
   2.7433627e-01
   3.3708767e-01
   3.9018503e-01
   4.2638777e-01
   4.4328237e-01
   4.4086886e-01
   4.2316974e-01
   3.9742557e-01
   3.6765888e-01
   3.3869670e-01
   3.1536605e-01
   2.9847142e-01
   2.9042638e-01
   2.9042637e-01
   2.9847144e-01
   3.1456154e-01
   3.3789218e-01
   3.6444087e-01
   3.9098954e-01
   4.1351569e-01
   4.2880128e-01
   4.3362831e-01
   4.2638777e-01
   4.0707965e-01
   3.7731295e-01
   3.3869670e-01
   2.9444890e-01
   2.4537408e-01
   1.9790827e-01
   1.5607401e-01
   1.2389381e-01
   1.0619468e-01
   1.0539018e-01
   1.2148028e-01
   1.5044246e-01
   1.8825421e-01
   2.2767498e-01
   2.6387770e-01
   2.9123089e-01
   3.0893001e-01
   3.1697505e-01
   3.1617055e-01
   3.0893000e-01
   2.9686243e-01
   2.8157682e-01
   2.6387771e-01
   2.4617859e-01
   2.2847948e-01
   2.1238936e-01
   1.9951730e-01
   1.9066773e-01
   1.8503619e-01
   1.8181817e-01
   1.8020916e-01
   1.7860014e-01
   1.7860016e-01
   1.8181817e-01
   1.8986323e-01
   2.0434432e-01
   2.2365244e-01
   2.4537408e-01
   2.6870474e-01
   2.8881738e-01
   3.0329847e-01
   3.0973450e-01
   3.0812549e-01
   3.0249396e-01
   2.9364440e-01
   2.8318583e-01
   2.7272728e-01
   2.6387770e-01
   2.5502815e-01
   2.5020113e-01
   2.4698309e-01
   2.4778761e-01
   2.5341914e-01
   2.6146418e-01
   2.7353176e-01
   2.8559936e-01
   2.9686243e-01
   3.0490747e-01
   3.0812551e-01
   3.0651648e-01
   3.0008045e-01
   2.8962188e-01
   2.7433628e-01
   2.5583267e-01
   2.3572003e-01
   2.1560740e-01
   2.0032180e-01
   1.9388575e-01
   2.0032180e-01
   2.1962992e-01
   2.5261464e-01
   2.9444890e-01
   3.3708767e-01
   3.7409493e-01
   3.9662108e-01
   4.0144811e-01
   3.8857602e-01
   3.5880932e-01
   3.1938857e-01
   2.7594529e-01
   2.3411101e-01
   2.0112631e-01
   1.8020916e-01
   1.7377311e-01
   1.8101367e-01
   2.0193079e-01
   2.3330650e-01
   2.7111825e-01
   3.1053902e-01
   3.4754626e-01
   3.7489942e-01
   3.9179406e-01
   3.9501207e-01
   3.8696702e-01
   3.6765888e-01
   3.4030571e-01
   3.0490747e-01
   2.6307319e-01
   2.1721641e-01
   1.6894609e-01
   1.2148028e-01
   7.8037003e-02
   4.1834266e-02
   1.6894586e-02
   4.0225205e-03
   3.2179988e-03
   1.1263057e-02
   2.6548653e-02
   4.4247778e-02
   6.2751390e-02
   8.1255019e-02
   1.0136764e-01
   1.2469829e-01
   1.4883345e-01
   1.7457762e-01
   2.0032178e-01
   2.2365246e-01
   2.4135156e-01
   2.5341914e-01
   2.5985519e-01
   2.6387771e-01
   2.6629123e-01
   2.6709573e-01
   2.6950924e-01
   2.7272726e-01
   2.7835880e-01
   2.8479484e-01
   2.9283990e-01
   3.0168946e-01
   3.1134353e-01
   3.2099757e-01
   3.2904263e-01
   3.3226067e-01
   3.3145615e-01
   3.2421561e-01
   3.1375704e-01
   3.0008045e-01
   2.8640385e-01
   2.7433628e-01
   2.6065968e-01
   2.4617859e-01
   2.3089299e-01
   2.1238938e-01
   1.9147222e-01
   1.6975059e-01
   1.5205149e-01
   1.3837488e-01
   1.3274335e-01
   1.3435236e-01
   1.3998389e-01
   1.4963797e-01
   1.5848752e-01
   1.6411905e-01
   1.6572806e-01
   1.6251006e-01
   1.5687851e-01
   1.4883345e-01
   1.4159290e-01
   1.3596137e-01
   1.3515686e-01
   1.3998389e-01
   1.5366049e-01
   1.7538212e-01
   2.0595333e-01
   2.4135155e-01
   2.7755430e-01
   3.0973452e-01
   3.3145615e-01
   3.4191472e-01
   3.3789218e-01
   3.2180208e-01
   2.9605793e-01
   2.6709573e-01
   2.3813355e-01
   2.1399837e-01
   1.9710379e-01
   1.8905871e-01
   1.8986323e-01
   1.9951728e-01
   2.1480289e-01
   2.3330650e-01
   2.5100561e-01
   2.6468222e-01
   2.6790023e-01
   2.5905067e-01
   2.4054706e-01
   2.1238936e-01
   1.8342718e-01
   1.5768301e-01
   1.3998391e-01
   1.3515688e-01
   1.4320192e-01
   1.6090103e-01
   1.8423168e-01
   2.0997585e-01
   2.3330650e-01
   2.5261464e-01
   2.6709573e-01
   2.7755428e-01
   2.8559934e-01
   2.9123089e-01
   2.9605791e-01
   3.0088495e-01
   3.0732100e-01
   3.1456154e-01
   3.2662912e-01
   3.3869670e-01
   3.5237329e-01
   3.6444087e-01
   3.7168140e-01
   3.7409493e-01
   3.6926789e-01
   3.5961382e-01
   3.4513273e-01
   3.3065164e-01
   3.1697505e-01
   3.0812549e-01
   3.0168946e-01
   3.0008043e-01
   3.0249396e-01
   3.0812549e-01
   3.1938857e-01
   3.3306517e-01
   3.5076428e-01
   3.6846339e-01
   3.8294450e-01
   3.8857602e-01
   3.8294450e-01
   3.6283186e-01
   3.2984714e-01
   2.8640385e-01
   2.3893805e-01
   1.9388575e-01
   1.5687851e-01
   1.3274335e-01
   1.2389379e-01
   1.3032984e-01
   1.5124696e-01
   1.8423168e-01
   2.2445694e-01
   2.6870474e-01
   3.1134353e-01
   3.4674176e-01
   3.7248592e-01
   3.8455349e-01
   3.8133547e-01
   3.6604987e-01
   3.4111021e-01
   3.1214803e-01
   2.8238133e-01
   2.5422365e-01
   2.3089297e-01
   2.1238938e-01
   1.9871279e-01
   1.9066772e-01
   1.8986321e-01
   1.9629926e-01
   2.1078037e-01
   2.3169750e-01
   2.5663716e-01
   2.8238133e-01
   3.0410297e-01
   3.2019309e-01
   3.2582460e-01
   3.2180208e-01
   3.0812551e-01
   2.8720837e-01
   2.5905067e-01
   2.2606597e-01
   1.9066773e-01
   1.5446500e-01
   1.1987125e-01
   9.0909086e-02
   7.2405457e-02
   6.5969424e-02
   7.2405457e-02
   9.1713590e-02
   1.1826226e-01
   1.5124698e-01
   1.8342718e-01
   2.1480288e-01
   2.4215607e-01
   2.6629123e-01
   2.8640385e-01
   3.0329847e-01
   3.1456152e-01
   3.2099757e-01
   3.2019307e-01
   3.1053900e-01
   2.9605793e-01
   2.7674978e-01
   2.5663718e-01
   2.4135156e-01
   2.3089299e-01
   2.2847948e-01
   2.3572002e-01
   2.5181012e-01
   2.7594529e-01
   3.0571198e-01
   3.3789220e-01
   3.7007239e-01
   3.9662108e-01
   4.1432019e-01
   4.1753821e-01
   4.0466612e-01
   3.7409493e-01
   3.3306515e-01
   2.8399033e-01
   2.3732904e-01
   1.9951728e-01
   1.7538212e-01
   1.6975059e-01
   1.8020916e-01
   2.0836684e-01
   2.4939660e-01
   2.9847142e-01
   3.5076428e-01
   3.9983908e-01
   4.4086886e-01
   4.6902656e-01
   4.8109412e-01
   4.7224456e-01
   4.4650041e-01
   4.0466614e-01
   3.5398230e-01
   3.0008043e-01
   2.4778760e-01
   2.0273530e-01
   1.6572806e-01
   1.4078841e-01
   1.2630730e-01
   1.2550280e-01
   1.3596137e-01
   1.6009654e-01
   1.9790827e-01
   2.4617859e-01
   3.0168944e-01
   3.5800483e-01
   4.0949317e-01
   4.4730489e-01
   4.6822204e-01
   4.6983104e-01
   4.5052293e-01
   4.1673370e-01
   3.7007239e-01
   3.1858406e-01
   2.6950924e-01
   2.2847948e-01
   2.0193081e-01
   1.9469026e-01
   2.0675783e-01
   2.3572002e-01
   2.7594529e-01
   3.2099759e-01
   3.5961384e-01
   3.8777152e-01
   3.9903460e-01
   3.9340305e-01
   3.7489942e-01
   3.4995977e-01
   3.2502011e-01
   3.0651650e-01
   2.9847142e-01
   3.0168946e-01
   3.1456152e-01
   3.3386968e-01
   3.5559130e-01
   3.7650845e-01
   3.9179404e-01
   3.9983910e-01
   3.9903458e-01
   3.8857602e-01
   3.6926791e-01
   3.4352374e-01
   3.1536605e-01
   2.9042637e-01
   2.7192275e-01
   2.6387770e-01
   2.6709571e-01
   2.7916331e-01
   2.9766692e-01
   3.1617055e-01
   3.3226065e-01
   3.4271922e-01
   3.4593724e-01
   3.4352374e-01
   3.3547867e-01
   3.2582462e-01
   3.1536605e-01
   3.0571198e-01
   3.0088495e-01
   3.0168946e-01
   3.0732099e-01
   3.2019307e-01
   3.3950120e-01
   3.6041835e-01
   3.7892196e-01
   3.9098954e-01
   3.9259854e-01
   3.8213997e-01
   3.6041833e-01
   3.2984714e-01
   2.9283990e-01
   2.5502815e-01
   2.2043442e-01
   1.9066773e-01
   1.6733708e-01
   1.5205147e-01
   1.4561544e-01
   1.4883347e-01
   1.6411906e-01
   1.9066772e-01
   2.2445696e-01
   2.6387771e-01
   3.0088494e-01
   3.3145615e-01
   3.4835077e-01
   3.4754626e-01
   3.2904263e-01
   2.9525343e-01
   2.4859210e-01
   1.9469026e-01
   1.3998389e-01
   9.0104582e-02
   4.9879307e-02
   2.2526132e-02
   1.0458553e-02
   1.4481091e-02
   3.3789190e-02
   6.3555912e-02
   9.8149623e-02
   1.3113434e-01
   1.5687851e-01
   1.7296863e-01
   1.7618663e-01
   1.6894609e-01
   1.5446498e-01
   1.3837488e-01
   1.2228478e-01
   1.0941270e-01
   1.0217214e-01
   9.9758649e-02
   1.0378115e-01
   1.1343524e-01
   1.2872083e-01
   1.5044248e-01
   1.7618664e-01
   2.0353980e-01
   2.2767498e-01
   2.4698309e-01
   2.5905067e-01
   2.6146418e-01
   2.5663716e-01
   2.4698309e-01
   2.3652452e-01
   2.2847948e-01
   2.2606595e-01
   2.2847948e-01
   2.3572003e-01
   2.4698311e-01
   2.5905069e-01
   2.7031376e-01
   2.7916331e-01
   2.8318583e-01
   2.7916331e-01
   2.6790023e-01
   2.5020113e-01
   2.2767498e-01
   2.0434432e-01
   1.8503619e-01
   1.7538212e-01
   1.7699113e-01
   1.9066773e-01
   2.1399837e-01
   2.4215607e-01
   2.6950924e-01
   2.8881736e-01
   2.9847144e-01
   2.9525341e-01
   2.7916331e-01
   2.5502815e-01
   2.2606597e-01
   1.9549476e-01
   1.6733706e-01
   1.4722446e-01
   1.3676589e-01
   1.3917938e-01
   1.5446500e-01
   1.8342718e-01
   2.2204343e-01
   2.6548670e-01
   3.0812549e-01
   3.4271922e-01
   3.6685438e-01
   3.7811745e-01
   3.7489944e-01
   3.5961384e-01
   3.3306515e-01
   3.0008043e-01
   2.6146418e-01
   2.2043444e-01
   1.7860016e-01
   1.4078841e-01
   1.0941270e-01
   8.7691052e-02
   7.8841507e-02
   8.1255019e-02
   9.5736111e-02
   1.1665325e-01
   1.4078841e-01
   1.6251006e-01
   1.7779565e-01
   1.8503619e-01
   1.8423168e-01
   1.7538214e-01
   1.6009654e-01
   1.4078839e-01
   1.2148028e-01
   1.0378117e-01
   9.1713590e-02
   8.8495556e-02
   9.6540615e-02
   1.1584873e-01
   1.4561544e-01
   1.8101367e-01
   2.1560740e-01
   2.4537408e-01
   2.6307321e-01
   2.6709573e-01
   2.5824617e-01
   2.3893805e-01
   2.1238938e-01
   1.8342718e-01
   1.5687851e-01
   1.3435236e-01
   1.1906676e-01
   1.1182621e-01
   1.1504424e-01
   1.2791631e-01
   1.5044246e-01
   1.7940466e-01
   2.1078037e-01
   2.4054706e-01
   2.6468220e-01
   2.8077232e-01
   2.8801285e-01
   2.8640385e-01
   2.7916331e-01
   2.6870474e-01
   2.5905067e-01
   2.4939662e-01
   2.4215607e-01
   2.3572003e-01
   2.2928398e-01
   2.2365244e-01
   2.1882541e-01
   2.1480289e-01
   2.1319388e-01
   2.1399839e-01
   2.1560740e-01
   2.1802091e-01
   2.2043442e-01
   2.2365244e-01
   2.2767496e-01
   2.3411101e-01
   2.4456958e-01
   2.5422365e-01
   2.6468220e-01
   2.7192277e-01
   2.7353176e-01
   2.6790023e-01
   2.5502815e-01
   2.3813355e-01
   2.1882541e-01
   2.0353982e-01
   1.9388575e-01
   1.9227674e-01
   1.9871279e-01
   2.1319388e-01
   2.3250200e-01
   2.5583265e-01
   2.8077232e-01
   3.0329847e-01
   3.2019307e-01
   3.2823813e-01
   3.2582460e-01
   3.1134351e-01
   2.8640386e-01
   2.5502815e-01
   2.2204343e-01
   1.9308125e-01
   1.7377313e-01
   1.6411905e-01
   1.6572807e-01
   1.7538212e-01
   1.9066773e-01
   2.0917136e-01
   2.2767498e-01
   2.4537408e-01
   2.6146420e-01
   2.7514079e-01
   2.8640386e-01
   2.9283990e-01
   2.9444892e-01
   2.9123089e-01
   2.8318583e-01
   2.7111825e-01
   2.5744166e-01
   2.4296057e-01
   2.3008849e-01
   2.1721641e-01
   2.0595333e-01
   1.9790827e-01
   1.9469026e-01
   1.9871278e-01
   2.1238936e-01
   2.3652454e-01
   2.7031375e-01
   3.0973452e-01
   3.4915525e-01
   3.8374900e-01
   4.0707964e-01
   4.1673372e-01
   4.1110217e-01
   3.9259854e-01
   3.6685438e-01
   3.3708767e-01
   3.0893001e-01
   2.8559936e-01
   2.6950926e-01
   2.6146418e-01
   2.6307321e-01
   2.7192275e-01
   2.8801287e-01
   3.0973450e-01
   3.3306515e-01
   3.5559130e-01
   3.7489944e-01
   3.8938053e-01
   3.9823007e-01
   4.0386162e-01
   4.0547065e-01
   4.0627513e-01
   4.0466612e-01
   4.0064360e-01
   3.9340305e-01
   3.8133547e-01
   3.6524537e-01
   3.4593725e-01
   3.2823813e-01
   3.1536605e-01
   3.0893001e-01
   3.1214801e-01
   3.2260660e-01
   3.4111021e-01
   3.6283186e-01
   3.8535799e-01
   4.0547063e-01
   4.2236523e-01
   4.3282380e-01
   4.3684634e-01
   4.3121479e-01
   4.1673370e-01
   3.9259854e-01
   3.6202735e-01
   3.2662912e-01
   2.9283990e-01
   2.6548670e-01
   2.4698311e-01
   2.3893803e-01
   2.4215607e-01
   2.5422363e-01
   2.7353176e-01
   2.9605791e-01
   3.2099757e-01
   3.4674174e-01
   3.7087690e-01
   3.9259854e-01
   4.0949317e-01
   4.1834273e-01
   4.1995174e-01
   4.1110216e-01
   3.9581656e-01
   3.7650845e-01
   3.5559130e-01
   3.3708769e-01
   3.2341110e-01
   3.1777956e-01
   3.1777956e-01
   3.2662912e-01
   3.4111019e-01
   3.6202735e-01
   3.8938053e-01
   4.2075622e-01
   4.5534997e-01
   4.8994370e-01
   5.2131939e-01
   5.4384554e-01
   5.5591311e-01
   5.5832663e-01
   5.4867255e-01
   5.3097346e-01
   5.0683830e-01
   4.7868062e-01
   4.4810942e-01
   4.1753822e-01
   3.8777152e-01
   3.6202735e-01
   3.4111021e-01
   3.2984715e-01
   3.2904263e-01
   3.3789220e-01
   3.5720033e-01
   3.8374898e-01
   4.1512469e-01
   4.4569589e-01
   4.7304908e-01
   4.9316172e-01
   5.0603378e-01
   5.1005632e-01
   5.0442477e-01
   4.8913918e-01
   4.6339501e-01
   4.2960579e-01
   3.9098954e-01
   3.5076428e-01
   3.1375704e-01
   2.8318583e-01
   2.6307321e-01
   2.5341914e-01
   2.5261462e-01
   2.5985518e-01
   2.7192275e-01
   2.8640386e-01
   3.0329847e-01
   3.2019309e-01
   3.3628319e-01
   3.4995976e-01
   3.5800483e-01
   3.5961382e-01
   3.5156878e-01
   3.3386966e-01
   3.0893001e-01
   2.7835880e-01
   2.4778760e-01
   2.1882541e-01
   1.9549476e-01
   1.7940464e-01
   1.7135960e-01
   1.6975059e-01
   1.7618664e-01
   1.8986321e-01
   2.1158486e-01
   2.4135156e-01
   2.7674980e-01
   3.1295253e-01
   3.4835077e-01
   3.7650845e-01
   3.9501206e-01
   4.0064360e-01
   3.9420757e-01
   3.7972646e-01
   3.5800482e-01
   3.3547867e-01
   3.1617055e-01
   3.0329847e-01
   2.9927593e-01
   3.0651650e-01
   3.2421561e-01
   3.5076426e-01
   3.8294450e-01
   4.1512471e-01
   4.4328239e-01
   4.5937247e-01
   4.6178600e-01
   4.4810942e-01
   4.2075624e-01
   3.8294448e-01
   3.4191472e-01
   3.0168946e-01
   2.6870474e-01
   2.4456958e-01
   2.3089299e-01
   2.2606597e-01
   2.3089299e-01
   2.4296057e-01
   2.6307319e-01
   2.8881738e-01
   3.1938857e-01
   3.5156878e-01
   3.8133549e-01
   4.0627515e-01
   4.2236525e-01
   4.2799678e-01
   4.2477876e-01
   4.1271116e-01
   3.9662107e-01
   3.7570394e-01
   3.5237329e-01
   3.2823813e-01
   3.0571198e-01
   2.8559934e-01
   2.7192277e-01
   2.6629123e-01
   2.7031376e-01
   2.8559936e-01
   3.1214801e-01
   3.4835075e-01
   3.8696700e-01
   4.2638777e-01
   4.6259051e-01
   4.9074819e-01
   5.1005632e-01
   5.1810136e-01
   5.1246983e-01
   4.9477071e-01
   4.6580852e-01
   4.2719227e-01
   3.8374898e-01
   3.3950120e-01
   2.9927593e-01
   2.6950924e-01
   2.5020111e-01
   2.4376508e-01
   2.4617859e-01
   2.5502815e-01
   2.6709571e-01
   2.7835880e-01
   2.8720835e-01
   2.9203539e-01
   2.9283990e-01
   2.9123089e-01
   2.8318583e-01
   2.7031375e-01
   2.5181013e-01
   2.2767496e-01
   2.0032178e-01
   1.7296861e-01
   1.4802895e-01
   1.3032984e-01
   1.1745776e-01
   1.1343524e-01
   1.1584875e-01
   1.2148028e-01
   1.2952534e-01
   1.3917940e-01
   1.4963796e-01
   1.6090105e-01
   1.7296861e-01
   1.8262268e-01
   1.8986323e-01
   1.9147224e-01
   1.8664520e-01
   1.7538212e-01
   1.5929202e-01
   1.3917938e-01
   1.1987127e-01
   1.0297667e-01
   8.9300060e-02
   8.2059523e-02
   8.1255019e-02
   9.0104564e-02
   1.0860819e-01
   1.3596137e-01
   1.7135960e-01
   2.0997585e-01
   2.4859210e-01
   2.7916331e-01
   2.9847142e-01
   3.0088495e-01
   2.8801285e-01
   2.5985518e-01
   2.2284793e-01
   1.8181817e-01
   1.4239742e-01
   1.0860819e-01
   8.3668532e-02
   7.0796449e-02
   6.9187440e-02
   8.0450498e-02
   1.0297665e-01
   1.3354786e-01
   1.6975059e-01
   2.0675783e-01
   2.3974256e-01
   2.6226869e-01
   2.7514079e-01
   2.7433628e-01
   2.6468220e-01
   2.4859210e-01
   2.3089299e-01
   2.1560738e-01
   2.0514881e-01
   1.9951730e-01
   1.9871278e-01
   2.0112631e-01
   2.0595333e-01
   2.1238938e-01
   2.1962992e-01
   2.2847948e-01
   2.3732903e-01
   2.4698309e-01
   2.5663716e-01
   2.6790023e-01
   2.7835879e-01
   2.8881736e-01
   2.9927593e-01
   3.0812549e-01
   3.1214803e-01
   3.1134351e-01
   3.0088494e-01
   2.8157682e-01
   2.5502815e-01
   2.2445694e-01
   1.9549476e-01
   1.7296861e-01
   1.6170555e-01
   1.6251004e-01
   1.7538212e-01
   1.9790827e-01
   2.2767498e-01
   2.5905067e-01
   2.9203539e-01
   3.2421561e-01
   3.5317779e-01
   3.8053097e-01
   4.0225261e-01
   4.1834271e-01
   4.2558327e-01
   4.2477876e-01
   4.1512469e-01
   4.0064360e-01
   3.8213997e-01
   3.6283186e-01
   3.4674176e-01
   3.3386968e-01
   3.2743362e-01
   3.2743362e-01
   3.3306515e-01
   3.4754626e-01
   3.6926789e-01
   3.9742559e-01
   4.2960579e-01
   4.6017698e-01
   4.8511666e-01
   5.0120676e-01
   5.0362027e-01
   4.9074819e-01
   4.6580854e-01
   4.2880128e-01
   3.8696702e-01
   3.4352372e-01
   3.0410297e-01
   2.7111827e-01
   2.5020111e-01
   2.4215607e-01
   2.4939662e-01
   2.7111827e-01
   3.0651648e-01
   3.4995977e-01
   3.9742559e-01
   4.4086886e-01
   4.7546259e-01
   4.9637971e-01
   5.0201126e-01
   4.9235721e-01
   4.6983104e-01
   4.3765084e-01
   3.9983908e-01
   3.5880932e-01
   3.1617055e-01
   2.7514077e-01
   2.3893803e-01
   2.1158486e-01
   1.9549476e-01
   1.9388575e-01
   2.0675783e-01
   2.3250200e-01
   2.6629123e-01
   3.0249396e-01
   3.3467418e-01
   3.5880932e-01
   3.7409493e-01
   3.7892196e-01
   3.7570394e-01
   3.6765888e-01
   3.5720031e-01
   3.4754624e-01
   3.3950120e-01
   3.3547867e-01
   3.3708767e-01
   3.4271922e-01
   3.5317779e-01
   3.6685438e-01
   3.8053097e-01
   3.9340307e-01
   4.0386162e-01
   4.1029767e-01
   4.1351569e-01
   4.1512469e-01
   4.1592920e-01
   4.1753821e-01
   4.1914723e-01
   4.1834273e-01
   4.1432019e-01
   4.0466612e-01
   3.8696702e-01
   3.6202734e-01
   3.3386968e-01
   3.0329847e-01
   2.7594529e-01
   2.5181013e-01
   2.3491553e-01
   2.2606595e-01
   2.2606597e-01
   2.3330650e-01
   2.4939660e-01
   2.7353178e-01
   3.0329847e-01
   3.3467418e-01
   3.6363634e-01
   3.8455349e-01
   3.9501206e-01
   3.9098955e-01
   3.7409493e-01
   3.4754624e-01
   3.1456154e-01
   2.8238134e-01
   2.5502815e-01
   2.3732903e-01
   2.2928398e-01
   2.3330650e-01
   2.4859210e-01
   2.7433628e-01
   3.0571198e-01
   3.4271922e-01
   3.7892196e-01
   4.1110217e-01
   4.3362832e-01
   4.4489138e-01
   4.4408689e-01
   4.3121479e-01
   4.1029765e-01
   3.8616251e-01
   3.6122285e-01
   3.4111021e-01
   3.2582460e-01
   3.1858406e-01
   3.1858406e-01
   3.2823813e-01
   3.4432823e-01
   3.6926789e-01
   4.0064359e-01
   4.3604184e-01
   4.7144005e-01
   5.0040225e-01
   5.1971039e-01
   5.2534191e-01
   5.1729687e-01
   4.9718424e-01
   4.6983106e-01
   4.4006436e-01
   4.1029765e-01
   3.8616251e-01
   3.6846339e-01
   3.5880932e-01
   3.5478680e-01
   3.5800482e-01
   3.6846340e-01
   3.8455350e-01
   4.0225261e-01
   4.2156074e-01
   4.3765084e-01
   4.4810940e-01
   4.5052293e-01
   4.4489138e-01
   4.3201930e-01
   4.1271118e-01
   3.9259856e-01
   3.7248592e-01
   3.5800482e-01
   3.4835075e-01
   3.4754624e-01
   3.5317779e-01
   3.6765888e-01
   3.8857602e-01
   4.1351569e-01
   4.3925985e-01
   4.6098150e-01
   4.7465809e-01
   4.7626709e-01
   4.6661303e-01
   4.4489138e-01
   4.1753821e-01
   3.8938053e-01
   3.6685438e-01
   3.5237329e-01
   3.5076428e-01
   3.5961384e-01
   3.7811745e-01
   4.0144811e-01
   4.2558327e-01
   4.4730491e-01
   4.6098150e-01
   4.6661303e-01
   4.6098150e-01
   4.4408688e-01
   4.1995172e-01
   3.9179404e-01
   3.6363636e-01
   3.4271922e-01
   3.3145615e-01
   3.3467418e-01
   3.4835077e-01
   3.7087690e-01
   3.9501206e-01
   4.1512469e-01
   4.2638777e-01
   4.2558327e-01
   4.1512469e-01
   3.9340305e-01
   3.6604987e-01
   3.3547867e-01
   3.0329847e-01
   2.7111825e-01
   2.4296057e-01
   2.2043442e-01
   2.0434432e-01
   1.9790827e-01
   2.0273530e-01
   2.1641190e-01
   2.3813353e-01
   2.6226869e-01
   2.8559934e-01
   3.0168946e-01
   3.0812549e-01
   3.0571198e-01
   2.9364440e-01
   2.7674978e-01
   2.5663716e-01
   2.3813355e-01
   2.2365244e-01
   2.1480289e-01
   2.1480289e-01
   2.2204345e-01
   2.3652454e-01
   2.5663716e-01
   2.7835880e-01
   2.9927595e-01
   3.1375704e-01
   3.1858406e-01
   3.1456154e-01
   3.0329847e-01
   2.8479484e-01
   2.6307319e-01
   2.4215607e-01
   2.2365244e-01
   2.0756234e-01
   1.9388575e-01
   1.8423168e-01
   1.8020916e-01
   1.8101365e-01
   1.9308125e-01
   2.1560740e-01
   2.4859212e-01
   2.8962186e-01
   3.3386966e-01
   3.7489944e-01
   4.0627515e-01
   4.2236523e-01
   4.2316975e-01
   4.0788416e-01
   3.7892196e-01
   3.4191472e-01
   3.0168946e-01
   2.6307319e-01
   2.3089299e-01
   2.0917136e-01
   2.0112629e-01
   2.0756234e-01
   2.2687047e-01
   2.5663716e-01
   2.8962188e-01
   3.2180210e-01
   3.4674174e-01
   3.5961382e-01
   3.6122285e-01
   3.4915525e-01
   3.2904263e-01
   3.0329847e-01
   2.7674980e-01
   2.5100561e-01
   2.2767498e-01
   2.0917135e-01
   1.9469027e-01
   1.8744970e-01
   1.8503619e-01
   1.8905873e-01
   1.9871278e-01
   2.0997585e-01
   2.2123893e-01
   2.2928398e-01
   2.3250200e-01
   2.3169750e-01
   2.2847948e-01
   2.2606597e-01
   2.2767496e-01
   2.3491553e-01
   2.4698309e-01
   2.6226871e-01
   2.7835880e-01
   2.9042638e-01
   2.9605793e-01
   2.9525343e-01
   2.8640386e-01
   2.7031375e-01
   2.5020111e-01
   2.2606597e-01
   2.0112631e-01
   1.7618663e-01
   1.5526950e-01
   1.4239742e-01
   1.3917938e-01
   1.4802895e-01
   1.6733708e-01
   1.9388575e-01
   2.2445696e-01
   2.5422365e-01
   2.7594529e-01
   2.8801287e-01
   2.8962186e-01
   2.8238133e-01
   2.6950924e-01
   2.5502815e-01
   2.4215607e-01
   2.3411101e-01
   2.3491553e-01
   2.4456958e-01
   2.6307321e-01
   2.8962188e-01
   3.2019307e-01
   3.4995977e-01
   3.7329043e-01
   3.8616249e-01
   3.8374900e-01
   3.6444087e-01
   3.3065164e-01
   2.8559936e-01
   2.3491551e-01
   1.8423168e-01
   1.3837488e-01
   9.9758631e-02
   6.9187423e-02
   4.8270316e-02
   4.0225258e-02
   4.2638752e-02
   5.8728869e-02
   8.8495556e-02
   1.2872081e-01
   1.7699115e-01
   2.2687047e-01
   2.7192277e-01
   3.0651648e-01
   3.2582462e-01
   3.2904265e-01
   3.1536605e-01
   2.8962186e-01
   2.5502815e-01
   2.1480289e-01
   1.7457762e-01
   1.3837488e-01
   1.0860819e-01
   8.9300060e-02
   8.2059523e-02
   8.6886548e-02
   1.0217216e-01
   1.2389379e-01
   1.4802895e-01
   1.7216411e-01
   1.9147224e-01
   2.0595331e-01
   2.1480288e-01
   2.2123894e-01
   2.2687047e-01
   2.3330650e-01
   2.3893805e-01
   2.4296057e-01
   2.4537408e-01
   2.4296057e-01
   2.3893805e-01
   2.3089299e-01
   2.2204343e-01
   2.1319387e-01
   2.0595333e-01
   2.0112629e-01
   1.9871278e-01
   1.9951728e-01
   2.0353980e-01
   2.1319388e-01
   2.2847948e-01
   2.5020113e-01
   2.7514079e-01
   3.0008043e-01
   3.2260660e-01
   3.3547868e-01
   3.3789220e-01
   3.2743362e-01
   3.0571198e-01
   2.7594529e-01
   2.4376508e-01
   2.1319388e-01
   1.8825422e-01
   1.7296863e-01
   1.6975059e-01
   1.7860016e-01
   2.0032180e-01
   2.3330650e-01
   2.7353176e-01
   3.1536605e-01
   3.5398230e-01
   3.8213999e-01
   3.9581658e-01
   3.9340305e-01
   3.7409493e-01
   3.4271922e-01
   3.0571198e-01
   2.6629123e-01
   2.3089299e-01
   2.0273530e-01
   1.8342718e-01
   1.7296861e-01
   1.7216411e-01
   1.8020916e-01
   1.9951728e-01
   2.2687045e-01
   2.6387771e-01
   3.0410297e-01
   3.4674176e-01
   3.8455350e-01
   4.1351569e-01
   4.3121479e-01
   4.3201930e-01
   4.1914722e-01
   3.9259856e-01
   3.5478680e-01
   3.1053902e-01
   2.6468220e-01
   2.2043444e-01
   1.8503621e-01
   1.6009654e-01
   1.5044246e-01
   1.5687851e-01
   1.7457762e-01
   2.0193081e-01
   2.3250200e-01
   2.6065970e-01
   2.8157682e-01
   2.9605791e-01
   3.0088495e-01
   3.0088494e-01
   2.9927593e-01
   2.9605791e-01
   2.9444890e-01
   2.9283990e-01
   2.9203539e-01
   2.9042638e-01
   2.8801285e-01
   2.8318585e-01
   2.7755430e-01
   2.7111825e-01
   2.6307321e-01
   2.5422365e-01
   2.4215607e-01
   2.3089299e-01
   2.2043442e-01
   2.1560740e-01
   2.1802091e-01
   2.2928397e-01
   2.5261464e-01
   2.8399033e-01
   3.1938857e-01
   3.5398230e-01
   3.8374898e-01
   4.0386164e-01
   4.1592920e-01
   4.1834271e-01
   4.1351569e-01
   4.0305712e-01
   3.9018503e-01
   3.7731295e-01
   3.6444087e-01
   3.5559130e-01
   3.4915527e-01
   3.4754626e-01
   3.4995977e-01
   3.5317779e-01
   3.5478680e-01
   3.5398230e-01
   3.4754626e-01
   3.3386968e-01
   3.1617055e-01
   2.9525341e-01
   2.7353176e-01
   2.5422365e-01
   2.3893803e-01
   2.2606597e-01
   2.1480288e-01
   2.0756234e-01
   2.0032178e-01
   1.9710377e-01
   1.9871279e-01
   2.0756236e-01
   2.2284795e-01
   2.4296057e-01
   2.6709573e-01
   2.8881738e-01
   3.0732100e-01
   3.1938858e-01
   3.2341109e-01
   3.2099757e-01
   3.1375704e-01
   3.0329847e-01
   2.9203539e-01
   2.8157682e-01
   2.7594529e-01
   2.7594527e-01
   2.8399033e-01
   3.0168946e-01
   3.3065164e-01
   3.7007239e-01
   4.1432019e-01
   4.5856799e-01
   4.9959775e-01
   5.2936445e-01
   5.4465005e-01
   5.4465005e-01
   5.2855993e-01
   4.9718424e-01
   4.5615447e-01
   4.0707964e-01
   3.5559130e-01
   3.0490747e-01
   2.5985519e-01
   2.2606595e-01
   2.0353982e-01
   1.9549476e-01
   1.9871278e-01
   2.0997585e-01
   2.2606595e-01
   2.3813353e-01
   2.4617859e-01
   2.4456958e-01
   2.3491551e-01
   2.1962992e-01
   2.0273530e-01
   1.8664521e-01
   1.7135962e-01
   1.6090105e-01
   1.5285599e-01
   1.4641994e-01
   1.4320192e-01
   1.3837488e-01
   1.3596139e-01
   1.3113434e-01
   1.2389379e-01
   1.1343522e-01
   1.0056314e-01
   8.4473036e-02
   6.8382936e-02
   5.6315357e-02
   5.0683828e-02
   5.6315357e-02
   7.0796449e-02
   9.4127103e-02
   1.1987127e-01
   1.4481093e-01
   1.6331456e-01
   1.7135960e-01
   1.6975059e-01
   1.5848752e-01
   1.4159290e-01
   1.2308929e-01
   1.0619468e-01
   9.3322598e-02
   8.7691070e-02
   9.1713590e-02
   1.0539016e-01
   1.2630732e-01
   1.5366049e-01
   1.8181817e-01
   2.0756234e-01
   2.2445694e-01
   2.3089299e-01
   2.2284793e-01
   2.0353980e-01
   1.7618663e-01
   1.4561544e-01
   1.1665325e-01
   9.4127103e-02
   7.7232481e-02
   6.9991944e-02
   6.9187440e-02
   7.6427977e-02
   8.9300078e-02
   1.0860819e-01
   1.3354786e-01
   1.6251004e-01
   1.9388575e-01
   2.2365246e-01
   2.4698309e-01
   2.6065968e-01
   2.6146418e-01
   2.4939660e-01
   2.2284793e-01
   1.8744970e-01
   1.4561544e-01
   1.0056314e-01
   5.8728869e-02
   2.5744149e-02
   5.6315287e-03
   1.6090082e-03
   1.6090082e-02
   4.5856786e-02
   8.8495574e-02
   1.3596137e-01
   1.7779563e-01
   2.0917136e-01
   2.2365246e-01
   2.1882541e-01
   1.9951730e-01
   1.6975059e-01
   1.3837488e-01
   1.1182621e-01
   9.4931607e-02
   9.0104564e-02
   9.8149623e-02
   1.1665323e-01
   1.4400643e-01
   1.7538214e-01
   2.0917136e-01
   2.3893805e-01
   2.6387770e-01
   2.8077232e-01
   2.8801287e-01
   2.8559936e-01
   2.7594529e-01
   2.6226871e-01
   2.4859212e-01
   2.3652452e-01
   2.2928398e-01
   2.2687047e-01
   2.2847946e-01
   2.3169750e-01
   2.3411101e-01
   2.3732904e-01
   2.3974256e-01
   2.4376508e-01
   2.5020111e-01
   2.5905067e-01
   2.7111827e-01
   2.8318583e-01
   2.9525343e-01
   3.0732100e-01
   3.1858408e-01
   3.2743362e-01
   3.3547867e-01
   3.4111021e-01
   3.4352372e-01
   3.4271922e-01
   3.3628319e-01
   3.2341109e-01
   3.0651648e-01
   2.8559934e-01
   2.6307321e-01
   2.4054706e-01
   2.1962992e-01
   1.9951728e-01
   1.8101365e-01
   1.6653258e-01
   1.5768301e-01
   1.5607401e-01
   1.6411906e-01
   1.8181817e-01
   2.0836684e-01
   2.3974256e-01
   2.7031375e-01
   2.9605791e-01
   3.0973450e-01
   3.1053900e-01
   2.9927595e-01
   2.7996781e-01
   2.5502813e-01
   2.3089299e-01
   2.0997585e-01
   1.9871278e-01
   1.9549476e-01
   2.0353982e-01
   2.2043442e-01
   2.4617859e-01
   2.7755430e-01
   3.1295252e-01
   3.4593724e-01
   3.7329043e-01
   3.9098954e-01
   3.9823009e-01
   3.9340307e-01
   3.7972646e-01
   3.5880932e-01
   3.3628319e-01
   3.1375704e-01
   2.9203539e-01
   2.7674980e-01
   2.6629123e-01
   2.6146420e-01
   2.6387770e-01
   2.7353178e-01
   2.9042637e-01
   3.1375704e-01
   3.3789220e-01
   3.6202735e-01
   3.8133547e-01
   3.9340305e-01
   3.9823007e-01
   3.9823009e-01
   3.9340305e-01
   3.8938053e-01
   3.8535801e-01
   3.8294448e-01
   3.8213997e-01
   3.8133549e-01
   3.7811745e-01
   3.7409493e-01
   3.6685438e-01
   3.5880932e-01
   3.4995977e-01
   3.4191472e-01
   3.3306515e-01
   3.2341109e-01
   3.1456154e-01
   3.0732099e-01
   3.0249396e-01
   3.0249396e-01
   3.0571198e-01
   3.1456154e-01
   3.2502011e-01
   3.3467416e-01
   3.3950120e-01
   3.3789220e-01
   3.2823813e-01
   3.1053900e-01
   2.8640385e-01
   2.5663716e-01
   2.2606597e-01
   1.9629926e-01
   1.6975059e-01
   1.4883345e-01
   1.3837488e-01
   1.4078839e-01
   1.5687851e-01
   1.8825422e-01
   2.3008849e-01
   2.8077232e-01
   3.3145616e-01
   3.7570392e-01
   4.0868866e-01
   4.2719227e-01
   4.3121481e-01
   4.2397426e-01
   4.0707964e-01
   3.8696702e-01
   3.6524537e-01
   3.4674176e-01
   3.3226065e-01
   3.2421561e-01
   3.2662912e-01
   3.3789218e-01
   3.5880932e-01
   3.8938053e-01
   4.2397424e-01
   4.5695896e-01
   4.8511666e-01
   5.0201128e-01
   5.0603380e-01
   4.9477071e-01
   4.6983106e-01
   4.3604184e-01
   3.9581656e-01
   3.5559130e-01
   3.1938857e-01
   2.9283990e-01
   2.7835880e-01
   2.8077232e-01
   2.9927595e-01
   3.3386966e-01
   3.7811745e-01
   4.2638777e-01
   4.6902654e-01
   5.0040225e-01
   5.1327434e-01
   5.0764279e-01
   4.8511666e-01
   4.5213194e-01
   4.1512469e-01
   3.8133547e-01
   3.5720031e-01
   3.4432823e-01
   3.4432823e-01
   3.5800483e-01
   3.8133547e-01
   4.1351569e-01
   4.5052293e-01
   4.8753017e-01
   5.2212390e-01
   5.5028158e-01
   5.6958971e-01
   5.7763475e-01
   5.7602574e-01
   5.6798070e-01
   5.5269511e-01
   5.3580049e-01
   5.1810138e-01
   5.0201126e-01
   4.8753017e-01
   4.7385358e-01
   4.6259051e-01
   4.5374094e-01
   4.4730489e-01
   4.4408689e-01
   4.4247787e-01
   4.4167338e-01
   4.3765084e-01
   4.3041029e-01
   4.1673372e-01
   3.9823009e-01
   3.7811745e-01
   3.5639581e-01
   3.3869668e-01
   3.2421561e-01
   3.1456152e-01
   3.0812549e-01
   3.0168946e-01
   2.9605793e-01
   2.8881738e-01
   2.8238133e-01
   2.7674980e-01
   2.7433628e-01
   2.7755430e-01
   2.8559934e-01
   2.9847142e-01
   3.1617055e-01
   3.3789218e-01
   3.6363636e-01
   3.9018503e-01
   4.1753822e-01
   4.4086886e-01
   4.5695898e-01
   4.6339501e-01
   4.5534995e-01
   4.3362832e-01
   4.0064360e-01
   3.5961382e-01
   3.1697505e-01
   2.7755428e-01
   2.4456958e-01
   2.2284795e-01
   2.1158488e-01
   2.0997585e-01
   2.1962992e-01
   2.3813355e-01
   2.6629123e-01
   3.0168946e-01
   3.4352372e-01
   3.8857602e-01
   4.3201930e-01
   4.6983106e-01
   4.9798874e-01
   5.1005632e-01
   5.0683828e-01
   4.8672566e-01
   4.5213194e-01
   4.0466614e-01
   3.5156878e-01
   2.9444890e-01
   2.4215607e-01
   2.0032180e-01
   1.7618663e-01
   1.7135960e-01
   1.8825422e-01
   2.2445694e-01
   2.7433628e-01
   3.3145615e-01
   3.8455349e-01
   4.2638777e-01
   4.5213194e-01
   4.6098150e-01
   4.5052293e-01
   4.2638777e-01
   3.9179404e-01
   3.5237329e-01
   3.1134353e-01
   2.7433627e-01
   2.4376508e-01
   2.2284793e-01
   2.1399839e-01
   2.1721641e-01
   2.3089299e-01
   2.5020113e-01
   2.7272728e-01
   2.9283990e-01
   3.0571198e-01
   3.1214803e-01
   3.1134353e-01
   3.0490747e-01
   2.9605791e-01
   2.8801287e-01
   2.8077232e-01
   2.7514079e-01
   2.7111825e-01
   2.6950924e-01
   2.6709573e-01
   2.6629123e-01
   2.6548670e-01
   2.6468222e-01
   2.6226871e-01
   2.5824617e-01
   2.5020111e-01
   2.3813355e-01
   2.2445696e-01
   2.1158486e-01
   2.0353982e-01
   2.0273531e-01
   2.1319388e-01
   2.3330650e-01
   2.6065968e-01
   2.9203539e-01
   3.2260658e-01
   3.4915527e-01
   3.6685438e-01
   3.7570394e-01
   3.7168140e-01
   3.5800482e-01
   3.3547867e-01
   3.0651648e-01
   2.7514077e-01
   2.4859210e-01
   2.3089299e-01
   2.2526146e-01
   2.3572003e-01
   2.5985518e-01
   2.9525341e-01
   3.3306515e-01
   3.6765890e-01
   3.9098954e-01
   3.9983908e-01
   3.9179404e-01
   3.7007241e-01
   3.4030571e-01
   3.0490747e-01
   2.7111825e-01
   2.4376508e-01
   2.2526145e-01
   2.1882541e-01
   2.2445696e-01
   2.3974256e-01
   2.6146420e-01
   2.8318583e-01
   3.0168946e-01
   3.1053900e-01
   3.0651648e-01
   2.8881738e-01
   2.5905069e-01
   2.2284793e-01
   1.8503621e-01
   1.5366049e-01
   1.3113434e-01
   1.1987127e-01
   1.2067577e-01
   1.3193883e-01
   1.5285599e-01
   1.8020916e-01
   2.1399837e-01
   2.5100561e-01
   2.8962186e-01
   3.2582462e-01
   3.5478680e-01
   3.7409492e-01
   3.8053097e-01
   3.7329043e-01
   3.5478680e-01
   3.2823813e-01
   2.9525341e-01
   2.6226871e-01
   2.2928398e-01
   1.9951730e-01
   1.7296861e-01
   1.5044246e-01
   1.3435236e-01
   1.2550280e-01
   1.2550280e-01
   1.3435236e-01
   1.5124696e-01
   1.7377313e-01
   1.9790829e-01
   2.2043442e-01
   2.3974256e-01
   2.5020111e-01
   2.5341914e-01
   2.4859210e-01
   2.3572002e-01
   2.1721641e-01
   1.9388575e-01
   1.6975059e-01
   1.4722444e-01
   1.2952534e-01
   1.1987127e-01
   1.1906676e-01
   1.2550280e-01
   1.3837490e-01
   1.5446500e-01
   1.6814158e-01
   1.7860016e-01
   1.8503621e-01
   1.8905871e-01
   1.9469026e-01
   2.0434430e-01
   2.1882541e-01
   2.3974256e-01
   2.6307321e-01
   2.8559934e-01
   3.0410297e-01
   3.1617055e-01
   3.1938857e-01
   3.1456154e-01
   3.0249396e-01
   2.8479485e-01
   2.6468222e-01
   2.4376508e-01
   2.2284795e-01
   2.0675783e-01
   1.9790829e-01
   1.9790827e-01
   2.0917135e-01
   2.3008849e-01
   2.5824617e-01
   2.8881736e-01
   3.1617055e-01
   3.3628317e-01
   3.4674174e-01
   3.4593725e-01
   3.3386966e-01
   3.1295252e-01
   2.8559934e-01
   2.5422365e-01
   2.2526145e-01
   1.9871278e-01
   1.7940464e-01
   1.6894607e-01
   1.6975059e-01
   1.8101367e-01
   2.0112629e-01
   2.2445696e-01
   2.4537408e-01
   2.5905069e-01
   2.6307321e-01
   2.5663716e-01
   2.4296055e-01
   2.2606597e-01
   2.1319387e-01
   2.0756234e-01
   2.1319388e-01
   2.3008849e-01
   2.5824617e-01
   2.9203539e-01
   3.2984714e-01
   3.6444087e-01
   3.9340307e-01
   4.1271118e-01
   4.1914723e-01
   4.1271116e-01
   3.9259854e-01
   3.6122285e-01
   3.2341109e-01
   2.8318583e-01
   2.4617859e-01
   2.1480288e-01
   1.9227674e-01
   1.7860014e-01
   1.7135960e-01
   1.6975059e-01
   1.7055510e-01
   1.7457762e-01
   1.8020916e-01
   1.8744970e-01
   1.9710377e-01
   2.0675783e-01
   2.1319388e-01
   2.1882541e-01
   2.1882541e-01
   2.1721641e-01
   2.1480289e-01
   2.1399837e-01
   2.1721641e-01
   2.2687047e-01
   2.4215607e-01
   2.5985519e-01
   2.7594529e-01
   2.8962188e-01
   2.9766692e-01
   3.0008043e-01
   2.9525341e-01
   2.8801287e-01
   2.7835880e-01
   2.6790023e-01
   2.5744166e-01
   2.5100563e-01
   2.4859212e-01
   2.5020111e-01
   2.5985518e-01
   2.7433628e-01
   2.9203539e-01
   3.0893001e-01
   3.2019309e-01
   3.2341109e-01
   3.1295253e-01
   2.9123089e-01
   2.5985519e-01
   2.2284795e-01
   1.8584069e-01
   1.5205147e-01
   1.2791633e-01
   1.1343522e-01
   1.1102171e-01
   1.2067577e-01
   1.4159290e-01
   1.7135960e-01
   2.0836686e-01
   2.4537408e-01
   2.7996781e-01
   3.0651648e-01
   3.2099757e-01
   3.2019307e-01
   3.0410297e-01
   2.7674980e-01
   2.4135155e-01
   2.0193081e-01
   1.6492355e-01
   1.3193885e-01
   1.0860819e-01
   9.6540615e-02
   9.7345119e-02
   1.1423974e-01
   1.4561544e-01
   1.8905871e-01
   2.3974254e-01
   2.9364440e-01
   3.4111021e-01
   3.7570394e-01
   3.9259854e-01
   3.8938053e-01
   3.6685438e-01
   3.2984715e-01
   2.8399033e-01
   2.3652452e-01
   1.9227674e-01
   1.5526948e-01
   1.2952534e-01
   1.1665323e-01
   1.1745776e-01
   1.3193885e-01
   1.5687851e-01
   1.8986323e-01
   2.2445694e-01
   2.5744166e-01
   2.8238133e-01
   2.9766692e-01
   3.0168946e-01
   2.9525343e-01
   2.8238134e-01
   2.6709573e-01
   2.5261464e-01
   2.4054706e-01
   2.3089299e-01
   2.2445696e-01
   2.2204343e-01
   2.2204345e-01
   2.2606595e-01
   2.3411101e-01
   2.4617859e-01
   2.6226871e-01
   2.7996781e-01
   2.9927593e-01
   3.1777956e-01
   3.3467418e-01
   3.4995977e-01
   3.6202735e-01
   3.7168140e-01
   3.7811745e-01
   3.7650845e-01
   3.6846340e-01
   3.5076426e-01
   3.2341109e-01
   2.9042638e-01
   2.5422365e-01
   2.2123893e-01
   1.9629926e-01
   1.8262268e-01
   1.8020916e-01
   1.9147222e-01
   2.1399837e-01
   2.4296057e-01
   2.7674980e-01
   3.1053900e-01
   3.4111021e-01
   3.6283186e-01
   3.7489944e-01
   3.7168140e-01
   3.5398230e-01
   3.2341110e-01
   2.8318585e-01
   2.3974256e-01
   1.9790827e-01
   1.6411906e-01
   1.4320192e-01
   1.3596137e-01
   1.4159290e-01
   1.5929202e-01
   1.8584071e-01
   2.1882541e-01
   2.5341914e-01
   2.8881736e-01
   3.1938857e-01
   3.4432823e-01
   3.5961382e-01
   3.6202735e-01
   3.5398230e-01
   3.3547867e-01
   3.0973450e-01
   2.8318583e-01
   2.5824617e-01
   2.3652452e-01
   2.2043442e-01
   2.0756234e-01
   1.9951730e-01
   1.9549476e-01
   1.9388575e-01
   1.9790829e-01
   2.0595333e-01
   2.1802091e-01
   2.3411101e-01
   2.4939662e-01
   2.6226869e-01
   2.6950924e-01
   2.6950924e-01
   2.6226871e-01
   2.5020111e-01
   2.3491553e-01
   2.1962992e-01
   2.0514883e-01
   1.9308125e-01
   1.8503619e-01
   1.8101365e-01
   1.7940466e-01
   1.8342718e-01
   1.8905873e-01
   1.9629928e-01
   2.0434432e-01
   2.0997585e-01
   2.1158486e-01
   2.0997587e-01
   2.0595333e-01
   2.0193081e-01
   2.0273531e-01
   2.0756234e-01
   2.1962992e-01
   2.3732903e-01
   2.5744166e-01
   2.7835880e-01
   2.9605791e-01
   3.0732099e-01
   3.1214803e-01
   3.0812551e-01
   2.9847144e-01
   2.8077232e-01
   2.5744166e-01
   2.2847948e-01
   1.9951730e-01
   1.7216411e-01
   1.4963797e-01
   1.3757039e-01
   1.3757039e-01
   1.4883347e-01
   1.6894609e-01
   1.9469026e-01
   2.1882541e-01
   2.3732903e-01
   2.4778761e-01
   2.4859210e-01
   2.4135156e-01
   2.2847948e-01
   2.1158486e-01
   1.9308125e-01
   1.7860016e-01
   1.6653258e-01
   1.6170553e-01
   1.6411906e-01
   1.7377313e-01
   1.9066773e-01
   2.1158488e-01
   2.3330650e-01
   2.4939660e-01
   2.5744166e-01
   2.5502815e-01
   2.4215607e-01
   2.2123893e-01
   1.9629926e-01
   1.7216412e-01
   1.5124696e-01
   1.3515688e-01
   1.2630730e-01
   1.2389379e-01
   1.2791633e-01
   1.3757038e-01
   1.5526950e-01
   1.8101367e-01
   2.1158486e-01
   2.4698311e-01
   2.8238133e-01
   3.1456154e-01
   3.3869670e-01
   3.5156878e-01
   3.5237327e-01
   3.3950120e-01
   3.1617055e-01
   2.8318583e-01
   2.4376508e-01
   2.0353980e-01
   1.6572806e-01
   1.3435236e-01
   1.1423974e-01
   1.1021720e-01
   1.2228478e-01
   1.4802896e-01
   1.8423168e-01
   2.2445696e-01
   2.6146418e-01
   2.8881738e-01
   3.0329847e-01
   3.0249396e-01
   2.9042638e-01
   2.6629123e-01
   2.3572002e-01
   2.0273531e-01
   1.7135960e-01
   1.4481093e-01
   1.2630730e-01
   1.1665323e-01
   1.1745774e-01
   1.2872083e-01
   1.4481093e-01
   1.6331456e-01
   1.7940466e-01
   1.8744970e-01
   1.8825422e-01
   1.8101367e-01
   1.7135960e-01
   1.6251004e-01
   1.6170555e-01
   1.7135960e-01
   1.9227673e-01
   2.2284795e-01
   2.5744166e-01
   2.9203539e-01
   3.1858406e-01
   3.3547867e-01
   3.4030571e-01
   3.3226067e-01
   3.1295253e-01
   2.8559934e-01
   2.5502815e-01
   2.2526145e-01
   2.0032180e-01
   1.8664521e-01
   1.8262268e-01
   1.9066773e-01
   2.0595333e-01
   2.2284793e-01
   2.3572002e-01
   2.3974256e-01
   2.3008849e-01
   2.0675783e-01
   1.7377311e-01
   1.3435236e-01
   9.3322598e-02
   5.6315357e-02
   2.6548653e-02
   7.2405369e-03
   0.0000000e+00
   7.2405369e-03
   2.8962165e-02
   6.5969406e-02
   1.1584875e-01
   1.7538214e-01
   2.3974256e-01
   3.0008045e-01
   3.4915527e-01
   3.8213999e-01
   3.9501206e-01
   3.8696702e-01
   3.6363636e-01
   3.2904263e-01
   2.8962188e-01
   2.5422365e-01
   2.2767498e-01
   2.1319388e-01
   2.1399839e-01
   2.3008849e-01
   2.6065970e-01
   3.0088495e-01
   3.4674176e-01
   3.9340307e-01
   4.3201930e-01
   4.6098150e-01
   4.7626709e-01
   4.7626709e-01
   4.6339501e-01
   4.4167338e-01
   4.1110216e-01
   3.7489944e-01
   3.3628317e-01
   2.9525341e-01
   2.5341914e-01
   2.1560740e-01
   1.8584069e-01
   1.6733708e-01
   1.6251006e-01
   1.7538214e-01
   2.0434432e-01
   2.4617859e-01
   2.9525341e-01
   3.4674174e-01
   3.9662108e-01
   4.4006437e-01
   4.7465809e-01
   5.0040225e-01
   5.1568787e-01
   5.2131938e-01
   5.1810136e-01
   5.0764281e-01
   4.9074819e-01
   4.7063555e-01
   4.5132743e-01
   4.3443281e-01
   4.2316975e-01
   4.1753822e-01
   4.1512469e-01
   4.1512469e-01
   4.1512469e-01
   4.1512469e-01
   4.1351569e-01
   4.1271116e-01
   4.1190668e-01
   4.1110216e-01
   4.1110217e-01
   4.0949315e-01
   4.0386162e-01
   3.9501206e-01
   3.8213997e-01
   3.6685438e-01
   3.4915527e-01
   3.3145616e-01
   3.1456154e-01
   2.9927595e-01
   2.8640385e-01
   2.7674978e-01
   2.7192275e-01
   2.7594529e-01
   2.8962188e-01
   3.1456154e-01
   3.4915527e-01
   3.8777150e-01
   4.2558327e-01
   4.5454547e-01
   4.7224457e-01
   4.7224456e-01
   4.5937249e-01
   4.3282380e-01
   4.0064360e-01
   3.7007241e-01
   3.4513273e-01
   3.3226067e-01
   3.3547868e-01
   3.5237329e-01
   3.8455349e-01
   4.2638777e-01
   4.7304908e-01
   5.1729686e-01
   5.5028158e-01
   5.6717620e-01
   5.6395818e-01
   5.3901850e-01
   4.9477072e-01
   4.3845535e-01
   3.7650845e-01
   3.1777956e-01
   2.6709573e-01
   2.3089299e-01
   2.1078037e-01
   2.0836684e-01
   2.2284795e-01
   2.5100563e-01
   2.9283990e-01
   3.4111021e-01
   3.9179404e-01
   4.3925985e-01
   4.7546259e-01
   4.9718424e-01
   5.0040225e-01
   4.8672566e-01
   4.5856797e-01
   4.1995172e-01
   3.7892198e-01
   3.3869670e-01
   3.0329847e-01
   2.7514079e-01
   2.5422365e-01
   2.4135156e-01
   2.3652454e-01
   2.3974254e-01
   2.5181013e-01
   2.7031375e-01
   2.9444890e-01
   3.2180208e-01
   3.4754626e-01
   3.6926789e-01
   3.8455350e-01
   3.9098954e-01
   3.8857601e-01
   3.7892196e-01
   3.6041835e-01
   3.3547867e-01
   3.0732100e-01
   2.7755430e-01
   2.4859212e-01
   2.2526146e-01
   2.1158486e-01
   2.0836684e-01
   2.1560740e-01
   2.3250200e-01
   2.5422365e-01
   2.7594529e-01
   2.9444890e-01
   3.0732099e-01
   3.1536603e-01
   3.2019307e-01
   3.2260658e-01
   3.2582462e-01
   3.3145616e-01
   3.3628317e-01
   3.4191472e-01
   3.4593724e-01
