   3.3810375e-01
   5.3846154e-01
   7.1914132e-01
   8.5271318e-01
   9.2128802e-01
   9.2546214e-01
   8.7656529e-01
   7.9546809e-01
   7.0483006e-01
   6.2552177e-01
   5.7006560e-01
   5.4203936e-01
   5.3905785e-01
   5.5217651e-01
   5.7245081e-01
   5.9033989e-01
   5.9868814e-01
   5.9511032e-01
   5.7781752e-01
   5.4800239e-01
   5.0983901e-01
   4.6571258e-01
   4.2218248e-01
   3.8282647e-01
   3.5360763e-01
   3.3631485e-01
   3.3094812e-01
   3.3631485e-01
   3.4943351e-01
   3.6553369e-01
   3.8103757e-01
   3.9355992e-01
   4.0071556e-01
   4.0429337e-01
   4.0429337e-01
   4.0071556e-01
   3.9654143e-01
   3.9117472e-01
   3.8461538e-01
   3.7686344e-01
   3.6672629e-01
   3.5480024e-01
   3.4168158e-01
   3.2498510e-01
   3.0411450e-01
   2.8085868e-01
   2.5402505e-01
   2.2778772e-01
   2.0214669e-01
   1.8246869e-01
   1.7054264e-01
   1.6756112e-01
   1.7173524e-01
   1.8008347e-01
   1.8902803e-01
   1.9558736e-01
   1.9499106e-01
   1.8783542e-01
   1.7412045e-01
   1.5623136e-01
   1.3834228e-01
   1.2164579e-01
   1.0912343e-01
   1.0017889e-01
   9.6601065e-02
   9.6601078e-02
   1.0017889e-01
   1.0614191e-01
   1.1449015e-01
   1.2224209e-01
   1.2880143e-01
   1.3297554e-01
   1.3357185e-01
   1.3059034e-01
   1.2522362e-01
   1.1866428e-01
   1.1270126e-01
   1.0733453e-01
   1.0196780e-01
   9.6601078e-02
   8.9445440e-02
   7.9904594e-02
   6.7978540e-02
   5.4263566e-02
   3.8759686e-02
   2.5641028e-02
   1.3714974e-02
   5.3667186e-03
   0.0000000e+00
   5.9630207e-04
   8.3482289e-03
   2.5044713e-02
   5.1282043e-02
   8.9445440e-02
   1.3655337e-01
   1.8902803e-01
   2.4150268e-01
   2.8741801e-01
   3.2081097e-01
   3.3929637e-01
   3.4108528e-01
   3.2796661e-01
   3.0232558e-01
   2.7012521e-01
   2.3613596e-01
   2.0512820e-01
   1.7948718e-01
   1.6338700e-01
   1.5861657e-01
   1.6756112e-01
   1.8902802e-01
   2.2182468e-01
   2.6356589e-01
   3.0769231e-01
   3.4943352e-01
   3.8282647e-01
   4.0429337e-01
   4.1144901e-01
   4.0667860e-01
   3.9177102e-01
   3.6911151e-01
   3.4466309e-01
   3.2259987e-01
   3.0471080e-01
   2.9576626e-01
   2.9755516e-01
   3.0828861e-01
   3.2677400e-01
   3.5122243e-01
   3.7507453e-01
   3.9475254e-01
   4.0608228e-01
   4.0727490e-01
   3.9892666e-01
   3.8401908e-01
   3.6613000e-01
   3.4883722e-01
   3.3750745e-01
   3.3273704e-01
   3.3512224e-01
   3.4406679e-01
   3.5658914e-01
   3.7328563e-01
   3.9296362e-01
   4.1383423e-01
   4.3649374e-01
   4.5855695e-01
   4.7883125e-01
   4.9433512e-01
   5.0566488e-01
   5.0983900e-01
   5.0805009e-01
   5.0268336e-01
   4.9672034e-01
   4.9016100e-01
   4.8658319e-01
   4.8598688e-01
   4.8777579e-01
   4.9016100e-01
   4.9552772e-01
   5.0029815e-01
   5.0566488e-01
   5.1162792e-01
   5.1759094e-01
   5.2295766e-01
   5.2713178e-01
   5.2951700e-01
   5.3190220e-01
   5.3369111e-01
   5.3667263e-01
   5.4025044e-01
   5.4442457e-01
   5.4740608e-01
   5.4621348e-01
   5.3965415e-01
   5.2772809e-01
   5.0983900e-01
   4.9016100e-01
   4.7227191e-01
   4.5915326e-01
   4.5378652e-01
   4.5796064e-01
   4.7107931e-01
   4.9135361e-01
   5.1759094e-01
   5.4800238e-01
   5.8079905e-01
   6.1478832e-01
   6.4698868e-01
   6.7501490e-01
   6.9648182e-01
   7.0781157e-01
   7.0900417e-01
   6.9827072e-01
   6.7799641e-01
   6.5295170e-01
   6.2492547e-01
   5.9988074e-01
   5.8020275e-01
   5.6708407e-01
   5.6350626e-01
   5.6946930e-01
   5.8556948e-01
   6.1061419e-01
   6.4460346e-01
   6.8455576e-01
   7.2748958e-01
   7.6923077e-01
   8.0560525e-01
   8.3124627e-01
   8.4376864e-01
   8.4257603e-01
   8.2647585e-01
   7.9785331e-01
   7.6088253e-01
   7.1854503e-01
   6.7501490e-01
   6.3744782e-01
   6.0942159e-01
   5.9570663e-01
   5.9988074e-01
   6.2254026e-01
   6.6129994e-01
   7.1079308e-01
   7.6326774e-01
   8.1156827e-01
   8.4734645e-01
   8.6642815e-01
   8.6762075e-01
   8.5271318e-01
   8.2647585e-01
   7.9308290e-01
   7.6028622e-01
   7.3106738e-01
   7.0900417e-01
   6.9588552e-01
   6.9171139e-01
   6.9648182e-01
   7.0721527e-01
   7.2212283e-01
   7.3881933e-01
   7.5372689e-01
   7.6565296e-01
   7.7280859e-01
   7.7579010e-01
   7.7638640e-01
   7.7519379e-01
   7.7280859e-01
   7.7042338e-01
   7.6505665e-01
   7.5670840e-01
   7.4358975e-01
   7.2629696e-01
   7.0602266e-01
   6.8694096e-01
   6.7322600e-01
   6.6964819e-01
   6.7680382e-01
   6.9588550e-01
   7.2450804e-01
   7.5790101e-01
   7.9248658e-01
   8.2409064e-01
   8.5092427e-01
   8.7119857e-01
   8.8431723e-01
   8.8908766e-01
   8.8729874e-01
   8.7954681e-01
   8.6463924e-01
   8.4615386e-01
   8.2468694e-01
   8.0262373e-01
   7.8175313e-01
   7.6505665e-01
   7.5193799e-01
   7.4299344e-01
   7.3941563e-01
   7.4001192e-01
   7.4537865e-01
   7.5432320e-01
   7.6565295e-01
   7.7757902e-01
   7.8711986e-01
   7.9010137e-01
   7.8473465e-01
   7.7161598e-01
   7.5134169e-01
   7.2689326e-01
   7.0423376e-01
   6.8634467e-01
   6.7680382e-01
   6.7501490e-01
   6.8097794e-01
   6.9051878e-01
   7.0184854e-01
   7.1198568e-01
   7.1973762e-01
   7.2570066e-01
   7.3225999e-01
   7.4060824e-01
   7.5193798e-01
   7.6565295e-01
   7.8234943e-01
   7.9844961e-01
   8.1276088e-01
   8.2051282e-01
   8.2230172e-01
   8.1276089e-01
   7.9487179e-01
   7.6803816e-01
   7.3583781e-01
   7.0244484e-01
   6.7441860e-01
   6.5593323e-01
   6.5056649e-01
   6.5951104e-01
   6.7978533e-01
   7.0721526e-01
   7.3703041e-01
   7.6386404e-01
   7.8294575e-01
   7.9367919e-01
   7.9487179e-01
   7.8890876e-01
   7.7698271e-01
   7.5968993e-01
   7.3881932e-01
   7.1437091e-01
   6.8753727e-01
   6.5951102e-01
   6.3387001e-01
   6.1359571e-01
   6.0047704e-01
   5.9570661e-01
   5.9988074e-01
   6.1001789e-01
   6.2313656e-01
   6.3565892e-01
   6.4400716e-01
   6.4639237e-01
   6.4102565e-01
   6.2671437e-01
   6.0524747e-01
   5.7602862e-01
   5.4203936e-01
   5.0506857e-01
   4.6988671e-01
   4.4007156e-01
   4.1860465e-01
   4.0727490e-01
   4.0727490e-01
   4.1681574e-01
   4.3231962e-01
   4.4961240e-01
   4.6571259e-01
   4.7823495e-01
   4.8479427e-01
   4.8598688e-01
   4.8121646e-01
   4.6988671e-01
   4.5378652e-01
   4.3351223e-01
   4.1025641e-01
   3.8700060e-01
   3.6612999e-01
   3.5181873e-01
   3.4525939e-01
   3.4824092e-01
   3.5957067e-01
   3.7805606e-01
   3.9892666e-01
   4.2039356e-01
   4.4066787e-01
   4.5855695e-01
   4.7406082e-01
   4.8658318e-01
   4.9791294e-01
   5.0685747e-01
   5.1282051e-01
   5.1639833e-01
   5.1460943e-01
   5.0983900e-01
   5.0029815e-01
   4.8717949e-01
   4.6929040e-01
   4.4901610e-01
   4.2635659e-01
   4.0310078e-01
   3.8342278e-01
   3.7030412e-01
   3.6911151e-01
   3.8223017e-01
   4.1085272e-01
   4.5378652e-01
   5.0805009e-01
   5.6708407e-01
   6.2492547e-01
   6.7382230e-01
   7.0960048e-01
   7.2927847e-01
   7.2987477e-01
   7.1377460e-01
   6.8276686e-01
   6.4102565e-01
   5.9391771e-01
   5.4859868e-01
   5.1103161e-01
   4.8896840e-01
   4.8479428e-01
   5.0089445e-01
   5.3369112e-01
   5.7781752e-01
   6.2731067e-01
   6.7203339e-01
   7.0781156e-01
   7.3106739e-01
   7.4060824e-01
   7.3762671e-01
   7.2629696e-01
   7.0960048e-01
   6.8992248e-01
   6.7143709e-01
   6.5593321e-01
   6.4460346e-01
   6.4042933e-01
   6.4400716e-01
   6.5474061e-01
   6.7262970e-01
   6.9648182e-01
   7.2212285e-01
   7.4657126e-01
   7.6803817e-01
   7.8234943e-01
   7.8890877e-01
   7.8533094e-01
   7.7340489e-01
   7.5193799e-01
   7.2271913e-01
   6.8872988e-01
   6.5354800e-01
   6.2254024e-01
   5.9988074e-01
   5.9033989e-01
   5.9511032e-01
   6.1538462e-01
   6.4698867e-01
   6.8574837e-01
   7.2570066e-01
   7.6207514e-01
   7.9189028e-01
   8.1216458e-01
   8.2468694e-01
   8.2766846e-01
   8.2349434e-01
   8.1276089e-01
   7.9546810e-01
   7.7459751e-01
   7.5193799e-01
   7.2689326e-01
   7.0483006e-01
   6.8694096e-01
   6.7322600e-01
   6.6547407e-01
   6.6249255e-01
   6.6428147e-01
   6.6905188e-01
   6.7620752e-01
   6.8515205e-01
   6.9409660e-01
   7.0304115e-01
   7.0960048e-01
   7.1317830e-01
   7.1258199e-01
   7.0781157e-01
   6.9946333e-01
   6.8932618e-01
   6.7859273e-01
   6.6964819e-01
   6.6189625e-01
   6.5354800e-01
   6.4400716e-01
   6.3148480e-01
   6.1598092e-01
   5.9868814e-01
   5.8199165e-01
   5.7125820e-01
   5.6946930e-01
   5.7901014e-01
   6.0226596e-01
   6.3685152e-01
   6.7978532e-01
   7.2748956e-01
   7.7519381e-01
   8.1812761e-01
   8.5211688e-01
   8.7537269e-01
   8.8610615e-01
   8.8550985e-01
   8.7477638e-01
   8.6046512e-01
   8.4675016e-01
   8.3899821e-01
   8.4078711e-01
   8.5450209e-01
   8.7835420e-01
   9.0936196e-01
   9.4156231e-01
   9.6899224e-01
   9.8926655e-01
   9.9940370e-01
   1.0000000e+00
   9.9403697e-01
   9.8270723e-01
   9.6899224e-01
   9.5408468e-01
   9.4036972e-01
   9.2725106e-01
   9.1592129e-01
   9.0697675e-01
   9.0161002e-01
   9.0161003e-01
   9.0638045e-01
   9.1413239e-01
   9.2486584e-01
   9.3679189e-01
   9.4812164e-01
   9.5646988e-01
   9.6243292e-01
   9.6362553e-01
   9.5885511e-01
   9.4812166e-01
   9.2903995e-01
   9.0339893e-01
   8.7179487e-01
   8.3661300e-01
   8.0262373e-01
   7.7280859e-01
   7.5193799e-01
   7.4120454e-01
   7.4060824e-01
   7.4955277e-01
   7.6326774e-01
   7.8056053e-01
   7.9725701e-01
   8.0977937e-01
   8.1872391e-01
   8.2051282e-01
   8.1574240e-01
   8.0381633e-01
   7.8533096e-01
   7.6088253e-01
   7.3285630e-01
   7.0423376e-01
   6.7799643e-01
   6.5593321e-01
   6.3923673e-01
   6.2909959e-01
   6.2373286e-01
   6.2373285e-01
   6.2552177e-01
   6.2969588e-01
   6.3506261e-01
   6.4042935e-01
   6.4460346e-01
   6.4698867e-01
   6.4341086e-01
   6.3506261e-01
   6.2015504e-01
   6.0047704e-01
   5.8020275e-01
   5.6112104e-01
   5.4800239e-01
   5.4263566e-01
   5.4621348e-01
   5.5575432e-01
   5.6887298e-01
   5.8318426e-01
   5.9451401e-01
   6.0345857e-01
   6.0822898e-01
   6.0882528e-01
   6.0584376e-01
   5.9988074e-01
   5.9153250e-01
   5.8079905e-01
   5.6946930e-01
   5.5754324e-01
   5.4561717e-01
   5.3369112e-01
   5.2295767e-01
   5.1222421e-01
   5.0089445e-01
   4.8956470e-01
   4.7883124e-01
   4.7048300e-01
   4.6571259e-01
   4.6690520e-01
   4.7465712e-01
   4.8837210e-01
   5.0566488e-01
   5.2295767e-01
   5.3786523e-01
   5.4740608e-01
   5.5038759e-01
   5.4800239e-01
   5.3965414e-01
   5.2772809e-01
   5.1162790e-01
   4.9254621e-01
   4.7048301e-01
   4.4782349e-01
   4.2576029e-01
   4.0787119e-01
   3.9713774e-01
   3.9654143e-01
   4.0667860e-01
   4.2874181e-01
   4.5796065e-01
   4.9373882e-01
   5.3070960e-01
   5.6589147e-01
   5.9809183e-01
   6.2432916e-01
   6.4400716e-01
   6.5712582e-01
   6.6308885e-01
   6.6249255e-01
   6.5533691e-01
   6.4162194e-01
   6.2552177e-01
   6.0822898e-01
   5.9153251e-01
   5.7662493e-01
   5.6708409e-01
   5.6171736e-01
   5.6112104e-01
   5.6529517e-01
   5.7543233e-01
   5.8974359e-01
   6.0703638e-01
   6.2552177e-01
   6.4221825e-01
   6.5414431e-01
   6.5772212e-01
   6.5235540e-01
   6.3923673e-01
   6.2015504e-01
   6.0047704e-01
   5.8378056e-01
   5.7364342e-01
   5.7185450e-01
   5.7901014e-01
   5.9332140e-01
   6.1359570e-01
   6.3565892e-01
   6.5652953e-01
   6.7322600e-01
   6.8276684e-01
   6.8217054e-01
   6.6905188e-01
   6.4281455e-01
   6.0524747e-01
   5.5992845e-01
   5.1341682e-01
   4.7286822e-01
   4.4305306e-01
   4.2993440e-01
   4.3530113e-01
   4.5796064e-01
   4.9373882e-01
   5.3786523e-01
   5.8437686e-01
   6.2790698e-01
   6.6368515e-01
   6.8872986e-01
   7.0065593e-01
   6.9886703e-01
   6.8276686e-01
   6.5652953e-01
   6.2194394e-01
   5.8378056e-01
   5.4800238e-01
   5.1759094e-01
   4.9433512e-01
   4.8121646e-01
   4.7465712e-01
   4.7346452e-01
   4.7584973e-01
   4.7883125e-01
   4.8062016e-01
   4.8002385e-01
   4.7704234e-01
   4.7167560e-01
   4.6273107e-01
   4.5020871e-01
   4.3589744e-01
   4.2158617e-01
   4.0966011e-01
   4.0369707e-01
   4.0548598e-01
   4.1562314e-01
   4.3410852e-01
   4.5617173e-01
   4.8002385e-01
   4.9910555e-01
   5.1222421e-01
   5.1699463e-01
   5.1282052e-01
   5.0387596e-01
   4.9016100e-01
   4.7584973e-01
   4.6332737e-01
   4.5497913e-01
   4.5199762e-01
   4.5617173e-01
   4.6571258e-01
   4.8002385e-01
   4.9672034e-01
   5.1162792e-01
   5.2236135e-01
   5.2772810e-01
   5.2474656e-01
   5.1580203e-01
   5.0327966e-01
   4.9016100e-01
   4.7942755e-01
   4.7286822e-01
   4.7167561e-01
   4.7525343e-01
   4.8240906e-01
   4.9433512e-01
   5.0983901e-01
   5.3070960e-01
   5.5813953e-01
   5.9033989e-01
   6.2671437e-01
   6.6308885e-01
   6.9528921e-01
   7.1794872e-01
   7.2808587e-01
   7.2271915e-01
   7.0244484e-01
   6.6964817e-01
   6.2850328e-01
   5.8318427e-01
   5.4084674e-01
   5.0685749e-01
   4.8717948e-01
   4.8598689e-01
   5.0447227e-01
   5.4263566e-01
   5.9511031e-01
   6.5652951e-01
   7.1615981e-01
   7.6684557e-01
   7.9904592e-01
   8.1037567e-01
   7.9904592e-01
   7.6863447e-01
   7.2331545e-01
   6.7203339e-01
   6.2134764e-01
   5.7602862e-01
   5.4263566e-01
   5.2474657e-01
   5.2355396e-01
   5.4084674e-01
   5.7364342e-01
   6.1955873e-01
   6.7262970e-01
   7.2629696e-01
   7.7340489e-01
   8.0679786e-01
   8.2170543e-01
   8.1574240e-01
   7.8950507e-01
   7.4776387e-01
   6.9350031e-01
   6.3446631e-01
   5.7662493e-01
   5.2653548e-01
   4.8777578e-01
   4.6392367e-01
   4.5617173e-01
   4.6392367e-01
   4.8300537e-01
   5.0745379e-01
   5.3190221e-01
   5.5098389e-01
   5.6052474e-01
   5.5933213e-01
   5.5038759e-01
   5.3726893e-01
   5.2474657e-01
   5.1818725e-01
   5.1818724e-01
   5.2713178e-01
   5.4203936e-01
   5.5992844e-01
   5.7781754e-01
   5.9212880e-01
   6.0047704e-01
   6.0166965e-01
   5.9511031e-01
   5.8139535e-01
   5.6171736e-01
   5.3786523e-01
   5.1341681e-01
   4.9194991e-01
   4.7704233e-01
   4.7048301e-01
   4.7346452e-01
   4.8479427e-01
   5.0149077e-01
   5.2057245e-01
   5.3786523e-01
   5.5158021e-01
   5.5933215e-01
   5.6231366e-01
   5.6052475e-01
   5.5635062e-01
   5.5038759e-01
   5.4263566e-01
   5.3607633e-01
   5.3130591e-01
   5.3011331e-01
   5.3607633e-01
   5.4919499e-01
   5.6946930e-01
   5.9689923e-01
   6.2611807e-01
   6.5474061e-01
   6.7799641e-01
   6.9171139e-01
   6.9528921e-01
   6.8813358e-01
   6.7024447e-01
   6.4460346e-01
   6.1359570e-01
   5.8139536e-01
   5.5098390e-01
   5.2653548e-01
   5.1103160e-01
   5.0745379e-01
   5.1699463e-01
   5.3726893e-01
   5.6589148e-01
   5.9630293e-01
   6.2313656e-01
   6.3983304e-01
   6.4281455e-01
   6.3088850e-01
   6.0524746e-01
   5.7066190e-01
   5.2951699e-01
   4.8956470e-01
   4.5438283e-01
   4.2874180e-01
   4.1621944e-01
   4.1800835e-01
   4.3530113e-01
   4.6511628e-01
   5.0387598e-01
   5.4502087e-01
   5.8318426e-01
   6.1001789e-01
   6.2254024e-01
   6.1896244e-01
   6.0107336e-01
   5.7483601e-01
   5.4561717e-01
   5.1997616e-01
   5.0447227e-01
   5.0208706e-01
   5.1282052e-01
   5.3607633e-01
   5.6708407e-01
   6.0345857e-01
   6.3744783e-01
   6.6428145e-01
   6.7978533e-01
   6.8157425e-01
   6.6607037e-01
   6.3625523e-01
   5.9570663e-01
   5.5038760e-01
   5.0745379e-01
   4.7406082e-01
   4.5259392e-01
   4.4663089e-01
   4.5557544e-01
   4.7584973e-01
   5.0327966e-01
   5.3249850e-01
   5.6112105e-01
   5.8378056e-01
   5.9988075e-01
   6.0763268e-01
   6.0524747e-01
   5.9511032e-01
   5.7722123e-01
   5.5575432e-01
   5.3309480e-01
   5.1341682e-01
   4.9910555e-01
   4.9194991e-01
   4.9075730e-01
   4.9373882e-01
   4.9672034e-01
   4.9731664e-01
   4.9493143e-01
   4.8717949e-01
   4.7644603e-01
   4.6451997e-01
   4.5319022e-01
   4.4245677e-01
   4.3410853e-01
   4.2695289e-01
   4.2277877e-01
   4.2039356e-01
   4.2039357e-01
   4.2277878e-01
   4.2754919e-01
   4.3291591e-01
   4.3709004e-01
   4.3768636e-01
   4.3172332e-01
   4.1920097e-01
   3.9952296e-01
   3.7388193e-01
   3.4466309e-01
   3.1246273e-01
   2.8085866e-01
   2.5044723e-01
   2.2361360e-01
   2.0274299e-01
   1.9022063e-01
   1.8783542e-01
   1.9677997e-01
   2.1526535e-01
   2.4090637e-01
   2.6893261e-01
   2.9397735e-01
   3.1305903e-01
   3.2319619e-01
   3.2259989e-01
   3.1365534e-01
   2.9934407e-01
   2.8205128e-01
   2.6714372e-01
   2.5521765e-01
   2.4925463e-01
   2.5044723e-01
   2.6177699e-01
   2.8145498e-01
   3.1186642e-01
   3.4883720e-01
   3.9117472e-01
   4.3410853e-01
   4.7286822e-01
   5.0208706e-01
   5.2057246e-01
   5.2713178e-01
   5.2236135e-01
   5.1043530e-01
   4.9373882e-01
   4.7704233e-01
   4.6332737e-01
   4.5319022e-01
   4.4961241e-01
   4.5080500e-01
   4.5915324e-01
   4.7406082e-01
   4.9373882e-01
   5.1699463e-01
   5.4263565e-01
   5.6768038e-01
   5.9033989e-01
   6.0882528e-01
   6.2194394e-01
   6.2909959e-01
   6.2969590e-01
   6.2432916e-01
   6.1240310e-01
   5.9332142e-01
   5.6768039e-01
   5.3905784e-01
   5.1043530e-01
   4.8479427e-01
   4.6750150e-01
   4.5974955e-01
   4.6392367e-01
   4.7823495e-01
   4.9970185e-01
   5.2415026e-01
   5.4800238e-01
   5.6887299e-01
   5.8556948e-01
   5.9689922e-01
   6.0405485e-01
   6.0524746e-01
   6.0226595e-01
   5.9391771e-01
   5.8020275e-01
   5.6290996e-01
   5.4263566e-01
   5.2057246e-01
   4.9791294e-01
   4.7704234e-01
   4.5796065e-01
   4.4126417e-01
   4.2933810e-01
   4.2277877e-01
   4.2277878e-01
   4.3291591e-01
   4.5259392e-01
   4.8062016e-01
   5.1222422e-01
   5.4502087e-01
   5.7125820e-01
   5.8795469e-01
   5.9153250e-01
   5.8199165e-01
   5.6350626e-01
   5.3965414e-01
   5.1639832e-01
   4.9970185e-01
   4.9135361e-01
   4.9493142e-01
   5.0924270e-01
   5.3369112e-01
   5.6469888e-01
   6.0047704e-01
   6.3625522e-01
   6.6607037e-01
   6.8872988e-01
   6.9946333e-01
   6.9707812e-01
   6.8217054e-01
   6.5712582e-01
   6.2611807e-01
   5.9272510e-01
   5.5933213e-01
   5.2951699e-01
   5.0447228e-01
   4.8479427e-01
   4.7107931e-01
   4.6571258e-01
   4.6750150e-01
   4.7823495e-01
   4.9731664e-01
   5.2355397e-01
   5.5336911e-01
   5.8378057e-01
   6.1180679e-01
   6.3267739e-01
   6.4758497e-01
   6.5354800e-01
   6.5295169e-01
   6.4639237e-01
   6.3565892e-01
   6.2194396e-01
   6.0703638e-01
   5.9212880e-01
   5.7841384e-01
   5.7006560e-01
   5.6529517e-01
   5.6469887e-01
   5.6708409e-01
   5.6946928e-01
   5.7006560e-01
   5.6529517e-01
   5.5635064e-01
   5.4621348e-01
   5.3786525e-01
   5.3607633e-01
   5.4442456e-01
   5.6350626e-01
   5.9332142e-01
   6.2969590e-01
   6.6845558e-01
   7.0423376e-01
   7.3285630e-01
   7.5253429e-01
   7.6088253e-01
   7.5909361e-01
   7.4955277e-01
   7.3524150e-01
   7.1914132e-01
   7.0483006e-01
   6.9648180e-01
   6.9767442e-01
   7.0900417e-01
   7.2987477e-01
   7.5909363e-01
   7.9069767e-01
   8.2230174e-01
   8.4794275e-01
   8.6523554e-01
   8.7179487e-01
   8.6881335e-01
   8.5748360e-01
   8.3959452e-01
   8.1872391e-01
   7.9725701e-01
   7.7698270e-01
   7.6088253e-01
   7.5134167e-01
   7.4895648e-01
   7.5432320e-01
   7.6446034e-01
   7.7877162e-01
   7.9189029e-01
   7.9964222e-01
   7.9844961e-01
   7.8771616e-01
   7.6923076e-01
   7.4358973e-01
   7.1556350e-01
   6.8992248e-01
   6.6905188e-01
   6.5593321e-01
   6.5056649e-01
   6.5354800e-01
   6.6428145e-01
   6.7978533e-01
   6.9827072e-01
   7.1496719e-01
   7.2808587e-01
   7.3345260e-01
   7.2748956e-01
   7.0960048e-01
   6.8217054e-01
   6.4698867e-01
   6.0882528e-01
   5.7304711e-01
   5.4144306e-01
   5.1639833e-01
   4.9791294e-01
   4.8360168e-01
   4.7286822e-01
   4.6332737e-01
   4.5497913e-01
   4.4722720e-01
   4.4066785e-01
   4.3410853e-01
   4.2874181e-01
   4.2337507e-01
   4.1741205e-01
   4.1085271e-01
   4.0429339e-01
   3.9892666e-01
   3.9475253e-01
   3.9355994e-01
   3.9475253e-01
   3.9594513e-01
   3.9654145e-01
   3.9534884e-01
   3.9177102e-01
   3.8640430e-01
   3.8103757e-01
   3.7626715e-01
   3.7507453e-01
   3.7626714e-01
   3.8103757e-01
   3.8700060e-01
   3.9534884e-01
   4.0488969e-01
   4.1443054e-01
   4.2516399e-01
   4.3589744e-01
   4.4603458e-01
   4.5557543e-01
   4.6153846e-01
   4.6511628e-01
   4.6571259e-01
   4.6273107e-01
   4.5736434e-01
   4.4722719e-01
   4.3410853e-01
   4.1562313e-01
   3.9296362e-01
   3.6732261e-01
   3.4227788e-01
   3.2259987e-01
   3.1246273e-01
   3.1723316e-01
   3.3750745e-01
   3.7209302e-01
   4.1741205e-01
   4.6511628e-01
   5.0805009e-01
   5.3965415e-01
   5.5575432e-01
   5.5575432e-01
   5.3905784e-01
   5.1222422e-01
   4.7883125e-01
   4.4543828e-01
   4.1621944e-01
   3.9654145e-01
   3.8878951e-01
   3.9475254e-01
   4.1323792e-01
   4.4126417e-01
   4.7406082e-01
   5.0566487e-01
   5.3190220e-01
   5.4680978e-01
   5.4979129e-01
   5.4025044e-01
   5.2176506e-01
   4.9791294e-01
   4.7227191e-01
   4.4782349e-01
   4.2814550e-01
   4.1383422e-01
   4.0667858e-01
   4.0727490e-01
   4.1502684e-01
   4.2993440e-01
   4.5080501e-01
   4.7525344e-01
   5.0029816e-01
   5.2295767e-01
   5.4144306e-01
   5.5396542e-01
   5.5992845e-01
   5.6112105e-01
   5.5933213e-01
   5.5635062e-01
   5.5336911e-01
   5.5217651e-01
   5.5158019e-01
   5.5217651e-01
   5.5277281e-01
   5.5456172e-01
   5.5575433e-01
   5.5575432e-01
   5.5396542e-01
   5.4740608e-01
   5.3607633e-01
   5.1997616e-01
   5.0208706e-01
   4.8539057e-01
   4.7525344e-01
   4.7584973e-01
   4.9075730e-01
   5.1878354e-01
   5.5694693e-01
   5.9988074e-01
   6.4102563e-01
   6.7441860e-01
   6.9409660e-01
   6.9886703e-01
   6.8694097e-01
   6.6070364e-01
   6.2492547e-01
   5.8497316e-01
   5.4502087e-01
   5.1162790e-01
   4.8896840e-01
   4.7823495e-01
   4.8121646e-01
   4.9493143e-01
   5.1341682e-01
   5.3249850e-01
   5.4680978e-01
   5.5158019e-01
   5.4502087e-01
   5.2951699e-01
   5.0745379e-01
   4.8419798e-01
   4.6332737e-01
   4.4961240e-01
   4.4484198e-01
   4.5080501e-01
   4.6750149e-01
   4.9314251e-01
   5.2534288e-01
   5.6112104e-01
   5.9570663e-01
   6.2492547e-01
   6.4341086e-01
   6.4758498e-01
   6.3625522e-01
   6.1121049e-01
   5.7423971e-01
   5.3369112e-01
   4.9373882e-01
   4.6153846e-01
   4.4245676e-01
   4.3709004e-01
   4.4722720e-01
   4.6929039e-01
   5.0149077e-01
   5.4144306e-01
   5.8378056e-01
   6.2492545e-01
   6.6129994e-01
   6.8932618e-01
   7.0602266e-01
   7.1138938e-01
   7.0602266e-01
   6.9230769e-01
   6.7441860e-01
   6.5414431e-01
   6.3625522e-01
   6.2254026e-01
   6.1299941e-01
   6.0882528e-01
   6.0882528e-01
   6.1478832e-01
   6.2552177e-01
   6.4102563e-01
   6.6010734e-01
   6.8097794e-01
   6.9946333e-01
   7.1258199e-01
   7.1794872e-01
   7.1317830e-01
   6.9827072e-01
   6.7680382e-01
   6.5175908e-01
   6.2731067e-01
   6.0584376e-01
   5.9033989e-01
   5.8020275e-01
   5.7602863e-01
   5.7781752e-01
   5.8318426e-01
   5.8974359e-01
   5.9749553e-01
   6.0226595e-01
   6.0405487e-01
   6.0047704e-01
   5.9212880e-01
   5.7960644e-01
   5.6589147e-01
   5.5396542e-01
   5.4502087e-01
   5.4203936e-01
   5.4382827e-01
   5.4979129e-01
   5.5635064e-01
   5.6171736e-01
   5.6469887e-01
   5.6469887e-01
   5.6171734e-01
   5.5694693e-01
   5.5277281e-01
   5.4859870e-01
   5.4621348e-01
   5.4680979e-01
   5.5098390e-01
   5.5992845e-01
   5.7364341e-01
   5.9093620e-01
   6.0942159e-01
   6.2671437e-01
   6.3804414e-01
   6.3923673e-01
   6.2969588e-01
   6.1001790e-01
   5.8318427e-01
   5.5575432e-01
   5.3249851e-01
   5.1937984e-01
   5.1997616e-01
   5.3428742e-01
   5.6112105e-01
   5.9570663e-01
   6.3506261e-01
   6.7262970e-01
   7.0661897e-01
   7.3225999e-01
   7.4776386e-01
   7.5193799e-01
   7.4537865e-01
   7.2808587e-01
   7.0244485e-01
   6.7322600e-01
   6.4400716e-01
   6.1836613e-01
   5.9809183e-01
   5.8497317e-01
   5.7960644e-01
   5.8079905e-01
   5.8855097e-01
   6.0107334e-01
   6.1717353e-01
   6.3506261e-01
   6.5295170e-01
   6.6905187e-01
   6.7978533e-01
   6.8217054e-01
   6.7680382e-01
   6.6308885e-01
   6.4341086e-01
   6.2194396e-01
   6.0107336e-01
   5.8497316e-01
   5.7483603e-01
   5.7125820e-01
   5.7185450e-01
   5.7722123e-01
   5.8378057e-01
   5.8974359e-01
   5.9451402e-01
   5.9630293e-01
   5.9332140e-01
   5.8378056e-01
   5.6887299e-01
   5.4680978e-01
   5.2236137e-01
   4.9850924e-01
   4.8002385e-01
   4.7286822e-01
   4.7823495e-01
   4.9791294e-01
   5.2951700e-01
   5.6946930e-01
   6.1240310e-01
   6.5235539e-01
   6.8574835e-01
   7.1019678e-01
   7.2331544e-01
   7.2570066e-01
   7.1735242e-01
   7.0125223e-01
   6.7918903e-01
   6.5474061e-01
   6.3148480e-01
   6.1299941e-01
   6.0226596e-01
   5.9868814e-01
   6.0107334e-01
   6.0882528e-01
   6.1717353e-01
   6.2432915e-01
   6.2790698e-01
   6.2731067e-01
   6.2373286e-01
   6.1836613e-01
   6.1359571e-01
   6.1001789e-01
   6.0763268e-01
   6.0822898e-01
   6.1180679e-01
   6.1776984e-01
   6.2731067e-01
   6.3804412e-01
   6.4997018e-01
   6.5891472e-01
   6.6249255e-01
   6.5712583e-01
   6.4102565e-01
   6.1359570e-01
   5.7602862e-01
   5.3249851e-01
   4.8598688e-01
   4.4186047e-01
   4.0250447e-01
   3.7149672e-01
   3.5122243e-01
   3.4287417e-01
   3.4883720e-01
   3.6970780e-01
   4.0548599e-01
   4.5319022e-01
   5.0864639e-01
   5.6529517e-01
   6.1836613e-01
   6.5891474e-01
   6.8455576e-01
   6.9350029e-01
   6.8395946e-01
   6.6129993e-01
   6.2850328e-01
   5.9093620e-01
   5.5277281e-01
   5.1878354e-01
   4.9194991e-01
   4.7584973e-01
   4.7227191e-01
   4.8062016e-01
   5.0029815e-01
   5.2713178e-01
   5.5754323e-01
   5.8556946e-01
   6.0584377e-01
   6.1538462e-01
   6.1061419e-01
   5.9272510e-01
   5.6290996e-01
   5.2355397e-01
   4.8002385e-01
   4.3589744e-01
   3.9713775e-01
   3.6732261e-01
   3.5122241e-01
   3.5241503e-01
   3.7090042e-01
   4.0548599e-01
   4.5020871e-01
   4.9910555e-01
   5.4561717e-01
   5.8199166e-01
   6.0465116e-01
   6.1419200e-01
   6.1061419e-01
   5.9928444e-01
   5.8378057e-01
   5.6768039e-01
   5.5396542e-01
   5.4382825e-01
   5.3667263e-01
   5.3190220e-01
   5.3070960e-01
   5.3070961e-01
   5.3369112e-01
   5.3846154e-01
   5.4382827e-01
   5.4919499e-01
   5.5396542e-01
   5.5813953e-01
   5.6112104e-01
   5.6410256e-01
   5.6827669e-01
   5.7245081e-01
   5.7781752e-01
   5.8258795e-01
   5.8378056e-01
   5.8199165e-01
   5.7543232e-01
   5.6410256e-01
   5.4859868e-01
   5.3070960e-01
   5.1222422e-01
   4.9373883e-01
   4.7763865e-01
   4.6511629e-01
   4.5676803e-01
   4.5557543e-01
   4.6213477e-01
   4.7704234e-01
   4.9850924e-01
   5.2474657e-01
   5.5038759e-01
   5.7304711e-01
   5.8914729e-01
   5.9630293e-01
   5.9511031e-01
   5.8497317e-01
   5.7006560e-01
   5.4979129e-01
   5.2772809e-01
   5.0327966e-01
   4.7883124e-01
   4.5438283e-01
   4.3231961e-01
   4.1562314e-01
   4.0608229e-01
   4.0727489e-01
   4.1800835e-01
   4.3828264e-01
   4.6451997e-01
   4.9373883e-01
   5.2236135e-01
   5.4621348e-01
   5.6350626e-01
   5.7304711e-01
   5.7364341e-01
   5.6529518e-01
   5.4979130e-01
   5.2892069e-01
   5.0685747e-01
   4.8777579e-01
   4.7584973e-01
   4.7465712e-01
   4.8598689e-01
   5.0864639e-01
   5.3965414e-01
   5.7304712e-01
   6.0524747e-01
   6.3088850e-01
   6.4698867e-01
   6.5354800e-01
   6.5116280e-01
   6.4341086e-01
   6.3208110e-01
   6.2015505e-01
   6.1001789e-01
   6.0345857e-01
   6.0107334e-01
   6.0286225e-01
   6.0822898e-01
   6.1419200e-01
   6.1836613e-01
   6.1776983e-01
   6.1001789e-01
   5.9391772e-01
   5.7006558e-01
   5.4144306e-01
   5.1341681e-01
   4.8956470e-01
   4.7406082e-01
   4.6809779e-01
   4.7167561e-01
   4.8121646e-01
   4.9493142e-01
   5.0983900e-01
   5.2295767e-01
   5.3309482e-01
   5.4084676e-01
   5.4561717e-01
   5.4859870e-01
   5.5158021e-01
   5.5515802e-01
   5.6171736e-01
   5.7245081e-01
   5.8795469e-01
   6.0822898e-01
   6.2969588e-01
   6.4997019e-01
   6.6547406e-01
   6.7024449e-01
   6.6249255e-01
   6.4281454e-01
   6.1299941e-01
   5.7781754e-01
   5.4263566e-01
   5.1162790e-01
   4.9075730e-01
   4.8121646e-01
   4.8360167e-01
   4.9731663e-01
   5.2057245e-01
   5.5277281e-01
   5.9093620e-01
   6.3088850e-01
   6.6905188e-01
   7.0184854e-01
   7.2331545e-01
   7.3285630e-01
   7.2748956e-01
   7.0900417e-01
   6.7978533e-01
   6.4460346e-01
   6.0822898e-01
   5.7483601e-01
   5.4859870e-01
   5.3249850e-01
   5.2713178e-01
   5.3369112e-01
   5.5098390e-01
   5.7662492e-01
   6.0763267e-01
   6.4042935e-01
   6.6905188e-01
   6.8932618e-01
   6.9946333e-01
   6.9767442e-01
   6.8515205e-01
   6.6368515e-01
   6.3864044e-01
   6.1240310e-01
   5.8855099e-01
   5.6827669e-01
   5.5336911e-01
   5.4382827e-01
   5.4084676e-01
   5.4382827e-01
   5.5277281e-01
   5.6589147e-01
   5.7960644e-01
   5.9033989e-01
   5.9689923e-01
   5.9570663e-01
   5.8795467e-01
   5.7423971e-01
   5.5992845e-01
   5.4919500e-01
   5.4502087e-01
   5.4979130e-01
   5.6410256e-01
   5.8497317e-01
   6.0942159e-01
   6.3387001e-01
   6.5474061e-01
   6.6845558e-01
   6.7501490e-01
   6.7262970e-01
   6.6189625e-01
   6.4400716e-01
   6.2134764e-01
   5.9689923e-01
   5.7483601e-01
   5.5754323e-01
   5.4680978e-01
   5.4382827e-01
   5.4561717e-01
   5.4979130e-01
   5.5336911e-01
   5.5158019e-01
   5.4621348e-01
   5.3488372e-01
   5.2116875e-01
   5.0745378e-01
   4.9672034e-01
   4.9135361e-01
   4.9194991e-01
   4.9791294e-01
   5.0745379e-01
   5.2057245e-01
   5.3428742e-01
   5.4621348e-01
   5.5515802e-01
   5.5813953e-01
   5.5515802e-01
   5.4502087e-01
   5.2832439e-01
   5.0864639e-01
   4.8777579e-01
   4.7048300e-01
   4.5796064e-01
   4.5259392e-01
   4.5378652e-01
   4.6034586e-01
   4.6869410e-01
   4.7942755e-01
   4.9075732e-01
   5.0447228e-01
   5.2116875e-01
   5.4263566e-01
   5.6648778e-01
   5.9272510e-01
   6.1657722e-01
   6.3565892e-01
   6.4758497e-01
   6.5056649e-01
   6.4519976e-01
   6.3387001e-01
   6.1776983e-01
   6.0047704e-01
   5.8497317e-01
   5.7245081e-01
   5.6648777e-01
   5.6708409e-01
   5.7543232e-01
   5.9212880e-01
   6.1419202e-01
   6.3923673e-01
   6.6249255e-01
   6.8157424e-01
   6.9111509e-01
   6.8932618e-01
   6.7799643e-01
   6.5712582e-01
   6.3148479e-01
   6.0465117e-01
   5.8079905e-01
   5.6112105e-01
   5.4800238e-01
   5.4203936e-01
   5.4144306e-01
   5.4621348e-01
   5.5336911e-01
   5.5933215e-01
   5.6290996e-01
   5.6052475e-01
   5.5277281e-01
   5.3846155e-01
   5.2116875e-01
   5.0208707e-01
   4.8717949e-01
   4.7763865e-01
   4.7465712e-01
   4.7883125e-01
   4.8479427e-01
   4.9254621e-01
   4.9612404e-01
   4.9493143e-01
   4.8777579e-01
   4.7644604e-01
   4.6273107e-01
   4.4782350e-01
   4.3470483e-01
   4.2277877e-01
   4.1502684e-01
   4.1204533e-01
   4.1562314e-01
   4.2695289e-01
   4.4663089e-01
   4.7286822e-01
   5.0327967e-01
   5.3190220e-01
   5.5575432e-01
   5.6887299e-01
   5.6887299e-01
   5.5754323e-01
   5.3726893e-01
   5.1222422e-01
   4.8777579e-01
   4.6988671e-01
   4.6094216e-01
   4.6332738e-01
   4.7465714e-01
   4.9552773e-01
   5.2116875e-01
   5.4680978e-01
   5.6827668e-01
   5.8020275e-01
   5.7901014e-01
   5.6290996e-01
   5.3309482e-01
   4.9314253e-01
   4.4782349e-01
   4.0369707e-01
   3.6851521e-01
   3.4525939e-01
   3.3810375e-01
   3.4764461e-01
   3.7268933e-01
   4.0906380e-01
   4.5378652e-01
   5.0089445e-01
   5.4680978e-01
   5.8616577e-01
   6.1359570e-01
   6.2432916e-01
   6.1657722e-01
   5.8914729e-01
   5.4621348e-01
   4.9373882e-01
   4.3947526e-01
   3.9057841e-01
   3.5599284e-01
   3.3870006e-01
   3.4168158e-01
   3.6135957e-01
   3.9355994e-01
   4.3410853e-01
   4.7465712e-01
   5.1103160e-01
   5.3726893e-01
   5.5158019e-01
   5.4979130e-01
   5.3488372e-01
   5.0864639e-01
   4.7584973e-01
   4.4245677e-01
   4.1502684e-01
   3.9773405e-01
   3.9415624e-01
   4.0548599e-01
   4.2933810e-01
   4.6094215e-01
   4.9552773e-01
   5.2772809e-01
   5.5336911e-01
   5.6887299e-01
   5.7125820e-01
   5.6112105e-01
   5.3726893e-01
   5.0208706e-01
   4.6034586e-01
   4.1621944e-01
   3.7626715e-01
   3.4466309e-01
   3.2737030e-01
   3.2498508e-01
   3.3631485e-01
   3.5778175e-01
   3.8401908e-01
   4.1085271e-01
   4.3351222e-01
   4.4841981e-01
   4.5557543e-01
   4.5617175e-01
   4.5140132e-01
   4.4364938e-01
   4.3530113e-01
   4.2754919e-01
   4.2456768e-01
   4.2754919e-01
   4.3768634e-01
   4.5736434e-01
   4.8598688e-01
   5.1937984e-01
   5.5635064e-01
   5.9033989e-01
   6.1776983e-01
   6.3506261e-01
   6.3983304e-01
   6.3387001e-01
   6.1657722e-01
   5.9153250e-01
   5.6231366e-01
   5.3130591e-01
   5.0387598e-01
   4.8360167e-01
   4.7286822e-01
   4.7465714e-01
   4.8837208e-01
   5.1162790e-01
   5.4084676e-01
   5.7066190e-01
   5.9272510e-01
   6.0405487e-01
   6.0226595e-01
   5.8676208e-01
   5.6171736e-01
   5.3070961e-01
   4.9910555e-01
   4.7167561e-01
   4.5199762e-01
   4.4126417e-01
   4.4066787e-01
   4.5080501e-01
   4.7048301e-01
   4.9850924e-01
   5.3190220e-01
   5.6768038e-01
   6.0166965e-01
   6.2969588e-01
   6.4818127e-01
   6.5593321e-01
   6.5175910e-01
   6.3864043e-01
   6.1955875e-01
   5.9988074e-01
   5.8139536e-01
   5.6768039e-01
   5.6112104e-01
   5.5992845e-01
   5.6469887e-01
   5.7185450e-01
   5.7841384e-01
   5.8258797e-01
   5.7901013e-01
   5.6708409e-01
   5.4502087e-01
   5.1460943e-01
   4.8121646e-01
   4.4961241e-01
   4.2695289e-01
   4.1860465e-01
   4.2695289e-01
   4.5140132e-01
   4.8717948e-01
   5.3011329e-01
   5.7125820e-01
   6.0465117e-01
   6.2611807e-01
   6.3327371e-01
   6.2611807e-01
   6.0763268e-01
   5.8079905e-01
   5.5038760e-01
   5.2116875e-01
   4.9791294e-01
   4.8300538e-01
   4.7883125e-01
   4.8777579e-01
   5.0626118e-01
   5.3130590e-01
   5.5754324e-01
   5.8079905e-01
   5.9511031e-01
   5.9868814e-01
   5.8974359e-01
   5.6946928e-01
   5.4025045e-01
   5.0566488e-01
   4.6988671e-01
   4.3589744e-01
   4.0846750e-01
   3.9117472e-01
   3.8580800e-01
   3.9475254e-01
   4.1562313e-01
   4.4543828e-01
   4.7763865e-01
   5.0745379e-01
   5.2653548e-01
   5.3130591e-01
   5.1997615e-01
   4.9552773e-01
   4.6153845e-01
   4.2576029e-01
   3.9355994e-01
   3.7030412e-01
   3.6016697e-01
   3.6434110e-01
   3.8103757e-01
   4.0906380e-01
   4.4603458e-01
   4.8717949e-01
   5.2951699e-01
   5.6708407e-01
   5.9630293e-01
   6.1359571e-01
   6.1598092e-01
   6.0405485e-01
   5.7960643e-01
   5.4502087e-01
   5.0745379e-01
   4.6869409e-01
   4.3470483e-01
   4.0787120e-01
   3.8998211e-01
   3.8282647e-01
   3.8580800e-01
   3.9833035e-01
   4.1979725e-01
   4.4663089e-01
   4.7644604e-01
   5.0506857e-01
   5.2832439e-01
   5.4323197e-01
   5.5158019e-01
   5.5277281e-01
   5.5098390e-01
   5.4979129e-01
   5.5217651e-01
   5.5992845e-01
   5.7245081e-01
   5.8855099e-01
   6.0584377e-01
   6.2015505e-01
   6.3029218e-01
   6.3387001e-01
   6.3088849e-01
   6.2075134e-01
   6.0286226e-01
   5.7960643e-01
   5.5277281e-01
   5.2593918e-01
   5.0208706e-01
   4.8539057e-01
   4.7883125e-01
   4.8240906e-01
   4.9612402e-01
   5.1639833e-01
   5.3965414e-01
   5.6171736e-01
   5.7960644e-01
   5.8974359e-01
   5.9272511e-01
   5.8616577e-01
   5.7066190e-01
   5.4740608e-01
   5.1878355e-01
   4.8598689e-01
   4.5378652e-01
   4.2695289e-01
   4.0906380e-01
   4.0429339e-01
   4.1264163e-01
   4.3291593e-01
   4.5974956e-01
   4.8717949e-01
   5.0983900e-01
   5.2116876e-01
   5.2057246e-01
   5.0805009e-01
   4.8717948e-01
   4.6273107e-01
   4.4007155e-01
   4.2456767e-01
   4.1800835e-01
   4.2337508e-01
   4.3828266e-01
   4.6213477e-01
   4.9135361e-01
   5.1997616e-01
   5.4502087e-01
   5.6171736e-01
   5.6708407e-01
   5.6171736e-01
   5.4621349e-01
   5.2474657e-01
   5.0149076e-01
   4.8181276e-01
   4.6809780e-01
   4.6213477e-01
   4.6451997e-01
   4.7525343e-01
   4.9254621e-01
   5.1639833e-01
   5.4561717e-01
   5.7841383e-01
   6.1359571e-01
   6.4818127e-01
   6.7859273e-01
   7.0065595e-01
   7.1317829e-01
   7.1496721e-01
   7.0661897e-01
   6.9171139e-01
   6.7441860e-01
   6.5652951e-01
   6.4162195e-01
   6.3148480e-01
   6.2492547e-01
   6.2194396e-01
   6.2194394e-01
   6.2432916e-01
   6.2969590e-01
   6.3744783e-01
   6.4758497e-01
   6.5891472e-01
   6.7024449e-01
   6.7859273e-01
   6.8395945e-01
   6.8276684e-01
   6.7501490e-01
   6.6010733e-01
   6.3864044e-01
   6.1061419e-01
   5.7781754e-01
   5.4323197e-01
   5.1162790e-01
   4.8539057e-01
   4.7048301e-01
   4.6929040e-01
   4.8240906e-01
   5.0745379e-01
   5.4025045e-01
   5.7483601e-01
   6.0644008e-01
   6.3029220e-01
   6.4579606e-01
   6.5354800e-01
   6.5652951e-01
   6.5712582e-01
   6.5772213e-01
   6.5951102e-01
   6.6129994e-01
   6.6189625e-01
   6.5951102e-01
   6.5295170e-01
   6.4281454e-01
   6.3088850e-01
   6.1896243e-01
   6.0822898e-01
   6.0166965e-01
   6.0107334e-01
   6.0763268e-01
   6.2075134e-01
   6.4102565e-01
   6.6428145e-01
   6.8694096e-01
   7.0542635e-01
   7.1377460e-01
   7.0960048e-01
   6.9051878e-01
   6.5951104e-01
   6.1955875e-01
   5.7841384e-01
   5.4144306e-01
   5.1520572e-01
   5.0327966e-01
   5.0626117e-01
   5.2176506e-01
   5.4919499e-01
   5.8258795e-01
   6.1836614e-01
   6.5295170e-01
   6.8336315e-01
   7.0661897e-01
   7.2093024e-01
   7.2629696e-01
   7.2152653e-01
   7.0960048e-01
   6.9171139e-01
   6.7024449e-01
   6.4758497e-01
   6.2552177e-01
   6.0405485e-01
   5.8378056e-01
   5.6589147e-01
   5.4979129e-01
   5.3905784e-01
   5.3428741e-01
   5.3846154e-01
   5.5098389e-01
   5.6946930e-01
   5.9153250e-01
   6.1240311e-01
   6.2850329e-01
   6.3685153e-01
   6.3685152e-01
   6.3148480e-01
   6.2313656e-01
   6.1657722e-01
   6.1419200e-01
   6.1776983e-01
   6.2790698e-01
   6.4281455e-01
   6.6070364e-01
   6.7799643e-01
   6.9171140e-01
   6.9886703e-01
   6.9886703e-01
   6.8992248e-01
   6.7262970e-01
   6.5056649e-01
   6.2611807e-01
   6.0644008e-01
   5.9451401e-01
   5.9570661e-01
   6.0942159e-01
   6.3387001e-01
   6.6607036e-01
   6.9946333e-01
   7.2808587e-01
   7.4657126e-01
   7.5372689e-01
   7.4895646e-01
   7.3345260e-01
   7.1079308e-01
   6.8336315e-01
   6.5652951e-01
   6.3267739e-01
   6.1657722e-01
   6.0763268e-01
   6.0822898e-01
   6.1896244e-01
   6.3685153e-01
   6.5951104e-01
   6.8157424e-01
   6.9946333e-01
   7.1079308e-01
   7.1377460e-01
   7.0960048e-01
   7.0005963e-01
   6.8813358e-01
   6.7620751e-01
   6.6666666e-01
   6.6070364e-01
   6.5772212e-01
   6.5831843e-01
   6.6129994e-01
   6.6607036e-01
   6.7143709e-01
   6.7501490e-01
   6.7620752e-01
   6.7203339e-01
   6.6308885e-01
   6.4698867e-01
   6.2671437e-01
   6.0286226e-01
   5.7841384e-01
   5.5456172e-01
   5.3190220e-01
   5.1043530e-01
   4.8956470e-01
   4.6929040e-01
   4.4961240e-01
   4.3470482e-01
   4.2874180e-01
   4.3410853e-01
   4.5378652e-01
   4.8837210e-01
   5.3309482e-01
   5.8437686e-01
   6.3506261e-01
   6.7859272e-01
   7.1019678e-01
   7.2868217e-01
   7.3285630e-01
   7.2629696e-01
   7.1377459e-01
   6.9827072e-01
   6.8515207e-01
   6.7680382e-01
   6.7620751e-01
   6.8217054e-01
   6.9588552e-01
   7.1258200e-01
   7.2927847e-01
   7.4180084e-01
   7.4597495e-01
   7.4120454e-01
   7.2570066e-01
   7.0244484e-01
   6.7561121e-01
   6.4758498e-01
   6.2373285e-01
   6.0405487e-01
   5.8974359e-01
   5.7901014e-01
   5.7245081e-01
   5.6827669e-01
   5.6589147e-01
   5.6708409e-01
   5.7125820e-01
   5.7960643e-01
   5.9033989e-01
   6.0286226e-01
   6.1657722e-01
   6.2909959e-01
   6.3983304e-01
   6.4758497e-01
   6.5116280e-01
   6.4937388e-01
   6.4042935e-01
   6.2432916e-01
   6.0166965e-01
   5.7364341e-01
   5.4323197e-01
   5.1580203e-01
   4.9612402e-01
   4.8837208e-01
   4.9373883e-01
   5.1282051e-01
   5.4382827e-01
   5.8139535e-01
   6.2194396e-01
   6.6129994e-01
   6.9588552e-01
   7.2212285e-01
   7.3881932e-01
   7.4299344e-01
   7.3464520e-01
   7.1258199e-01
   6.7918903e-01
   6.3625523e-01
   5.8974359e-01
   5.4382827e-01
   5.0387596e-01
   4.7286822e-01
   4.5378652e-01
   4.4663089e-01
   4.5020871e-01
   4.6392367e-01
   4.8419797e-01
   5.1103161e-01
   5.4025044e-01
   5.7066190e-01
   5.9868814e-01
   6.2134764e-01
   6.3625522e-01
   6.4042935e-01
   6.3446631e-01
   6.1955875e-01
   5.9749553e-01
   5.7245081e-01
   5.4680978e-01
   5.2295766e-01
   5.0268337e-01
   4.8777579e-01
   4.7704234e-01
   4.7227191e-01
   4.7346452e-01
   4.7883124e-01
   4.8837210e-01
   5.0089445e-01
   5.1282052e-01
   5.2176505e-01
   5.2653548e-01
   5.2593918e-01
   5.2116875e-01
   5.1401312e-01
   5.0566487e-01
   4.9791294e-01
   4.9314253e-01
   4.8956470e-01
   4.8896839e-01
   4.8956470e-01
   4.9433512e-01
   5.0268337e-01
   5.1639833e-01
   5.3488372e-01
   5.5694693e-01
   5.7901014e-01
   5.9809183e-01
   6.1121049e-01
   6.1478830e-01
   6.0942159e-01
   5.9451401e-01
   5.7364341e-01
   5.4979129e-01
   5.2713178e-01
   5.0805009e-01
   4.9373882e-01
   4.8539059e-01
   4.8181276e-01
   4.8479427e-01
   4.9075730e-01
   4.9910555e-01
   5.0864639e-01
   5.1699463e-01
   5.2415027e-01
   5.3070961e-01
   5.3726893e-01
   5.4740608e-01
   5.6231366e-01
   5.8318426e-01
   6.0763267e-01
   6.3267741e-01
   6.5295170e-01
   6.6428145e-01
   6.6189625e-01
   6.4579606e-01
   6.1717353e-01
   5.7960644e-01
   5.3965415e-01
   5.0268336e-01
   4.7346453e-01
   4.5617175e-01
   4.5140132e-01
   4.5974956e-01
   4.8062016e-01
   5.0983900e-01
   5.4680978e-01
   5.8556948e-01
   6.2373286e-01
   6.5593321e-01
   6.7859273e-01
   6.8932618e-01
   6.8753726e-01
   6.7501492e-01
   6.5414431e-01
   6.2909959e-01
   6.0524747e-01
   5.8497316e-01
   5.7006560e-01
   5.6350626e-01
   5.6350626e-01
   5.7066190e-01
   5.8318427e-01
   5.9749552e-01
   6.1121050e-01
   6.2134764e-01
   6.2373285e-01
   6.1776983e-01
   6.0226595e-01
   5.8020275e-01
   5.5515802e-01
   5.3309482e-01
   5.1878354e-01
   5.1460943e-01
   5.2295767e-01
   5.4144305e-01
   5.6708409e-01
   5.9630291e-01
   6.2492547e-01
   6.4997019e-01
   6.6726296e-01
   6.7501490e-01
   6.7262970e-01
   6.5951104e-01
   6.3565892e-01
   6.0405485e-01
   5.6648777e-01
   5.2951699e-01
   4.9612404e-01
   4.7107931e-01
   4.5617175e-01
   4.5140130e-01
   4.5617175e-01
   4.6571258e-01
   4.7704234e-01
   4.8658318e-01
   4.9194991e-01
   4.9194991e-01
   4.8658318e-01
   4.7525344e-01
   4.5974956e-01
   4.4186046e-01
   4.2158616e-01
   4.0310078e-01
   3.8878951e-01
   3.8342278e-01
   3.8819319e-01
   4.0310078e-01
   4.2814550e-01
   4.5915326e-01
   4.9075730e-01
   5.1878354e-01
   5.3667263e-01
   5.4263566e-01
   5.3488372e-01
   5.1341681e-01
   4.8121646e-01
   4.4126417e-01
   3.9833035e-01
   3.5957067e-01
   3.2975551e-01
   3.1484795e-01
   3.1902206e-01
   3.4227787e-01
   3.8401909e-01
   4.3709004e-01
   4.9373883e-01
   5.4442457e-01
   5.8199165e-01
   6.0107334e-01
   5.9928444e-01
   5.8079905e-01
   5.4919499e-01
   5.1222421e-01
   4.7644603e-01
   4.4722719e-01
   4.2933810e-01
   4.2635659e-01
   4.3709004e-01
   4.6153846e-01
   4.9552772e-01
   5.3607633e-01
   5.7662493e-01
   6.1359570e-01
   6.4162195e-01
   6.5772212e-01
   6.6129994e-01
   6.5354800e-01
   6.3804414e-01
   6.1657722e-01
   5.9451402e-01
   5.7304712e-01
   5.5635062e-01
   5.4382827e-01
   5.3726893e-01
   5.3726893e-01
   5.4502087e-01
   5.5933213e-01
   5.7960644e-01
   6.0286225e-01
   6.2552177e-01
   6.4281455e-01
   6.5295170e-01
   6.5235540e-01
   6.3983303e-01
   6.1836613e-01
   5.8735838e-01
   5.5158021e-01
   5.1282051e-01
   4.7584973e-01
   4.4245677e-01
   4.1741205e-01
   4.0250447e-01
   4.0131188e-01
   4.1383422e-01
   4.3947525e-01
   4.7525344e-01
   5.1520572e-01
   5.5336911e-01
   5.8556946e-01
   6.0763268e-01
   6.1896244e-01
   6.2015504e-01
   6.1419202e-01
   6.0226596e-01
   5.8855099e-01
   5.7245081e-01
   5.5635062e-01
