   8.5467980e-01
   9.0000000e-01
   8.9605910e-01
   8.4581279e-01
   7.6305418e-01
   6.6551723e-01
   5.7290641e-01
   4.9901478e-01
   4.5172413e-01
   4.3152710e-01
   4.3251232e-01
   4.4679803e-01
   4.6551724e-01
   4.8325123e-01
   4.9704433e-01
   5.0640394e-01
   5.1379309e-01
   5.2019704e-01
   5.2709359e-01
   5.3349754e-01
   5.3940886e-01
   5.4285713e-01
   5.4236452e-01
   5.3842364e-01
   5.3152709e-01
   5.2167488e-01
   5.1182265e-01
   5.0197044e-01
   4.9507389e-01
   4.9064039e-01
   4.8965518e-01
   4.9310345e-01
   4.9802955e-01
   5.0394089e-01
   5.0837438e-01
   5.0935960e-01
   5.0492611e-01
   4.9655172e-01
   4.8325122e-01
   4.6798030e-01
   4.5320197e-01
   4.4088669e-01
   4.3103449e-01
   4.2413792e-01
   4.1871921e-01
   4.1379311e-01
   4.0837439e-01
   4.0394089e-01
   3.9901478e-01
   3.9655172e-01
   3.9655172e-01
   3.9901477e-01
   4.0246305e-01
   4.0689655e-01
   4.0985222e-01
   4.1133005e-01
   4.1182266e-01
   4.1133005e-01
   4.0985222e-01
   4.0886700e-01
   4.0738916e-01
   4.0443350e-01
   3.9999999e-01
   3.9310344e-01
   3.8374385e-01
   3.7487684e-01
   3.6699507e-01
   3.6305419e-01
   3.6453202e-01
   3.7241378e-01
   3.8669951e-01
   4.0689655e-01
   4.3152708e-01
   4.5862070e-01
   4.8669951e-01
   5.1182265e-01
   5.3251231e-01
   5.4532020e-01
   5.4827587e-01
   5.4137930e-01
   5.2413793e-01
   4.9950739e-01
   4.7093596e-01
   4.4187192e-01
   4.1576354e-01
   3.9507388e-01
   3.8029557e-01
   3.7192118e-01
   3.6945813e-01
   3.7241379e-01
   3.8029556e-01
   3.9359606e-01
   4.1083744e-01
   4.3251232e-01
   4.5517241e-01
   4.7733990e-01
   4.9704433e-01
   5.0985222e-01
   5.1527094e-01
   5.1280788e-01
   5.0344828e-01
   4.8768473e-01
   4.6896552e-01
   4.4827586e-01
   4.2807881e-01
   4.1083743e-01
   3.9852217e-01
   3.9261084e-01
   3.9408867e-01
   4.0246305e-01
   4.1527094e-01
   4.3103447e-01
   4.4532020e-01
   4.5615763e-01
   4.6009852e-01
   4.5665024e-01
   4.4729064e-01
   4.3201969e-01
   4.1428571e-01
   3.9605910e-01
   3.7783252e-01
   3.6206896e-01
   3.4926109e-01
   3.3990148e-01
   3.3546798e-01
   3.3645320e-01
   3.4334975e-01
   3.5615764e-01
   3.7438423e-01
   3.9458128e-01
   4.1576354e-01
   4.3399015e-01
   4.4778324e-01
   4.5714285e-01
   4.6059114e-01
   4.5911329e-01
   4.5270936e-01
   4.4137931e-01
   4.2709359e-01
   4.0886700e-01
   3.8916256e-01
   3.6945812e-01
   3.5221675e-01
   3.3793104e-01
   3.2955665e-01
   3.2709360e-01
   3.3004926e-01
   3.3694581e-01
   3.4729065e-01
   3.5960591e-01
   3.7290640e-01
   3.8669951e-01
   3.9901477e-01
   4.0886699e-01
   4.1428571e-01
   4.1428572e-01
   4.0788178e-01
   3.9556649e-01
   3.7881773e-01
   3.6059113e-01
   3.4334974e-01
   3.3152709e-01
   3.2561577e-01
   3.2758620e-01
   3.3645320e-01
   3.5172414e-01
   3.7192118e-01
   3.9507389e-01
   4.2019704e-01
   4.4482759e-01
   4.6699508e-01
   4.8423645e-01
   4.9359605e-01
   4.9458128e-01
   4.8719212e-01
   4.7241379e-01
   4.5270936e-01
   4.3300493e-01
   4.1576354e-01
   4.0492611e-01
   4.0147783e-01
   4.0640394e-01
   4.1871920e-01
   4.3743842e-01
   4.6108375e-01
   4.8768473e-01
   5.1428570e-01
   5.3990147e-01
   5.6009852e-01
   5.7290640e-01
   5.7635468e-01
   5.6995073e-01
   5.5467980e-01
   5.3251231e-01
   5.0788177e-01
   4.8374383e-01
   4.6403940e-01
   4.5221674e-01
   4.4729064e-01
   4.5172414e-01
   4.6256158e-01
   4.7931034e-01
   4.9901477e-01
   5.2019704e-01
   5.3940886e-01
   5.5467980e-01
   5.6305419e-01
   5.6354680e-01
   5.5665024e-01
   5.4285713e-01
   5.2512315e-01
   5.0541871e-01
   4.8719212e-01
   4.7192118e-01
   4.6009853e-01
   4.5172413e-01
   4.4729064e-01
   4.4581281e-01
   4.4729064e-01
   4.5221674e-01
   4.6009852e-01
   4.7044334e-01
   4.8226600e-01
   4.9408867e-01
   5.0443349e-01
   5.1133004e-01
   5.1527094e-01
   5.1625616e-01
   5.1576353e-01
   5.1428572e-01
   5.1231526e-01
   5.1083743e-01
   5.0837438e-01
   5.0443350e-01
   4.9852217e-01
   4.9211822e-01
   4.8522166e-01
   4.7980295e-01
   4.7586206e-01
   4.7536945e-01
   4.7783251e-01
   4.8226600e-01
   4.8817734e-01
   4.9556651e-01
   5.0394089e-01
   5.1379309e-01
   5.2463054e-01
   5.3596059e-01
   5.4630542e-01
   5.5467980e-01
   5.5960591e-01
   5.6009852e-01
   5.5615763e-01
   5.4778325e-01
   5.3645319e-01
   5.2413793e-01
   5.0985221e-01
   4.9605911e-01
   4.8325122e-01
   4.7241379e-01
   4.6403941e-01
   4.6157635e-01
   4.6502464e-01
   4.7684728e-01
   4.9507389e-01
   5.1921183e-01
   5.4630542e-01
   5.7192118e-01
   5.9408866e-01
   6.0837438e-01
   6.1428571e-01
   6.1133004e-01
   5.9950739e-01
   5.8078818e-01
   5.5665025e-01
   5.3004926e-01
   5.0344828e-01
   4.8029556e-01
   4.6403941e-01
   4.5665024e-01
   4.5960592e-01
   4.7192118e-01
   4.9162562e-01
   5.1428570e-01
   5.3645319e-01
   5.5418719e-01
   5.6403940e-01
   5.6699507e-01
   5.6256157e-01
   5.5320197e-01
   5.4088669e-01
   5.2709359e-01
   5.1477833e-01
   5.0492611e-01
   4.9802955e-01
   4.9458128e-01
   4.9359606e-01
   4.9605912e-01
   5.0000000e-01
   5.0394088e-01
   5.0689654e-01
   5.0738915e-01
   5.0541872e-01
   5.0197044e-01
   4.9753695e-01
   4.9408867e-01
   4.9162562e-01
   4.9064040e-01
   4.8965518e-01
   4.8719212e-01
   4.8325122e-01
   4.7635467e-01
   4.6699507e-01
   4.5714285e-01
   4.4876847e-01
   4.4334976e-01
   4.4088670e-01
   4.4285714e-01
   4.4729064e-01
   4.5369458e-01
   4.6108375e-01
   4.6847290e-01
   4.7684729e-01
   4.8423645e-01
   4.9064040e-01
   4.9458128e-01
   4.9458128e-01
   4.9014778e-01
   4.8078817e-01
   4.6798030e-01
   4.5221674e-01
   4.3694581e-01
   4.2512315e-01
   4.1724138e-01
   4.1527094e-01
   4.1871921e-01
   4.2807881e-01
   4.4187192e-01
   4.6059113e-01
   4.8177339e-01
   5.0394088e-01
   5.2512315e-01
   5.4187193e-01
   5.5221674e-01
   5.5369457e-01
   5.4532020e-01
   5.2955665e-01
   5.0788177e-01
   4.8423645e-01
   4.6206897e-01
   4.4581281e-01
   4.3694581e-01
   4.3743842e-01
   4.4630541e-01
   4.6453202e-01
   4.8866995e-01
   5.1921182e-01
   5.5270936e-01
   5.8620689e-01
   6.1724138e-01
   6.4137931e-01
   6.5714285e-01
   6.6157635e-01
   6.5566503e-01
   6.3891626e-01
   6.1527093e-01
   5.8620689e-01
   5.5517242e-01
   5.2413793e-01
   4.9507389e-01
   4.6847291e-01
   4.4729063e-01
   4.3152710e-01
   4.2216749e-01
   4.1773398e-01
   4.1921182e-01
   4.2463054e-01
   4.3103447e-01
   4.3694581e-01
   4.4088670e-01
   4.4187192e-01
   4.4039409e-01
   4.3645321e-01
   4.3054186e-01
   4.2364531e-01
   4.1576354e-01
   4.0640394e-01
   3.9605911e-01
   3.8571429e-01
   3.7635469e-01
   3.7093596e-01
   3.7044335e-01
   3.7536945e-01
   3.8571428e-01
   3.9950739e-01
   4.1330050e-01
   4.2561575e-01
   4.3399015e-01
   4.3596059e-01
   4.3300493e-01
   4.2512314e-01
   4.1379310e-01
   4.0098521e-01
   3.8817734e-01
   3.7733990e-01
   3.6945813e-01
   3.6699507e-01
   3.6945813e-01
   3.7783251e-01
   3.9014778e-01
   4.0591133e-01
   4.2216749e-01
   4.3694581e-01
   4.4778324e-01
   4.5615763e-01
   4.6108374e-01
   4.6453202e-01
   4.6699507e-01
   4.6847290e-01
   4.6847291e-01
   4.6699507e-01
   4.6157636e-01
   4.5221675e-01
   4.3793103e-01
   4.2068966e-01
   4.0098522e-01
   3.8029557e-01
   3.6157636e-01
   3.4532019e-01
   3.3251231e-01
   3.2512316e-01
   3.2463055e-01
   3.3103448e-01
   3.4630543e-01
   3.6847290e-01
   3.9458127e-01
   4.2167487e-01
   4.4482758e-01
   4.6059114e-01
   4.6502463e-01
   4.5763546e-01
   4.4088670e-01
   4.1674876e-01
   3.9113300e-01
   3.6699507e-01
   3.4876846e-01
   3.3842365e-01
   3.3743842e-01
   3.4532019e-01
   3.6256158e-01
   3.8620690e-01
   4.1576354e-01
   4.4778324e-01
   4.8029556e-01
   5.0837438e-01
   5.3054186e-01
   5.4482759e-01
   5.4975369e-01
   5.4581280e-01
   5.3399014e-01
   5.1674877e-01
   4.9605911e-01
   4.7438424e-01
   4.5467979e-01
   4.3990147e-01
   4.3103447e-01
   4.3201969e-01
   4.4137931e-01
   4.5960592e-01
   4.8275861e-01
   5.0837438e-01
   5.2955664e-01
   5.4384237e-01
   5.4679803e-01
   5.3940886e-01
   5.2167488e-01
   4.9802956e-01
   4.7241379e-01
   4.4926108e-01
   4.3004927e-01
   4.1871921e-01
   4.1527093e-01
   4.1822660e-01
   4.2807881e-01
   4.4137931e-01
   4.5862068e-01
   4.7635468e-01
   4.9310345e-01
   5.0541871e-01
   5.1428570e-01
   5.1724138e-01
   5.1674877e-01
   5.1330049e-01
   5.1034482e-01
   5.1034482e-01
   5.1477831e-01
   5.2364531e-01
   5.3645319e-01
   5.5123152e-01
   5.6600984e-01
   5.7832512e-01
   5.8669950e-01
   5.8916256e-01
   5.8620689e-01
   5.7635468e-01
   5.6157635e-01
   5.4236452e-01
   5.2118226e-01
   4.9999999e-01
   4.8325123e-01
   4.7142857e-01
   4.6748768e-01
   4.7044335e-01
   4.7832511e-01
   4.8965517e-01
   4.9950739e-01
   5.0689655e-01
   5.0886699e-01
   5.0640393e-01
   4.9901478e-01
   4.8817734e-01
   4.7438423e-01
   4.5960591e-01
   4.4482758e-01
   4.3152708e-01
   4.2167487e-01
   4.1822660e-01
   4.2216748e-01
   4.3497537e-01
   4.5517241e-01
   4.8177340e-01
   5.0985221e-01
   5.3546797e-01
   5.5418719e-01
   5.6403940e-01
   5.6354679e-01
   5.5418719e-01
   5.3891625e-01
   5.2167488e-01
   5.0591132e-01
   4.9605911e-01
   4.9408867e-01
   5.0098522e-01
   5.1773399e-01
   5.4236454e-01
   5.7192118e-01
   6.0246306e-01
   6.2955665e-01
   6.4778325e-01
   6.5467981e-01
   6.4876846e-01
   6.3103448e-01
   6.0443350e-01
   5.7241380e-01
   5.3990147e-01
   5.1133004e-01
   4.8965518e-01
   4.7684729e-01
   4.7389163e-01
   4.8078817e-01
   4.9655172e-01
   5.1921182e-01
   5.4581281e-01
   5.7290641e-01
   5.9556649e-01
   6.1034483e-01
   6.1379310e-01
   6.0443349e-01
   5.8325123e-01
   5.5418719e-01
   5.2216748e-01
   4.9162561e-01
   4.6798030e-01
   4.5369457e-01
   4.5024630e-01
   4.5665024e-01
   4.7192118e-01
   4.9211823e-01
   5.1477831e-01
   5.3645320e-01
   5.5369458e-01
   5.6453201e-01
   5.6650245e-01
   5.5960591e-01
   5.4384237e-01
   5.2216749e-01
   4.9802955e-01
   4.7487685e-01
   4.5665024e-01
   4.4532019e-01
   4.4137931e-01
   4.4433497e-01
   4.5221674e-01
   4.6354680e-01
   4.7586206e-01
   4.8669951e-01
   4.9605911e-01
   5.0098521e-01
   5.0295566e-01
   5.0049261e-01
   4.9359606e-01
   4.8374384e-01
   4.7290640e-01
   4.6305418e-01
   4.5517241e-01
   4.5073891e-01
   4.4926108e-01
   4.4778325e-01
   4.4532020e-01
   4.3940886e-01
   4.2955664e-01
   4.1576355e-01
   3.9999999e-01
   3.8522167e-01
   3.7536945e-01
   3.7093596e-01
   3.7339901e-01
   3.8325123e-01
   3.9852217e-01
   4.1871921e-01
   4.4187192e-01
   4.6600985e-01
   4.9014778e-01
   5.1280787e-01
   5.3201970e-01
   5.4581281e-01
   5.5320197e-01
   5.5320197e-01
   5.4679803e-01
   5.3448275e-01
   5.1773399e-01
   4.9901477e-01
   4.8029556e-01
   4.6256157e-01
   4.4827586e-01
   4.3940887e-01
   4.3743842e-01
   4.4384237e-01
   4.5960592e-01
   4.8423644e-01
   5.1527092e-01
   5.4876848e-01
   5.7980295e-01
   6.0394089e-01
   6.1724138e-01
   6.1822660e-01
   6.0689655e-01
   5.8620689e-01
   5.5911330e-01
   5.3004926e-01
   5.0246305e-01
   4.7931034e-01
   4.6305419e-01
   4.5615763e-01
   4.5812807e-01
   4.6945813e-01
   4.8866995e-01
   5.1280787e-01
   5.3842364e-01
   5.6108374e-01
   5.7684729e-01
   5.8325123e-01
   5.7980296e-01
   5.6748768e-01
   5.4926109e-01
   5.2906404e-01
   5.1034482e-01
   4.9605911e-01
   4.8768473e-01
   4.8669951e-01
   4.9211823e-01
   5.0295566e-01
   5.1674877e-01
   5.3201970e-01
   5.4630542e-01
   5.5566502e-01
   5.5911329e-01
   5.5369458e-01
   5.4039408e-01
   5.2118227e-01
   4.9753694e-01
   4.7438424e-01
   4.5418718e-01
   4.3940887e-01
   4.3251232e-01
   4.3103449e-01
   4.3448276e-01
   4.4137931e-01
   4.4926108e-01
   4.5665024e-01
   4.6206896e-01
   4.6453202e-01
   4.6453202e-01
   4.6059113e-01
   4.5467980e-01
   4.4729063e-01
   4.4088670e-01
   4.3743842e-01
   4.3842364e-01
   4.4334976e-01
   4.5172413e-01
   4.6009852e-01
   4.6551724e-01
   4.6403940e-01
   4.5467980e-01
   4.3694581e-01
   4.1379310e-01
   3.9014778e-01
   3.6995073e-01
   3.5812808e-01
   3.5763547e-01
   3.6995074e-01
   3.9359606e-01
   4.2660098e-01
   4.6600986e-01
   5.0689655e-01
   5.4433498e-01
   5.7389162e-01
   5.9162561e-01
   5.9556650e-01
   5.8571428e-01
   5.6354679e-01
   5.3448275e-01
   5.0344828e-01
   4.7733990e-01
   4.6009853e-01
   4.5517240e-01
   4.6403941e-01
   4.8374383e-01
   5.1182265e-01
   5.4482758e-01
   5.7931035e-01
   6.1280788e-01
   6.4187192e-01
   6.6748768e-01
   6.8620690e-01
   6.9901478e-01
   7.0541871e-01
   7.0541871e-01
   7.0049260e-01
   6.9211822e-01
   6.8128079e-01
   6.6945813e-01
   6.5714286e-01
   6.4482758e-01
   6.3251231e-01
   6.2068965e-01
   6.1133005e-01
   6.0541872e-01
   6.0394088e-01
   6.0837438e-01
   6.1773399e-01
   6.2955665e-01
   6.4187191e-01
   6.5024630e-01
   6.5221674e-01
   6.4581280e-01
   6.3054187e-01
   6.0788177e-01
   5.8078818e-01
   5.5221675e-01
   5.2610837e-01
   5.0394089e-01
   4.8916256e-01
   4.8226600e-01
   4.8325122e-01
   4.9162561e-01
   5.0443349e-01
   5.1822660e-01
   5.2906404e-01
   5.3300492e-01
   5.2758621e-01
   5.1133004e-01
   4.8620688e-01
   4.5615763e-01
   4.2512315e-01
   3.9901477e-01
   3.8078818e-01
   3.7192118e-01
   3.7290640e-01
   3.7980296e-01
   3.8965517e-01
   3.9950739e-01
   4.0591133e-01
   4.0689656e-01
   4.0049260e-01
   3.8669950e-01
   3.6600985e-01
   3.4039409e-01
   3.1133005e-01
   2.8374384e-01
   2.6108374e-01
   2.4581281e-01
   2.3990148e-01
   2.4384236e-01
   2.5517241e-01
   2.7093596e-01
   2.8669951e-01
   3.0000000e-01
   3.0788177e-01
   3.0886699e-01
   3.0344827e-01
   2.9261084e-01
   2.7783251e-01
   2.6108374e-01
   2.4285715e-01
   2.2512315e-01
   2.0935961e-01
   1.9852217e-01
   1.9261084e-01
   1.9359606e-01
   2.0147783e-01
   2.1428571e-01
   2.3103448e-01
   2.4975369e-01
   2.6699508e-01
   2.8177340e-01
   2.9211823e-01
   2.9753694e-01
   2.9655173e-01
   2.8916255e-01
   2.7635468e-01
   2.5812808e-01
   2.3743843e-01
   2.1724138e-01
   2.0147783e-01
   1.9458128e-01
   1.9802956e-01
   2.1280788e-01
   2.3645321e-01
   2.6551724e-01
   2.9458128e-01
   3.1822660e-01
   3.3300492e-01
   3.3694581e-01
   3.2906404e-01
   3.1330048e-01
   2.9261084e-01
   2.6995074e-01
   2.4926108e-01
   2.3546799e-01
   2.3054187e-01
   2.3694580e-01
   2.5369458e-01
   2.8078818e-01
   3.1477832e-01
   3.5073892e-01
   3.8522167e-01
   4.1280788e-01
   4.3054186e-01
   4.3694582e-01
   4.3300493e-01
   4.2019704e-01
   4.0098521e-01
   3.7832512e-01
   3.5467980e-01
   3.3103448e-01
   3.0935960e-01
   2.9064038e-01
   2.7733990e-01
   2.7044336e-01
   2.7192118e-01
   2.8128078e-01
   2.9802956e-01
   3.2019705e-01
   3.4384236e-01
   3.6650246e-01
   3.8620689e-01
   4.0147783e-01
   4.1182266e-01
   4.1773399e-01
   4.2019704e-01
   4.1921182e-01
   4.1576354e-01
   4.0985221e-01
   4.0344826e-01
   3.9655172e-01
   3.9162562e-01
   3.8817734e-01
   3.8719212e-01
   3.8817734e-01
   3.8916256e-01
   3.9064040e-01
   3.9113300e-01
   3.9113301e-01
   3.9211823e-01
   3.9458127e-01
   3.9999999e-01
   4.0837439e-01
   4.1822660e-01
   4.2758620e-01
   4.3497537e-01
   4.3793104e-01
   4.3596060e-01
   4.3004927e-01
   4.2167488e-01
   4.1280789e-01
   4.0541872e-01
   4.0098522e-01
   4.0049261e-01
   4.0443350e-01
   4.1280788e-01
   4.2610837e-01
   4.4285714e-01
   4.6305419e-01
   4.8522167e-01
   5.0689655e-01
   5.2512315e-01
   5.3891625e-01
   5.4581281e-01
   5.4679803e-01
   5.4137930e-01
   5.3152709e-01
   5.1921182e-01
   5.0541871e-01
   4.9162561e-01
   4.7931034e-01
   4.6896552e-01
   4.6305419e-01
   4.6256158e-01
   4.6896551e-01
   4.8275861e-01
   5.0246305e-01
   5.2660098e-01
   5.5073891e-01
   5.7142857e-01
   5.8620689e-01
   5.9211822e-01
   5.8965517e-01
   5.7931035e-01
   5.6403940e-01
   5.4729064e-01
   5.3103448e-01
   5.1724139e-01
   5.0738916e-01
   5.0344827e-01
   5.0443349e-01
   5.1182266e-01
   5.2413793e-01
   5.3940886e-01
   5.5566502e-01
   5.6896551e-01
   5.7832512e-01
   5.8177340e-01
   5.8029557e-01
   5.7389162e-01
   5.6699506e-01
   5.6009851e-01
   5.5566502e-01
   5.5517241e-01
   5.5812807e-01
   5.6305418e-01
   5.6896551e-01
   5.7635468e-01
   5.8226600e-01
   5.8768473e-01
   5.9211822e-01
   5.9408866e-01
   5.9310345e-01
   5.8916256e-01
   5.8177340e-01
   5.7290641e-01
   5.6403940e-01
   5.5714285e-01
   5.5369458e-01
   5.5517241e-01
   5.6009852e-01
   5.6798029e-01
   5.7684729e-01
   5.8325123e-01
   5.8669951e-01
   5.8571428e-01
   5.8078817e-01
   5.7290640e-01
   5.6305419e-01
   5.5221675e-01
   5.4334976e-01
   5.3645319e-01
   5.3349753e-01
   5.3497536e-01
   5.4187193e-01
   5.5369458e-01
   5.6748768e-01
   5.8128079e-01
   5.9113300e-01
   5.9507388e-01
   5.9064039e-01
   5.7881773e-01
   5.6108373e-01
   5.4039408e-01
   5.1970443e-01
   5.0147783e-01
   4.8866995e-01
   4.8226601e-01
   4.8325122e-01
   4.9064039e-01
   5.0541871e-01
   5.2610837e-01
   5.5024631e-01
   5.7536945e-01
   5.9605911e-01
   6.1083744e-01
   6.1428571e-01
   6.0640394e-01
   5.8817734e-01
   5.6256157e-01
   5.3448275e-01
   5.0886699e-01
   4.9064040e-01
   4.8177339e-01
   4.8374384e-01
   4.9556650e-01
   5.1379309e-01
   5.3743842e-01
   5.6206896e-01
   5.8620689e-01
   6.0689655e-01
   6.2216749e-01
   6.3004926e-01
   6.3103448e-01
   6.2463055e-01
   6.1182265e-01
   5.9556649e-01
   5.7684729e-01
   5.5862069e-01
   5.4187191e-01
   5.2807882e-01
   5.1773399e-01
   5.1034482e-01
   5.0591133e-01
   5.0492610e-01
   5.0738916e-01
   5.1330048e-01
   5.2118226e-01
   5.3201970e-01
   5.4285713e-01
   5.5221675e-01
   5.5862069e-01
   5.6206896e-01
   5.6157635e-01
   5.5812807e-01
   5.5221675e-01
   5.4433498e-01
   5.3399015e-01
   5.2167488e-01
   5.0837438e-01
   4.9359606e-01
   4.8029557e-01
   4.6945813e-01
   4.6206897e-01
   4.5812807e-01
   4.5763546e-01
   4.5763546e-01
   4.5714285e-01
   4.5517240e-01
   4.5073892e-01
   4.4630542e-01
   4.4285714e-01
   4.4236453e-01
   4.4581280e-01
   4.5369457e-01
   4.6354680e-01
   4.7389162e-01
   4.8226601e-01
   4.8620689e-01
   4.8571428e-01
   4.8177339e-01
   4.7487684e-01
   4.6699508e-01
   4.6059114e-01
   4.5615762e-01
   4.5517240e-01
   4.5862068e-01
   4.6847291e-01
   4.8423645e-01
   5.0591132e-01
   5.3152709e-01
   5.5960591e-01
   5.8620689e-01
   6.0788177e-01
   6.2167487e-01
   6.2660099e-01
   6.2167487e-01
   6.0788178e-01
   5.8817733e-01
   5.6403940e-01
   5.4039408e-01
   5.1822660e-01
   5.0147782e-01
   4.9211823e-01
   4.9211823e-01
   5.0197044e-01
   5.2068965e-01
   5.4532020e-01
   5.7192119e-01
   5.9704433e-01
   6.1428571e-01
   6.2167487e-01
   6.1773399e-01
   6.0344828e-01
   5.8177340e-01
   5.5566502e-01
   5.3004926e-01
   5.0738915e-01
   4.9014779e-01
   4.8078817e-01
   4.7980295e-01
   4.8669951e-01
   5.0098522e-01
   5.2068965e-01
   5.4187191e-01
   5.6256157e-01
   5.7980295e-01
   5.8965517e-01
   5.9162561e-01
   5.8768473e-01
   5.7783251e-01
   5.6748768e-01
   5.5812808e-01
   5.5320197e-01
   5.5270936e-01
   5.5566502e-01
   5.6157635e-01
   5.6798029e-01
   5.7290641e-01
   5.7536946e-01
   5.7438424e-01
   5.7044335e-01
   5.6256157e-01
   5.5123152e-01
   5.3842363e-01
   5.2413793e-01
   5.1133004e-01
   5.0147783e-01
   4.9704434e-01
   4.9802956e-01
   5.0443349e-01
   5.1428570e-01
   5.2463054e-01
   5.3201970e-01
   5.3645319e-01
   5.3596058e-01
   5.3152709e-01
   5.2512315e-01
   5.1921182e-01
   5.1527094e-01
   5.1527094e-01
   5.1970443e-01
   5.2758620e-01
   5.3940886e-01
   5.5418719e-01
   5.7142857e-01
   5.8965516e-01
   6.0689655e-01
   6.2118226e-01
   6.3054188e-01
   6.3300493e-01
   6.2807882e-01
   6.1674877e-01
   6.0098523e-01
   5.8325122e-01
   5.6699506e-01
   5.5566502e-01
   5.4975370e-01
   5.5172414e-01
   5.6059113e-01
   5.7586207e-01
   5.9605910e-01
   6.1921182e-01
   6.4236453e-01
   6.6256157e-01
   6.7586206e-01
   6.7980294e-01
   6.7241379e-01
   6.5418719e-01
   6.2660099e-01
   5.9458128e-01
   5.6206896e-01
   5.3300492e-01
   5.1133004e-01
   4.9852217e-01
   4.9458128e-01
   4.9852217e-01
   5.0985221e-01
   5.2660098e-01
   5.4729064e-01
   5.6995073e-01
   5.9408867e-01
   6.1576354e-01
   6.3251232e-01
   6.4285714e-01
   6.4482758e-01
   6.3793103e-01
   6.2413792e-01
   6.0591133e-01
   5.8571428e-01
   5.6798029e-01
   5.5467980e-01
   5.4729064e-01
   5.4581281e-01
   5.5024630e-01
   5.5911329e-01
   5.7142857e-01
   5.8472906e-01
   5.9704433e-01
   6.0640394e-01
   6.1083743e-01
   6.1034482e-01
   6.0492611e-01
   5.9556649e-01
   5.8522167e-01
   5.7536945e-01
   5.6748768e-01
   5.6256157e-01
   5.5911330e-01
   5.5714285e-01
   5.5418719e-01
   5.5073892e-01
   5.4581281e-01
   5.4039408e-01
   5.3497536e-01
   5.3054187e-01
   5.2610837e-01
   5.2216749e-01
   5.1625616e-01
   5.0935960e-01
   5.0098522e-01
   4.9310345e-01
   4.8719213e-01
   4.8374384e-01
   4.8522167e-01
   4.8965518e-01
   4.9655172e-01
   5.0246305e-01
   5.0640394e-01
   5.0640394e-01
   5.0295566e-01
   4.9704434e-01
   4.9014779e-01
   4.8374383e-01
   4.7881773e-01
   4.7684728e-01
   4.7832512e-01
   4.8325122e-01
   4.9211822e-01
   5.0443350e-01
   5.1970444e-01
   5.3694581e-01
   5.5369458e-01
   5.6798029e-01
   5.7733990e-01
   5.8029557e-01
   5.7635468e-01
   5.6798028e-01
   5.5566502e-01
   5.4334976e-01
   5.3251232e-01
   5.2709359e-01
   5.2807882e-01
   5.3694581e-01
   5.5467980e-01
   5.8078817e-01
   6.1280788e-01
   6.4926107e-01
   6.8571428e-01
   7.1674876e-01
   7.3940886e-01
   7.4926108e-01
   7.4581280e-01
   7.2955665e-01
   7.0492610e-01
   6.7684729e-01
   6.4975369e-01
   6.2758621e-01
   6.1280787e-01
   6.0689655e-01
   6.0738916e-01
   6.1379310e-01
   6.2463053e-01
   6.3645320e-01
   6.4827586e-01
   6.5862069e-01
   6.6650246e-01
   6.7093595e-01
   6.7044335e-01
   6.6600985e-01
   6.5862069e-01
   6.5073891e-01
   6.4384236e-01
   6.4039408e-01
   6.4187191e-01
   6.4778325e-01
   6.5714286e-01
   6.6798029e-01
   6.7881773e-01
   6.8719212e-01
   6.9211822e-01
   6.9261084e-01
   6.8768473e-01
   6.7684728e-01
   6.6108374e-01
   6.4039409e-01
   6.1773399e-01
   5.9458127e-01
   5.7487685e-01
   5.6059112e-01
   5.5369458e-01
   5.5320196e-01
   5.5812808e-01
   5.6551724e-01
   5.7093596e-01
   5.7290640e-01
   5.6995073e-01
   5.6108374e-01
   5.4926108e-01
   5.3596059e-01
   5.2413793e-01
   5.1576355e-01
   5.1133005e-01
   5.1280787e-01
   5.1921182e-01
   5.3054187e-01
   5.4433498e-01
   5.6059113e-01
   5.7487685e-01
   5.8472906e-01
   5.8817733e-01
   5.8226601e-01
   5.6600985e-01
   5.4236454e-01
   5.1280788e-01
   4.8128078e-01
   4.5172414e-01
   4.2709359e-01
   4.0985222e-01
   4.0147782e-01
   4.0246305e-01
   4.1133005e-01
   4.2857142e-01
   4.5270936e-01
   4.8128078e-01
   5.1182266e-01
   5.4137930e-01
   5.6600985e-01
   5.8325123e-01
   5.9014778e-01
   5.8620690e-01
   5.7241380e-01
   5.4975369e-01
   5.2118226e-01
   4.8916257e-01
   4.5714285e-01
   4.2610837e-01
   3.9999999e-01
   3.8128078e-01
   3.7142857e-01
   3.7339901e-01
   3.8669951e-01
   4.0985221e-01
   4.3842364e-01
   4.6798029e-01
   4.9261084e-01
   5.0837438e-01
   5.1182265e-01
   5.0443349e-01
   4.8768474e-01
   4.6600985e-01
   4.4384236e-01
   4.2561575e-01
   4.1477832e-01
   4.1280788e-01
   4.1871921e-01
   4.3349754e-01
   4.5270935e-01
   4.7389162e-01
   4.9507389e-01
   5.1133004e-01
   5.2118227e-01
   5.2266010e-01
   5.1527094e-01
   5.0098522e-01
   4.8226600e-01
   4.6157636e-01
   4.4285714e-01
   4.2709359e-01
   4.1625615e-01
   4.0985222e-01
   4.0738917e-01
   4.0837439e-01
   4.1231527e-01
   4.1822660e-01
   4.2610837e-01
   4.3448276e-01
   4.4137931e-01
   4.4679803e-01
   4.4926108e-01
   4.4827586e-01
   4.4581281e-01
   4.4334975e-01
   4.4334975e-01
   4.4778324e-01
   4.5763546e-01
   4.7241379e-01
   4.8916256e-01
   5.0492610e-01
   5.1724138e-01
   5.2315271e-01
   5.2167487e-01
   5.1231526e-01
   4.9704433e-01
   4.7783250e-01
   4.5665024e-01
   4.3546798e-01
   4.1822660e-01
   4.0640394e-01
   4.0246305e-01
   4.0689655e-01
   4.1871921e-01
   4.3596059e-01
   4.5517241e-01
   4.7192118e-01
   4.8177339e-01
   4.8275861e-01
   4.7438423e-01
   4.5763546e-01
   4.3596059e-01
   4.1330050e-01
   3.9310345e-01
   3.7881774e-01
   3.7192118e-01
   3.7241379e-01
   3.7931035e-01
   3.9162561e-01
   4.0738916e-01
   4.2315271e-01
   4.3645320e-01
   4.4482759e-01
   4.4581280e-01
   4.3793104e-01
   4.2167488e-01
   4.0000000e-01
   3.7586208e-01
   3.5270937e-01
   3.3448276e-01
   3.2266011e-01
   3.1871921e-01
   3.2118225e-01
   3.2906404e-01
   3.3990147e-01
   3.5123153e-01
   3.6305419e-01
   3.7389162e-01
   3.8325124e-01
   3.9014778e-01
   3.9458128e-01
   3.9605911e-01
   3.9507389e-01
   3.9261084e-01
   3.9064039e-01
   3.9014779e-01
   3.9211823e-01
   3.9605911e-01
   4.0049261e-01
   4.0492611e-01
   4.0689655e-01
   4.0443350e-01
   3.9901477e-01
   3.8965517e-01
   3.7931035e-01
   3.6896551e-01
   3.5911330e-01
   3.5172414e-01
   3.4630541e-01
   3.4384236e-01
   3.4384236e-01
   3.4679802e-01
   3.5320197e-01
   3.6206896e-01
   3.7290640e-01
   3.8423645e-01
   3.9310344e-01
   3.9753694e-01
   3.9655172e-01
   3.8916255e-01
   3.7684729e-01
   3.6059113e-01
   3.4334975e-01
   3.2660098e-01
   3.1280787e-01
   3.0394089e-01
   3.0147783e-01
   3.0591133e-01
   3.1773399e-01
   3.3596059e-01
   3.5812808e-01
   3.8128079e-01
   4.0246305e-01
   4.1625615e-01
   4.2118227e-01
   4.1477833e-01
   4.0049260e-01
   3.7980296e-01
   3.5862069e-01
   3.4039409e-01
   3.2906404e-01
   3.2610837e-01
   3.3152709e-01
   3.4532019e-01
   3.6502463e-01
   3.8719212e-01
   4.1133005e-01
   4.3349754e-01
   4.5270935e-01
   4.6650246e-01
   4.7290640e-01
   4.7044334e-01
   4.5911329e-01
   4.4039409e-01
   4.1625616e-01
   3.8965517e-01
   3.6354679e-01
   3.4039408e-01
   3.2364532e-01
   3.1330049e-01
   3.0985221e-01
   3.1527093e-01
   3.2709360e-01
   3.4679802e-01
   3.7241379e-01
   4.0197044e-01
   4.3300493e-01
   4.6108374e-01
   4.8325123e-01
   4.9655172e-01
   5.0049261e-01
   4.9458128e-01
   4.8029556e-01
   4.6059113e-01
   4.3793104e-01
   4.1527094e-01
   3.9556650e-01
   3.8029556e-01
   3.7093596e-01
   3.6995073e-01
   3.7635468e-01
   3.9162562e-01
   4.1330049e-01
   4.4039408e-01
   4.6945813e-01
   4.9704433e-01
   5.2167488e-01
   5.4039408e-01
   5.5369458e-01
   5.6059113e-01
   5.6157635e-01
   5.5665024e-01
   5.4679803e-01
   5.3103448e-01
   5.1034482e-01
   4.8620688e-01
   4.6108375e-01
   4.3694581e-01
   4.1724138e-01
   4.0443350e-01
   3.9901477e-01
   4.0098522e-01
   4.0935961e-01
   4.2167488e-01
   4.3645321e-01
   4.5172413e-01
   4.6551724e-01
   4.7635468e-01
   4.8275861e-01
   4.8374384e-01
   4.7832511e-01
   4.6551724e-01
   4.4729063e-01
   4.2561575e-01
   4.0197044e-01
   3.7980296e-01
   3.6157636e-01
   3.4827587e-01
   3.3891625e-01
   3.3349754e-01
   3.3054188e-01
   3.2857143e-01
   3.2758621e-01
   3.2709360e-01
   3.2758621e-01
   3.2906404e-01
   3.3152709e-01
   3.3349754e-01
   3.3448276e-01
   3.3497537e-01
   3.3448276e-01
   3.3448276e-01
   3.3546798e-01
   3.3940887e-01
   3.4581280e-01
   3.5320197e-01
   3.6157636e-01
   3.6847290e-01
   3.7290640e-01
   3.7438423e-01
   3.7339901e-01
   3.6995073e-01
   3.6502463e-01
   3.6009852e-01
   3.5566503e-01
   3.5270936e-01
   3.5123153e-01
   3.5172414e-01
   3.5320197e-01
   3.5566503e-01
   3.5615764e-01
   3.5270936e-01
   3.4285713e-01
   3.2413793e-01
   2.9704434e-01
   2.6305418e-01
   2.2610837e-01
   1.9162561e-01
   1.6453202e-01
   1.4975369e-01
   1.4876846e-01
   1.6305418e-01
   1.8866996e-01
   2.2266010e-01
   2.6108374e-01
   2.9901478e-01
   3.3201970e-01
   3.5714286e-01
   3.7192118e-01
   3.7487684e-01
   3.6502463e-01
   3.4482758e-01
   3.1674877e-01
   2.8472906e-01
   2.5418719e-01
   2.2955665e-01
   2.1576355e-01
   2.1428572e-01
   2.2512315e-01
   2.4778325e-01
   2.7832513e-01
   3.1379310e-01
   3.5024631e-01
   3.8423646e-01
   4.1182266e-01
   4.3054186e-01
   4.3842365e-01
   4.3399015e-01
   4.1871921e-01
   3.9507389e-01
   3.6748768e-01
   3.4187192e-01
   3.2266010e-01
   3.1379310e-01
   3.1822660e-01
   3.3546798e-01
   3.6354680e-01
   3.9950738e-01
   4.3940887e-01
   4.7980295e-01
   5.1724139e-01
   5.5024630e-01
   5.7635468e-01
   5.9261083e-01
   5.9950739e-01
   5.9605911e-01
   5.8226601e-01
   5.6157635e-01
   5.3596059e-01
   5.0985221e-01
   4.8571428e-01
   4.6699507e-01
   4.5517240e-01
   4.5073891e-01
   4.5270935e-01
   4.6059113e-01
   4.7192118e-01
   4.8571428e-01
   4.9852216e-01
   5.0985221e-01
   5.1527094e-01
   5.1428570e-01
   5.0541872e-01
   4.8965518e-01
   4.6847291e-01
   4.4581281e-01
   4.2413792e-01
   4.0591133e-01
   3.9310345e-01
   3.8620690e-01
   3.8472907e-01
   3.8669951e-01
   3.9162561e-01
   3.9950738e-01
   4.1034483e-01
   4.2463053e-01
   4.4285714e-01
   4.6403941e-01
   4.8719212e-01
   5.1083743e-01
   5.3152709e-01
   5.4778325e-01
   5.5714285e-01
   5.5960590e-01
   5.5320197e-01
   5.3990147e-01
   5.1871921e-01
   4.9261084e-01
   4.6453202e-01
   4.3596059e-01
   4.1182266e-01
   3.9458127e-01
   3.8669951e-01
   3.8916256e-01
   3.9999999e-01
   4.1724138e-01
   4.3645321e-01
   4.5418719e-01
   4.6699508e-01
   4.7438423e-01
   4.7339901e-01
   4.6551724e-01
   4.5024630e-01
   4.2955664e-01
   4.0394087e-01
   3.7635469e-01
   3.4827585e-01
   3.2315271e-01
   3.0443350e-01
   2.9408867e-01
   2.9211823e-01
   2.9901478e-01
   3.1182265e-01
   3.2857143e-01
   3.4581281e-01
   3.6157635e-01
   3.7536945e-01
   3.8669951e-01
   3.9605911e-01
   4.0492611e-01
   4.1231527e-01
   4.1724138e-01
   4.1921182e-01
   4.1822660e-01
   4.1379310e-01
   4.0591134e-01
   3.9556649e-01
   3.8423646e-01
   3.7339901e-01
   3.6453201e-01
   3.5911330e-01
   3.5812808e-01
   3.6453202e-01
   3.7980296e-01
   4.0443350e-01
   4.3842364e-01
   4.8078817e-01
   5.2758620e-01
   5.7536946e-01
   6.1970442e-01
   6.5812808e-01
   6.8965517e-01
   7.1625616e-01
   7.3940886e-01
   7.6305418e-01
   7.8866995e-01
   8.1871920e-01
   8.5270936e-01
   8.8817733e-01
   9.2266009e-01
   9.5320196e-01
   9.7733990e-01
   9.9310344e-01
   1.0000000e+00
   9.9704433e-01
   9.8669951e-01
   9.6995073e-01
   9.4926108e-01
   9.2857142e-01
   9.0935961e-01
   8.9408866e-01
   8.8275862e-01
   8.7536945e-01
   8.6945812e-01
   8.6206896e-01
   8.4975369e-01
   8.3251231e-01
   8.0788177e-01
   7.7733990e-01
   7.4137931e-01
   7.0197044e-01
   6.5911330e-01
   6.1428571e-01
   5.6847290e-01
   5.2216749e-01
   4.7635468e-01
   4.3152710e-01
   3.8817734e-01
   3.4532020e-01
   3.0295567e-01
   2.5911330e-01
   2.1231527e-01
   1.6403941e-01
   1.1576354e-01
   7.0935966e-02
   3.4482763e-02
   9.3596139e-03
   0.0000000e+00
   5.4187222e-03
   2.3152708e-02
   4.9753698e-02
   7.8325129e-02
   1.0492611e-01
   1.2463055e-01
   1.3645320e-01
   1.3940886e-01
   1.3497537e-01
   1.2561577e-01
   1.1428571e-01
   1.0394089e-01
   9.6551725e-02
   9.4088674e-02
   9.8522165e-02
   1.0985221e-01
   1.2660099e-01
   1.4876847e-01
   1.7339901e-01
   2.0000000e-01
   2.2660099e-01
   2.5369458e-01
   2.8128078e-01
   3.0985221e-01
   3.4088669e-01
   3.7389162e-01
   4.0738916e-01
   4.3940887e-01
   4.6896551e-01
   4.9458128e-01
   5.1625614e-01
   5.3546797e-01
   5.5320197e-01
   5.7093596e-01
   5.9014778e-01
   6.1083743e-01
   6.3201971e-01
   6.5418719e-01
   6.7635468e-01
   6.9802955e-01
   7.1921182e-01
   7.3891626e-01
   7.5665024e-01
   7.7093596e-01
   7.7980295e-01
   7.8177339e-01
   7.7783251e-01
   7.6798030e-01
   7.5369458e-01
   7.3842365e-01
   7.2561576e-01
   7.1674877e-01
   7.1379310e-01
   7.1724138e-01
   7.2610837e-01
   7.3891625e-01
   7.5467979e-01
   7.6995074e-01
   7.8325123e-01
   7.9014777e-01
   7.8916256e-01
   7.7783251e-01
   7.5467979e-01
   7.2266010e-01
   6.8226601e-01
   6.3842364e-01
   5.9556649e-01
   5.5812808e-01
   5.2857143e-01
   5.0689654e-01
   4.9359606e-01
   4.8669951e-01
   4.8472906e-01
   4.8571428e-01
   4.8965518e-01
   4.9556651e-01
   5.0344827e-01
   5.1280787e-01
   5.2216748e-01
   5.3201970e-01
   5.3940886e-01
   5.4532020e-01
   5.4926108e-01
   5.5123152e-01
   5.5123152e-01
   5.4876848e-01
   5.4433498e-01
   5.3645320e-01
   5.2561577e-01
   5.1231526e-01
   4.9802955e-01
   4.8325122e-01
   4.7044335e-01
   4.6059114e-01
   4.5418718e-01
   4.5024630e-01
   4.4876847e-01
   4.4975369e-01
   4.5369458e-01
   4.6059114e-01
   4.7192118e-01
   4.8866995e-01
   5.1034482e-01
   5.3497536e-01
   5.6108374e-01
   5.8472906e-01
   6.0443350e-01
   6.1724137e-01
   6.2315270e-01
   6.2364531e-01
   6.1822660e-01
   6.0985221e-01
   5.9950739e-01
   5.8817734e-01
   5.7783251e-01
   5.6995073e-01
   5.6551724e-01
   5.6600984e-01
   5.7093596e-01
   5.8029556e-01
   5.9113300e-01
   6.0049261e-01
   6.0541872e-01
   6.0394089e-01
   5.9458127e-01
   5.7733990e-01
   5.5467980e-01
   5.2758620e-01
   5.0000000e-01
   4.7339901e-01
   4.5024630e-01
   4.3300493e-01
   4.2315271e-01
   4.2167487e-01
   4.2857143e-01
   4.4236453e-01
   4.6108375e-01
   4.8078817e-01
   4.9753694e-01
   5.0689655e-01
   5.0640393e-01
   4.9458128e-01
   4.7192118e-01
   4.4088670e-01
   4.0541872e-01
   3.6748768e-01
   3.3054187e-01
   2.9605911e-01
   2.6600985e-01
   2.4285715e-01
   2.2660098e-01
   2.1871921e-01
   2.1970444e-01
   2.2857143e-01
   2.4187192e-01
   2.5812807e-01
   2.7339901e-01
   2.8472906e-01
   2.9064039e-01
   2.9014778e-01
   2.8423645e-01
   2.7487685e-01
   2.6354679e-01
   2.5221675e-01
   2.4236453e-01
   2.3596058e-01
   2.3349753e-01
   2.3497537e-01
   2.3990148e-01
   2.4729064e-01
   2.5566502e-01
   2.6206896e-01
   2.6305420e-01
   2.5714286e-01
   2.4384237e-01
   2.2413793e-01
   2.0098522e-01
   1.7733990e-01
   1.5763547e-01
   1.4433498e-01
   1.3891625e-01
   1.3990148e-01
   1.4827586e-01
   1.6009852e-01
   1.7487685e-01
   1.9113301e-01
   2.0689655e-01
   2.2167488e-01
   2.3349753e-01
   2.4187193e-01
   2.4581281e-01
   2.4630542e-01
   2.4334976e-01
   2.3940887e-01
   2.3793104e-01
   2.3990148e-01
   2.4679803e-01
   2.5763547e-01
   2.7192118e-01
   2.8669950e-01
   2.9901478e-01
   3.0837439e-01
   3.1330049e-01
   3.1477832e-01
   3.1330049e-01
   3.1083743e-01
   3.0935960e-01
   3.0985222e-01
   3.1379310e-01
   3.2216749e-01
   3.3596058e-01
   3.5418719e-01
   3.7635469e-01
   4.0000000e-01
   4.2266009e-01
   4.4137931e-01
   4.5320196e-01
   4.5665024e-01
   4.5221675e-01
   4.4088670e-01
   4.2561576e-01
   4.0788178e-01
   3.9113301e-01
   3.7733991e-01
   3.6847290e-01
   3.6600985e-01
   3.6995073e-01
   3.8128079e-01
   3.9999999e-01
   4.2463054e-01
   4.5172413e-01
   4.7733990e-01
   4.9802956e-01
   5.0935960e-01
   5.0935960e-01
   4.9852216e-01
   4.7980295e-01
   4.5714285e-01
   4.3645321e-01
   4.2216749e-01
   4.1773399e-01
   4.2364531e-01
   4.4088670e-01
   4.6600985e-01
   4.9655172e-01
   5.2906404e-01
   5.6059113e-01
   5.8719211e-01
   6.0689655e-01
   6.1773399e-01
   6.1871920e-01
   6.1083744e-01
   5.9556649e-01
   5.7586207e-01
   5.5369458e-01
   5.3251231e-01
   5.1379309e-01
   4.9704433e-01
   4.8275861e-01
   4.6995074e-01
   4.5812807e-01
   4.4876847e-01
   4.4137931e-01
   4.3842364e-01
   4.4039409e-01
   4.4729064e-01
   4.6009852e-01
   4.7586207e-01
   4.9408867e-01
   5.1379311e-01
   5.3300492e-01
   5.4975369e-01
   5.6305418e-01
   5.6995073e-01
   5.6945812e-01
   5.5911330e-01
   5.3940886e-01
   5.1083743e-01
   4.7783251e-01
   4.4285714e-01
   4.1133005e-01
   3.8620690e-01
   3.7093595e-01
   3.6600985e-01
   3.7142856e-01
   3.8620690e-01
   4.0738917e-01
   4.3349753e-01
   4.6305418e-01
   4.9359606e-01
   5.2315271e-01
   5.5073891e-01
   5.7192119e-01
   5.8620689e-01
   5.9261083e-01
   5.9162561e-01
   5.8472907e-01
   5.7438424e-01
   5.6403940e-01
   5.5615763e-01
   5.5221675e-01
   5.5369457e-01
   5.6059113e-01
   5.7339902e-01
   5.9113299e-01
   6.1231527e-01
   6.3399014e-01
   6.5467981e-01
   6.7142857e-01
   6.8029556e-01
   6.8029556e-01
   6.7044334e-01
   6.5270935e-01
   6.2857143e-01
   6.0295566e-01
   5.7832513e-01
   5.5862069e-01
   5.4433497e-01
   5.3645320e-01
   5.3497537e-01
   5.3842364e-01
   5.4581281e-01
   5.5615763e-01
   5.6798028e-01
   5.8078817e-01
   5.9261083e-01
   6.0147783e-01
   6.0541872e-01
   6.0394089e-01
   5.9655171e-01
   5.8472906e-01
   5.6945812e-01
   5.5369458e-01
   5.3793103e-01
   5.2315270e-01
   5.1083743e-01
   5.0049261e-01
   4.9261084e-01
   4.8719212e-01
   4.8522166e-01
   4.8571428e-01
   4.8866995e-01
   4.9261084e-01
   4.9605912e-01
   4.9802955e-01
   4.9704433e-01
   4.9408867e-01
   4.9014778e-01
   4.8620689e-01
   4.8423645e-01
   4.8423645e-01
   4.8669951e-01
   4.8965517e-01
   4.9261084e-01
   4.9458128e-01
   4.9507389e-01
   4.9556650e-01
   4.9655173e-01
   4.9901478e-01
   5.0344827e-01
   5.0886699e-01
   5.1576355e-01
   5.2315271e-01
   5.3004926e-01
   5.3694581e-01
   5.4384237e-01
   5.5024631e-01
   5.5566502e-01
   5.5812808e-01
   5.5665025e-01
   5.4876847e-01
   5.3546798e-01
   5.1674877e-01
   4.9507390e-01
   4.7290641e-01
   4.5369457e-01
   4.4039409e-01
   4.3349754e-01
   4.3448276e-01
   4.4236453e-01
   4.5615763e-01
   4.7487684e-01
   4.9704433e-01
   5.2118227e-01
   5.4532019e-01
   5.6600985e-01
   5.8128079e-01
   5.8965517e-01
   5.8916256e-01
   5.8029557e-01
   5.6453201e-01
   5.4482758e-01
   5.2364532e-01
   5.0295567e-01
   4.8669951e-01
   4.7536945e-01
   4.6995074e-01
   4.7093596e-01
   4.7881773e-01
   4.9211823e-01
   5.0935960e-01
   5.2807882e-01
   5.4384236e-01
   5.5418719e-01
   5.5665025e-01
   5.4926108e-01
   5.3399014e-01
   5.1231526e-01
   4.8916256e-01
   4.6699507e-01
   4.5073891e-01
   4.4088670e-01
   4.3793103e-01
   4.4088670e-01
   4.4926108e-01
   4.6009853e-01
   4.7290640e-01
   4.8571428e-01
   4.9802956e-01
   5.0837438e-01
   5.1625614e-01
   5.2216748e-01
   5.2463054e-01
   5.2561576e-01
   5.2610838e-01
   5.2660098e-01
   5.2807882e-01
   5.3103448e-01
   5.3497536e-01
   5.3793103e-01
   5.3940886e-01
   5.3842364e-01
   5.3497537e-01
   5.2955665e-01
   5.2364532e-01
   5.1724138e-01
   5.1133004e-01
   5.0591132e-01
   5.0197044e-01
   4.9950739e-01
   4.9950739e-01
   5.0197044e-01
   5.0738916e-01
   5.1576353e-01
   5.2413793e-01
   5.3004925e-01
   5.3201970e-01
   5.2758620e-01
   5.1674877e-01
   5.0147783e-01
   4.8374384e-01
   4.6798030e-01
   4.5812807e-01
   4.5467980e-01
   4.5862068e-01
   4.6896551e-01
   4.8423644e-01
   5.0049261e-01
   5.1822660e-01
   5.3448276e-01
   5.5073891e-01
   5.6600985e-01
   5.8029557e-01
   5.9162561e-01
   6.0098522e-01
   6.0591133e-01
   6.0689655e-01
   6.0344827e-01
   5.9556649e-01
   5.8374384e-01
   5.6896551e-01
   5.5172414e-01
   5.3349754e-01
   5.1674877e-01
   5.0295566e-01
   4.9556651e-01
   4.9556650e-01
   5.0443349e-01
   5.2068966e-01
   5.4334976e-01
   5.6748767e-01
   5.8965516e-01
   6.0640394e-01
   6.1527093e-01
   6.1527093e-01
   6.0640394e-01
   5.9014778e-01
   5.6945812e-01
   5.4581281e-01
   5.2216749e-01
   5.0098522e-01
   4.8620689e-01
   4.7832512e-01
   4.8029556e-01
   4.9113300e-01
   5.1133004e-01
   5.3645320e-01
   5.6256157e-01
   5.8620690e-01
   6.0295566e-01
   6.1182266e-01
   6.1182265e-01
   6.0492610e-01
   5.9359605e-01
   5.8029557e-01
   5.6896551e-01
   5.6009852e-01
   5.5615763e-01
   5.5714285e-01
   5.6453201e-01
   5.7684729e-01
   5.9310344e-01
   6.1133004e-01
   6.2857143e-01
   6.4236453e-01
   6.5024630e-01
   6.5073891e-01
   6.4334974e-01
   6.3103448e-01
   6.1477832e-01
   5.9605910e-01
   5.7733990e-01
   5.5911330e-01
   5.4187191e-01
   5.2463054e-01
   5.0837438e-01
   4.9359606e-01
   4.8226600e-01
   4.7536945e-01
   4.7536946e-01
   4.8177340e-01
   4.9458128e-01
   5.1231527e-01
   5.3300493e-01
   5.5566502e-01
   5.7733990e-01
   5.9802956e-01
   6.1576354e-01
   6.2955665e-01
   6.3694581e-01
   6.3842364e-01
   6.3201970e-01
   6.1921182e-01
   6.0098523e-01
   5.8078817e-01
   5.6108374e-01
   5.4482758e-01
   5.3399014e-01
   5.2906403e-01
   5.3054187e-01
   5.3743841e-01
   5.4926108e-01
   5.6453201e-01
   5.8226601e-01
   6.0147784e-01
   6.2068965e-01
   6.3743842e-01
   6.4975369e-01
   6.5517242e-01
   6.5369457e-01
   6.4482758e-01
   6.3004926e-01
   6.1182266e-01
   5.9261083e-01
   5.7339901e-01
   5.5665024e-01
   5.4285713e-01
   5.3399015e-01
   5.2955665e-01
   5.3004926e-01
   5.3694581e-01
   5.4876847e-01
   5.6305418e-01
   5.7931034e-01
   5.9261083e-01
   6.0049261e-01
   6.0147783e-01
   5.9458128e-01
   5.8029557e-01
   5.6059113e-01
   5.3645320e-01
   5.0985221e-01
   4.8226601e-01
   4.5566502e-01
   4.3054188e-01
   4.0985222e-01
   3.9704433e-01
   3.9359606e-01
   4.0197044e-01
   4.2167487e-01
   4.5172413e-01
   4.8768473e-01
   5.2512315e-01
   5.5960591e-01
   5.8669950e-01
   6.0541872e-01
   6.1527093e-01
   6.1773399e-01
   6.1576354e-01
   6.1182266e-01
   6.0886699e-01
   6.0738916e-01
   6.0837439e-01
   6.1231527e-01
   6.1822660e-01
   6.2463053e-01
   6.2906404e-01
   6.3103449e-01
   6.2857143e-01
   6.2167487e-01
   6.1034483e-01
   5.9753695e-01
   5.8522167e-01
   5.7586207e-01
   5.7142857e-01
   5.7241380e-01
   5.7684729e-01
   5.8325123e-01
   5.8866995e-01
   5.9162561e-01
   5.9211822e-01
   5.8916255e-01
   5.8522168e-01
   5.8128079e-01
   5.7733990e-01
   5.7586207e-01
   5.7438424e-01
   5.7389163e-01
   5.7487684e-01
   5.7586207e-01
   5.7832512e-01
   5.8177340e-01
   5.8669951e-01
   5.9162561e-01
   5.9655171e-01
   5.9901478e-01
   5.9852217e-01
   5.9458127e-01
   5.8817733e-01
   5.7931035e-01
   5.6995073e-01
   5.5862069e-01
   5.4778325e-01
   5.3596059e-01
   5.2561577e-01
   5.1773399e-01
   5.1330049e-01
   5.1477833e-01
   5.2216748e-01
   5.3596058e-01
   5.5369458e-01
   5.7290641e-01
   5.8965517e-01
   6.0098522e-01
   6.0394089e-01
   5.9852217e-01
   5.8522167e-01
   5.6502463e-01
   5.4187191e-01
   5.1822660e-01
   4.9655172e-01
   4.8078817e-01
   4.7192118e-01
   4.7241379e-01
   4.8177340e-01
   4.9852217e-01
   5.2118226e-01
   5.4334974e-01
   5.6206896e-01
   5.7241379e-01
   5.7241379e-01
   5.6108374e-01
   5.4088669e-01
   5.1527092e-01
   4.8817734e-01
   4.6502463e-01
   4.4630541e-01
   4.3546798e-01
   4.3201971e-01
   4.3546798e-01
   4.4384237e-01
   4.5566501e-01
   4.6995073e-01
   4.8522167e-01
   4.9950738e-01
   5.1133004e-01
   5.2019704e-01
   5.2512315e-01
   5.2709359e-01
   5.2561576e-01
   5.2118227e-01
   5.1576355e-01
   5.0935960e-01
   5.0246305e-01
   4.9458128e-01
   4.8620689e-01
   4.7733990e-01
   4.7044335e-01
   4.6502463e-01
   4.6206897e-01
   4.6206896e-01
   4.6354679e-01
   4.6650247e-01
   4.6798030e-01
   4.6748769e-01
   4.6650246e-01
   4.6453202e-01
   4.6354680e-01
   4.6354680e-01
   4.6502463e-01
   4.6699507e-01
   4.6600985e-01
   4.6157636e-01
   4.5073891e-01
   4.3448276e-01
   4.1428571e-01
   3.9310344e-01
   3.7487684e-01
   3.6256157e-01
   3.5862069e-01
   3.6453202e-01
   3.8078818e-01
   4.0541872e-01
   4.3596059e-01
   4.6896552e-01
   5.0049261e-01
   5.2660099e-01
   5.4187191e-01
   5.4433498e-01
   5.3103448e-01
   5.0443350e-01
   4.6748768e-01
   4.2463054e-01
   3.8226601e-01
   3.4532019e-01
   3.1970444e-01
   3.0541871e-01
   3.0394088e-01
   3.1330049e-01
   3.3103449e-01
   3.5467981e-01
   3.8177340e-01
   4.0886700e-01
   4.3349754e-01
   4.5418718e-01
   4.6699508e-01
   4.7241379e-01
   4.6945813e-01
