   1.0000000e+00
   8.3775738e-01
   6.3631854e-01
   4.2818159e-01
   2.4410816e-01
   1.0692136e-01
   2.6296205e-02
   0.0000000e+00
   1.5876953e-02
   5.5321262e-02
   1.0171173e-01
   1.4190027e-01
   1.6968494e-01
   1.8531382e-01
   1.9374845e-01
   2.0044654e-01
   2.1111387e-01
   2.2823121e-01
   2.5179856e-01
   2.7933515e-01
   3.0836021e-01
   3.3589680e-01
   3.5921608e-01
   3.7757380e-01
   3.9022576e-01
   3.9816423e-01
   4.0163731e-01
   4.0188539e-01
   3.9990077e-01
   3.9791615e-01
   3.9717192e-01
   3.9841230e-01
   4.0337385e-01
   4.1131233e-01
   4.2222773e-01
   4.3537584e-01
   4.4951625e-01
   4.6415282e-01
   4.7804515e-01
   4.9069710e-01
   5.0111635e-01
   5.0880675e-01
   5.1327214e-01
   5.1401637e-01
   5.1153560e-01
   5.0781444e-01
   5.0458943e-01
   5.0409328e-01
   5.0781444e-01
   5.1674522e-01
   5.3014140e-01
   5.4651452e-01
   5.6338378e-01
   5.7926073e-01
   5.9166460e-01
   5.9960308e-01
   6.0307616e-01
   6.0158770e-01
   5.9588191e-01
   5.8620690e-01
   5.7429918e-01
   5.6164723e-01
   5.4973952e-01
   5.4155296e-01
   5.3832796e-01
   5.4155296e-01
   5.5122798e-01
   5.6561648e-01
   5.8273382e-01
   5.9985116e-01
   6.1448772e-01
   6.2515505e-01
   6.3110891e-01
   6.3185314e-01
   6.2838006e-01
   6.2168197e-01
   6.1250310e-01
   6.0158770e-01
   5.8992806e-01
   5.7851650e-01
   5.6859341e-01
   5.6040685e-01
   5.5445299e-01
   5.4998760e-01
   5.4651452e-01
   5.4279336e-01
   5.3882412e-01
   5.3510296e-01
   5.3262218e-01
   5.3336641e-01
   5.3882411e-01
   5.4973952e-01
   5.6586455e-01
   5.8546267e-01
   6.0605309e-01
   6.2416274e-01
   6.3855122e-01
   6.4698586e-01
   6.4897048e-01
   6.4549740e-01
   6.3681469e-01
   6.2416274e-01
   6.0853386e-01
   5.9191268e-01
   5.7479534e-01
   5.5966262e-01
   5.4750682e-01
   5.4031258e-01
   5.3807989e-01
   5.4105681e-01
   5.4750682e-01
   5.5544530e-01
   5.6288762e-01
   5.6834533e-01
   5.7057802e-01
   5.6958571e-01
   5.6586455e-01
   5.5941454e-01
   5.5147606e-01
   5.4254528e-01
   5.3336641e-01
   5.2468370e-01
   5.1798561e-01
   5.1401637e-01
   5.1327214e-01
   5.1550484e-01
   5.2021831e-01
   5.2592409e-01
   5.3038948e-01
   5.3212603e-01
   5.3088564e-01
   5.2642024e-01
   5.1972215e-01
   5.1128752e-01
   5.0235674e-01
   4.9392211e-01
   4.8523939e-01
   4.7606053e-01
   4.6762590e-01
   4.5993550e-01
   4.5422972e-01
   4.5249318e-01
   4.5547011e-01
   4.6316051e-01
   4.7531630e-01
   4.9020094e-01
   5.0558174e-01
   5.1972215e-01
   5.3088564e-01
   5.3783180e-01
   5.4006450e-01
   5.3758373e-01
   5.3038948e-01
   5.1972215e-01
   5.0632598e-01
   4.9193749e-01
   4.7854130e-01
   4.6886629e-01
   4.6390474e-01
   4.6464897e-01
   4.6961052e-01
   4.7705284e-01
   4.8375093e-01
   4.8697594e-01
   4.8523939e-01
   4.7804515e-01
   4.6613743e-01
   4.5249318e-01
   4.3934508e-01
   4.2942198e-01
   4.2421235e-01
   4.2396428e-01
   4.2867775e-01
   4.3636815e-01
   4.4505086e-01
   4.5274126e-01
   4.5720665e-01
   4.5621434e-01
   4.4877202e-01
   4.3413545e-01
   4.1354503e-01
   3.8948152e-01
   3.6467378e-01
   3.4209874e-01
   3.2448524e-01
   3.1332176e-01
   3.0786405e-01
   3.0711983e-01
   3.0885637e-01
   3.1183329e-01
   3.1481022e-01
   3.1803523e-01
   3.2225254e-01
   3.2870256e-01
   3.3664103e-01
   3.4606797e-01
   3.5549492e-01
   3.6318531e-01
   3.6740263e-01
   3.6814686e-01
   3.6566608e-01
   3.6070454e-01
   3.5499876e-01
   3.4854875e-01
   3.4160258e-01
   3.3465641e-01
   3.2622178e-01
   3.1729100e-01
   3.0786405e-01
   2.9942942e-01
   2.9248325e-01
   2.8776978e-01
   2.8553709e-01
   2.8528901e-01
   2.8702555e-01
   2.9000248e-01
   2.9471595e-01
   3.0116596e-01
   3.1034483e-01
   3.2175639e-01
   3.3465642e-01
   3.4755643e-01
   3.5871992e-01
   3.6641032e-01
   3.6963532e-01
   3.6864301e-01
   3.6467378e-01
   3.5946415e-01
   3.5425453e-01
   3.5028529e-01
   3.4706028e-01
   3.4557182e-01
   3.4482759e-01
   3.4532374e-01
   3.4780452e-01
   3.5351029e-01
   3.6293724e-01
   3.7608534e-01
   3.9221037e-01
   4.0957579e-01
   4.2594889e-01
   4.3959315e-01
   4.4951625e-01
   4.5547011e-01
   4.5819896e-01
   4.5894319e-01
   4.5894319e-01
   4.5993550e-01
   4.6167204e-01
   4.6564128e-01
   4.7184322e-01
   4.8102208e-01
   4.9292979e-01
   5.0707021e-01
   5.2195485e-01
   5.3559911e-01
   5.4552221e-01
   5.5073183e-01
   5.5023568e-01
   5.4552220e-01
   5.3882412e-01
   5.3311833e-01
   5.3113372e-01
   5.3460680e-01
   5.4428182e-01
   5.5941454e-01
   5.7777227e-01
   5.9637807e-01
   6.1275118e-01
   6.2465890e-01
   6.3011660e-01
   6.2862813e-01
   6.1994542e-01
   6.0530886e-01
   5.8670305e-01
   5.6685686e-01
   5.4924337e-01
   5.3683950e-01
   5.3187794e-01
   5.3535103e-01
   5.4626643e-01
   5.6164724e-01
   5.7826842e-01
   5.9216076e-01
   6.0109154e-01
   6.0307616e-01
   5.9885885e-01
   5.8918383e-01
   5.7578765e-01
   5.6040685e-01
   5.4527413e-01
   5.3063756e-01
   5.1798561e-01
   5.0831059e-01
   5.0186058e-01
   4.9962788e-01
   5.0086828e-01
   5.0582982e-01
   5.1252791e-01
   5.2046638e-01
   5.2766063e-01
   5.3336641e-01
   5.3758373e-01
   5.4056066e-01
   5.4155296e-01
   5.4180105e-01
   5.4031258e-01
   5.3783180e-01
   5.3336641e-01
   5.2815678e-01
   5.2319524e-01
   5.1947408e-01
   5.1823369e-01
   5.2071447e-01
   5.2642024e-01
   5.3411064e-01
   5.4254528e-01
   5.4949145e-01
   5.5395683e-01
   5.5494915e-01
   5.5296453e-01
   5.4874722e-01
   5.4279336e-01
   5.3584719e-01
   5.2840487e-01
   5.2021831e-01
   5.1227984e-01
   5.0508559e-01
   4.9962788e-01
   4.9714711e-01
   4.9739519e-01
   5.0111635e-01
   5.0657405e-01
   5.1203176e-01
   5.1600099e-01
   5.1699330e-01
   5.1401637e-01
   5.0756636e-01
   4.9838750e-01
   4.8796825e-01
   4.7705284e-01
   4.6688167e-01
   4.5819896e-01
   4.5174894e-01
   4.4852394e-01
   4.4951625e-01
   4.5571819e-01
   4.6688167e-01
   4.8275862e-01
   5.0111635e-01
   5.2021831e-01
   5.3758373e-01
   5.5122799e-01
   5.6040685e-01
   5.6437609e-01
   5.6387993e-01
   5.5916646e-01
   5.5097990e-01
   5.3882411e-01
   5.2418754e-01
   5.0682213e-01
   4.8871248e-01
   4.7060283e-01
   4.5398164e-01
   4.4083354e-01
   4.3140660e-01
   4.2495659e-01
   4.2098735e-01
   4.1801042e-01
   4.1577772e-01
   4.1404118e-01
   4.1354503e-01
   4.1602580e-01
   4.2197966e-01
   4.3190275e-01
   4.4529893e-01
   4.6117589e-01
   4.7705284e-01
   4.9119325e-01
   5.0161251e-01
   5.0632597e-01
   5.0409328e-01
   4.9466634e-01
   4.7754899e-01
   4.5298933e-01
   4.2297197e-01
   3.9047383e-01
   3.5946415e-01
   3.3465641e-01
   3.2001985e-01
   3.1877946e-01
   3.3167948e-01
   3.5797569e-01
   3.9369883e-01
   4.3438353e-01
   4.7432399e-01
   5.0930290e-01
   5.3535103e-01
   5.4973952e-01
   5.5197222e-01
   5.4279336e-01
   5.2319524e-01
   4.9689903e-01
   4.6737782e-01
   4.3884892e-01
   4.1552965e-01
   3.9990077e-01
   3.9345076e-01
   3.9543537e-01
   4.0337385e-01
   4.1453733e-01
   4.2520467e-01
   4.3314314e-01
   4.3636815e-01
   4.3587199e-01
   4.3190275e-01
   4.2644505e-01
   4.2073927e-01
   4.1577772e-01
   4.1180849e-01
   4.0907963e-01
   4.0833540e-01
   4.0883156e-01
   4.1106425e-01
   4.1453734e-01
   4.1850658e-01
   4.2173158e-01
   4.2322005e-01
   4.2222774e-01
   4.1850657e-01
   4.1404118e-01
   4.1007194e-01
   4.0833540e-01
   4.1007195e-01
   4.1652196e-01
   4.2669313e-01
   4.3909700e-01
   4.5274126e-01
   4.6564128e-01
   4.7680476e-01
   4.8548748e-01
   4.9168941e-01
   4.9466633e-01
   4.9466634e-01
   4.9044902e-01
   4.8325478e-01
   4.7333168e-01
   4.6167204e-01
   4.5050856e-01
   4.4207393e-01
   4.3736046e-01
   4.3686431e-01
   4.4058547e-01
   4.4703548e-01
   4.5447780e-01
   4.6167204e-01
   4.6787398e-01
   4.7233937e-01
   4.7482014e-01
   4.7506822e-01
   4.7357976e-01
   4.6961052e-01
   4.6440090e-01
   4.5819896e-01
   4.5249318e-01
   4.4877201e-01
   4.4852394e-01
   4.5249318e-01
   4.6018357e-01
   4.7085090e-01
   4.8251055e-01
   4.9367402e-01
   5.0210866e-01
   5.0756636e-01
   5.0930290e-01
   5.0806252e-01
   5.0409328e-01
   4.9714711e-01
   4.8772017e-01
   4.7606053e-01
   4.6266435e-01
   4.4877201e-01
   4.3661622e-01
   4.2743736e-01
   4.2322005e-01
   4.2371620e-01
   4.2917390e-01
   4.3785661e-01
   4.4777971e-01
   4.5770280e-01
   4.6613743e-01
   4.7209129e-01
   4.7531630e-01
   4.7531630e-01
   4.7233937e-01
   4.6688167e-01
   4.5869511e-01
   4.4926817e-01
   4.3984124e-01
   4.3239891e-01
   4.2867775e-01
   4.2917390e-01
   4.3339122e-01
   4.4033738e-01
   4.4753163e-01
   4.5348549e-01
   4.5621434e-01
   4.5522203e-01
   4.5100471e-01
   4.4505086e-01
   4.3884893e-01
   4.3314314e-01
   4.2842967e-01
   4.2495659e-01
   4.2322005e-01
   4.2247581e-01
   4.2322005e-01
   4.2570082e-01
   4.3016621e-01
   4.3587200e-01
   4.4232201e-01
   4.4777971e-01
   4.5150087e-01
   4.5298933e-01
   4.5199703e-01
   4.4951625e-01
   4.4653932e-01
   4.4331431e-01
   4.4058547e-01
   4.3785661e-01
   4.3487968e-01
   4.3091045e-01
   4.2570082e-01
   4.1949889e-01
   4.1280080e-01
   4.0659886e-01
   4.0064500e-01
   3.9518730e-01
   3.9096999e-01
   3.8700074e-01
   3.8451997e-01
   3.8476804e-01
   3.8873729e-01
   3.9717192e-01
   4.1007194e-01
   4.2644505e-01
   4.4455470e-01
   4.6117589e-01
   4.7382784e-01
   4.7978169e-01
   4.7878939e-01
   4.7060283e-01
   4.5596626e-01
   4.3636815e-01
   4.1379310e-01
   3.8997767e-01
   3.6690648e-01
   3.4631605e-01
   3.3019102e-01
   3.2026793e-01
   3.1753907e-01
   3.2175639e-01
   3.3143140e-01
   3.4457951e-01
   3.5797569e-01
   3.6963533e-01
   3.7831804e-01
   3.8278343e-01
   3.8427189e-01
   3.8327959e-01
   3.8005458e-01
   3.7534111e-01
   3.6839494e-01
   3.5896800e-01
   3.4681221e-01
   3.3242372e-01
   3.1704292e-01
   3.0240635e-01
   2.8975441e-01
   2.8032746e-01
   2.7437361e-01
   2.7164475e-01
   2.7189283e-01
   2.7462168e-01
   2.8007939e-01
   2.8801786e-01
   2.9868519e-01
   3.1108906e-01
   3.2398909e-01
   3.3614488e-01
   3.4532375e-01
   3.5078144e-01
   3.5276607e-01
   3.5127760e-01
   3.4830067e-01
   3.4482759e-01
   3.4209873e-01
   3.4061027e-01
   3.3961796e-01
   3.3862565e-01
   3.3738527e-01
   3.3564872e-01
   3.3391218e-01
   3.3316795e-01
   3.3291987e-01
   3.3366411e-01
   3.3465641e-01
   3.3540065e-01
   3.3564872e-01
   3.3639296e-01
   3.3837758e-01
   3.4284297e-01
   3.5078145e-01
   3.6194492e-01
   3.7509303e-01
   3.8799306e-01
   3.9866038e-01
   4.0486232e-01
   4.0684694e-01
   4.0585463e-01
   4.0387001e-01
   4.0411809e-01
   4.0957579e-01
   4.2123542e-01
   4.3959315e-01
   4.6415281e-01
   4.9317787e-01
   5.2567602e-01
   5.5941454e-01
   5.9340114e-01
   6.2565121e-01
   6.5517242e-01
   6.7973208e-01
   6.9808980e-01
   7.0950137e-01
   7.1396676e-01
   7.1247829e-01
   7.0652444e-01
   6.9808981e-01
   6.8965517e-01
   6.8270901e-01
   6.7799553e-01
   6.7650707e-01
   6.7799553e-01
   6.8320516e-01
   6.9188787e-01
   7.0379559e-01
   7.1892831e-01
   7.3554949e-01
   7.5316299e-01
   7.7028033e-01
   7.8566113e-01
   7.9831308e-01
   8.0798810e-01
   8.1468618e-01
   8.1766311e-01
   8.1741503e-01
   8.1294964e-01
   8.0401886e-01
   7.9136691e-01
   7.7499380e-01
   7.5738030e-01
   7.4125528e-01
   7.2860333e-01
   7.2264947e-01
   7.2438601e-01
   7.3381295e-01
   7.5043413e-01
   7.7152072e-01
   7.9508807e-01
   8.1865543e-01
   8.3899777e-01
   8.5437857e-01
   8.6306128e-01
   8.6430167e-01
   8.5809973e-01
   8.4544778e-01
   8.2808236e-01
   8.0873233e-01
   7.8987844e-01
   7.7375341e-01
   7.6234185e-01
   7.5564376e-01
   7.5316299e-01
   7.5440338e-01
   7.5812454e-01
   7.6383032e-01
   7.7052841e-01
   7.7772265e-01
   7.8516497e-01
   7.9136691e-01
   7.9508807e-01
   7.9533615e-01
   7.9012653e-01
   7.8045151e-01
   7.6556686e-01
   7.4795336e-01
   7.2835525e-01
   7.0925329e-01
   6.9089556e-01
   6.7452245e-01
   6.6013397e-01
   6.4797817e-01
   6.3805508e-01
   6.3110891e-01
   6.2713967e-01
   6.2639544e-01
   6.2838006e-01
   6.3259737e-01
   6.3731085e-01
   6.4103200e-01
   6.4276855e-01
   6.4202431e-01
   6.3805507e-01
   6.3086083e-01
   6.2068966e-01
   6.0754155e-01
   5.9166460e-01
   5.7355495e-01
   5.5445299e-01
   5.3609526e-01
   5.2071447e-01
   5.1128752e-01
   5.0905482e-01
   5.1476061e-01
   5.2815678e-01
   5.4701067e-01
   5.6859341e-01
   5.9042421e-01
   6.0952617e-01
   6.2465889e-01
   6.3408584e-01
   6.3755892e-01
   6.3408584e-01
   6.2391466e-01
   6.0754156e-01
   5.8620690e-01
   5.6189531e-01
   5.3708757e-01
   5.1500868e-01
   4.9813942e-01
   4.8772017e-01
   4.8449516e-01
   4.8747209e-01
   4.9491442e-01
   5.0434135e-01
   5.1376830e-01
   5.2145870e-01
   5.2592409e-01
   5.2691640e-01
   5.2319524e-01
   5.1500868e-01
   5.0285289e-01
   4.8747209e-01
   4.7010667e-01
   4.5274126e-01
   4.3736045e-01
   4.2545274e-01
   4.1776234e-01
   4.1404118e-01
   4.1280079e-01
   4.1329695e-01
   4.1453734e-01
   4.1552965e-01
   4.1726619e-01
   4.1974696e-01
   4.2322005e-01
   4.2818160e-01
   4.3363929e-01
   4.3884892e-01
   4.4306624e-01
   4.4579508e-01
   4.4728355e-01
   4.4753163e-01
   4.4777971e-01
   4.4926817e-01
   4.5125279e-01
   4.5447780e-01
   4.5720665e-01
   4.5968743e-01
   4.6142397e-01
   4.6241627e-01
   4.6291243e-01
   4.6291243e-01
   4.6266435e-01
   4.6142397e-01
   4.5869511e-01
   4.5373357e-01
   4.4703547e-01
   4.3959315e-01
   4.3190275e-01
   4.2619698e-01
   4.2247581e-01
   4.2073927e-01
   4.2049119e-01
   4.1999504e-01
   4.1825850e-01
   4.1379310e-01
   4.0659886e-01
   3.9742000e-01
   3.8700075e-01
   3.7682957e-01
   3.6715455e-01
   3.5896799e-01
   3.5226991e-01
   3.4706028e-01
   3.4457951e-01
   3.4383528e-01
   3.4606797e-01
   3.5003721e-01
   3.5549492e-01
   3.6095262e-01
   3.6516994e-01
   3.6740264e-01
   3.6765071e-01
   3.6641032e-01
   3.6467378e-01
   3.6293724e-01
   3.6120070e-01
   3.5946415e-01
   3.5698338e-01
   3.5251799e-01
   3.4706028e-01
   3.4135450e-01
   3.3688912e-01
   3.3614488e-01
   3.4085835e-01
   3.5202183e-01
   3.6938725e-01
   3.9121806e-01
   4.1503349e-01
   4.3785661e-01
   4.5671049e-01
   4.6936244e-01
   4.7382784e-01
   4.6911436e-01
   4.5472588e-01
   4.3165468e-01
   4.0138923e-01
   3.6765071e-01
   3.3366410e-01
   3.0439097e-01
   2.8305632e-01
   2.7189283e-01
   2.7189283e-01
   2.8131977e-01
   2.9744480e-01
   3.1654676e-01
   3.3465641e-01
   3.4929298e-01
   3.5847185e-01
   3.6219300e-01
   3.5996031e-01
   3.5326222e-01
   3.4309105e-01
   3.3068717e-01
   3.1828330e-01
   3.0836021e-01
   3.0290251e-01
   3.0315058e-01
   3.1009675e-01
   3.2299678e-01
   3.3961796e-01
   3.5673531e-01
   3.7211610e-01
   3.8303151e-01
   3.8848921e-01
   3.8873729e-01
   3.8526420e-01
   3.7931034e-01
   3.7360457e-01
   3.6938725e-01
   3.6789879e-01
   3.6988341e-01
   3.7558918e-01
   3.8501613e-01
   3.9791615e-01
   4.1255272e-01
   4.2694121e-01
   4.3884892e-01
   4.4554701e-01
   4.4554701e-01
   4.3810469e-01
   4.2421235e-01
   4.0635078e-01
   3.8724883e-01
   3.7013148e-01
   3.5747954e-01
   3.4978914e-01
   3.4780452e-01
   3.5028529e-01
   3.5599107e-01
   3.6343340e-01
   3.7037956e-01
   3.7583726e-01
   3.7782188e-01
   3.7509303e-01
   3.6715455e-01
   3.5425453e-01
   3.3738526e-01
   3.1952369e-01
   3.0389482e-01
   2.9397172e-01
   2.9198710e-01
   2.9918134e-01
   3.1456214e-01
   3.3664103e-01
   3.6194492e-01
   3.8700074e-01
   4.0932772e-01
   4.2669313e-01
   4.3760854e-01
   4.4132969e-01
   4.3810469e-01
   4.2867775e-01
   4.1428926e-01
   3.9717192e-01
   3.8030266e-01
   3.6665840e-01
   3.5822377e-01
   3.5623915e-01
   3.6095262e-01
   3.7013148e-01
   3.8179112e-01
   3.9221037e-01
   3.9965269e-01
   4.0262962e-01
   4.0064500e-01
   3.9469115e-01
   3.8501613e-01
   3.7310841e-01
   3.5921608e-01
   3.4482759e-01
   3.3118333e-01
   3.1952369e-01
   3.1158521e-01
   3.0836021e-01
   3.1133714e-01
   3.1952369e-01
   3.3192756e-01
   3.4681221e-01
   3.6144878e-01
   3.7434880e-01
   3.8377574e-01
   3.9022575e-01
   3.9270653e-01
   3.9270653e-01
   3.9022575e-01
   3.8576036e-01
   3.8030265e-01
   3.7385264e-01
   3.6814686e-01
   3.6368147e-01
   3.6219301e-01
   3.6368147e-01
   3.6814686e-01
   3.7410072e-01
   3.8005458e-01
   3.8476805e-01
   3.8774497e-01
   3.8923344e-01
   3.9022576e-01
   3.9245845e-01
   3.9791615e-01
   4.0659886e-01
   4.1875465e-01
   4.3314314e-01
   4.4852394e-01
   4.6340859e-01
   4.7581246e-01
   4.8499132e-01
   4.8995286e-01
   4.8995286e-01
   4.8399901e-01
   4.7209129e-01
   4.5422972e-01
   4.3140660e-01
   4.0560655e-01
   3.7955843e-01
   3.5574299e-01
   3.3664103e-01
   3.2398909e-01
   3.1778715e-01
   3.1753907e-01
   3.2150831e-01
   3.2870256e-01
   3.3688911e-01
   3.4482759e-01
   3.5152568e-01
   3.5524684e-01
   3.5499876e-01
   3.5053337e-01
   3.4185066e-01
   3.3068718e-01
   3.2001984e-01
   3.1208137e-01
   3.1009675e-01
   3.1580253e-01
   3.2969486e-01
   3.5028529e-01
   3.7484496e-01
   3.9965269e-01
   4.2197966e-01
   4.3909700e-01
   4.4951625e-01
   4.5323741e-01
   4.4976433e-01
   4.4058546e-01
   4.2644505e-01
   4.0858348e-01
   3.8898537e-01
   3.6988341e-01
   3.5351030e-01
   3.4135450e-01
   3.3416026e-01
   3.3192756e-01
   3.3316795e-01
   3.3540064e-01
   3.3664103e-01
   3.3490449e-01
   3.2994294e-01
   3.2200447e-01
   3.1232945e-01
   3.0290251e-01
   2.9471595e-01
   2.8925825e-01
   2.8752171e-01
   2.8950632e-01
   2.9521211e-01
   3.0513520e-01
   3.1828330e-01
   3.3391218e-01
   3.5028529e-01
   3.6467378e-01
   3.7583726e-01
   3.8154304e-01
   3.8129497e-01
   3.7608534e-01
   3.6789879e-01
   3.5822377e-01
   3.4929298e-01
   3.4309105e-01
   3.3986604e-01
   3.4036219e-01
   3.4358720e-01
   3.4978913e-01
   3.5772761e-01
   3.6740263e-01
   3.7782188e-01
   3.8774497e-01
   3.9543538e-01
   3.9940461e-01
   3.9841230e-01
   3.9221037e-01
   3.8154304e-01
   3.6814686e-01
   3.5351030e-01
   3.3936988e-01
   3.2721409e-01
   3.1654676e-01
   3.0736790e-01
   2.9918134e-01
   2.9223518e-01
   2.8677747e-01
   2.8355247e-01
   2.8305632e-01
   2.8578516e-01
   2.9124287e-01
   2.9818904e-01
   3.0612751e-01
   3.1356983e-01
   3.2076407e-01
   3.2820640e-01
   3.3589680e-01
   3.4482759e-01
   3.5524684e-01
   3.6641032e-01
   3.7707765e-01
   3.8625651e-01
   3.9320268e-01
   3.9742000e-01
   3.9890846e-01
   3.9791615e-01
   3.9493923e-01
   3.8972960e-01
   3.8303151e-01
   3.7509303e-01
   3.6665840e-01
   3.5896800e-01
   3.5351029e-01
   3.5177375e-01
   3.5375838e-01
   3.5896800e-01
   3.6641032e-01
   3.7410072e-01
   3.8030266e-01
   3.8377574e-01
   3.8451997e-01
   3.8303151e-01
   3.8030266e-01
   3.7682957e-01
   3.7335649e-01
   3.6938725e-01
   3.6541801e-01
   3.6045646e-01
   3.5524684e-01
   3.5102952e-01
   3.4929298e-01
   3.5053337e-01
   3.5599107e-01
   3.6492185e-01
   3.7608534e-01
   3.8824113e-01
   3.9990077e-01
   4.0982386e-01
   4.1776234e-01
   4.2272389e-01
   4.2495659e-01
   4.2421235e-01
   4.2098735e-01
   4.1552965e-01
   4.0883156e-01
   4.0188539e-01
   3.9717192e-01
   3.9543538e-01
   3.9816423e-01
   4.0461424e-01
   4.1354503e-01
   4.2272389e-01
   4.3041429e-01
   4.3463161e-01
   4.3438353e-01
   4.3066237e-01
   4.2421235e-01
   4.1726619e-01
   4.1106425e-01
   4.0635079e-01
   4.0411809e-01
   4.0461424e-01
   4.0808732e-01
   4.1453734e-01
   4.2346812e-01
   4.3388738e-01
   4.4455470e-01
   4.5298933e-01
   4.5795089e-01
   4.5720665e-01
   4.5100471e-01
   4.4033739e-01
   4.2718928e-01
   4.1453734e-01
   4.0511039e-01
   4.0064500e-01
   4.0188539e-01
   4.0907964e-01
   4.2049119e-01
   4.3463161e-01
   4.4976433e-01
   4.6415282e-01
   4.7630861e-01
   4.8375093e-01
   4.8523939e-01
   4.8002977e-01
   4.6762590e-01
   4.4902010e-01
   4.2644505e-01
   4.0337386e-01
   3.8253535e-01
   3.6789879e-01
   3.6095262e-01
   3.6268916e-01
   3.7186802e-01
   3.8749690e-01
   4.0759117e-01
   4.2967006e-01
   4.5274126e-01
   4.7357976e-01
   4.9144133e-01
   5.0359712e-01
   5.0880675e-01
   5.0632598e-01
   4.9665095e-01
   4.8102208e-01
   4.6291243e-01
   4.4505086e-01
   4.3091045e-01
   4.2272389e-01
   4.2123542e-01
   4.2594890e-01
   4.3537584e-01
   4.4728355e-01
   4.5993550e-01
   4.7134706e-01
   4.8002977e-01
   4.8474324e-01
   4.8449516e-01
   4.7903746e-01
   4.6886629e-01
   4.5522203e-01
   4.4058546e-01
   4.2743736e-01
   4.1801042e-01
   4.1354503e-01
   4.1453734e-01
   4.1900273e-01
   4.2495659e-01
   4.2991813e-01
   4.3239891e-01
   4.3066237e-01
   4.2619698e-01
   4.1999504e-01
   4.1379310e-01
   4.0932771e-01
   4.0734309e-01
   4.0883156e-01
   4.1304888e-01
   4.1999504e-01
   4.2892582e-01
   4.3959316e-01
   4.5100472e-01
   4.6291243e-01
   4.7308361e-01
   4.8127016e-01
   4.8623171e-01
   4.8747209e-01
   4.8499132e-01
   4.7928554e-01
   4.7085090e-01
   4.5968742e-01
   4.4629124e-01
   4.2967006e-01
   4.1056810e-01
   3.8923344e-01
   3.6740263e-01
   3.4631605e-01
   3.2795833e-01
   3.1356983e-01
   3.0315058e-01
   2.9645249e-01
   2.9173903e-01
   2.8826594e-01
   2.8528901e-01
   2.8280823e-01
   2.8057554e-01
   2.7983131e-01
   2.7983131e-01
   2.7983131e-01
   2.7834285e-01
   2.7437361e-01
   2.6717936e-01
   2.5725626e-01
   2.4683701e-01
   2.3889854e-01
   2.3592161e-01
   2.4063508e-01
   2.5303895e-01
   2.7214091e-01
   2.9521211e-01
   3.1952369e-01
   3.4110642e-01
   3.5772761e-01
   3.6715455e-01
   3.6839494e-01
   3.6144878e-01
   3.4656413e-01
   3.2547755e-01
   3.0042173e-01
   2.7387745e-01
   2.4981394e-01
   2.3120814e-01
   2.2029273e-01
   2.1855619e-01
   2.2525428e-01
   2.3815430e-01
   2.5502357e-01
   2.7214091e-01
   2.8776978e-01
   3.0042173e-01
   3.0885636e-01
   3.1282560e-01
   3.1282560e-01
   3.0811213e-01
   2.9942942e-01
   2.8702555e-01
   2.7214091e-01
   2.5676010e-01
   2.4286777e-01
   2.3220044e-01
   2.2575044e-01
   2.2351774e-01
   2.2426197e-01
   2.2649467e-01
   2.2872736e-01
   2.2971967e-01
   2.2947159e-01
   2.2872737e-01
   2.2798313e-01
   2.2773505e-01
   2.2798313e-01
   2.2847928e-01
   2.2897544e-01
   2.2897544e-01
   2.2947160e-01
   2.3096006e-01
   2.3443314e-01
   2.4063508e-01
   2.4857356e-01
   2.5725626e-01
   2.6544282e-01
   2.7065245e-01
   2.7313322e-01
   2.7214091e-01
   2.6916398e-01
   2.6519474e-01
   2.6246589e-01
   2.6147358e-01
   2.6246589e-01
   2.6618705e-01
   2.7238898e-01
   2.8107169e-01
   2.9297941e-01
   3.0786405e-01
   3.2597371e-01
   3.4631605e-01
   3.6715455e-01
   3.8774498e-01
   4.0535847e-01
   4.1925080e-01
   4.2942198e-01
   4.3612007e-01
   4.3959316e-01
   4.4083354e-01
   4.3959315e-01
   4.3686430e-01
   4.3239891e-01
   4.2694120e-01
   4.2148351e-01
   4.1726619e-01
   4.1627388e-01
   4.1925080e-01
   4.2743736e-01
   4.3984123e-01
   4.5547011e-01
   4.7308360e-01
   4.9094518e-01
   5.0781444e-01
   5.2195485e-01
   5.3287026e-01
   5.4006450e-01
   5.4254528e-01
   5.3981642e-01
   5.3162987e-01
   5.1897793e-01
   5.0334905e-01
   4.8697594e-01
   4.7184322e-01
   4.5993550e-01
   4.5249318e-01
   4.4877202e-01
   4.4902010e-01
   4.5100472e-01
   4.5497395e-01
   4.5968743e-01
   4.6539320e-01
   4.7209129e-01
   4.7953362e-01
   4.8722402e-01
   4.9441826e-01
   5.0012404e-01
   5.0384520e-01
   5.0508559e-01
   5.0533367e-01
   5.0483751e-01
   5.0483751e-01
   5.0607790e-01
   5.0855867e-01
   5.1128753e-01
   5.1376829e-01
   5.1550484e-01
   5.1624907e-01
   5.1649715e-01
   5.1649715e-01
   5.1600100e-01
   5.1575292e-01
   5.1451253e-01
   5.1302407e-01
   5.1079137e-01
   5.0880675e-01
   5.0806251e-01
   5.0955098e-01
   5.1401637e-01
   5.2170677e-01
   5.3138179e-01
   5.4155296e-01
   5.5048375e-01
   5.5668569e-01
   5.5966262e-01
   5.5916646e-01
   5.5569338e-01
   5.5097991e-01
   5.4527413e-01
   5.4006450e-01
   5.3510296e-01
   5.3212603e-01
   5.3113371e-01
   5.3311833e-01
   5.3807988e-01
   5.4577028e-01
   5.5470107e-01
   5.6263954e-01
   5.6760109e-01
   5.6760109e-01
   5.6115108e-01
   5.4899529e-01
   5.3287026e-01
   5.1500868e-01
   4.9863558e-01
   4.8548748e-01
   4.7779707e-01
   4.7556437e-01
   4.7953362e-01
   4.8821632e-01
   5.0136442e-01
   5.1773754e-01
   5.3535103e-01
   5.5246837e-01
   5.6710494e-01
   5.7702804e-01
   5.8050112e-01
   5.7752419e-01
   5.6884148e-01
   5.5594146e-01
   5.4180104e-01
   5.2815678e-01
   5.1649715e-01
   5.0781444e-01
   5.0186058e-01
   4.9838750e-01
   4.9615480e-01
   4.9516249e-01
   4.9491442e-01
   4.9541057e-01
   4.9615480e-01
   4.9665095e-01
   4.9590672e-01
   4.9417018e-01
   4.9069710e-01
   4.8598363e-01
   4.8102208e-01
   4.7705284e-01
   4.7457206e-01
   4.7432399e-01
   4.7531630e-01
   4.7754899e-01
   4.7953361e-01
   4.8176631e-01
   4.8399901e-01
   4.8697594e-01
   4.9119325e-01
   4.9689903e-01
   5.0285289e-01
   5.0905483e-01
   5.1376830e-01
   5.1674523e-01
   5.1773754e-01
   5.1773754e-01
   5.1748946e-01
   5.1798561e-01
   5.2021831e-01
   5.2393947e-01
   5.2865294e-01
   5.3311833e-01
   5.3758373e-01
   5.4130489e-01
   5.4502605e-01
   5.4899529e-01
   5.5370876e-01
   5.5842223e-01
   5.6313570e-01
   5.6660878e-01
   5.6784917e-01
   5.6685686e-01
   5.6363185e-01
   5.5916646e-01
   5.5346068e-01
   5.4800298e-01
   5.4229720e-01
   5.3659142e-01
   5.3113371e-01
   5.2592409e-01
   5.2170677e-01
   5.1872984e-01
   5.1773754e-01
   5.1823369e-01
   5.1997023e-01
   5.2145870e-01
   5.2195485e-01
   5.2046639e-01
   5.1773754e-01
   5.1500868e-01
   5.1376830e-01
   5.1550484e-01
   5.2071447e-01
   5.2914910e-01
   5.3907219e-01
   5.4949144e-01
   5.5792608e-01
   5.6338378e-01
   5.6487224e-01
   5.6313570e-01
   5.5867030e-01
   5.5222029e-01
   5.4502605e-01
   5.3758373e-01
   5.3063756e-01
   5.2517986e-01
   5.2170677e-01
   5.2021831e-01
   5.2096254e-01
   5.2220293e-01
   5.2294716e-01
   5.2096254e-01
   5.1525676e-01
   5.0582982e-01
   4.9466634e-01
   4.8375093e-01
   4.7581246e-01
   4.7357976e-01
   4.7829323e-01
   4.8995287e-01
   5.0682213e-01
   5.2542794e-01
   5.4328951e-01
   5.5767800e-01
   5.6660878e-01
   5.6908956e-01
   5.6536840e-01
   5.5643761e-01
   5.4403374e-01
   5.2989333e-01
   5.1724138e-01
   5.0806251e-01
   5.0483751e-01
   5.0831059e-01
   5.1748945e-01
   5.3088564e-01
   5.4477797e-01
   5.5544530e-01
   5.5966262e-01
   5.5569338e-01
   5.4403374e-01
   5.2617217e-01
   5.0558174e-01
   4.8598363e-01
   4.7085090e-01
   4.6192012e-01
   4.6043166e-01
   4.6663359e-01
   4.7928554e-01
   4.9689904e-01
   5.1674523e-01
   5.3634334e-01
   5.5197222e-01
   5.6065492e-01
   5.6015877e-01
   5.4949144e-01
   5.2939717e-01
   5.0260481e-01
   4.7283553e-01
   4.4529893e-01
   4.2322005e-01
   4.0982387e-01
   4.0585463e-01
   4.1131233e-01
   4.2421236e-01
   4.4281816e-01
   4.6489705e-01
   4.8846440e-01
   5.1128752e-01
   5.3212603e-01
   5.4924336e-01
   5.6214339e-01
   5.7008186e-01
   5.7355495e-01
   5.7380303e-01
   5.7157033e-01
   5.6834533e-01
   5.6536840e-01
   5.6288762e-01
   5.6065492e-01
   5.5842223e-01
   5.5693376e-01
   5.5618953e-01
   5.5767799e-01
   5.6164724e-01
   5.6884148e-01
   5.7752419e-01
   5.8670305e-01
   5.9364922e-01
   5.9588192e-01
   5.9191268e-01
   5.8149343e-01
   5.6636070e-01
   5.4899529e-01
   5.3287026e-01
   5.1972215e-01
   5.1227983e-01
   5.1029521e-01
   5.1426445e-01
   5.2269908e-01
   5.3361449e-01
   5.4527413e-01
   5.5494915e-01
   5.6090300e-01
   5.6139916e-01
   5.5494914e-01
   5.4229720e-01
   5.2468370e-01
   5.0582982e-01
   4.8871248e-01
   4.7680476e-01
   4.7333168e-01
   4.7854131e-01
   4.9144133e-01
   5.0955098e-01
   5.2939717e-01
   5.4800298e-01
   5.6288762e-01
   5.7305879e-01
   5.7901265e-01
   5.8025304e-01
   5.7876458e-01
   5.7454726e-01
   5.6884148e-01
   5.6189531e-01
   5.5470107e-01
   5.4775490e-01
   5.4229720e-01
   5.3882411e-01
   5.3708757e-01
   5.3733565e-01
   5.3882412e-01
   5.4204912e-01
   5.4601836e-01
   5.5147606e-01
   5.5817415e-01
   5.6536840e-01
   5.7206648e-01
   5.7578765e-01
   5.7380303e-01
   5.6462417e-01
   5.4725875e-01
   5.2269908e-01
   4.9367402e-01
   4.6415282e-01
   4.3909700e-01
   4.2148350e-01
   4.1478542e-01
   4.1949889e-01
   4.3438353e-01
   4.5745472e-01
   4.8623171e-01
   5.1699330e-01
   5.4626644e-01
   5.7082610e-01
   5.8843960e-01
   5.9687423e-01
   5.9538576e-01
   5.8471844e-01
   5.6685686e-01
   5.4527413e-01
   5.2344331e-01
   5.0508558e-01
   4.9193749e-01
   4.8523939e-01
   4.8424709e-01
   4.8747209e-01
   4.9342595e-01
   5.0062019e-01
   5.0831059e-01
   5.1550484e-01
   5.2294716e-01
   5.2989333e-01
   5.3634334e-01
   5.4254527e-01
   5.4775490e-01
   5.5197222e-01
   5.5470107e-01
   5.5618954e-01
   5.5544530e-01
   5.5172414e-01
   5.4353759e-01
   5.2989333e-01
   5.1079137e-01
   4.8672786e-01
   4.6018358e-01
   4.3438352e-01
   4.1255272e-01
   3.9816423e-01
   3.9245844e-01
   3.9593153e-01
   4.0734309e-01
   4.2421235e-01
   4.4381047e-01
   4.6340859e-01
   4.8027785e-01
   4.9243364e-01
   4.9764327e-01
   4.9541057e-01
   4.8474324e-01
   4.6688167e-01
   4.4356239e-01
   4.1726619e-01
   3.9196230e-01
   3.7037955e-01
   3.5475068e-01
   3.4581990e-01
   3.4284296e-01
   3.4408335e-01
   3.4805259e-01
   3.5251799e-01
   3.5723145e-01
   3.6169685e-01
   3.6541801e-01
   3.6938725e-01
   3.7236418e-01
   3.7410072e-01
   3.7385264e-01
   3.7137187e-01
   3.6591416e-01
   3.5822377e-01
   3.4954106e-01
   3.3936989e-01
   3.2845448e-01
   3.1654676e-01
   3.0339866e-01
   2.8876209e-01
   2.7412553e-01
   2.6023319e-01
   2.4956587e-01
   2.4386009e-01
   2.4460432e-01
   2.5105433e-01
   2.6321012e-01
   2.7859092e-01
   2.9521211e-01
   3.1158522e-01
   3.2696601e-01
   3.4011412e-01
   3.5053336e-01
   3.5747954e-01
   3.5996031e-01
   3.5698338e-01
   3.4830067e-01
   3.3465642e-01
   3.1853139e-01
   3.0315058e-01
   2.9149095e-01
   2.8652940e-01
   2.9049864e-01
   3.0265443e-01
   3.2225254e-01
   3.4656413e-01
   3.7310841e-01
   3.9965269e-01
   4.2421236e-01
   4.4604316e-01
   4.6340859e-01
   4.7680476e-01
   4.8474324e-01
   4.8796825e-01
   4.8697594e-01
   4.8300670e-01
   4.7779707e-01
   4.7308360e-01
   4.7035475e-01
   4.6961052e-01
   4.7109898e-01
   4.7308360e-01
   4.7482015e-01
   4.7531630e-01
   4.7457206e-01
   4.7308360e-01
   4.7109899e-01
   4.6936244e-01
   4.6787398e-01
   4.6688167e-01
   4.6588936e-01
   4.6415282e-01
   4.6241627e-01
   4.6117589e-01
   4.6117589e-01
   4.6390474e-01
   4.6886629e-01
   4.7655669e-01
   4.8548747e-01
   4.9516249e-01
   5.0434135e-01
   5.1277599e-01
   5.2021831e-01
   5.2666832e-01
   5.3212603e-01
   5.3609526e-01
   5.3832796e-01
   5.3807988e-01
   5.3609526e-01
   5.3287026e-01
   5.2964525e-01
   5.2790871e-01
   5.2890102e-01
   5.3336641e-01
   5.4080873e-01
   5.5097991e-01
   5.6288762e-01
   5.7454726e-01
   5.8521459e-01
   5.9464153e-01
   6.0158770e-01
   6.0555693e-01
   6.0605309e-01
   6.0282809e-01
   5.9538576e-01
   5.8521459e-01
   5.7330688e-01
   5.6239147e-01
   5.5395683e-01
   5.4949145e-01
   5.4874721e-01
   5.5097991e-01
   5.5445299e-01
   5.5668569e-01
   5.5544530e-01
   5.5073183e-01
   5.4180104e-01
   5.3038948e-01
   5.1748945e-01
   5.0483751e-01
   4.9342595e-01
   4.8474324e-01
   4.7978169e-01
   4.7928554e-01
   4.8399901e-01
   4.9441826e-01
   5.0930291e-01
   5.2790871e-01
   5.4750682e-01
   5.6561647e-01
   5.7950881e-01
   5.8794344e-01
   5.9042421e-01
   5.8794344e-01
   5.8223766e-01
   5.7479534e-01
   5.6784917e-01
   5.6214339e-01
   5.5891838e-01
   5.5817415e-01
   5.6065492e-01
   5.6586455e-01
   5.7405111e-01
   5.8372612e-01
   5.9414537e-01
   6.0307616e-01
   6.0878194e-01
   6.0878194e-01
   6.0258001e-01
   5.9042421e-01
   5.7380303e-01
   5.5519722e-01
   5.3659141e-01
   5.1997023e-01
   5.0682213e-01
   4.9689904e-01
   4.9069710e-01
   4.8821632e-01
   4.8821633e-01
   4.9144133e-01
   4.9714711e-01
   5.0434136e-01
   5.1227984e-01
   5.1922600e-01
   5.2418755e-01
   5.2666833e-01
   5.2666832e-01
   5.2468370e-01
   5.2121062e-01
   5.1748946e-01
   5.1352022e-01
   5.0979906e-01
   5.0657405e-01
   5.0359712e-01
   5.0111635e-01
   5.0062019e-01
   5.0210866e-01
   5.0607790e-01
   5.1153560e-01
   5.1699330e-01
   5.2121062e-01
   5.2220293e-01
   5.1947408e-01
   5.1352022e-01
   5.0607790e-01
   4.9962788e-01
   4.9565865e-01
   4.9590672e-01
   4.9962788e-01
   5.0657405e-01
   5.1451253e-01
   5.2195485e-01
   5.2716447e-01
   5.3038949e-01
   5.3113372e-01
   5.3014140e-01
   5.2790871e-01
   5.2468370e-01
   5.2096254e-01
   5.1748946e-01
   5.1476061e-01
   5.1327214e-01
   5.1376830e-01
   5.1600100e-01
   5.1897793e-01
   5.2145869e-01
   5.2145870e-01
   5.1823369e-01
   5.1128752e-01
   5.0111635e-01
   4.8995286e-01
   4.7978169e-01
   4.7258745e-01
   4.6985860e-01
   4.7159514e-01
   4.7730092e-01
   4.8573555e-01
   4.9590672e-01
   5.0657405e-01
   5.1649715e-01
   5.2517986e-01
   5.3212602e-01
   5.3609526e-01
   5.3634334e-01
   5.3361449e-01
   5.2790871e-01
   5.2046638e-01
   5.1302407e-01
   5.0731828e-01
   5.0359712e-01
   5.0260481e-01
   5.0334905e-01
   5.0434135e-01
   5.0458943e-01
   5.0260481e-01
   4.9789135e-01
   4.8995287e-01
   4.7928554e-01
   4.6564128e-01
   4.4926817e-01
   4.3016621e-01
   4.0858348e-01
   3.8650459e-01
   3.6467378e-01
   3.4532375e-01
   3.2994294e-01
   3.1952369e-01
   3.1431407e-01
   3.1307368e-01
   3.1481022e-01
   3.1778715e-01
   3.2150831e-01
   3.2622179e-01
   3.3118333e-01
   3.3738526e-01
   3.4383528e-01
   3.4954106e-01
   3.5326222e-01
   3.5375837e-01
   3.5003721e-01
   3.4185066e-01
   3.2969486e-01
   3.1481022e-01
   2.9794096e-01
   2.8032746e-01
   2.6221782e-01
   2.4410816e-01
   2.2699082e-01
   2.1210618e-01
   2.0168692e-01
   1.9746961e-01
   2.0094269e-01
   2.1161002e-01
   2.2897544e-01
   2.4956586e-01
   2.7015629e-01
   2.8727362e-01
   2.9893327e-01
   3.0389481e-01
   3.0240635e-01
   2.9595634e-01
   2.8603325e-01
   2.7387745e-01
   2.6072935e-01
   2.4758124e-01
   2.3468122e-01
   2.2401389e-01
   2.1582734e-01
   2.1136194e-01
   2.1061771e-01
   2.1285041e-01
   2.1731581e-01
   2.2252542e-01
   2.2823121e-01
   2.3468122e-01
   2.4261970e-01
   2.5378318e-01
   2.6916398e-01
   2.8925825e-01
   3.1381791e-01
   3.4110642e-01
   3.6864302e-01
   3.9469114e-01
   4.1751426e-01
   4.3686431e-01
   4.5398164e-01
   4.6886629e-01
   4.8300670e-01
   4.9689903e-01
   5.1054329e-01
   5.2319524e-01
   5.3535103e-01
   5.4626644e-01
   5.5693377e-01
   5.6784917e-01
   5.7975689e-01
   5.9340114e-01
   6.0828579e-01
   6.2441082e-01
   6.4128008e-01
   6.5839742e-01
   6.7452246e-01
   6.8915902e-01
   7.0181097e-01
   7.1123791e-01
   7.1644753e-01
   7.1694369e-01
   7.1223022e-01
   7.0354751e-01
   6.9213595e-01
   6.7948400e-01
   6.6832052e-01
   6.5988589e-01
   6.5517241e-01
   6.5393203e-01
   6.5566857e-01
   6.5914166e-01
   6.6311090e-01
   6.6583974e-01
   6.6708013e-01
   6.6583975e-01
   6.6087819e-01
   6.5269164e-01
   6.4103201e-01
   6.2713967e-01
   6.1299926e-01
   6.0084347e-01
   5.9389730e-01
   5.9389730e-01
   6.0208385e-01
   6.1870504e-01
   6.4177624e-01
   6.6856860e-01
   6.9560903e-01
   7.1942446e-01
   7.3753412e-01
   7.4671297e-01
   7.4596875e-01
   7.3480526e-01
   7.1396676e-01
   6.8618209e-01
   6.5343587e-01
   6.2093773e-01
   5.9265691e-01
   5.7231456e-01
   5.6288762e-01
   5.6512032e-01
   5.7802034e-01
   5.9811462e-01
   6.2168197e-01
   6.4500124e-01
   6.6459936e-01
   6.7824362e-01
   6.8494170e-01
   6.8494170e-01
   6.7824361e-01
   6.6633590e-01
   6.4996279e-01
   6.3061275e-01
   6.0952617e-01
   5.8843959e-01
   5.6958571e-01
   5.5296453e-01
   5.3981643e-01
   5.3038948e-01
   5.2344331e-01
   5.1823370e-01
   5.1451253e-01
   5.1178368e-01
   5.1103944e-01
   5.1178368e-01
   5.1500869e-01
   5.2021831e-01
   5.2642024e-01
   5.3287026e-01
   5.3832796e-01
   5.4204912e-01
   5.4403374e-01
   5.4527413e-01
   5.4651452e-01
   5.4800298e-01
   5.5023567e-01
   5.5246837e-01
   5.5420491e-01
   5.5470107e-01
   5.5321261e-01
   5.5073183e-01
   5.4626643e-01
   5.4105681e-01
   5.3535103e-01
   5.2865294e-01
   5.2096254e-01
   5.1252791e-01
   5.0409328e-01
   4.9590672e-01
   4.8920864e-01
   4.8474324e-01
   4.8251055e-01
   4.8201439e-01
   4.8201439e-01
   4.8077400e-01
   4.7680476e-01
   4.6961052e-01
   4.5968743e-01
   4.4802778e-01
   4.3636815e-01
   4.2619698e-01
   4.1850658e-01
   4.1379310e-01
   4.1156041e-01
   4.1205656e-01
   4.1428926e-01
   4.1801042e-01
   4.2247581e-01
   4.2694121e-01
   4.3016621e-01
   4.3091045e-01
   4.2793352e-01
   4.2197966e-01
   4.1304888e-01
   4.0312577e-01
   3.9444307e-01
   3.8873729e-01
   3.8799305e-01
   3.9221037e-01
   4.0064500e-01
   4.1230464e-01
   4.2570082e-01
   4.3934508e-01
   4.5224510e-01
   4.6340859e-01
   4.7233937e-01
   4.7854131e-01
   4.8102208e-01
   4.7953362e-01
   4.7382784e-01
   4.6489705e-01
   4.5348549e-01
   4.4132970e-01
   4.3041429e-01
   4.2173158e-01
   4.1528157e-01
   4.1131233e-01
   4.0932771e-01
   4.0883156e-01
   4.0957579e-01
   4.1205656e-01
   4.1602580e-01
   4.2148351e-01
   4.2743736e-01
   4.3264699e-01
   4.3537584e-01
   4.3363930e-01
   4.2694121e-01
   4.1528157e-01
   4.0039693e-01
   3.8427189e-01
   3.6889110e-01
   3.5648722e-01
   3.4805259e-01
   3.4457951e-01
   3.4557182e-01
   3.5102952e-01
   3.6045646e-01
   3.7286034e-01
   3.8724883e-01
   4.0138923e-01
   4.1428926e-01
   4.2421235e-01
   4.3016621e-01
   4.3215084e-01
   4.3091045e-01
   4.2867775e-01
   4.2669313e-01
   4.2570082e-01
   4.2694121e-01
   4.2942198e-01
   4.3190275e-01
   4.3363930e-01
   4.3289506e-01
   4.2991813e-01
   4.2446044e-01
   4.1652196e-01
   4.0610270e-01
   3.9320267e-01
   3.7732573e-01
   3.5871992e-01
   3.3887373e-01
   3.1902754e-01
   3.0116596e-01
   2.8826594e-01
   2.8181593e-01
   2.8280824e-01
   2.9173903e-01
   3.0711982e-01
   3.2771025e-01
   3.5177375e-01
   3.7757380e-01
   4.0362193e-01
   4.2793352e-01
   4.4827587e-01
   4.6241627e-01
   4.6911436e-01
   4.6712975e-01
   4.5646242e-01
   4.3909700e-01
   4.1900273e-01
   3.9890846e-01
   3.8377574e-01
   3.7583726e-01
   3.7633341e-01
   3.8451997e-01
   3.9915654e-01
   4.1776234e-01
   4.3686431e-01
   4.5373357e-01
   4.6588936e-01
   4.7209129e-01
   4.7109898e-01
   4.6266435e-01
   4.4777971e-01
   4.2867775e-01
   4.0759117e-01
   3.8824113e-01
   3.7286033e-01
   3.6368147e-01
   3.6120069e-01
   3.6442571e-01
   3.7112379e-01
   3.7955842e-01
   3.8749690e-01
   3.9345076e-01
   3.9692384e-01
   3.9766807e-01
   3.9617961e-01
   3.9221037e-01
   3.8600844e-01
   3.7806996e-01
   3.6913917e-01
   3.6095262e-01
   3.5475068e-01
   3.5226991e-01
   3.5475068e-01
   3.6120070e-01
   3.7062764e-01
   3.8129497e-01
   3.8997767e-01
   3.9568345e-01
   3.9742000e-01
   3.9593153e-01
   3.9245845e-01
   3.8848921e-01
   3.8551228e-01
   3.8476804e-01
   3.8650459e-01
   3.9121806e-01
   3.9791615e-01
   4.0610270e-01
   4.1503349e-01
   4.2322004e-01
   4.2892583e-01
   4.3165468e-01
   4.2892583e-01
   4.2173158e-01
   4.0982386e-01
   3.9543537e-01
   3.8104688e-01
   3.6913917e-01
   3.6169685e-01
   3.5971223e-01
   3.6244108e-01
   3.6814687e-01
   3.7534111e-01
   3.8228727e-01
   3.8799305e-01
   3.9096999e-01
   3.9121806e-01
   3.8848921e-01
   3.8253535e-01
   3.7360457e-01
   3.6194493e-01
   3.4929298e-01
   3.3763334e-01
   3.2969486e-01
   3.2721409e-01
   3.3143141e-01
   3.4209874e-01
   3.5847185e-01
   3.7782188e-01
   3.9717192e-01
   4.1428926e-01
   4.2793352e-01
   4.3760854e-01
   4.4306624e-01
   4.4480278e-01
   4.4306624e-01
   4.3860084e-01
   4.3140660e-01
   4.2272389e-01
   4.1329695e-01
   4.0486232e-01
   3.9841230e-01
   3.9518730e-01
   3.9518730e-01
   3.9791615e-01
   4.0213346e-01
   4.0610271e-01
   4.0907963e-01
   4.1056810e-01
   4.1032002e-01
   4.0957579e-01
   4.0783925e-01
   4.0585463e-01
   4.0362193e-01
   4.0114116e-01
   3.9816423e-01
   3.9568346e-01
   3.9394692e-01
   3.9444307e-01
   3.9642769e-01
   4.0039692e-01
   4.0511039e-01
   4.0982386e-01
   4.1255272e-01
   4.1304888e-01
   4.1131233e-01
   4.0783925e-01
   4.0287770e-01
   3.9816423e-01
   3.9295460e-01
   3.8824113e-01
   3.8327959e-01
   3.7856611e-01
   3.7459687e-01
   3.7211610e-01
   3.7286034e-01
   3.7682957e-01
   3.8451997e-01
   3.9469115e-01
   4.0659886e-01
   4.1751426e-01
   4.2669313e-01
   4.3289507e-01
   4.3612007e-01
   4.3661622e-01
   4.3512776e-01
   4.3165468e-01
   4.2743736e-01
   4.2197966e-01
   4.1652196e-01
   4.1106425e-01
   4.0709501e-01
   4.0535847e-01
   4.0560655e-01
   4.0759117e-01
   4.0982386e-01
   4.1131233e-01
   4.0957579e-01
   4.0486232e-01
   3.9692384e-01
   3.8700075e-01
   3.7682957e-01
   3.6814686e-01
   3.6244108e-01
   3.5971223e-01
   3.5996031e-01
   3.6244108e-01
   3.6715455e-01
   3.7261225e-01
   3.7955842e-01
   3.8675267e-01
   3.9369883e-01
   3.9965269e-01
   4.0362193e-01
   4.0486232e-01
   4.0362193e-01
   4.0064500e-01
   3.9816423e-01
   3.9692384e-01
   3.9965269e-01
   4.0560655e-01
   4.1528157e-01
   4.2669313e-01
   4.3810469e-01
   4.4827586e-01
   4.5571819e-01
   4.5968742e-01
   4.6018358e-01
   4.5795088e-01
   4.5298933e-01
   4.4678740e-01
   4.3984123e-01
   4.3413545e-01
   4.3066237e-01
   4.3165468e-01
   4.3785661e-01
   4.4926817e-01
   4.6415282e-01
   4.8077400e-01
   4.9541057e-01
   5.0508558e-01
   5.0756636e-01
   5.0136443e-01
   4.8623171e-01
   4.6390474e-01
   4.3686430e-01
   4.0709502e-01
   3.7732573e-01
   3.5078145e-01
   3.3043910e-01
   3.1803523e-01
   3.1605061e-01
   3.2498140e-01
   3.4333912e-01
   3.6864301e-01
   3.9667576e-01
   4.2272389e-01
   4.4232201e-01
   4.5224510e-01
   4.5150087e-01
   4.4058546e-01
   4.2222774e-01
   3.9990077e-01
   3.7682957e-01
   3.5574299e-01
   3.3912180e-01
   3.2845448e-01
   3.2522947e-01
   3.2895063e-01
   3.3986604e-01
   3.5673531e-01
   3.7707765e-01
   3.9915653e-01
   4.1999504e-01
   4.3711238e-01
   4.5001240e-01
   4.5795088e-01
   4.6167204e-01
   4.6241627e-01
   4.6117589e-01
   4.5869511e-01
   4.5472587e-01
   4.4926817e-01
   4.4182585e-01
   4.3289507e-01
   4.2297196e-01
   4.1354503e-01
   4.0486232e-01
   3.9791615e-01
   3.9295460e-01
   3.8948152e-01
   3.8749690e-01
   3.8625651e-01
   3.8650459e-01
   3.8799305e-01
   3.9171421e-01
   3.9717192e-01
   4.0411808e-01
   4.1081618e-01
   4.1552965e-01
   4.1701811e-01
   4.1453733e-01
   4.0833540e-01
   3.9990077e-01
   3.9072191e-01
   3.8203920e-01
   3.7558919e-01
   3.7186803e-01
   3.7037956e-01
   3.7137187e-01
   3.7484495e-01
   3.8030266e-01
   3.8749690e-01
   3.9543537e-01
   4.0387001e-01
   4.1056810e-01
   4.1528156e-01
   4.1751426e-01
   4.1726619e-01
   4.1552965e-01
   4.1379311e-01
   4.1354503e-01
   4.1528156e-01
   4.1900273e-01
   4.2371620e-01
   4.2793352e-01
   4.3066237e-01
   4.3091045e-01
   4.2917391e-01
   4.2594890e-01
   4.2222774e-01
   4.1875465e-01
   4.1528157e-01
   4.1156041e-01
   4.0659886e-01
   4.0039693e-01
   3.9245845e-01
   3.8303151e-01
   3.7186802e-01
   3.5971223e-01
   3.4656413e-01
   3.3341603e-01
   3.2076408e-01
   3.1059291e-01
   3.0488712e-01
   3.0612751e-01
   3.1629869e-01
   3.3589680e-01
   3.6343339e-01
   3.9642768e-01
   4.3066237e-01
   4.6167204e-01
   4.8573555e-01
   5.0037212e-01
   5.0434135e-01
   4.9838750e-01
   4.8523939e-01
   4.6638551e-01
   4.4529894e-01
   4.2470851e-01
   4.0734309e-01
   3.9518730e-01
   3.8997767e-01
