   0.0000000e+00
   9.7717770e-02
   2.4300868e-01
   4.0790743e-01
   5.6284153e-01
   6.8306011e-01
   7.5570557e-01
   7.7981357e-01
   7.6502733e-01
   7.2613308e-01
   6.8048859e-01
   6.4191579e-01
   6.1780778e-01
   6.1073610e-01
   6.1652202e-01
   6.2905818e-01
   6.4352299e-01
   6.5445195e-01
   6.6055931e-01
   6.6184506e-01
   6.5959499e-01
   6.5638058e-01
   6.5413051e-01
   6.5445195e-01
   6.5830923e-01
   6.6666666e-01
   6.7888139e-01
   6.9398907e-01
   7.1006107e-01
   7.2549020e-01
   7.3834780e-01
   7.4734812e-01
   7.5184828e-01
   7.5216972e-01
   7.4959821e-01
   7.4541948e-01
   7.4027644e-01
   7.3513340e-01
   7.2999036e-01
   7.2484732e-01
   7.1873996e-01
   7.1263260e-01
   7.0748956e-01
   7.0363228e-01
   7.0202507e-01
   7.0266795e-01
   7.0459659e-01
   7.0716812e-01
   7.0909675e-01
   7.1006107e-01
   7.0941819e-01
   7.0813244e-01
   7.0652523e-01
   7.0556092e-01
   7.0491804e-01
   7.0427515e-01
   7.0331083e-01
   7.0170364e-01
   6.9913211e-01
   6.9720347e-01
   6.9559628e-01
   6.9559628e-01
   6.9688203e-01
   6.9881067e-01
   7.0041787e-01
   7.0073932e-01
   6.9881067e-01
   6.9463195e-01
   6.8916747e-01
   6.8338155e-01
   6.7791707e-01
   6.7309547e-01
   6.6891675e-01
   6.6505947e-01
   6.6152362e-01
   6.5830923e-01
   6.5605915e-01
   6.5573770e-01
   6.5798778e-01
   6.6216650e-01
   6.6827387e-01
   6.7438123e-01
   6.7952427e-01
   6.8273867e-01
   6.8402443e-01
   6.8402443e-01
   6.8402443e-01
   6.8466731e-01
   6.8627451e-01
   6.8948891e-01
   6.9334619e-01
   6.9784635e-01
   7.0202507e-01
   7.0620379e-01
   7.1070396e-01
   7.1648987e-01
   7.2291868e-01
   7.2934748e-01
   7.3545484e-01
   7.3995500e-01
   7.4252652e-01
   7.4381228e-01
   7.4413372e-01
   7.4541948e-01
   7.4831244e-01
   7.5249116e-01
   7.5827708e-01
   7.6438444e-01
   7.7017036e-01
   7.7467052e-01
   7.7820636e-01
   7.8013501e-01
   7.8142077e-01
   7.8206365e-01
   7.8142077e-01
   7.7981357e-01
   7.7563485e-01
   7.7049181e-01
   7.6438445e-01
   7.5956285e-01
   7.5763420e-01
   7.5988428e-01
   7.6663453e-01
   7.7692061e-01
   7.8945677e-01
   8.0167149e-01
   8.1195758e-01
   8.1902925e-01
   8.2192221e-01
   8.2160077e-01
   8.1742205e-01
   8.1067181e-01
   8.0102861e-01
   7.8945677e-01
   7.7724205e-01
   7.6567021e-01
   7.5602700e-01
   7.5056252e-01
   7.4991964e-01
   7.5281260e-01
   7.5891996e-01
   7.6663453e-01
   7.7274188e-01
   7.7627772e-01
   7.7724205e-01
   7.7531340e-01
   7.7242044e-01
   7.6824172e-01
   7.6438444e-01
   7.6052717e-01
   7.5699132e-01
   7.5345548e-01
   7.5024108e-01
   7.4863388e-01
   7.4927676e-01
   7.5313404e-01
   7.5988429e-01
   7.6856316e-01
   7.7884925e-01
   7.8849245e-01
   7.9717133e-01
   8.0424301e-01
   8.0938605e-01
   8.1324333e-01
   8.1581485e-01
   8.1677917e-01
   8.1549341e-01
   8.1099325e-01
   8.0327870e-01
   7.9267117e-01
   7.8013501e-01
   7.6695596e-01
   7.5474125e-01
   7.4541948e-01
   7.3899068e-01
   7.3545484e-01
   7.3449052e-01
   7.3609772e-01
   7.3963356e-01
   7.4509804e-01
   7.5249116e-01
   7.6181292e-01
   7.7081325e-01
   7.7820637e-01
   7.8302797e-01
   7.8302797e-01
   7.7884925e-01
   7.7145613e-01
   7.6245580e-01
   7.5377693e-01
   7.4670524e-01
   7.4284796e-01
   7.4188364e-01
   7.4349085e-01
   7.4766956e-01
   7.5281260e-01
   7.5956285e-01
   7.6759884e-01
   7.7627773e-01
   7.8399229e-01
   7.9042109e-01
   7.9363549e-01
   7.9267117e-01
   7.8752813e-01
   7.7949212e-01
   7.6984893e-01
   7.6052717e-01
   7.5313405e-01
   7.4831245e-01
   7.4638380e-01
   7.4702668e-01
   7.4959821e-01
   7.5377692e-01
   7.5956284e-01
   7.6727740e-01
   7.7692061e-01
   7.8720669e-01
   7.9717133e-01
   8.0520733e-01
   8.1067181e-01
   8.1227901e-01
   8.1131469e-01
   8.0810029e-01
   8.0392157e-01
   8.0006429e-01
   7.9652845e-01
   7.9267117e-01
   7.8784957e-01
   7.8206365e-01
   7.7434909e-01
   7.6599165e-01
   7.5731276e-01
   7.4959820e-01
   7.4284796e-01
   7.3802636e-01
   7.3416908e-01
   7.3127612e-01
   7.2966892e-01
   7.2902604e-01
   7.2999036e-01
   7.3288332e-01
   7.3770492e-01
   7.4252652e-01
   7.4670524e-01
   7.4927676e-01
   7.4831245e-01
   7.4477660e-01
   7.3866924e-01
   7.3256188e-01
   7.2741884e-01
   7.2388300e-01
   7.2324012e-01
   7.2484731e-01
   7.2774028e-01
   7.3191900e-01
   7.3706204e-01
   7.4284796e-01
   7.5024108e-01
   7.5859852e-01
   7.6695596e-01
   7.7434909e-01
   7.7949213e-01
   7.8206365e-01
   7.8142077e-01
   7.7884925e-01
   7.7595628e-01
   7.7338476e-01
   7.7306332e-01
   7.7434908e-01
   7.7692061e-01
   7.8013501e-01
   7.8334941e-01
   7.8624237e-01
   7.8913532e-01
   7.9234973e-01
   7.9717133e-01
   8.0263582e-01
   8.0842174e-01
   8.1420766e-01
   8.1870781e-01
   8.2224365e-01
   8.2449374e-01
   8.2577949e-01
   8.2706525e-01
   8.2802957e-01
   8.2835101e-01
   8.2835101e-01
   8.2610093e-01
   8.2320798e-01
   8.1902926e-01
   8.1613629e-01
   8.1549341e-01
   8.1774350e-01
   8.2320797e-01
   8.3156541e-01
   8.4024429e-01
   8.4892318e-01
   8.5535198e-01
   8.5953070e-01
   8.6178078e-01
   8.6242366e-01
   8.6210222e-01
   8.6113791e-01
   8.5888782e-01
   8.5470910e-01
   8.4860174e-01
   8.4024430e-01
   8.3027966e-01
   8.1902925e-01
   8.0777886e-01
   7.9588556e-01
   7.8399229e-01
   7.7145613e-01
   7.5827709e-01
   7.4477660e-01
   7.3159755e-01
   7.2099004e-01
   7.1391835e-01
   7.1070396e-01
   7.1198972e-01
   7.1584699e-01
   7.2163292e-01
   7.2709740e-01
   7.3159756e-01
   7.3416908e-01
   7.3481196e-01
   7.3320477e-01
   7.2934748e-01
   7.2195436e-01
   7.1134684e-01
   6.9720347e-01
   6.8016715e-01
   6.6184507e-01
   6.4384443e-01
   6.2873674e-01
   6.1812922e-01
   6.1266474e-01
   6.1202186e-01
   6.1555770e-01
   6.2198650e-01
   6.3066538e-01
   6.4030858e-01
   6.5091610e-01
   6.6248794e-01
   6.7309547e-01
   6.8177435e-01
   6.8756027e-01
   6.8884603e-01
   6.8498875e-01
   6.7695275e-01
   6.6602379e-01
   6.5413051e-01
   6.4320155e-01
   6.3387978e-01
   6.2777242e-01
   6.2359370e-01
   6.2198650e-01
   6.2198650e-01
   6.2359370e-01
   6.2648666e-01
   6.3162970e-01
   6.3677275e-01
   6.4095146e-01
   6.4384442e-01
   6.4320155e-01
   6.3966570e-01
   6.3323690e-01
   6.2584378e-01
   6.1941498e-01
   6.1620058e-01
   6.1620058e-01
   6.2070074e-01
   6.2841530e-01
   6.3837995e-01
   6.4898747e-01
   6.5991643e-01
   6.6955963e-01
   6.7791706e-01
   6.8306011e-01
   6.8498876e-01
   6.8209579e-01
   6.7438123e-01
   6.6184507e-01
   6.4609450e-01
   6.2905818e-01
   6.1362906e-01
   6.0270010e-01
   5.9691418e-01
   5.9723562e-01
   6.0302153e-01
   6.1298618e-01
   6.2616523e-01
   6.4159435e-01
   6.5766635e-01
   6.7438123e-01
   6.8948891e-01
   7.0234652e-01
   7.1102540e-01
   7.1391835e-01
   7.1102539e-01
   7.0266795e-01
   6.9045323e-01
   6.7598843e-01
   6.6216650e-01
   6.5027322e-01
   6.4127290e-01
   6.3612987e-01
   6.3420122e-01
   6.3612986e-01
   6.4127290e-01
   6.4963034e-01
   6.6120219e-01
   6.7470268e-01
   6.8916747e-01
   7.0234652e-01
   7.1231116e-01
   7.1809708e-01
   7.1906140e-01
   7.1488268e-01
   7.0781100e-01
   6.9913211e-01
   6.9013180e-01
   6.8241723e-01
   6.7630987e-01
   6.7277402e-01
   6.7277402e-01
   6.7663131e-01
   6.8466731e-01
   6.9720347e-01
   7.1327548e-01
   7.3063324e-01
   7.4766956e-01
   7.6117005e-01
   7.6984892e-01
   7.7306332e-01
   7.7081325e-01
   7.6502732e-01
   7.5699132e-01
   7.4927676e-01
   7.4316941e-01
   7.3834780e-01
   7.3513340e-01
   7.3352620e-01
   7.3256188e-01
   7.3288332e-01
   7.3416908e-01
   7.3577628e-01
   7.3674060e-01
   7.3609771e-01
   7.3288332e-01
   7.2645451e-01
   7.1713276e-01
   7.0588235e-01
   6.9463195e-01
   6.8531019e-01
   6.7888139e-01
   6.7630987e-01
   6.7630987e-01
   6.7952427e-01
   6.8466732e-01
   6.9109612e-01
   6.9881067e-01
   7.0781100e-01
   7.1745420e-01
   7.2741884e-01
   7.3641916e-01
   7.4284796e-01
   7.4638380e-01
   7.4670524e-01
   7.4381228e-01
   7.3963356e-01
   7.3513340e-01
   7.3159756e-01
   7.2934748e-01
   7.2838316e-01
   7.2774028e-01
   7.2774028e-01
   7.2838316e-01
   7.2966892e-01
   7.3191900e-01
   7.3609772e-01
   7.4124076e-01
   7.4670524e-01
   7.5120540e-01
   7.5409837e-01
   7.5474125e-01
   7.5377692e-01
   7.5152684e-01
   7.4895532e-01
   7.4670524e-01
   7.4477660e-01
   7.4220508e-01
   7.3834781e-01
   7.3352621e-01
   7.2741884e-01
   7.2131148e-01
   7.1648988e-01
   7.1423979e-01
   7.1616844e-01
   7.2163292e-01
   7.3063323e-01
   7.4220508e-01
   7.5538413e-01
   7.6920605e-01
   7.8334941e-01
   7.9652845e-01
   8.0842174e-01
   8.1677917e-01
   8.2031501e-01
   8.1838638e-01
   8.1035037e-01
   7.9717134e-01
   7.8077789e-01
   7.6438445e-01
   7.4959820e-01
   7.3963356e-01
   7.3513340e-01
   7.3513340e-01
   7.4027644e-01
   7.4766956e-01
   7.5731276e-01
   7.6727740e-01
   7.7627773e-01
   7.8334941e-01
   7.8720669e-01
   7.8624237e-01
   7.8045645e-01
   7.6984893e-01
   7.5602700e-01
   7.4156219e-01
   7.2902604e-01
   7.2099004e-01
   7.1906140e-01
   7.2324012e-01
   7.3288332e-01
   7.4638380e-01
   7.6149148e-01
   7.7692061e-01
   7.9074253e-01
   8.0327869e-01
   8.1260045e-01
   8.1838638e-01
   8.2031501e-01
   8.1774349e-01
   8.1035037e-01
   7.9909997e-01
   7.8559949e-01
   7.7242044e-01
   7.6084860e-01
   7.5249116e-01
   7.4799100e-01
   7.4670524e-01
   7.4863388e-01
   7.5216972e-01
   7.5731276e-01
   7.6342012e-01
   7.7049181e-01
   7.7724205e-01
   7.8238509e-01
   7.8463517e-01
   7.8174221e-01
   7.7338476e-01
   7.5924140e-01
   7.4091932e-01
   7.2066860e-01
   7.0170364e-01
   6.8595308e-01
   6.7502411e-01
   6.6955963e-01
   6.6988107e-01
   6.7373835e-01
   6.8145291e-01
   6.9109612e-01
   7.0170364e-01
   7.1231115e-01
   7.2131148e-01
   7.2774028e-01
   7.2999036e-01
   7.2774028e-01
   7.2131147e-01
   7.1231116e-01
   7.0298939e-01
   6.9463195e-01
   6.8948891e-01
   6.8852459e-01
   6.9045324e-01
   6.9591771e-01
   7.0266795e-01
   7.1006107e-01
   7.1809708e-01
   7.2613307e-01
   7.3449052e-01
   7.4156219e-01
   7.4734812e-01
   7.5056252e-01
   7.5088396e-01
   7.4831244e-01
   7.4316940e-01
   7.3770492e-01
   7.3224044e-01
   7.2838316e-01
   7.2581164e-01
   7.2388300e-01
   7.2227580e-01
   7.2002572e-01
   7.1648988e-01
   7.1327548e-01
   7.1038252e-01
   7.0973963e-01
   7.1102540e-01
   7.1391836e-01
   7.1809708e-01
   7.2259724e-01
   7.2645452e-01
   7.2966892e-01
   7.3224044e-01
   7.3545484e-01
   7.3963356e-01
   7.4445517e-01
   7.5024108e-01
   7.5506269e-01
   7.5859852e-01
   7.6020573e-01
   7.5891996e-01
   7.5570557e-01
   7.4991965e-01
   7.4188364e-01
   7.3191900e-01
   7.1938283e-01
   7.0523947e-01
   6.9013179e-01
   6.7502411e-01
   6.6280939e-01
   6.5413051e-01
   6.4995178e-01
   6.4963034e-01
   6.5220187e-01
   6.5573770e-01
   6.5830923e-01
   6.5927355e-01
   6.5830923e-01
   6.5638058e-01
   6.5477339e-01
   6.5413051e-01
   6.5445195e-01
   6.5509482e-01
   6.5573770e-01
   6.5541626e-01
   6.5413051e-01
   6.5155899e-01
   6.4898747e-01
   6.4673738e-01
   6.4545162e-01
   6.4513018e-01
   6.4577306e-01
   6.4673738e-01
   6.4802314e-01
   6.4963034e-01
   6.5220187e-01
   6.5541626e-01
   6.5863067e-01
   6.6055931e-01
   6.5991643e-01
   6.5541627e-01
   6.4705882e-01
   6.3484410e-01
   6.2102218e-01
   6.0784313e-01
   5.9723561e-01
   5.9177113e-01
   5.9144969e-01
   5.9627130e-01
   6.0527162e-01
   6.1716490e-01
   6.3066538e-01
   6.4384442e-01
   6.5638059e-01
   6.6570235e-01
   6.7148827e-01
   6.7148827e-01
   6.6570235e-01
   6.5477339e-01
   6.4095146e-01
   6.2745098e-01
   6.1748634e-01
   6.1459338e-01
   6.2005786e-01
   6.3387978e-01
   6.5380907e-01
   6.7663131e-01
   6.9881067e-01
   7.1873996e-01
   7.3449052e-01
   7.4638380e-01
   7.5570557e-01
   7.6438444e-01
   7.7306332e-01
   7.8302797e-01
   7.9588557e-01
   8.1131469e-01
   8.2995821e-01
   8.5149470e-01
   8.7560271e-01
   9.0131790e-01
   9.2639023e-01
   9.4985536e-01
   9.7010608e-01
   9.8489233e-01
   9.9453552e-01
   9.9935713e-01
   1.0000000e+00
   9.9871424e-01
   9.9549984e-01
   9.9196400e-01
   9.8842816e-01
   9.8521376e-01
   9.8264224e-01
   9.8103504e-01
   9.8103504e-01
   9.8199936e-01
   9.8424945e-01
   9.8714240e-01
   9.8907104e-01
   9.9067824e-01
   9.9035681e-01
   9.8874960e-01
   9.8617808e-01
   9.8264224e-01
   9.7846352e-01
   9.7364192e-01
   9.6624880e-01
   9.5628416e-01
   9.4278368e-01
   9.2606880e-01
   9.0710383e-01
   8.8813887e-01
   8.7045967e-01
   8.5631630e-01
   8.4635166e-01
   8.4088718e-01
   8.4088718e-01
   8.4538734e-01
   8.5438766e-01
   8.6724526e-01
   8.8363870e-01
   9.0196079e-01
   9.1996143e-01
   9.3571200e-01
   9.4631952e-01
   9.5114112e-01
   9.4921247e-01
   9.4246223e-01
   9.3217615e-01
   9.2092575e-01
   9.1192543e-01
   9.0646095e-01
   9.0485375e-01
   9.0678238e-01
   9.1096111e-01
   9.1674703e-01
   9.2156863e-01
   9.2478303e-01
   9.2510447e-01
   9.2028287e-01
   9.1031823e-01
   8.9456767e-01
   8.7335262e-01
   8.4892318e-01
   8.2320798e-01
   7.9909997e-01
   7.7949212e-01
   7.6631309e-01
   7.5988428e-01
   7.6020573e-01
   7.6599165e-01
   7.7627773e-01
   7.8913532e-01
   8.0424301e-01
   8.2031501e-01
   8.3606558e-01
   8.5085183e-01
   8.6274510e-01
   8.7078110e-01
   8.7335262e-01
   8.7110254e-01
   8.6435230e-01
   8.5535199e-01
   8.4538734e-01
   8.3638702e-01
   8.3027966e-01
   8.2674382e-01
   8.2577949e-01
   8.2738669e-01
   8.3092254e-01
   8.3510126e-01
   8.4024430e-01
   8.4442302e-01
   8.4667310e-01
   8.4570878e-01
   8.4024430e-01
   8.2995822e-01
   8.1549341e-01
   7.9845709e-01
   7.8270653e-01
   7.7017036e-01
   7.6277724e-01
   7.6213436e-01
   7.6695596e-01
   7.7627773e-01
   7.8688525e-01
   7.9749277e-01
   8.0585021e-01
   8.1131469e-01
   8.1260045e-01
   8.1067181e-01
   8.0488589e-01
   7.9588557e-01
   7.8495661e-01
   7.7242044e-01
   7.6149148e-01
   7.5313404e-01
   7.4959820e-01
   7.5152684e-01
   7.5891997e-01
   7.7081324e-01
   7.8495661e-01
   7.9974285e-01
   8.1292190e-01
   8.2385086e-01
   8.3156542e-01
   8.3606558e-01
   8.3735133e-01
   8.3477981e-01
   8.2802957e-01
   8.1710061e-01
   8.0295725e-01
   7.8688525e-01
   7.6984892e-01
   7.5506268e-01
   7.4381228e-01
   7.3738348e-01
   7.3609771e-01
   7.3834780e-01
   7.4381228e-01
   7.5184828e-01
   7.6149148e-01
   7.7209901e-01
   7.8302797e-01
   7.9331405e-01
   8.0167149e-01
   8.0649309e-01
   8.0681453e-01
   8.0231438e-01
   7.9395693e-01
   7.8367084e-01
   7.7274188e-01
   7.6406300e-01
   7.5891996e-01
   7.5699132e-01
   7.5891996e-01
   7.6277724e-01
   7.6824172e-01
   7.7499197e-01
   7.8270653e-01
   7.9138541e-01
   7.9942141e-01
   8.0713597e-01
   8.1292190e-01
   8.1517197e-01
   8.1388622e-01
   8.0810029e-01
   7.9909997e-01
   7.8849245e-01
   7.7788493e-01
   7.6888460e-01
   7.6149148e-01
   7.5666988e-01
   7.5345548e-01
   7.5281260e-01
   7.5377692e-01
   7.5666988e-01
   7.6084861e-01
   7.6663452e-01
   7.7274188e-01
   7.7852780e-01
   7.8270653e-01
   7.8463517e-01
   7.8463516e-01
   7.8270653e-01
   7.8077788e-01
   7.7949212e-01
   7.7917069e-01
   7.8013501e-01
   7.8142077e-01
   7.8238509e-01
   7.8334941e-01
   7.8367084e-01
   7.8527804e-01
   7.8784957e-01
   7.9267117e-01
   7.9813565e-01
   8.0424301e-01
   8.0874318e-01
   8.1131469e-01
   8.1002893e-01
   8.0585021e-01
   7.9877853e-01
   7.9074253e-01
   7.8302797e-01
   7.7563485e-01
   7.6984892e-01
   7.6599165e-01
   7.6438444e-01
   7.6631309e-01
   7.7209901e-01
   7.8302797e-01
   7.9781421e-01
   8.1517197e-01
   8.3317262e-01
   8.4892317e-01
   8.5985214e-01
   8.6370942e-01
   8.6145934e-01
   8.5278046e-01
   8.4120862e-01
   8.2706526e-01
   8.1356478e-01
   8.0167149e-01
   7.9234973e-01
   7.8688525e-01
   7.8527805e-01
   7.8817101e-01
   7.9395693e-01
   8.0231437e-01
   8.1067181e-01
   8.1645773e-01
   8.1774349e-01
   8.1292189e-01
   8.0199294e-01
   7.8656381e-01
   7.6920605e-01
   7.5249116e-01
   7.3963356e-01
   7.3224044e-01
   7.3095468e-01
   7.3513340e-01
   7.4413373e-01
   7.5666988e-01
   7.7177757e-01
   7.8752813e-01
   8.0360013e-01
   8.1806494e-01
   8.2963678e-01
   8.3702989e-01
   8.3863709e-01
   8.3477982e-01
   8.2642238e-01
   8.1485053e-01
   8.0231437e-01
   7.9074253e-01
   7.8109933e-01
   7.7467052e-01
   7.7081324e-01
   7.7017037e-01
   7.7242044e-01
   7.7724205e-01
   7.8527805e-01
   7.9524269e-01
   8.0617165e-01
   8.1613629e-01
   8.2288654e-01
   8.2513662e-01
   8.2224365e-01
   8.1452909e-01
   8.0456445e-01
   7.9363549e-01
   7.8495661e-01
   7.7884924e-01
   7.7659917e-01
   7.7756349e-01
   7.8077789e-01
   7.8527804e-01
   7.9009965e-01
   7.9588557e-01
   8.0070716e-01
   8.0488589e-01
   8.0617165e-01
   8.0424301e-01
   7.9781421e-01
   7.8624237e-01
   7.7017037e-01
   7.5088396e-01
   7.3063324e-01
   7.1038251e-01
   6.9270331e-01
   6.7759562e-01
   6.6634522e-01
   6.5830922e-01
   6.5413051e-01
   6.5509482e-01
   6.6120219e-01
   6.7213114e-01
   6.8852459e-01
   7.0781100e-01
   7.2838316e-01
   7.4799100e-01
   7.6502733e-01
   7.7820637e-01
   7.8720669e-01
   7.9202829e-01
   7.9234973e-01
   7.8945677e-01
   7.8270653e-01
   7.7209901e-01
   7.5795564e-01
   7.4156219e-01
   7.2388300e-01
   7.0781100e-01
   6.9527483e-01
   6.8723883e-01
   6.8402443e-01
   6.8531019e-01
   6.8948891e-01
   6.9463196e-01
   6.9945355e-01
   7.0266795e-01
   7.0459659e-01
   7.0459659e-01
   7.0266795e-01
   6.9816779e-01
   6.9173899e-01
   6.8402443e-01
   6.7598843e-01
   6.7020251e-01
   6.6795243e-01
   6.7084539e-01
   6.7984571e-01
   6.9463195e-01
   7.1263260e-01
   7.3159756e-01
   7.4927676e-01
   7.6374156e-01
   7.7434909e-01
   7.8109933e-01
   7.8431373e-01
   7.8463517e-01
   7.8270653e-01
   7.7917069e-01
   7.7402764e-01
   7.6792028e-01
   7.6149148e-01
   7.5634844e-01
   7.5281260e-01
   7.5056252e-01
   7.4927676e-01
   7.4766956e-01
   7.4381229e-01
   7.3770492e-01
   7.2806172e-01
   7.1584700e-01
   7.0202508e-01
   6.8788171e-01
   6.7470267e-01
   6.6313083e-01
   6.5284474e-01
   6.4480874e-01
   6.3837995e-01
   6.3420122e-01
   6.3259402e-01
   6.3452266e-01
   6.3837995e-01
   6.4448730e-01
   6.5123754e-01
   6.5702346e-01
   6.6055931e-01
   6.6216650e-01
   6.6152363e-01
   6.6023787e-01
   6.5927355e-01
   6.5895211e-01
   6.5927355e-01
   6.5959499e-01
   6.5863067e-01
   6.5670202e-01
   6.5316619e-01
   6.4930891e-01
   6.4545162e-01
   6.4255866e-01
   6.4127291e-01
   6.4127290e-01
   6.4159434e-01
   6.4223722e-01
   6.4320155e-01
   6.4513019e-01
   6.4898747e-01
   6.5573770e-01
   6.6538091e-01
   6.7759563e-01
   6.9109612e-01
   7.0427515e-01
   7.1520412e-01
   7.2291868e-01
   7.2677595e-01
   7.2741884e-01
   7.2452588e-01
   7.1873996e-01
   7.1070395e-01
   7.0009643e-01
   6.8820315e-01
   6.7598843e-01
   6.6505947e-01
   6.5766634e-01
   6.5477339e-01
   6.5702347e-01
   6.6473803e-01
   6.7566699e-01
   6.8852459e-01
   7.0138220e-01
   7.1295404e-01
   7.2227580e-01
   7.2966892e-01
   7.3449052e-01
   7.3674059e-01
   7.3706204e-01
   7.3449052e-01
   7.2934748e-01
   7.2291868e-01
   7.1681132e-01
   7.1295404e-01
   7.1359692e-01
   7.2002571e-01
   7.3159756e-01
   7.4734811e-01
   7.6567021e-01
   7.8334941e-01
   7.9845709e-01
   8.0970749e-01
   8.1549341e-01
   8.1581485e-01
   8.1099325e-01
   8.0102861e-01
   7.8720669e-01
   7.7049181e-01
   7.5281261e-01
   7.3674059e-01
   7.2420444e-01
   7.1713276e-01
   7.1584700e-01
   7.1970427e-01
   7.2709740e-01
   7.3481196e-01
   7.4124076e-01
   7.4509804e-01
   7.4638380e-01
   7.4606236e-01
   7.4477660e-01
   7.4381228e-01
   7.4413372e-01
   7.4541948e-01
   7.4670524e-01
   7.4734812e-01
   7.4831244e-01
   7.4799100e-01
   7.4766956e-01
   7.4734812e-01
   7.4670524e-01
   7.4509804e-01
   7.4284796e-01
   7.3931212e-01
   7.3545484e-01
   7.3191900e-01
   7.3031180e-01
   7.3127612e-01
   7.3545484e-01
   7.4188364e-01
   7.4895532e-01
   7.5570557e-01
   7.6052717e-01
   7.6309868e-01
   7.6277724e-01
   7.6084861e-01
   7.5763421e-01
   7.5345548e-01
   7.4799100e-01
   7.4091932e-01
   7.3256188e-01
   7.2324012e-01
   7.1391835e-01
   7.0652524e-01
   7.0234651e-01
   7.0138219e-01
   7.0427516e-01
   7.0973964e-01
   7.1745420e-01
   7.2484731e-01
   7.3224044e-01
   7.3866924e-01
   7.4445517e-01
   7.4959820e-01
   7.5441981e-01
   7.5859852e-01
   7.6181292e-01
   7.6406301e-01
   7.6567021e-01
   7.6695596e-01
   7.6920605e-01
   7.7209901e-01
   7.7595629e-01
   7.7917068e-01
   7.8077788e-01
   7.7820636e-01
   7.7145613e-01
   7.5988428e-01
   7.4541948e-01
   7.3031180e-01
   7.1616844e-01
   7.0556091e-01
   6.9913212e-01
   6.9656059e-01
   6.9752491e-01
   7.0106075e-01
   7.0652524e-01
   7.1327548e-01
   7.1970427e-01
   7.2549020e-01
   7.2870460e-01
   7.2806172e-01
   7.2227580e-01
   7.1198972e-01
   6.9688204e-01
   6.7984572e-01
   6.6313082e-01
   6.4898746e-01
   6.3934426e-01
   6.3452266e-01
   6.3452266e-01
   6.3805851e-01
   6.4416586e-01
   6.5155899e-01
   6.6023787e-01
   6.6923819e-01
   6.7855995e-01
   6.8691739e-01
   6.9366763e-01
   6.9784635e-01
   6.9848923e-01
   6.9559628e-01
   6.9045323e-01
   6.8306011e-01
   6.7534555e-01
   6.6827387e-01
   6.6088074e-01
   6.5348763e-01
   6.4577306e-01
   6.3773707e-01
   6.2970106e-01
   6.2327226e-01
   6.1941498e-01
   6.1909354e-01
   6.2166506e-01
   6.2712954e-01
   6.3452266e-01
   6.4127290e-01
   6.4705883e-01
   6.5155898e-01
   6.5509482e-01
   6.5798778e-01
   6.6055931e-01
   6.6280939e-01
   6.6473803e-01
   6.6473803e-01
   6.6409515e-01
   6.6152362e-01
   6.5798779e-01
   6.5413051e-01
   6.4995178e-01
   6.4577307e-01
   6.4063002e-01
   6.3420122e-01
   6.2680810e-01
   6.1909354e-01
   6.1266474e-01
   6.0977178e-01
   6.1137898e-01
   6.1973641e-01
   6.3387978e-01
   6.5188043e-01
   6.7245259e-01
   6.9173899e-01
   7.0845387e-01
   7.2034715e-01
   7.2709740e-01
   7.2806172e-01
   7.2388300e-01
   7.1488267e-01
   7.0234652e-01
   6.8788171e-01
   6.7373835e-01
   6.6216650e-01
   6.5605915e-01
   6.5670203e-01
   6.6441659e-01
   6.7727419e-01
   6.9334619e-01
   7.0909676e-01
   7.2131147e-01
   7.2838316e-01
   7.2934748e-01
   7.2516876e-01
   7.1681132e-01
   7.0556091e-01
   6.9302475e-01
   6.7984571e-01
   6.6763099e-01
   6.5702346e-01
   6.4963034e-01
   6.4641594e-01
   6.4834458e-01
   6.5573770e-01
   6.6795243e-01
   6.8273867e-01
   6.9784635e-01
   7.1166828e-01
   7.2195436e-01
   7.2806172e-01
   7.3063324e-01
   7.2966892e-01
   7.2613307e-01
   7.2066860e-01
   7.1391835e-01
   7.0652523e-01
   6.9945355e-01
   6.9398907e-01
   6.9206043e-01
   6.9366763e-01
   6.9881067e-01
   7.0684667e-01
   7.1584700e-01
   7.2291868e-01
   7.2741884e-01
   7.2806172e-01
   7.2581163e-01
   7.2163291e-01
   7.1745420e-01
   7.1488267e-01
   7.1423979e-01
   7.1520411e-01
   7.1777564e-01
   7.2131147e-01
   7.2549020e-01
   7.2966892e-01
   7.3481196e-01
   7.4059788e-01
   7.4670524e-01
   7.5313404e-01
   7.5891996e-01
   7.6342012e-01
   7.6631309e-01
   7.6824172e-01
   7.7049181e-01
   7.7274188e-01
   7.7627773e-01
   7.8045645e-01
   7.8431372e-01
   7.8688525e-01
   7.8752813e-01
   7.8656381e-01
   7.8334941e-01
   7.7884925e-01
   7.7338476e-01
   7.6695596e-01
   7.5956284e-01
   7.5056252e-01
   7.3963356e-01
   7.2709740e-01
   7.1456124e-01
   7.0331083e-01
   6.9495339e-01
   6.9109611e-01
   6.9141756e-01
   6.9591771e-01
   7.0331083e-01
   7.1263260e-01
   7.2356156e-01
   7.3513340e-01
   7.4799100e-01
   7.6117005e-01
   7.7434908e-01
   7.8656381e-01
   7.9620701e-01
   8.0263581e-01
   8.0456445e-01
   8.0295725e-01
   7.9845709e-01
   7.9234973e-01
   7.8592093e-01
   7.8045645e-01
   7.7627773e-01
   7.7338476e-01
   7.7209901e-01
   7.7274188e-01
   7.7563484e-01
   7.8109933e-01
   7.8849245e-01
   7.9684989e-01
   8.0456445e-01
   8.0938605e-01
   8.0970749e-01
   8.0456445e-01
   7.9427837e-01
   7.8142077e-01
   7.6727740e-01
   7.5474124e-01
   7.4445517e-01
   7.3738348e-01
   7.3352620e-01
   7.3256188e-01
   7.3288332e-01
   7.3577628e-01
   7.4027644e-01
   7.4702668e-01
   7.5570556e-01
   7.6502732e-01
   7.7467053e-01
   7.8206365e-01
   7.8688525e-01
   7.8720669e-01
   7.8367084e-01
   7.7627773e-01
   7.6502733e-01
   7.5088396e-01
   7.3384764e-01
   7.1520411e-01
   6.9623916e-01
   6.7888139e-01
   6.6538091e-01
   6.5830923e-01
   6.5927355e-01
   6.6827387e-01
   6.8402443e-01
   7.0395371e-01
   7.2516875e-01
   7.4413373e-01
   7.5859853e-01
   7.6695596e-01
   7.6856316e-01
   7.6406300e-01
   7.5409836e-01
   7.3963356e-01
   7.2227580e-01
   7.0395371e-01
   6.8723883e-01
   6.7341691e-01
   6.6570235e-01
   6.6473803e-01
   6.6988107e-01
   6.7984571e-01
   6.9238187e-01
   7.0459659e-01
   7.1456124e-01
   7.2099003e-01
   7.2356156e-01
   7.2324012e-01
   7.2002572e-01
   7.1520412e-01
   7.0813244e-01
   6.9848923e-01
   6.8627451e-01
   6.7052395e-01
   6.5348763e-01
   6.3580842e-01
   6.2005786e-01
   6.0752169e-01
   6.0077146e-01
   6.0045002e-01
   6.0623594e-01
   6.1877209e-01
   6.3709418e-01
   6.6120219e-01
   6.8820315e-01
   7.1681132e-01
   7.4349084e-01
   7.6438445e-01
   7.7692061e-01
   7.7820636e-01
   7.6792028e-01
   7.4734812e-01
   7.1938284e-01
   6.8884603e-01
   6.5959499e-01
   6.3516554e-01
   6.1845066e-01
   6.1041466e-01
   6.1202186e-01
   6.2198650e-01
   6.3934426e-01
   6.6184506e-01
   6.8659595e-01
   7.1038252e-01
   7.3031180e-01
   7.4220508e-01
   7.4509804e-01
   7.3866924e-01
   7.2484731e-01
   7.0620380e-01
   6.8659595e-01
   6.6955963e-01
   6.5766635e-01
   6.5155898e-01
   6.5155898e-01
   6.5605914e-01
   6.6441659e-01
   6.7405979e-01
   6.8402443e-01
   6.9334619e-01
   7.0009644e-01
   7.0331083e-01
   7.0234652e-01
   6.9720347e-01
   6.8884604e-01
   6.7823851e-01
   6.6795243e-01
   6.5991643e-01
   6.5638058e-01
   6.5638058e-01
   6.5959499e-01
   6.6505947e-01
   6.7052395e-01
   6.7598843e-01
   6.8048859e-01
   6.8531020e-01
   6.9045323e-01
   6.9656060e-01
   7.0298939e-01
   7.0909675e-01
   7.1391835e-01
   7.1648988e-01
   7.1616844e-01
   7.1359692e-01
   7.0877531e-01
   7.0266795e-01
   6.9591771e-01
   6.8788171e-01
   6.7888139e-01
   6.6891675e-01
   6.5798779e-01
   6.4705882e-01
   6.3741562e-01
   6.2970106e-01
   6.2423658e-01
   6.2070074e-01
   6.1780778e-01
   6.1491482e-01
   6.1041466e-01
   6.0462874e-01
   5.9787849e-01
   5.9112825e-01
   5.8502090e-01
   5.7987785e-01
   5.7602057e-01
   5.7184185e-01
   5.6702025e-01
   5.6219865e-01
   5.5641273e-01
   5.5094824e-01
   5.4709097e-01
   5.4516233e-01
   5.4484089e-01
   5.4580521e-01
   5.4741241e-01
   5.4869817e-01
   5.4966249e-01
   5.5030536e-01
   5.5126969e-01
   5.5223401e-01
   5.5319833e-01
   5.5287689e-01
   5.4998392e-01
   5.4419800e-01
   5.3455481e-01
   5.2234008e-01
   5.0916104e-01
   4.9662488e-01
   4.8698168e-01
   4.8023143e-01
   4.7733848e-01
   4.7637416e-01
   4.7798136e-01
   4.8055287e-01
   4.8408872e-01
   4.8794600e-01
   4.9244616e-01
   4.9598200e-01
   4.9887496e-01
   4.9887496e-01
   4.9598199e-01
   4.8923176e-01
   4.8055288e-01
   4.7123112e-01
   4.6255223e-01
   4.5773063e-01
   4.5612343e-01
   4.5965927e-01
   4.6640952e-01
   4.7540983e-01
   4.8698168e-01
   4.9919640e-01
   5.1237544e-01
   5.2555449e-01
   5.3841208e-01
   5.5030537e-01
   5.5930569e-01
   5.6477017e-01
   5.6734169e-01
   5.6734169e-01
   5.6605593e-01
   5.6541305e-01
   5.6637737e-01
   5.7023465e-01
   5.7569913e-01
   5.8341369e-01
   5.9112825e-01
   5.9916426e-01
   6.0720026e-01
   6.1523626e-01
   6.2455802e-01
   6.3387978e-01
   6.4352299e-01
   6.5155898e-01
   6.5702346e-01
   6.5895210e-01
   6.5670202e-01
   6.5155899e-01
   6.4384442e-01
   6.3484410e-01
   6.2648666e-01
   6.1909354e-01
   6.1362905e-01
   6.1041466e-01
   6.0945034e-01
   6.1202186e-01
   6.1877210e-01
   6.2905818e-01
   6.4320155e-01
   6.5959499e-01
   6.7663131e-01
   6.9270331e-01
   7.0556092e-01
   7.1616844e-01
   7.2388300e-01
   7.3063323e-01
   7.3577628e-01
   7.4124076e-01
   7.4541948e-01
   7.4799100e-01
   7.4766956e-01
   7.4381228e-01
   7.3641916e-01
   7.2613308e-01
   7.1488267e-01
   7.0395371e-01
   6.9559627e-01
   6.9013179e-01
   6.8948892e-01
   6.9302475e-01
   7.0202507e-01
   7.1584699e-01
   7.3320476e-01
   7.5249116e-01
   7.7049181e-01
   7.8463517e-01
   7.9170685e-01
   7.9074253e-01
   7.8174221e-01
   7.6599164e-01
   7.4766956e-01
   7.3127612e-01
   7.1906140e-01
   7.1456124e-01
   7.1809708e-01
   7.2902604e-01
   7.4606236e-01
   7.6631309e-01
   7.8784957e-01
   8.0874318e-01
   8.2770813e-01
   8.4249437e-01
   8.5278046e-01
   8.5792350e-01
   8.5760206e-01
   8.5342333e-01
   8.4667310e-01
   8.3895854e-01
   8.3349406e-01
   8.2963678e-01
   8.2867245e-01
   8.2899390e-01
   8.2867245e-01
   8.2674381e-01
   8.2192221e-01
   8.1420766e-01
   8.0456445e-01
   7.9459981e-01
   7.8592093e-01
   7.7981356e-01
   7.7627773e-01
   7.7659917e-01
   7.8045645e-01
   7.8784957e-01
   7.9813565e-01
   8.1099325e-01
   8.2545806e-01
   8.3863709e-01
   8.4828029e-01
   8.5310190e-01
   8.5181614e-01
   8.4410158e-01
   8.3156541e-01
   8.1677917e-01
   8.0263581e-01
   7.9170685e-01
   7.8431372e-01
   7.8238509e-01
   7.8463517e-01
   7.9074253e-01
   7.9942141e-01
   8.1067181e-01
   8.2288653e-01
   8.3510126e-01
   8.4635166e-01
   8.5503054e-01
   8.5920926e-01
   8.5888781e-01
   8.5438766e-01
   8.4731598e-01
   8.3992286e-01
   8.3510126e-01
   8.3413694e-01
   8.3799421e-01
   8.4603022e-01
   8.5631631e-01
   8.6756671e-01
   8.7785279e-01
   8.8524591e-01
   8.8974607e-01
   8.9103182e-01
   8.8910319e-01
   8.8460302e-01
   8.7720991e-01
   8.6724526e-01
   8.5663774e-01
   8.4635166e-01
   8.3767278e-01
   8.3220829e-01
   8.2931534e-01
   8.2899389e-01
   8.2995822e-01
   8.3092254e-01
   8.3060110e-01
   8.2867245e-01
   8.2545806e-01
   8.2288654e-01
   8.2095789e-01
   8.2095789e-01
   8.2320797e-01
   8.2706525e-01
   8.3124397e-01
   8.3606558e-01
   8.4056574e-01
   8.4474446e-01
   8.4892317e-01
   8.5342333e-01
   8.5567342e-01
   8.5663774e-01
   8.5374477e-01
   8.4635166e-01
   8.3510126e-01
   8.2160077e-01
   8.0681453e-01
   7.9331405e-01
   7.8238509e-01
   7.7563484e-01
   7.7209901e-01
   7.7274188e-01
   7.7595629e-01
   7.8206365e-01
   7.9138541e-01
   8.0327869e-01
   8.1774349e-01
   8.3317261e-01
   8.4892318e-01
   8.6274510e-01
   8.7335262e-01
   8.8074574e-01
   8.8428158e-01
   8.8428158e-01
   8.8203151e-01
   8.7817423e-01
   8.7238831e-01
   8.6467374e-01
   8.5503054e-01
   8.4378013e-01
   8.3188685e-01
   8.2095789e-01
   8.1227901e-01
   8.0810030e-01
   8.0810030e-01
   8.1292190e-01
   8.2095789e-01
   8.3060110e-01
   8.4056574e-01
   8.4956606e-01
   8.5728062e-01
   8.6338798e-01
   8.6756670e-01
   8.6917390e-01
   8.6885246e-01
   8.6595950e-01
   8.6113790e-01
   8.5631630e-01
   8.5278046e-01
   8.5181614e-01
   8.5438766e-01
   8.6017358e-01
   8.6788814e-01
   8.7592415e-01
   8.8235294e-01
   8.8556734e-01
   8.8653167e-01
   8.8428158e-01
   8.8010286e-01
   8.7463838e-01
   8.6917390e-01
   8.6274510e-01
   8.5599486e-01
   8.4892318e-01
   8.4185150e-01
   8.3606558e-01
   8.3156541e-01
   8.2995822e-01
   8.3027966e-01
   8.3220829e-01
   8.3413694e-01
   8.3477982e-01
   8.3285117e-01
   8.2931534e-01
   8.2417230e-01
   8.1935070e-01
   8.1485053e-01
   8.1227902e-01
   8.1163614e-01
   8.1195757e-01
   8.1388621e-01
   8.1677917e-01
   8.2063645e-01
   8.2577949e-01
   8.3188686e-01
   8.3863709e-01
   8.4474446e-01
   8.4924462e-01
   8.5117326e-01
   8.5085182e-01
   8.4892318e-01
   8.4667310e-01
   8.4603022e-01
   8.4795886e-01
   8.5245902e-01
   8.5888782e-01
   8.6628094e-01
   8.7270975e-01
   8.7785279e-01
   8.8138863e-01
   8.8396015e-01
   8.8524591e-01
   8.8588878e-01
   8.8621023e-01
   8.8556735e-01
   8.8299583e-01
   8.7849567e-01
   8.7238831e-01
   8.6563806e-01
   8.5920926e-01
   8.5438766e-01
   8.5117326e-01
   8.4956606e-01
   8.4828030e-01
   8.4699454e-01
   8.4538734e-01
   8.4313726e-01
   8.4024430e-01
   8.3702989e-01
   8.3285118e-01
   8.2738669e-01
   8.2063645e-01
   8.1131469e-01
   8.0102861e-01
   7.9042109e-01
   7.8077789e-01
   7.7499197e-01
   7.7274188e-01
   7.7499197e-01
   7.8013501e-01
   7.8656381e-01
   7.9202829e-01
   7.9620701e-01
   7.9813565e-01
   7.9877853e-01
   7.9974285e-01
   8.0167149e-01
   8.0585021e-01
   8.1099325e-01
   8.1742205e-01
   8.2352942e-01
   8.2867245e-01
   8.3188685e-01
   8.3317261e-01
   8.3220829e-01
   8.2899390e-01
   8.2288653e-01
   8.1388622e-01
   8.0231437e-01
   7.9009965e-01
   7.7820636e-01
   7.6888461e-01
   7.6374156e-01
   7.6374156e-01
   7.6856317e-01
   7.7595629e-01
   7.8463517e-01
   7.9138541e-01
   7.9556412e-01
   7.9556413e-01
   7.9202829e-01
   7.8495660e-01
   7.7563485e-01
   7.6470588e-01
   7.5313404e-01
   7.4252652e-01
   7.3320476e-01
   7.2741884e-01
   7.2516875e-01
   7.2806172e-01
   7.3481196e-01
   7.4381228e-01
   7.5313404e-01
   7.5956285e-01
   7.6245580e-01
   7.5956285e-01
   7.5184828e-01
   7.4124076e-01
   7.2999036e-01
   7.1873996e-01
   7.0941819e-01
   7.0202508e-01
   6.9656060e-01
   6.9206043e-01
   6.8916747e-01
   6.8691739e-01
   6.8531020e-01
   6.8402443e-01
   6.8241723e-01
   6.7920284e-01
   6.7405979e-01
   6.6538091e-01
   6.5380907e-01
   6.4030858e-01
   6.2680811e-01
   6.1395050e-01
   6.0334297e-01
   5.9498554e-01
   5.8887818e-01
   5.8437801e-01
   5.8116361e-01
   5.7827065e-01
   5.7666345e-01
   5.7602057e-01
   5.7602057e-01
   5.7634201e-01
   5.7537769e-01
   5.7344906e-01
   5.6927033e-01
   5.6444873e-01
   5.5962713e-01
   5.5769849e-01
   5.5962713e-01
   5.6637737e-01
   5.7794922e-01
   5.9273545e-01
   6.0848602e-01
   6.2295082e-01
   6.3516554e-01
   6.4480874e-01
   6.5188043e-01
   6.5766635e-01
   6.6313083e-01
   6.6891675e-01
   6.7566699e-01
   6.8209579e-01
   6.8948891e-01
   6.9720347e-01
   7.0588235e-01
   7.1520411e-01
   7.2549019e-01
   7.3545484e-01
   7.4413373e-01
   7.5088396e-01
   7.5538413e-01
   7.5827709e-01
   7.6084861e-01
   7.6470588e-01
   7.7081324e-01
   7.8045644e-01
   7.9202829e-01
   8.0552877e-01
   8.1838637e-01
   8.2963678e-01
   8.3735133e-01
   8.4281581e-01
   8.4442302e-01
   8.4378014e-01
   8.4088718e-01
   8.3574414e-01
   8.2931534e-01
   8.2160077e-01
   8.1485053e-01
   8.1002893e-01
   8.0777886e-01
   8.0970749e-01
   8.1517197e-01
   8.2288653e-01
   8.3156541e-01
   8.3863709e-01
   8.4410158e-01
   8.4667310e-01
   8.4699454e-01
   8.4699454e-01
   8.4763742e-01
   8.4892317e-01
   8.5181614e-01
   8.5535198e-01
   8.5888782e-01
   8.6113790e-01
   8.6113791e-01
   8.5985213e-01
   8.5599487e-01
   8.5020894e-01
   8.4185150e-01
   8.3124397e-01
   8.1902926e-01
   8.0681453e-01
   7.9684989e-01
   7.9202829e-01
   7.9363549e-01
   8.0263581e-01
   8.1870781e-01
   8.3927998e-01
   8.6178078e-01
   8.8171006e-01
   8.9681774e-01
   9.0549663e-01
   9.0646095e-01
   9.0099646e-01
   8.8974607e-01
   8.7463838e-01
   8.5695918e-01
   8.3895853e-01
   8.2256509e-01
   8.0938605e-01
   8.0102861e-01
   7.9845709e-01
   8.0263581e-01
   8.1227901e-01
   8.2577949e-01
   8.4153006e-01
   8.5695918e-01
   8.7078110e-01
   8.8267438e-01
   8.9199615e-01
   8.9874639e-01
   9.0292511e-01
   9.0356799e-01
   8.9971071e-01
   8.9103183e-01
   8.7753135e-01
   8.6081646e-01
   8.4217294e-01
   8.2513662e-01
   8.1195757e-01
   8.0360013e-01
   8.0102861e-01
   8.0392157e-01
   8.1067181e-01
   8.2031501e-01
   8.3060110e-01
   8.4088718e-01
   8.4924462e-01
   8.5503054e-01
   8.5599486e-01
   8.5181614e-01
   8.4120862e-01
   8.2449374e-01
   8.0327869e-01
   7.7852780e-01
   7.5441980e-01
   7.3320476e-01
   7.1713276e-01
   7.0781100e-01
   7.0556091e-01
   7.1102540e-01
   7.2291868e-01
   7.4124076e-01
   7.6502733e-01
   7.9202829e-01
   8.2063645e-01
   8.4763742e-01
   8.7045966e-01
   8.8588878e-01
   8.9231759e-01
   8.9038894e-01
   8.8010286e-01
   8.6467374e-01
   8.4570878e-01
   8.2577949e-01
   8.0681453e-01
   7.8913532e-01
   7.7370620e-01
   7.6181292e-01
   7.5345548e-01
   7.5056252e-01
   7.5313405e-01
   7.6181292e-01
   7.7595629e-01
   7.9331405e-01
   8.1227901e-01
   8.3027966e-01
   8.4603022e-01
   8.5760206e-01
   8.6595950e-01
   8.6981678e-01
   8.6949534e-01
   8.6531662e-01
   8.5631630e-01
   8.4313725e-01
   8.2706525e-01
   8.0906461e-01
   7.9106397e-01
   7.7595629e-01
   7.6438445e-01
   7.5699132e-01
   7.5409837e-01
   7.5377692e-01
   7.5570556e-01
   7.5795564e-01
   7.6052716e-01
   7.6309868e-01
   7.6631308e-01
   7.6984893e-01
   7.7338476e-01
   7.7595629e-01
   7.7756349e-01
   7.7724205e-01
   7.7563485e-01
   7.7242044e-01
   7.6952749e-01
   7.6663453e-01
   7.6470589e-01
   7.6213436e-01
   7.5891996e-01
   7.5506268e-01
   7.5024108e-01
   7.4541948e-01
   7.4156220e-01
   7.3963356e-01
   7.3963356e-01
   7.4220508e-01
   7.4574092e-01
   7.4927677e-01
   7.5216972e-01
   7.5441981e-01
   7.5602700e-01
   7.5795564e-01
   7.6052716e-01
   7.6406301e-01
   7.6759884e-01
   7.6952748e-01
   7.6920604e-01
   7.6599165e-01
   7.6020573e-01
   7.5249116e-01
   7.4445517e-01
   7.3738348e-01
   7.3191900e-01
   7.2870460e-01
   7.2741884e-01
   7.2838316e-01
   7.3063324e-01
   7.3449052e-01
   7.3995500e-01
   7.4541948e-01
   7.5024108e-01
   7.5249116e-01
   7.5056252e-01
   7.4381228e-01
   7.3224044e-01
   7.1777564e-01
   7.0170363e-01
   6.8691739e-01
   6.7534555e-01
   6.6827387e-01
   6.6538091e-01
   6.6634522e-01
   6.7084539e-01
   6.7759563e-01
   6.8723883e-01
   6.9881067e-01
   7.1295404e-01
   7.2741884e-01
   7.4124076e-01
   7.5184828e-01
   7.5763420e-01
   7.5699132e-01
   7.5024108e-01
   7.3899068e-01
   7.2484731e-01
   7.0941820e-01
   6.9559627e-01
   6.8402443e-01
   6.7502411e-01
   6.6988107e-01
   6.6795242e-01
   6.7052395e-01
   6.7695275e-01
   6.8659595e-01
   6.9977499e-01
   7.1391835e-01
   7.2774028e-01
   7.3802636e-01
   7.4445517e-01
   7.4574092e-01
   7.4252652e-01
   7.3513340e-01
   7.2549020e-01
   7.1488268e-01
   7.0395371e-01
   6.9366763e-01
   6.8563163e-01
   6.8081003e-01
   6.8016715e-01
   6.8531020e-01
   6.9656060e-01
   7.1263260e-01
   7.3224044e-01
   7.5249116e-01
   7.7081325e-01
   7.8527805e-01
   7.9395693e-01
   7.9684989e-01
   7.9588557e-01
   7.9042109e-01
   7.8270653e-01
   7.7338476e-01
   7.6309868e-01
   7.5249116e-01
   7.4252652e-01
   7.3481196e-01
   7.3095468e-01
   7.3095467e-01
   7.3609772e-01
   7.4477660e-01
   7.5570557e-01
   7.6663453e-01
   7.7627772e-01
   7.8334941e-01
   7.8784957e-01
   7.8977820e-01
   7.9042109e-01
   7.8913533e-01
   7.8624237e-01
   7.8109933e-01
   7.7370621e-01
   7.6406300e-01
   7.5281260e-01
   7.4220508e-01
   7.3352620e-01
   7.2870460e-01
   7.2774028e-01
   7.3095467e-01
   7.3738348e-01
   7.4606236e-01
   7.5570556e-01
   7.6567021e-01
   7.7499197e-01
   7.8238509e-01
   7.8784957e-01
   7.9009965e-01
   7.8784957e-01
   7.8174221e-01
   7.7242044e-01
   7.6117005e-01
   7.5056252e-01
   7.4252652e-01
   7.3738348e-01
   7.3513340e-01
   7.3577628e-01
   7.3641916e-01
   7.3674060e-01
   7.3513340e-01
   7.3256188e-01
   7.2999036e-01
   7.2870460e-01
   7.2934748e-01
   7.3256188e-01
   7.3866924e-01
   7.4670524e-01
   7.5666988e-01
   7.6695596e-01
   7.7852780e-01
   7.9009965e-01
   8.0199293e-01
   8.1292189e-01
   8.2160077e-01
   8.2738669e-01
   8.2867245e-01
   8.2642237e-01
   8.2127933e-01
   8.1485053e-01
   8.0874317e-01
   8.0392157e-01
   8.0038572e-01
   7.9909997e-01
   7.9781421e-01
   7.9717133e-01
   7.9652845e-01
   7.9620701e-01
   7.9717133e-01
   7.9877853e-01
   8.0135005e-01
   8.0424301e-01
   8.0713597e-01
   8.0874317e-01
   8.0874318e-01
   8.0842174e-01
   8.0745741e-01
   8.0681453e-01
   8.0649309e-01
   8.0617165e-01
   8.0488589e-01
   8.0167149e-01
   7.9652845e-01
   7.8977820e-01
   7.8270653e-01
   7.7659917e-01
   7.7306332e-01
   7.7177757e-01
   7.7338476e-01
   7.7659917e-01
   7.8013500e-01
   7.8270653e-01
   7.8367085e-01
   7.8302797e-01
   7.8109933e-01
   7.7884924e-01
   7.7531340e-01
   7.7049181e-01
   7.6502732e-01
   7.5859852e-01
   7.5281260e-01
   7.4766956e-01
   7.4541948e-01
   7.4606236e-01
   7.4991964e-01
   7.5634844e-01
   7.6342013e-01
   7.6984892e-01
   7.7499196e-01
   7.7788493e-01
   7.7852780e-01
   7.7788493e-01
   7.7531341e-01
   7.7145613e-01
   7.6567020e-01
   7.5731276e-01
   7.4638380e-01
   7.3416908e-01
   7.2131148e-01
   7.0973963e-01
   7.0202508e-01
   6.9784635e-01
   6.9784635e-01
   7.0073931e-01
   7.0523947e-01
   7.0973963e-01
   7.1359692e-01
   7.1648987e-01
   7.1809708e-01
   7.1938284e-01
   7.1970428e-01
   7.2002572e-01
   7.1938283e-01
   7.1873996e-01
   7.1841852e-01
   7.2002572e-01
   7.2388300e-01
   7.3127612e-01
   7.4124076e-01
   7.5216972e-01
   7.6245580e-01
   7.6888460e-01
   7.7017037e-01
   7.6599164e-01
   7.5602700e-01
   7.4091932e-01
   7.2291868e-01
   7.0266795e-01
   6.8209579e-01
   6.6248795e-01
   6.4448730e-01
   6.2970106e-01
   6.2037930e-01
   6.1748634e-01
   6.2166507e-01
   6.3259402e-01
   6.4898747e-01
   6.6827387e-01
   6.8788171e-01
   7.0588235e-01
   7.2034715e-01
   7.3159755e-01
   7.3995500e-01
   7.4606236e-01
   7.4959821e-01
   7.5184828e-01
   7.5120540e-01
   7.4766956e-01
   7.4091932e-01
   7.3191900e-01
   7.2195436e-01
   7.1198972e-01
   7.0427515e-01
   6.9913211e-01
   6.9784635e-01
   7.0041787e-01
   7.0748955e-01
   7.1809708e-01
   7.3288332e-01
   7.5088396e-01
   7.7081325e-01
   7.9074253e-01
   8.0777885e-01
   8.1999357e-01
   8.2513662e-01
   8.2256509e-01
   8.1260046e-01
   7.9749277e-01
   7.7981357e-01
   7.6245580e-01
   7.4670524e-01
   7.3481196e-01
   7.2613308e-01
   7.2163291e-01
   7.2002572e-01
   7.2163291e-01
   7.2549020e-01
   7.3095468e-01
   7.3674060e-01
   7.4188364e-01
   7.4413372e-01
   7.4349085e-01
   7.3995500e-01
   7.3416908e-01
   7.2709740e-01
   7.2034716e-01
   7.1423980e-01
   7.0973963e-01
   7.0556091e-01
   7.0106076e-01
   6.9623916e-01
   6.9077467e-01
   6.8627451e-01
   6.8338155e-01
   6.8241723e-01
   6.8434587e-01
   6.8820315e-01
   6.9238187e-01
   6.9527483e-01
   6.9591771e-01
   6.9495339e-01
   6.9206043e-01
   6.8884603e-01
   6.8723883e-01
   6.8788171e-01
   6.9077467e-01
   6.9623916e-01
   7.0331083e-01
   7.1134684e-01
   7.2034715e-01
   7.2999036e-01
   7.3931212e-01
   7.4831244e-01
   7.5634844e-01
   7.6213436e-01
   7.6599164e-01
   7.6759885e-01
   7.6792029e-01
   7.6792029e-01
   7.6856316e-01
   7.7017037e-01
   7.7145613e-01
   7.7145613e-01
   7.6792028e-01
   7.6052716e-01
   7.4895532e-01
   7.3416908e-01
   7.1906140e-01
   7.0523947e-01
   6.9591771e-01
   6.9141756e-01
   6.9206043e-01
   6.9688204e-01
   7.0331083e-01
   7.1070396e-01
   7.1681132e-01
   7.2066860e-01
   7.2099004e-01
   7.1745420e-01
   7.0909675e-01
   6.9559628e-01
   6.7855995e-01
   6.5927355e-01
   6.3934426e-01
   6.2262938e-01
   6.1105754e-01
   6.0591450e-01
   6.0880746e-01
   6.1877209e-01
   6.3452266e-01
   6.5509482e-01
   6.7855995e-01
   7.0363227e-01
   7.2870460e-01
   7.5184828e-01
   7.7145613e-01
   7.8463516e-01
   7.8977821e-01
   7.8624237e-01
   7.7467052e-01
   7.5666988e-01
   7.3674060e-01
   7.1745420e-01
   7.0298939e-01
   6.9495339e-01
   6.9398907e-01
   6.9913211e-01
   7.0973963e-01
   7.2324012e-01
   7.3802636e-01
   7.5377692e-01
   7.6920605e-01
   7.8270653e-01
   7.9427837e-01
