   1.0000000e+00
   9.6250377e-01
   8.7511340e-01
   7.6201996e-01
   6.5285758e-01
   5.7393408e-01
   5.4248563e-01
   5.6153614e-01
   6.2050196e-01
   6.9851829e-01
   7.7139401e-01
   8.1735712e-01
   8.2249773e-01
   7.8379196e-01
   7.0910191e-01
   6.1263986e-01
   5.1375870e-01
   4.2848503e-01
   3.7103115e-01
   3.4835198e-01
   3.6226186e-01
   4.0792259e-01
   4.7898397e-01
   5.6425763e-01
   6.5255518e-01
   7.3329301e-01
   7.9679468e-01
   8.3671001e-01
   8.4910795e-01
   8.3277895e-01
   7.9074690e-01
   7.2754762e-01
   6.4953129e-01
   5.6365286e-01
   4.7716964e-01
   3.9733898e-01
   3.3172059e-01
   2.8605987e-01
   2.6549743e-01
   2.7335954e-01
   3.0904143e-01
   3.7042637e-01
   4.4874508e-01
   5.3522830e-01
   6.1778047e-01
   6.8581796e-01
   7.3057151e-01
   7.4569095e-01
   7.3117629e-01
   6.8944663e-01
   6.2624735e-01
   5.5004536e-01
   4.7021470e-01
   3.9582703e-01
   3.3534925e-01
   2.9513154e-01
   2.7910493e-01
   2.8757181e-01
   3.1811309e-01
   3.6528576e-01
   4.2153009e-01
   4.7989114e-01
   5.3280920e-01
   5.7605080e-01
   6.0628968e-01
   6.2292108e-01
   6.2654974e-01
   6.1747808e-01
   5.9752041e-01
   5.6728152e-01
   5.2857575e-01
   4.8442697e-01
   4.3816148e-01
   3.9431509e-01
   3.5742365e-01
   3.3141820e-01
   3.1902026e-01
   3.2143937e-01
   3.3807076e-01
   3.6770486e-01
   4.0731781e-01
   4.5418808e-01
   5.0377986e-01
   5.5125491e-01
   5.9177502e-01
   6.1838524e-01
   6.2624735e-01
   6.1173268e-01
   5.7514363e-01
   5.1799214e-01
   4.4723314e-01
   3.7042637e-01
   2.9815542e-01
   2.3888721e-01
   2.0018143e-01
   1.8838827e-01
   2.0562443e-01
   2.5128515e-01
   3.2204415e-01
   4.1064409e-01
   5.0831569e-01
   6.0326580e-01
   6.8309646e-01
   7.3631690e-01
   7.5506501e-01
   7.3480496e-01
   6.7704869e-01
   5.8935591e-01
   4.8351981e-01
   3.7314787e-01
   2.7335954e-01
   1.9685515e-01
   1.5331116e-01
   1.4817055e-01
   1.8082854e-01
   2.4765648e-01
   3.3928031e-01
   4.4420925e-01
   5.4823103e-01
   6.3773813e-01
   7.0063502e-01
   7.2875717e-01
   7.1877835e-01
   6.7372241e-01
   6.0054430e-01
   5.1103719e-01
   4.1820381e-01
   3.3383731e-01
   2.6882371e-01
   2.3042032e-01
   2.2165104e-01
   2.4312065e-01
   2.9120048e-01
   3.6014515e-01
   4.4179014e-01
   5.2615664e-01
   6.0417296e-01
   6.6586029e-01
   7.0426368e-01
   7.1484729e-01
   6.9700635e-01
   6.5346235e-01
   5.8965830e-01
   5.1285153e-01
   4.3150892e-01
   3.5258542e-01
   2.8424554e-01
   2.3223465e-01
   2.0169338e-01
   1.9594799e-01
   2.1711520e-01
   2.6338071e-01
   3.2990626e-01
   4.0943453e-01
   4.9198669e-01
   5.6697913e-01
   6.2473541e-01
   6.5769579e-01
   6.6223163e-01
   6.3804052e-01
   5.8905352e-01
   5.2131841e-01
   4.4269731e-01
   3.6226186e-01
   2.8817659e-01
   2.2890838e-01
   1.9050499e-01
   1.7689749e-01
   1.8959782e-01
   2.2618688e-01
   2.8152403e-01
   3.4774720e-01
   4.1578470e-01
   4.7777441e-01
   5.2615664e-01
   5.5669791e-01
   5.6697913e-01
   5.5730269e-01
   5.2978530e-01
   4.8745086e-01
   4.3483520e-01
   3.7707892e-01
   3.1902026e-01
   2.6579982e-01
   2.2255821e-01
   1.9292410e-01
   1.7931660e-01
   1.8173571e-01
   1.9897187e-01
   2.2981554e-01
   2.7033565e-01
   3.1811309e-01
   3.6951920e-01
   4.2122770e-01
   4.6870275e-01
   5.0680375e-01
   5.3039008e-01
   5.3432114e-01
   5.1617780e-01
   4.7626247e-01
   4.1699425e-01
   3.4532809e-01
   2.7033565e-01
   2.0139098e-01
   1.4817055e-01
   1.1732688e-01
   1.1309343e-01
   1.3728454e-01
   1.8808587e-01
   2.6035682e-01
   3.4684003e-01
   4.3785908e-01
   5.2192319e-01
   5.8723919e-01
   6.2503780e-01
   6.2806169e-01
   5.9449652e-01
   5.2827336e-01
   4.3755670e-01
   3.3504687e-01
   2.3495615e-01
   1.5089204e-01
   9.4345325e-02
   7.3178108e-02
   8.9809492e-02
   1.4302994e-01
   2.2679165e-01
   3.3051103e-01
   4.4269731e-01
   5.4883580e-01
   6.3562141e-01
   6.9216813e-01
   7.1121862e-01
   6.9065618e-01
   6.3441185e-01
   5.5095253e-01
   4.5267614e-01
   3.5319020e-01
   2.6549743e-01
   1.9987904e-01
   1.6389477e-01
   1.6026610e-01
   1.8808587e-01
   2.4312065e-01
   3.1841548e-01
   4.0459631e-01
   4.9107953e-01
   5.6758391e-01
   6.2503780e-01
   6.5648624e-01
   6.5920774e-01
   6.3320230e-01
   5.8300574e-01
   5.1496824e-01
   4.3755670e-01
   3.5772604e-01
   2.8364076e-01
   2.2134865e-01
   1.7538555e-01
   1.4968250e-01
   1.4696099e-01
   1.6782582e-01
   2.1197460e-01
   2.7456910e-01
   3.4925914e-01
   4.2757787e-01
   4.9984880e-01
   5.5639552e-01
   5.9026308e-01
   5.9631085e-01
   5.7363169e-01
   5.2464469e-01
   4.5509525e-01
   3.7224070e-01
   2.8605987e-01
   2.0592682e-01
   1.4212277e-01
   1.0281221e-01
   9.3438160e-02
   1.1551255e-01
   1.6691866e-01
   2.4009676e-01
   3.2597521e-01
   4.1185364e-01
   4.8684608e-01
   5.4157847e-01
   5.7000303e-01
   5.7030541e-01
   5.4399758e-01
   4.9531297e-01
   4.3120653e-01
   3.5954037e-01
   2.8817659e-01
   2.2437254e-01
   1.7478077e-01
   1.4423949e-01
   1.3516782e-01
   1.4635622e-01
   1.7629271e-01
   2.1923193e-01
   2.7003326e-01
   3.2385848e-01
   3.7617176e-01
   4.2273964e-01
   4.6144541e-01
   4.8986997e-01
   5.0559419e-01
   5.0619897e-01
   4.9077714e-01
   4.5811915e-01
   4.1064409e-01
   3.5258542e-01
   2.8968854e-01
   2.3011793e-01
   1.8143332e-01
   1.4968249e-01
   1.3970366e-01
   1.5331116e-01
   1.8959782e-01
   2.4614454e-01
   3.1811309e-01
   3.9824614e-01
   4.7837919e-01
   5.4883580e-01
   6.0114908e-01
   6.2715452e-01
   6.2201390e-01
   5.8451769e-01
   5.1950408e-01
   4.3513758e-01
   3.4200181e-01
   2.5340187e-01
   1.8113093e-01
   1.3486544e-01
   1.2035076e-01
   1.4000605e-01
   1.9050499e-01
   2.6700937e-01
   3.5984276e-01
   4.5751436e-01
   5.4853341e-01
   6.2080435e-01
   6.6404596e-01
   6.7342002e-01
   6.4741457e-01
   5.8965830e-01
   5.0892047e-01
   4.1669186e-01
   3.2597521e-01
   2.4947082e-01
   1.9594799e-01
   1.7266404e-01
   1.8173571e-01
   2.2195342e-01
   2.8817659e-01
   3.7314786e-01
   4.6719081e-01
   5.5851225e-01
   6.3683096e-01
   6.9186574e-01
   7.1787118e-01
   7.1061385e-01
   6.7221046e-01
   6.0780163e-01
   5.2585425e-01
   4.3543997e-01
   3.4684003e-01
   2.6882371e-01
   2.0774115e-01
   1.6873299e-01
   1.5512549e-01
   1.6722104e-01
   2.0411249e-01
   2.6126399e-01
   3.3293015e-01
   4.1094648e-01
   4.8533414e-01
   5.4702147e-01
   5.8814635e-01
   6.0417297e-01
   5.9328697e-01
   5.5760508e-01
   5.0136075e-01
   4.3150892e-01
   3.5560931e-01
   2.8182643e-01
   2.1771999e-01
   1.7115210e-01
   1.4786815e-01
   1.5149683e-01
   1.8324765e-01
   2.4009676e-01
   3.1539159e-01
   4.0036287e-01
   4.8321741e-01
   5.5367402e-01
   6.0205625e-01
   6.2201391e-01
   6.1112791e-01
   5.7091019e-01
   5.0710614e-01
   4.2636831e-01
   3.3867553e-01
   2.5370426e-01
   1.8113093e-01
   1.2821288e-01
   1.0099788e-01
   1.0039310e-01
   1.2518899e-01
   1.6994254e-01
   2.2679165e-01
   2.8847898e-01
   3.4684003e-01
   3.9673420e-01
   4.3423042e-01
   4.5781675e-01
   4.6779558e-01
   4.6386453e-01
   4.4723314e-01
   4.1850620e-01
   3.7889326e-01
   3.3111582e-01
   2.7880254e-01
   2.2648926e-01
   1.7961899e-01
   1.4333232e-01
   1.2156032e-01
   1.1793166e-01
   1.3274871e-01
   1.6540671e-01
   2.1439371e-01
   2.7517388e-01
   3.4260659e-01
   4.0913215e-01
   4.6719080e-01
   5.0892047e-01
   5.2645902e-01
   5.1617780e-01
   4.7686725e-01
   4.1276081e-01
   3.3141820e-01
   2.4372543e-01
   1.6117326e-01
   9.6159656e-02
   5.6849106e-02
   4.9591770e-02
   7.6201992e-02
   1.3395827e-01
   2.1771999e-01
   3.1811309e-01
   4.2334442e-01
   5.2101603e-01
   5.9842757e-01
   6.4529785e-01
   6.5557907e-01
   6.2806169e-01
   5.6728152e-01
   4.8261264e-01
   3.8615058e-01
   2.9271243e-01
   2.1499848e-01
   1.6328999e-01
   1.4363471e-01
   1.5784699e-01
   2.0350771e-01
   2.7487148e-01
   3.6226186e-01
   4.5479287e-01
   5.4157847e-01
   6.1112791e-01
   6.5467191e-01
   6.6646508e-01
   6.4529785e-01
   5.9479891e-01
   5.2162080e-01
   4.3634714e-01
   3.4956153e-01
   2.7184760e-01
   2.1136982e-01
   1.7417599e-01
   1.6298760e-01
   1.7750226e-01
   2.1590565e-01
   2.7305715e-01
   3.4351376e-01
   4.1880859e-01
   4.9047475e-01
   5.5004536e-01
   5.9147263e-01
   6.0901119e-01
   6.0114908e-01
   5.7000302e-01
   5.1859691e-01
   4.5358331e-01
   3.8161475e-01
   3.0994859e-01
   2.4584215e-01
   1.9594799e-01
   1.6631388e-01
   1.6056849e-01
   1.8143332e-01
   2.2709404e-01
   2.9361960e-01
   3.7314786e-01
   4.5600242e-01
   5.3069247e-01
   5.8723919e-01
   6.1899002e-01
   6.2080436e-01
   5.9328696e-01
   5.4006652e-01
   4.6688842e-01
   3.8191715e-01
   2.9452676e-01
   2.1409132e-01
   1.4968249e-01
   1.0916238e-01
   9.7369216e-02
   1.1611732e-01
   1.6298760e-01
   2.3314182e-01
   3.1629876e-01
   4.0278197e-01
   4.8110069e-01
   5.4309042e-01
   5.8240097e-01
   5.9540369e-01
   5.8300574e-01
   5.4792863e-01
   4.9501058e-01
   4.3029936e-01
   3.6105231e-01
   2.9331721e-01
   2.3435137e-01
   1.8899304e-01
   1.6087087e-01
   1.5210160e-01
   1.6117326e-01
   1.8657393e-01
   2.2527970e-01
   2.7335954e-01
   3.2718476e-01
   3.8312670e-01
   4.3755670e-01
   4.8593891e-01
   5.2283036e-01
   5.4248564e-01
   5.4036891e-01
   5.1285153e-01
   4.6023586e-01
   3.8705776e-01
   2.9936498e-01
   2.0804354e-01
   1.2458421e-01
   5.9570608e-02
   2.1469612e-02
   1.5421830e-02
   4.3241606e-02
   1.0250983e-01
   1.8687632e-01
   2.8666465e-01
   3.9068642e-01
   4.8533414e-01
   5.5820986e-01
   5.9903236e-01
   6.0175385e-01
   5.6516480e-01
   4.9440580e-01
   3.9885093e-01
   2.9210765e-01
   1.8899304e-01
   1.0311460e-01
   4.5358325e-02
   2.2981548e-02
   3.8100996e-02
   8.9204715e-02
   1.7024494e-01
   2.7154520e-01
   3.8100998e-01
   4.8593892e-01
   5.7302691e-01
   6.3138796e-01
   6.5406712e-01
   6.3864529e-01
   5.8814636e-01
   5.1073480e-01
   4.1820381e-01
   3.2355609e-01
   2.3949199e-01
   1.7659510e-01
   1.4121560e-01
   1.3728454e-01
   1.6389476e-01
   2.1741759e-01
   2.9029332e-01
   3.7375265e-01
   4.5842153e-01
   5.3311158e-01
   5.8996068e-01
   6.2201391e-01
   6.2654974e-01
   6.0356818e-01
   5.5700030e-01
   4.9440580e-01
   4.2213487e-01
   3.4865437e-01
   2.8061687e-01
   2.2376776e-01
   1.8324766e-01
   1.6298760e-01
   1.6510432e-01
   1.9050499e-01
   2.3858481e-01
   3.0450559e-01
   3.8221953e-01
   4.6265497e-01
   5.3583308e-01
   5.9298457e-01
   6.2654974e-01
   6.3199274e-01
   6.0901119e-01
   5.5972180e-01
   4.8956758e-01
   4.0701542e-01
   3.2053220e-01
   2.4039915e-01
   1.7538554e-01
   1.3426066e-01
   1.2246750e-01
   1.4121560e-01
   1.8838827e-01
   2.5763532e-01
   3.3928031e-01
   4.2092531e-01
   4.9289386e-01
   5.4550952e-01
   5.7181736e-01
   5.7091018e-01
   5.4309041e-01
   4.9349863e-01
   4.2788025e-01
   3.5379498e-01
   2.7940731e-01
   2.1197459e-01
   1.5875415e-01
   1.2428182e-01
   1.1188388e-01
   1.2095555e-01
   1.4877532e-01
   1.9231932e-01
   2.4553976e-01
   3.0359843e-01
   3.6135470e-01
   4.1548231e-01
   4.6265497e-01
   5.0015119e-01
   5.2434231e-01
   5.3311158e-01
   5.2403992e-01
   4.9591775e-01
   4.5086180e-01
   3.9189597e-01
   3.2627759e-01
   2.6186876e-01
   2.0592682e-01
   1.6601149e-01
   1.4696099e-01
   1.5179921e-01
   1.8082854e-01
   2.3102509e-01
   2.9724826e-01
   3.7345026e-01
   4.4995464e-01
   5.1708497e-01
   5.6576958e-01
   5.8693680e-01
   5.7574841e-01
   5.3190203e-01
   4.5963109e-01
   3.6861204e-01
   2.7033565e-01
   1.7931660e-01
   1.0734805e-01
   6.5618384e-02
   5.9872997e-02
   9.1623829e-02
   1.5754459e-01
   2.5068037e-01
   3.6044753e-01
   4.7354097e-01
   5.7665558e-01
   6.5648624e-01
   7.0214697e-01
   7.0758996e-01
   6.7251285e-01
   6.0114907e-01
   5.0408225e-01
   3.9491987e-01
   2.8817659e-01
   1.9806471e-01
   1.3516782e-01
   1.0613849e-01
   1.1369821e-01
   1.5482310e-01
   2.2407015e-01
   3.1206532e-01
   4.0762020e-01
   4.9863925e-01
   5.7453885e-01
   6.2564257e-01
   6.4590263e-01
   6.3380708e-01
   5.9177502e-01
   5.2645902e-01
   4.4541881e-01
   3.5893559e-01
   2.7638342e-01
   2.0562443e-01
   1.5270638e-01
   1.2216510e-01
   1.1611732e-01
   1.3547021e-01
   1.7871182e-01
   2.4251588e-01
   3.2053221e-01
   4.0399153e-01
   4.8412458e-01
   5.5065013e-01
   5.9570608e-01
   6.1384941e-01
   6.0296341e-01
   5.6425763e-01
   5.0287269e-01
   4.2636831e-01
   3.4230420e-01
   2.6096159e-01
   1.9141215e-01
   1.4182038e-01
   1.1883883e-01
   1.2730572e-01
   1.6661627e-01
   2.3374660e-01
   3.2053220e-01
   4.1578470e-01
   5.0771092e-01
   5.8421530e-01
   6.3531901e-01
   6.5557907e-01
   6.4287875e-01
   6.0024191e-01
   5.3371635e-01
   4.5146659e-01
   3.6316903e-01
   2.7970970e-01
   2.0925310e-01
   1.5935893e-01
   1.3516782e-01
   1.3758694e-01
   1.6389476e-01
   2.0864832e-01
   2.6459026e-01
   3.2325370e-01
   3.7677654e-01
   4.1971575e-01
   4.4783792e-01
   4.6023586e-01
   4.5751436e-01
   4.4118537e-01
   4.1276081e-01
   3.7496220e-01
   3.3051103e-01
   2.8212882e-01
   2.3435138e-01
   1.9110976e-01
   1.5633504e-01
   1.3274871e-01
   1.2397943e-01
   1.3063199e-01
   1.5300877e-01
   1.9080738e-01
   2.4251588e-01
   3.0571515e-01
   3.7586937e-01
   4.4723314e-01
   5.1254914e-01
   5.6304808e-01
   5.9086785e-01
   5.9026308e-01
   5.5911702e-01
   5.0045358e-01
   4.2092531e-01
   3.3232537e-01
   2.4674932e-01
   1.7719988e-01
   1.3335349e-01
   1.2156032e-01
   1.4484427e-01
   1.9957665e-01
   2.8001209e-01
   3.7647414e-01
   4.7626248e-01
   5.6728152e-01
   6.3713335e-01
   6.7674630e-01
   6.8007257e-01
   6.4711218e-01
   5.8270335e-01
   4.9712731e-01
   4.0157242e-01
   3.1085576e-01
   2.3677048e-01
   1.8869066e-01
   1.7236165e-01
   1.8990021e-01
   2.3858482e-01
   3.1357726e-01
   4.0520109e-01
   5.0347747e-01
   5.9600846e-01
   6.7160569e-01
   7.1998791e-01
   7.3389779e-01
   7.1121862e-01
   6.5497430e-01
   5.7151497e-01
   4.7263381e-01
   3.7103115e-01
   2.7880254e-01
   2.0713638e-01
   1.6419715e-01
   1.5331116e-01
   1.7568793e-01
   2.2800121e-01
   3.0450559e-01
   3.9612942e-01
   4.9198669e-01
   5.8149380e-01
   6.5406712e-01
   7.0063502e-01
   7.1666163e-01
   7.0003024e-01
   6.5376474e-01
   5.8391291e-01
   4.9742969e-01
   4.0429392e-01
   3.1357725e-01
   2.3374660e-01
   1.7326882e-01
   1.3879648e-01
   1.3426066e-01
   1.6208043e-01
   2.2013909e-01
   3.0329604e-01
   4.0278197e-01
   5.0589658e-01
   5.9963713e-01
   6.7281524e-01
   7.1605685e-01
   7.2482613e-01
   6.9821591e-01
   6.4136680e-01
   5.6123374e-01
   4.6749319e-01
   3.7133353e-01
   2.8333837e-01
   2.1348654e-01
   1.6903538e-01
   1.5512549e-01
   1.7205927e-01
   2.1651043e-01
   2.8122164e-01
   3.5591170e-01
   4.3029936e-01
   4.9319625e-01
   5.3704264e-01
   5.5669791e-01
   5.5185969e-01
   5.2434230e-01
   4.7898397e-01
   4.2273964e-01
   3.6195948e-01
   3.0450559e-01
   2.5491382e-01
   2.1923193e-01
   1.9866949e-01
   1.9473843e-01
   2.0653160e-01
   2.3011793e-01
   2.6338071e-01
   3.0208649e-01
   3.4411854e-01
   3.8796492e-01
   4.3211370e-01
   4.7505292e-01
   5.1527063e-01
   5.4792864e-01
   5.6849108e-01
   5.7151497e-01
   5.5337164e-01
   5.1285153e-01
   4.5267614e-01
   3.7889326e-01
   3.0087693e-01
   2.2921077e-01
   1.7326883e-01
   1.4121561e-01
   1.3788933e-01
   1.6359238e-01
   2.1651043e-01
   2.8999092e-01
   3.7586936e-01
   4.6386453e-01
   5.4248563e-01
   6.0054430e-01
   6.3078319e-01
   6.2624735e-01
   5.8723919e-01
   5.1799214e-01
   4.2788025e-01
   3.2839431e-01
   2.3344421e-01
   1.5573027e-01
   1.0462655e-01
   8.7390384e-02
   1.0583610e-01
   1.5754460e-01
   2.3646810e-01
   3.3293014e-01
   4.3483520e-01
   5.2948291e-01
   6.0417297e-01
   6.4832174e-01
   6.5557907e-01
   6.2443302e-01
   5.5911702e-01
   4.6840036e-01
   3.6498337e-01
   2.6247354e-01
   1.7417599e-01
   1.1158149e-01
   8.1644991e-02
   8.7390384e-02
   1.2791049e-01
   1.9806470e-01
   2.8999092e-01
   3.9280314e-01
   4.9501058e-01
   5.8482008e-01
   6.5134563e-01
   6.8793469e-01
   6.9095857e-01
   6.6132447e-01
   6.0417296e-01
   5.2827336e-01
   4.4209252e-01
   3.5591170e-01
   2.7850015e-01
   2.1620804e-01
   1.7478077e-01
   1.5724221e-01
   1.6510433e-01
   1.9806471e-01
   2.5340187e-01
   3.2537043e-01
   4.0671303e-01
   4.8714847e-01
   5.5730269e-01
   6.0870880e-01
   6.3501663e-01
   6.3289991e-01
   6.0356819e-01
   5.5095252e-01
   4.8110069e-01
   4.0217720e-01
   3.2325370e-01
   2.5249470e-01
   1.9897188e-01
   1.6933776e-01
   1.6782582e-01
   1.9564560e-01
   2.4947082e-01
   3.2355609e-01
   4.0762020e-01
   4.9047475e-01
   5.6183852e-01
   6.1173268e-01
   6.3562141e-01
   6.3017841e-01
   5.9752041e-01
   5.4188085e-01
   4.7021470e-01
   3.9038404e-01
   3.1115815e-01
   2.4070154e-01
   1.8566677e-01
   1.5210160e-01
   1.4151799e-01
   1.5391593e-01
   1.8657393e-01
   2.3435138e-01
   2.9150287e-01
   3.5228303e-01
   4.1155125e-01
   4.6567886e-01
   5.1103719e-01
   5.4429997e-01
   5.6335047e-01
   5.6486241e-01
   5.4702147e-01
   5.0982764e-01
   4.5509525e-01
   3.8796492e-01
   3.1629876e-01
   2.4795887e-01
   1.9201693e-01
   1.5573027e-01
   1.4393710e-01
   1.5814938e-01
   1.9836710e-01
   2.6065920e-01
   3.3897793e-01
   4.2576353e-01
   5.1133958e-01
   5.8542486e-01
   6.3834291e-01
   6.6132446e-01
   6.4922891e-01
   6.0175385e-01
   5.2343514e-01
   4.2364680e-01
   3.1569399e-01
   2.1348654e-01
   1.3093438e-01
   7.9225883e-02
   6.5013607e-02
   8.9809492e-02
   1.5149682e-01
   2.4281826e-01
   3.5228303e-01
   4.6719080e-01
   5.7302691e-01
   6.5678863e-01
   7.0819474e-01
   7.2119746e-01
   6.9488962e-01
   6.3471424e-01
   5.4974297e-01
   4.5358331e-01
   3.5954037e-01
   2.8061687e-01
   2.2618687e-01
   2.0199577e-01
   2.1016027e-01
   2.4765648e-01
   3.0934382e-01
   3.8736014e-01
   4.7142425e-01
   5.5095253e-01
   6.1626852e-01
   6.5920774e-01
   6.7372241e-01
   6.5860296e-01
   6.1505896e-01
   5.4853341e-01
   4.6749319e-01
   3.8010282e-01
   2.9573632e-01
   2.2225582e-01
   1.6540671e-01
   1.3032960e-01
   1.1914122e-01
   1.3305110e-01
   1.7115210e-01
   2.2890838e-01
   3.0117931e-01
   3.7980042e-01
   4.5509525e-01
   5.1859691e-01
   5.6244330e-01
   5.8119141e-01
   5.7363169e-01
   5.4036891e-01
   4.8563653e-01
   4.1548231e-01
   3.3746598e-01
   2.5975204e-01
   1.9080738e-01
   1.3940127e-01
   1.1127910e-01
   1.1248866e-01
   1.4423949e-01
   2.0381010e-01
   2.8394315e-01
   3.7526459e-01
   4.6507409e-01
   5.4157847e-01
   5.9510130e-01
   6.1899002e-01
   6.1112791e-01
   5.7393408e-01
   5.1285153e-01
   4.3604475e-01
   3.5379498e-01
   2.7577865e-01
   2.1076504e-01
   1.6661627e-01
   1.4756576e-01
   1.5421832e-01
   1.8475960e-01
   2.3374660e-01
   2.9271242e-01
   3.5409736e-01
   4.0973692e-01
   4.5388569e-01
   4.8261264e-01
   4.9440580e-01
   4.9017236e-01
   4.7112186e-01
   4.3967342e-01
   3.9854853e-01
   3.5046870e-01
   2.9966737e-01
   2.5068037e-01
   2.0774115e-01
   1.7478077e-01
   1.5542788e-01
   1.5119443e-01
   1.6298761e-01
   1.8990021e-01
   2.2981554e-01
   2.8091926e-01
   3.3958270e-01
   4.0157242e-01
   4.6174781e-01
   5.1375869e-01
   5.5004536e-01
   5.6486241e-01
   5.5337164e-01
   5.1466586e-01
   4.5237375e-01
   3.7284548e-01
   2.8636226e-01
   2.0411249e-01
   1.3728455e-01
   9.4345325e-02
   8.1342602e-02
   1.0009071e-01
   1.4998488e-01
   2.2497732e-01
   3.1781070e-01
   4.1699426e-01
   5.1103719e-01
   5.8754158e-01
   6.3652857e-01
   6.4983368e-01
   6.2594497e-01
   5.6758391e-01
   4.8261264e-01
   3.8282431e-01
   2.8212882e-01
   1.9292410e-01
   1.2760811e-01
   9.3438160e-02
   9.4345325e-02
   1.2972483e-01
   1.9564560e-01
   2.8364076e-01
   3.8252192e-01
   4.8079830e-01
   5.6486242e-01
   6.2382824e-01
   6.5013607e-01
   6.4015724e-01
   5.9661325e-01
   5.2555186e-01
   4.3816148e-01
   3.4593287e-01
   2.6186876e-01
   1.9594799e-01
   1.5542788e-01
   1.4484427e-01
   1.6480193e-01
   2.1257938e-01
   2.8212882e-01
   3.6619292e-01
   4.5509525e-01
   5.3825219e-01
   6.0659207e-01
   6.5225279e-01
   6.7100090e-01
   6.6041729e-01
   6.2322346e-01
   5.6456003e-01
   4.9107953e-01
   4.1003931e-01
   3.2899909e-01
   2.5551859e-01
   1.9625037e-01
   1.5693982e-01
   1.4182038e-01
   1.5421832e-01
   1.9352887e-01
   2.5642577e-01
   3.3595403e-01
   4.2273964e-01
   5.0529180e-01
   5.7302691e-01
   6.1778047e-01
   6.3380707e-01
   6.1868763e-01
   5.7635319e-01
   5.1103719e-01
   4.3090415e-01
   3.4563047e-01
   2.6519504e-01
   1.9897188e-01
   1.5512549e-01
   1.3849410e-01
   1.5149683e-01
   1.9201693e-01
   2.5370426e-01
   3.2839431e-01
   4.0580587e-01
   4.7596008e-01
   5.3069247e-01
   5.6456002e-01
   5.7574841e-01
   5.6425763e-01
   5.3311158e-01
   4.8624130e-01
   4.2878741e-01
   3.6619292e-01
   3.0480798e-01
   2.4947082e-01
   2.0592682e-01
   1.7780465e-01
   1.6722104e-01
   1.7387360e-01
   1.9685516e-01
   2.3283943e-01
   2.7850015e-01
   3.2990626e-01
   3.8312670e-01
   4.3362564e-01
   4.7747202e-01
   5.0952525e-01
   5.2524946e-01
   5.2101603e-01
   4.9561536e-01
   4.4995464e-01
   3.8947686e-01
   3.2083459e-01
   2.5309949e-01
   1.9564560e-01
   1.5603265e-01
   1.3940127e-01
   1.4877532e-01
   1.8355005e-01
   2.4009676e-01
   3.1357726e-01
   3.9552465e-01
   4.7777441e-01
   5.4944058e-01
   6.0114908e-01
   6.2564257e-01
   6.1747808e-01
   5.7665558e-01
   5.0740852e-01
   4.1820381e-01
   3.2174175e-01
   2.3042032e-01
   1.5693982e-01
   1.1097672e-01
   9.9183547e-02
   1.2246750e-01
   1.7931660e-01
   2.6338071e-01
   3.6407620e-01
   4.6960992e-01
   5.6728152e-01
   6.4348352e-01
   6.8823707e-01
   6.9488963e-01
   6.6162685e-01
   5.9328696e-01
   4.9954641e-01
   3.9250075e-01
   2.8696704e-01
   1.9685516e-01
   1.3214393e-01
   1.0009071e-01
   1.0371938e-01
   1.4121560e-01
   2.0713638e-01
   2.9361959e-01
   3.8977925e-01
   4.8472936e-01
   5.6667675e-01
   6.2685213e-01
   6.5830057e-01
   6.5799818e-01
   6.2715452e-01
   5.7060780e-01
   4.9652253e-01
   4.1427276e-01
   3.3232537e-01
   2.5914726e-01
   2.0108860e-01
   1.6359238e-01
   1.5028727e-01
   1.6177804e-01
   1.9836710e-01
   2.5612338e-01
   3.2990626e-01
   4.1124886e-01
   4.9138191e-01
   5.5941941e-01
   6.0719686e-01
   6.2836407e-01
   6.1959480e-01
   5.8330813e-01
   5.2283036e-01
   4.4572120e-01
   3.6105231e-01
   2.7819776e-01
   2.0743877e-01
   1.5784699e-01
   1.3577260e-01
   1.4635621e-01
   1.8838827e-01
   2.5763532e-01
   3.4563048e-01
   4.4118536e-01
   5.3129725e-01
   6.0417297e-01
   6.5164802e-01
   6.6797702e-01
   6.5255519e-01
   6.0870880e-01
   5.4339280e-01
   4.6356214e-01
   3.7919564e-01
   2.9876020e-01
   2.3042032e-01
   1.8022377e-01
   1.5240399e-01
   1.4938010e-01
   1.6933777e-01
   2.0834593e-01
   2.6065920e-01
   3.1962504e-01
   3.7798608e-01
   4.3060175e-01
   4.7354098e-01
   5.0317508e-01
   5.1859691e-01
   5.1829452e-01
   5.0287269e-01
   4.7233142e-01
   4.2878742e-01
   3.7586936e-01
   3.1781070e-01
   2.6065921e-01
   2.1136982e-01
   1.7478077e-01
   1.5482311e-01
   1.5391593e-01
   1.7296643e-01
   2.0985787e-01
   2.6277593e-01
   3.2748715e-01
   3.9824614e-01
   4.6840037e-01
   5.3008769e-01
   5.7514363e-01
   5.9631085e-01
   5.8814636e-01
   5.5065013e-01
   4.8684609e-01
   4.0459631e-01
   3.1448443e-01
   2.3011793e-01
   1.6238282e-01
   1.2065316e-01
   1.1097672e-01
   1.3486544e-01
   1.9020259e-01
   2.6973087e-01
   3.6437859e-01
   4.6235258e-01
   5.5095253e-01
   6.1838524e-01
   6.5497430e-01
   6.5527668e-01
   6.1838524e-01
   5.5004536e-01
   4.5932869e-01
   3.5954037e-01
   2.6398548e-01
   1.8566677e-01
   1.3486543e-01
   1.1762927e-01
   1.3547021e-01
   1.8596915e-01
   2.6307832e-01
   3.5742364e-01
   4.5811914e-01
   5.5216208e-01
   6.2927124e-01
   6.7825824e-01
   6.9368007e-01
   6.7372241e-01
   6.2201391e-01
   5.4520713e-01
   4.5449047e-01
   3.6135470e-01
   2.7759298e-01
   2.1227698e-01
   1.7236165e-01
   1.6087087e-01
   1.7871182e-01
   2.2286060e-01
   2.8817660e-01
   3.6770487e-01
   4.5237375e-01
   5.3220441e-01
   5.9752041e-01
   6.4045963e-01
   6.5618386e-01
   6.4227397e-01
   6.0175385e-01
   5.3885697e-01
   4.6084064e-01
   3.7617176e-01
   2.9361959e-01
   2.2074387e-01
   1.6570910e-01
   1.3365588e-01
   1.2881766e-01
   1.5391593e-01
   2.0653160e-01
   2.8243120e-01
   3.7314786e-01
   4.6809798e-01
   5.5609314e-01
   6.2624735e-01
   6.6918657e-01
   6.8067735e-01
   6.5920774e-01
   6.0840641e-01
   5.3341397e-01
   4.4299970e-01
   3.4744481e-01
   2.5642576e-01
   1.7992138e-01
   1.2639855e-01
   1.0130027e-01
   1.0704566e-01
   1.4182038e-01
   2.0018143e-01
   2.7335954e-01
   3.5137587e-01
   4.2425159e-01
   4.8321742e-01
   5.2283036e-01
   5.3976414e-01
   5.3432114e-01
   5.0801330e-01
   4.6477170e-01
   4.0943453e-01
   3.4774720e-01
   2.8636226e-01
   2.3132748e-01
   1.8748110e-01
   1.6056849e-01
   1.5240399e-01
   1.6389476e-01
   1.9322648e-01
   2.3798004e-01
   2.9392199e-01
   3.5742365e-01
   4.2394920e-01
   4.8835803e-01
   5.4581191e-01
   5.8996069e-01
   6.1626852e-01
   6.1929241e-01
   5.9661324e-01
   5.4944058e-01
   4.8231025e-01
   4.0278197e-01
   3.2053220e-01
   2.4584215e-01
   1.8869066e-01
   1.5542788e-01
   1.5028727e-01
   1.7447838e-01
   2.2467493e-01
   2.9664348e-01
   3.8221953e-01
   4.7172664e-01
   5.5458119e-01
   6.2050196e-01
   6.5951013e-01
   6.6586029e-01
   6.3713335e-01
   5.7665558e-01
   4.9228908e-01
   3.9491986e-01
   2.9785304e-01
   2.1409133e-01
   1.5452071e-01
   1.2609616e-01
   1.3305110e-01
   1.7447838e-01
   2.4523737e-01
   3.3746598e-01
   4.3937104e-01
   5.3855458e-01
   6.2201391e-01
   6.7765346e-01
   6.9821590e-01
   6.7977018e-01
   6.2564257e-01
   5.4309041e-01
   4.4330209e-01
   3.4018748e-01
   2.4735409e-01
   1.7659510e-01
   1.3486544e-01
   1.2700333e-01
   1.5300877e-01
   2.0834593e-01
   2.8666465e-01
   3.7738131e-01
   4.6991231e-01
   5.5246447e-01
   6.1505896e-01
   6.5043846e-01
   6.5497430e-01
   6.2866646e-01
   5.7695797e-01
   5.0650135e-01
   4.2606592e-01
   3.4472332e-01
   2.7094042e-01
   2.1167220e-01
   1.7266404e-01
   1.5754459e-01
   1.6843060e-01
   2.0592682e-01
   2.6670698e-01
   3.4502570e-01
   4.3302087e-01
   5.2041125e-01
   5.9691563e-01
   6.5346235e-01
   6.8309646e-01
   6.8309646e-01
   6.5436951e-01
   6.0054430e-01
   5.2887814e-01
   4.4783792e-01
   3.6619292e-01
   2.9271242e-01
   2.3677048e-01
   2.0441488e-01
   2.0048382e-01
   2.2558209e-01
   2.7759298e-01
   3.4956153e-01
   4.3241609e-01
   5.1466586e-01
   5.8542486e-01
   6.3562141e-01
   6.5830058e-01
   6.5164802e-01
   6.1596613e-01
   5.5609313e-01
   4.7837920e-01
   3.9159358e-01
   3.0480798e-01
   2.2709404e-01
   1.6540671e-01
   1.2700332e-01
   1.1400060e-01
   1.2579377e-01
   1.5905654e-01
   2.0743877e-01
   2.6338071e-01
   3.1992742e-01
   3.7012398e-01
   4.0943453e-01
   4.3483520e-01
   4.4481403e-01
   4.3937103e-01
   4.1850620e-01
   3.8373148e-01
   3.3837315e-01
   2.8575748e-01
   2.3102510e-01
   1.7992138e-01
   1.3788932e-01
   1.0976716e-01
   9.8578770e-02
   1.0613849e-01
   1.3093438e-01
   1.7205927e-01
   2.2618688e-01
   2.8938615e-01
   3.5560931e-01
   4.1941337e-01
   4.7263380e-01
   5.0892048e-01
   5.2162080e-01
   5.0619897e-01
   4.6295737e-01
   3.9491986e-01
   3.0964620e-01
   2.1832476e-01
   1.3244632e-01
   6.3804053e-02
   2.0864829e-02
   1.0885997e-02
   3.4169940e-02
   8.9507103e-02
   1.7115209e-01
   2.6852132e-01
   3.7103114e-01
   4.6446931e-01
   5.3674024e-01
   5.7665557e-01
   5.7846991e-01
   5.4036891e-01
   4.6779559e-01
   3.7103115e-01
   2.6307832e-01
   1.5935893e-01
   7.4085273e-02
   1.8445721e-02
   0.0000000e+00
   2.0260052e-02
   7.7713934e-02
   1.6449954e-01
   2.7184759e-01
   3.8736014e-01
   4.9742969e-01
   5.8965830e-01
   6.5376474e-01
   6.8218930e-01
   6.7311763e-01
   6.2866647e-01
   5.5518597e-01
   4.6265498e-01
   3.6195948e-01
   2.6428787e-01
   1.7931660e-01
   1.1460538e-01
   7.5899604e-02
   6.5618384e-02
   8.4668882e-02
   1.3063199e-01
   1.9866949e-01
   2.8152404e-01
   3.6891442e-01
   4.5055941e-01
   5.1648019e-01
   5.5881463e-01
   5.7211974e-01
   5.5488358e-01
   5.1013003e-01
   4.4330209e-01
   3.6165709e-01
   2.7426671e-01
   1.9110976e-01
   1.2095555e-01
   7.3178108e-02
   5.3825215e-02
   6.6827937e-02
   1.1218627e-01
   1.8536437e-01
   2.7850015e-01
   3.7919564e-01
   4.7444814e-01
   5.5185969e-01
   6.0145147e-01
   6.1808285e-01
   5.9963713e-01
   5.5065014e-01
   4.7716964e-01
   3.8917448e-01
   2.9785303e-01
   2.1348654e-01
   1.4696099e-01
   1.0583610e-01
   9.4647713e-02
   1.1521016e-01
   1.6359238e-01
   2.3374659e-01
   3.1569398e-01
   3.9885092e-01
   4.7354097e-01
   5.3039008e-01
   5.6516480e-01
   5.7484125e-01
   5.6062897e-01
   5.2494708e-01
   4.7323858e-01
   4.1155126e-01
   3.4563047e-01
   2.8303598e-01
   2.3042031e-01
   1.9322648e-01
   1.7538554e-01
   1.7871182e-01
   2.0199576e-01
   2.4251587e-01
   2.9573632e-01
   3.5681887e-01
   4.2062292e-01
   4.8170548e-01
   5.3643786e-01
   5.8028425e-01
   6.0901118e-01
   6.1868763e-01
   6.0749925e-01
   5.7423646e-01
   5.2162080e-01
   4.5418808e-01
   3.8040520e-01
   3.0843664e-01
   2.4916843e-01
   2.0864832e-01
   1.9322649e-01
   2.0471726e-01
   2.4251587e-01
   3.0359842e-01
   3.8131237e-01
   4.6930753e-01
   5.5730269e-01
   6.3562141e-01
   6.9488963e-01
   7.2573329e-01
   7.2361657e-01
   6.8732991e-01
   6.1959480e-01
   5.2948292e-01
   4.2757786e-01
   3.2809192e-01
   2.4312065e-01
   1.8445721e-01
   1.5935893e-01
   1.7054732e-01
   2.1741760e-01
   2.9452676e-01
   3.9250075e-01
   4.9833686e-01
   5.9903236e-01
   6.8067735e-01
   7.3178107e-01
   7.4508618e-01
   7.1787118e-01
   6.5467191e-01
   5.6395525e-01
   4.5872392e-01
   3.5409737e-01
   2.6428787e-01
   2.0139098e-01
   1.7236165e-01
   1.8113093e-01
   2.2558209e-01
   3.0027215e-01
   3.9582703e-01
   4.9984880e-01
   6.0024191e-01
   6.8430601e-01
   7.4145752e-01
   7.6443907e-01
   7.5173873e-01
   7.0547324e-01
   6.3229513e-01
   5.4157847e-01
   4.4451165e-01
   3.5137587e-01
   2.7094042e-01
   2.1046266e-01
   1.7417599e-01
   1.6449955e-01
   1.8143332e-01
   2.2255821e-01
   2.8333838e-01
   3.5681887e-01
   4.3423042e-01
   5.0589658e-01
   5.6274569e-01
   5.9752041e-01
   6.0538252e-01
   5.8663441e-01
   5.4309042e-01
   4.7989114e-01
   4.0489869e-01
   3.2537042e-01
   2.4977321e-01
   1.8596915e-01
   1.4091321e-01
   1.2035077e-01
   1.2791049e-01
   1.6510432e-01
   2.2830360e-01
   3.1206531e-01
   4.0731781e-01
   5.0196553e-01
   5.8542486e-01
   6.4711218e-01
   6.8037496e-01
   6.8158451e-01
   6.5104324e-01
   5.9298458e-01
   5.1406108e-01
   4.2364680e-01
   3.3141820e-01
   2.4856365e-01
   1.8385243e-01
   1.4393710e-01
   1.3244633e-01
   1.4907771e-01
   1.9050499e-01
   2.4886604e-01
   3.1629876e-01
   3.8584820e-01
   4.4904747e-01
   5.0136075e-01
   5.3915936e-01
   5.6062897e-01
   5.6425763e-01
   5.5125491e-01
   5.2162080e-01
   4.7837920e-01
   4.2485636e-01
   3.6710009e-01
   3.1176293e-01
   2.6428787e-01
   2.3132749e-01
   2.1590566e-01
   2.2013909e-01
   2.4312065e-01
   2.8273359e-01
   3.3504687e-01
   3.9612942e-01
   4.5963109e-01
   5.1920170e-01
   5.6818869e-01
   5.9963713e-01
   6.0780163e-01
   5.8875114e-01
   5.4278803e-01
   4.7354097e-01
   3.8887209e-01
   2.9906259e-01
   2.1560326e-01
   1.4998488e-01
   1.1067432e-01
   1.0341699e-01
   1.2972483e-01
   1.8748110e-01
   2.7033565e-01
   3.6951920e-01
   4.7263380e-01
   5.6788630e-01
   6.4197157e-01
   6.8521318e-01
   6.9065618e-01
   6.5739340e-01
   5.8935591e-01
   4.9591775e-01
   3.9038404e-01
   2.8636226e-01
   1.9806471e-01
   1.3698215e-01
   1.1006955e-01
   1.2125794e-01
   1.6873299e-01
   2.4614454e-01
   3.4472331e-01
   4.5176897e-01
   5.5306925e-01
   6.3622619e-01
   6.8853946e-01
   7.0335651e-01
   6.7825824e-01
   6.1717568e-01
   5.2797097e-01
   4.2425159e-01
   3.2022981e-01
   2.2921076e-01
   1.6238282e-01
   1.2791049e-01
   1.2760810e-01
   1.6117327e-01
   2.2346537e-01
   3.0662231e-01
   4.0096764e-01
   4.9501058e-01
   5.7816753e-01
   6.4136680e-01
   6.7765346e-01
   6.8339885e-01
   6.5951013e-01
   6.0991836e-01
   5.4127608e-01
   4.6205019e-01
   3.7980042e-01
   3.0329603e-01
   2.3918960e-01
   1.9383126e-01
   1.7084971e-01
   1.7417599e-01
   2.0350771e-01
   2.5763531e-01
   3.3081343e-01
   4.1487753e-01
   5.0075597e-01
   5.7786514e-01
   6.3683096e-01
   6.7069851e-01
   6.7644391e-01
   6.5376474e-01
   6.0598730e-01
   5.3855458e-01
   4.5842153e-01
   3.7405503e-01
   2.9392198e-01
   2.2618688e-01
   1.7871182e-01
   1.5663744e-01
   1.6328999e-01
   1.9806471e-01
   2.5703054e-01
   3.3202298e-01
   4.1427276e-01
   4.9289386e-01
   5.5790747e-01
   6.0296341e-01
   6.2292108e-01
   6.1717569e-01
   5.8663441e-01
   5.3583308e-01
   4.7142426e-01
   4.0066526e-01
   3.3202298e-01
   2.7305715e-01
   2.3011793e-01
   2.0774115e-01
   2.0683398e-01
   2.2648926e-01
   2.6217115e-01
   3.0873904e-01
   3.6044753e-01
   4.1185364e-01
   4.5932869e-01
   4.9803447e-01
   5.2615664e-01
   5.4097369e-01
   5.3946175e-01
   5.2071364e-01
   4.8412458e-01
   4.3241608e-01
   3.6951920e-01
   3.0269126e-01
   2.3949199e-01
   1.8778349e-01
   1.5482310e-01
   1.4454188e-01
   1.5996371e-01
   2.0018143e-01
   2.6156637e-01
   3.3958270e-01
   4.2606592e-01
   5.1224675e-01
   5.8754158e-01
   6.4166918e-01
   6.6676747e-01
   6.5769580e-01
   6.1324463e-01
   5.3855458e-01
   4.4209252e-01
   3.3716359e-01
   2.3737526e-01
   1.5603266e-01
   1.0432416e-01
   8.8599931e-02
   1.1158149e-01
   1.7024494e-01
   2.5824010e-01
   3.6468098e-01
   4.7656486e-01
   5.7998186e-01
   6.6041730e-01
   7.0728757e-01
   7.1363774e-01
   6.7886302e-01
   6.0749924e-01
   5.1013003e-01
   4.0066525e-01
   2.9482915e-01
   2.0622921e-01
   1.4665860e-01
   1.2246749e-01
   1.3577260e-01
   1.8355005e-01
   2.5914726e-01
   3.5258543e-01
   4.5237375e-01
   5.4611430e-01
   6.2201390e-01
   6.7069851e-01
   6.8732991e-01
   6.6948896e-01
   6.2171152e-01
   5.5065013e-01
   4.6628364e-01
   3.7949804e-01
   3.0087693e-01
   2.3888721e-01
   1.9927427e-01
   1.8536438e-01
   1.9897188e-01
   2.3767765e-01
   2.9815542e-01
   3.7465981e-01
   4.5932869e-01
   5.4278802e-01
   6.1566375e-01
   6.6888418e-01
   6.9640157e-01
   6.9428485e-01
   6.6313879e-01
   6.0628968e-01
   5.2918053e-01
   4.3967342e-01
   3.4684003e-01
   2.5854248e-01
   1.8355004e-01
   1.2881766e-01
   1.0069550e-01
   1.0160266e-01
   1.3244632e-01
   1.8990021e-01
   2.6640459e-01
   3.5288781e-01
   4.3785909e-01
   5.1133958e-01
   5.6425763e-01
   5.9086785e-01
   5.8905352e-01
   5.6032658e-01
   5.0892047e-01
   4.4118537e-01
   3.6528576e-01
   2.9059570e-01
   2.2527971e-01
   1.7780465e-01
   1.5421832e-01
   1.5724221e-01
   1.8687632e-01
   2.3888721e-01
   3.0662231e-01
   3.8161476e-01
   4.5509525e-01
   5.1889930e-01
   5.6758391e-01
   5.9721803e-01
   6.0598730e-01
   5.9449652e-01
   5.6365286e-01
   5.1587541e-01
   4.5600241e-01
   3.8856970e-01
   3.2053221e-01
   2.5884487e-01
   2.0925310e-01
   1.7750226e-01
   1.6661627e-01
   1.7719988e-01
   2.0804354e-01
   2.5582098e-01
   3.1599637e-01
   3.8342909e-01
   4.5116420e-01
   5.1285153e-01
   5.6093136e-01
   5.8965829e-01
   5.9298457e-01
   5.6909585e-01
   5.1950408e-01
   4.4904747e-01
   3.6649531e-01
   2.8273359e-01
   2.0864832e-01
   1.5421832e-01
   1.2670094e-01
   1.2972483e-01
   1.6328999e-01
   2.2346537e-01
   3.0329603e-01
   3.9461747e-01
   4.8593891e-01
   5.6607196e-01
   6.2503779e-01
   6.5406713e-01
   6.4922891e-01
   6.0931358e-01
   5.4036891e-01
   4.5116420e-01
   3.5379498e-01
   2.6096159e-01
   1.8506199e-01
   1.3547021e-01
   1.1853644e-01
   1.3516782e-01
   1.8385243e-01
   2.5854248e-01
   3.4986392e-01
   4.4753553e-01
   5.3855458e-01
   6.1143030e-01
   6.5618385e-01
   6.6676746e-01
   6.4257635e-01
   5.8663441e-01
   5.0831569e-01
   4.1971575e-01
   3.3323253e-01
   2.6186876e-01
   2.1439371e-01
   1.9655277e-01
   2.1016026e-01
   2.5188993e-01
   3.1690354e-01
   3.9612942e-01
   4.8049592e-01
   5.5941941e-01
   6.2382824e-01
   6.6586029e-01
   6.8097974e-01
   6.6706985e-01
   6.2685213e-01
   5.6516480e-01
   4.8926519e-01
   4.0731781e-01
   3.2657998e-01
   2.5521621e-01
   1.9776232e-01
   1.5966132e-01
   1.4393710e-01
   1.5270638e-01
   1.8687633e-01
   2.4312065e-01
   3.1690353e-01
   4.0006047e-01
   4.8291502e-01
   5.5548836e-01
   6.0810402e-01
   6.3441185e-01
   6.3078319e-01
   5.9812519e-01
   5.4097369e-01
   4.6567886e-01
   3.8100997e-01
   2.9664348e-01
   2.2165104e-01
   1.6480193e-01
   1.3305110e-01
   1.3063199e-01
   1.5905654e-01
   2.1469610e-01
   2.9089809e-01
   3.7738131e-01
   4.6356214e-01
   5.3794980e-01
   5.9328696e-01
   6.2292107e-01
   6.2503779e-01
   6.0175386e-01
   5.5700030e-01
   4.9682492e-01
   4.2818264e-01
   3.5802842e-01
   2.9422437e-01
   2.4191109e-01
   2.0592682e-01
   1.8959782e-01
   1.9262171e-01
   2.1378893e-01
   2.4947082e-01
   2.9603870e-01
   3.4895676e-01
   4.0338675e-01
   4.5690958e-01
   5.0498942e-01
   5.4460236e-01
   5.7272452e-01
   5.8482007e-01
   5.7937708e-01
   5.5458119e-01
   5.1254914e-01
   4.5690958e-01
   3.9491986e-01
   3.3353492e-01
   2.8091926e-01
   2.4372543e-01
   2.2679165e-01
   2.3162987e-01
   2.5884487e-01
   3.0511037e-01
   3.6589053e-01
   4.3574237e-01
   5.0529181e-01
   5.6697913e-01
   6.1112791e-01
   6.3048080e-01
   6.2019957e-01
   5.7846992e-01
   5.1013002e-01
   4.2183247e-01
   3.2567281e-01
   2.3374659e-01
   1.5814938e-01
   1.0855761e-01
   9.1321434e-02
   1.0916238e-01
   1.5966132e-01
   2.3707287e-01
   3.3202298e-01
   4.3302086e-01
   5.2645902e-01
   6.0054430e-01
   6.4439069e-01
   6.5104325e-01
   6.1959480e-01
   5.5397641e-01
   4.6356214e-01
   3.6135470e-01
   2.6186876e-01
   1.7901421e-01
   1.2397943e-01
   1.0432416e-01
   1.2216510e-01
   1.7599032e-01
   2.5884487e-01
   3.6105231e-01
   4.7051708e-01
   5.7393408e-01
   6.5830057e-01
   7.1303296e-01
   7.3178107e-01
   7.1212579e-01
   6.5830058e-01
   5.7816752e-01
   4.8291502e-01
   3.8584820e-01
   2.9815542e-01
   2.3072271e-01
   1.8899304e-01
   1.7689749e-01
   1.9443604e-01
   2.3828243e-01
   3.0269126e-01
   3.8070759e-01
   4.6295736e-01
   5.3976414e-01
   6.0235863e-01
   6.4287874e-01
   6.5648624e-01
   6.4257635e-01
   6.0296341e-01
   5.4218324e-01
   4.6749319e-01
   3.8615059e-01
   3.0541276e-01
   2.3314182e-01
   1.7538555e-01
   1.3879649e-01
   1.2700332e-01
   1.4242516e-01
   1.8506198e-01
   2.5068037e-01
   3.3202298e-01
   4.1911098e-01
   5.0105836e-01
   5.6667675e-01
   6.0780163e-01
   6.1959480e-01
   6.0024191e-01
   5.5337164e-01
   4.8442697e-01
   4.0187481e-01
   3.1569398e-01
   2.3525854e-01
   1.7054732e-01
   1.2881766e-01
   1.1521016e-01
   1.3123677e-01
   1.7508316e-01
   2.3949199e-01
   3.1660115e-01
   3.9552465e-01
   4.6628363e-01
   5.2041124e-01
   5.5185969e-01
   5.5851225e-01
   5.4067130e-01
   5.0136075e-01
   4.4481403e-01
   3.7768369e-01
   3.0662231e-01
   2.3888721e-01
   1.8143332e-01
   1.4000605e-01
   1.1853643e-01
   1.1853643e-01
   1.3940127e-01
   1.7931660e-01
   2.3404898e-01
   2.9876020e-01
   3.6982159e-01
   4.4269730e-01
   5.1254914e-01
   5.7514364e-01
   6.2413063e-01
   6.5376474e-01
   6.5951013e-01
   6.3804052e-01
   5.8996069e-01
   5.1920169e-01
   4.3392803e-01
   3.4411854e-01
   2.6126399e-01
   1.9564560e-01
   1.5573027e-01
   1.4635621e-01
   1.6843060e-01
   2.1923193e-01
   2.9301481e-01
   3.8100998e-01
   4.7142425e-01
   5.5276686e-01
   6.1384941e-01
   6.4499546e-01
   6.4136680e-01
   6.0235863e-01
   5.3311158e-01
   4.4330209e-01
   3.4623526e-01
   2.5551859e-01
   1.8415482e-01
   1.4212276e-01
   1.3547021e-01
   1.6510432e-01
   2.2709404e-01
   3.1448443e-01
   4.1729664e-01
   5.2283036e-01
   6.1868763e-01
   6.9186574e-01
   7.3389779e-01
   7.3813124e-01
   7.0456607e-01
   6.3773813e-01
   5.4611431e-01
   4.4299970e-01
   3.4109465e-01
   2.5340187e-01
   1.9020260e-01
   1.5724221e-01
   1.5724221e-01
   1.8808588e-01
   2.4493499e-01
   3.1992742e-01
   4.0338675e-01
   4.8382219e-01
   5.5216208e-01
   5.9872997e-01
   6.1838524e-01
   6.0840640e-01
   5.7030541e-01
   5.0892047e-01
   4.3302087e-01
   3.5077109e-01
   2.7154521e-01
   2.0290293e-01
   1.5119443e-01
   1.2125794e-01
   1.1551255e-01
   1.3516782e-01
   1.7871182e-01
   2.4191109e-01
   3.1811309e-01
   3.9945570e-01
   4.7596008e-01
   5.3794980e-01
   5.7816753e-01
   5.9086785e-01
   5.7514364e-01
   5.3311158e-01
   4.6930753e-01
   3.9068642e-01
   3.0571515e-01
   2.2346537e-01
   1.5270638e-01
   1.0220744e-01
   7.8016329e-02
   8.5273659e-02
   1.2397943e-01
   1.9110976e-01
   2.7850015e-01
   3.7556698e-01
   4.6930753e-01
   5.4762625e-01
   6.0054430e-01
   6.2261869e-01
   6.1112791e-01
   5.7000303e-01
   5.0438464e-01
   4.2334442e-01
   3.3716359e-01
   2.5551859e-01
   1.8838827e-01
   1.4302994e-01
   1.2397943e-01
   1.3335349e-01
   1.6873299e-01
   2.2497732e-01
   2.9392198e-01
   3.6679770e-01
   4.3483520e-01
   4.9017237e-01
   5.2827336e-01
   5.4581192e-01
   5.4248564e-01
   5.1920169e-01
   4.7868159e-01
   4.2515875e-01
   3.6377381e-01
   3.0057453e-01
   2.4281827e-01
   1.9685515e-01
   1.6843060e-01
   1.6026610e-01
   1.7326882e-01
   2.0592682e-01
   2.5309949e-01
   3.1085576e-01
   3.7254308e-01
   4.3362564e-01
   4.8896281e-01
   5.3401874e-01
   5.6456002e-01
   5.7635319e-01
   5.6667675e-01
   5.3432114e-01
   4.8049592e-01
   4.0973692e-01
   3.2899909e-01
   2.4705171e-01
   1.7447837e-01
   1.1974599e-01
   9.1019046e-02
   9.1926211e-02
   1.2458422e-01
   1.8596915e-01
   2.7063804e-01
   3.6921681e-01
   4.7021470e-01
   5.6123374e-01
   6.2957363e-01
   6.6555790e-01
   6.6283640e-01
   6.2140913e-01
   5.4611430e-01
   4.4783791e-01
   3.4048987e-01
   2.3979438e-01
   1.5905654e-01
   1.0885999e-01
   9.5252490e-02
   1.2035077e-01
   1.7961899e-01
   2.6640460e-01
   3.7042637e-01
   4.7837919e-01
   5.7756274e-01
   6.5557907e-01
   7.0184457e-01
   7.1031146e-01
   6.8007257e-01
   6.1536136e-01
   5.2615664e-01
   4.2455398e-01
   3.2537042e-01
   2.4130632e-01
   1.8324765e-01
   1.5754459e-01
   1.6661627e-01
   2.0834593e-01
   2.7759298e-01
   3.6528576e-01
   4.6144542e-01
   5.5488358e-01
   6.3531901e-01
   6.9337768e-01
   7.2331418e-01
   7.2270941e-01
   6.9277290e-01
   6.3925008e-01
   5.6909585e-01
   4.9107952e-01
   4.1366798e-01
   3.4472331e-01
   2.9059570e-01
   2.5551859e-01
   2.4221348e-01
   2.5188993e-01
   2.8364076e-01
   3.3413970e-01
   3.9854853e-01
   4.6870275e-01
   5.3674024e-01
   5.9389175e-01
   6.3380708e-01
   6.5195041e-01
   6.4680980e-01
   6.1989718e-01
   5.7574841e-01
   5.1889930e-01
   4.5630480e-01
   3.9371032e-01
   3.3837315e-01
   2.9543392e-01
   2.7063804e-01
   2.6852132e-01
   2.8908376e-01
   3.3172059e-01
   3.9159359e-01
   4.6084063e-01
   5.2978530e-01
   5.9026308e-01
   6.3289991e-01
   6.5315996e-01
   6.4832174e-01
   6.1929241e-01
   5.6909585e-01
   5.0438464e-01
   4.3150892e-01
   3.5863320e-01
   2.9301482e-01
   2.4221349e-01
   2.1076504e-01
   2.0199576e-01
   2.1530087e-01
