   1.0000000e+00
   9.5161957e-01
   8.7980703e-01
   7.9765679e-01
   7.1895245e-01
   6.5361820e-01
   6.0702964e-01
   5.7932461e-01
   5.6636802e-01
   5.6237078e-01
   5.6154376e-01
   5.6044107e-01
   5.5768436e-01
   5.5451413e-01
   5.5313577e-01
   5.5603032e-01
   5.6416265e-01
   5.7780841e-01
   5.9545141e-01
   6.1502412e-01
   6.3390765e-01
   6.4989662e-01
   6.6106134e-01
   6.6602343e-01
   6.6423156e-01
   6.5513439e-01
   6.3942109e-01
   6.1847002e-01
   5.9393522e-01
   5.6815989e-01
   5.4417643e-01
   5.2432805e-01
   5.1123363e-01
   5.0599587e-01
   5.0999311e-01
   5.2308753e-01
   5.4431427e-01
   5.7215713e-01
   6.0372157e-01
   6.3556168e-01
   6.6368022e-01
   6.8366644e-01
   6.9166092e-01
   6.8518263e-01
   6.6409373e-01
   6.2977257e-01
   5.8676775e-01
   5.4017919e-01
   4.9662302e-01
   4.6188835e-01
   4.4093728e-01
   4.3652653e-01
   4.4962095e-01
   4.7856651e-01
   5.2033081e-01
   5.6995176e-01
   6.2150241e-01
   6.6878015e-01
   7.0585803e-01
   7.2818746e-01
   7.3273605e-01
   7.1895245e-01
   6.8931771e-01
   6.4769125e-01
   5.9972433e-01
   5.5175741e-01
   5.0944176e-01
   4.7760165e-01
   4.5926947e-01
   4.5623708e-01
   4.6836664e-01
   4.9414197e-01
   5.3039283e-01
   5.7339766e-01
   6.1805651e-01
   6.5899380e-01
   6.9124741e-01
   7.1082012e-01
   7.1536871e-01
   7.0434183e-01
   6.7980703e-01
   6.4521020e-01
   6.0496210e-01
   5.6430048e-01
   5.2749828e-01
   4.9869056e-01
   4.8063405e-01
   4.7525844e-01
   4.8311509e-01
   5.0351482e-01
   5.3425224e-01
   5.7188146e-01
   6.1268091e-01
   6.5141282e-01
   6.8380427e-01
   7.0627154e-01
   7.1674707e-01
   7.1523087e-01
   7.0268780e-01
   6.8173673e-01
   6.5541006e-01
   6.2729152e-01
   6.0027567e-01
   5.7767057e-01
   5.6168160e-01
   5.5451413e-01
   5.5754652e-01
   5.7091661e-01
   5.9393522e-01
   6.2398346e-01
   6.5747760e-01
   6.9055824e-01
   7.1867678e-01
   7.3852515e-01
   7.4748449e-01
   7.4500344e-01
   7.3135768e-01
   7.0861475e-01
   6.7953136e-01
   6.4727774e-01
   6.1529979e-01
   5.8676775e-01
   5.6430048e-01
   5.4955203e-01
   5.4321158e-01
   5.4472777e-01
   5.5313577e-01
   5.6595451e-01
   5.8180565e-01
   5.9848381e-01
   6.1529979e-01
   6.3156444e-01
   6.4672640e-01
   6.6037216e-01
   6.7139903e-01
   6.7815300e-01
   6.7911785e-01
   6.7305307e-01
   6.5940731e-01
   6.3873191e-01
   6.1337009e-01
   5.8635424e-01
   5.6113025e-01
   5.4141971e-01
   5.3011716e-01
   5.2942798e-01
   5.4004135e-01
   5.6154376e-01
   5.9269469e-01
   6.3004824e-01
   6.6974501e-01
   7.0668504e-01
   7.3576844e-01
   7.5217092e-01
   7.5299793e-01
   7.3687112e-01
   7.0516885e-01
   6.6175052e-01
   6.1268091e-01
   5.6457615e-01
   5.2377671e-01
   4.9565817e-01
   4.8366643e-01
   4.8876637e-01
   5.0999311e-01
   5.4403860e-01
   5.8594073e-01
   6.3032391e-01
   6.7070986e-01
   7.0186079e-01
   7.1895245e-01
   7.1936595e-01
   7.0241213e-01
   6.6919366e-01
   6.2343211e-01
   5.6898691e-01
   5.1082012e-01
   4.5334252e-01
   4.0041351e-01
   3.5465196e-01
   3.1826327e-01
   2.9193660e-01
   2.7622330e-01
   2.7057202e-01
   2.7319090e-01
   2.8228808e-01
   2.9496899e-01
   3.0696072e-01
   3.1495521e-01
   3.1578222e-01
   3.0668505e-01
   2.8711234e-01
   2.5706409e-01
   2.1819435e-01
   1.7367333e-01
   1.2708477e-01
   8.2288079e-02
   4.3831840e-02
   1.5575467e-02
   4.1351034e-04
   0.0000000e+00
   1.4197106e-02
   4.0937283e-02
   7.5809789e-02
   1.1357685e-01
   1.4900069e-01
   1.7684356e-01
   1.9365954e-01
   1.9779462e-01
   1.9007581e-01
   1.7298415e-01
   1.5051689e-01
   1.2749828e-01
   1.0833908e-01
   9.7587872e-02
   9.8277051e-02
   1.1219849e-01
   1.3949001e-01
   1.7835975e-01
   2.2549965e-01
   2.7636113e-01
   3.2625775e-01
   3.7064093e-01
   4.0675396e-01
   4.3266712e-01
   4.4824259e-01
   4.5499656e-01
   4.5458305e-01
   4.4948312e-01
   4.4203997e-01
   4.3390765e-01
   4.2729152e-01
   4.2356995e-01
   4.2481048e-01
   4.3156444e-01
   4.4507237e-01
   4.6478291e-01
   4.8986906e-01
   5.1826327e-01
   5.4776016e-01
   5.7629221e-01
   6.0234321e-01
   6.2494831e-01
   6.4396968e-01
   6.5940731e-01
   6.7084769e-01
   6.7829084e-01
   6.8146106e-01
   6.8008270e-01
   6.7443143e-01
   6.6547209e-01
   6.5527222e-01
   6.4576155e-01
   6.3955893e-01
   6.3845624e-01
   6.4452102e-01
   6.5844245e-01
   6.8077188e-01
   7.1109580e-01
   7.4831151e-01
   7.9007581e-01
   8.3335630e-01
   8.7388008e-01
   9.0682288e-01
   9.2777395e-01
   9.3342522e-01
   9.2212267e-01
   8.9496899e-01
   8.5596141e-01
   8.1088904e-01
   7.6636802e-01
   7.2887664e-01
   7.0434183e-01
   6.9607167e-01
   7.0516885e-01
   7.2997932e-01
   7.6760855e-01
   8.1323225e-01
   8.6037216e-01
   9.0337698e-01
   9.3618194e-01
   9.5465197e-01
   9.5616816e-01
   9.4031702e-01
   9.0916609e-01
   8.6712612e-01
   8.1957271e-01
   7.7257064e-01
   7.3190903e-01
   7.0213646e-01
   6.8587181e-01
   6.8476913e-01
   6.9786354e-01
   7.2294969e-01
   7.5727085e-01
   7.9586492e-01
   8.3473467e-01
   8.6864231e-01
   8.9345279e-01
   9.0613370e-01
   9.0503101e-01
   8.9055824e-01
   8.6423156e-01
   8.2935906e-01
   7.9007581e-01
   7.4982771e-01
   7.1288766e-01
   6.8215024e-01
   6.6050999e-01
   6.4962095e-01
   6.5072364e-01
   6.6340455e-01
   6.8669883e-01
   7.1757409e-01
   7.5230875e-01
   7.8621640e-01
   8.1447278e-01
   8.3294280e-01
   8.3886974e-01
   8.3142660e-01
   8.1171606e-01
   7.8221916e-01
   7.4679531e-01
   7.0957960e-01
   6.7525844e-01
   6.4769125e-01
   6.2977257e-01
   6.2384562e-01
   6.3032392e-01
   6.4824259e-01
   6.7525844e-01
   7.0778773e-01
   7.4155755e-01
   7.7201930e-01
   7.9614059e-01
   8.1157822e-01
   8.1750517e-01
   8.1461061e-01
   8.0441075e-01
   7.8883529e-01
   7.6995176e-01
   7.4955203e-01
   7.2929015e-01
   7.1054445e-01
   6.9455548e-01
   6.8228808e-01
   6.7470710e-01
   6.7236388e-01
   6.7498277e-01
   6.8256375e-01
   6.9441764e-01
   7.1013094e-01
   7.2929015e-01
   7.5134390e-01
   7.7532736e-01
   8.0000000e-01
   8.2260510e-01
   8.4038594e-01
   8.5017229e-01
   8.4948311e-01
   8.3666437e-01
   8.1240524e-01
   7.7946244e-01
   7.4128188e-01
   7.0365265e-01
   6.7126120e-01
   6.4893177e-01
   6.3983460e-01
   6.4562371e-01
   6.6602343e-01
   6.9896623e-01
   7.4059269e-01
   7.8580290e-01
   8.2894556e-01
   8.6395589e-01
   8.8573398e-01
   8.9055824e-01
   8.7773949e-01
   8.4920744e-01
   8.0882150e-01
   7.6292212e-01
   7.1812543e-01
   6.8104755e-01
   6.5665059e-01
   6.4796692e-01
   6.5609924e-01
   6.7939352e-01
   7.1536871e-01
   7.5892488e-01
   8.0496210e-01
   8.4727774e-01
   8.8077188e-01
   9.0062026e-01
   9.0406616e-01
   8.9042040e-01
   8.6161268e-01
   8.2136457e-01
   7.7518953e-01
   7.2915231e-01
   6.8931771e-01
   6.6023432e-01
   6.4507236e-01
   6.4534804e-01
   6.6037216e-01
   6.8807719e-01
   7.2529290e-01
   7.6719504e-01
   8.0868367e-01
   8.4479669e-01
   8.7084769e-01
   8.8352860e-01
   8.8173673e-01
   8.6533425e-01
   8.3735355e-01
   8.0124052e-01
   7.6168160e-01
   7.2294969e-01
   6.8904204e-01
   6.6271537e-01
   6.4658856e-01
   6.4148863e-01
   6.4769125e-01
   6.6436940e-01
   6.9014473e-01
   7.2212267e-01
   7.5658167e-01
   7.8980014e-01
   8.1722950e-01
   8.3556168e-01
   8.4259132e-01
   8.3762922e-01
   8.2150241e-01
   7.9669194e-01
   7.6595452e-01
   7.3301172e-01
   7.0144728e-01
   6.7401792e-01
   6.5375603e-01
   6.4259132e-01
   6.4107512e-01
   6.4962095e-01
   6.6643694e-01
   6.8973122e-01
   7.1619573e-01
   7.4307374e-01
   7.6760855e-01
   7.8759476e-01
   8.0220538e-01
   8.1102688e-01
   8.1405927e-01
   8.1185389e-01
   8.0496210e-01
   7.9352171e-01
   7.7849759e-01
   7.6057891e-01
   7.4155755e-01
   7.2294969e-01
   7.0668504e-01
   6.9441764e-01
   6.8725017e-01
   6.8559614e-01
   6.8959338e-01
   6.9855272e-01
   7.1192281e-01
   7.2873880e-01
   7.4748449e-01
   7.6650586e-01
   7.8359752e-01
   7.9600276e-01
   8.0110269e-01
   7.9682977e-01
   7.8221916e-01
   7.5809786e-01
   7.2708477e-01
   6.9248794e-01
   6.5926947e-01
   6.3142660e-01
   6.1309442e-01
   6.0675396e-01
   6.1350792e-01
   6.3280496e-01
   6.6271537e-01
   6.9965541e-01
   7.3893866e-01
   7.7546520e-01
   8.0399724e-01
   8.1984838e-01
   8.2012405e-01
   8.0399724e-01
   7.7298415e-01
   7.3121985e-01
   6.8407994e-01
   6.3776706e-01
   5.9862164e-01
   5.7133012e-01
   5.5975190e-01
   5.6485183e-01
   5.8607857e-01
   6.2081323e-01
   6.6478291e-01
   7.1247416e-01
   7.5754652e-01
   7.9421089e-01
   8.1764300e-01
   8.2384562e-01
   8.1240524e-01
   7.8497588e-01
   7.4527912e-01
   6.9937974e-01
   6.5348036e-01
   6.1392143e-01
   5.8525155e-01
   5.7077877e-01
   5.7201930e-01
   5.8787043e-01
   6.1654032e-01
   6.5430737e-01
   6.9662302e-01
   7.3866299e-01
   7.7560303e-01
   8.0289456e-01
   8.1750517e-01
   8.1805651e-01
   8.0523777e-01
   7.8152998e-01
   7.5024121e-01
   7.1592005e-01
   6.8256375e-01
   6.5361820e-01
   6.3170227e-01
   6.1819435e-01
   6.1350793e-01
   6.1750517e-01
   6.2991041e-01
   6.4906961e-01
   6.7305307e-01
   6.9924190e-01
   7.2515507e-01
   7.4720882e-01
   7.6319779e-01
   7.7091661e-01
   7.6981392e-01
   7.5975190e-01
   7.4183322e-01
   7.1798760e-01
   6.9028257e-01
   6.6133701e-01
   6.3376981e-01
   6.1061337e-01
   5.9379738e-01
   5.8580289e-01
   5.8718126e-01
   5.9793246e-01
   6.1667815e-01
   6.4052378e-01
   6.6602343e-01
   6.9000689e-01
   7.0930393e-01
   7.2157133e-01
   7.2584424e-01
   7.2184700e-01
   7.0985527e-01
   6.9097174e-01
   6.6685045e-01
   6.3928325e-01
   6.0992419e-01
   5.8139215e-01
   5.5575465e-01
   5.3480358e-01
   5.1977946e-01
   5.1164714e-01
   5.1082012e-01
   5.1660923e-01
   5.2860096e-01
   5.4596830e-01
   5.6760855e-01
   5.9159201e-01
   6.1612681e-01
   6.3804273e-01
   6.5458305e-01
   6.6312888e-01
   6.6188835e-01
   6.5017229e-01
   6.2963473e-01
   6.0303239e-01
   5.7450034e-01
   5.4858718e-01
   5.2929014e-01
   5.1977946e-01
   5.2198484e-01
   5.3645762e-01
   5.6223295e-01
   5.9682977e-01
   6.3707788e-01
   6.7898001e-01
   7.1716058e-01
   7.4693315e-01
   7.6402481e-01
   7.6512750e-01
   7.4955203e-01
   7.1853894e-01
   6.7608546e-01
   6.2729153e-01
   5.7904893e-01
   5.3756030e-01
   5.0833908e-01
   4.9496899e-01
   4.9924190e-01
   5.2046864e-01
   5.5603032e-01
   6.0165403e-01
   6.5155066e-01
   6.9951758e-01
   7.3921433e-01
   7.6512750e-01
   7.7339766e-01
   7.6305996e-01
   7.3535493e-01
   6.9427981e-01
   6.4562371e-01
   5.9614059e-01
   5.5244659e-01
   5.2005513e-01
   5.0254997e-01
   5.0172295e-01
   5.1660923e-01
   5.4500345e-01
   5.8263267e-01
   6.2453480e-01
   6.6519642e-01
   6.9924190e-01
   7.2239834e-01
   7.3204686e-01
   7.2722261e-01
   7.0902826e-01
   6.8035837e-01
   6.4493453e-01
   6.0716747e-01
   5.7091661e-01
   5.3976568e-01
   5.1605789e-01
   5.0130944e-01
   4.9648518e-01
   5.0172295e-01
   5.1647140e-01
   5.3921433e-01
   5.6788422e-01
   5.9917298e-01
   6.2963474e-01
   6.5554790e-01
   6.7388008e-01
   6.8256375e-01
   6.8132323e-01
   6.7057202e-01
   6.5237767e-01
   6.2894555e-01
   6.0303239e-01
   5.7767057e-01
   5.5506547e-01
   5.3797381e-01
   5.2804962e-01
   5.2639559e-01
   5.3370090e-01
   5.4913853e-01
   5.7050310e-01
   5.9531358e-01
   6.2012405e-01
   6.4190214e-01
   6.5816678e-01
   6.6726396e-01
   6.6850448e-01
   6.6230186e-01
   6.4962095e-01
   6.3170227e-01
   6.1033770e-01
   5.8718126e-01
   5.6430048e-01
   5.4348725e-01
   5.2639559e-01
   5.1412819e-01
   5.0778773e-01
   5.0737422e-01
   5.1261199e-01
   5.2281185e-01
   5.3728463e-01
   5.5506547e-01
   5.7532736e-01
   5.9696761e-01
   6.1819435e-01
   6.3666437e-01
   6.5003446e-01
   6.5541006e-01
   6.5113715e-01
   6.3680221e-01
   6.1281874e-01
   5.8221916e-01
   5.4886285e-01
   5.1729842e-01
   4.9179876e-01
   4.7608546e-01
   4.7250172e-01
   4.8228808e-01
   5.0489318e-01
   5.3824948e-01
   5.7891110e-01
   6.2232943e-01
   6.6312888e-01
   6.9565817e-01
   7.1523087e-01
   7.1812543e-01
   7.0323914e-01
   6.7195038e-01
   6.2798070e-01
   5.7739490e-01
   5.2653343e-01
   4.8256375e-01
   4.5099931e-01
   4.3556168e-01
   4.3845624e-01
   4.5885596e-01
   4.9441764e-01
   5.4017919e-01
   5.9076499e-01
   6.3955892e-01
   6.8022054e-01
   7.0709855e-01
   7.1729841e-01
   7.0930393e-01
   6.8532047e-01
   6.4920744e-01
   6.0675396e-01
   5.6402481e-01
   5.2708477e-01
   5.0048243e-01
   4.8683666e-01
   4.8738801e-01
   5.0117161e-01
   5.2598208e-01
   5.5851137e-01
   5.9503791e-01
   6.3115093e-01
   6.6257753e-01
   6.8573398e-01
   6.9800138e-01
   6.9827705e-01
   6.8683666e-01
   6.6533425e-01
   6.3666437e-01
   6.0454859e-01
   5.7188146e-01
   5.4183322e-01
   5.1660923e-01
   4.9827705e-01
   4.8793935e-01
   4.8628532e-01
   4.9372846e-01
   5.0944176e-01
   5.3204686e-01
   5.5906272e-01
   5.8759476e-01
   6.1405927e-01
   6.3487250e-01
   6.4769125e-01
   6.5072364e-01
   6.4383184e-01
   6.2756720e-01
   6.0358374e-01
   5.7436251e-01
   5.4293591e-01
   5.1274983e-01
   4.8697450e-01
   4.6919366e-01
   4.6175052e-01
   4.6574776e-01
   4.8090972e-01
   5.0516885e-01
   5.3521709e-01
   5.6678153e-01
   5.9531358e-01
   6.1764301e-01
   6.3128877e-01
   6.3487250e-01
   6.2894555e-01
   6.1474845e-01
   5.9448656e-01
   5.7050310e-01
   5.4514128e-01
   5.2088215e-01
   4.9993108e-01
   4.8421778e-01
   4.7456926e-01
   4.7139904e-01
   4.7484494e-01
   4.8380427e-01
   4.9786354e-01
   5.1605789e-01
   5.3742247e-01
   5.6154376e-01
   5.8690558e-01
   6.1157822e-01
   6.3335631e-01
   6.4906961e-01
   6.5568573e-01
   6.5113715e-01
   6.3445899e-01
   6.0702964e-01
   5.7160579e-01
   5.3273604e-01
   4.9565817e-01
   4.6547209e-01
   4.4631289e-01
   4.4093728e-01
   4.5031013e-01
   4.7388008e-01
   5.0916609e-01
   5.5244659e-01
   5.9862164e-01
   6.4231564e-01
   6.7773949e-01
   6.9965541e-01
   7.0475534e-01
   6.9166092e-01
   6.6175051e-01
   6.1902137e-01
   5.6953825e-01
   5.2005513e-01
   4.7732598e-01
   4.4713990e-01
   4.3349414e-01
   4.3790489e-01
   4.5982082e-01
   4.9634735e-01
   5.4252240e-01
   5.9269469e-01
   6.4011027e-01
   6.7856651e-01
   7.0282564e-01
   7.0985527e-01
   6.9896623e-01
   6.7181254e-01
   6.3280496e-01
   5.8745693e-01
   5.4183322e-01
   5.0186079e-01
   4.7222605e-01
   4.5582357e-01
   4.5430738e-01
   4.6712612e-01
   4.9262578e-01
   5.2791179e-01
   5.6898690e-01
   6.1144039e-01
   6.5044797e-01
   6.8146106e-01
   7.0103377e-01
   7.0709855e-01
   6.9937974e-01
   6.7939352e-01
   6.5003446e-01
   6.1488629e-01
   5.7808408e-01
   5.4348725e-01
   5.1399035e-01
   4.9248794e-01
   4.8090972e-01
   4.8049621e-01
   4.9138525e-01
   5.1288766e-01
   5.4279807e-01
   5.7767057e-01
   6.1350793e-01
   6.4562371e-01
   6.6988284e-01
   6.8339077e-01
   6.8463129e-01
   6.7388008e-01
   6.5251551e-01
   6.2343212e-01
   5.8993797e-01
   5.5534114e-01
   5.2363887e-01
   4.9786354e-01
   4.8077188e-01
   4.7443143e-01
   4.7898001e-01
   4.9414197e-01
   5.1729842e-01
   5.4514128e-01
   5.7325982e-01
   5.9724328e-01
   6.1295658e-01
   6.1778084e-01
   6.1047554e-01
   5.9117850e-01
   5.6140593e-01
   5.2350103e-01
   4.8118539e-01
   4.3790489e-01
   3.9669194e-01
   3.6002757e-01
   3.2956582e-01
   3.0544452e-01
   2.8628532e-01
   2.7015851e-01
   2.5472088e-01
   2.3749138e-01
   2.1709166e-01
   1.9365955e-01
   1.6829773e-01
   1.4334942e-01
   1.2074432e-01
   1.0282564e-01
   9.0696074e-02
   8.4355616e-02
   8.2701587e-02
   8.4493455e-02
   8.7250173e-02
   8.9179877e-02
   8.8352860e-02
   8.3942112e-02
   7.5396279e-02
   6.3266712e-02
   4.9483116e-02
   3.5975189e-02
   2.6051001e-02
   2.2605104e-02
   2.8118538e-02
   4.3556169e-02
   6.8504481e-02
   1.0075810e-01
   1.3673329e-01
   1.7229497e-01
   2.0344590e-01
   2.2729152e-01
   2.4217781e-01
   2.4810476e-01
   2.4686423e-01
   2.4079945e-01
   2.3390765e-01
   2.3004824e-01
   2.3321847e-01
   2.4645072e-01
   2.7208822e-01
   3.1013094e-01
   3.5864921e-01
   4.1364576e-01
   4.6960717e-01
   5.2033081e-01
   5.6002757e-01
   5.8483804e-01
   5.9310820e-01
   5.8580289e-01
   5.6664369e-01
   5.4031702e-01
   5.1302550e-01
   4.9014473e-01
   4.7636113e-01
   4.7470710e-01
   4.8683666e-01
   5.1261199e-01
   5.5024121e-01
   5.9614059e-01
   6.4603722e-01
   6.9427981e-01
   7.3576844e-01
   7.6609235e-01
   7.8249483e-01
   7.8442453e-01
   7.7298415e-01
   7.5148174e-01
   7.2391454e-01
   6.9496899e-01
   6.6836664e-01
   6.4755341e-01
   6.3501034e-01
   6.3225362e-01
   6.4011027e-01
   6.5816678e-01
   6.8532047e-01
   7.1922812e-01
   7.5644383e-01
   7.9310820e-01
   8.2467264e-01
   8.4796692e-01
   8.6023432e-01
   8.6092350e-01
   8.5031013e-01
   8.3073742e-01
   8.0496210e-01
   7.7643005e-01
   7.4844935e-01
   7.2363887e-01
   7.0489318e-01
   6.9400413e-01
   6.9179876e-01
   6.9869056e-01
   7.1357684e-01
   7.3480359e-01
   7.5975189e-01
   7.8580290e-01
   8.1088904e-01
   8.3280496e-01
   8.5044796e-01
   8.6312887e-01
   8.7084769e-01
   8.7305307e-01
   8.6974500e-01
   8.6092350e-01
   8.4672640e-01
   8.2770503e-01
   8.0565128e-01
   7.8263267e-01
   7.6099242e-01
   7.4334941e-01
   7.3135768e-01
   7.2639559e-01
   7.2887663e-01
   7.3838732e-01
   7.5382495e-01
   7.7408684e-01
   7.9696761e-01
   8.1957271e-01
   8.3928325e-01
   8.5279118e-01
   8.5733977e-01
   8.5099931e-01
   8.3349414e-01
   8.0634045e-01
   7.7298415e-01
   7.3756030e-01
   7.0544452e-01
   6.8104755e-01
   6.6795314e-01
   6.6836664e-01
   6.8242591e-01
   7.0875258e-01
   7.4486561e-01
   7.8607857e-01
   8.2798070e-01
   8.6519642e-01
   8.9276361e-01
   9.0668504e-01
   9.0434183e-01
   8.8573398e-01
   8.5292901e-01
   8.1006202e-01
   7.6292212e-01
   7.1812543e-01
   6.8146106e-01
   6.5775327e-01
   6.5003446e-01
   6.5885596e-01
   6.8311509e-01
   7.1964163e-01
   7.6402481e-01
   8.1047553e-01
   8.5320469e-01
   8.8614749e-01
   9.0503101e-01
   9.0723639e-01
   8.9262577e-01
   8.6299104e-01
   8.2329428e-01
   7.7918677e-01
   7.3700896e-01
   7.0268780e-01
   6.8022054e-01
   6.7153687e-01
   6.7705031e-01
   6.9483115e-01
   7.2212267e-01
   7.5465196e-01
   7.8883529e-01
   8.2012405e-01
   8.4521020e-01
   8.6147485e-01
   8.6712612e-01
   8.6230186e-01
   8.4782908e-01
   8.2577532e-01
   7.9944866e-01
   7.7133012e-01
   7.4472778e-01
   7.2101999e-01
   7.0227429e-01
   6.8931771e-01
   6.8270159e-01
   6.8283942e-01
   6.8986906e-01
   7.0310131e-01
   7.2129566e-01
   7.4266024e-01
   7.6457616e-01
   7.8428670e-01
   7.9903515e-01
   8.0716747e-01
   8.0785665e-01
   8.0096485e-01
   7.8718125e-01
   7.6843556e-01
   7.4638181e-01
   7.2281185e-01
   6.9979325e-01
   6.7939352e-01
   6.6354238e-01
   6.5389387e-01
   6.5127498e-01
   6.5623708e-01
   6.6781530e-01
   6.8476913e-01
   7.0503101e-01
   7.2653343e-01
   7.4707098e-01
   7.6512750e-01
   7.7932460e-01
   7.8855962e-01
   7.9172984e-01
   7.8828395e-01
   7.7753274e-01
   7.5975189e-01
   7.3604411e-01
   7.0833908e-01
   6.7953136e-01
   6.5265334e-01
   6.3046175e-01
   6.1598897e-01
   6.1019986e-01
   6.1392143e-01
   6.2632667e-01
   6.4658856e-01
   6.7250172e-01
   7.0103377e-01
   7.2942798e-01
   7.5368711e-01
   7.7008959e-01
   7.7560303e-01
   7.6815989e-01
   7.4734666e-01
   7.1509304e-01
   6.7498277e-01
   6.3211578e-01
   5.9214335e-01
   5.6044107e-01
   5.4114404e-01
   5.3673329e-01
   5.4748449e-01
   5.7188146e-01
   6.0675396e-01
   6.4741558e-01
   6.8862853e-01
   7.2474156e-01
   7.5079256e-01
   7.6250862e-01
   7.5837354e-01
   7.3811165e-01
   7.0434183e-01
   6.6147485e-01
   6.1529979e-01
   5.7188146e-01
   5.3673329e-01
   5.1440386e-01
   5.0737422e-01
   5.1605789e-01
   5.3921433e-01
   5.7394900e-01
   6.1598897e-01
   6.6023432e-01
   7.0103377e-01
   7.3273605e-01
   7.5134390e-01
   7.5410062e-01
   7.4086837e-01
   7.1330117e-01
   6.7594762e-01
   6.3390765e-01
   5.9338387e-01
   5.5975190e-01
   5.3700896e-01
   5.2777395e-01
   5.3218470e-01
   5.4955204e-01
   5.7711923e-01
   6.1157822e-01
   6.4920744e-01
   6.8532047e-01
   7.1660924e-01
   7.3921434e-01
   7.5093039e-01
   7.5093039e-01
   7.4004135e-01
   7.1991730e-01
   6.9372846e-01
   6.6478291e-01
   6.3583736e-01
   6.0992419e-01
   5.8883529e-01
   5.7381117e-01
   5.6609235e-01
   5.6581668e-01
   5.7312198e-01
   5.8718126e-01
   6.0689180e-01
   6.2991041e-01
   6.5348036e-01
   6.7484493e-01
   6.9138525e-01
   7.0117160e-01
   7.0323914e-01
   6.9772571e-01
   6.8545830e-01
   6.6781530e-01
   6.4645072e-01
   6.2301861e-01
   5.9958649e-01
   5.7780841e-01
   5.5988973e-01
   5.4776016e-01
   5.4252240e-01
   5.4486561e-01
   5.5478980e-01
   5.7077877e-01
   5.9145417e-01
   6.1461062e-01
   6.3776706e-01
   6.5899380e-01
   6.7622330e-01
   6.8793935e-01
   6.9235010e-01
   6.8904204e-01
   6.7718815e-01
   6.5720193e-01
   6.3101309e-01
   6.0068918e-01
   5.6967609e-01
   5.4155755e-01
   5.1950379e-01
   5.0599587e-01
   5.0241213e-01
   5.0889042e-01
   5.2446589e-01
   5.4748449e-01
   5.7574087e-01
   6.0606478e-01
   6.3556168e-01
   6.6009649e-01
   6.7677464e-01
   6.8256375e-01
   6.7594762e-01
   6.5692626e-01
   6.2715369e-01
   5.9007581e-01
   5.5010338e-01
   5.1261199e-01
   4.8228808e-01
   4.6299104e-01
   4.5761544e-01
   4.6698828e-01
   4.9028256e-01
   5.2598208e-01
   5.6995176e-01
   6.1778084e-01
   6.6340455e-01
   7.0130944e-01
   7.2584425e-01
   7.3328739e-01
   7.2212267e-01
   6.9303928e-01
   6.5031013e-01
   5.9958649e-01
   5.4789800e-01
   5.0241213e-01
   4.6919366e-01
   4.5279118e-01
   4.5499655e-01
   4.7567195e-01
   5.1219848e-01
   5.5975190e-01
   6.1281874e-01
   6.6409373e-01
   7.0764989e-01
   7.3783598e-01
   7.5106823e-01
   7.4651964e-01
   7.2570641e-01
   6.9290145e-01
   6.5361820e-01
   6.1405927e-01
   5.8001378e-01
   5.5547898e-01
   5.4266023e-01
   5.4238456e-01
   5.5313577e-01
   5.7284632e-01
   5.9793246e-01
   6.2536182e-01
   6.5155066e-01
   6.7319091e-01
   6.8821503e-01
   6.9496899e-01
   6.9290145e-01
   6.8256375e-01
   6.6560993e-01
   6.4383184e-01
   6.1957271e-01
   5.9476223e-01
   5.7105444e-01
   5.5037905e-01
   5.3370089e-01
   5.2267402e-01
   5.1853894e-01
   5.2226051e-01
   5.3397657e-01
   5.5327360e-01
   5.7767057e-01
   6.0454859e-01
   6.3018608e-01
   6.5086147e-01
   6.6423156e-01
   6.6822881e-01
   6.6257753e-01
   6.4796692e-01
   6.2618883e-01
   5.9972433e-01
   5.7133012e-01
   5.4417643e-01
   5.2088215e-01
   5.0420400e-01
   4.9579600e-01
   4.9689869e-01
   5.0696072e-01
   5.2474156e-01
   5.4803584e-01
   5.7381117e-01
   5.9944866e-01
   6.2260510e-01
   6.4162647e-01
   6.5499656e-01
   6.6257754e-01
   6.6381805e-01
   6.5858029e-01
   6.4713990e-01
   6.2991041e-01
   6.0827016e-01
   5.8387319e-01
   5.5906271e-01
   5.3631978e-01
   5.1812543e-01
   5.0627154e-01
   5.0186079e-01
   5.0572020e-01
   5.1716058e-01
   5.3576844e-01
   5.6030324e-01
   5.8828394e-01
   6.1736733e-01
   6.4396968e-01
   6.6423156e-01
   6.7512061e-01
   6.7360441e-01
   6.5871813e-01
   6.3142660e-01
   5.9490007e-01
   5.5354928e-01
   5.1302550e-01
   4.7898002e-01
   4.5596140e-01
   4.4713990e-01
   4.5416954e-01
   4.7636113e-01
   5.1123363e-01
   5.5465197e-01
   6.0124052e-01
   6.4493453e-01
   6.7953136e-01
   7.0006892e-01
   7.0310131e-01
   6.8793935e-01
   6.5637491e-01
   6.1281874e-01
   5.6333563e-01
   5.1467953e-01
   4.7360441e-01
   4.4521020e-01
   4.3308064e-01
   4.3790489e-01
   4.5913163e-01
   4.9317712e-01
   5.3590627e-01
   5.8166781e-01
   6.2453480e-01
   6.5899380e-01
   6.8063405e-01
   6.8725017e-01
   6.7842867e-01
   6.5609924e-01
   6.2453480e-01
   5.8842178e-01
   5.5354928e-01
   5.2419021e-01
   5.0406616e-01
   4.9469332e-01
   4.9634735e-01
   5.0778773e-01
   5.2667126e-01
   5.5065472e-01
   5.7656788e-01
   6.0124052e-01
   6.2191592e-01
   6.3597519e-01
   6.4190214e-01
   6.3900758e-01
   6.2825638e-01
   6.1102688e-01
   5.8980014e-01
   5.6705720e-01
   5.4514128e-01
   5.2598208e-01
   5.1082013e-01
   5.0089593e-01
   4.9676085e-01
   4.9896623e-01
   5.0764990e-01
   5.2281186e-01
   5.4307374e-01
   5.6691936e-01
   5.9145417e-01
   6.1378360e-01
   6.3101310e-01
   6.4093729e-01
   6.4203997e-01
   6.3445899e-01
   6.1874569e-01
   5.9641627e-01
   5.6995176e-01
   5.4197105e-01
   5.1523088e-01
   4.9276361e-01
   4.7705031e-01
   4.7029635e-01
   4.7332874e-01
   4.8600965e-01
   5.0682288e-01
   5.3273605e-01
   5.6085458e-01
   5.8759476e-01
   6.1061337e-01
   6.2784287e-01
   6.3831840e-01
   6.4176430e-01
   6.3900758e-01
   6.2991041e-01
   6.1557546e-01
   5.9655410e-01
   5.7436251e-01
   5.4996554e-01
   5.2543074e-01
   5.0268780e-01
   4.8339076e-01
   4.6960717e-01
   4.6230186e-01
   4.6243970e-01
   4.7057202e-01
   4.8656100e-01
   5.0944177e-01
   5.3756030e-01
   5.6788422e-01
   5.9682977e-01
   6.1984838e-01
   6.3294280e-01
   6.3308063e-01
   6.1915920e-01
   5.9186768e-01
   5.5437629e-01
   5.1192281e-01
   4.6988284e-01
   4.3445899e-01
   4.1061337e-01
   4.0151619e-01
   4.0882151e-01
   4.3170227e-01
   4.6781530e-01
   5.1302550e-01
   5.6168160e-01
   6.0758098e-01
   6.4493453e-01
   6.6809097e-01
   6.7374225e-01
   6.6106134e-01
   6.3211578e-01
   5.9104066e-01
   5.4403859e-01
   4.9772571e-01
   4.5885596e-01
   4.3252929e-01
   4.2219159e-01
   4.2908339e-01
   4.5196416e-01
   4.8835286e-01
   5.3356306e-01
   5.8235700e-01
   6.2839421e-01
   6.6657478e-01
   6.9166092e-01
   7.0089593e-01
   6.9345279e-01
   6.7057202e-01
   6.3597519e-01
   5.9448656e-01
   5.5120607e-01
   5.1164714e-01
   4.7980703e-01
   4.5858029e-01
   4.4989662e-01
   4.5389387e-01
   4.6960717e-01
   4.9524466e-01
   5.2777395e-01
   5.6374914e-01
   5.9889731e-01
   6.2922123e-01
   6.5099931e-01
   6.6188835e-01
   6.6078567e-01
   6.4865610e-01
   6.2729152e-01
   5.9972433e-01
   5.6926258e-01
   5.3921433e-01
   5.1233632e-01
   4.9152309e-01
   4.7870434e-01
   4.7539628e-01
   4.8187457e-01
   4.9813922e-01
   5.2267402e-01
   5.5272226e-01
   5.8456237e-01
   6.1474845e-01
   6.3942109e-01
   6.5568573e-01
   6.6188835e-01
   6.5789111e-01
   6.4438319e-01
   6.2301861e-01
   5.9641626e-01
   5.6719504e-01
   5.3866299e-01
   5.1399035e-01
   4.9620951e-01
   4.8752584e-01
   4.8931771e-01
   5.0144728e-01
   5.2226051e-01
   5.4872502e-01
   5.7739490e-01
   6.0441075e-01
   6.2674018e-01
   6.4231564e-01
   6.5044797e-01
   6.5113715e-01
   6.4548587e-01
   6.3473467e-01
   6.2012405e-01
   6.0303239e-01
   5.8456237e-01
   5.6636802e-01
   5.4927636e-01
   5.3452791e-01
   5.2294969e-01
   5.1564438e-01
   5.1302550e-01
   5.1536871e-01
   5.2267402e-01
   5.3480358e-01
   5.5051688e-01
   5.6802205e-01
   5.8511371e-01
   5.9848380e-01
   6.0468642e-01
   6.0124052e-01
   5.8621640e-01
   5.5988973e-01
   5.2446589e-01
   4.8435562e-01
   4.4452102e-01
   4.1061337e-01
   3.8745693e-01
   3.7849759e-01
   3.8538939e-01
   4.0785665e-01
   4.4341833e-01
   4.8876637e-01
   5.3893866e-01
   5.8869745e-01
   6.3211578e-01
   6.6409373e-01
   6.8063405e-01
   6.7925569e-01
   6.6037216e-01
   6.2632667e-01
   5.8180565e-01
   5.3287388e-01
   4.8628532e-01
   4.4810476e-01
   4.2315644e-01
   4.1447278e-01
   4.2260510e-01
   4.4686423e-01
   4.8394211e-01
   5.2956581e-01
   5.7863542e-01
   6.2522399e-01
   6.6368022e-01
   6.8986906e-01
   7.0075810e-01
   6.9565817e-01
   6.7594762e-01
   6.4507236e-01
   6.0758098e-01
   5.6829773e-01
   5.3204686e-01
   5.0254997e-01
   4.8270158e-01
   4.7388008e-01
   4.7636113e-01
   4.9014473e-01
   5.1371468e-01
   5.4500345e-01
   5.8111647e-01
   6.1833218e-01
   6.5265334e-01
   6.8008270e-01
   6.9772571e-01
   7.0392833e-01
   6.9813921e-01
   6.8187457e-01
   6.5706409e-01
   6.2715369e-01
   5.9558925e-01
   5.6609235e-01
   5.4169538e-01
   5.2543074e-01
   5.1936596e-01
   5.2487939e-01
   5.4141971e-01
   5.6747071e-01
   6.0000000e-01
   6.3487250e-01
   6.6767746e-01
   6.9441765e-01
   7.1206065e-01
   7.1881461e-01
   7.1481737e-01
   7.0103377e-01
   6.7980703e-01
   6.5348036e-01
   6.2522398e-01
   5.9793246e-01
   5.7463818e-01
   5.5782219e-01
   5.4955203e-01
   5.5093039e-01
   5.6154376e-01
   5.8001378e-01
   6.0372157e-01
   6.2949690e-01
   6.5375603e-01
   6.7415575e-01
   6.8821502e-01
   6.9496899e-01
   6.9427981e-01
   6.8669883e-01
   6.7305307e-01
   6.5444521e-01
   6.3252929e-01
   6.0895934e-01
   5.8552722e-01
   5.6416265e-01
   5.4651964e-01
   5.3411440e-01
   5.2749828e-01
   5.2763611e-01
   5.3439008e-01
   5.4776016e-01
   5.6678153e-01
   5.9104066e-01
   6.1847002e-01
   6.4700207e-01
   6.7305307e-01
   6.9303928e-01
   7.0337698e-01
   7.0130944e-01
   6.8573398e-01
   6.5789111e-01
   6.2081323e-01
   5.7932461e-01
   5.3935217e-01
   5.0627154e-01
   4.8490696e-01
   4.7856651e-01
   4.8835286e-01
   5.1371468e-01
   5.5189525e-01
   5.9875948e-01
   6.4838043e-01
   6.9496899e-01
   7.3177119e-01
   7.5423846e-01
   7.5851137e-01
   7.4431427e-01
   7.1330117e-01
   6.7015851e-01
   6.2108890e-01
   5.7339766e-01
   5.3370090e-01
   5.0751206e-01
   4.9800138e-01
   5.0627154e-01
   5.3080634e-01
   5.6857340e-01
   6.1433494e-01
   6.6202619e-01
   7.0558236e-01
   7.3907650e-01
   7.5782219e-01
   7.5975189e-01
   7.4417643e-01
   7.1343901e-01
   6.7195038e-01
   6.2508615e-01
   5.7877326e-01
   5.3811165e-01
   5.0737422e-01
   4.8917987e-01
   4.8435562e-01
   4.9248794e-01
   5.1192281e-01
   5.4017918e-01
   5.7408684e-01
   6.0964852e-01
   6.4286699e-01
   6.6988284e-01
   6.8766368e-01
   6.9427981e-01
   6.8959338e-01
   6.7415576e-01
   6.5058580e-01
   6.2191592e-01
   5.9159200e-01
   5.6278429e-01
   5.3838732e-01
   5.2088215e-01
   5.1219848e-01
   5.1330117e-01
   5.2460372e-01
   5.4541695e-01
   5.7353549e-01
   6.0565127e-01
   6.3831840e-01
   6.6685045e-01
   6.8793935e-01
   6.9855272e-01
   6.9772571e-01
   6.8587181e-01
   6.6436940e-01
   6.3569952e-01
   6.0317023e-01
   5.6995176e-01
   5.3949001e-01
   5.1481737e-01
   4.9882839e-01
   4.9345279e-01
   4.9965541e-01
   5.1674707e-01
   5.4293591e-01
   5.7477602e-01
   6.0868367e-01
   6.4052378e-01
   6.6685045e-01
   6.8518263e-01
   6.9414197e-01
   6.9372846e-01
   6.8463129e-01
   6.6809097e-01
   6.4645072e-01
   6.2164025e-01
   5.9627843e-01
   5.7270848e-01
   5.5341144e-01
   5.3949001e-01
   5.3232254e-01
   5.3204686e-01
   5.3838732e-01
   5.5065472e-01
   5.6815989e-01
   5.8952447e-01
   6.1419711e-01
   6.4024810e-01
   6.6588560e-01
   6.8821502e-01
   7.0434183e-01
   7.1095796e-01
   7.0599586e-01
   6.8862853e-01
   6.5995865e-01
   6.2301861e-01
   5.8249483e-01
   5.4376292e-01
   5.1192281e-01
   4.9124741e-01
   4.8490696e-01
   4.9386630e-01
   5.1771192e-01
   5.5354928e-01
   5.9738112e-01
   6.4383184e-01
   6.8697450e-01
   7.2074431e-01
   7.4059269e-01
   7.4348725e-01
   7.2873880e-01
   6.9896623e-01
   6.5871813e-01
   6.1474845e-01
   5.7339766e-01
   5.4100620e-01
   5.2226051e-01
   5.1991730e-01
   5.3370089e-01
   5.6209511e-01
   6.0124052e-01
   6.4672639e-01
   6.9290145e-01
   7.3439007e-01
   7.6581668e-01
   7.8345968e-01
   7.8511371e-01
   7.7077877e-01
   7.4252240e-01
   7.0489318e-01
   6.6326671e-01
   6.2343212e-01
   5.9076499e-01
   5.6912474e-01
   5.6099242e-01
   5.6664369e-01
   5.8497588e-01
   6.1350793e-01
   6.4893177e-01
   6.8711234e-01
   7.2405238e-01
   7.5561681e-01
   7.7808408e-01
   7.8924879e-01
   7.8787043e-01
   7.7408684e-01
   7.4927636e-01
   7.1633356e-01
   6.7829084e-01
   6.3873191e-01
   6.0068918e-01
   5.6760855e-01
   5.4197105e-01
   5.2653342e-01
   5.2267402e-01
   5.3121985e-01
   5.5175741e-01
   5.8194349e-01
   6.1860786e-01
   6.5733977e-01
   6.9317712e-01
   7.2184700e-01
   7.4017919e-01
   7.4638181e-01
   7.4059269e-01
   7.2419021e-01
   6.9924190e-01
   6.6919366e-01
   6.3707788e-01
   6.0620262e-01
   5.7987595e-01
   5.6057891e-01
   5.5065472e-01
   5.5134390e-01
   5.6250862e-01
   5.8235700e-01
   6.0827016e-01
   6.3652653e-01
   6.6340455e-01
   6.8532047e-01
   6.9937974e-01
   7.0434183e-01
   6.9979325e-01
   6.8642316e-01
   6.6574776e-01
   6.4011027e-01
   6.1185389e-01
   5.8428670e-01
   5.5961406e-01
   5.4045486e-01
   5.2846313e-01
   5.2446589e-01
   5.2818746e-01
   5.3866299e-01
   5.5451413e-01
   5.7422467e-01
   5.9614059e-01
   6.1902136e-01
   6.4107512e-01
   6.6051000e-01
   6.7539628e-01
   6.8339077e-01
   6.8283942e-01
   6.7236389e-01
   6.5210200e-01
   6.2398346e-01
   5.9090283e-01
   5.5740868e-01
   5.2763611e-01
   5.0585803e-01
   4.9524466e-01
   4.9703653e-01
   5.1178498e-01
   5.3756030e-01
   5.7215713e-01
   6.1157822e-01
   6.5155066e-01
   6.8697450e-01
   7.1343901e-01
   7.2694693e-01
   7.2543074e-01
   7.0820124e-01
   6.7760165e-01
   6.3749139e-01
   5.9324604e-01
   5.5106823e-01
   5.1660923e-01
   4.9414197e-01
   4.8711234e-01
   4.9593384e-01
   5.2005513e-01
   5.5644383e-01
   6.0110269e-01
   6.4824259e-01
   6.9221227e-01
   7.2722261e-01
   7.4900069e-01
   7.5451413e-01
   7.4362509e-01
   7.1798760e-01
   6.8187457e-01
   6.4079945e-01
   6.0055135e-01
   5.6678153e-01
   5.4293591e-01
   5.3190903e-01
   5.3356306e-01
   5.4748450e-01
   5.7119228e-01
   6.0192970e-01
   6.3583736e-01
   6.6974500e-01
   6.9951758e-01
   7.2212268e-01
   7.3521709e-01
   7.3742247e-01
   7.2873880e-01
   7.1054445e-01
   6.8518263e-01
   6.5527223e-01
   6.2398346e-01
   5.9434872e-01
   5.6871124e-01
   5.4968987e-01
   5.3880083e-01
   5.3769814e-01
   5.4651964e-01
   5.6512750e-01
   5.9145417e-01
   6.2260510e-01
   6.5472088e-01
   6.8394211e-01
   7.0654721e-01
   7.1950379e-01
   7.2184700e-01
   7.1371468e-01
   6.9593384e-01
   6.7084769e-01
   6.4121295e-01
   6.1019986e-01
   5.8084080e-01
   5.5616816e-01
   5.3949001e-01
   5.3301172e-01
   5.3769814e-01
   5.5354928e-01
   5.7904893e-01
   6.1061337e-01
   6.4479669e-01
   6.7705031e-01
   7.0365265e-01
   7.2198484e-01
   7.3053067e-01
   7.2887663e-01
   7.1812543e-01
   6.9965541e-01
   6.7608546e-01
   6.4934528e-01
   6.2260510e-01
   5.9820813e-01
   5.7808408e-01
   5.6416265e-01
   5.5699518e-01
   5.5685734e-01
   5.6333563e-01
   5.7518953e-01
   5.9186768e-01
   6.1185389e-01
   6.3432116e-01
   6.5761544e-01
   6.7994486e-01
   6.9896623e-01
   7.1206065e-01
   7.1660924e-01
   7.1095796e-01
   6.9483115e-01
   6.6946933e-01
   6.3762922e-01
   6.0358374e-01
   5.7160579e-01
   5.4583046e-01
   5.2956581e-01
   5.2446589e-01
   5.3135768e-01
   5.4941420e-01
   5.7643005e-01
   6.0951068e-01
   6.4521020e-01
   6.7884218e-01
   7.0572019e-01
   7.2226051e-01
   7.2515507e-01
   7.1343901e-01
   6.8738801e-01
   6.5017229e-01
   6.0620262e-01
   5.6099242e-01
   5.2046864e-01
   4.9014473e-01
   4.7388008e-01
   4.7429359e-01
   4.9152309e-01
   5.2391454e-01
   5.6802205e-01
   6.1805651e-01
   6.6767747e-01
   7.1013094e-01
   7.3921434e-01
   7.5093039e-01
   7.4362508e-01
   7.1881461e-01
   6.8063405e-01
   6.3528601e-01
   5.8966230e-01
   5.5065472e-01
   5.2363887e-01
   5.1164714e-01
   5.1592005e-01
   5.3535493e-01
   5.6705720e-01
   6.0675396e-01
   6.4948312e-01
   6.8986906e-01
   7.2322536e-01
   7.4555479e-01
   7.5451413e-01
   7.4955203e-01
   7.3177119e-01
   7.0365265e-01
   6.6933150e-01
   6.3280496e-01
   5.9751895e-01
   5.6678153e-01
   5.4307374e-01
   5.2763611e-01
   5.2157133e-01
   5.2543074e-01
   5.3852516e-01
   5.6002757e-01
   5.8787044e-01
   6.1902137e-01
   6.5031013e-01
   6.7815300e-01
   6.9924190e-01
   7.1137147e-01
   7.1357684e-01
   7.0599586e-01
   6.9000689e-01
   6.6753963e-01
   6.4079945e-01
   6.1254308e-01
   5.8607857e-01
   5.6416265e-01
   5.4968987e-01
   5.4500345e-01
   5.5148174e-01
   5.6884907e-01
   5.9531358e-01
   6.2742936e-01
   6.6078566e-01
   6.9055823e-01
   7.1247416e-01
   7.2294969e-01
   7.2074431e-01
   7.0544452e-01
   6.7870434e-01
   6.4355617e-01
   6.0330806e-01
   5.6237078e-01
   5.2474156e-01
   4.9386630e-01
   4.7236389e-01
   4.6175052e-01
   4.6188835e-01
   4.7167471e-01
   4.8890420e-01
   5.1137147e-01
   5.3687112e-01
   5.6333563e-01
   5.8924880e-01
   6.1350793e-01
   6.3473467e-01
   6.5127498e-01
   6.6119917e-01
   6.6299104e-01
   6.5541006e-01
   6.3859407e-01
   6.1405927e-01
   5.8483804e-01
   5.5465197e-01
   5.2749828e-01
   5.0751206e-01
   4.9786354e-01
   4.9979324e-01
   5.1385252e-01
   5.3893866e-01
   5.7257064e-01
   6.1102688e-01
   6.5017230e-01
   6.8476913e-01
   7.1026878e-01
   7.2239834e-01
   7.1853894e-01
   6.9841489e-01
   6.6368022e-01
   6.1888353e-01
   5.6953825e-01
   5.2226051e-01
   4.8352860e-01
   4.5858029e-01
   4.5072364e-01
   4.6133701e-01
   4.8917988e-01
   5.3135768e-01
   5.8277050e-01
   6.3721571e-01
   6.8793935e-01
   7.2846313e-01
   7.5368711e-01
   7.5988973e-01
   7.4720882e-01
   7.1743625e-01
   6.7525845e-01
   6.2701585e-01
   5.7946244e-01
   5.3852516e-01
   5.0930393e-01
   4.9427981e-01
   4.9441764e-01
   5.0861475e-01
   5.3452791e-01
   5.6857340e-01
   6.0661613e-01
   6.4396968e-01
   6.7636113e-01
   6.9979324e-01
   7.1192281e-01
   7.1123363e-01
   6.9882839e-01
   6.7663680e-01
   6.4782908e-01
   6.1640248e-01
   5.8580290e-01
   5.5961406e-01
   5.4004135e-01
   5.2887664e-01
   5.2708477e-01
   5.3466575e-01
   5.5148174e-01
   5.7587871e-01
   6.0578911e-01
   6.3818057e-01
   6.6946933e-01
   6.9620951e-01
   7.1523087e-01
   7.2460372e-01
   7.2350103e-01
   7.1274983e-01
   6.9386630e-01
   6.6891799e-01
   6.4079945e-01
   6.1254307e-01
   5.8690558e-01
   5.6691936e-01
   5.5520331e-01
   5.5341144e-01
   5.6264645e-01
   5.8194349e-01
   6.0951068e-01
   6.4190214e-01
   6.7484493e-01
   7.0447967e-01
   7.2708477e-01
   7.4031702e-01
   7.4334941e-01
   7.3604411e-01
   7.2019297e-01
   6.9758787e-01
   6.7084769e-01
   6.4300482e-01
   6.1667815e-01
   5.9476223e-01
   5.7918677e-01
   5.7119228e-01
   5.7160579e-01
   5.7946244e-01
   5.9379738e-01
   6.1226740e-01
   6.3308063e-01
   6.5430737e-01
   6.7401792e-01
   6.9097174e-01
   7.0365265e-01
   7.1109580e-01
   7.1178498e-01
   7.0475534e-01
   6.8986906e-01
   6.6767747e-01
   6.3969676e-01
   6.0895934e-01
   5.7877326e-01
   5.5244659e-01
   5.3370089e-01
   5.2474156e-01
   5.2680910e-01
   5.4031702e-01
   5.6416265e-01
   5.9627843e-01
   6.3349414e-01
   6.7126120e-01
   7.0489318e-01
   7.2929015e-01
   7.4059270e-01
   7.3604411e-01
   7.1509304e-01
   6.7994487e-01
   6.3473466e-01
   5.8580289e-01
   5.3990351e-01
   5.0282564e-01
   4.7980703e-01
   4.7360441e-01
   4.8518263e-01
   5.1302550e-01
   5.5354928e-01
   6.0220537e-01
   6.5320469e-01
   7.0020675e-01
   7.3769814e-01
   7.6085458e-01
   7.6705720e-01
   7.5561681e-01
   7.2887664e-01
   6.9097174e-01
   6.4741558e-01
   6.0441075e-01
   5.6760855e-01
   5.4155755e-01
   5.2929015e-01
   5.3149552e-01
   5.4789800e-01
   5.7629221e-01
   6.1337009e-01
   6.5527223e-01
   6.9703653e-01
   7.3383873e-01
   7.6181943e-01
   7.7753274e-01
   7.7946244e-01
   7.6747071e-01
   7.4376292e-01
   7.1137147e-01
   6.7415576e-01
   6.3625086e-01
   6.0124052e-01
   5.7229497e-01
   5.5217092e-01
   5.4197105e-01
   5.4279807e-01
   5.5451413e-01
   5.7560303e-01
   6.0385941e-01
   6.3569952e-01
   6.6712612e-01
   6.9386630e-01
   7.1288766e-01
   7.2170917e-01
   7.1991730e-01
   7.0778773e-01
   6.8766368e-01
   6.6188835e-01
   6.3349414e-01
   6.0551344e-01
   5.8070296e-01
   5.6181943e-01
   5.5079256e-01
   5.4941420e-01
   5.5809787e-01
   5.7629221e-01
   6.0220537e-01
   6.3266713e-01
   6.6395589e-01
   6.9221227e-01
   7.1385251e-01
   7.2653343e-01
   7.2915231e-01
   7.2170917e-01
   7.0516885e-01
   6.8146106e-01
   6.5320469e-01
   6.2301861e-01
   5.9448656e-01
   5.7022743e-01
   5.5272226e-01
   5.4376292e-01
   5.4403860e-01
   5.5313577e-01
   5.6981392e-01
   5.9228119e-01
   6.1819435e-01
   6.4576155e-01
   6.7263956e-01
   6.9731220e-01
   7.1757409e-01
   7.3177119e-01
   7.3783598e-01
   7.3425224e-01
   7.2074431e-01
   6.9745003e-01
   6.6671261e-01
   6.3156444e-01
   5.9572708e-01
   5.6361130e-01
   5.3893866e-01
   5.2446589e-01
   5.2212267e-01
   5.3218470e-01
   5.5382495e-01
   5.8525155e-01
   6.2274294e-01
   6.6257753e-01
   6.9937974e-01
   7.2832529e-01
   7.4458994e-01
   7.4527912e-01
   7.2929015e-01
   6.9827705e-01
   6.5637491e-01
   6.0951068e-01
   5.6416265e-01
   5.2694694e-01
   5.0282564e-01
   4.9538249e-01
   5.0544452e-01
   5.3177119e-01
   5.7091661e-01
   6.1791868e-01
   6.6671261e-01
   7.1109580e-01
   7.4472778e-01
   7.6347347e-01
   7.6416265e-01
   7.4679531e-01
   7.1399035e-01
   6.7070986e-01
   6.2274294e-01
   5.7725706e-01
   5.4031702e-01
   5.1633357e-01
   5.0820124e-01
   5.1633357e-01
   5.3893866e-01
   5.7270848e-01
   6.1309442e-01
   6.5472088e-01
   6.9235010e-01
   7.2088215e-01
   7.3700896e-01
   7.3866299e-01
   7.2625775e-01
   7.0158511e-01
   6.6864232e-01
   6.3170228e-01
   5.9545141e-01
   5.6402481e-01
   5.4004135e-01
   5.2543074e-01
   5.2088215e-01
   5.2611992e-01
   5.4045486e-01
   5.6223295e-01
   5.8980014e-01
   6.2026189e-01
   6.5072364e-01
   6.7801516e-01
   6.9882839e-01
   7.1109580e-01
   7.1412819e-01
   7.0792557e-01
   6.9414197e-01
   6.7484493e-01
   6.5279118e-01
   6.3046175e-01
   6.1033770e-01
   5.9407305e-01
   5.8373535e-01
   5.8028946e-01
   5.8511371e-01
   5.9807030e-01
   6.1833218e-01
   6.4452102e-01
   6.7346657e-01
   7.0213646e-01
   7.2722261e-01
   7.4596830e-01
   7.5671950e-01
   7.5837353e-01
   7.5148174e-01
   7.3700896e-01
   7.1633356e-01
   6.9179876e-01
   6.6560992e-01
   6.4038594e-01
   6.1860786e-01
   6.0261888e-01
   5.9379738e-01
   5.9338387e-01
   6.0096485e-01
   6.1543763e-01
   6.3487250e-01
   6.5733976e-01
   6.8049621e-01
   7.0241213e-01
   7.2143349e-01
   7.3563060e-01
   7.4390076e-01
   7.4458994e-01
   7.3714680e-01
   7.2129566e-01
   6.9800138e-01
   6.6919366e-01
   6.3804273e-01
   6.0771881e-01
   5.8194349e-01
   5.6333563e-01
   5.5437629e-01
   5.5603032e-01
   5.6829773e-01
   5.9007581e-01
   6.1943487e-01
   6.5320468e-01
   6.8793935e-01
   7.1881461e-01
   7.4183322e-01
   7.5286010e-01
   7.4913852e-01
   7.3053067e-01
   6.9827705e-01
   6.5623708e-01
   6.1006203e-01
   5.6567884e-01
   5.2901447e-01
   5.0516885e-01
   4.9689869e-01
   5.0599586e-01
   5.3135769e-01
   5.7036527e-01
   6.1874569e-01
   6.7084769e-01
   7.2033080e-01
   7.6113025e-01
   7.8731909e-01
   7.9531358e-01
   7.8401103e-01
   7.5437629e-01
   7.1109580e-01
   6.5995865e-01
   6.0827016e-01
   5.6319779e-01
   5.3080634e-01
   5.1481737e-01
   5.1729841e-01
   5.3700896e-01
   5.7105444e-01
   6.1447278e-01
   6.6119917e-01
   7.0461751e-01
   7.3907650e-01
   7.5933839e-01
   7.6319779e-01
   7.5024121e-01
   7.2239835e-01
   6.8394211e-01
   6.4038594e-01
   5.9724328e-01
   5.5933839e-01
   5.3094418e-01
   5.1399035e-01
   5.0971744e-01
   5.1716058e-01
   5.3521709e-01
   5.6140593e-01
   5.9269469e-01
   6.2549966e-01
   6.5651275e-01
   6.8173674e-01
   6.9813921e-01
   7.0392833e-01
   6.9841489e-01
   6.8215024e-01
   6.5733977e-01
   6.2674018e-01
   5.9338387e-01
   5.6071675e-01
   5.3177119e-01
   5.0930393e-01
   4.9552033e-01
   4.9207443e-01
   4.9951758e-01
   5.1716058e-01
   5.4348725e-01
   5.7532736e-01
   6.0827016e-01
   6.3804273e-01
   6.6050999e-01
   6.7263956e-01
   6.7319090e-01
   6.6188835e-01
   6.4038594e-01
   6.1102688e-01
