   0.0000000e+00
   1.0000000e-01
   2.2114537e-01
   3.4317180e-01
   4.4757709e-01
   5.2158590e-01
   5.6079295e-01
   5.6784140e-01
   5.5110132e-01
   5.2158590e-01
   4.8898679e-01
   4.6079295e-01
   4.4140969e-01
   4.2951542e-01
   4.2290748e-01
   4.1850220e-01
   4.1321586e-01
   4.0528634e-01
   3.9471366e-01
   3.8281938e-01
   3.7004405e-01
   3.5903083e-01
   3.5022026e-01
   3.4537445e-01
   3.4405286e-01
   3.4669603e-01
   3.5330397e-01
   3.6255507e-01
   3.7356829e-01
   3.8634361e-01
   3.9999999e-01
   4.1365639e-01
   4.2775330e-01
   4.4185021e-01
   4.5550661e-01
   4.6872246e-01
   4.7973568e-01
   4.8810572e-01
   4.9339207e-01
   4.9383260e-01
   4.9162996e-01
   4.8766519e-01
   4.8325991e-01
   4.7973568e-01
   4.7885462e-01
   4.8017621e-01
   4.8458150e-01
   4.9030837e-01
   4.9647577e-01
   5.0220264e-01
   5.0660792e-01
   5.0969163e-01
   5.1145374e-01
   5.1233481e-01
   5.1145374e-01
   5.0925110e-01
   5.0572687e-01
   5.0044053e-01
   4.9427313e-01
   4.8722467e-01
   4.7973568e-01
   4.7224670e-01
   4.6519823e-01
   4.5814978e-01
   4.5198239e-01
   4.4669603e-01
   4.4273127e-01
   4.4096916e-01
   4.4052864e-01
   4.4185022e-01
   4.4317181e-01
   4.4405286e-01
   4.4185022e-01
   4.3612335e-01
   4.2599118e-01
   4.1277533e-01
   3.9735684e-01
   3.8193833e-01
   3.6784141e-01
   3.5726872e-01
   3.5022026e-01
   3.4625551e-01
   3.4493392e-01
   3.4713657e-01
   3.5110132e-01
   3.5814978e-01
   3.6784141e-01
   3.8017621e-01
   3.9427313e-01
   4.0881056e-01
   4.2334802e-01
   4.3568281e-01
   4.4449340e-01
   4.4845814e-01
   4.4669603e-01
   4.4008810e-01
   4.2819383e-01
   4.1277533e-01
   3.9603524e-01
   3.7929515e-01
   3.6519823e-01
   3.5682819e-01
   3.5462555e-01
   3.5903083e-01
   3.6916300e-01
   3.8237885e-01
   3.9515419e-01
   4.0572687e-01
   4.1101321e-01
   4.0969163e-01
   4.0352424e-01
   3.9295155e-01
   3.8017621e-01
   3.6740088e-01
   3.5638766e-01
   3.4845814e-01
   3.4449339e-01
   3.4361233e-01
   3.4669603e-01
   3.5286343e-01
   3.6079295e-01
   3.7048459e-01
   3.8017621e-01
   3.8942731e-01
   3.9735683e-01
   4.0484582e-01
   4.1101321e-01
   4.1762114e-01
   4.2466960e-01
   4.3259912e-01
   4.4008810e-01
   4.4669603e-01
   4.5022026e-01
   4.4933921e-01
   4.4361233e-01
   4.3171806e-01
   4.1629956e-01
   3.9867842e-01
   3.7973568e-01
   3.6387665e-01
   3.5066079e-01
   3.4317180e-01
   3.4096916e-01
   3.4405286e-01
   3.5110132e-01
   3.6167401e-01
   3.7224670e-01
   3.8237885e-01
   3.8986784e-01
   3.9339207e-01
   3.9339206e-01
   3.9074890e-01
   3.8766519e-01
   3.8722466e-01
   3.9030837e-01
   3.9911895e-01
   4.1365639e-01
   4.3259911e-01
   4.5462555e-01
   4.7665198e-01
   4.9691630e-01
   5.1277533e-01
   5.2290749e-01
   5.2687224e-01
   5.2422907e-01
   5.1674008e-01
   5.0440528e-01
   4.8898679e-01
   4.7356828e-01
   4.5903084e-01
   4.4801761e-01
   4.4185021e-01
   4.4052864e-01
   4.4405286e-01
   4.5066079e-01
   4.5859031e-01
   4.6651982e-01
   4.7312776e-01
   4.7753304e-01
   4.8061673e-01
   4.8325991e-01
   4.8546255e-01
   4.8898679e-01
   4.9251101e-01
   4.9603524e-01
   4.9823789e-01
   4.9867841e-01
   4.9471366e-01
   4.8678415e-01
   4.7268723e-01
   4.5462555e-01
   4.3171806e-01
   4.0704845e-01
   3.8370044e-01
   3.6563877e-01
   3.5638766e-01
   3.5859030e-01
   3.7268722e-01
   3.9735684e-01
   4.2951541e-01
   4.6343612e-01
   4.9471366e-01
   5.1762114e-01
   5.3039648e-01
   5.3127753e-01
   5.2202643e-01
   5.0572687e-01
   4.8678414e-01
   4.6828194e-01
   4.5286343e-01
   4.4317181e-01
   4.3876652e-01
   4.3920704e-01
   4.4185022e-01
   4.4405286e-01
   4.4317181e-01
   4.3656388e-01
   4.2378854e-01
   4.0528635e-01
   3.8237885e-01
   3.5770925e-01
   3.3480176e-01
   3.1541850e-01
   3.0088106e-01
   2.9162996e-01
   2.8634362e-01
   2.8325991e-01
   2.8105726e-01
   2.7973568e-01
   2.7841409e-01
   2.7797356e-01
   2.8017621e-01
   2.8502203e-01
   2.9383260e-01
   3.0440529e-01
   3.1718062e-01
   3.3039647e-01
   3.4185022e-01
   3.5242290e-01
   3.6079294e-01
   3.6651983e-01
   3.6872247e-01
   3.6740088e-01
   3.6123348e-01
   3.4977973e-01
   3.3303964e-01
   3.1233481e-01
   2.8854626e-01
   2.6519823e-01
   2.4317180e-01
   2.2599119e-01
   2.1541850e-01
   2.1277532e-01
   2.1806168e-01
   2.2995594e-01
   2.4801762e-01
   2.6872247e-01
   2.8986784e-01
   3.0837004e-01
   3.2070485e-01
   3.2599118e-01
   3.2246696e-01
   3.1145374e-01
   2.9427313e-01
   2.7312776e-01
   2.5154185e-01
   2.3127753e-01
   2.1453745e-01
   2.0220264e-01
   1.9471366e-01
   1.9251102e-01
   1.9515418e-01
   2.0308371e-01
   2.1453744e-01
   2.2951542e-01
   2.4537445e-01
   2.5947137e-01
   2.7048458e-01
   2.7621145e-01
   2.7621145e-01
   2.7136564e-01
   2.6299559e-01
   2.5462555e-01
   2.4889868e-01
   2.4801762e-01
   2.5242291e-01
   2.6255506e-01
   2.7665199e-01
   2.9207048e-01
   3.0660792e-01
   3.1762114e-01
   3.2378854e-01
   3.2246696e-01
   3.1321586e-01
   2.9823788e-01
   2.7753304e-01
   2.5462555e-01
   2.3259911e-01
   2.1365639e-01
   2.0088106e-01
   1.9559471e-01
   1.9823788e-01
   2.0837004e-01
   2.2466960e-01
   2.4449340e-01
   2.6740087e-01
   2.9074890e-01
   3.1233480e-01
   3.3171807e-01
   3.4669603e-01
   3.5682819e-01
   3.6079295e-01
   3.5859030e-01
   3.5110132e-01
   3.3920705e-01
   3.2599119e-01
   3.1233480e-01
   2.9955947e-01
   2.8942731e-01
   2.8237885e-01
   2.7797356e-01
   2.7665198e-01
   2.7841409e-01
   2.8325991e-01
   2.9030837e-01
   2.9955947e-01
   3.1013216e-01
   3.1982378e-01
   3.2731278e-01
   3.3127753e-01
   3.3083700e-01
   3.2599118e-01
   3.1718061e-01
   3.0704845e-01
   2.9603524e-01
   2.8546256e-01
   2.7709251e-01
   2.7048458e-01
   2.6519823e-01
   2.6211453e-01
   2.6079294e-01
   2.6123348e-01
   2.6343612e-01
   2.6740087e-01
   2.7268722e-01
   2.7973568e-01
   2.8590308e-01
   2.9162996e-01
   2.9515419e-01
   2.9735683e-01
   2.9647577e-01
   2.9339207e-01
   2.8766520e-01
   2.8017620e-01
   2.7092512e-01
   2.6211454e-01
   2.5462555e-01
   2.4977974e-01
   2.4889868e-01
   2.5154185e-01
   2.5770926e-01
   2.6475770e-01
   2.7180616e-01
   2.7709252e-01
   2.7973569e-01
   2.8017620e-01
   2.7885463e-01
   2.7797357e-01
   2.7841409e-01
   2.8061674e-01
   2.8370044e-01
   2.8722467e-01
   2.8810573e-01
   2.8634362e-01
   2.8017621e-01
   2.7048458e-01
   2.5903084e-01
   2.4713657e-01
   2.3700440e-01
   2.3039647e-01
   2.2907489e-01
   2.3392071e-01
   2.4405286e-01
   2.5947137e-01
   2.7797356e-01
   2.9691631e-01
   3.1321585e-01
   3.2555066e-01
   3.3039647e-01
   3.2731278e-01
   3.1806167e-01
   3.0308370e-01
   2.8634361e-01
   2.7092511e-01
   2.5903084e-01
   2.5330397e-01
   2.5330396e-01
   2.5991189e-01
   2.7048458e-01
   2.8502202e-01
   3.0044053e-01
   3.1585903e-01
   3.2995595e-01
   3.4140969e-01
   3.4889867e-01
   3.5242290e-01
   3.5110132e-01
   3.4669604e-01
   3.4008811e-01
   3.3303964e-01
   3.2819383e-01
   3.2687224e-01
   3.2907489e-01
   3.3612335e-01
   3.4581498e-01
   3.5770925e-01
   3.7004405e-01
   3.8149780e-01
   3.9162995e-01
   4.0000000e-01
   4.0704846e-01
   4.1145374e-01
   4.1453745e-01
   4.1674009e-01
   4.1806167e-01
   4.1938326e-01
   4.2070485e-01
   4.2246696e-01
   4.2466960e-01
   4.2643172e-01
   4.2731278e-01
   4.2643171e-01
   4.2334802e-01
   4.1806168e-01
   4.1057269e-01
   4.0220264e-01
   3.9251101e-01
   3.8237885e-01
   3.7268723e-01
   3.6387665e-01
   3.5550660e-01
   3.4889868e-01
   3.4537444e-01
   3.4537444e-01
   3.5154185e-01
   3.6255507e-01
   3.7885462e-01
   3.9735683e-01
   4.1629956e-01
   4.3259911e-01
   4.4449339e-01
   4.5066079e-01
   4.5066079e-01
   4.4537446e-01
   4.3700440e-01
   4.2775331e-01
   4.1938326e-01
   4.1409691e-01
   4.1321586e-01
   4.1718062e-01
   4.2643172e-01
   4.3920705e-01
   4.5418503e-01
   4.6916300e-01
   4.8017621e-01
   4.8634362e-01
   4.8502202e-01
   4.7709251e-01
   4.6387665e-01
   4.4713657e-01
   4.3127753e-01
   4.1850221e-01
   4.1189428e-01
   4.1189428e-01
   4.1938326e-01
   4.3259912e-01
   4.5022026e-01
   4.6960352e-01
   4.8810572e-01
   5.0352423e-01
   5.1453745e-01
   5.1894273e-01
   5.1674009e-01
   5.0792951e-01
   4.9427312e-01
   4.7797358e-01
   4.6123348e-01
   4.4669603e-01
   4.3612335e-01
   4.3039647e-01
   4.2951542e-01
   4.3259911e-01
   4.3832599e-01
   4.4625550e-01
   4.5506608e-01
   4.6475771e-01
   4.7533040e-01
   4.8546256e-01
   4.9603524e-01
   5.0528634e-01
   5.1277534e-01
   5.1718062e-01
   5.1806167e-01
   5.1585903e-01
   5.1101321e-01
   5.0396476e-01
   4.9559472e-01
   4.8766520e-01
   4.8017621e-01
   4.7488986e-01
   4.7224669e-01
   4.7224669e-01
   4.7488986e-01
   4.7973568e-01
   4.8502202e-01
   4.9030837e-01
   4.9295154e-01
   4.9295154e-01
   4.8986784e-01
   4.8458150e-01
   4.7709251e-01
   4.6960352e-01
   4.6211454e-01
   4.5462555e-01
   4.4625551e-01
   4.3744493e-01
   4.2731278e-01
   4.1497798e-01
   4.0308370e-01
   3.9162995e-01
   3.8325991e-01
   3.7841410e-01
   3.7797357e-01
   3.8149780e-01
   3.8810573e-01
   3.9603524e-01
   4.0396477e-01
   4.0925110e-01
   4.1101321e-01
   4.0969163e-01
   4.0484582e-01
   3.9691630e-01
   3.8898678e-01
   3.8105727e-01
   3.7488987e-01
   3.7356828e-01
   3.7709251e-01
   3.8502203e-01
   3.9647577e-01
   4.0969163e-01
   4.2158590e-01
   4.3127753e-01
   4.3700440e-01
   4.3788546e-01
   4.3436124e-01
   4.2819383e-01
   4.2026431e-01
   4.1189427e-01
   4.0352423e-01
   3.9603524e-01
   3.8810573e-01
   3.8149779e-01
   3.7533040e-01
   3.7092511e-01
   3.6828194e-01
   3.6916300e-01
   3.7224669e-01
   3.7841409e-01
   3.8810572e-01
   4.0000000e-01
   4.1497798e-01
   4.3039647e-01
   4.4757709e-01
   4.6343612e-01
   4.7665198e-01
   4.8546255e-01
   4.8854625e-01
   4.8502202e-01
   4.7577093e-01
   4.6167401e-01
   4.4581497e-01
   4.3039647e-01
   4.1762115e-01
   4.0925110e-01
   4.0528634e-01
   4.0572688e-01
   4.0925110e-01
   4.1453745e-01
   4.2026431e-01
   4.2599118e-01
   4.2951542e-01
   4.3083700e-01
   4.2775331e-01
   4.2114538e-01
   4.1013216e-01
   3.9559471e-01
   3.7973568e-01
   3.6387665e-01
   3.5066079e-01
   3.4273128e-01
   3.4008810e-01
   3.4449340e-01
   3.5418502e-01
   3.6784140e-01
   3.8370045e-01
   3.9955947e-01
   4.1233480e-01
   4.2114537e-01
   4.2466960e-01
   4.2246696e-01
   4.1541849e-01
   4.0308370e-01
   3.8810572e-01
   3.7224670e-01
   3.5726872e-01
   3.4361233e-01
   3.3215860e-01
   3.2422907e-01
   3.1762114e-01
   3.1233480e-01
   3.0881056e-01
   3.0748899e-01
   3.0792951e-01
   3.1277533e-01
   3.2070485e-01
   3.3215860e-01
   3.4537444e-01
   3.5903083e-01
   3.7048458e-01
   3.7753304e-01
   3.8017621e-01
   3.7797357e-01
   3.7224669e-01
   3.6431718e-01
   3.5682819e-01
   3.5110132e-01
   3.4933921e-01
   3.5110132e-01
   3.5814978e-01
   3.6828194e-01
   3.8149780e-01
   3.9603524e-01
   4.1013216e-01
   4.2158590e-01
   4.2907488e-01
   4.3215859e-01
   4.3039647e-01
   4.2643172e-01
   4.2114538e-01
   4.1629956e-01
   4.1409691e-01
   4.1409691e-01
   4.1718062e-01
   4.2158590e-01
   4.2687224e-01
   4.3127753e-01
   4.3480175e-01
   4.3656388e-01
   4.3656388e-01
   4.3524229e-01
   4.3259911e-01
   4.2907489e-01
   4.2422907e-01
   4.1894274e-01
   4.1321586e-01
   4.0837004e-01
   4.0484581e-01
   4.0176212e-01
   3.9955947e-01
   3.9735683e-01
   3.9471366e-01
   3.9162996e-01
   3.8678413e-01
   3.8149780e-01
   3.7665198e-01
   3.7400880e-01
   3.7312775e-01
   3.7488987e-01
   3.7885463e-01
   3.8546255e-01
   3.9207048e-01
   3.9867841e-01
   4.0440528e-01
   4.0792951e-01
   4.0925109e-01
   4.0748898e-01
   4.0220264e-01
   3.9339207e-01
   3.8149780e-01
   3.6784140e-01
   3.5374450e-01
   3.4140968e-01
   3.3392071e-01
   3.3127753e-01
   3.3568282e-01
   3.4625550e-01
   3.6211453e-01
   3.8105727e-01
   4.0088106e-01
   4.1806167e-01
   4.3083700e-01
   4.3700440e-01
   4.3480175e-01
   4.2599118e-01
   4.1145375e-01
   3.9427312e-01
   3.7753304e-01
   3.6563876e-01
   3.6079295e-01
   3.6343612e-01
   3.7356829e-01
   3.8766520e-01
   4.0308370e-01
   4.1674009e-01
   4.2599119e-01
   4.3039647e-01
   4.3083701e-01
   4.2951542e-01
   4.2863436e-01
   4.2995595e-01
   4.3348017e-01
   4.4008810e-01
   4.4757709e-01
   4.5418503e-01
   4.5947136e-01
   4.6079295e-01
   4.5947136e-01
   4.5594714e-01
   4.5154185e-01
   4.4757710e-01
   4.4625551e-01
   4.4889868e-01
   4.5506608e-01
   4.6563876e-01
   4.7929516e-01
   4.9383260e-01
   5.0748899e-01
   5.1806167e-01
   5.2290749e-01
   5.2202642e-01
   5.1453745e-01
   5.0176211e-01
   4.8634361e-01
   4.7004405e-01
   4.5594714e-01
   4.4625550e-01
   4.4052863e-01
   4.4052863e-01
   4.4537445e-01
   4.5462555e-01
   4.6607930e-01
   4.7973568e-01
   4.9295154e-01
   5.0352423e-01
   5.1013216e-01
   5.1145374e-01
   5.0660793e-01
   4.9603524e-01
   4.8149780e-01
   4.6431718e-01
   4.4801761e-01
   4.3480175e-01
   4.2511013e-01
   4.2026432e-01
   4.1982378e-01
   4.2334802e-01
   4.2995595e-01
   4.3832599e-01
   4.4801762e-01
   4.5859031e-01
   4.6828194e-01
   4.7621145e-01
   4.8281937e-01
   4.8634361e-01
   4.8722466e-01
   4.8634361e-01
   4.8370044e-01
   4.8149779e-01
   4.7885462e-01
   4.7665198e-01
   4.7400880e-01
   4.6960352e-01
   4.6343612e-01
   4.5418503e-01
   4.4317181e-01
   4.3039647e-01
   4.1674009e-01
   4.0528634e-01
   3.9647577e-01
   3.9074891e-01
   3.8854626e-01
   3.9030837e-01
   3.9515419e-01
   4.0176212e-01
   4.0969163e-01
   4.1718062e-01
   4.2290749e-01
   4.2511013e-01
   4.2290749e-01
   4.1762114e-01
   4.0969163e-01
   4.0088105e-01
   3.9295154e-01
   3.8854626e-01
   3.8854626e-01
   3.9295154e-01
   4.0176212e-01
   4.1321586e-01
   4.2643172e-01
   4.3920704e-01
   4.5110132e-01
   4.6123347e-01
   4.6872247e-01
   4.7444934e-01
   4.7797357e-01
   4.7885463e-01
   4.7753304e-01
   4.7444934e-01
   4.7004405e-01
   4.6475771e-01
   4.5947136e-01
   4.5462555e-01
   4.5022026e-01
   4.4625551e-01
   4.4185022e-01
   4.3656388e-01
   4.3083700e-01
   4.2511013e-01
   4.2026432e-01
   4.1585903e-01
   4.1277533e-01
   4.1145375e-01
   4.1145374e-01
   4.1321586e-01
   4.1629956e-01
   4.2114537e-01
   4.2775331e-01
   4.3612334e-01
   4.4581498e-01
   4.5550661e-01
   4.6475771e-01
   4.7312775e-01
   4.8017621e-01
   4.8722466e-01
   4.9603524e-01
   5.0704845e-01
   5.2114537e-01
   5.3920705e-01
   5.5947136e-01
   5.8017621e-01
   5.9955947e-01
   6.1541851e-01
   6.2687224e-01
   6.3348018e-01
   6.3524229e-01
   6.3524228e-01
   6.3348017e-01
   6.3171806e-01
   6.3171806e-01
   6.3436123e-01
   6.3964758e-01
   6.4889868e-01
   6.6079295e-01
   6.7533039e-01
   6.9162996e-01
   7.0704845e-01
   7.2070484e-01
   7.2995595e-01
   7.3480176e-01
   7.3568281e-01
   7.3480177e-01
   7.3612334e-01
   7.4273127e-01
   7.5814978e-01
   7.8458150e-01
   8.2202643e-01
   8.6651982e-01
   9.1365639e-01
   9.5638766e-01
   9.8722467e-01
   1.0000000e+00
   9.9118943e-01
   9.6123348e-01
   9.1321586e-01
   8.5286344e-01
   7.8722468e-01
   7.2422908e-01
   6.6872246e-01
   6.2378854e-01
   5.8898679e-01
   5.6255507e-01
   5.4096917e-01
   5.2070484e-01
   4.9955947e-01
   4.7841409e-01
   4.5814978e-01
   4.4096917e-01
   4.3039647e-01
   4.2731278e-01
   4.3171806e-01
   4.4361233e-01
   4.5859031e-01
   4.7533040e-01
   4.8986784e-01
   5.0044053e-01
   5.0396476e-01
   5.0000000e-01
   4.8810572e-01
   4.6828193e-01
   4.4229075e-01
   4.1189427e-01
   3.8061674e-01
   3.5154185e-01
   3.2775331e-01
   3.1189428e-01
   3.0528635e-01
   3.0837004e-01
   3.1982378e-01
   3.3656388e-01
   3.5550661e-01
   3.7400881e-01
   3.8898678e-01
   3.9867841e-01
   4.0132158e-01
   3.9779735e-01
   3.8898678e-01
   3.7665198e-01
   3.6387665e-01
   3.5418502e-01
   3.4889868e-01
   3.4977973e-01
   3.5594714e-01
   3.6651982e-01
   3.7797357e-01
   3.8722466e-01
   3.9118942e-01
   3.8898677e-01
   3.8105727e-01
   3.6828193e-01
   3.5462555e-01
   3.4273128e-01
   3.3524229e-01
   3.3392071e-01
   3.3920705e-01
   3.5110132e-01
   3.6784141e-01
   3.8722466e-01
   4.0660793e-01
   4.2466961e-01
   4.3832600e-01
   4.4625550e-01
   4.4845814e-01
   4.4493392e-01
   4.3656388e-01
   4.2555066e-01
   4.1365638e-01
   4.0308370e-01
   3.9383259e-01
   3.8722466e-01
   3.8237885e-01
   3.8017621e-01
   3.7973568e-01
   3.8149780e-01
   3.8678414e-01
   3.9735684e-01
   4.1277534e-01
   4.3259911e-01
   4.5418503e-01
   4.7400881e-01
   4.8898679e-01
   4.9559472e-01
   4.9162995e-01
   4.7577093e-01
   4.4977974e-01
   4.1762114e-01
   3.8325991e-01
   3.5198237e-01
   3.2863436e-01
   3.1585903e-01
   3.1674009e-01
   3.2951542e-01
   3.5242290e-01
   3.8105726e-01
   4.1013216e-01
   4.3392070e-01
   4.4889868e-01
   4.5242290e-01
   4.4361233e-01
   4.2555066e-01
   4.0088106e-01
   3.7444933e-01
   3.5022026e-01
   3.3171807e-01
   3.2070485e-01
   3.1718062e-01
   3.2114538e-01
   3.3127753e-01
   3.4537444e-01
   3.6123348e-01
   3.7621145e-01
   3.8854626e-01
   3.9603524e-01
   3.9779735e-01
   3.9339206e-01
   3.8370044e-01
   3.7048458e-01
   3.5594714e-01
   3.4229075e-01
   3.3171806e-01
   3.2555067e-01
   3.2422907e-01
   3.2731278e-01
   3.3480176e-01
   3.4669603e-01
   3.6255507e-01
   3.8237885e-01
   4.0484581e-01
   4.2995595e-01
   4.5550661e-01
   4.7885463e-01
   4.9779736e-01
   5.1057269e-01
   5.1541850e-01
   5.1321586e-01
   5.0528634e-01
   4.9295154e-01
   4.7797357e-01
   4.6299559e-01
   4.4933921e-01
   4.3832599e-01
   4.3083700e-01
   4.2643171e-01
   4.2643172e-01
   4.2907489e-01
   4.3348018e-01
   4.3832600e-01
   4.4185022e-01
   4.4405286e-01
   4.4449339e-01
   4.4449339e-01
   4.4537445e-01
   4.4845815e-01
   4.5462555e-01
   4.6475771e-01
   4.7797357e-01
   4.9162995e-01
   5.0396476e-01
   5.1277534e-01
   5.1674009e-01
   5.1629956e-01
   5.0969163e-01
   4.9955947e-01
   4.8634361e-01
   4.7268723e-01
   4.6035243e-01
   4.5066079e-01
   4.4537446e-01
   4.4669604e-01
   4.5330396e-01
   4.6431718e-01
   4.7841409e-01
   4.9295154e-01
   5.0484581e-01
   5.1145375e-01
   5.1145374e-01
   5.0484581e-01
   4.9118943e-01
   4.7268723e-01
   4.5110132e-01
   4.2863436e-01
   4.0704846e-01
   3.8854626e-01
   3.7488987e-01
   3.6872247e-01
   3.7136564e-01
   3.8370044e-01
   4.0528634e-01
   4.3524229e-01
   4.6916300e-01
   5.0440528e-01
   5.3524229e-01
   5.5859031e-01
   5.7092511e-01
   5.7136564e-01
   5.6035242e-01
   5.3920705e-01
   5.1101321e-01
   4.7841409e-01
   4.4625550e-01
   4.1674009e-01
   3.9383260e-01
   3.7973568e-01
   3.7577093e-01
   3.8017621e-01
   3.9339207e-01
   4.1101321e-01
   4.3039647e-01
   4.4757710e-01
   4.5991190e-01
   4.6651982e-01
   4.6651982e-01
   4.6167401e-01
   4.5242291e-01
   4.4052864e-01
   4.2775331e-01
   4.1497798e-01
   4.0396476e-01
   3.9471366e-01
   3.8898678e-01
   3.8678414e-01
   3.8810573e-01
   3.9207048e-01
   3.9911894e-01
   4.0616740e-01
   4.1321585e-01
   4.1850220e-01
   4.2158590e-01
   4.2334802e-01
   4.2378854e-01
   4.2290749e-01
   4.2114538e-01
   4.1850221e-01
   4.1409692e-01
   4.0837004e-01
   4.0088105e-01
   3.9295154e-01
   3.8634361e-01
   3.8193832e-01
   3.8281938e-01
   3.8942731e-01
   4.0220264e-01
   4.2070484e-01
   4.4361233e-01
   4.6960352e-01
   4.9603524e-01
   5.1982379e-01
   5.3964757e-01
   5.5154186e-01
   5.5506608e-01
   5.4889867e-01
   5.3436123e-01
   5.1321585e-01
   4.8854626e-01
   4.6519824e-01
   4.4537446e-01
   4.3215859e-01
   4.2599119e-01
   4.2775330e-01
   4.3480176e-01
   4.4713656e-01
   4.6211454e-01
   4.7885463e-01
   4.9603524e-01
   5.1453744e-01
   5.3259912e-01
   5.5022026e-01
   5.6475771e-01
   5.7665198e-01
   5.8458150e-01
   5.8766519e-01
   5.8678414e-01
   5.8237886e-01
   5.7533039e-01
   5.6828193e-01
   5.6123348e-01
   5.5594714e-01
   5.5330396e-01
   5.5462555e-01
   5.5903083e-01
   5.6696035e-01
   5.7577093e-01
   5.8502202e-01
   5.9207048e-01
   5.9339208e-01
   5.8898679e-01
   5.7753304e-01
   5.5903083e-01
   5.3524229e-01
   5.0881056e-01
   4.8237886e-01
   4.5814979e-01
   4.3832599e-01
   4.2511014e-01
   4.1806168e-01
   4.1894274e-01
   4.2731277e-01
   4.4229074e-01
   4.6167401e-01
   4.8325991e-01
   5.0484581e-01
   5.2422907e-01
   5.3832599e-01
   5.4625551e-01
   5.4757709e-01
   5.4361233e-01
   5.3480177e-01
   5.2334802e-01
   5.1013216e-01
   4.9647577e-01
   4.8281938e-01
   4.7048458e-01
   4.5947136e-01
   4.5198239e-01
   4.4801762e-01
   4.4845815e-01
   4.5374449e-01
   4.6299559e-01
   4.7577093e-01
   4.9074890e-01
   5.0704845e-01
   5.2334802e-01
   5.3920705e-01
   5.5286343e-01
   5.6519824e-01
   5.7400881e-01
   5.7841410e-01
   5.7753304e-01
   5.7180617e-01
   5.5991189e-01
   5.4449339e-01
   5.2643171e-01
   5.0704845e-01
   4.8942731e-01
   4.7488986e-01
   4.6343612e-01
   4.5726872e-01
   4.5594714e-01
   4.5947136e-01
   4.6872247e-01
   4.8237885e-01
   4.9867841e-01
   5.1585902e-01
   5.3083700e-01
   5.4140969e-01
   5.4625550e-01
   5.4317180e-01
   5.3392071e-01
   5.2026432e-01
   5.0484581e-01
   4.9030837e-01
   4.7973569e-01
   4.7533040e-01
   4.7709251e-01
   4.8502202e-01
   4.9911894e-01
   5.1762115e-01
   5.3788546e-01
   5.5903083e-01
   5.7753304e-01
   5.9118944e-01
   5.9823788e-01
   5.9779736e-01
   5.9074890e-01
   5.7753304e-01
   5.6123347e-01
   5.4493392e-01
   5.3083700e-01
   5.2114537e-01
   5.1629956e-01
   5.1585903e-01
   5.2026431e-01
   5.2775331e-01
   5.3700441e-01
   5.4757709e-01
   5.5814978e-01
   5.6784140e-01
   5.7488986e-01
   5.7929515e-01
   5.7973569e-01
   5.7577092e-01
   5.6872246e-01
   5.5903084e-01
   5.4845814e-01
   5.3788546e-01
   5.2863435e-01
   5.2158590e-01
   5.1629956e-01
   5.1365639e-01
   5.1277533e-01
   5.1365638e-01
   5.1541850e-01
   5.1718061e-01
   5.1850220e-01
   5.1806167e-01
   5.1497798e-01
   5.0925110e-01
   5.0088106e-01
   4.9162995e-01
   4.8281938e-01
   4.7577093e-01
   4.7224669e-01
   4.7224669e-01
   4.7577093e-01
   4.8193833e-01
   4.8942731e-01
   4.9647577e-01
   5.0264317e-01
   5.0660792e-01
   5.0792951e-01
   5.0660793e-01
   5.0176212e-01
   4.9383260e-01
   4.8370044e-01
   4.7312776e-01
   4.6343612e-01
   4.5638767e-01
   4.5330396e-01
   4.5550660e-01
   4.6211454e-01
   4.7180617e-01
   4.8149780e-01
   4.8986784e-01
   4.9471365e-01
   4.9515419e-01
   4.9162995e-01
   4.8502202e-01
   4.7709251e-01
   4.6916300e-01
   4.6211454e-01
   4.5814978e-01
   4.5770925e-01
   4.6079295e-01
   4.6872247e-01
   4.7929515e-01
   4.9339207e-01
   5.0792952e-01
   5.2070484e-01
   5.2819384e-01
   5.2863436e-01
   5.1982378e-01
   5.0308370e-01
   4.7973568e-01
   4.5374450e-01
   4.2951542e-01
   4.1145374e-01
   4.0264317e-01
   4.0440528e-01
   4.1629956e-01
   4.3656388e-01
   4.5947137e-01
   4.8017621e-01
   4.9471366e-01
   4.9867842e-01
   4.8986784e-01
   4.6960352e-01
   4.3964757e-01
   4.0616740e-01
   3.7312775e-01
   3.4625550e-01
   3.2863435e-01
   3.2202643e-01
   3.2555067e-01
   3.3700440e-01
   3.5330396e-01
   3.7092511e-01
   3.8810573e-01
   4.0440528e-01
   4.1938326e-01
   4.3348018e-01
   4.4625550e-01
   4.5814978e-01
   4.6784141e-01
   4.7400880e-01
   4.7621145e-01
   4.7400881e-01
   4.6828194e-01
   4.5947137e-01
   4.5022026e-01
   4.4229075e-01
   4.3744494e-01
   4.3832600e-01
   4.4449340e-01
   4.5638766e-01
   4.7356828e-01
   4.9471366e-01
   5.1674009e-01
   5.3788546e-01
   5.5374450e-01
   5.6255507e-01
   5.6211454e-01
   5.5286344e-01
   5.3480177e-01
   5.1101321e-01
   4.8325991e-01
   4.5594714e-01
   4.2995595e-01
   4.0792951e-01
   3.9118943e-01
   3.7973569e-01
   3.7488987e-01
   3.7577093e-01
   3.8325991e-01
   3.9559471e-01
   4.1145374e-01
   4.2863436e-01
   4.4581497e-01
   4.5991189e-01
   4.6916299e-01
   4.7356828e-01
   4.7312776e-01
   4.6828194e-01
   4.5991189e-01
   4.5022026e-01
   4.3920705e-01
   4.2731277e-01
   4.1585902e-01
   4.0572688e-01
   3.9735683e-01
   3.9162995e-01
   3.8898678e-01
   3.8942731e-01
   3.9383259e-01
   4.0044053e-01
   4.0925110e-01
   4.1894274e-01
   4.2907489e-01
   4.3920704e-01
   4.4801762e-01
   4.5550660e-01
   4.6035243e-01
   4.6123347e-01
   4.5770925e-01
   4.4977974e-01
   4.3920704e-01
   4.2599118e-01
   4.1453744e-01
   4.0528635e-01
   4.0132159e-01
   4.0264317e-01
   4.0881057e-01
   4.1982379e-01
   4.3259912e-01
   4.4669603e-01
   4.6035242e-01
   4.7312775e-01
   4.8414097e-01
   4.9207048e-01
   4.9823788e-01
   5.0132158e-01
   5.0088105e-01
   4.9823788e-01
   4.9339207e-01
   4.8678414e-01
   4.7973568e-01
   4.7268722e-01
   4.6651982e-01
   4.6079295e-01
   4.5682818e-01
   4.5506608e-01
   4.5506608e-01
   4.5859031e-01
   4.6475771e-01
   4.7356829e-01
   4.8370044e-01
   4.9251101e-01
   4.9779736e-01
   4.9779736e-01
   4.9118943e-01
   4.7797357e-01
   4.5947137e-01
   4.3832599e-01
   4.1585903e-01
   3.9603524e-01
   3.8105727e-01
   3.7092511e-01
   3.6872247e-01
   3.7268723e-01
   3.8281938e-01
   3.9647577e-01
   4.1277533e-01
   4.2775331e-01
   4.3832599e-01
   4.4317181e-01
   4.4052863e-01
   4.3083700e-01
   4.1629956e-01
   3.9955948e-01
   3.8370044e-01
   3.7180616e-01
   3.6563876e-01
   3.6607930e-01
   3.7268723e-01
   3.8370044e-01
   3.9735683e-01
   4.1189428e-01
   4.2555066e-01
   4.3744493e-01
   4.4581497e-01
   4.5022026e-01
   4.4933921e-01
   4.4405286e-01
   4.3392070e-01
   4.2026432e-01
   4.0484582e-01
   3.8986784e-01
   3.7665198e-01
   3.6651983e-01
   3.6079294e-01
   3.5947137e-01
   3.6211454e-01
   3.6740088e-01
   3.7488986e-01
   3.8325991e-01
   3.9118943e-01
   3.9735683e-01
   4.0220264e-01
   4.0352423e-01
   4.0220264e-01
   3.9911894e-01
   3.9427313e-01
   3.8854626e-01
   3.8281938e-01
   3.7753304e-01
   3.7268723e-01
   3.6696035e-01
   3.6123348e-01
   3.5462554e-01
   3.4801761e-01
   3.4185022e-01
   3.3700440e-01
   3.3436124e-01
   3.3348018e-01
   3.3436124e-01
   3.3656388e-01
   3.3876652e-01
   3.4096916e-01
   3.4229075e-01
   3.4449340e-01
   3.4713657e-01
   3.5154186e-01
   3.5638766e-01
   3.6167401e-01
   3.6651982e-01
   3.6872247e-01
   3.6828193e-01
   3.6431718e-01
   3.5770925e-01
   3.4977973e-01
   3.4229075e-01
   3.3524228e-01
   3.3039647e-01
   3.2863436e-01
   3.3039647e-01
   3.3612335e-01
   3.4581497e-01
   3.5903083e-01
   3.7488987e-01
   3.9207048e-01
   4.0748899e-01
   4.1982378e-01
   4.2687224e-01
   4.2643172e-01
   4.1850220e-01
   4.0308370e-01
   3.8193833e-01
   3.5638766e-01
   3.2907489e-01
   3.0176211e-01
   2.7753304e-01
   2.5814978e-01
   2.4581497e-01
   2.4140969e-01
   2.4449339e-01
   2.5462555e-01
   2.6960352e-01
   2.8678413e-01
   3.0264317e-01
   3.1409691e-01
   3.2026431e-01
   3.2070484e-01
   3.1629956e-01
   3.0792952e-01
   2.9823788e-01
   2.8810573e-01
   2.7885462e-01
   2.7092511e-01
   2.6651982e-01
   2.6563877e-01
   2.6916299e-01
   2.7797356e-01
   2.9162995e-01
   3.0925110e-01
   3.3039647e-01
   3.5198238e-01
   3.7136564e-01
   3.8634362e-01
   3.9427313e-01
   3.9471365e-01
   3.8766519e-01
   3.7444934e-01
   3.5726872e-01
   3.3788546e-01
   3.2026431e-01
   3.0572687e-01
   2.9691630e-01
   2.9471366e-01
   2.9867842e-01
   3.0792952e-01
   3.1982378e-01
   3.3127753e-01
   3.4052863e-01
   3.4493392e-01
   3.4537445e-01
   3.4273127e-01
   3.4008811e-01
   3.4008811e-01
   3.4537444e-01
   3.5594714e-01
   3.7180616e-01
   3.9074890e-01
   4.1101321e-01
   4.2775331e-01
   4.3920704e-01
   4.4449339e-01
   4.4140969e-01
   4.3127753e-01
   4.1585903e-01
   3.9691630e-01
   3.7621145e-01
   3.5726872e-01
   3.4185022e-01
   3.3259911e-01
   3.2907489e-01
   3.3127753e-01
   3.3832599e-01
   3.4669604e-01
   3.5418501e-01
   3.5947137e-01
   3.5991190e-01
   3.5638766e-01
   3.5066079e-01
   3.4361233e-01
   3.3832599e-01
   3.3656388e-01
   3.3920704e-01
   3.4669603e-01
   3.5859031e-01
   3.7444934e-01
   3.9162995e-01
   4.0969163e-01
   4.2599119e-01
   4.3832599e-01
   4.4537445e-01
   4.4537446e-01
   4.3788547e-01
   4.2290749e-01
   4.0264317e-01
   3.7929516e-01
   3.5462555e-01
   3.3259912e-01
   3.1365639e-01
   3.0000000e-01
   2.9207048e-01
   2.8942731e-01
   2.9207048e-01
   3.0000000e-01
   3.1101321e-01
   3.2466961e-01
   3.3920704e-01
   3.5242291e-01
   3.6255507e-01
   3.6828193e-01
   3.6960351e-01
   3.6563876e-01
   3.5814978e-01
   3.4845815e-01
   3.3832599e-01
   3.2995595e-01
   3.2422907e-01
   3.2114538e-01
   3.2290749e-01
   3.2819383e-01
   3.3788546e-01
   3.5110132e-01
   3.6696035e-01
   3.8325991e-01
   3.9867841e-01
   4.0969163e-01
   4.1585903e-01
   4.1541850e-01
   4.0881057e-01
   3.9647576e-01
   3.8105726e-01
   3.6431719e-01
   3.4933921e-01
   3.3656388e-01
   3.2819383e-01
   3.2466961e-01
   3.2687225e-01
   3.3348017e-01
   3.4449340e-01
   3.5903083e-01
   3.7444934e-01
   3.8898678e-01
   4.0088106e-01
   4.0748899e-01
   4.0925110e-01
   4.0616740e-01
   3.9911894e-01
   3.8986784e-01
   3.8017621e-01
   3.7092511e-01
   3.6255507e-01
   3.5506608e-01
   3.4757709e-01
   3.3920705e-01
   3.2951542e-01
   3.1850220e-01
   3.0616740e-01
   2.9339206e-01
   2.8061673e-01
   2.6916299e-01
   2.5947137e-01
   2.5374450e-01
   2.5286343e-01
   2.5726872e-01
   2.6563876e-01
   2.7753304e-01
   2.9030838e-01
   3.0088106e-01
   3.0748899e-01
   3.0792952e-01
   3.0264317e-01
   2.9295154e-01
   2.8149780e-01
   2.7048458e-01
   2.6343612e-01
   2.6167401e-01
   2.6607929e-01
   2.7577092e-01
   2.8986784e-01
   3.0660792e-01
   3.2555066e-01
   3.4581498e-01
   3.6607929e-01
   3.8546256e-01
   4.0308370e-01
   4.1762114e-01
   4.2819383e-01
   4.3259912e-01
   4.3039647e-01
   4.2070485e-01
   4.0440528e-01
   3.8370044e-01
   3.6035242e-01
   3.3656388e-01
   3.1674009e-01
   3.0352423e-01
   2.9955947e-01
   3.0616739e-01
   3.2334802e-01
   3.4933921e-01
   3.7973568e-01
   4.1145374e-01
   4.3788546e-01
   4.5638767e-01
   4.6519824e-01
   4.6431718e-01
   4.5550661e-01
   4.4273128e-01
   4.2951542e-01
   4.1938326e-01
   4.1497798e-01
   4.1674009e-01
   4.2378854e-01
   4.3568282e-01
   4.4933921e-01
   4.6299559e-01
   4.7400881e-01
   4.8105727e-01
   4.8237886e-01
   4.7797357e-01
   4.6696036e-01
   4.5154185e-01
   4.3303965e-01
   4.1321585e-01
   3.9471365e-01
   3.7885463e-01
   3.6651982e-01
   3.5770925e-01
   3.5154185e-01
   3.4801762e-01
   3.4669604e-01
   3.4625551e-01
   3.4713657e-01
   3.4933921e-01
   3.5286344e-01
   3.5682819e-01
   3.6167400e-01
   3.6651983e-01
   3.7092511e-01
   3.7400881e-01
   3.7621145e-01
   3.7841409e-01
   3.7885463e-01
   3.7929516e-01
   3.7797357e-01
   3.7488987e-01
   3.7004405e-01
   3.6343612e-01
   3.5550661e-01
   3.4669603e-01
   3.3832600e-01
   3.2995595e-01
   3.2246696e-01
   3.1629956e-01
   3.1189427e-01
   3.0881057e-01
   3.0837004e-01
   3.1145374e-01
   3.1806167e-01
   3.2863435e-01
   3.4185022e-01
   3.5682819e-01
   3.7048458e-01
   3.8281938e-01
   3.9074890e-01
   3.9471366e-01
   3.9471366e-01
   3.9074890e-01
   3.8325991e-01
   3.7444934e-01
   3.6475772e-01
   3.5550661e-01
   3.4889868e-01
   3.4625550e-01
   3.4845814e-01
   3.5770925e-01
   3.7268723e-01
   3.9207048e-01
   4.1365639e-01
   4.3392070e-01
   4.4845815e-01
   4.5638767e-01
   4.5594714e-01
   4.4757709e-01
   4.3259912e-01
   4.1453745e-01
   3.9603524e-01
   3.8149779e-01
   3.7268723e-01
   3.7180616e-01
   3.8017621e-01
   3.9647577e-01
   4.1982378e-01
   4.4713657e-01
   4.7400881e-01
   4.9647577e-01
   5.1189427e-01
   5.1718062e-01
   5.1189428e-01
   4.9647577e-01
   4.7444934e-01
   4.4977974e-01
   4.2599119e-01
   4.0616741e-01
   3.9295154e-01
   3.8722466e-01
   3.8810573e-01
   3.9515419e-01
   4.0528634e-01
   4.1806167e-01
   4.3083700e-01
   4.4185022e-01
   4.4933921e-01
   4.5198238e-01
   4.4977973e-01
   4.4273128e-01
   4.3171807e-01
   4.1806168e-01
   4.0352423e-01
   3.8942731e-01
   3.7709251e-01
   3.6784140e-01
   3.6079294e-01
   3.5859030e-01
   3.5903083e-01
   3.6343612e-01
   3.7092511e-01
   3.7973568e-01
   3.8942731e-01
   3.9735683e-01
   4.0264317e-01
   4.0484582e-01
   4.0264317e-01
   3.9779735e-01
   3.9295154e-01
   3.8898678e-01
   3.8810572e-01
   3.9118942e-01
   3.9779735e-01
   4.0748898e-01
   4.1762114e-01
   4.2555067e-01
   4.3127753e-01
   4.3303964e-01
   4.3127753e-01
   4.2599118e-01
   4.1938326e-01
   4.1233481e-01
   4.0660792e-01
   4.0396476e-01
   4.0528634e-01
   4.1189428e-01
   4.2202643e-01
   4.3568282e-01
   4.4933921e-01
   4.6167401e-01
   4.6872247e-01
   4.6872246e-01
   4.6167401e-01
   4.4713656e-01
   4.2907489e-01
   4.0837004e-01
   3.8942731e-01
   3.7444934e-01
   3.6563877e-01
   3.6431719e-01
   3.7092511e-01
   3.8414097e-01
   4.0396476e-01
   4.2819382e-01
   4.5462555e-01
   4.7973568e-01
   5.0220264e-01
   5.1894273e-01
   5.2731278e-01
   5.2731278e-01
   5.1894273e-01
   5.0396476e-01
   4.8414097e-01
   4.6343612e-01
   4.4317181e-01
   4.2643171e-01
   4.1497797e-01
   4.0925110e-01
   4.1101321e-01
   4.1850221e-01
   4.3215859e-01
   4.4845815e-01
   4.6519824e-01
   4.7929515e-01
   4.8766520e-01
   4.8898679e-01
   4.8193832e-01
   4.6696036e-01
   4.4669604e-01
   4.2334802e-01
   3.9955947e-01
   3.7797357e-01
   3.6123348e-01
   3.4933921e-01
   3.4405286e-01
   3.4405286e-01
   3.5066080e-01
   3.6123348e-01
   3.7577093e-01
   3.9162996e-01
   4.0704845e-01
   4.1938326e-01
   4.2687224e-01
   4.2643172e-01
   4.1894274e-01
   4.0396476e-01
   3.8193833e-01
   3.5462555e-01
   3.2555066e-01
   2.9603524e-01
   2.6960352e-01
   2.4889868e-01
   2.3612335e-01
   2.3348018e-01
   2.4096916e-01
   2.5859030e-01
   2.8281938e-01
   3.1013216e-01
   3.3700440e-01
   3.5903084e-01
   3.7356829e-01
   3.7929515e-01
   3.7665198e-01
   3.6828194e-01
   3.5638766e-01
   3.4405286e-01
   3.3348018e-01
   3.2731277e-01
   3.2511014e-01
   3.2731277e-01
   3.3215859e-01
   3.3832600e-01
   3.4449339e-01
   3.4801761e-01
   3.4801762e-01
   3.4361233e-01
   3.3568282e-01
   3.2511014e-01
   3.1409692e-01
   3.0528634e-01
   2.9999999e-01
   2.9955947e-01
   3.0396475e-01
   3.1145374e-01
   3.2026432e-01
   3.2819383e-01
   3.3392071e-01
   3.3568282e-01
   3.3392071e-01
   3.2863435e-01
   3.2026432e-01
   3.1101321e-01
   3.0176211e-01
   2.9339207e-01
   2.8766519e-01
   2.8590309e-01
   2.8810573e-01
   2.9515419e-01
   3.0616740e-01
   3.1982378e-01
   3.3303965e-01
   3.4361233e-01
   3.4889868e-01
   3.4801762e-01
   3.4140969e-01
   3.3039648e-01
   3.1629956e-01
   3.0308370e-01
   2.9295155e-01
   2.8722466e-01
   2.8766520e-01
   2.9471366e-01
   3.0704845e-01
   3.2511013e-01
   3.4537444e-01
   3.6740088e-01
   3.8766519e-01
   4.0352423e-01
   4.1453744e-01
   4.1718062e-01
   4.1277534e-01
   4.0088106e-01
   3.8414097e-01
   3.6299559e-01
   3.4096916e-01
   3.1938326e-01
   3.0044053e-01
   2.8546256e-01
   2.7621145e-01
   2.7444933e-01
   2.8061673e-01
   2.9471366e-01
   3.1629956e-01
   3.4229075e-01
   3.6960352e-01
   3.9427313e-01
   4.1321586e-01
   4.2334802e-01
   4.2422907e-01
   4.1629955e-01
   4.0088106e-01
   3.8149780e-01
   3.6079295e-01
   3.4140969e-01
   3.2511013e-01
   3.1365639e-01
   3.0748899e-01
   3.0704845e-01
   3.1101321e-01
   3.1938325e-01
   3.3039647e-01
   3.4185022e-01
   3.5242290e-01
   3.5947136e-01
   3.6211453e-01
   3.6035242e-01
   3.5462555e-01
   3.4713657e-01
   3.3832599e-01
   3.3039647e-01
   3.2334803e-01
   3.1762114e-01
   3.1189428e-01
   3.0528635e-01
   2.9647577e-01
   2.8546255e-01
   2.7268722e-01
   2.5991189e-01
   2.4801762e-01
   2.4052864e-01
   2.3920704e-01
   2.4581497e-01
   2.5859030e-01
   2.7665198e-01
   2.9735683e-01
   3.1629956e-01
   3.3083700e-01
   3.3832600e-01
   3.3832599e-01
   3.3259911e-01
   3.2422908e-01
   3.1806168e-01
   3.1629956e-01
   3.2246695e-01
   3.3568281e-01
   3.5462555e-01
   3.7577093e-01
   3.9603524e-01
   4.1145374e-01
   4.1982378e-01
   4.2158590e-01
   4.1718062e-01
   4.0925109e-01
   3.9955947e-01
   3.9030837e-01
   3.8325991e-01
   3.8105727e-01
   3.8325991e-01
   3.9118942e-01
   4.0396476e-01
   4.2070485e-01
   4.3964758e-01
   4.5859031e-01
   4.7444934e-01
   4.8458150e-01
   4.8854626e-01
   4.8458150e-01
   4.7356829e-01
   4.5682819e-01
   4.3612335e-01
   4.1409692e-01
   3.9162995e-01
   3.7092511e-01
   3.5418502e-01
   3.4185021e-01
   3.3568282e-01
   3.3744493e-01
   3.4713657e-01
   3.6299559e-01
   3.8546256e-01
   4.1101321e-01
   4.3744494e-01
   4.6123347e-01
   4.8193832e-01
   4.9691630e-01
   5.0704845e-01
   5.1189427e-01
   5.1145374e-01
   5.0660792e-01
   4.9735683e-01
   4.8414097e-01
   4.6872247e-01
   4.5110132e-01
   4.3259911e-01
   4.1409692e-01
   3.9735683e-01
   3.8281938e-01
   3.7180616e-01
   3.6431718e-01
   3.6123347e-01
   3.6387665e-01
   3.7180616e-01
   3.8546255e-01
   4.0308370e-01
   4.2378854e-01
   4.4449339e-01
   4.6299559e-01
   4.7533040e-01
   4.8061674e-01
   4.7841409e-01
   4.6872247e-01
   4.5374450e-01
   4.3524229e-01
   4.1541850e-01
   3.9647577e-01
   3.8105726e-01
   3.6960352e-01
   3.6475771e-01
   3.6740088e-01
   3.7797357e-01
   3.9515419e-01
   4.1762114e-01
   4.4229075e-01
   4.6651982e-01
   4.8634361e-01
   4.9911894e-01
   5.0264317e-01
   4.9779736e-01
   4.8502203e-01
   4.6696035e-01
   4.4581497e-01
   4.2555067e-01
   4.0925110e-01
   3.9867841e-01
   3.9559471e-01
   3.9999999e-01
   4.1145374e-01
   4.2731278e-01
   4.4361233e-01
   4.5770925e-01
   4.6519823e-01
   4.6387665e-01
   4.5462555e-01
   4.3744493e-01
   4.1629956e-01
   3.9515419e-01
   3.7709251e-01
   3.6607929e-01
   3.6211454e-01
   3.6563876e-01
   3.7488987e-01
   3.8678414e-01
   3.9867841e-01
   4.0837005e-01
   4.1453745e-01
   4.1541850e-01
   4.1189427e-01
   4.0484581e-01
   3.9603524e-01
   3.8722467e-01
   3.8105727e-01
   3.7929516e-01
   3.8281938e-01
   3.9207048e-01
   4.0528634e-01
   4.2114537e-01
   4.3568282e-01
   4.4713657e-01
   4.5286344e-01
   4.5242291e-01
   4.4537446e-01
   4.3215859e-01
   4.1541850e-01
   3.9647577e-01
   3.7885463e-01
   3.6255507e-01
   3.5198238e-01
   3.4713657e-01
   3.4933921e-01
   3.5814979e-01
   3.7268723e-01
   3.8986784e-01
   4.0792952e-01
   4.2202643e-01
   4.3127754e-01
   4.3348018e-01
   4.2907489e-01
   4.1894273e-01
   4.0572687e-01
   3.9030837e-01
   3.7577093e-01
   3.6299559e-01
   3.5374449e-01
   3.4933921e-01
   3.4977973e-01
   3.5550661e-01
   3.6563877e-01
   3.7973569e-01
   3.9559471e-01
   4.1101321e-01
   4.2202643e-01
   4.2731278e-01
   4.2555067e-01
   4.1674009e-01
   4.0176212e-01
   3.8370044e-01
   3.6519824e-01
   3.4933921e-01
   3.3920705e-01
   3.3612335e-01
   3.4096916e-01
   3.5374449e-01
   3.7356829e-01
   3.9867841e-01
   4.2599119e-01
   4.5330396e-01
   4.7621145e-01
   4.9295154e-01
   5.0176212e-01
   5.0088106e-01
   4.9207048e-01
   4.7753304e-01
   4.5903084e-01
   4.4096916e-01
   4.2511013e-01
   4.1453745e-01
   4.0969163e-01
   4.1189428e-01
   4.2114537e-01
   4.3612335e-01
   4.5418502e-01
   4.7533040e-01
   4.9471365e-01
   5.1057269e-01
   5.2070484e-01
   5.2290748e-01
   5.1762114e-01
   5.0616741e-01
   4.9118943e-01
   4.7400880e-01
   4.5814978e-01
   4.4537445e-01
   4.3700440e-01
   4.3303965e-01
   4.3259911e-01
   4.3568281e-01
   4.4140969e-01
   4.4801761e-01
   4.5462555e-01
   4.6123348e-01
   4.6651983e-01
   4.6828193e-01
   4.6740088e-01
   4.6343612e-01
   4.5814979e-01
   4.5198238e-01
   4.4801762e-01
   4.4713656e-01
   4.5066079e-01
   4.5859031e-01
   4.6960352e-01
   4.8281937e-01
   4.9559472e-01
   5.0704846e-01
   5.1497797e-01
   5.1850220e-01
   5.1806167e-01
   5.1365639e-01
   5.0528634e-01
   4.9515419e-01
   4.8325991e-01
   4.7092511e-01
   4.5991189e-01
   4.4977974e-01
   4.4229075e-01
   4.3656388e-01
   4.3348017e-01
   4.3392071e-01
   4.3832599e-01
   4.4625550e-01
   4.5770925e-01
   4.7224669e-01
   4.8810573e-01
   5.0352423e-01
   5.1497798e-01
   5.2202642e-01
   5.2290749e-01
   5.1894274e-01
   5.1101321e-01
   5.0220264e-01
   4.9427312e-01
   4.8942731e-01
   4.8722466e-01
   4.8678414e-01
   4.8634361e-01
   4.8281938e-01
   4.7444933e-01
   4.6167401e-01
   4.4405286e-01
   4.2378854e-01
   4.0308370e-01
   3.8325991e-01
   3.6784141e-01
   3.5814978e-01
   3.5594714e-01
   3.6079294e-01
   3.7356829e-01
   3.9339206e-01
   4.1894273e-01
   4.4625550e-01
   4.7356829e-01
   4.9647577e-01
   5.1189427e-01
   5.1894273e-01
   5.1718062e-01
   5.0837005e-01
   4.9471366e-01
   4.8061674e-01
   4.6828194e-01
   4.6123348e-01
   4.5947136e-01
   4.6431718e-01
   4.7533039e-01
   4.9030837e-01
   5.0660792e-01
   5.2202643e-01
   5.3348017e-01
   5.3876652e-01
   5.3656387e-01
   5.2511013e-01
   5.0792951e-01
   4.8634362e-01
   4.6387665e-01
   4.4361233e-01
   4.2951542e-01
   4.2290749e-01
   4.2378854e-01
   4.3083700e-01
   4.4273128e-01
   4.5594714e-01
   4.6916300e-01
   4.7973568e-01
   4.8634362e-01
   4.8810572e-01
   4.8590309e-01
   4.7885462e-01
   4.6916299e-01
   4.5682819e-01
   4.4405286e-01
   4.3259911e-01
   4.2246696e-01
   4.1541850e-01
   4.1057269e-01
   4.0792951e-01
   4.0528634e-01
   4.0352423e-01
   4.0088106e-01
   3.9823788e-01
   3.9559471e-01
   3.9383260e-01
   3.9339207e-01
   3.9383259e-01
   3.9559471e-01
   3.9823788e-01
   4.0088106e-01
   4.0352423e-01
   4.0660792e-01
   4.0925110e-01
   4.1145374e-01
   4.1233481e-01
   4.1145374e-01
   4.0837004e-01
   4.0220264e-01
   3.9427312e-01
   3.8502202e-01
   3.7621145e-01
   3.6960352e-01
   3.6563876e-01
   3.6431718e-01
   3.6696036e-01
   3.7092511e-01
   3.7665198e-01
   3.8281938e-01
   3.8942731e-01
   3.9559471e-01
   4.0176212e-01
   4.0704845e-01
   4.1101321e-01
   4.1189427e-01
   4.1013216e-01
   4.0440528e-01
   3.9515419e-01
   3.8325991e-01
   3.7004405e-01
   3.5638766e-01
   3.4361234e-01
   3.3348018e-01
   3.2599119e-01
   3.2290749e-01
   3.2466960e-01
   3.3259911e-01
   3.4669604e-01
   3.6651983e-01
   3.8942731e-01
   4.1409691e-01
   4.3788546e-01
   4.5638767e-01
   4.6872247e-01
   4.7400880e-01
   4.7180616e-01
   4.6387665e-01
   4.5198239e-01
   4.3876652e-01
   4.2643172e-01
   4.1674009e-01
   4.1189428e-01
   4.1233480e-01
   4.1806167e-01
   4.2863436e-01
   4.4273128e-01
   4.5859031e-01
   4.7356828e-01
   4.8590308e-01
   4.9295154e-01
   4.9603524e-01
   4.9427313e-01
   4.9030837e-01
   4.8502203e-01
   4.8105726e-01
   4.7885462e-01
   4.7929515e-01
   4.8105727e-01
   4.8458150e-01
   4.8810572e-01
   4.9207049e-01
   4.9515419e-01
   4.9823789e-01
   5.0044052e-01
   5.0308370e-01
   5.0528634e-01
   5.0660793e-01
   5.0881057e-01
   5.1057269e-01
   5.1365639e-01
   5.1762115e-01
   5.2290749e-01
   5.2907489e-01
   5.3568281e-01
   5.4140969e-01
   5.4581497e-01
   5.4801762e-01
   5.4933921e-01
   5.4889868e-01
   5.4889868e-01
   5.4845814e-01
   5.4977973e-01
   5.5154185e-01
   5.5506608e-01
   5.5903083e-01
   5.6431718e-01
   5.7048458e-01
   5.7797357e-01
   5.8546255e-01
   5.9251101e-01
   5.9691630e-01
   5.9735683e-01
   5.9162995e-01
   5.7973569e-01
   5.6123347e-01
   5.3788546e-01
   5.1189427e-01
   4.8546256e-01
   4.6299559e-01
   4.4537445e-01
   4.3612334e-01
   4.3392070e-01
   4.4008811e-01
   4.5110133e-01
   4.6563876e-01
   4.7973568e-01
   4.9162995e-01
   4.9823788e-01
   4.9955947e-01
   4.9559472e-01
   4.8854625e-01
   4.8105726e-01
   4.7533040e-01
   4.7356828e-01
   4.7753304e-01
   4.8634361e-01
   4.9911895e-01
   5.1321586e-01
   5.2731278e-01
   5.3920705e-01
   5.4713656e-01
   5.5066079e-01
   5.4977974e-01
   5.4449340e-01
   5.3480176e-01
   5.2158591e-01
   5.0704845e-01
   4.9118943e-01
