   0.0000000e+00
   2.1844084e-01
   4.6102098e-01
   6.8658488e-01
   8.6189157e-01
   9.6675900e-01
   1.0000000e+00
   9.7348635e-01
   9.1096161e-01
   8.3696082e-01
   7.7285319e-01
   7.3130194e-01
   7.1507717e-01
   7.2022161e-01
   7.3763356e-01
   7.5702414e-01
   7.7127028e-01
   7.7522754e-01
   7.6810448e-01
   7.5227543e-01
   7.3169767e-01
   7.0953700e-01
   6.9014641e-01
   6.7708746e-01
   6.7233874e-01
   6.7629601e-01
   6.8816779e-01
   7.0557975e-01
   7.2536605e-01
   7.4356945e-01
   7.5623269e-01
   7.6256431e-01
   7.6018996e-01
   7.5069252e-01
   7.3565493e-01
   7.1705580e-01
   6.9845667e-01
   6.7946181e-01
   6.6363277e-01
   6.5057380e-01
   6.4147210e-01
   6.3751484e-01
   6.3830629e-01
   6.4226355e-01
   6.4859518e-01
   6.5373961e-01
   6.5611397e-01
   6.5373961e-01
   6.4701226e-01
   6.3711912e-01
   6.2762169e-01
   6.2129007e-01
   6.2129007e-01
   6.2960032e-01
   6.4503364e-01
   6.6679858e-01
   6.9133360e-01
   7.1547289e-01
   7.3644638e-01
   7.5187970e-01
   7.5939850e-01
   7.5781559e-01
   7.4594381e-01
   7.2378314e-01
   6.9331223e-01
   6.5769687e-01
   6.2089434e-01
   5.8844479e-01
   5.6470123e-01
   5.5282944e-01
   5.5322517e-01
   5.6509695e-01
   5.8488327e-01
   6.0941828e-01
   6.3434904e-01
   6.5730115e-01
   6.7669173e-01
   6.9291651e-01
   7.0518402e-01
   7.1309853e-01
   7.1705580e-01
   7.1666007e-01
   7.1230708e-01
   7.0439257e-01
   6.9489514e-01
   6.8460626e-01
   6.7471310e-01
   6.6600713e-01
   6.5888405e-01
   6.5215671e-01
   6.4701227e-01
   6.4265928e-01
   6.4028492e-01
   6.4147210e-01
   6.4582509e-01
   6.5373962e-01
   6.6323705e-01
   6.7194302e-01
   6.7867036e-01
   6.8104472e-01
   6.8025327e-01
   6.7550455e-01
   6.6996439e-01
   6.6521568e-01
   6.6204986e-01
   6.6046696e-01
   6.6046696e-01
   6.6125841e-01
   6.6204987e-01
   6.6244559e-01
   6.6204986e-01
   6.6165414e-01
   6.6125841e-01
   6.6007123e-01
   6.5730115e-01
   6.5334388e-01
   6.4819945e-01
   6.4345073e-01
   6.4068065e-01
   6.4186782e-01
   6.4899089e-01
   6.6204986e-01
   6.7985754e-01
   7.0043531e-01
   7.2061734e-01
   7.3842501e-01
   7.5227543e-01
   7.6137712e-01
   7.6533439e-01
   7.6454294e-01
   7.5979423e-01
   7.5069252e-01
   7.3763356e-01
   7.2220024e-01
   7.0637120e-01
   6.9212505e-01
   6.8104472e-01
   6.7629600e-01
   6.7708745e-01
   6.8183618e-01
   6.8935497e-01
   6.9687377e-01
   7.0320538e-01
   7.0755837e-01
   7.1032845e-01
   7.1191136e-01
   7.1428572e-01
   7.1705580e-01
   7.1982588e-01
   7.2140879e-01
   7.2220024e-01
   7.2061734e-01
   7.1745152e-01
   7.1230708e-01
   7.0716264e-01
   7.0083102e-01
   6.9410369e-01
   6.8658489e-01
   6.7906609e-01
   6.7194302e-01
   6.6679858e-01
   6.6600713e-01
   6.7075583e-01
   6.8183617e-01
   6.9845667e-01
   7.1824297e-01
   7.3842500e-01
   7.5544124e-01
   7.6810447e-01
   7.7483181e-01
   7.7562327e-01
   7.7206174e-01
   7.6454294e-01
   7.5346260e-01
   7.4079938e-01
   7.2655323e-01
   7.1191136e-01
   6.9924813e-01
   6.8895924e-01
   6.8460626e-01
   6.8579343e-01
   6.9331224e-01
   7.0478829e-01
   7.1903443e-01
   7.3367630e-01
   7.4752672e-01
   7.5939850e-01
   7.6929165e-01
   7.7760190e-01
   7.8353779e-01
   7.8709933e-01
   7.8630788e-01
   7.8076771e-01
   7.7127028e-01
   7.5781559e-01
   7.4198654e-01
   7.2734468e-01
   7.1507717e-01
   7.0755837e-01
   7.0439256e-01
   7.0518402e-01
   7.0874555e-01
   7.1349427e-01
   7.1863870e-01
   7.2378314e-01
   7.2734468e-01
   7.2892758e-01
   7.2734468e-01
   7.2220024e-01
   7.1270281e-01
   7.0083102e-01
   6.8816779e-01
   6.7827464e-01
   6.7431737e-01
   6.7906609e-01
   6.9291650e-01
   7.1428572e-01
   7.4040364e-01
   7.6731302e-01
   7.9145231e-01
   8.0886427e-01
   8.1757024e-01
   8.1638307e-01
   8.0490701e-01
   7.8353779e-01
   7.5425406e-01
   7.1982588e-01
   6.8381480e-01
   6.5057380e-01
   6.2603878e-01
   6.1337555e-01
   6.1456272e-01
   6.3039177e-01
   6.5730115e-01
   6.9014641e-01
   7.2259596e-01
   7.4910962e-01
   7.6454294e-01
   7.6533439e-01
   7.4950534e-01
   7.1784726e-01
   6.7233874e-01
   6.1772854e-01
   5.5916106e-01
   5.0336368e-01
   4.5627226e-01
   4.2382271e-01
   4.0759795e-01
   4.0799366e-01
   4.2105263e-01
   4.4083894e-01
   4.5983379e-01
   4.7289276e-01
   4.7685002e-01
   4.7170559e-01
   4.6102098e-01
   4.4875347e-01
   4.3965176e-01
   4.3648596e-01
   4.3925604e-01
   4.4717056e-01
   4.5706371e-01
   4.6656114e-01
   4.7447566e-01
   4.8041155e-01
   4.8555599e-01
   4.9188762e-01
   5.0059360e-01
   5.1325682e-01
   5.2948160e-01
   5.4847645e-01
   5.6826277e-01
   5.8646616e-01
   6.0110804e-01
   6.0902256e-01
   6.0862684e-01
   5.9754650e-01
   5.7736447e-01
   5.5005936e-01
   5.1998418e-01
   4.9347052e-01
   4.7566284e-01
   4.7130985e-01
   4.8159873e-01
   5.0613376e-01
   5.4095766e-01
   5.8053028e-01
   6.2129007e-01
   6.5888405e-01
   6.9054215e-01
   7.1626435e-01
   7.3605066e-01
   7.5069252e-01
   7.6098141e-01
   7.6652157e-01
   7.6850020e-01
   7.6731302e-01
   7.6454294e-01
   7.6098141e-01
   7.5821132e-01
   7.5702414e-01
   7.5702414e-01
   7.5741987e-01
   7.5781559e-01
   7.5821132e-01
   7.5939850e-01
   7.6216858e-01
   7.6810448e-01
   7.7799762e-01
   7.9184804e-01
   8.0728136e-01
   8.2231895e-01
   8.3339928e-01
   8.4052235e-01
   8.4170954e-01
   8.3854373e-01
   8.3142066e-01
   8.2231896e-01
   8.1163435e-01
   8.0015829e-01
   7.8828651e-01
   7.7681045e-01
   7.6652157e-01
   7.5979423e-01
   7.5821132e-01
   7.6256430e-01
   7.7364464e-01
   7.9066087e-01
   8.1084290e-01
   8.3300357e-01
   8.5358132e-01
   8.7257618e-01
   8.8800950e-01
   9.0027701e-01
   9.0819153e-01
   9.1135734e-01
   9.0977444e-01
   9.0265137e-01
   8.9117531e-01
   8.7692917e-01
   8.6307876e-01
   8.5199842e-01
   8.4685397e-01
   8.4883262e-01
   8.5635140e-01
   8.6861891e-01
   8.8246934e-01
   8.9434112e-01
   9.0344282e-01
   9.0740007e-01
   9.0621290e-01
   9.0067273e-01
   8.9038386e-01
   8.7692916e-01
   8.6110012e-01
   8.4329244e-01
   8.2548476e-01
   8.1084290e-01
   7.9976257e-01
   7.9461813e-01
   7.9461813e-01
   7.9897112e-01
   8.0530272e-01
   8.1123862e-01
   8.1559161e-01
   8.1757024e-01
   8.1717451e-01
   8.1638307e-01
   8.1598733e-01
   8.1638307e-01
   8.1875742e-01
   8.2231896e-01
   8.2746340e-01
   8.3339928e-01
   8.4091809e-01
   8.4962406e-01
   8.5912149e-01
   8.6782746e-01
   8.7415908e-01
   8.7574198e-01
   8.7059754e-01
   8.5833004e-01
   8.3933518e-01
   8.1598734e-01
   7.9145231e-01
   7.6929165e-01
   7.5108825e-01
   7.3961219e-01
   7.3367630e-01
   7.3407202e-01
   7.3921646e-01
   7.4831817e-01
   7.6018995e-01
   7.7324892e-01
   7.8512069e-01
   7.9422240e-01
   7.9817966e-01
   7.9540958e-01
   7.8591215e-01
   7.7166601e-01
   7.5544124e-01
   7.4119509e-01
   7.3169767e-01
   7.2971904e-01
   7.3446775e-01
   7.4554807e-01
   7.6137712e-01
   7.7918480e-01
   7.9699249e-01
   8.1321725e-01
   8.2706768e-01
   8.3735655e-01
   8.4408390e-01
   8.4645826e-01
   8.4447962e-01
   8.3933519e-01
   8.3379501e-01
   8.2865057e-01
   8.2746339e-01
   8.3023348e-01
   8.3814800e-01
   8.4922833e-01
   8.6070439e-01
   8.6941037e-01
   8.7376336e-01
   8.7257618e-01
   8.6505738e-01
   8.5199841e-01
   8.3419074e-01
   8.1400871e-01
   7.9184805e-01
   7.6889593e-01
   7.4752671e-01
   7.2971903e-01
   7.1745152e-01
   7.1230708e-01
   7.1468143e-01
   7.2338742e-01
   7.3684210e-01
   7.5187969e-01
   7.6573011e-01
   7.7562327e-01
   7.8195489e-01
   7.8432924e-01
   7.8314207e-01
   7.8037199e-01
   7.7601900e-01
   7.7087456e-01
   7.6533439e-01
   7.5939850e-01
   7.5425406e-01
   7.5187970e-01
   7.5267115e-01
   7.5900277e-01
   7.6889593e-01
   7.8274634e-01
   7.9620103e-01
   8.0807282e-01
   8.1638307e-01
   8.1915315e-01
   8.1677879e-01
   8.1044717e-01
   8.0055402e-01
   7.8828651e-01
   7.7562327e-01
   7.6296003e-01
   7.5187970e-01
   7.4436090e-01
   7.4198654e-01
   7.4594381e-01
   7.5662842e-01
   7.7245747e-01
   7.9105659e-01
   8.0886426e-01
   8.2271469e-01
   8.2983775e-01
   8.2983775e-01
   8.2390186e-01
   8.1400871e-01
   8.0253265e-01
   7.9184805e-01
   7.8353780e-01
   7.7878908e-01
   7.7720618e-01
   7.7997625e-01
   7.8591215e-01
   7.9501385e-01
   8.0609418e-01
   8.1757024e-01
   8.2746339e-01
   8.3339929e-01
   8.3379501e-01
   8.2785912e-01
   8.1717452e-01
   8.0332411e-01
   7.8828651e-01
   7.7562327e-01
   7.6533439e-01
   7.5821132e-01
   7.5425406e-01
   7.5148398e-01
   7.4990107e-01
   7.4831816e-01
   7.4713099e-01
   7.4554808e-01
   7.4277800e-01
   7.3921646e-01
   7.3209339e-01
   7.2220024e-01
   7.0914128e-01
   6.9489514e-01
   6.8104472e-01
   6.7075584e-01
   6.6561139e-01
   6.6719430e-01
   6.7510882e-01
   6.8698061e-01
   7.0201821e-01
   7.1666007e-01
   7.2971903e-01
   7.3961219e-01
   7.4554808e-01
   7.4554808e-01
   7.4079937e-01
   7.3051048e-01
   7.1507717e-01
   6.9647804e-01
   6.7827464e-01
   6.6363277e-01
   6.5571824e-01
   6.5571824e-01
   6.6481994e-01
   6.8025327e-01
   6.9924812e-01
   7.1824298e-01
   7.3328057e-01
   7.4238228e-01
   7.4436091e-01
   7.4000792e-01
   7.2932331e-01
   7.1428571e-01
   6.9608231e-01
   6.7590028e-01
   6.5690543e-01
   6.4068065e-01
   6.2999605e-01
   6.2722597e-01
   6.3316185e-01
   6.4701227e-01
   6.6640285e-01
   6.8698061e-01
   7.0557974e-01
   7.1824297e-01
   7.2338742e-01
   7.2061734e-01
   7.0953700e-01
   6.9291650e-01
   6.7233874e-01
   6.5057380e-01
   6.2960032e-01
   6.1258409e-01
   6.0189949e-01
   6.0031658e-01
   6.0941828e-01
   6.2920460e-01
   6.5730115e-01
   6.9054215e-01
   7.2378314e-01
   7.5227543e-01
   7.7285318e-01
   7.8393352e-01
   7.8551643e-01
   7.8037198e-01
   7.7008310e-01
   7.5702414e-01
   7.4396518e-01
   7.3169767e-01
   7.2061734e-01
   7.1230708e-01
   7.0637120e-01
   7.0478829e-01
   7.0637119e-01
   7.1072418e-01
   7.1745152e-01
   7.2378315e-01
   7.2932331e-01
   7.3248912e-01
   7.3367630e-01
   7.3367630e-01
   7.3367630e-01
   7.3565493e-01
   7.3802929e-01
   7.4238227e-01
   7.4752671e-01
   7.5267116e-01
   7.5741987e-01
   7.6137712e-01
   7.6533439e-01
   7.6889593e-01
   7.7087456e-01
   7.7166601e-01
   7.6929165e-01
   7.6335575e-01
   7.5464979e-01
   7.4515236e-01
   7.3723784e-01
   7.3328057e-01
   7.3605065e-01
   7.4515236e-01
   7.6018995e-01
   7.7799763e-01
   7.9580531e-01
   8.1163435e-01
   8.2350614e-01
   8.3142067e-01
   8.3537792e-01
   8.3537792e-01
   8.3221211e-01
   8.2508904e-01
   8.1440443e-01
   8.0055402e-01
   7.8393352e-01
   7.6652157e-01
   7.4950535e-01
   7.3486347e-01
   7.2417888e-01
   7.1745153e-01
   7.1507717e-01
   7.1586862e-01
   7.1943016e-01
   7.2457459e-01
   7.3051048e-01
   7.3525920e-01
   7.3723784e-01
   7.3367630e-01
   7.2417887e-01
   7.0755837e-01
   6.8539771e-01
   6.6086269e-01
   6.3791057e-01
   6.2049861e-01
   6.1179263e-01
   6.1258409e-01
   6.2247725e-01
   6.3870203e-01
   6.5730116e-01
   6.7629600e-01
   6.9172932e-01
   7.0320538e-01
   7.0993273e-01
   7.1111990e-01
   7.0755837e-01
   6.9924812e-01
   6.8579343e-01
   6.6956866e-01
   6.5255244e-01
   6.3751484e-01
   6.2683023e-01
   6.2287297e-01
   6.2564306e-01
   6.3474475e-01
   6.4740799e-01
   6.6165414e-01
   6.7352591e-01
   6.8223189e-01
   6.8618916e-01
   6.8539771e-01
   6.8144044e-01
   6.7392165e-01
   6.6402849e-01
   6.5294817e-01
   6.4226356e-01
   6.3316185e-01
   6.2801742e-01
   6.2722596e-01
   6.3197467e-01
   6.4028492e-01
   6.5057380e-01
   6.6007123e-01
   6.6600713e-01
   6.6679858e-01
   6.6244559e-01
   6.5532252e-01
   6.4622082e-01
   6.3870202e-01
   6.3434904e-01
   6.3276613e-01
   6.3514049e-01
   6.4147211e-01
   6.5017808e-01
   6.6165414e-01
   6.7510882e-01
   6.8975070e-01
   7.0280966e-01
   7.1270281e-01
   7.1705580e-01
   7.1428572e-01
   7.0399684e-01
   6.8816779e-01
   6.6917294e-01
   6.5057380e-01
   6.3514049e-01
   6.2485161e-01
   6.1970716e-01
   6.1931144e-01
   6.2208152e-01
   6.2603878e-01
   6.3039177e-01
   6.3434903e-01
   6.3632766e-01
   6.3672339e-01
   6.3434903e-01
   6.2920459e-01
   6.2049861e-01
   6.0941828e-01
   5.9794222e-01
   5.8923625e-01
   5.8488326e-01
   5.8765335e-01
   5.9794222e-01
   6.1495845e-01
   6.3553621e-01
   6.5730115e-01
   6.7708746e-01
   6.9331223e-01
   7.0478829e-01
   7.0953700e-01
   7.0834982e-01
   7.0003957e-01
   6.8618916e-01
   6.6798575e-01
   6.4701227e-01
   6.2603878e-01
   6.0981402e-01
   6.0031658e-01
   5.9992085e-01
   6.0862683e-01
   6.2485161e-01
   6.4542936e-01
   6.6719430e-01
   6.8658489e-01
   7.0201820e-01
   7.1191136e-01
   7.1666007e-01
   7.1705581e-01
   7.1230709e-01
   7.0360111e-01
   6.9212505e-01
   6.7827464e-01
   6.6481994e-01
   6.5453107e-01
   6.4978235e-01
   6.5215671e-01
   6.6204987e-01
   6.7906609e-01
   7.0083102e-01
   7.2417888e-01
   7.4792244e-01
   7.6929165e-01
   7.8789078e-01
   8.0332410e-01
   8.1480016e-01
   8.2192323e-01
   8.2429759e-01
   8.2192323e-01
   8.1519588e-01
   8.0569846e-01
   7.9659675e-01
   7.8947368e-01
   7.8670360e-01
   7.8907797e-01
   7.9659675e-01
   8.0648991e-01
   8.1638307e-01
   8.2429759e-01
   8.2825484e-01
   8.2785913e-01
   8.2271469e-01
   8.1400870e-01
   8.0094975e-01
   7.8512069e-01
   7.6652156e-01
   7.4713099e-01
   7.2813614e-01
   7.1151564e-01
   7.0083102e-01
   6.9647804e-01
   6.9845667e-01
   7.0637119e-01
   7.1705580e-01
   7.2853186e-01
   7.3802929e-01
   7.4396518e-01
   7.4713099e-01
   7.4673527e-01
   7.4356945e-01
   7.3842500e-01
   7.3169767e-01
   7.2338742e-01
   7.1507717e-01
   7.0755837e-01
   7.0280966e-01
   7.0201820e-01
   7.0597546e-01
   7.1428572e-01
   7.2497032e-01
   7.3486347e-01
   7.4159082e-01
   7.4396517e-01
   7.4079937e-01
   7.3407202e-01
   7.2615750e-01
   7.1982588e-01
   7.1745152e-01
   7.1943015e-01
   7.2655323e-01
   7.3723784e-01
   7.5029680e-01
   7.6414722e-01
   7.7681045e-01
   7.8789078e-01
   7.9422240e-01
   7.9540958e-01
   7.8986942e-01
   7.7720617e-01
   7.5860704e-01
   7.3723783e-01
   7.1507717e-01
   6.9726949e-01
   6.8579343e-01
   6.8223190e-01
   6.8658488e-01
   6.9806094e-01
   7.1388999e-01
   7.3248912e-01
   7.5148398e-01
   7.6850020e-01
   7.8235061e-01
   7.9145232e-01
   7.9382667e-01
   7.8789077e-01
   7.7443609e-01
   7.5425406e-01
   7.3090622e-01
   7.0755837e-01
   6.8856351e-01
   6.7787891e-01
   6.7708746e-01
   6.8500197e-01
   7.0003957e-01
   7.1824297e-01
   7.3684211e-01
   7.5267115e-01
   7.6375149e-01
   7.6810447e-01
   7.6612584e-01
   7.5702414e-01
   7.4238227e-01
   7.2299169e-01
   7.0162247e-01
   6.8064899e-01
   6.6442422e-01
   6.5492679e-01
   6.5373962e-01
   6.6086269e-01
   6.7431737e-01
   6.9093787e-01
   7.0755837e-01
   7.2061734e-01
   7.2813613e-01
   7.3011477e-01
   7.2615749e-01
   7.1745152e-01
   7.0360111e-01
   6.8618916e-01
   6.6600712e-01
   6.4542936e-01
   6.2564306e-01
   6.0981401e-01
   6.0110804e-01
   6.0031658e-01
   6.0862684e-01
   6.2366443e-01
   6.4345073e-01
   6.6402849e-01
   6.8341907e-01
   6.9964385e-01
   7.1072419e-01
   7.1705580e-01
   7.1943015e-01
   7.1784725e-01
   7.1270281e-01
   7.0439256e-01
   6.9449940e-01
   6.8421053e-01
   6.7590028e-01
   6.7075584e-01
   6.7075584e-01
   6.7590028e-01
   6.8460626e-01
   6.9568659e-01
   7.0597547e-01
   7.1388999e-01
   7.1824298e-01
   7.1903443e-01
   7.1705580e-01
   7.1309854e-01
   7.0874554e-01
   7.0241392e-01
   6.9529086e-01
   6.8777206e-01
   6.8025327e-01
   6.7313020e-01
   6.6759003e-01
   6.6402849e-01
   6.6165414e-01
   6.6007123e-01
   6.5690542e-01
   6.5096954e-01
   6.4265928e-01
   6.3237040e-01
   6.2168580e-01
   6.1377127e-01
   6.0902256e-01
   6.0941828e-01
   6.1377127e-01
   6.2089434e-01
   6.2920460e-01
   6.3711912e-01
   6.4424219e-01
   6.4978235e-01
   6.5294817e-01
   6.5453107e-01
   6.5334389e-01
   6.4899090e-01
   6.4068065e-01
   6.2920460e-01
   6.1654135e-01
   6.0466957e-01
   5.9675504e-01
   5.9477642e-01
   5.9952513e-01
   6.1060547e-01
   6.2603879e-01
   6.4345073e-01
   6.6086269e-01
   6.7590028e-01
   6.8816779e-01
   6.9687377e-01
   7.0122675e-01
   7.0122676e-01
   6.9647803e-01
   6.8777206e-01
   6.7629600e-01
   6.6442422e-01
   6.5453107e-01
   6.4938663e-01
   6.5017808e-01
   6.5809261e-01
   6.7115157e-01
   6.8777206e-01
   7.0439256e-01
   7.1824297e-01
   7.2853186e-01
   7.3407202e-01
   7.3407202e-01
   7.2853186e-01
   7.1784725e-01
   7.0241393e-01
   6.8302334e-01
   6.6204986e-01
   6.4147210e-01
   6.2485161e-01
   6.1574990e-01
   6.1456272e-01
   6.2208152e-01
   6.3632766e-01
   6.5334388e-01
   6.6917293e-01
   6.8144045e-01
   6.8658488e-01
   6.8579343e-01
   6.7906609e-01
   6.6917293e-01
   6.5809261e-01
   6.4859518e-01
   6.4226356e-01
   6.4068065e-01
   6.4463791e-01
   6.5492678e-01
   6.7194302e-01
   6.9370796e-01
   7.1903443e-01
   7.4475663e-01
   7.6691729e-01
   7.8472498e-01
   7.9501385e-01
   7.9857539e-01
   7.9699249e-01
   7.9066086e-01
   7.8195489e-01
   7.7166601e-01
   7.6058567e-01
   7.4831816e-01
   7.3525920e-01
   7.2259596e-01
   7.1191136e-01
   7.0478829e-01
   7.0122675e-01
   7.0201821e-01
   7.0518401e-01
   7.0914128e-01
   7.1111990e-01
   7.0993273e-01
   7.0518401e-01
   6.9806094e-01
   6.9014642e-01
   6.8341908e-01
   6.8025327e-01
   6.7985754e-01
   6.8341908e-01
   6.9014642e-01
   6.9924812e-01
   7.0953700e-01
   7.2180451e-01
   7.3328057e-01
   7.4356945e-01
   7.4990107e-01
   7.5148398e-01
   7.4713099e-01
   7.3723784e-01
   7.2378314e-01
   7.0953700e-01
   6.9766522e-01
   6.9133359e-01
   6.9133360e-01
   6.9766522e-01
   7.0874555e-01
   7.2259597e-01
   7.3723784e-01
   7.4950534e-01
   7.5860704e-01
   7.6375149e-01
   7.6296003e-01
   7.5583697e-01
   7.4079938e-01
   7.1903443e-01
   6.9172932e-01
   6.6165414e-01
   6.3355758e-01
   6.1100119e-01
   5.9715078e-01
   5.9398497e-01
   6.0110804e-01
   6.1614563e-01
   6.3672339e-01
   6.5967551e-01
   6.8104472e-01
   7.0003957e-01
   7.1349427e-01
   7.2101306e-01
   7.2180451e-01
   7.1507717e-01
   7.0201820e-01
   6.8381480e-01
   6.6442422e-01
   6.4622081e-01
   6.3355759e-01
   6.2841314e-01
   6.3197467e-01
   6.4345073e-01
   6.6046696e-01
   6.7985754e-01
   6.9806094e-01
   7.1309854e-01
   7.2417887e-01
   7.2971904e-01
   7.3051049e-01
   7.2615750e-01
   7.1784726e-01
   7.0637119e-01
   6.9291650e-01
   6.8064900e-01
   6.7233874e-01
   6.6956866e-01
   6.7392165e-01
   6.8539771e-01
   7.0162247e-01
   7.1943015e-01
   7.3723783e-01
   7.5108825e-01
   7.6018996e-01
   7.6493866e-01
   7.6533439e-01
   7.6375149e-01
   7.5979423e-01
   7.5504551e-01
   7.5029680e-01
   7.4515236e-01
   7.4159082e-01
   7.4040364e-01
   7.4317372e-01
   7.5069252e-01
   7.6137713e-01
   7.7404036e-01
   7.8591214e-01
   7.9422240e-01
   7.9738820e-01
   7.9540958e-01
   7.8868223e-01
   7.7918480e-01
   7.6850019e-01
   7.5939850e-01
   7.5267116e-01
   7.4910962e-01
   7.4831817e-01
   7.5227543e-01
   7.5939850e-01
   7.7008310e-01
   7.8393352e-01
   7.9897112e-01
   8.1242580e-01
   8.2271469e-01
   8.2706768e-01
   8.2548477e-01
   8.1915315e-01
   8.0925999e-01
   7.9817966e-01
   7.8947368e-01
   7.8314207e-01
   7.8037199e-01
   7.7958053e-01
   7.7958053e-01
   7.7918480e-01
   7.7839335e-01
   7.7562327e-01
   7.7166601e-01
   7.6493866e-01
   7.5623269e-01
   7.4475663e-01
   7.3011477e-01
   7.1349426e-01
   6.9608231e-01
   6.8144045e-01
   6.7115156e-01
   6.6719430e-01
   6.6996438e-01
   6.7867036e-01
   6.9133360e-01
   7.0557974e-01
   7.1903443e-01
   7.3130194e-01
   7.4079937e-01
   7.4752672e-01
   7.5029679e-01
   7.4910961e-01
   7.4356945e-01
   7.3248912e-01
   7.1824297e-01
   7.0122675e-01
   6.8460626e-01
   6.7154729e-01
   6.6363277e-01
   6.6284131e-01
   6.6798575e-01
   6.7827463e-01
   6.9014642e-01
   7.0280966e-01
   7.1349427e-01
   7.2140879e-01
   7.2576177e-01
   7.2615749e-01
   7.2220024e-01
   7.1388998e-01
   7.0201820e-01
   6.8737634e-01
   6.7233874e-01
   6.6046696e-01
   6.5373962e-01
   6.5413534e-01
   6.6165414e-01
   6.7550455e-01
   6.9291650e-01
   7.1072418e-01
   7.2576178e-01
   7.3684211e-01
   7.4277800e-01
   7.4396518e-01
   7.4000792e-01
   7.3169767e-01
   7.1982588e-01
   7.0439256e-01
   6.8737634e-01
   6.7036011e-01
   6.5571824e-01
   6.4661655e-01
   6.4345073e-01
   6.4740800e-01
   6.5650970e-01
   6.6956867e-01
   6.8381480e-01
   6.9647804e-01
   7.0676691e-01
   7.1468144e-01
   7.2022161e-01
   7.2457460e-01
   7.2655322e-01
   7.2694895e-01
   7.2497033e-01
   7.2101306e-01
   7.1586862e-01
   7.1032845e-01
   7.0716264e-01
   7.0637120e-01
   7.0874554e-01
   7.1349427e-01
   7.1863871e-01
   7.2259596e-01
   7.2378314e-01
   7.2259596e-01
   7.1903443e-01
   7.1547289e-01
   7.1230708e-01
   7.1151563e-01
   7.1388999e-01
   7.1943016e-01
   7.2813614e-01
   7.3882074e-01
   7.5267115e-01
   7.6770874e-01
   7.8314207e-01
   7.9738821e-01
   8.0767709e-01
   8.1282153e-01
   8.0965572e-01
   7.9857539e-01
   7.8076771e-01
   7.5979423e-01
   7.3921646e-01
   7.2180451e-01
   7.1072418e-01
   7.0716264e-01
   7.0953700e-01
   7.1745153e-01
   7.2853186e-01
   7.4159082e-01
   7.5425405e-01
   7.6533439e-01
   7.7285318e-01
   7.7483182e-01
   7.7127028e-01
   7.6058567e-01
   7.4475663e-01
   7.2536605e-01
   7.0676691e-01
   6.9212505e-01
   6.8381480e-01
   6.8381480e-01
   6.9133360e-01
   7.0557974e-01
   7.2338742e-01
   7.4159082e-01
   7.5860704e-01
   7.7206174e-01
   7.8116344e-01
   7.8353779e-01
   7.7958053e-01
   7.6810448e-01
   7.5029680e-01
   7.2734468e-01
   7.0280966e-01
   6.8064899e-01
   6.6481995e-01
   6.5809260e-01
   6.6125841e-01
   6.7431737e-01
   6.9331224e-01
   7.1547289e-01
   7.3644638e-01
   7.5464978e-01
   7.6691729e-01
   7.7285319e-01
   7.7245746e-01
   7.6533439e-01
   7.5306688e-01
   7.3684210e-01
   7.1943015e-01
   7.0320538e-01
   6.9212505e-01
   6.8816779e-01
   6.9331223e-01
   7.0676692e-01
   7.2694895e-01
   7.4990107e-01
   7.7245747e-01
   7.9105659e-01
   8.0371983e-01
   8.1084289e-01
   8.1203008e-01
   8.0846855e-01
   8.0055402e-01
   7.9026513e-01
   7.7799762e-01
   7.6493866e-01
   7.5267115e-01
   7.4436091e-01
   7.4079937e-01
   7.4396518e-01
   7.5306688e-01
   7.6652157e-01
   7.8235062e-01
   7.9659675e-01
   8.0807281e-01
   8.1519588e-01
   8.1796597e-01
   8.1757024e-01
   8.1400870e-01
   8.0926000e-01
   8.0213692e-01
   7.9422240e-01
   7.8432925e-01
   7.7364464e-01
   7.6296003e-01
   7.5346260e-01
   7.4594381e-01
   7.4119510e-01
   7.3882074e-01
   7.3763356e-01
   7.3644638e-01
   7.3486347e-01
   7.3288485e-01
   7.3090621e-01
   7.3011477e-01
   7.3130194e-01
   7.3407202e-01
   7.3882074e-01
   7.4396518e-01
   7.4871389e-01
   7.5267115e-01
   7.5623269e-01
   7.6018996e-01
   7.6335576e-01
   7.6652157e-01
   7.6850020e-01
   7.6691730e-01
   7.6058567e-01
   7.4990107e-01
   7.3565493e-01
   7.2061733e-01
   7.0755837e-01
   6.9885239e-01
   6.9687377e-01
   7.0122676e-01
   7.1191136e-01
   7.2615750e-01
   7.4238227e-01
   7.5900277e-01
   7.7404036e-01
   7.8630788e-01
   7.9461813e-01
   7.9778393e-01
   7.9461813e-01
   7.8551643e-01
   7.7047883e-01
   7.5227543e-01
   7.3367630e-01
   7.1784725e-01
   7.0637119e-01
   7.0162248e-01
   7.0320538e-01
   7.1032845e-01
   7.2061734e-01
   7.3248912e-01
   7.4396518e-01
   7.5385833e-01
   7.6058567e-01
   7.6216857e-01
   7.5860704e-01
   7.4831816e-01
   7.3130194e-01
   7.0993273e-01
   6.8698061e-01
   6.6600713e-01
   6.5096953e-01
   6.4424219e-01
   6.4701227e-01
   6.5730115e-01
   6.7273447e-01
   6.8935497e-01
   7.0320538e-01
   7.1230708e-01
   7.1547289e-01
   7.1349427e-01
   7.0637120e-01
   6.9608231e-01
   6.8341907e-01
   6.7036012e-01
   6.5848833e-01
   6.5057380e-01
   6.4780372e-01
   6.5215671e-01
   6.6323704e-01
   6.8104472e-01
   7.0241393e-01
   7.2299169e-01
   7.4040364e-01
   7.5069252e-01
   7.5267115e-01
   7.4713099e-01
   7.3525921e-01
   7.1863871e-01
   6.9964385e-01
   6.8025327e-01
   6.6204986e-01
   6.4780372e-01
   6.3830629e-01
   6.3593194e-01
   6.4107637e-01
   6.5373962e-01
   6.7273447e-01
   6.9489514e-01
   7.1666007e-01
   7.3486348e-01
   7.4673526e-01
   7.5267115e-01
   7.5187970e-01
   7.4752671e-01
   7.4119509e-01
   7.3525920e-01
   7.3130194e-01
   7.2971904e-01
   7.3130194e-01
   7.3684210e-01
   7.4554808e-01
   7.5702414e-01
   7.7047883e-01
   7.8432924e-01
   7.9501385e-01
   8.0094974e-01
   7.9897112e-01
   7.8986941e-01
   7.7404036e-01
   7.5544123e-01
   7.3723783e-01
   7.2338742e-01
   7.1547289e-01
   7.1507717e-01
   7.2140879e-01
   7.3209339e-01
   7.4475663e-01
   7.5781559e-01
   7.6929165e-01
   7.7760190e-01
   7.8116344e-01
   7.7878908e-01
   7.7087456e-01
   7.5741987e-01
   7.4040364e-01
   7.2259596e-01
   7.0755837e-01
   6.9885239e-01
   6.9806094e-01
   7.0557975e-01
   7.2022161e-01
   7.3961219e-01
   7.5900277e-01
   7.7681045e-01
   7.9066086e-01
   7.9857539e-01
   8.0094974e-01
   7.9699248e-01
   7.8709933e-01
   7.7127028e-01
   7.5069252e-01
   7.2655323e-01
   7.0201820e-01
   6.7985754e-01
   6.6363276e-01
   6.5453107e-01
   6.5413534e-01
   6.6125841e-01
   6.7471310e-01
   6.9133360e-01
   7.0834983e-01
   7.2417888e-01
   7.3684211e-01
   7.4554808e-01
   7.4871389e-01
   7.4633954e-01
   7.3684211e-01
   7.2101305e-01
   7.0083103e-01
   6.7787891e-01
   6.5611397e-01
   6.3909774e-01
   6.2880886e-01
   6.2643451e-01
   6.3157895e-01
   6.4147211e-01
   6.5373962e-01
   6.6521568e-01
   6.7392165e-01
   6.7906609e-01
   6.8064899e-01
   6.7867036e-01
   6.7273447e-01
   6.6442422e-01
   6.5373962e-01
   6.4265928e-01
   6.3276613e-01
   6.2683023e-01
   6.2683023e-01
   6.3355758e-01
   6.4701227e-01
   6.6561140e-01
   6.8460626e-01
   7.0201821e-01
   7.1428571e-01
   7.1943016e-01
   7.1824298e-01
   7.1111990e-01
   7.0003957e-01
   6.8579343e-01
   6.7115156e-01
   6.5730115e-01
   6.4542937e-01
   6.3593194e-01
   6.3078750e-01
   6.2999605e-01
   6.3395331e-01
   6.4068065e-01
   6.4859518e-01
   6.5492679e-01
   6.5769687e-01
   6.5690542e-01
   6.5176098e-01
   6.4424218e-01
   6.3593194e-01
   6.2880886e-01
   6.2366442e-01
   6.2129007e-01
   6.2010289e-01
   6.2049862e-01
   6.2049861e-01
   6.2049861e-01
   6.2049861e-01
   6.2049861e-01
   6.1851999e-01
   6.1456272e-01
   6.0743965e-01
   5.9675504e-01
   5.8369608e-01
   5.6905422e-01
   5.5639098e-01
   5.4808073e-01
   5.4531065e-01
   5.4887219e-01
   5.5718243e-01
   5.6747132e-01
   5.7855164e-01
   5.8686190e-01
   5.9161060e-01
   5.9279778e-01
   5.9002770e-01
   5.8369608e-01
   5.7380293e-01
   5.6034824e-01
   5.4451920e-01
   5.2869015e-01
   5.1404828e-01
   5.0415513e-01
   5.0178077e-01
   5.0811238e-01
   5.2314998e-01
   5.4372775e-01
   5.6707558e-01
   5.9002770e-01
   6.0862684e-01
   6.2247725e-01
   6.2999605e-01
   6.3237040e-01
   6.3039177e-01
   6.2445587e-01
   6.1574991e-01
   6.0506530e-01
   5.9358923e-01
   5.8369608e-01
   5.7776019e-01
   5.7894737e-01
   5.8884052e-01
   6.0783539e-01
   6.3316185e-01
   6.6363276e-01
   6.9370796e-01
   7.2061734e-01
   7.4159082e-01
   7.5544123e-01
   7.6216857e-01
   7.6137712e-01
   7.5504551e-01
   7.4396517e-01
   7.3051049e-01
   7.1547289e-01
   7.0241393e-01
   6.9291650e-01
   6.8975069e-01
   6.9331224e-01
   7.0360111e-01
   7.1824297e-01
   7.3446775e-01
   7.4990107e-01
   7.6098141e-01
   7.6810448e-01
   7.7008310e-01
   7.6770874e-01
   7.6256431e-01
   7.5464979e-01
   7.4515236e-01
   7.3407202e-01
   7.2299169e-01
   7.1230708e-01
   7.0478829e-01
   7.0083102e-01
   7.0280966e-01
   7.1072418e-01
   7.2338742e-01
   7.3802929e-01
   7.5346260e-01
   7.6731302e-01
   7.7878908e-01
   7.8749505e-01
   7.9382667e-01
   7.9817966e-01
   8.0094974e-01
   8.0134548e-01
   7.9936683e-01
   7.9620104e-01
   7.9066087e-01
   7.8512070e-01
   7.8076770e-01
   7.7760190e-01
   7.7601900e-01
   7.7443609e-01
   7.7206173e-01
   7.6573011e-01
   7.5464978e-01
   7.4000792e-01
   7.2299169e-01
   7.0637119e-01
   6.9370796e-01
   6.8658489e-01
   6.8698061e-01
   6.9489514e-01
   7.0993273e-01
   7.3051048e-01
   7.5425405e-01
   7.7997625e-01
   8.0569846e-01
   8.2667194e-01
   8.4210526e-01
   8.4883261e-01
   8.4527107e-01
   8.3300357e-01
   8.1321725e-01
   7.9026514e-01
   7.6810448e-01
   7.4990106e-01
   7.3802929e-01
   7.3288485e-01
   7.3486347e-01
   7.4159082e-01
   7.5148398e-01
   7.6335576e-01
   7.7562327e-01
   7.8670360e-01
   7.9540958e-01
   8.0055402e-01
   8.0015829e-01
   7.9422240e-01
   7.8274634e-01
   7.6731302e-01
   7.5069252e-01
   7.3644639e-01
   7.2655323e-01
   7.2338742e-01
   7.2655323e-01
   7.3486347e-01
   7.4713099e-01
   7.6137712e-01
   7.7601900e-01
   7.8947368e-01
   8.0015829e-01
   8.0648991e-01
   8.0767709e-01
   8.0174119e-01
   7.8947368e-01
   7.7087456e-01
   7.4990106e-01
   7.2932331e-01
   7.1428571e-01
   7.0676691e-01
   7.0953700e-01
   7.2140879e-01
   7.4079937e-01
   7.6414721e-01
   7.8828652e-01
   8.0965572e-01
   8.2627622e-01
   8.3696082e-01
   8.4052235e-01
   8.3696082e-01
   8.2667194e-01
   8.1044717e-01
   7.9145231e-01
   7.7166601e-01
   7.5544124e-01
   7.4594381e-01
   7.4436090e-01
   7.5108825e-01
   7.6414721e-01
   7.8076771e-01
   7.9738821e-01
   8.1084289e-01
   8.2034032e-01
   8.2350614e-01
   8.2311041e-01
   8.1875742e-01
   8.1242580e-01
   8.0371983e-01
   7.9422240e-01
   7.8432925e-01
   7.7443609e-01
   7.6691730e-01
   7.6256431e-01
   7.6216858e-01
   7.6573011e-01
   7.7285319e-01
   7.8037199e-01
   7.8709933e-01
   7.9145231e-01
   7.9263949e-01
   7.9066086e-01
   7.8709933e-01
   7.8155916e-01
   7.7601900e-01
   7.6968738e-01
   7.6296003e-01
   7.5544123e-01
   7.4831816e-01
   7.4238228e-01
   7.3763356e-01
   7.3565493e-01
   7.3486347e-01
   7.3328057e-01
   7.3011477e-01
   7.2378314e-01
   7.1388999e-01
   7.0083103e-01
   6.8737633e-01
   6.7629601e-01
   6.6996438e-01
   6.6956867e-01
   6.7510882e-01
   6.8579343e-01
   7.0003957e-01
   7.1507717e-01
   7.3011476e-01
   7.4396518e-01
   7.5544124e-01
   7.6335576e-01
   7.6731302e-01
   7.6573011e-01
   7.5860704e-01
   7.4752672e-01
   7.3407202e-01
   7.2180451e-01
   7.1270282e-01
   7.0993273e-01
   7.1388999e-01
   7.2299169e-01
   7.3723784e-01
   7.5227543e-01
   7.6691730e-01
   7.7918480e-01
   7.8828651e-01
   7.9422240e-01
   7.9580530e-01
   7.9343095e-01
   7.8630787e-01
   7.7483182e-01
   7.6058568e-01
   7.4515236e-01
   7.3051048e-01
   7.2061733e-01
   7.1626435e-01
   7.1824297e-01
   7.2694895e-01
   7.4000792e-01
   7.5425405e-01
   7.6850020e-01
   7.8076771e-01
   7.8947368e-01
   7.9382667e-01
   7.9263950e-01
   7.8591214e-01
   7.7245746e-01
   7.5267115e-01
   7.2892758e-01
   7.0360111e-01
   6.8025327e-01
   6.6323704e-01
   6.5453107e-01
   6.5690542e-01
   6.6798575e-01
   6.8579343e-01
   7.0716264e-01
   7.2813613e-01
   7.4515236e-01
   7.5662842e-01
   7.6216857e-01
   7.6177285e-01
   7.5544124e-01
   7.4475663e-01
   7.3209340e-01
   7.1903443e-01
   7.0914128e-01
   7.0399684e-01
   7.0716264e-01
   7.1784725e-01
   7.3565493e-01
   7.5702414e-01
   7.7839336e-01
   7.9501386e-01
   8.0411555e-01
   8.0411555e-01
   7.9620104e-01
   7.8155916e-01
   7.6375149e-01
   7.4554808e-01
   7.2853186e-01
   7.1626435e-01
   7.0795410e-01
   7.0597546e-01
   7.0914128e-01
   7.1745153e-01
   7.2971903e-01
   7.4317373e-01
   7.5544124e-01
   7.6296003e-01
   7.6493866e-01
   7.6018996e-01
   7.5069252e-01
   7.3842500e-01
   7.2694895e-01
   7.1903443e-01
   7.1705580e-01
   7.2061734e-01
   7.2892758e-01
   7.4198655e-01
   7.5821132e-01
   7.7562327e-01
   7.9422240e-01
   8.1163435e-01
   8.2588050e-01
   8.3458647e-01
   8.3577365e-01
   8.2746340e-01
   8.0965572e-01
   7.8432924e-01
   7.5464979e-01
   7.2457460e-01
   6.9845667e-01
   6.7906609e-01
   6.6798575e-01
   6.6521567e-01
   6.6956867e-01
   6.7906609e-01
   6.9252078e-01
   7.0755837e-01
   7.2220024e-01
   7.3407202e-01
   7.4198655e-01
   7.4317372e-01
   7.3842501e-01
   7.2734468e-01
   7.1151564e-01
   6.9529086e-01
   6.8183618e-01
   6.7313020e-01
   6.7194302e-01
   6.7708746e-01
   6.8777206e-01
   7.0241393e-01
   7.1863871e-01
   7.3446775e-01
   7.4752671e-01
   7.5702414e-01
   7.6216858e-01
   7.6137713e-01
   7.5385833e-01
   7.3961219e-01
   7.2022161e-01
   6.9845667e-01
   6.7748318e-01
   6.6125841e-01
   6.5294817e-01
   6.5334388e-01
   6.6323704e-01
   6.7946181e-01
   6.9964385e-01
   7.2101306e-01
   7.4079937e-01
   7.5662841e-01
   7.6731302e-01
   7.7127028e-01
   7.6810447e-01
   7.5741987e-01
   7.3921646e-01
   7.1626435e-01
   6.9054215e-01
   6.6679858e-01
   6.4859518e-01
   6.3909774e-01
   6.3909774e-01
   6.4899090e-01
   6.6561140e-01
   6.8500198e-01
   7.0478829e-01
   7.2180451e-01
   7.3407202e-01
   7.4000792e-01
   7.4000792e-01
   7.3407202e-01
   7.2259596e-01
   7.0716265e-01
   6.8975070e-01
   6.7313020e-01
   6.5927977e-01
   6.5176098e-01
   6.5176099e-01
   6.5848833e-01
   6.7075584e-01
   6.8539771e-01
   6.9885240e-01
   7.0874555e-01
   7.1388999e-01
   7.1428571e-01
   7.1151563e-01
   7.0716264e-01
   7.0241393e-01
   6.9845667e-01
   6.9529086e-01
   6.9449940e-01
   6.9529086e-01
   6.9885239e-01
   7.0439256e-01
   7.1230708e-01
   7.2061734e-01
   7.2813613e-01
   7.3209339e-01
   7.3090621e-01
   7.2417888e-01
   7.1309854e-01
   6.9964385e-01
   6.8777207e-01
   6.7906609e-01
   6.7550455e-01
   6.7787890e-01
   6.8539771e-01
   6.9726948e-01
   7.1111990e-01
   7.2774041e-01
   7.4396518e-01
   7.5939850e-01
   7.7245746e-01
   7.8155916e-01
   7.8551643e-01
   7.8274634e-01
   7.7443609e-01
   7.6216858e-01
   7.4871389e-01
   7.3723783e-01
   7.3011476e-01
   7.2853186e-01
   7.3288485e-01
   7.4119509e-01
   7.5227543e-01
   7.6454294e-01
   7.7562327e-01
   7.8591214e-01
   7.9382667e-01
   7.9897112e-01
   8.0055402e-01
   7.9620103e-01
   7.8630788e-01
   7.7166601e-01
   7.5425406e-01
   7.3605066e-01
   7.2180451e-01
   7.1309854e-01
   7.1151563e-01
   7.1666007e-01
   7.2694895e-01
   7.3882074e-01
   7.4990107e-01
   7.5821132e-01
   7.6177286e-01
   7.6018995e-01
   7.5306688e-01
   7.4119509e-01
   7.2536604e-01
   7.0637119e-01
   6.8737633e-01
   6.7154729e-01
   6.6125841e-01
   6.6086269e-01
   6.7075583e-01
   6.9014642e-01
   7.1666007e-01
   7.4673526e-01
   7.7443609e-01
   7.9659675e-01
   8.1005145e-01
   8.1321725e-01
   8.0767709e-01
   7.9343095e-01
   7.7364463e-01
   7.4990107e-01
   7.2576178e-01
   7.0439256e-01
   6.8816779e-01
   6.8025327e-01
   6.8223189e-01
   6.9410369e-01
   7.1349427e-01
   7.3723783e-01
   7.6058567e-01
   7.7958054e-01
   7.9145232e-01
   7.9382667e-01
   7.8828651e-01
   7.7681045e-01
   7.6098141e-01
   7.4436091e-01
   7.2774041e-01
   7.1230709e-01
   6.9885239e-01
   6.8777206e-01
   6.7985754e-01
   6.7510883e-01
   6.7352592e-01
   6.7431737e-01
   6.7629601e-01
   6.7708746e-01
   6.7550455e-01
   6.7115157e-01
   6.6481994e-01
   6.5730115e-01
   6.5096953e-01
   6.4740799e-01
   6.4780372e-01
   6.5255243e-01
   6.6007123e-01
   6.6956866e-01
   6.8104473e-01
   6.9291650e-01
   7.0518401e-01
   7.1705580e-01
   7.2655323e-01
   7.3248912e-01
   7.3248912e-01
   7.2615750e-01
   7.1388999e-01
   6.9766521e-01
   6.7985754e-01
   6.6481995e-01
   6.5373962e-01
   6.4978235e-01
   6.5215671e-01
   6.5967551e-01
   6.7036012e-01
   6.8223189e-01
   6.9410368e-01
   7.0399684e-01
   7.1151563e-01
   7.1507716e-01
   7.1468144e-01
   7.0834983e-01
   6.9647804e-01
   6.8064900e-01
   6.6244559e-01
   6.4503364e-01
   6.3197467e-01
   6.2643451e-01
   6.2880886e-01
   6.3909775e-01
   6.5492679e-01
   6.7392165e-01
   6.9331224e-01
   7.1032845e-01
   7.2417887e-01
   7.3248912e-01
   7.3486347e-01
   7.3090622e-01
   7.2101306e-01
   7.0518402e-01
   6.8539771e-01
   6.6521568e-01
   6.4740799e-01
   6.3593194e-01
   6.3276613e-01
   6.3909775e-01
   6.5413534e-01
   6.7471310e-01
   6.9726949e-01
   7.1943016e-01
   7.3723783e-01
   7.4990106e-01
   7.5662841e-01
   7.5662842e-01
   7.5029680e-01
   7.3921646e-01
   7.2457459e-01
   7.0874555e-01
   6.9489514e-01
   6.8539771e-01
   6.8341908e-01
   6.9014641e-01
   7.0360111e-01
   7.2220024e-01
   7.4119509e-01
   7.5741987e-01
   7.6770875e-01
   7.6929165e-01
   7.6375149e-01
   7.5108824e-01
   7.3248912e-01
   7.1072418e-01
   6.8658489e-01
   6.6165414e-01
   6.3791057e-01
   6.1733281e-01
   6.0229521e-01
   5.9438069e-01
   5.9477642e-01
   6.0308667e-01
   6.1851999e-01
   6.3791057e-01
   6.5888406e-01
   6.7946181e-01
   6.9687376e-01
   7.1191136e-01
   7.2378314e-01
   7.3248912e-01
   7.3763355e-01
   7.3961219e-01
   7.3644639e-01
   7.2971903e-01
   7.1982588e-01
   7.0874555e-01
   6.9806094e-01
   6.9054215e-01
   6.8618916e-01
   6.8539771e-01
   6.8658488e-01
   6.8777206e-01
   6.8895925e-01
   6.8856351e-01
   6.8698061e-01
   6.8539771e-01
   6.8500198e-01
   6.8500198e-01
   6.8618916e-01
   6.8737633e-01
   6.8816779e-01
   6.8856352e-01
   6.8856351e-01
   6.8856351e-01
   6.8856352e-01
   6.8856351e-01
   6.8658488e-01
   6.8183617e-01
   6.7431737e-01
   6.6363276e-01
   6.5176099e-01
   6.4107637e-01
   6.3474475e-01
   6.3355758e-01
   6.3949347e-01
   6.5057380e-01
   6.6481994e-01
   6.8025327e-01
   6.9449940e-01
   7.0597546e-01
   7.1428572e-01
   7.1982588e-01
   7.2140879e-01
   7.1943016e-01
   7.1388998e-01
   7.0478829e-01
   6.9212505e-01
   6.7748319e-01
   6.6402849e-01
   6.5373962e-01
   6.4819944e-01
   6.5017808e-01
   6.5769687e-01
   6.7036012e-01
   6.8579343e-01
   7.0241393e-01
   7.1745152e-01
   7.3051048e-01
   7.3961219e-01
   7.4356945e-01
   7.4238227e-01
   7.3446775e-01
   7.2101306e-01
   7.0399684e-01
   6.8539771e-01
   6.6917294e-01
   6.5927977e-01
   6.5730116e-01
   6.6481994e-01
   6.8025327e-01
   7.0043531e-01
   7.2180451e-01
   7.4119509e-01
   7.5544124e-01
   7.6335576e-01
   7.6454294e-01
   7.5821132e-01
   7.4633953e-01
   7.2932331e-01
   7.0874555e-01
   6.8737634e-01
   6.6798575e-01
   6.5334389e-01
   6.4582509e-01
   6.4622082e-01
   6.5413534e-01
   6.6759003e-01
   6.8341907e-01
   6.9766522e-01
   7.0874555e-01
   7.1468144e-01
   7.1547289e-01
   7.1309854e-01
   7.0834983e-01
   7.0201820e-01
   6.9568659e-01
   6.8935497e-01
   6.8341908e-01
   6.7906609e-01
   6.7787891e-01
   6.7985754e-01
   6.8737633e-01
   6.9845667e-01
   7.1191136e-01
   7.2655323e-01
   7.3842501e-01
   7.4673526e-01
   7.5029679e-01
   7.4950534e-01
   7.4515236e-01
   7.3921646e-01
   7.3130194e-01
   7.2338742e-01
   7.1547289e-01
   7.0755837e-01
   7.0162247e-01
   6.9766521e-01
   6.9726949e-01
   7.0003957e-01
   7.0518401e-01
   7.1151564e-01
   7.1586862e-01
   7.1784726e-01
   7.1547289e-01
   7.0914128e-01
   6.9964385e-01
   6.9054214e-01
   6.8262763e-01
   6.7708746e-01
   6.7510882e-01
   6.7590028e-01
   6.7867036e-01
   6.8302334e-01
   6.8895925e-01
   6.9568659e-01
   7.0280966e-01
   7.0914128e-01
   7.1309853e-01
   7.1270282e-01
   7.0716264e-01
   6.9726949e-01
   6.8421052e-01
   6.7154729e-01
   6.6284131e-01
   6.6125841e-01
   6.6838148e-01
   6.8421053e-01
   7.0716265e-01
   7.3367630e-01
   7.6137713e-01
   7.8709932e-01
   8.0846854e-01
   8.2429759e-01
   8.3300356e-01
   8.3339928e-01
   8.2588050e-01
   8.1123863e-01
   7.9145232e-01
   7.6929165e-01
   7.4950535e-01
   7.3446775e-01
   7.2694895e-01
   7.2774041e-01
   7.3684210e-01
   7.5069252e-01
   7.6731302e-01
   7.8393352e-01
   7.9817966e-01
   8.0807281e-01
   8.1361298e-01
   8.1321725e-01
   8.0609418e-01
   7.9303522e-01
   7.7404037e-01
   7.5029680e-01
   7.2615750e-01
   7.0399684e-01
   6.8737633e-01
   6.7906609e-01
   6.7985754e-01
   6.8777207e-01
   7.0043530e-01
   7.1468144e-01
   7.2576178e-01
   7.3328057e-01
   7.3446775e-01
   7.3011476e-01
   7.2061734e-01
   7.0716265e-01
   6.9093787e-01
   6.7313020e-01
   6.5453107e-01
   6.3870202e-01
   6.2643451e-01
   6.2089434e-01
   6.2208152e-01
   6.2960032e-01
   6.4186783e-01
   6.5690543e-01
   6.7115157e-01
   6.8262762e-01
   6.9093787e-01
   6.9608231e-01
   6.9845668e-01
   6.9806094e-01
   6.9568658e-01
   6.9093787e-01
   6.8302335e-01
   6.7233874e-01
   6.5927978e-01
   6.4542937e-01
   6.3237040e-01
   6.2247724e-01
   6.1574990e-01
   6.1297982e-01
   6.1377127e-01
   6.1574990e-01
   6.1812426e-01
   6.2089434e-01
   6.2326869e-01
   6.2683023e-01
   6.3157895e-01
   6.3711912e-01
   6.4424218e-01
   6.5215671e-01
   6.6086269e-01
   6.7115156e-01
   6.8341907e-01
   6.9806094e-01
   7.1468144e-01
   7.3209340e-01
   7.4792244e-01
   7.5939850e-01
   7.6375149e-01
   7.6058568e-01
   7.5069252e-01
   7.3486347e-01
   7.1824297e-01
   7.0399684e-01
   6.9331224e-01
   6.8856351e-01
   6.8975070e-01
   6.9608231e-01
   7.0597547e-01
   7.1824297e-01
   7.3169767e-01
   7.4515236e-01
   7.5702414e-01
   7.6454294e-01
   7.6731302e-01
   7.6375149e-01
   7.5464979e-01
   7.4159083e-01
   7.2734468e-01
   7.1586862e-01
   7.0874555e-01
   7.0874554e-01
   7.1468143e-01
   7.2615750e-01
   7.4079937e-01
   7.5662842e-01
   7.7087456e-01
   7.8235062e-01
   7.9026513e-01
   7.9263950e-01
   7.9026513e-01
   7.8155916e-01
   7.6731302e-01
   7.4871389e-01
   7.2892759e-01
   7.1032845e-01
   6.9647804e-01
   6.8935497e-01
   6.8975070e-01
   6.9568658e-01
   7.0597546e-01
   7.1745152e-01
   7.2813613e-01
   7.3565493e-01
   7.4040364e-01
   7.4198654e-01
   7.3961219e-01
   7.3407202e-01
   7.2536605e-01
   7.1270282e-01
   6.9806094e-01
   6.8262762e-01
   6.6838149e-01
   6.5848832e-01
   6.5492679e-01
   6.5769688e-01
   6.6561139e-01
   6.7708746e-01
   6.8895925e-01
   6.9924812e-01
   7.0676691e-01
   7.1072419e-01
   7.1191136e-01
   7.1072419e-01
   7.0795410e-01
   7.0320538e-01
   6.9885239e-01
   6.9331223e-01
   6.8935496e-01
   6.8777207e-01
   6.8935496e-01
   6.9449940e-01
   7.0399684e-01
   7.1428572e-01
   7.2457460e-01
   7.3288485e-01
   7.3723784e-01
   7.3723784e-01
   7.3486347e-01
   7.3130194e-01
   7.2813613e-01
   7.2655322e-01
   7.2694895e-01
   7.2932331e-01
   7.3288485e-01
   7.3763356e-01
   7.4356945e-01
   7.5029679e-01
   7.5741987e-01
   7.6454294e-01
   7.7008310e-01
   7.7206173e-01
   7.6968738e-01
   7.6296003e-01
   7.5306688e-01
   7.4238228e-01
   7.3328057e-01
   7.2774041e-01
   7.2655322e-01
   7.2932332e-01
   7.3525920e-01
   7.4277800e-01
   7.5029680e-01
   7.5741986e-01
   7.6335575e-01
   7.6810448e-01
   7.7047883e-01
   7.7008310e-01
   7.6612585e-01
   7.5821132e-01
   7.4752671e-01
   7.3525920e-01
   7.2457460e-01
   7.1784726e-01
   7.1824297e-01
   7.2655323e-01
   7.4119509e-01
   7.6177286e-01
   7.8432924e-01
   8.0609418e-01
   8.2508904e-01
   8.3893946e-01
   8.4566680e-01
   8.4487534e-01
   8.3616937e-01
   8.1915315e-01
   7.9461813e-01
   7.6573011e-01
   7.3486347e-01
   7.0716265e-01
   6.8658488e-01
   6.7471310e-01
   6.7313020e-01
   6.8064899e-01
   6.9489514e-01
   7.1270281e-01
   7.2971903e-01
   7.4475663e-01
   7.5623269e-01
   7.6216857e-01
   7.6296003e-01
   7.5860704e-01
   7.4950534e-01
   7.3684211e-01
   7.2220024e-01
   7.0834982e-01
   6.9845667e-01
   6.9489513e-01
   7.0043530e-01
   7.1349427e-01
   7.3367630e-01
   7.5623268e-01
   7.7839335e-01
   7.9738821e-01
   8.0965571e-01
   8.1480016e-01
   8.1282153e-01
   8.0371982e-01
   7.8828651e-01
   7.6810447e-01
   7.4356945e-01
   7.1784725e-01
   6.9291651e-01
   6.7194301e-01
   6.5769687e-01
   6.5215671e-01
   6.5532252e-01
   6.6600712e-01
   6.8223190e-01
   7.0003957e-01
   7.1705580e-01
