   7.0455635e-01
   6.9400480e-01
   6.5179857e-01
   5.8752997e-01
   5.1127099e-01
   4.3597123e-01
   3.7122302e-01
   3.2182255e-01
   2.9016787e-01
   2.7386092e-01
   2.6762590e-01
   2.6810552e-01
   2.7194245e-01
   2.7673861e-01
   2.8297362e-01
   2.9112711e-01
   3.0023981e-01
   3.0983214e-01
   3.1846523e-01
   3.2326139e-01
   3.2374101e-01
   3.1846523e-01
   3.0935251e-01
   2.9784173e-01
   2.8824940e-01
   2.8297362e-01
   2.8537170e-01
   2.9688250e-01
   3.1798562e-01
   3.4580336e-01
   3.7841727e-01
   4.1103117e-01
   4.4028778e-01
   4.6139090e-01
   4.7338130e-01
   4.7434054e-01
   4.6474820e-01
   4.4700241e-01
   4.2446043e-01
   3.9952039e-01
   3.7649881e-01
   3.5683453e-01
   3.4100720e-01
   3.2901680e-01
   3.1942446e-01
   3.1223022e-01
   3.0599520e-01
   3.0167865e-01
   3.0023982e-01
   3.0167866e-01
   3.0695445e-01
   3.1510791e-01
   3.2517986e-01
   3.3621103e-01
   3.4484413e-01
   3.5011991e-01
   3.4964029e-01
   3.4292567e-01
   3.2853718e-01
   3.0839328e-01
   2.8153478e-01
   2.5083934e-01
   2.1774582e-01
   1.8609112e-01
   1.5779377e-01
   1.3621103e-01
   1.2326139e-01
   1.2134293e-01
   1.2997602e-01
   1.4772182e-01
   1.7410072e-01
   2.0479617e-01
   2.3836931e-01
   2.7242207e-01
   3.0263790e-01
   3.2757794e-01
   3.4484412e-01
   3.5347722e-01
   3.5251799e-01
   3.4436451e-01
   3.3141486e-01
   3.1750600e-01
   3.0647482e-01
   3.0263788e-01
   3.0791367e-01
   3.2278177e-01
   3.4676260e-01
   3.7697842e-01
   4.0959232e-01
   4.4028778e-01
   4.6522783e-01
   4.8201440e-01
   4.8729017e-01
   4.8105516e-01
   4.6426859e-01
   4.3836931e-01
   4.0623502e-01
   3.7218225e-01
   3.4004797e-01
   3.1318945e-01
   2.9400479e-01
   2.8393287e-01
   2.8297362e-01
   2.8968825e-01
   3.0215828e-01
   3.1750600e-01
   3.3525180e-01
   3.5203838e-01
   3.6882494e-01
   3.8225420e-01
   3.9376499e-01
   4.0095924e-01
   4.0383693e-01
   4.0143886e-01
   3.9376500e-01
   3.8033573e-01
   3.6306955e-01
   3.4292566e-01
   3.2134293e-01
   2.9976019e-01
   2.7961630e-01
   2.6330935e-01
   2.5083932e-01
   2.4364509e-01
   2.4268586e-01
   2.4700240e-01
   2.5611512e-01
   2.6858513e-01
   2.8249402e-01
   2.9592327e-01
   3.0935252e-01
   3.2278178e-01
   3.3669066e-01
   3.5347721e-01
   3.7410073e-01
   3.9952039e-01
   4.2829737e-01
   4.5995204e-01
   4.9016786e-01
   5.1654677e-01
   5.3669065e-01
   5.4868105e-01
   5.5299760e-01
   5.4964030e-01
   5.4148682e-01
   5.2997602e-01
   5.1798562e-01
   5.0503597e-01
   4.9304557e-01
   4.8105517e-01
   4.6714628e-01
   4.4892087e-01
   4.2541966e-01
   3.9424461e-01
   3.5635493e-01
   3.1318946e-01
   2.6618706e-01
   2.2110312e-01
   1.8081535e-01
   1.5059952e-01
   1.3333333e-01
   1.2901679e-01
   1.3812950e-01
   1.5731415e-01
   1.8417267e-01
   2.1438850e-01
   2.4604317e-01
   2.7673861e-01
   3.0503597e-01
   3.2997603e-01
   3.5059953e-01
   3.6642686e-01
   3.7649881e-01
   3.8129497e-01
   3.7985611e-01
   3.7362110e-01
   3.6402878e-01
   3.5251799e-01
   3.4244605e-01
   3.3381295e-01
   3.2901679e-01
   3.2901679e-01
   3.3333334e-01
   3.4244604e-01
   3.5539569e-01
   3.6930455e-01
   3.8417267e-01
   3.9616308e-01
   4.0383694e-01
   4.0671463e-01
   4.0431655e-01
   3.9760192e-01
   3.8800960e-01
   3.7793765e-01
   3.6882493e-01
   3.6258993e-01
   3.5827338e-01
   3.5683454e-01
   3.5683453e-01
   3.5875300e-01
   3.6258993e-01
   3.6786570e-01
   3.7697842e-01
   3.8944845e-01
   4.0623502e-01
   4.2494006e-01
   4.4508393e-01
   4.6378897e-01
   4.7721823e-01
   4.8489209e-01
   4.8393286e-01
   4.7577939e-01
   4.6043165e-01
   4.4124701e-01
   4.2014389e-01
   4.0000001e-01
   3.8465229e-01
   3.7410073e-01
   3.7026379e-01
   3.7170264e-01
   3.7697842e-01
   3.8321343e-01
   3.8657074e-01
   3.8465228e-01
   3.7649881e-01
   3.6115108e-01
   3.4148681e-01
   3.1942446e-01
   2.9832134e-01
   2.8105516e-01
   2.6954437e-01
   2.6474821e-01
   2.6714629e-01
   2.7577938e-01
   2.9112711e-01
   3.1175060e-01
   3.3717027e-01
   3.6642686e-01
   3.9712231e-01
   4.2829737e-01
   4.5659473e-01
   4.8009593e-01
   4.9688249e-01
   5.0551560e-01
   5.0647483e-01
   5.0167866e-01
   4.9256594e-01
   4.8009593e-01
   4.6762590e-01
   4.5611510e-01
   4.4556356e-01
   4.3597123e-01
   4.2829737e-01
   4.2014388e-01
   4.1151080e-01
   4.0143885e-01
   3.9088729e-01
   3.7985611e-01
   3.7026379e-01
   3.6402878e-01
   3.6354916e-01
   3.7074341e-01
   3.8561152e-01
   4.0767386e-01
   4.3453238e-01
   4.6235013e-01
   4.8776979e-01
   5.0647483e-01
   5.1654677e-01
   5.1702638e-01
   5.0839329e-01
   4.9304557e-01
   4.7338131e-01
   4.5323742e-01
   4.3501199e-01
   4.2254197e-01
   4.1582734e-01
   4.1774581e-01
   4.2733813e-01
   4.4316547e-01
   4.6235013e-01
   4.8153477e-01
   4.9688249e-01
   5.0455635e-01
   5.0167866e-01
   4.8776979e-01
   4.6426859e-01
   4.3165467e-01
   3.9568346e-01
   3.5827338e-01
   3.2326140e-01
   2.9352518e-01
   2.7098321e-01
   2.5659472e-01
   2.5083932e-01
   2.5275779e-01
   2.6187050e-01
   2.7673861e-01
   2.9544364e-01
   3.1414868e-01
   3.3093526e-01
   3.4388490e-01
   3.5011990e-01
   3.5059953e-01
   3.4484412e-01
   3.3429257e-01
   3.2182254e-01
   3.0935252e-01
   2.9784173e-01
   2.9064749e-01
   2.8776979e-01
   2.9064748e-01
   2.9928058e-01
   3.1223022e-01
   3.2805755e-01
   3.4436451e-01
   3.5971224e-01
   3.7122302e-01
   3.7793765e-01
   3.7937650e-01
   3.7649881e-01
   3.7218225e-01
   3.6642687e-01
   3.6163070e-01
   3.5971224e-01
   3.6019184e-01
   3.6354916e-01
   3.6930456e-01
   3.7697842e-01
   3.8657074e-01
   3.9712230e-01
   4.0911271e-01
   4.2206235e-01
   4.3453238e-01
   4.4556355e-01
   4.5467627e-01
   4.5995204e-01
   4.6187051e-01
   4.6043165e-01
   4.5515588e-01
   4.4748201e-01
   4.3884893e-01
   4.2877698e-01
   4.1918466e-01
   4.0959234e-01
   4.0095923e-01
   3.9376499e-01
   3.8800960e-01
   3.8321343e-01
   3.7841727e-01
   3.7218225e-01
   3.6546763e-01
   3.5587530e-01
   3.4484412e-01
   3.3189448e-01
   3.1942446e-01
   3.0839328e-01
   2.9880097e-01
   2.9112710e-01
   2.8537170e-01
   2.8105516e-01
   2.7769784e-01
   2.7529976e-01
   2.7386092e-01
   2.7434053e-01
   2.7817746e-01
   2.8681055e-01
   3.0023981e-01
   3.1798562e-01
   3.4052758e-01
   3.6546763e-01
   3.9280576e-01
   4.1918466e-01
   4.4412470e-01
   4.6426859e-01
   4.7865708e-01
   4.8441248e-01
   4.8201439e-01
   4.7050360e-01
   4.5227818e-01
   4.2973621e-01
   4.0623502e-01
   3.8417267e-01
   3.6690648e-01
   3.5587530e-01
   3.5059952e-01
   3.5155876e-01
   3.5635492e-01
   3.6402878e-01
   3.7362110e-01
   3.8225419e-01
   3.9040767e-01
   3.9520385e-01
   3.9664268e-01
   3.9328537e-01
   3.8369305e-01
   3.6834533e-01
   3.4724221e-01
   3.2278178e-01
   2.9592327e-01
   2.6906476e-01
   2.4556355e-01
   2.2781774e-01
   2.1822542e-01
   2.1822543e-01
   2.2925660e-01
   2.5131895e-01
   2.8105516e-01
   3.1702638e-01
   3.5443646e-01
   3.8848922e-01
   4.1582735e-01
   4.3357315e-01
   4.4028777e-01
   4.3741007e-01
   4.2733813e-01
   4.1390888e-01
   4.0000001e-01
   3.8896883e-01
   3.8321342e-01
   3.8225420e-01
   3.8609114e-01
   3.9376499e-01
   4.0335732e-01
   4.1247003e-01
   4.2110312e-01
   4.2589929e-01
   4.2685851e-01
   4.2446044e-01
   4.1726620e-01
   4.0767386e-01
   3.9616308e-01
   3.8417267e-01
   3.7314149e-01
   3.6402878e-01
   3.5635493e-01
   3.4916068e-01
   3.4196643e-01
   3.3429257e-01
   3.2565948e-01
   3.1606714e-01
   3.0599520e-01
   2.9736211e-01
   2.9064748e-01
   2.8824941e-01
   2.9064749e-01
   2.9832134e-01
   3.1223022e-01
   3.3045564e-01
   3.5395684e-01
   3.7937651e-01
   4.0431654e-01
   4.2637890e-01
   4.4172661e-01
   4.4796163e-01
   4.4460432e-01
   4.3165467e-01
   4.1103118e-01
   3.8705037e-01
   3.6211032e-01
   3.4052758e-01
   3.2517986e-01
   3.1702638e-01
   3.1606714e-01
   3.2278177e-01
   3.3525181e-01
   3.5107915e-01
   3.6834533e-01
   3.8465228e-01
   3.9760192e-01
   4.0479617e-01
   4.0431655e-01
   3.9616307e-01
   3.8033574e-01
   3.5779376e-01
   3.3189449e-01
   3.0551560e-01
   2.8249401e-01
   2.6522782e-01
   2.5707434e-01
   2.5995204e-01
   2.7338130e-01
   2.9832134e-01
   3.3141487e-01
   3.7074341e-01
   4.1199041e-01
   4.4940048e-01
   4.7817745e-01
   4.9496404e-01
   4.9784172e-01
   4.8681055e-01
   4.6330936e-01
   4.3357314e-01
   4.0191846e-01
   3.7266188e-01
   3.5059953e-01
   3.3764989e-01
   3.3381295e-01
   3.3860912e-01
   3.4964029e-01
   3.6450839e-01
   3.8129496e-01
   3.9856116e-01
   4.1486812e-01
   4.3021583e-01
   4.4268586e-01
   4.5419664e-01
   4.6330936e-01
   4.7002398e-01
   4.7482015e-01
   4.7721823e-01
   4.7721823e-01
   4.7434054e-01
   4.6810552e-01
   4.5947242e-01
   4.4988010e-01
   4.3836930e-01
   4.2781775e-01
   4.1726619e-01
   4.0671463e-01
   3.9664269e-01
   3.8561151e-01
   3.7410073e-01
   3.6163070e-01
   3.4916068e-01
   3.3812949e-01
   3.3141487e-01
   3.3093525e-01
   3.3669066e-01
   3.5011990e-01
   3.6738610e-01
   3.8800960e-01
   4.0719425e-01
   4.2302159e-01
   4.3213430e-01
   4.3453238e-01
   4.2925660e-01
   4.1630695e-01
   3.9808154e-01
   3.7649881e-01
   3.5347722e-01
   3.3285372e-01
   3.1558754e-01
   3.0551560e-01
   3.0311750e-01
   3.0695444e-01
   3.1750600e-01
   3.3189449e-01
   3.4628298e-01
   3.5923262e-01
   3.6786571e-01
   3.7122302e-01
   3.6882494e-01
   3.6067147e-01
   3.4868106e-01
   3.3381295e-01
   3.1750600e-01
   3.0215828e-01
   2.8920863e-01
   2.8105516e-01
   2.7865707e-01
   2.8201439e-01
   2.9160672e-01
   3.0599520e-01
   3.2278177e-01
   3.3908872e-01
   3.5395684e-01
   3.6594725e-01
   3.7362111e-01
   3.7841727e-01
   3.8273382e-01
   3.8657075e-01
   3.9184653e-01
   4.0000000e-01
   4.0959234e-01
   4.2110312e-01
   4.3309353e-01
   4.4364509e-01
   4.5179856e-01
   4.5659473e-01
   4.5755396e-01
   4.5371704e-01
   4.4604316e-01
   4.3549161e-01
   4.2494006e-01
   4.1486811e-01
   4.0767386e-01
   4.0335732e-01
   4.0191846e-01
   4.0287771e-01
   4.0383694e-01
   4.0431655e-01
   4.0239809e-01
   4.0047962e-01
   3.9856116e-01
   3.9952039e-01
   4.0623502e-01
   4.1966427e-01
   4.4028778e-01
   4.6666667e-01
   4.9688249e-01
   5.2805756e-01
   5.5635492e-01
   5.7841727e-01
   5.9328537e-01
   5.9856115e-01
   5.9520384e-01
   5.8465229e-01
   5.6978417e-01
   5.5395684e-01
   5.3908873e-01
   5.2901679e-01
   5.2374101e-01
   5.2374101e-01
   5.2709832e-01
   5.3189449e-01
   5.3381295e-01
   5.3237410e-01
   5.2517986e-01
   5.1462829e-01
   5.0167866e-01
   4.8968825e-01
   4.8105516e-01
   4.7721822e-01
   4.7865708e-01
   4.8585132e-01
   4.9688249e-01
   5.0983214e-01
   5.2374101e-01
   5.3573141e-01
   5.4628298e-01
   5.5395684e-01
   5.5971223e-01
   5.6258993e-01
   5.6498802e-01
   5.6642686e-01
   5.6930456e-01
   5.7362111e-01
   5.8081535e-01
   5.8896883e-01
   5.9760192e-01
   6.0335732e-01
   6.0431655e-01
   5.9808154e-01
   5.8417266e-01
   5.6211031e-01
   5.3429256e-01
   5.0263790e-01
   4.7002398e-01
   4.4028778e-01
   4.1678657e-01
   4.0047963e-01
   3.9328538e-01
   3.9616307e-01
   4.0767386e-01
   4.2637890e-01
   4.4940048e-01
   4.7242207e-01
   4.9256595e-01
   5.0599521e-01
   5.0935253e-01
   5.0407674e-01
   4.9064749e-01
   4.7146283e-01
   4.5083933e-01
   4.3165469e-01
   4.1870503e-01
   4.1342926e-01
   4.1678657e-01
   4.2925661e-01
   4.4940048e-01
   4.7386091e-01
   5.0071943e-01
   5.2517986e-01
   5.4388489e-01
   5.5347722e-01
   5.5203837e-01
   5.3908873e-01
   5.1510792e-01
   4.8393286e-01
   4.5083933e-01
   4.2014388e-01
   3.9664269e-01
   3.8417267e-01
   3.8465228e-01
   3.9712230e-01
   4.1966426e-01
   4.4940048e-01
   4.8057554e-01
   5.0983214e-01
   5.3189449e-01
   5.4436451e-01
   5.4484413e-01
   5.3381295e-01
   5.1270984e-01
   4.8393286e-01
   4.5131895e-01
   4.1966426e-01
   3.9040768e-01
   3.6690648e-01
   3.4916067e-01
   3.3812950e-01
   3.3093525e-01
   3.2853717e-01
   3.2997603e-01
   3.3477218e-01
   3.4292566e-01
   3.5395684e-01
   3.6786571e-01
   3.8225420e-01
   3.9568346e-01
   4.0575540e-01
   4.1151080e-01
   4.1294963e-01
   4.0959234e-01
   4.0287771e-01
   3.9472423e-01
   3.8657075e-01
   3.7985613e-01
   3.7601919e-01
   3.7410072e-01
   3.7553957e-01
   3.7889688e-01
   3.8369305e-01
   3.8944845e-01
   3.9520384e-01
   3.9952039e-01
   4.0191848e-01
   4.0191848e-01
   3.9952039e-01
   3.9472422e-01
   3.8705037e-01
   3.7745804e-01
   3.6642687e-01
   3.5395683e-01
   3.3908873e-01
   3.2278178e-01
   3.0599522e-01
   2.9064748e-01
   2.7817747e-01
   2.7146283e-01
   2.7194244e-01
   2.8057555e-01
   2.9784173e-01
   3.2278178e-01
   3.5395684e-01
   3.8752998e-01
   4.2158274e-01
   4.5179857e-01
   4.7529976e-01
   4.8729017e-01
   4.8489208e-01
   4.6714628e-01
   4.3309352e-01
   3.8561151e-01
   3.2949640e-01
   2.7098321e-01
   2.1870505e-01
   1.7889689e-01
   1.5875300e-01
   1.6115108e-01
   1.8657075e-01
   2.3261391e-01
   2.9400479e-01
   3.6450839e-01
   4.3741008e-01
   5.0695443e-01
   5.6738609e-01
   6.1582734e-01
   6.5083933e-01
   6.7290168e-01
   6.8393286e-01
   6.8824941e-01
   6.8920864e-01
   6.9064748e-01
   6.9592326e-01
   7.0743405e-01
   7.2470024e-01
   7.4724221e-01
   7.7505996e-01
   8.0383693e-01
   8.3405276e-01
   8.6330936e-01
   8.9016787e-01
   9.1366906e-01
   9.3333333e-01
   9.4724221e-01
   9.5587530e-01
   9.5731416e-01
   9.5347722e-01
   9.4484413e-01
   9.3381295e-01
   9.2278178e-01
   9.1462830e-01
   9.1031175e-01
   9.1223022e-01
   9.1942446e-01
   9.3237410e-01
   9.4916067e-01
   9.6642686e-01
   9.8273382e-01
   9.9520383e-01
   1.0000000e+00
   9.9712231e-01
   9.8417266e-01
   9.6306954e-01
   9.3525181e-01
   9.0407674e-01
   8.7338130e-01
   8.4700241e-01
   8.2637891e-01
   8.1294965e-01
   8.0623502e-01
   8.0383694e-01
   8.0431656e-01
   8.0335732e-01
   8.0000000e-01
   7.9088729e-01
   7.7601919e-01
   7.5443645e-01
   7.2709833e-01
   6.9640287e-01
   6.6474820e-01
   6.3405276e-01
   6.0863310e-01
   5.9088729e-01
   5.8225420e-01
   5.8225420e-01
   5.8848921e-01
   5.9952038e-01
   6.0911271e-01
   6.1678658e-01
   6.1726619e-01
   6.1151080e-01
   5.9952038e-01
   5.8321343e-01
   5.6546763e-01
   5.4772182e-01
   5.3285373e-01
   5.2134293e-01
   5.1366907e-01
   5.1079137e-01
   5.1223021e-01
   5.1654677e-01
   5.2278178e-01
   5.2949641e-01
   5.3669065e-01
   5.4196643e-01
   5.4532374e-01
   5.4580336e-01
   5.4292566e-01
   5.3812950e-01
   5.3045564e-01
   5.1990408e-01
   5.0695444e-01
   4.9256595e-01
   4.7673862e-01
   4.5995204e-01
   4.4412470e-01
   4.3021583e-01
   4.1966427e-01
   4.1199041e-01
   4.0719425e-01
   4.0431655e-01
   4.0095923e-01
   3.9616308e-01
   3.8896883e-01
   3.7889688e-01
   3.6786571e-01
   3.5635492e-01
   3.4676260e-01
   3.4004796e-01
   3.3764988e-01
   3.3908873e-01
   3.4388490e-01
   3.5203837e-01
   3.6163070e-01
   3.7170264e-01
   3.8081535e-01
   3.8800960e-01
   3.9136691e-01
   3.9040768e-01
   3.8561151e-01
   3.7697842e-01
   3.6546764e-01
   3.5299760e-01
   3.3956835e-01
   3.2805755e-01
   3.1798562e-01
   3.1031176e-01
   3.0599522e-01
   3.0551559e-01
   3.0887290e-01
   3.1798561e-01
   3.3189449e-01
   3.5107914e-01
   3.7362110e-01
   3.9664269e-01
   4.1918465e-01
   4.3693046e-01
   4.4844124e-01
   4.5323742e-01
   4.4940048e-01
   4.3932855e-01
   4.2254198e-01
   4.0191846e-01
   3.7793765e-01
   3.5347722e-01
   3.2949640e-01
   3.0791367e-01
   2.9112710e-01
   2.7961631e-01
   2.7338129e-01
   2.7290169e-01
   2.7673861e-01
   2.8249401e-01
   2.8872902e-01
   2.9496403e-01
   3.0023981e-01
   3.0551559e-01
   3.1031176e-01
   3.1462830e-01
   3.1798562e-01
   3.1942446e-01
   3.1654676e-01
   3.0839329e-01
   2.9448442e-01
   2.7386091e-01
   2.4940049e-01
   2.2350120e-01
   1.9904076e-01
   1.8081535e-01
   1.7122302e-01
   1.7218226e-01
   1.8465228e-01
   2.0719425e-01
   2.3645085e-01
   2.6906475e-01
   2.9832134e-01
   3.2086331e-01
   3.3141487e-01
   3.2805757e-01
   3.1175060e-01
   2.8393285e-01
   2.4940049e-01
   2.1438850e-01
   1.8369305e-01
   1.6258993e-01
   1.5299760e-01
   1.5587530e-01
   1.6930455e-01
   1.9136691e-01
   2.1774581e-01
   2.4556355e-01
   2.7098322e-01
   2.9160672e-01
   3.0599522e-01
   3.1318946e-01
   3.1318945e-01
   3.0647482e-01
   2.9544364e-01
   2.8153478e-01
   2.6762590e-01
   2.5515588e-01
   2.4460432e-01
   2.3741008e-01
   2.3213429e-01
   2.2973622e-01
   2.2973621e-01
   2.3309353e-01
   2.3932854e-01
   2.4988010e-01
   2.6570744e-01
   2.8681056e-01
   3.1079137e-01
   3.3669065e-01
   3.6115108e-01
   3.8177459e-01
   3.9472422e-01
   3.9904077e-01
   3.9328537e-01
   3.7841727e-01
   3.5587530e-01
   3.2853718e-01
   2.9880097e-01
   2.7098321e-01
   2.4748202e-01
   2.3021583e-01
   2.2014388e-01
   2.1726619e-01
   2.1870505e-01
   2.2302159e-01
   2.2685852e-01
   2.2925660e-01
   2.2925660e-01
   2.2781775e-01
   2.2637890e-01
   2.2637891e-01
   2.3069545e-01
   2.3884892e-01
   2.5131894e-01
   2.6570743e-01
   2.8201439e-01
   2.9688250e-01
   3.1127099e-01
   3.2230216e-01
   3.3189449e-01
   3.3956835e-01
   3.4532375e-01
   3.5011990e-01
   3.5395683e-01
   3.5683453e-01
   3.5779376e-01
   3.5683453e-01
   3.5347722e-01
   3.4580336e-01
   3.3429257e-01
   3.1846523e-01
   2.9880096e-01
   2.7625899e-01
   2.5227818e-01
   2.3069545e-01
   2.1438850e-01
   2.0479616e-01
   2.0287770e-01
   2.1055157e-01
   2.2541967e-01
   2.4652278e-01
   2.7194245e-01
   2.9880096e-01
   3.2613909e-01
   3.5155875e-01
   3.7314149e-01
   3.8944845e-01
   3.9808154e-01
   3.9808154e-01
   3.8944845e-01
   3.7314149e-01
   3.5059952e-01
   3.2470023e-01
   2.9928059e-01
   2.7721823e-01
   2.6139089e-01
   2.5323741e-01
   2.5371703e-01
   2.6091127e-01
   2.7482015e-01
   2.9208633e-01
   3.0983213e-01
   3.2613909e-01
   3.3717027e-01
   3.4148681e-01
   3.3812950e-01
   3.2709832e-01
   3.1127099e-01
   2.9256595e-01
   2.7529976e-01
   2.6187050e-01
   2.5611512e-01
   2.5851320e-01
   2.6810552e-01
   2.8393285e-01
   3.0455637e-01
   3.2661871e-01
   3.4772183e-01
   3.6642686e-01
   3.8081535e-01
   3.8944845e-01
   3.9184653e-01
   3.8752999e-01
   3.7697842e-01
   3.6115108e-01
   3.4340529e-01
   3.2470025e-01
   3.0935252e-01
   2.9784173e-01
   2.9304556e-01
   2.9448441e-01
   3.0215828e-01
   3.1462831e-01
   3.2997602e-01
   3.4580336e-01
   3.6019184e-01
   3.7122302e-01
   3.7697842e-01
   3.7793765e-01
   3.7362110e-01
   3.6642687e-01
   3.5779378e-01
   3.5203838e-01
   3.5011990e-01
   3.5539569e-01
   3.6786571e-01
   3.8705036e-01
   4.1007194e-01
   4.3357315e-01
   4.5611511e-01
   4.7386092e-01
   4.8681055e-01
   4.9400480e-01
   4.9688250e-01
   4.9688249e-01
   4.9544365e-01
   4.9400480e-01
   4.9352518e-01
   4.9640289e-01
   5.0167866e-01
   5.0983215e-01
   5.1894484e-01
   5.2901678e-01
   5.3573141e-01
   5.3764988e-01
   5.3333334e-01
   5.2134293e-01
   5.0359713e-01
   4.8105516e-01
   4.5755396e-01
   4.3645084e-01
   4.2110312e-01
   4.1342926e-01
   4.1390888e-01
   4.2254197e-01
   4.3645084e-01
   4.5227818e-01
   4.6810552e-01
   4.7961631e-01
   4.8441247e-01
   4.8105516e-01
   4.7050360e-01
   4.5323741e-01
   4.3213429e-01
   4.1103117e-01
   3.9328537e-01
   3.8225419e-01
   3.7937650e-01
   3.8465228e-01
   3.9712231e-01
   4.1390888e-01
   4.3309353e-01
   4.5131895e-01
   4.6618706e-01
   4.7769785e-01
   4.8489209e-01
   4.8824940e-01
   4.8776979e-01
   4.8345325e-01
   4.7529977e-01
   4.6330936e-01
   4.4700241e-01
   4.2829737e-01
   4.0767386e-01
   3.8705036e-01
   3.6882493e-01
   3.5395684e-01
   3.4532375e-01
   3.4292566e-01
   3.4724221e-01
   3.5779378e-01
   3.7314150e-01
   3.9136691e-01
   4.1055157e-01
   4.2685852e-01
   4.3741008e-01
   4.4172662e-01
   4.3884892e-01
   4.3021583e-01
   4.1822543e-01
   4.0575540e-01
   3.9568346e-01
   3.9088729e-01
   3.9136691e-01
   3.9712231e-01
   4.0671463e-01
   4.1774581e-01
   4.2877698e-01
   4.3884893e-01
   4.4556355e-01
   4.4988010e-01
   4.5227818e-01
   4.5227818e-01
   4.5083933e-01
   4.4700241e-01
   4.4268586e-01
   4.3645084e-01
   4.2925660e-01
   4.2158274e-01
   4.1438849e-01
   4.0623502e-01
   3.9808154e-01
   3.8896883e-01
   3.7985613e-01
   3.6978418e-01
   3.5923262e-01
   3.4916067e-01
   3.3764989e-01
   3.2565948e-01
   3.1223022e-01
   2.9832134e-01
   2.8585133e-01
   2.7482015e-01
   2.6858513e-01
   2.6810552e-01
   2.7482015e-01
   2.8824940e-01
   3.0743406e-01
   3.2901679e-01
   3.5059952e-01
   3.6738610e-01
   3.7793765e-01
   3.8081536e-01
   3.7553957e-01
   3.6450839e-01
   3.5011990e-01
   3.3525181e-01
   3.2326140e-01
   3.1654676e-01
   3.1606714e-01
   3.2278178e-01
   3.3621104e-01
   3.5347721e-01
   3.7218225e-01
   3.8800959e-01
   3.9760192e-01
   3.9904077e-01
   3.9088729e-01
   3.7362110e-01
   3.5011990e-01
   3.2374100e-01
   2.9880096e-01
   2.7865707e-01
   2.6714629e-01
   2.6474820e-01
   2.7146284e-01
   2.8776978e-01
   3.1223022e-01
   3.4196643e-01
   3.7697842e-01
   4.1438849e-01
   4.5323741e-01
   4.9064748e-01
   5.2470025e-01
   5.5299761e-01
   5.7362111e-01
   5.8561152e-01
   5.8944844e-01
   5.8321343e-01
   5.7074341e-01
   5.5299760e-01
   5.3237410e-01
   5.1270984e-01
   4.9688250e-01
   4.8681055e-01
   4.8345325e-01
   4.8585132e-01
   4.9208634e-01
   4.9832135e-01
   4.9928058e-01
   4.9208634e-01
   4.7338130e-01
   4.4508393e-01
   4.0911272e-01
   3.7122302e-01
   3.3764988e-01
   3.1366908e-01
   3.0407674e-01
   3.1031176e-01
   3.3045564e-01
   3.6163070e-01
   3.9568346e-01
   4.2829737e-01
   4.5179856e-01
   4.6235013e-01
   4.5755396e-01
   4.3884892e-01
   4.0815348e-01
   3.7170264e-01
   3.3621103e-01
   3.0599522e-01
   2.8729016e-01
   2.8249401e-01
   2.9064749e-01
   3.1079137e-01
   3.3812950e-01
   3.6786571e-01
   3.9520384e-01
   4.1774580e-01
   4.3213429e-01
   4.3980816e-01
   4.4124701e-01
   4.3884892e-01
   4.3357315e-01
   4.2733812e-01
   4.2062351e-01
   4.1534772e-01
   4.1199041e-01
   4.1103118e-01
   4.1247003e-01
   4.1630695e-01
   4.2206235e-01
   4.2829737e-01
   4.3357315e-01
   4.3693047e-01
   4.3645084e-01
   4.3213429e-01
   4.2398081e-01
   4.1247002e-01
   3.9904077e-01
   3.8417267e-01
   3.6930456e-01
   3.5635492e-01
   3.4676260e-01
   3.4244605e-01
   3.4340529e-01
   3.5059952e-01
   3.6258993e-01
   3.7745804e-01
   3.9040768e-01
   4.0000000e-01
   4.0191848e-01
   3.9616308e-01
   3.8129496e-01
   3.5923261e-01
   3.3333334e-01
   3.0647482e-01
   2.8297362e-01
   2.6570744e-01
   2.5755395e-01
   2.5995204e-01
   2.7290167e-01
   2.9544365e-01
   3.2517986e-01
   3.5875300e-01
   3.9136691e-01
   4.1966427e-01
   4.3884892e-01
   4.4652278e-01
   4.4172662e-01
   4.2541966e-01
   4.0191846e-01
   3.7410073e-01
   3.4676260e-01
   3.2422063e-01
   3.0791368e-01
   3.0023981e-01
   2.9976019e-01
   3.0551559e-01
   3.1366908e-01
   3.2086331e-01
   3.2326139e-01
   3.1894485e-01
   3.0503597e-01
   2.8249401e-01
   2.5227818e-01
   2.1822543e-01
   1.8513190e-01
   1.5683454e-01
   1.3764989e-01
   1.2853717e-01
   1.2997602e-01
   1.3956835e-01
   1.5443646e-01
   1.7074340e-01
   1.8561152e-01
   1.9760193e-01
   2.0479616e-01
   2.0863310e-01
   2.1007196e-01
   2.1007194e-01
   2.1103118e-01
   2.1342925e-01
   2.1870504e-01
   2.2637891e-01
   2.3549160e-01
   2.4460432e-01
   2.5227818e-01
   2.5467626e-01
   2.5179857e-01
   2.4172662e-01
   2.2446043e-01
   2.0143885e-01
   1.7601918e-01
   1.5107914e-01
   1.2949641e-01
   1.1414868e-01
   1.0551559e-01
   1.0359712e-01
   1.0743406e-01
   1.1606716e-01
   1.2853717e-01
   1.4244605e-01
   1.5731415e-01
   1.7218226e-01
   1.8752998e-01
   2.0095923e-01
   2.1151079e-01
   2.1966428e-01
   2.2398082e-01
   2.2494005e-01
   2.2254197e-01
   2.1870504e-01
   2.1390888e-01
   2.0911271e-01
   2.0623502e-01
   2.0623502e-01
   2.1007194e-01
   2.1918465e-01
   2.3357314e-01
   2.5131894e-01
   2.7098322e-01
   2.8968825e-01
   3.0359713e-01
   3.1031176e-01
   3.0791367e-01
   2.9592327e-01
   2.7625899e-01
   2.5035972e-01
   2.2350120e-01
   1.9952039e-01
   1.8033573e-01
   1.7026380e-01
   1.6930456e-01
   1.7937650e-01
   1.9856115e-01
   2.2589928e-01
   2.5755395e-01
   2.9016787e-01
   3.1942446e-01
   3.4004797e-01
   3.4772183e-01
   3.4100720e-01
   3.1942446e-01
   2.8489209e-01
   2.4268585e-01
   1.9808153e-01
   1.5779377e-01
   1.2757794e-01
   1.1223022e-01
   1.1414868e-01
   1.3285371e-01
   1.6642686e-01
   2.1055156e-01
   2.5995204e-01
   3.0839329e-01
   3.4964029e-01
   3.7985611e-01
   3.9472423e-01
   3.9472423e-01
   3.7985611e-01
   3.5395684e-01
   3.2230216e-01
   2.8968825e-01
   2.6091127e-01
   2.3932854e-01
   2.2877699e-01
   2.3021582e-01
   2.4268585e-01
   2.6570744e-01
   2.9544365e-01
   3.2901679e-01
   3.6306955e-01
   3.9328537e-01
   4.1582734e-01
   4.2733813e-01
   4.2733813e-01
   4.1678657e-01
   3.9856116e-01
   3.7649881e-01
   3.5539569e-01
   3.4004797e-01
   3.3285372e-01
   3.3669065e-01
   3.4916067e-01
   3.6978418e-01
   3.9424461e-01
   4.1918465e-01
   4.3980815e-01
   4.5275779e-01
   4.5611511e-01
   4.4892087e-01
   4.3213429e-01
   4.0815348e-01
   3.8033573e-01
   3.5347721e-01
   3.3093525e-01
   3.1606715e-01
   3.1031176e-01
   3.1318945e-01
   3.2278177e-01
   3.3573141e-01
   3.4868106e-01
   3.5827338e-01
   3.6306955e-01
   3.6163070e-01
   3.5539569e-01
   3.4436451e-01
   3.3141487e-01
   3.1798562e-01
   3.0695444e-01
   3.0023982e-01
   2.9784173e-01
   3.0215828e-01
   3.1270983e-01
   3.2709832e-01
   3.4436451e-01
   3.6163070e-01
   3.7601919e-01
   3.8561151e-01
   3.9040767e-01
   3.9040767e-01
   3.8609114e-01
   3.7937650e-01
   3.7218225e-01
   3.6642686e-01
   3.6306955e-01
   3.6163070e-01
   3.6402879e-01
   3.6978418e-01
   3.7841727e-01
   3.9088729e-01
   4.0671464e-01
   4.2350120e-01
   4.4028778e-01
   4.5467626e-01
   4.6474820e-01
   4.7002399e-01
   4.6858513e-01
   4.6187051e-01
   4.4988010e-01
   4.3549161e-01
   4.1918466e-01
   4.0383694e-01
   3.9040768e-01
   3.8129497e-01
   3.7649881e-01
   3.7793765e-01
   3.8321343e-01
   3.9232614e-01
   4.0335732e-01
   4.1342926e-01
   4.1918466e-01
   4.1918466e-01
   4.1247003e-01
   3.9952039e-01
   3.8225419e-01
   3.6306955e-01
   3.4388490e-01
   3.2709832e-01
   3.1414868e-01
   3.0599520e-01
   3.0359713e-01
   3.0551560e-01
   3.1223023e-01
   3.2326140e-01
   3.3525181e-01
   3.4868106e-01
   3.6067147e-01
   3.7026379e-01
   3.7601919e-01
   3.7745804e-01
   3.7505996e-01
   3.7122302e-01
   3.6738609e-01
   3.6450840e-01
   3.6546763e-01
   3.7026379e-01
   3.7889688e-01
   3.9040767e-01
   4.0287770e-01
   4.1486811e-01
   4.2446044e-01
   4.2973621e-01
   4.2973621e-01
   4.2350120e-01
   4.1151080e-01
   3.9520384e-01
   3.7697842e-01
   3.5971223e-01
   3.4628298e-01
   3.3908873e-01
   3.4004797e-01
   3.4868106e-01
   3.6450839e-01
   3.8513190e-01
   4.0863309e-01
   4.3213430e-01
   4.5275779e-01
   4.6810551e-01
   4.7529977e-01
   4.7386091e-01
   4.6235012e-01
   4.4172662e-01
   4.1390888e-01
   3.8273382e-01
   3.5155875e-01
   3.2470023e-01
   3.0599520e-01
   2.9688250e-01
   2.9688250e-01
   3.0455636e-01
   3.1558754e-01
   3.2565948e-01
   3.3237411e-01
   3.3477218e-01
   3.3189449e-01
   3.2613909e-01
   3.1942446e-01
   3.1462831e-01
   3.1510791e-01
   3.2086331e-01
   3.3333333e-01
   3.4964029e-01
   3.6978418e-01
   3.8944844e-01
   4.0719425e-01
   4.1966427e-01
   4.2589929e-01
   4.2589929e-01
   4.1870503e-01
   4.0719425e-01
   3.9328537e-01
   3.7937651e-01
   3.6738610e-01
   3.5875300e-01
   3.5299760e-01
   3.5059953e-01
   3.4964029e-01
   3.5011990e-01
   3.5107914e-01
   3.5347722e-01
   3.5683453e-01
   3.6306955e-01
   3.7122302e-01
   3.8129496e-01
   3.9232614e-01
   4.0287770e-01
   4.1007195e-01
   4.1342925e-01
   4.1151079e-01
   4.0383694e-01
   3.8944845e-01
   3.6978418e-01
   3.4580335e-01
   3.1894485e-01
   2.9112710e-01
   2.6522782e-01
   2.4268586e-01
   2.2541968e-01
   2.1534772e-01
   2.1103118e-01
   2.1199042e-01
   2.1630696e-01
   2.2254197e-01
   2.2973622e-01
   2.3645084e-01
   2.4508394e-01
   2.5323741e-01
   2.6330936e-01
   2.7434053e-01
   2.8633093e-01
   2.9832134e-01
   3.0887290e-01
   3.1606714e-01
   3.2038369e-01
   3.1942446e-01
   3.1414869e-01
   3.0455636e-01
   2.9064748e-01
   2.7577938e-01
   2.6139089e-01
   2.4844125e-01
   2.4124701e-01
   2.3932854e-01
   2.4460432e-01
   2.5611511e-01
   2.7194245e-01
   2.8968825e-01
   3.0647482e-01
   3.2038370e-01
   3.2997602e-01
   3.3573143e-01
   3.3812950e-01
   3.4004797e-01
   3.4244604e-01
   3.4724220e-01
   3.5635492e-01
   3.6978418e-01
   3.8752998e-01
   4.0863309e-01
   4.3213430e-01
   4.5611511e-01
   4.7721823e-01
   4.9256595e-01
   5.0023981e-01
   4.9784173e-01
   4.8537170e-01
   4.6522782e-01
   4.4076739e-01
   4.1534773e-01
   3.9472422e-01
   3.8273382e-01
   3.8177459e-01
   3.9232614e-01
   4.1247003e-01
   4.4076739e-01
   4.7242207e-01
   5.0263790e-01
   5.2853718e-01
   5.4532374e-01
   5.5059953e-01
   5.4340527e-01
   5.2374101e-01
   4.9400480e-01
   4.5755396e-01
   4.1966427e-01
   3.8609113e-01
   3.6115108e-01
   3.4820144e-01
   3.5011990e-01
   3.6498801e-01
   3.9088729e-01
   4.2398082e-01
   4.5947242e-01
   4.9208634e-01
   5.1702638e-01
   5.3141487e-01
   5.3285372e-01
   5.2086331e-01
   4.9592327e-01
   4.6139090e-01
   4.2158274e-01
   3.8081535e-01
   3.4436451e-01
   3.1462830e-01
   2.9592327e-01
   2.8776979e-01
   2.8968825e-01
   2.9976019e-01
   3.1510791e-01
   3.3333334e-01
   3.5107915e-01
   3.6786571e-01
   3.8129496e-01
   3.8992806e-01
   3.9328537e-01
   3.9088729e-01
   3.8321343e-01
   3.7026379e-01
   3.5347722e-01
   3.3525180e-01
   3.1702637e-01
   3.0023982e-01
   2.8633093e-01
   2.7529976e-01
   2.6810552e-01
   2.6187050e-01
   2.5707435e-01
   2.5227818e-01
   2.4652278e-01
   2.3884892e-01
   2.2781774e-01
   2.1438850e-01
   1.9760192e-01
   1.7793765e-01
   1.5779377e-01
   1.3812951e-01
   1.2182255e-01
   1.1079137e-01
   1.0647482e-01
   1.0839329e-01
   1.1654676e-01
   1.2853717e-01
   1.4244605e-01
   1.5539569e-01
   1.6450839e-01
   1.6738610e-01
   1.6163070e-01
   1.4772183e-01
   1.2470024e-01
   9.5443655e-02
   6.3309356e-02
   3.3093530e-02
   1.0551565e-02
   0.0000000e+00
   4.7961667e-03
   2.7338132e-02
   6.3788972e-02
   1.1223021e-01
   1.6450840e-01
   2.1534772e-01
   2.5851320e-01
   2.8968825e-01
   3.0791367e-01
   3.1366907e-01
   3.0983214e-01
   3.0071943e-01
   2.9112710e-01
   2.8441248e-01
   2.8393287e-01
   2.9064749e-01
   3.0311751e-01
   3.1990409e-01
   3.3717026e-01
   3.5011991e-01
   3.5587530e-01
   3.5059952e-01
   3.3429257e-01
   3.0791368e-01
   2.7482015e-01
   2.3932854e-01
   2.0671464e-01
   1.8081536e-01
   1.6498801e-01
   1.6019186e-01
   1.6642686e-01
   1.8273381e-01
   2.0671462e-01
   2.3597122e-01
   2.6858513e-01
   3.0071943e-01
   3.3189448e-01
   3.5779376e-01
   3.7649881e-01
   3.8752999e-01
   3.8944845e-01
   3.8225419e-01
   3.6834532e-01
   3.5011990e-01
   3.2901679e-01
   3.0935251e-01
   2.9352518e-01
   2.8297362e-01
   2.7913669e-01
   2.8297362e-01
   2.9352518e-01
   3.0887291e-01
   3.2757794e-01
   3.4772183e-01
   3.6594725e-01
   3.8129496e-01
   3.9280576e-01
   4.0047962e-01
   4.0527577e-01
   4.0767386e-01
   4.0911272e-01
   4.1055156e-01
   4.1055156e-01
   4.0863309e-01
   4.0527578e-01
   4.0000001e-01
   3.9232614e-01
   3.8513190e-01
   3.7889688e-01
   3.7505996e-01
   3.7553956e-01
   3.7841727e-01
   3.8465228e-01
   3.9328538e-01
   4.0287771e-01
   4.1294964e-01
   4.2302159e-01
   4.3405276e-01
   4.4556355e-01
   4.5803358e-01
   4.6906475e-01
   4.7817746e-01
   4.8345325e-01
   4.8297363e-01
   4.7577939e-01
   4.6235013e-01
   4.4316547e-01
   4.1966426e-01
   3.9472423e-01
   3.7170264e-01
   3.5251798e-01
   3.4052758e-01
   3.3717027e-01
   3.4196644e-01
   3.5443646e-01
   3.7170264e-01
   3.8992806e-01
   4.0431655e-01
   4.1247003e-01
   4.1294964e-01
   4.0479617e-01
   3.9136691e-01
   3.7553956e-01
   3.6163070e-01
   3.5203837e-01
   3.5107914e-01
   3.5779378e-01
   3.7266187e-01
   3.9280576e-01
   4.1678658e-01
   4.4028778e-01
   4.6330936e-01
   4.8249401e-01
   4.9736211e-01
   5.0599521e-01
   5.0983214e-01
   5.0791366e-01
   5.0215828e-01
   4.9160671e-01
   4.7961631e-01
   4.6570744e-01
   4.5131895e-01
   4.3836931e-01
   4.2829737e-01
   4.2254197e-01
   4.2302158e-01
   4.3213429e-01
   4.4940048e-01
   4.7529976e-01
   5.0647483e-01
   5.4004796e-01
   5.6930457e-01
   5.8896883e-01
   5.9520384e-01
   5.8369306e-01
   5.5539568e-01
   5.1175061e-01
   4.5899281e-01
   4.0287771e-01
   3.5011990e-01
   3.0647482e-01
   2.7625900e-01
   2.6235013e-01
   2.6426859e-01
   2.8009593e-01
   3.0599520e-01
   3.3764988e-01
   3.6930456e-01
   3.9568345e-01
   4.1342926e-01
   4.1966426e-01
   4.1438849e-01
   3.9856116e-01
   3.7649881e-01
   3.4964029e-01
   3.2374101e-01
   3.0119904e-01
   2.8489209e-01
   2.7577938e-01
   2.7386092e-01
   2.7961631e-01
   2.9064749e-01
   3.0503597e-01
   3.1942446e-01
   3.3237411e-01
   3.4052758e-01
   3.4340528e-01
   3.4004797e-01
   3.2997603e-01
   3.1702637e-01
   3.0119905e-01
   2.8585133e-01
   2.7050360e-01
   2.5563549e-01
   2.4076739e-01
   2.2541968e-01
   2.0767386e-01
   1.8800959e-01
   1.6738609e-01
   1.4772182e-01
   1.3093525e-01
   1.2038370e-01
   1.1798562e-01
   1.2470024e-01
   1.4052759e-01
   1.6642686e-01
   1.9952039e-01
   2.3836931e-01
   2.7913670e-01
   3.1942446e-01
   3.5491607e-01
   3.8129497e-01
   3.9808154e-01
   4.0287771e-01
   3.9616307e-01
   3.8081535e-01
   3.6067147e-01
   3.4004797e-01
   3.2230216e-01
   3.1270983e-01
   3.1270983e-01
   3.2278177e-01
   3.4292566e-01
   3.7026379e-01
   4.0239809e-01
   4.3549161e-01
   4.6522782e-01
   4.8776979e-01
   4.9928058e-01
   4.9928058e-01
   4.8776980e-01
   4.6618705e-01
   4.3836930e-01
   4.0959232e-01
   3.8417267e-01
   3.6546764e-01
   3.5635492e-01
   3.5827338e-01
   3.7026379e-01
   3.8992806e-01
   4.1534773e-01
   4.4412470e-01
   4.7194245e-01
   4.9736211e-01
   5.1798561e-01
   5.3189449e-01
   5.3956835e-01
   5.4052759e-01
   5.3621104e-01
   5.2949641e-01
   5.2278178e-01
   5.1798561e-01
   5.1654677e-01
   5.1894484e-01
   5.2517987e-01
   5.3333334e-01
   5.4196643e-01
   5.5059952e-01
   5.5731416e-01
   5.6067146e-01
   5.6067146e-01
   5.5731414e-01
   5.5011991e-01
   5.3956835e-01
   5.2661871e-01
   5.1318945e-01
   5.0119904e-01
   4.9304557e-01
   4.9064748e-01
   4.9592326e-01
   5.0791367e-01
   5.2613910e-01
   5.4916068e-01
   5.7314149e-01
   5.9664269e-01
   6.1678658e-01
   6.3117507e-01
   6.3932854e-01
   6.3980816e-01
   6.3309353e-01
   6.2014389e-01
   6.0239808e-01
   5.8225420e-01
   5.6211031e-01
   5.4388490e-01
   5.2949641e-01
   5.1990408e-01
   5.1510792e-01
   5.1462830e-01
   5.1798561e-01
   5.2326139e-01
   5.2997602e-01
   5.3764988e-01
   5.4532374e-01
   5.5347723e-01
   5.6019185e-01
   5.6594725e-01
   5.6930456e-01
   5.6930457e-01
   5.6594725e-01
   5.6067146e-01
   5.5299760e-01
   5.4484413e-01
   5.3717027e-01
   5.2949640e-01
   5.2134293e-01
   5.1079137e-01
   4.9832135e-01
   4.8153477e-01
   4.6043165e-01
   4.3741007e-01
   4.1199041e-01
   3.8657074e-01
   3.6450839e-01
   3.4724221e-01
   3.3764989e-01
   3.3669066e-01
   3.4628297e-01
   3.6546763e-01
   3.9376499e-01
   4.2733813e-01
   4.6378897e-01
   4.9736212e-01
   5.2470024e-01
   5.4100719e-01
   5.4484413e-01
   5.3669065e-01
   5.1606715e-01
   4.8776979e-01
   4.5419665e-01
   4.2062351e-01
   3.8992806e-01
   3.6546763e-01
   3.4916067e-01
   3.4196643e-01
   3.4532375e-01
   3.5635492e-01
   3.7505996e-01
   3.9664269e-01
   4.1870503e-01
   4.3693047e-01
   4.4796164e-01
   4.5083933e-01
   4.4364509e-01
   4.2829737e-01
   4.0575539e-01
   3.7937650e-01
   3.5203837e-01
   3.2757794e-01
   3.0935252e-01
   2.9880096e-01
   2.9784173e-01
   3.0551559e-01
   3.1942446e-01
   3.3669065e-01
   3.5347722e-01
   3.6450839e-01
   3.6738610e-01
   3.5971223e-01
   3.4292567e-01
   3.1990408e-01
   2.9448441e-01
   2.7290169e-01
   2.5851319e-01
   2.5323741e-01
   2.5947243e-01
   2.7434053e-01
   2.9544365e-01
   3.2086331e-01
   3.4676260e-01
   3.7026379e-01
   3.9088729e-01
   4.0719425e-01
   4.2014389e-01
   4.2877699e-01
   4.3357314e-01
   4.3597123e-01
   4.3645084e-01
   4.3549161e-01
   4.3357315e-01
   4.3021583e-01
   4.2589929e-01
   4.2110312e-01
   4.1390888e-01
   4.0479617e-01
   3.9376500e-01
   3.7985611e-01
   3.6450839e-01
   3.4772183e-01
   3.2997602e-01
   3.1270983e-01
   2.9640288e-01
   2.8249401e-01
   2.7242207e-01
   2.6762590e-01
   2.6858513e-01
   2.7434053e-01
   2.8393285e-01
   2.9400479e-01
   3.0119905e-01
   3.0263790e-01
   2.9640288e-01
   2.8249401e-01
   2.6330935e-01
   2.4172662e-01
   2.2110312e-01
   2.0575539e-01
   1.9760192e-01
   1.9856116e-01
   2.0863310e-01
   2.2685852e-01
   2.4988010e-01
   2.7673862e-01
   3.0407674e-01
   3.2901680e-01
   3.4964029e-01
   3.6450839e-01
   3.7170264e-01
   3.7122302e-01
   3.6354916e-01
   3.5011990e-01
   3.3285372e-01
   3.1414868e-01
   2.9592327e-01
   2.8009593e-01
   2.6666667e-01
   2.5659473e-01
   2.5035972e-01
   2.4652278e-01
   2.4556354e-01
   2.4508394e-01
   2.4748202e-01
   2.4940049e-01
   2.5275780e-01
   2.5563549e-01
   2.5947242e-01
   2.6426859e-01
   2.7050360e-01
   2.7865707e-01
   2.8729017e-01
   2.9736211e-01
   3.0599520e-01
   3.1366907e-01
   3.1798562e-01
   3.1990408e-01
   3.2086332e-01
   3.2230217e-01
   3.2565948e-01
   3.3333334e-01
   3.4532375e-01
   3.5971223e-01
   3.7697842e-01
   3.9232614e-01
   4.0527577e-01
   4.1342926e-01
   4.1630696e-01
   4.1486811e-01
   4.1007195e-01
   4.0239808e-01
   3.9472423e-01
   3.8752998e-01
   3.8273382e-01
   3.7889688e-01
   3.7793766e-01
   3.7889688e-01
   3.8129496e-01
   3.8417267e-01
   3.8752999e-01
   3.9088729e-01
   3.9328537e-01
   3.9616308e-01
   3.9952039e-01
   4.0431655e-01
   4.1103117e-01
   4.1870504e-01
   4.2781775e-01
   4.3693046e-01
   4.4508393e-01
   4.5131896e-01
   4.5515587e-01
   4.5851319e-01
   4.6043165e-01
   4.6187050e-01
   4.6426859e-01
   4.6666667e-01
   4.7002399e-01
   4.7290168e-01
   4.7625899e-01
   4.7913669e-01
   4.8393286e-01
   4.9064748e-01
   5.0071943e-01
   5.1366907e-01
   5.2949641e-01
   5.4772182e-01
   5.6642686e-01
   5.8513189e-01
   6.0191847e-01
   6.1678658e-01
   6.2925659e-01
   6.3884893e-01
   6.4652279e-01
   6.5323740e-01
   6.5995204e-01
   6.6906475e-01
   6.8009593e-01
   6.9400480e-01
   7.1079137e-01
   7.2853717e-01
   7.4628297e-01
   7.6019184e-01
   7.6930455e-01
   7.7266187e-01
   7.6834533e-01
   7.5827338e-01
   7.4340528e-01
   7.2613908e-01
   7.0887291e-01
   6.9160672e-01
   6.7721823e-01
   6.6570744e-01
   6.5947242e-01
   6.5851320e-01
   6.6570744e-01
   6.8009593e-01
   7.0119904e-01
   7.2805757e-01
   7.5635492e-01
   7.8273381e-01
   8.0287770e-01
   8.1294964e-01
   8.1007194e-01
   7.9376499e-01
   7.6546763e-01
   7.2709833e-01
   6.8201439e-01
   6.3453239e-01
   5.8992806e-01
   5.5155876e-01
   5.2278178e-01
   5.0503598e-01
   4.9880097e-01
   5.0215829e-01
   5.1223022e-01
   5.2517987e-01
   5.3669065e-01
   5.4340527e-01
   5.4388490e-01
   5.3669065e-01
   5.2422063e-01
   5.0839329e-01
   4.9208633e-01
   4.7865708e-01
   4.6954437e-01
   4.6714628e-01
   4.7098322e-01
   4.8105516e-01
   4.9496403e-01
   5.1223022e-01
   5.2949641e-01
   5.4436450e-01
   5.5443645e-01
   5.5875300e-01
   5.5683454e-01
   5.4916068e-01
   5.3860911e-01
   5.2805755e-01
   5.1990408e-01
   5.1750601e-01
   5.2182255e-01
   5.3189449e-01
   5.4772182e-01
   5.6546763e-01
   5.8177458e-01
   5.9424461e-01
   6.0000000e-01
   5.9760192e-01
   5.8657074e-01
   5.6690648e-01
   5.4148682e-01
   5.1318946e-01
   4.8633093e-01
   4.6474820e-01
   4.5131895e-01
   4.4796164e-01
   4.5371702e-01
   4.6570744e-01
   4.8105517e-01
   4.9448442e-01
   5.0359712e-01
   5.0503598e-01
   4.9784172e-01
   4.8537171e-01
   4.6858514e-01
   4.5227818e-01
   4.3884893e-01
   4.3213429e-01
   4.3213430e-01
   4.3980816e-01
   4.5515588e-01
   4.7625899e-01
   5.0167866e-01
   5.2805756e-01
   5.5347722e-01
   5.7553958e-01
   5.9232615e-01
   6.0191847e-01
   6.0383693e-01
   5.9904077e-01
   5.8800960e-01
   5.7314149e-01
   5.5635491e-01
   5.4052758e-01
   5.2661870e-01
   5.1750600e-01
   5.1462830e-01
   5.1894485e-01
   5.2853717e-01
   5.4436451e-01
   5.6306954e-01
   5.8033573e-01
   5.9424461e-01
   6.0047962e-01
   5.9664269e-01
   5.8321344e-01
   5.6019185e-01
   5.2997602e-01
   4.9496403e-01
   4.5947242e-01
   4.2637890e-01
   3.9760192e-01
   3.7553957e-01
   3.6067147e-01
   3.5491607e-01
   3.5731415e-01
   3.6690648e-01
   3.8129496e-01
   3.9808154e-01
   4.1438850e-01
   4.2637890e-01
   4.3213430e-01
   4.3069544e-01
   4.2254197e-01
   4.0911272e-01
   3.9472422e-01
   3.8081536e-01
   3.7218225e-01
   3.6978418e-01
   3.7410072e-01
   3.8417267e-01
   3.9952039e-01
   4.1774581e-01
   4.3741007e-01
   4.5467627e-01
   4.7002399e-01
   4.8201440e-01
   4.8920863e-01
   4.9400480e-01
   4.9640288e-01
   4.9832134e-01
   5.0263789e-01
   5.1079138e-01
   5.2230215e-01
   5.3764988e-01
   5.5587530e-01
   5.7362111e-01
   5.8896883e-01
   6.0000001e-01
   6.0431655e-01
   6.0047962e-01
   5.8896883e-01
   5.6978418e-01
   5.4484413e-01
   5.1654677e-01
   4.8729017e-01
   4.6091128e-01
   4.4028778e-01
   4.2685852e-01
   4.2254197e-01
   4.2685852e-01
   4.3597123e-01
   4.4748201e-01
   4.5851320e-01
   4.6426859e-01
   4.6474820e-01
   4.5899281e-01
   4.4844124e-01
   4.3597123e-01
   4.2446043e-01
   4.1630695e-01
   4.1342926e-01
   4.1774580e-01
   4.2781775e-01
   4.4316547e-01
   4.6282974e-01
   4.8441248e-01
   5.0455636e-01
   5.2134293e-01
   5.3285372e-01
   5.3621104e-01
   5.3189450e-01
   5.1942447e-01
   5.0215828e-01
   4.8057554e-01
   4.5899281e-01
   4.3884892e-01
   4.2254197e-01
   4.1247003e-01
   4.0911271e-01
   4.1294964e-01
   4.2398081e-01
   4.4124700e-01
   4.6282974e-01
   4.8729017e-01
   5.1031176e-01
   5.2949641e-01
   5.4100720e-01
   5.4244605e-01
   5.3333333e-01
   5.1414868e-01
   4.8681055e-01
   4.5419664e-01
   4.2062351e-01
   3.8752999e-01
   3.5923262e-01
   3.3860912e-01
   3.2613909e-01
   3.2470025e-01
   3.3285372e-01
   3.5107914e-01
   3.7649879e-01
   4.0623502e-01
   4.3597123e-01
   4.6187050e-01
   4.7961631e-01
   4.8681055e-01
   4.8297362e-01
   4.6762590e-01
   4.4220624e-01
   4.1103117e-01
   3.7601918e-01
   3.4052758e-01
   3.0887291e-01
   2.8297362e-01
   2.6570744e-01
   2.5803357e-01
   2.5851319e-01
   2.6810552e-01
   2.8345324e-01
   3.0119905e-01
   3.1894485e-01
   3.3525180e-01
   3.4724221e-01
   3.5587530e-01
   3.6163070e-01
   3.6546764e-01
   3.7026379e-01
   3.7553957e-01
   3.8081535e-01
   3.8609114e-01
   3.8848922e-01
   3.8657074e-01
   3.7985611e-01
   3.6738610e-01
   3.4964029e-01
   3.2901679e-01
   3.0839328e-01
   2.8920864e-01
   2.7577938e-01
   2.7002398e-01
   2.7290169e-01
   2.8489210e-01
   3.0503597e-01
   3.3045563e-01
   3.5779378e-01
   3.8417267e-01
   4.0575540e-01
   4.2014389e-01
   4.2733813e-01
   4.2685852e-01
   4.2158274e-01
   4.1199041e-01
   4.0143885e-01
   3.9184653e-01
   3.8465228e-01
   3.7985611e-01
   3.7985613e-01
   3.8369305e-01
   3.9184653e-01
   4.0239808e-01
   4.1438849e-01
   4.2685852e-01
   4.3645084e-01
   4.4220624e-01
   4.4268586e-01
   4.3884893e-01
   4.3213430e-01
