   2.8628232e-01
   3.6381709e-01
   4.6819087e-01
   5.8051688e-01
   6.8290257e-01
   7.6441351e-01
   8.1610336e-01
   8.3797216e-01
   8.3399603e-01
   8.1411530e-01
   7.8628231e-01
   7.5944332e-01
   7.3956261e-01
   7.2962227e-01
   7.2763418e-01
   7.3459244e-01
   7.4652085e-01
   7.6242545e-01
   7.8230615e-01
   8.0218686e-01
   8.2306163e-01
   8.4194830e-01
   8.5884691e-01
   8.7475148e-01
   8.8469184e-01
   8.9065605e-01
   8.9165008e-01
   8.8866798e-01
   8.8270377e-01
   8.7475148e-01
   8.6580517e-01
   8.5685884e-01
   8.4990060e-01
   8.4592446e-01
   8.4294234e-01
   8.4194830e-01
   8.4194830e-01
   8.3797216e-01
   8.3200794e-01
   8.1908547e-01
   8.0019882e-01
   7.7435388e-01
   7.4453281e-01
   7.1073557e-01
   6.7693836e-01
   6.4413519e-01
   6.1332008e-01
   5.8648111e-01
   5.6361830e-01
   5.4174950e-01
   5.2385686e-01
   5.0497018e-01
   4.8707754e-01
   4.6719681e-01
   4.4632207e-01
   4.2345924e-01
   3.9960239e-01
   3.7574552e-01
   3.5586481e-01
   3.4194831e-01
   3.3697812e-01
   3.4194831e-01
   3.5785288e-01
   3.8568589e-01
   4.2246522e-01
   4.6719681e-01
   5.1590458e-01
   5.6759443e-01
   6.1928431e-01
   6.6799205e-01
   7.1172961e-01
   7.4652087e-01
   7.7335984e-01
   7.8926442e-01
   7.9522862e-01
   7.9125248e-01
   7.7833002e-01
   7.5944334e-01
   7.3558647e-01
   7.0974154e-01
   6.7992047e-01
   6.4811132e-01
   6.1431411e-01
   5.7852883e-01
   5.4075546e-01
   5.0099402e-01
   4.6222664e-01
   4.2445327e-01
   3.9065606e-01
   3.6381709e-01
   3.4493042e-01
   3.3697814e-01
   3.3996024e-01
   3.5785288e-01
   3.8667992e-01
   4.2842943e-01
   4.7912525e-01
   5.3479126e-01
   5.9244531e-01
   6.4711729e-01
   6.9582506e-01
   7.3757454e-01
   7.6938371e-01
   7.8926439e-01
   7.9920476e-01
   7.9821075e-01
   7.8628229e-01
   7.6640158e-01
   7.3757454e-01
   7.0477137e-01
   6.6699800e-01
   6.3121272e-01
   5.9443340e-01
   5.6063619e-01
   5.2982106e-01
   5.0099402e-01
   4.7415507e-01
   4.4930417e-01
   4.2345926e-01
   3.9960239e-01
   3.7673956e-01
   3.5685885e-01
   3.4095428e-01
   3.2902587e-01
   3.2007951e-01
   3.1809144e-01
   3.2107357e-01
   3.2902584e-01
   3.4393640e-01
   3.6182902e-01
   3.8369782e-01
   4.0656063e-01
   4.2743540e-01
   4.4632207e-01
   4.6023855e-01
   4.6620280e-01
   4.6520877e-01
   4.5825050e-01
   4.4532801e-01
   4.2743540e-01
   4.0854870e-01
   3.8966205e-01
   3.7574552e-01
   3.6481112e-01
   3.6282305e-01
   3.6878728e-01
   3.8369780e-01
   4.0457256e-01
   4.3041750e-01
   4.5924452e-01
   4.8807156e-01
   5.1590458e-01
   5.4174950e-01
   5.6461233e-01
   5.8846920e-01
   6.1232604e-01
   6.3717692e-01
   6.6401592e-01
   6.8886680e-01
   7.1172961e-01
   7.2962227e-01
   7.4055667e-01
   7.4254474e-01
   7.3658051e-01
   7.2067594e-01
   6.9681907e-01
   6.6799205e-01
   6.3916501e-01
   6.1133201e-01
   5.9145130e-01
   5.8051690e-01
   5.8151094e-01
   5.9642147e-01
   6.2326042e-01
   6.5805169e-01
   6.9980120e-01
   7.4155068e-01
   7.8131212e-01
   8.1411530e-01
   8.3896620e-01
   8.5188867e-01
   8.5586480e-01
   8.4890654e-01
   8.3200794e-01
   8.0914512e-01
   7.8031809e-01
   7.5149107e-01
   7.2067594e-01
   6.9184890e-01
   6.6600398e-01
   6.4413519e-01
   6.2326042e-01
   6.0337973e-01
   5.8548707e-01
   5.6560636e-01
   5.4671969e-01
   5.2882705e-01
   5.1292246e-01
   5.0099405e-01
   4.9403578e-01
   4.9105368e-01
   4.9403578e-01
   5.0198808e-01
   5.1391649e-01
   5.2882703e-01
   5.4870776e-01
   5.6958250e-01
   5.9244531e-01
   6.1630218e-01
   6.3916499e-01
   6.6003976e-01
   6.7992047e-01
   6.9880716e-01
   7.1570574e-01
   7.3260435e-01
   7.4950298e-01
   7.6540755e-01
   7.8131212e-01
   7.9721669e-01
   8.1212723e-01
   8.2803180e-01
   8.4194830e-01
   8.5586480e-01
   8.6878725e-01
   8.7872764e-01
   8.8568588e-01
   8.8767395e-01
   8.8369779e-01
   8.7375747e-01
   8.5884691e-01
   8.3996023e-01
   8.1809146e-01
   7.9622266e-01
   7.7435388e-01
   7.5347914e-01
   7.3558647e-01
   7.1769384e-01
   7.0278330e-01
   6.8886677e-01
   6.7594433e-01
   6.6600398e-01
   6.5705765e-01
   6.4910536e-01
   6.4214712e-01
   6.3717692e-01
   6.3220675e-01
   6.2624255e-01
   6.1928431e-01
   6.1133201e-01
   6.0337971e-01
   5.9244531e-01
   5.8151094e-01
   5.6958250e-01
   5.5765407e-01
   5.4671967e-01
   5.3876739e-01
   5.3280319e-01
   5.3180915e-01
   5.3578527e-01
   5.4274353e-01
   5.5168986e-01
   5.6262424e-01
   5.7455267e-01
   5.8548707e-01
   5.9443340e-01
   6.0139164e-01
   6.0636182e-01
   6.0834991e-01
   6.0735587e-01
   6.0536780e-01
   6.0238568e-01
   6.0039761e-01
   6.0238568e-01
   6.1033795e-01
   6.2524851e-01
   6.4910538e-01
   6.8290259e-01
   7.2166997e-01
   7.6441351e-01
   8.0815109e-01
   8.4691849e-01
   8.7972165e-01
   9.0457257e-01
   9.2147116e-01
   9.2743538e-01
   9.2644135e-01
   9.1550695e-01
   8.9860832e-01
   8.7773358e-01
   8.5288270e-01
   8.2405566e-01
   7.9423459e-01
   7.6043738e-01
   7.2465210e-01
   6.8588467e-01
   6.4612325e-01
   6.0437375e-01
   5.6361827e-01
   5.2783299e-01
   4.9701789e-01
   4.7415505e-01
   4.6123261e-01
   4.5725645e-01
   4.6322068e-01
   4.7614314e-01
   4.9602385e-01
   5.1789265e-01
   5.4274353e-01
   5.6560634e-01
   5.8747516e-01
   6.0636182e-01
   6.1928431e-01
   6.2823061e-01
   6.3220675e-01
   6.3320079e-01
   6.3419484e-01
   6.3717695e-01
   6.4512922e-01
   6.5705765e-01
   6.7693836e-01
   7.0178926e-01
   7.3161034e-01
   7.6341948e-01
   7.9721669e-01
   8.3001987e-01
   8.6083498e-01
   8.8767395e-01
   9.0656062e-01
   9.1848908e-01
   9.2246519e-01
   9.1650099e-01
   9.0258448e-01
   8.7972167e-01
   8.5288268e-01
   8.2504970e-01
   7.9920476e-01
   7.7833002e-01
   7.6540755e-01
   7.6143141e-01
   7.6640160e-01
   7.8131212e-01
   8.0318092e-01
   8.2902583e-01
   8.5487077e-01
   8.7475148e-01
   8.8667991e-01
   8.8767395e-01
   8.7475150e-01
   8.4791253e-01
   8.1113319e-01
   7.6938369e-01
   7.2564611e-01
   6.8489064e-01
   6.4910536e-01
   6.2027834e-01
   6.0139164e-01
   5.8946323e-01
   5.8449304e-01
   5.8449304e-01
   5.8747514e-01
   5.9145130e-01
   5.9343937e-01
   5.9045724e-01
   5.8449304e-01
   5.7256460e-01
   5.5566600e-01
   5.3677932e-01
   5.1491053e-01
   4.9403578e-01
   4.7813121e-01
   4.6620278e-01
   4.6123261e-01
   4.6222664e-01
   4.7117295e-01
   4.8707754e-01
   5.0795229e-01
   5.3479126e-01
   5.6461233e-01
   5.9642145e-01
   6.2524849e-01
   6.5208748e-01
   6.7296222e-01
   6.8687871e-01
   6.9483100e-01
   6.9781313e-01
   6.9582504e-01
   6.9085486e-01
   6.8290257e-01
   6.7495029e-01
   6.6600398e-01
   6.5506958e-01
   6.4612325e-01
   6.3916501e-01
   6.3419484e-01
   6.3220675e-01
   6.3518888e-01
   6.4214712e-01
   6.5308149e-01
   6.6600396e-01
   6.8190856e-01
   6.9980117e-01
   7.1769384e-01
   7.3757454e-01
   7.5646124e-01
   7.7335984e-01
   7.8827038e-01
   8.0019882e-01
   8.0616302e-01
   8.0715706e-01
   8.0119283e-01
   7.9025845e-01
   7.7534791e-01
   7.5546718e-01
   7.3359841e-01
   7.1073557e-01
   6.8886680e-01
   6.6898609e-01
   6.5308152e-01
   6.4314115e-01
   6.3717692e-01
   6.3618289e-01
   6.3916499e-01
   6.4512922e-01
   6.5407553e-01
   6.6302186e-01
   6.7097416e-01
   6.8091450e-01
   6.9284293e-01
   7.0576540e-01
   7.2067594e-01
   7.3757454e-01
   7.5248510e-01
   7.6640158e-01
   7.7634195e-01
   7.8031809e-01
   7.8031809e-01
   7.7534791e-01
   7.6540755e-01
   7.5347911e-01
   7.3956261e-01
   7.2365804e-01
   7.0874750e-01
   6.9284293e-01
   6.7793240e-01
   6.6500993e-01
   6.5308152e-01
   6.4413519e-01
   6.3916501e-01
   6.3419482e-01
   6.3320081e-01
   6.3419482e-01
   6.3717695e-01
   6.4214710e-01
   6.4811132e-01
   6.5407555e-01
   6.5705765e-01
   6.5506956e-01
   6.4711729e-01
   6.3320079e-01
   6.1332008e-01
   5.8846918e-01
   5.6163023e-01
   5.3677932e-01
   5.1491055e-01
   5.0099402e-01
   4.9502982e-01
   4.9701789e-01
   5.0695825e-01
   5.2385686e-01
   5.4473160e-01
   5.6858847e-01
   5.9343937e-01
   6.1729621e-01
   6.3717692e-01
   6.5407555e-01
   6.6600396e-01
   6.7296222e-01
   6.7892643e-01
   6.8290259e-01
   6.8787276e-01
   6.9483102e-01
   7.0178926e-01
   7.0775349e-01
   7.1471171e-01
   7.1769384e-01
   7.1968190e-01
   7.1669980e-01
   7.0874753e-01
   6.9980117e-01
   6.8986083e-01
   6.7693836e-01
   6.6600396e-01
   6.5506958e-01
   6.4512922e-01
   6.3618289e-01
   6.3021868e-01
   6.2524851e-01
   6.2127235e-01
   6.2027834e-01
   6.1928431e-01
   6.1928431e-01
   6.2127235e-01
   6.2624252e-01
   6.3419484e-01
   6.4811132e-01
   6.6500995e-01
   6.8588469e-01
   7.0974156e-01
   7.3260437e-01
   7.5447315e-01
   7.7037774e-01
   7.8031809e-01
   7.8131212e-01
   7.7435386e-01
   7.5844929e-01
   7.3459244e-01
   7.0675944e-01
   6.7395626e-01
   6.4214712e-01
   6.1133201e-01
   5.8846920e-01
   5.7455267e-01
   5.7057654e-01
   5.7852881e-01
   5.9642147e-01
   6.2127237e-01
   6.4910536e-01
   6.7693836e-01
   6.9980120e-01
   7.1371770e-01
   7.1968190e-01
   7.1570577e-01
   7.0278330e-01
   6.8190853e-01
   6.5506958e-01
   6.2524851e-01
   5.9542744e-01
   5.6660040e-01
   5.4174950e-01
   5.1888669e-01
   5.0099405e-01
   4.8508945e-01
   4.7017894e-01
   4.5626243e-01
   4.4333997e-01
   4.3041750e-01
   4.1848906e-01
   4.0954276e-01
   4.0159046e-01
   3.9860833e-01
   3.9761432e-01
   3.9761432e-01
   4.0059642e-01
   4.0457256e-01
   4.0954276e-01
   4.1550696e-01
   4.2445327e-01
   4.3439364e-01
   4.4930417e-01
   4.6719683e-01
   4.8906561e-01
   5.1391651e-01
   5.4075546e-01
   5.7057656e-01
   6.0139164e-01
   6.3220675e-01
   6.6103379e-01
   6.8687873e-01
   7.0775347e-01
   7.2266401e-01
   7.2962225e-01
   7.3061628e-01
   7.2465210e-01
   7.1669980e-01
   7.0675946e-01
   6.9880716e-01
   6.9085486e-01
   6.8787276e-01
   6.8986083e-01
   6.9781313e-01
   7.1172963e-01
   7.2962225e-01
   7.5149105e-01
   7.7534791e-01
   7.9920476e-01
   8.1809146e-01
   8.3001987e-01
   8.3499004e-01
   8.3101392e-01
   8.1709742e-01
   7.9324055e-01
   7.6242545e-01
   7.2465208e-01
   6.8190856e-01
   6.3717692e-01
   5.9045727e-01
   5.4274355e-01
   4.9701791e-01
   4.5427437e-01
   4.1252486e-01
   3.7475149e-01
   3.3797217e-01
   3.0417494e-01
   2.7236580e-01
   2.4254475e-01
   2.1769385e-01
   2.0079524e-01
   1.9284297e-01
   1.9681910e-01
   2.1570578e-01
   2.4850895e-01
   2.9622267e-01
   3.5586481e-01
   4.2644136e-01
   5.0397613e-01
   5.8548709e-01
   6.6600398e-01
   7.4353877e-01
   8.1312128e-01
   8.7176937e-01
   9.1650099e-01
   9.4433399e-01
   9.5725644e-01
   9.5526837e-01
   9.3836978e-01
   9.1153081e-01
   8.7773360e-01
   8.3697813e-01
   7.9423459e-01
   7.5149105e-01
   7.1172963e-01
   6.7693838e-01
   6.4910536e-01
   6.2823061e-01
   6.1630220e-01
   6.1332008e-01
   6.1530815e-01
   6.2425448e-01
   6.3717695e-01
   6.5606362e-01
   6.7892645e-01
   7.0576540e-01
   7.3757457e-01
   7.7037772e-01
   8.0417495e-01
   8.3499004e-01
   8.6083498e-01
   8.7872764e-01
   8.8767395e-01
   8.8469184e-01
   8.7176937e-01
   8.4791253e-01
   8.1411530e-01
   7.7236581e-01
   7.2664014e-01
   6.7594433e-01
   6.2723658e-01
   5.8051690e-01
   5.3777336e-01
   5.0198808e-01
   4.7316104e-01
   4.5228628e-01
   4.3936381e-01
   4.3339960e-01
   4.3439364e-01
   4.4135190e-01
   4.5427437e-01
   4.7216701e-01
   4.9304175e-01
   5.1689862e-01
   5.4075548e-01
   5.6361830e-01
   5.8349900e-01
   5.9840954e-01
   6.0934394e-01
   6.1530815e-01
   6.1829027e-01
   6.1630218e-01
   6.1431411e-01
   6.1033797e-01
   6.0536780e-01
   6.0139164e-01
   6.0039763e-01
   5.9940358e-01
   6.0039761e-01
   6.0437375e-01
   6.0834991e-01
   6.1133201e-01
   6.1431411e-01
   6.1630218e-01
   6.1829027e-01
   6.2027832e-01
   6.2326042e-01
   6.3121272e-01
   6.4015903e-01
   6.5308152e-01
   6.6600396e-01
   6.7892643e-01
   6.9085486e-01
   6.9880716e-01
   7.0377733e-01
   7.0477137e-01
   7.0278330e-01
   6.9880714e-01
   6.9582506e-01
   6.9284293e-01
   6.9284293e-01
   6.9582506e-01
   7.0278330e-01
   7.1371768e-01
   7.2763420e-01
   7.4353875e-01
   7.5844931e-01
   7.7236579e-01
   7.8230615e-01
   7.8827036e-01
   7.9125246e-01
   7.9125246e-01
   7.9125246e-01
   7.9224652e-01
   7.9522862e-01
   8.0119283e-01
   8.0815109e-01
   8.1510933e-01
   8.2206759e-01
   8.2504970e-01
   8.2107356e-01
   8.0914512e-01
   7.8528826e-01
   7.5049701e-01
   7.0278330e-01
   6.4314115e-01
   5.7455267e-01
   5.0198808e-01
   4.3041748e-01
   3.6381709e-01
   3.0715707e-01
   2.6341949e-01
   2.3459245e-01
   2.1868788e-01
   2.1371771e-01
   2.1968191e-01
   2.3260438e-01
   2.5049702e-01
   2.7236580e-01
   2.9522863e-01
   3.2007953e-01
   3.4493044e-01
   3.6878728e-01
   3.9165009e-01
   4.1351889e-01
   4.3339960e-01
   4.5129224e-01
   4.6918488e-01
   4.8508945e-01
   5.0099402e-01
   5.1590458e-01
   5.3180915e-01
   5.4771370e-01
   5.6262426e-01
   5.7852883e-01
   5.9244533e-01
   6.0437375e-01
   6.1431411e-01
   6.1928428e-01
   6.1729621e-01
   6.1232604e-01
   6.0238568e-01
   5.8946323e-01
   5.7753478e-01
   5.6660040e-01
   5.6063619e-01
   5.6063619e-01
   5.6560636e-01
   5.7554673e-01
   5.9145128e-01
   6.1133199e-01
   6.3220675e-01
   6.5407555e-01
   6.7296222e-01
   6.8787276e-01
   6.9781310e-01
   6.9980117e-01
   6.9383697e-01
   6.8190856e-01
   6.6600396e-01
   6.5009941e-01
   6.3618291e-01
   6.2624255e-01
   6.2524851e-01
   6.2922465e-01
   6.4015905e-01
   6.5407555e-01
   6.6998012e-01
   6.8290257e-01
   6.9184890e-01
   6.9383697e-01
   6.8986083e-01
   6.7693836e-01
   6.5805169e-01
   6.3419482e-01
   6.1133201e-01
   5.8946321e-01
   5.7355864e-01
   5.6560636e-01
   5.6560634e-01
   5.7455267e-01
   5.8846918e-01
   6.0636184e-01
   6.2624255e-01
   6.4612328e-01
   6.6500995e-01
   6.8290257e-01
   7.0178926e-01
   7.2067594e-01
   7.4055667e-01
   7.6242545e-01
   7.8528826e-01
   8.0616302e-01
   8.2504970e-01
   8.4095427e-01
   8.4890656e-01
   8.4791253e-01
   8.3697813e-01
   8.1610336e-01
   7.8628229e-01
   7.4950298e-01
   7.1073559e-01
   6.7296222e-01
   6.4214712e-01
   6.1928431e-01
   6.0337971e-01
   5.9443340e-01
   5.8846918e-01
   5.8250497e-01
   5.7157057e-01
   5.5566600e-01
   5.3379722e-01
   5.0596422e-01
   4.7614314e-01
   4.4930417e-01
   4.2544731e-01
   4.0854870e-01
   4.0059642e-01
   4.0059642e-01
   4.0457256e-01
   4.1252486e-01
   4.2047713e-01
   4.2345924e-01
   4.2147117e-01
   4.1252486e-01
   3.9860836e-01
   3.8071572e-01
   3.6182902e-01
   3.4393638e-01
   3.3101391e-01
   3.2107355e-01
   3.1411533e-01
   3.1113320e-01
   3.0715705e-01
   3.0616301e-01
   3.0516898e-01
   3.0616303e-01
   3.1113320e-01
   3.2306164e-01
   3.3996024e-01
   3.6381709e-01
   3.9363816e-01
   4.2743540e-01
   4.6322068e-01
   4.9999999e-01
   5.3777334e-01
   5.7157057e-01
   6.0536778e-01
   6.3419484e-01
   6.6103379e-01
   6.8190856e-01
   6.9781310e-01
   7.0974154e-01
   7.1769384e-01
   7.2465208e-01
   7.3161034e-01
   7.4055665e-01
   7.5248508e-01
   7.6838965e-01
   7.8528826e-01
   8.0119285e-01
   8.1411530e-01
   8.2206759e-01
   8.2007952e-01
   8.0815109e-01
   7.8628229e-01
   7.5546718e-01
   7.2067594e-01
   6.8886680e-01
   6.6302186e-01
   6.5109343e-01
   6.5506958e-01
   6.7296222e-01
   7.0576540e-01
   7.4155068e-01
   7.7634195e-01
   7.9821073e-01
   8.0318092e-01
   7.8727635e-01
   7.5248508e-01
   6.9980120e-01
   6.3717695e-01
   5.7355866e-01
   5.1491053e-01
   4.6620278e-01
   4.3240557e-01
   4.1351889e-01
   4.0854870e-01
   4.1351889e-01
   4.2544731e-01
   4.4035786e-01
   4.5526840e-01
   4.6819087e-01
   4.7514911e-01
   4.7912525e-01
   4.7912525e-01
   4.7713718e-01
   4.7514911e-01
   4.7316102e-01
   4.7316102e-01
   4.7316104e-01
   4.7415505e-01
   4.7415505e-01
   4.7514911e-01
   4.7514909e-01
   4.7813121e-01
   4.8111331e-01
   4.8608349e-01
   4.9105368e-01
   4.9602385e-01
   5.0099402e-01
   5.0497018e-01
   5.0795229e-01
   5.0894632e-01
   5.1192844e-01
   5.1689862e-01
   5.2485089e-01
   5.3777336e-01
   5.5467196e-01
   5.7355864e-01
   5.9542742e-01
   6.1630218e-01
   6.3717692e-01
   6.5208748e-01
   6.6401589e-01
   6.6898607e-01
   6.6799205e-01
   6.6202783e-01
   6.5009941e-01
   6.3618289e-01
   6.2326044e-01
   6.1033797e-01
   6.0238570e-01
   5.9940358e-01
   6.0039761e-01
   6.0636184e-01
   6.1530815e-01
   6.2524851e-01
   6.3717692e-01
   6.5109343e-01
   6.6600396e-01
   6.7992047e-01
   6.9483100e-01
   7.0675944e-01
   7.1769384e-01
   7.2465208e-01
   7.2664014e-01
   7.2664017e-01
   7.2365806e-01
   7.1669978e-01
   7.0974156e-01
   7.0079523e-01
   6.8986083e-01
   6.7892645e-01
   6.6699800e-01
   6.5407555e-01
   6.4115308e-01
   6.3021868e-01
   6.1928431e-01
   6.1133201e-01
   6.0536780e-01
   6.0238568e-01
   6.0238568e-01
   6.0636184e-01
   6.1332008e-01
   6.2425448e-01
   6.3717695e-01
   6.4910538e-01
   6.6003976e-01
   6.6699802e-01
   6.6799203e-01
   6.6302186e-01
   6.5308149e-01
   6.4015905e-01
   6.2624255e-01
   6.1431411e-01
   6.0536778e-01
   6.0238568e-01
   6.0536778e-01
   6.1332008e-01
   6.2624255e-01
   6.4115306e-01
   6.5805169e-01
   6.7693836e-01
   6.9483100e-01
   7.1073557e-01
   7.2664014e-01
   7.3856860e-01
   7.4950298e-01
   7.5844929e-01
   7.6441351e-01
   7.7037772e-01
   7.7534789e-01
   7.7932405e-01
   7.8131212e-01
   7.8330019e-01
   7.8528826e-01
   7.8926439e-01
   7.9423459e-01
   8.0417495e-01
   8.1908549e-01
   8.3697813e-01
   8.5785287e-01
   8.7972167e-01
   8.9960238e-01
   9.1451292e-01
   9.2544729e-01
   9.3141152e-01
   9.3339959e-01
   9.3538766e-01
   9.3538766e-01
   9.3538766e-01
   9.3936382e-01
   9.4433397e-01
   9.5129223e-01
   9.6023856e-01
   9.6918487e-01
   9.7912524e-01
   9.8707753e-01
   9.9403577e-01
   9.9801191e-01
   1.0000000e+00
   9.9900597e-01
   9.9602384e-01
   9.9304174e-01
   9.9105367e-01
   9.8707753e-01
   9.8508944e-01
   9.8111330e-01
   9.7813120e-01
   9.7316103e-01
   9.6719682e-01
   9.6023854e-01
   9.5328030e-01
   9.4731609e-01
   9.3936382e-01
   9.3339959e-01
   9.2544732e-01
   9.1451292e-01
   9.0258448e-01
   8.8966201e-01
   8.7475148e-01
   8.6282307e-01
   8.5288270e-01
   8.4791251e-01
   8.4791251e-01
   8.5188864e-01
   8.5785289e-01
   8.6381710e-01
   8.6878727e-01
   8.6978131e-01
   8.6580517e-01
   8.5685886e-01
   8.3896620e-01
   8.1709742e-01
   7.8926439e-01
   7.5944334e-01
   7.2862823e-01
   7.0178924e-01
   6.7992049e-01
   6.6699802e-01
   6.6103379e-01
   6.6500993e-01
   6.7594433e-01
   6.8986083e-01
   7.0576540e-01
   7.2166997e-01
   7.3558647e-01
   7.4453278e-01
   7.4950298e-01
   7.4950298e-01
   7.4552684e-01
   7.3757454e-01
   7.2763420e-01
   7.1868787e-01
   7.0974154e-01
   7.0477137e-01
   7.0278330e-01
   7.0377731e-01
   7.0874750e-01
   7.1471171e-01
   7.2067594e-01
   7.2564611e-01
   7.2862823e-01
   7.3061630e-01
   7.3260437e-01
   7.3459244e-01
   7.3757457e-01
   7.4254472e-01
   7.4751491e-01
   7.5347911e-01
   7.5944334e-01
   7.6640158e-01
   7.7236581e-01
   7.7932405e-01
   7.8528828e-01
   7.9125248e-01
   7.9622266e-01
   7.9821073e-01
   7.9920476e-01
   7.9622266e-01
   7.9324055e-01
   7.8926442e-01
   7.8528826e-01
   7.8131212e-01
   7.8031809e-01
   7.8031809e-01
   7.8131214e-01
   7.8628229e-01
   7.9324053e-01
   8.0417493e-01
   8.1709740e-01
   8.3200796e-01
   8.4791251e-01
   8.6182901e-01
   8.7276341e-01
   8.8170972e-01
   8.8667991e-01
   8.8866800e-01
   8.8966201e-01
   8.8866798e-01
   8.8866798e-01
   8.8767397e-01
   8.8568588e-01
   8.8270375e-01
   8.7773358e-01
   8.7176937e-01
   8.6182903e-01
   8.5089463e-01
   8.3896620e-01
   8.2504970e-01
   8.0815109e-01
   7.9125248e-01
   7.7335984e-01
   7.5447317e-01
   7.3558647e-01
   7.1769384e-01
   7.0178924e-01
   6.8886680e-01
   6.7992047e-01
   6.7395626e-01
   6.7196819e-01
   6.7395626e-01
   6.8091450e-01
   6.9085486e-01
   7.0477137e-01
   7.1968190e-01
   7.3459244e-01
   7.4850894e-01
   7.5745527e-01
   7.6043738e-01
   7.5646124e-01
   7.4751491e-01
   7.3558650e-01
   7.2067596e-01
   7.0874750e-01
   6.9781313e-01
   6.9284295e-01
   6.9284293e-01
   6.9880716e-01
   7.0874750e-01
   7.2166997e-01
   7.3658051e-01
   7.5049701e-01
   7.6043738e-01
   7.6640158e-01
   7.6640160e-01
   7.6043736e-01
   7.4850894e-01
   7.3459244e-01
   7.1669978e-01
   7.0079521e-01
   6.8687873e-01
   6.7395626e-01
   6.6500993e-01
   6.5904572e-01
   6.5506958e-01
   6.5308152e-01
   6.5407553e-01
   6.5705765e-01
   6.6103379e-01
   6.6699802e-01
   6.7395626e-01
   6.8190853e-01
   6.8886680e-01
   6.9483102e-01
   7.0178926e-01
   7.0675944e-01
   7.1272366e-01
   7.1968190e-01
   7.2664017e-01
   7.3161032e-01
   7.3658051e-01
   7.4055665e-01
   7.4155068e-01
   7.4155070e-01
   7.3856860e-01
   7.3459244e-01
   7.2763420e-01
   7.1968190e-01
   7.1172963e-01
   7.0178926e-01
   6.9483102e-01
   6.9085489e-01
   6.9085489e-01
   6.9582506e-01
   7.0576540e-01
   7.2067594e-01
   7.3757457e-01
   7.5347911e-01
   7.6938369e-01
   7.8131212e-01
   7.8926442e-01
   7.9324055e-01
   7.9224652e-01
   7.8926439e-01
   7.8429422e-01
   7.7833002e-01
   7.7435388e-01
   7.7236579e-01
   7.7236581e-01
   7.7634195e-01
   7.8528828e-01
   7.9622266e-01
   8.1113319e-01
   8.2504970e-01
   8.3697811e-01
   8.4493040e-01
   8.4691847e-01
   8.4194830e-01
   8.3200796e-01
   8.1610339e-01
   7.9721669e-01
   7.7435388e-01
   7.5248508e-01
   7.3161034e-01
   7.1371768e-01
   6.9980120e-01
   6.9085486e-01
   6.8687873e-01
   6.8787276e-01
   6.9085486e-01
   6.9681907e-01
   6.9980117e-01
   7.0278328e-01
   7.0278330e-01
   7.0079523e-01
   6.9781310e-01
   6.9681907e-01
   6.9781310e-01
   7.0178926e-01
   7.1073559e-01
   7.2266403e-01
   7.3856860e-01
   7.5646124e-01
   7.7435386e-01
   7.9224650e-01
   8.0815109e-01
   8.1908547e-01
   8.2604373e-01
   8.2504970e-01
   8.1809146e-01
   8.0616300e-01
   7.9025845e-01
   7.7236579e-01
   7.5546718e-01
   7.3956261e-01
   7.2763420e-01
   7.2067594e-01
   7.1669980e-01
   7.1570577e-01
   7.1471173e-01
   7.1669980e-01
   7.1669978e-01
   7.1471171e-01
   7.1073559e-01
   7.0377733e-01
   6.9383697e-01
   6.7992047e-01
   6.6500995e-01
   6.4910538e-01
   6.3618289e-01
   6.2524851e-01
   6.2127237e-01
   6.2226639e-01
   6.2723658e-01
   6.3916499e-01
   6.5407555e-01
   6.7296222e-01
   6.9184890e-01
   7.1272364e-01
   7.3260435e-01
   7.5149105e-01
   7.6441351e-01
   7.7137178e-01
   7.7137178e-01
   7.6540755e-01
   7.5347911e-01
   7.3856858e-01
   7.2166997e-01
   7.0576540e-01
   6.9284295e-01
   6.8389662e-01
   6.7793240e-01
   6.7594435e-01
   6.7594433e-01
   6.7992047e-01
   6.8290259e-01
   6.8588469e-01
   6.8687873e-01
   6.8687873e-01
   6.8091452e-01
   6.7196819e-01
   6.5805169e-01
   6.4015903e-01
   6.1928428e-01
   5.9741551e-01
   5.7355866e-01
   5.5268390e-01
   5.3180915e-01
   5.1491055e-01
   5.0099405e-01
   4.9204771e-01
   4.8906559e-01
   4.9005965e-01
   4.9701789e-01
   5.0695825e-01
   5.1789263e-01
   5.2485089e-01
   5.2982106e-01
   5.2683898e-01
   5.1888669e-01
   5.0596420e-01
   4.8906561e-01
   4.7216701e-01
   4.5626241e-01
   4.4731610e-01
   4.4333994e-01
   4.4532804e-01
   4.5725647e-01
   4.7614314e-01
   5.0198808e-01
   5.3578529e-01
   5.7256460e-01
   6.1033797e-01
   6.4711731e-01
   6.7892645e-01
   7.0576540e-01
   7.2465208e-01
   7.3558647e-01
   7.3856858e-01
   7.3558647e-01
   7.2962225e-01
   7.1968190e-01
   7.0874750e-01
   6.9980120e-01
   6.9483100e-01
   6.9483102e-01
   6.9880716e-01
   7.0874750e-01
   7.2166997e-01
   7.3658051e-01
   7.4850892e-01
   7.5745525e-01
   7.6143141e-01
   7.6043736e-01
   7.5447315e-01
   7.4652085e-01
   7.3757454e-01
   7.3161034e-01
   7.2664017e-01
   7.2564613e-01
   7.2465208e-01
   7.2465208e-01
   7.2365804e-01
   7.2067594e-01
   7.1272364e-01
   7.0178926e-01
   6.8489064e-01
   6.6401589e-01
   6.3817098e-01
   6.1033797e-01
   5.8349900e-01
   5.5964216e-01
   5.4075546e-01
   5.2783299e-01
   5.2087475e-01
   5.1789265e-01
   5.1789263e-01
   5.1491053e-01
   5.0994038e-01
   5.0099405e-01
   4.8707754e-01
   4.7017894e-01
   4.5029821e-01
   4.3041750e-01
   4.1550696e-01
   4.0457258e-01
   4.0159046e-01
   4.0755469e-01
   4.2047713e-01
   4.4035784e-01
   4.6719683e-01
   4.9403580e-01
   5.1888669e-01
   5.4075546e-01
   5.5367793e-01
   5.5964216e-01
   5.5964216e-01
   5.5268390e-01
   5.4572563e-01
   5.3876739e-01
   5.3677930e-01
   5.4075546e-01
   5.5069583e-01
   5.6759443e-01
   5.9045727e-01
   6.1530815e-01
   6.4015905e-01
   6.6103379e-01
   6.7693836e-01
   6.8290257e-01
   6.7892643e-01
   6.6401589e-01
   6.4015903e-01
   6.1133201e-01
   5.8051690e-01
   5.5168984e-01
   5.2783302e-01
   5.1192842e-01
   5.0497018e-01
   5.0497016e-01
   5.1192844e-01
   5.2286282e-01
   5.3578529e-01
   5.4870776e-01
   5.5964216e-01
   5.6660040e-01
   5.7157057e-01
   5.6958250e-01
   5.6461233e-01
   5.5467196e-01
   5.4373757e-01
   5.2982108e-01
   5.1590458e-01
   5.0198806e-01
   4.9005965e-01
   4.7912525e-01
   4.6719681e-01
   4.5626243e-01
   4.4234593e-01
   4.2942346e-01
   4.1550696e-01
   4.0059642e-01
   3.8469185e-01
   3.6878726e-01
   3.5288271e-01
   3.3598408e-01
   3.2107355e-01
   3.0715707e-01
   2.9721672e-01
   2.9224653e-01
   2.9324056e-01
   3.0119284e-01
   3.1411531e-01
   3.3300198e-01
   3.5487078e-01
   3.7872765e-01
   4.0159046e-01
   4.2445327e-01
   4.4433400e-01
   4.6123261e-01
   4.7415507e-01
   4.8310138e-01
   4.8608349e-01
   4.8508945e-01
   4.8111331e-01
   4.7514911e-01
   4.6819087e-01
   4.6222664e-01
   4.6023855e-01
   4.6222664e-01
   4.6620280e-01
   4.7514911e-01
   4.8906561e-01
   5.0695825e-01
   5.2783299e-01
   5.5069583e-01
   5.7554673e-01
   5.9940358e-01
   6.2127235e-01
   6.3916499e-01
   6.5208746e-01
   6.6003976e-01
   6.6202783e-01
   6.6103379e-01
   6.5606362e-01
   6.4910538e-01
   6.4115306e-01
   6.3121272e-01
   6.2127237e-01
   6.1133201e-01
   6.0039761e-01
   5.9145128e-01
   5.8449304e-01
   5.7852883e-01
   5.7554673e-01
   5.7256463e-01
   5.7057654e-01
   5.6858847e-01
   5.6660040e-01
   5.6361830e-01
   5.6163021e-01
   5.6163021e-01
   5.6262426e-01
   5.6660040e-01
   5.7355864e-01
   5.8151094e-01
   5.9244531e-01
   6.0536778e-01
   6.2027834e-01
   6.3618291e-01
   6.5109345e-01
   6.6600396e-01
   6.7693838e-01
   6.8588469e-01
   6.9085486e-01
   6.9184892e-01
   6.9184890e-01
   6.9085486e-01
   6.9085486e-01
   6.9184890e-01
   6.9483102e-01
   6.9980120e-01
   7.0377733e-01
   7.0974156e-01
   7.1172961e-01
   7.1471173e-01
   7.1471173e-01
   7.1471173e-01
   7.1371770e-01
   7.1272366e-01
   7.1172963e-01
   7.1172963e-01
   7.1172963e-01
   7.1471173e-01
   7.1769384e-01
   7.2266401e-01
   7.2763418e-01
   7.3459244e-01
   7.3658051e-01
   7.3757457e-01
   7.3359841e-01
   7.2763420e-01
   7.1868787e-01
   7.0775347e-01
   6.9681907e-01
   6.8787276e-01
   6.7992049e-01
   6.7097416e-01
   6.6600398e-01
   6.5904572e-01
   6.5407555e-01
   6.4910536e-01
   6.4612325e-01
   6.4413519e-01
   6.4314115e-01
   6.4512922e-01
   6.4811132e-01
   6.5308152e-01
   6.6003976e-01
   6.6898607e-01
   6.7892643e-01
   6.8986083e-01
   7.0178926e-01
   7.1073559e-01
   7.1769384e-01
   7.2166997e-01
   7.2067594e-01
   7.1570577e-01
   7.1073559e-01
   7.0079521e-01
   6.9184890e-01
   6.8190856e-01
   6.7097413e-01
   6.6003976e-01
   6.4910538e-01
   6.3916501e-01
   6.2922465e-01
   6.2127237e-01
   6.1530815e-01
   6.1232604e-01
   6.1033797e-01
   6.0934394e-01
   6.0735587e-01
   6.0337973e-01
   5.9940358e-01
   5.9343937e-01
   5.8946321e-01
   5.8548707e-01
   5.8250497e-01
   5.8250497e-01
   5.8349900e-01
   5.8548707e-01
   5.8747516e-01
   5.8946321e-01
   5.9145130e-01
   5.9145130e-01
   5.8747514e-01
   5.8250497e-01
   5.7355864e-01
   5.6461231e-01
   5.5268390e-01
   5.4373757e-01
   5.3777336e-01
   5.3677932e-01
   5.4274353e-01
   5.5467196e-01
   5.7157057e-01
   5.9343935e-01
   6.1829025e-01
   6.4413519e-01
   6.7097413e-01
   6.9880716e-01
   7.2266401e-01
   7.4453281e-01
   7.6242545e-01
   7.7335982e-01
   7.7832999e-01
   7.7534791e-01
   7.6540755e-01
   7.4850894e-01
   7.2564611e-01
   6.9880716e-01
   6.6998010e-01
   6.4015905e-01
   6.1133201e-01
   5.8548707e-01
   5.6461231e-01
   5.4970179e-01
   5.4473162e-01
   5.4771372e-01
   5.6063617e-01
   5.7753478e-01
   5.9940358e-01
   6.2127237e-01
   6.4015905e-01
   6.5308152e-01
   6.6003976e-01
   6.6003976e-01
   6.5407555e-01
   6.4314115e-01
   6.2723658e-01
   6.1033795e-01
   5.9542742e-01
   5.8151094e-01
   5.7256460e-01
   5.6759443e-01
   5.6958250e-01
   5.7654076e-01
   5.8747516e-01
   5.9940358e-01
   6.1232604e-01
   6.2326042e-01
   6.3121272e-01
   6.3518888e-01
   6.3618291e-01
   6.3618291e-01
   6.3518885e-01
   6.3419482e-01
   6.3518885e-01
   6.3916501e-01
   6.4612325e-01
   6.5805169e-01
   6.7395626e-01
   6.9483102e-01
   7.1669980e-01
   7.4254472e-01
   7.6838965e-01
   7.9125246e-01
   8.1212723e-01
   8.3101390e-01
   8.4592446e-01
   8.6083498e-01
   8.7375747e-01
   8.8667991e-01
   9.0059641e-01
   9.1252485e-01
   9.2445328e-01
   9.3638169e-01
   9.4731609e-01
   9.5626242e-01
   9.6421470e-01
   9.7117296e-01
   9.7813120e-01
   9.8409543e-01
   9.8906560e-01
   9.9204770e-01
   9.9403577e-01
   9.9502983e-01
   9.9403577e-01
   9.9304174e-01
   9.9204770e-01
   9.8906560e-01
   9.8409543e-01
   9.7912524e-01
   9.7316103e-01
   9.6620277e-01
   9.5924451e-01
   9.5129223e-01
   9.4333996e-01
   9.3240556e-01
   9.2047714e-01
   9.0457255e-01
   8.8270377e-01
   8.5785287e-01
   8.2803180e-01
   7.9622266e-01
   7.6441351e-01
   7.3260437e-01
   7.0675944e-01
   6.8389662e-01
   6.6600396e-01
   6.5407555e-01
   6.4711729e-01
   6.4612328e-01
   6.5009941e-01
   6.5904572e-01
   6.6998010e-01
   6.8190856e-01
   6.9284293e-01
   7.0178924e-01
   7.0775347e-01
   7.1172963e-01
   7.1371770e-01
   7.1570574e-01
   7.1471173e-01
   7.1471173e-01
   7.1371770e-01
   7.1371770e-01
   7.1272364e-01
   7.1172963e-01
   7.1073559e-01
   7.1073559e-01
   7.1073557e-01
   7.1073557e-01
   7.1073559e-01
   7.0974154e-01
   7.0775349e-01
   7.0377733e-01
   6.9880716e-01
   6.9383697e-01
   6.8986083e-01
   6.8886680e-01
   6.9184892e-01
   6.9880716e-01
   7.1073557e-01
   7.2564611e-01
   7.4453281e-01
   7.6441351e-01
   7.8230615e-01
   7.9721671e-01
   8.0417493e-01
   8.0516899e-01
   7.9522862e-01
   7.7634193e-01
   7.5049701e-01
   7.1868787e-01
   6.8787276e-01
   6.5904572e-01
   6.3817096e-01
   6.2425448e-01
   6.1829025e-01
   6.2027832e-01
   6.2922465e-01
   6.4115308e-01
   6.5606360e-01
   6.6998012e-01
   6.8091452e-01
   6.8986083e-01
   6.9383697e-01
   6.9582504e-01
   6.9582504e-01
   6.9582506e-01
   6.9582504e-01
   6.9781313e-01
   7.0477137e-01
   7.1570577e-01
   7.2862823e-01
   7.4353877e-01
   7.5646122e-01
   7.6540755e-01
   7.6938369e-01
   7.6640158e-01
   7.5646124e-01
   7.4353877e-01
   7.2564613e-01
   7.0675944e-01
   6.8687873e-01
   6.6699802e-01
   6.4711729e-01
   6.2823061e-01
   6.0636182e-01
   5.8548707e-01
   5.6063617e-01
   5.3379722e-01
   5.0596422e-01
   4.7614314e-01
   4.4731610e-01
   4.2246520e-01
   4.0357853e-01
   3.9363818e-01
   3.9165009e-01
   3.9761432e-01
   4.0954276e-01
   4.2445327e-01
   4.3936383e-01
   4.4930417e-01
   4.5725645e-01
   4.5924454e-01
   4.5825048e-01
   4.5626243e-01
   4.5526840e-01
   4.5526840e-01
   4.5725647e-01
   4.6023855e-01
   4.6322068e-01
   4.6421471e-01
   4.6123261e-01
   4.5328031e-01
   4.3836977e-01
   4.1650100e-01
   3.8767396e-01
   3.5188868e-01
   3.1113323e-01
   2.6640162e-01
   2.2067595e-01
   1.7495030e-01
   1.3320080e-01
   9.4433393e-02
   6.1630216e-02
   3.3797233e-02
   1.3916502e-02
   1.9880687e-03
   0.0000000e+00
   8.9463308e-03
   2.7833005e-02
   5.7654079e-02
   9.8409552e-02
   1.4512923e-01
   1.9781312e-01
   2.5447318e-01
   3.1113320e-01
   3.7077535e-01
   4.2842943e-01
   4.8508945e-01
   5.3976143e-01
   5.9045724e-01
   6.3419484e-01
   6.7097413e-01
   6.9880716e-01
   7.1769384e-01
   7.2664017e-01
   7.2664014e-01
   7.2067594e-01
   7.1073559e-01
   6.9880716e-01
   6.8687873e-01
   6.7793240e-01
   6.7296220e-01
   6.7196819e-01
   6.7395626e-01
   6.7793240e-01
   6.7992049e-01
   6.7892645e-01
   6.6898609e-01
   6.5208748e-01
   6.2723658e-01
   5.9741551e-01
   5.6759443e-01
   5.4075548e-01
   5.2186879e-01
   5.1491055e-01
   5.1888669e-01
   5.3578529e-01
   5.6063619e-01
   5.9244533e-01
   6.2425448e-01
   6.5506956e-01
   6.7992047e-01
   6.9781313e-01
   7.0675944e-01
   7.0775349e-01
   7.0278330e-01
   6.9383699e-01
   6.8588469e-01
   6.7892645e-01
   6.7892645e-01
   6.8290257e-01
   6.9184892e-01
   7.0477137e-01
   7.1769384e-01
   7.3061630e-01
   7.3956261e-01
   7.4453281e-01
   7.4751491e-01
   7.4751491e-01
   7.4552684e-01
   7.4453278e-01
   7.4453281e-01
   7.4453281e-01
   7.4652087e-01
   7.5149105e-01
   7.5546721e-01
   7.6143141e-01
   7.6540755e-01
   7.7037774e-01
   7.7236581e-01
   7.7137175e-01
   7.6640158e-01
   7.5944334e-01
   7.5049701e-01
   7.3956261e-01
   7.2664017e-01
   7.1471171e-01
   7.0278330e-01
   6.8986083e-01
   6.7693836e-01
   6.6500995e-01
   6.5407555e-01
   6.4612325e-01
   6.4015905e-01
   6.3916501e-01
   6.4115308e-01
   6.4512922e-01
   6.5109343e-01
   6.5705765e-01
   6.6103379e-01
   6.6401589e-01
   6.6500993e-01
   6.6500995e-01
   6.6401589e-01
   6.6302186e-01
   6.6302186e-01
   6.6600396e-01
   6.7097416e-01
   6.7793240e-01
   6.8986083e-01
   7.0278330e-01
   7.1769384e-01
   7.3260437e-01
   7.4850894e-01
   7.6242545e-01
   7.7534791e-01
   7.8727635e-01
   7.9721669e-01
   8.0815109e-01
   8.1809146e-01
   8.3001987e-01
   8.4194830e-01
   8.5288270e-01
   8.6282304e-01
   8.6878727e-01
   8.7276341e-01
   8.7574551e-01
   8.7574551e-01
   8.7773358e-01
   8.8071571e-01
   8.8469184e-01
   8.9065607e-01
   8.9662026e-01
   9.0357852e-01
   9.0854871e-01
   9.1053678e-01
   9.0854869e-01
   9.0159045e-01
   8.8866800e-01
   8.7077534e-01
   8.4990058e-01
   8.2703776e-01
   8.0616302e-01
   7.8926442e-01
   7.8230615e-01
   7.8528828e-01
   7.9821073e-01
   8.1908549e-01
   8.4691847e-01
   8.7673955e-01
   9.0556659e-01
   9.2942345e-01
   9.4532802e-01
   9.5228626e-01
   9.5228629e-01
   9.4532802e-01
   9.3439365e-01
   9.2246519e-01
   9.0954274e-01
   8.9960238e-01
   8.9363815e-01
   8.9264412e-01
   8.9264414e-01
   8.9562624e-01
   8.9860835e-01
   8.9662028e-01
   8.9264414e-01
   8.8469184e-01
   8.7276341e-01
   8.5884691e-01
   8.4592444e-01
   8.3598407e-01
   8.2902583e-01
   8.2504970e-01
   8.2405566e-01
   8.2504970e-01
   8.2504970e-01
   8.2405566e-01
   8.2405566e-01
   8.2107356e-01
   8.1908549e-01
   8.1709740e-01
   8.1411530e-01
   8.1113319e-01
   8.0914512e-01
   8.0616302e-01
   8.0417493e-01
   8.0119283e-01
   7.9721671e-01
   7.9324055e-01
   7.8727635e-01
   7.7932405e-01
   7.7137175e-01
   7.6441351e-01
   7.6043738e-01
   7.5844931e-01
   7.6043738e-01
   7.6640158e-01
   7.7335984e-01
   7.8131212e-01
   7.8528828e-01
   7.8628231e-01
   7.8131212e-01
   7.7137175e-01
   7.5646124e-01
   7.4055665e-01
   7.2266403e-01
   7.0675944e-01
   6.9184892e-01
   6.8190853e-01
   6.7495029e-01
   6.7296222e-01
   6.7495029e-01
   6.7992047e-01
   6.8787276e-01
   6.9681909e-01
   7.0477137e-01
   7.1371768e-01
   7.2067594e-01
   7.2564613e-01
   7.2962227e-01
   7.2962225e-01
   7.2862823e-01
   7.2564613e-01
   7.2166997e-01
   7.1570574e-01
   7.1073557e-01
   7.0675946e-01
   7.0477137e-01
   7.0675944e-01
   7.1272366e-01
   7.2365804e-01
   7.3558647e-01
   7.4850894e-01
   7.6043736e-01
   7.6838965e-01
   7.7236579e-01
   7.7037772e-01
   7.6640158e-01
   7.5844929e-01
   7.4850894e-01
   7.3856858e-01
   7.2962227e-01
   7.2266401e-01
   7.1570577e-01
   7.0974156e-01
   7.0576540e-01
   7.0278330e-01
   7.0079521e-01
   6.9880714e-01
   6.9483102e-01
   6.9184890e-01
   6.8687873e-01
   6.8389662e-01
   6.8190853e-01
   6.8290259e-01
   6.8687871e-01
   6.9781313e-01
   7.0974154e-01
   7.2365804e-01
   7.3956261e-01
   7.5248508e-01
   7.6143141e-01
   7.6838965e-01
   7.6938371e-01
   7.6739562e-01
   7.6143141e-01
   7.5347911e-01
   7.4453281e-01
   7.3558647e-01
   7.2862821e-01
   7.2266401e-01
   7.1968190e-01
   7.1868787e-01
   7.2266401e-01
   7.2962227e-01
   7.3757454e-01
   7.4850894e-01
   7.6043736e-01
   7.7335984e-01
   7.8926439e-01
   8.0516899e-01
   8.2206759e-01
   8.3896620e-01
   8.5387674e-01
   8.6282304e-01
   8.6679920e-01
   8.6381708e-01
   8.5288270e-01
   8.3697813e-01
   8.1610339e-01
   7.9423459e-01
   7.7137178e-01
   7.4850894e-01
   7.2763418e-01
   7.0874750e-01
   6.9284293e-01
   6.7992047e-01
   6.6998012e-01
   6.6302188e-01
   6.5805169e-01
   6.5606362e-01
   6.5606362e-01
   6.5805169e-01
   6.6202783e-01
   6.6898607e-01
   6.7693836e-01
   6.8588469e-01
   6.9383697e-01
   7.0079523e-01
   7.0477137e-01
   7.0775347e-01
   7.0874750e-01
   7.0974154e-01
   7.1371770e-01
   7.2067594e-01
   7.3459244e-01
   7.5248508e-01
   7.7335984e-01
   7.9423459e-01
   8.1312126e-01
   8.2504970e-01
   8.3101390e-01
   8.2703776e-01
   8.1610336e-01
   7.9920476e-01
   7.8131212e-01
   7.6341948e-01
   7.4850892e-01
   7.3856860e-01
   7.3459244e-01
   7.3757454e-01
   7.4552684e-01
   7.5745525e-01
   7.7037774e-01
   7.8429422e-01
   7.9522862e-01
   8.0218686e-01
   8.0516897e-01
   8.0516899e-01
   8.0119283e-01
   7.9622266e-01
   7.8926439e-01
   7.8131212e-01
   7.7435388e-01
   7.6640158e-01
   7.5944334e-01
   7.5447315e-01
   7.5149105e-01
   7.5149105e-01
   7.5447317e-01
   7.6043738e-01
   7.6739562e-01
   7.7435388e-01
   7.7833002e-01
   7.7932405e-01
   7.7833002e-01
   7.7435386e-01
   7.7137175e-01
   7.6938369e-01
   7.7137175e-01
   7.7634193e-01
   7.8528826e-01
   7.9622266e-01
   8.0815109e-01
   8.1908549e-01
   8.2405566e-01
   8.2405566e-01
   8.1411532e-01
   7.9522862e-01
   7.6838965e-01
   7.3459244e-01
   6.9781310e-01
   6.6103379e-01
   6.2922465e-01
   6.0536778e-01
   5.9045727e-01
   5.8648111e-01
   5.9045724e-01
   5.9940358e-01
   6.1232604e-01
   6.2226641e-01
   6.3021868e-01
   6.3518888e-01
   6.3518885e-01
   6.3419484e-01
   6.3220677e-01
   6.3021868e-01
   6.2922465e-01
   6.3121272e-01
   6.3419482e-01
   6.3717695e-01
   6.4015905e-01
   6.4314115e-01
   6.4115306e-01
   6.3618289e-01
   6.2624255e-01
   6.1332008e-01
   5.9840954e-01
   5.8349900e-01
   5.7057654e-01
   5.6063619e-01
   5.5566600e-01
   5.5268390e-01
   5.5268390e-01
   5.5268390e-01
   5.5367793e-01
   5.5367793e-01
   5.5566602e-01
   5.6063617e-01
   5.6858847e-01
   5.8051690e-01
   5.9741551e-01
   6.1829025e-01
   6.4115308e-01
   6.6202783e-01
   6.7793240e-01
   6.8886680e-01
   6.8886680e-01
   6.7992047e-01
   6.6202783e-01
   6.3717695e-01
   6.0735585e-01
   5.7852881e-01
   5.5367793e-01
   5.3777336e-01
   5.3379720e-01
   5.4473162e-01
   5.6759443e-01
   6.0139164e-01
   6.4214712e-01
   6.8588469e-01
   7.2763418e-01
   7.6640158e-01
   7.9920476e-01
   8.2703776e-01
   8.4791253e-01
   8.6580515e-01
   8.7773358e-01
   8.8667991e-01
   8.9264412e-01
   8.9363815e-01
   8.9165008e-01
   8.8866800e-01
   8.8270377e-01
   8.7673955e-01
   8.7077534e-01
   8.6679920e-01
   8.6381710e-01
   8.6580517e-01
   8.6978131e-01
   8.7673955e-01
   8.8469184e-01
   8.9264414e-01
   8.9860835e-01
   8.9960238e-01
   8.9761431e-01
   8.8866798e-01
   8.7574553e-01
   8.5984096e-01
   8.4393637e-01
   8.3001987e-01
   8.2007952e-01
   8.1510935e-01
   8.1212723e-01
   8.1212723e-01
   8.1411530e-01
   8.1510933e-01
   8.1411530e-01
   8.1312126e-01
   8.0914512e-01
   8.0417495e-01
   7.9721669e-01
   7.9125248e-01
   7.8429422e-01
   7.7932405e-01
   7.7733598e-01
   7.7832999e-01
   7.8429422e-01
   7.9423459e-01
   8.0715706e-01
   8.2306163e-01
   8.3797216e-01
   8.5188867e-01
   8.6381710e-01
   8.7077534e-01
   8.7276341e-01
   8.6679920e-01
   8.5685886e-01
   8.3996023e-01
   8.1809143e-01
   7.9125248e-01
   7.6242545e-01
   7.3459244e-01
   7.1073557e-01
   6.9383699e-01
   6.8389662e-01
   6.8190856e-01
   6.8588469e-01
   6.9781310e-01
   7.1172963e-01
   7.2664014e-01
   7.4353877e-01
   7.5844929e-01
   7.7137178e-01
   7.8131212e-01
   7.8926439e-01
   7.9224652e-01
   7.9025845e-01
   7.8628231e-01
   7.7932405e-01
   7.7335982e-01
   7.6540755e-01
   7.6043736e-01
   7.5745527e-01
   7.5844931e-01
   7.6143139e-01
   7.6640158e-01
   7.7435386e-01
   7.8131212e-01
   7.8926439e-01
   7.9522862e-01
   7.9821075e-01
   7.9721669e-01
   7.9025845e-01
   7.7932405e-01
   7.6540755e-01
   7.4950298e-01
   7.3260437e-01
   7.1868785e-01
   7.0974156e-01
   7.0477137e-01
   7.0675946e-01
   7.1172961e-01
   7.1968190e-01
   7.2962225e-01
   7.4055665e-01
   7.5149105e-01
   7.6441351e-01
   7.7832999e-01
   7.9125248e-01
   8.0417493e-01
   8.1809146e-01
   8.3101390e-01
   8.4294234e-01
   8.5387674e-01
   8.6083498e-01
   8.6481113e-01
   8.6381710e-01
   8.5586480e-01
   8.3996023e-01
   8.1610336e-01
   7.8727633e-01
   7.5447315e-01
   7.2166997e-01
   6.9184890e-01
   6.6600398e-01
   6.4811134e-01
   6.3618289e-01
   6.3220675e-01
   6.3220675e-01
   6.3817098e-01
   6.4612328e-01
   6.5705763e-01
   6.6799203e-01
   6.7992049e-01
   6.8986083e-01
   6.9880716e-01
   7.0675944e-01
   7.1272366e-01
   7.1669980e-01
   7.1968190e-01
   7.1968190e-01
   7.1570577e-01
   7.0974154e-01
   6.9880716e-01
   6.8290259e-01
   6.6401589e-01
   6.4115308e-01
   6.1829027e-01
   5.9642147e-01
   5.7952287e-01
   5.6958250e-01
   5.6660040e-01
   5.7157057e-01
   5.8548707e-01
   6.0536778e-01
   6.3220675e-01
   6.6202783e-01
   6.9383697e-01
   7.2465208e-01
   7.5347911e-01
   7.7733598e-01
   7.9423459e-01
   8.0516899e-01
   8.1013916e-01
   8.1013916e-01
   8.0417495e-01
   7.9721669e-01
   7.8727635e-01
   7.7634193e-01
   7.6341948e-01
   7.4950298e-01
   7.3359841e-01
   7.1570577e-01
   6.9880714e-01
   6.7992047e-01
   6.6103379e-01
   6.4413519e-01
   6.2723656e-01
   6.1431411e-01
   6.0437375e-01
   5.9940358e-01
   6.0039761e-01
   6.0735585e-01
   6.1829025e-01
   6.3518888e-01
   6.5109345e-01
   6.6699800e-01
   6.7992047e-01
   6.8787276e-01
   6.9184890e-01
   6.9184890e-01
   6.9284293e-01
   6.9483100e-01
   6.9980117e-01
   7.1073559e-01
   7.2664014e-01
   7.4453278e-01
   7.6540755e-01
   7.8727633e-01
   8.0616302e-01
   8.2206757e-01
   8.3300199e-01
   8.3797216e-01
   8.3996023e-01
   8.3598407e-01
   8.3001987e-01
   8.2306163e-01
   8.1709742e-01
   8.1312126e-01
   8.1312126e-01
   8.1610336e-01
   8.1908547e-01
   8.2107356e-01
   8.2206759e-01
   8.1809143e-01
   8.0914512e-01
   7.9622266e-01
   7.7932405e-01
   7.6043736e-01
   7.3956263e-01
   7.1769384e-01
   6.9681909e-01
   6.7793240e-01
   6.6103379e-01
   6.4910538e-01
   6.4015903e-01
   6.3817098e-01
   6.3916501e-01
   6.4413519e-01
   6.5009941e-01
   6.5606362e-01
   6.6202783e-01
   6.6401592e-01
   6.6302186e-01
   6.5705765e-01
   6.4711729e-01
   6.3121272e-01
   6.1232604e-01
   5.8846918e-01
   5.6163023e-01
   5.3479123e-01
   5.0994035e-01
   4.9005965e-01
   4.7614314e-01
   4.6819087e-01
   4.6819085e-01
   4.7614314e-01
   4.8807158e-01
   5.0397613e-01
   5.2385686e-01
   5.4572566e-01
   5.6660038e-01
   5.8846920e-01
   6.0834988e-01
   6.2723658e-01
   6.4115308e-01
   6.5109345e-01
   6.5805169e-01
   6.6302186e-01
   6.6401589e-01
   6.6500993e-01
   6.6699800e-01
   6.6998012e-01
   6.7395626e-01
