   4.7511849e-01
   4.9763034e-01
   5.2014215e-01
   5.3672986e-01
   5.4265402e-01
   5.3672986e-01
   5.1895734e-01
   4.8933648e-01
   4.5379146e-01
   4.1587680e-01
   3.8388624e-01
   3.6018957e-01
   3.4715639e-01
   3.4952605e-01
   3.6255923e-01
   3.8625591e-01
   4.1824643e-01
   4.5379146e-01
   4.8815165e-01
   5.2014218e-01
   5.4502368e-01
   5.6161136e-01
   5.6635069e-01
   5.6042653e-01
   5.4620854e-01
   5.2369667e-01
   4.9644550e-01
   4.7037914e-01
   4.4668244e-01
   4.3127962e-01
   4.2535543e-01
   4.3246445e-01
   4.5142179e-01
   4.8104263e-01
   5.2132701e-01
   5.6516586e-01
   6.0900474e-01
   6.4928909e-01
   6.8009476e-01
   7.0023696e-01
   7.0971565e-01
   7.0853081e-01
   6.9668246e-01
   6.8246445e-01
   6.6706160e-01
   6.5165876e-01
   6.4099524e-01
   6.3507110e-01
   6.3151658e-01
   6.3151658e-01
   6.3270141e-01
   6.3270141e-01
   6.2914691e-01
   6.2322275e-01
   6.1492892e-01
   6.0189572e-01
   5.9004739e-01
   5.7819904e-01
   5.7109005e-01
   5.6635069e-01
   5.6753555e-01
   5.7464455e-01
   5.8530804e-01
   5.9952608e-01
   6.1611373e-01
   6.3270141e-01
   6.4691943e-01
   6.5995261e-01
   6.6706160e-01
   6.6943127e-01
   6.6587677e-01
   6.5758292e-01
   6.4454976e-01
   6.2559242e-01
   6.0426538e-01
   5.8056871e-01
   5.5805687e-01
   5.3317533e-01
   5.0947866e-01
   4.8459715e-01
   4.6090048e-01
   4.3601895e-01
   4.0995261e-01
   3.8388624e-01
   3.5545024e-01
   3.2819904e-01
   3.0331754e-01
   2.8080569e-01
   2.6303318e-01
   2.4999997e-01
   2.4289101e-01
   2.4052134e-01
   2.4407581e-01
   2.5118483e-01
   2.6066352e-01
   2.7251184e-01
   2.8554502e-01
   2.9739335e-01
   3.0924170e-01
   3.1990522e-01
   3.2938387e-01
   3.3886253e-01
   3.4834122e-01
   3.5663507e-01
   3.6492890e-01
   3.7203789e-01
   3.8033175e-01
   3.8507110e-01
   3.8862560e-01
   3.9099524e-01
   3.8981041e-01
   3.8744077e-01
   3.8151658e-01
   3.7440758e-01
   3.6611373e-01
   3.5545024e-01
   3.4478672e-01
   3.3293837e-01
   3.2464455e-01
   3.1753552e-01
   3.1398103e-01
   3.1279620e-01
   3.1753552e-01
   3.2582938e-01
   3.4004739e-01
   3.5545024e-01
   3.7322273e-01
   3.9336490e-01
   4.1232227e-01
   4.2890995e-01
   4.4194311e-01
   4.4668246e-01
   4.4431277e-01
   4.3127959e-01
   4.1113744e-01
   3.8270141e-01
   3.4834122e-01
   3.1279620e-01
   2.7843600e-01
   2.4881514e-01
   2.2867296e-01
   2.1800947e-01
   2.1800947e-01
   2.2867296e-01
   2.4644550e-01
   2.7251184e-01
   2.9976301e-01
   3.3056871e-01
   3.5900474e-01
   3.8744077e-01
   4.1232227e-01
   4.3364928e-01
   4.5260663e-01
   4.6800947e-01
   4.7867299e-01
   4.8459715e-01
   4.8696682e-01
   4.8222746e-01
   4.7156397e-01
   4.5497629e-01
   4.3483411e-01
   4.1350710e-01
   3.9218007e-01
   3.7440756e-01
   3.6137440e-01
   3.5426538e-01
   3.5189572e-01
   3.5308055e-01
   3.5663507e-01
   3.6018957e-01
   3.6374407e-01
   3.6611376e-01
   3.6848340e-01
   3.7203789e-01
   3.7559242e-01
   3.8507108e-01
   3.9810426e-01
   4.1350708e-01
   4.3246445e-01
   4.5260663e-01
   4.6800947e-01
   4.7630330e-01
   4.7511847e-01
   4.6208531e-01
   4.3838861e-01
   4.0402842e-01
   3.6611373e-01
   3.2582938e-01
   2.9146919e-01
   2.6658765e-01
   2.5473933e-01
   2.5592416e-01
   2.7132701e-01
   2.9502368e-01
   3.2701421e-01
   3.6137440e-01
   3.9336490e-01
   4.2180096e-01
   4.4312797e-01
   4.5616112e-01
   4.6208529e-01
   4.6208531e-01
   4.6090048e-01
   4.5853079e-01
   4.5497629e-01
   4.5379146e-01
   4.5497629e-01
   4.5734598e-01
   4.6090048e-01
   4.6208529e-01
   4.6208529e-01
   4.5971562e-01
   4.5379148e-01
   4.4549763e-01
   4.3601895e-01
   4.2535543e-01
   4.1350710e-01
   4.0047392e-01
   3.9099524e-01
   3.8388624e-01
   3.7914691e-01
   3.8151658e-01
   3.8862560e-01
   4.0284359e-01
   4.2298579e-01
   4.4786730e-01
   4.7511849e-01
   5.0355450e-01
   5.2843600e-01
   5.4976301e-01
   5.6279620e-01
   5.6635069e-01
   5.6279620e-01
   5.4857818e-01
   5.2488151e-01
   4.9644548e-01
   4.6327014e-01
   4.2772512e-01
   3.9336493e-01
   3.6137440e-01
   3.3412323e-01
   3.1398105e-01
   2.9857818e-01
   2.8672986e-01
   2.7843603e-01
   2.7132701e-01
   2.6303316e-01
   2.5355450e-01
   2.3815165e-01
   2.2037914e-01
   1.9905213e-01
   1.7535543e-01
   1.5284359e-01
   1.3388624e-01
   1.2085309e-01
   1.1848340e-01
   1.2677725e-01
   1.4691943e-01
   1.7654029e-01
   2.1682464e-01
   2.6066349e-01
   3.0568720e-01
   3.4715641e-01
   3.8270141e-01
   4.0639811e-01
   4.1943127e-01
   4.2180093e-01
   4.1232227e-01
   3.9810426e-01
   3.7677725e-01
   3.5663505e-01
   3.4004737e-01
   3.2938387e-01
   3.2582938e-01
   3.3056873e-01
   3.4360189e-01
   3.6255923e-01
   3.8744074e-01
   4.1350710e-01
   4.3957344e-01
   4.6208531e-01
   4.8104263e-01
   4.9644550e-01
   5.0592416e-01
   5.1303318e-01
   5.1658765e-01
   5.2132701e-01
   5.2725120e-01
   5.3672986e-01
   5.4976304e-01
   5.6635072e-01
   5.8649287e-01
   6.0900474e-01
   6.2914691e-01
   6.4810426e-01
   6.6113744e-01
   6.6706160e-01
   6.6587677e-01
   6.5995261e-01
   6.4810423e-01
   6.3625591e-01
   6.2322275e-01
   6.1137440e-01
   6.0545021e-01
   6.0189572e-01
   6.0189572e-01
   6.0545024e-01
   6.1018957e-01
   6.1492890e-01
   6.1611373e-01
   6.1492890e-01
   6.0900474e-01
   5.9834124e-01
   5.8412320e-01
   5.6635072e-01
   5.4739335e-01
   5.2606634e-01
   5.0710899e-01
   4.9170615e-01
   4.7867299e-01
   4.7037914e-01
   4.6800947e-01
   4.6919431e-01
   4.7393364e-01
   4.7985780e-01
   4.8459715e-01
   4.8578199e-01
   4.8104266e-01
   4.6682464e-01
   4.4312794e-01
   4.1113744e-01
   3.7085309e-01
   3.2819904e-01
   2.8672986e-01
   2.4881517e-01
   2.2274880e-01
   2.0734596e-01
   2.0497632e-01
   2.1563981e-01
   2.3696684e-01
   2.6421799e-01
   2.9620854e-01
   3.3056871e-01
   3.6255923e-01
   3.9218010e-01
   4.2180093e-01
   4.5023696e-01
   4.7748813e-01
   5.0710902e-01
   5.3909950e-01
   5.7345971e-01
   6.0900471e-01
   6.4454973e-01
   6.7417060e-01
   6.9786730e-01
   7.1327012e-01
   7.1919431e-01
   7.1800947e-01
   7.0853079e-01
   6.9549763e-01
   6.8009476e-01
   6.6469194e-01
   6.5165876e-01
   6.4218007e-01
   6.3507110e-01
   6.3033175e-01
   6.2322275e-01
   6.1374407e-01
   5.9834122e-01
   5.7582935e-01
   5.4739335e-01
   5.1066352e-01
   4.7156397e-01
   4.3246445e-01
   3.9691943e-01
   3.6848340e-01
   3.5308057e-01
   3.5189574e-01
   3.6611373e-01
   3.9336490e-01
   4.3483411e-01
   4.8222749e-01
   5.3554502e-01
   5.9004739e-01
   6.3981043e-01
   6.8246442e-01
   7.1563981e-01
   7.3933648e-01
   7.5000000e-01
   7.4999997e-01
   7.4170615e-01
   7.2630330e-01
   7.0497629e-01
   6.8246445e-01
   6.5995261e-01
   6.4099526e-01
   6.2796208e-01
   6.2085309e-01
   6.1966825e-01
   6.2440758e-01
   6.3625591e-01
   6.5047392e-01
   6.6706160e-01
   6.8364928e-01
   6.9786730e-01
   7.0971562e-01
   7.1445498e-01
   7.1682464e-01
   7.1682464e-01
   7.1327012e-01
   7.1090045e-01
   7.0971565e-01
   7.0971562e-01
   7.1208529e-01
   7.1682464e-01
   7.1919431e-01
   7.2156397e-01
   7.1919431e-01
   7.1090045e-01
   6.9786727e-01
   6.8009478e-01
   6.5758292e-01
   6.3270141e-01
   6.0781990e-01
   5.8530806e-01
   5.6516586e-01
   5.4739335e-01
   5.3199050e-01
   5.1777249e-01
   5.0236966e-01
   4.8222749e-01
   4.5616112e-01
   4.2180093e-01
   3.8033175e-01
   3.3175357e-01
   2.7962084e-01
   2.2630333e-01
   1.7417062e-01
   1.2677725e-01
   8.6492895e-02
   5.3317536e-02
   2.8436004e-02
   1.1848324e-02
   3.5544972e-03
   0.0000000e+00
   2.3696648e-03
   9.4786592e-03
   2.2511842e-02
   4.1469186e-02
   6.5165886e-02
   9.7156387e-02
   1.3388624e-01
   1.7535545e-01
   2.2037914e-01
   2.6777251e-01
   3.1516589e-01
   3.5900474e-01
   3.9691943e-01
   4.2890995e-01
   4.5260663e-01
   4.7037914e-01
   4.8222749e-01
   4.9170615e-01
   5.0000000e-01
   5.0829383e-01
   5.1777249e-01
   5.3080569e-01
   5.4502371e-01
   5.5924170e-01
   5.7582938e-01
   5.9360189e-01
   6.0900474e-01
   6.2322273e-01
   6.3744074e-01
   6.5047392e-01
   6.6232227e-01
   6.7298579e-01
   6.8483411e-01
   6.9431277e-01
   7.0497629e-01
   7.1563981e-01
   7.2393364e-01
   7.2985780e-01
   7.3341229e-01
   7.3459713e-01
   7.3459715e-01
   7.3104263e-01
   7.2511849e-01
   7.1800945e-01
   7.0971565e-01
   6.9905213e-01
   6.9194311e-01
   6.8483411e-01
   6.8009478e-01
   6.7890993e-01
   6.8246445e-01
   6.8957344e-01
   6.9905213e-01
   7.1090045e-01
   7.2274880e-01
   7.3104263e-01
   7.3933648e-01
   7.4526067e-01
   7.5000000e-01
   7.5236966e-01
   7.5829383e-01
   7.6658768e-01
   7.7843600e-01
   7.9383885e-01
   8.1161136e-01
   8.2938387e-01
   8.4597155e-01
   8.5900471e-01
   8.6492890e-01
   8.6255923e-01
   8.4952605e-01
   8.2938387e-01
   7.9857818e-01
   7.6184832e-01
   7.2274880e-01
   6.8246445e-01
   6.4573459e-01
   6.1255923e-01
   5.8886253e-01
   5.7109002e-01
   5.5924170e-01
   5.5450234e-01
   5.5331754e-01
   5.5687203e-01
   5.6161136e-01
   5.6753555e-01
   5.7464455e-01
   5.8293837e-01
   5.9123220e-01
   6.0426538e-01
   6.1611373e-01
   6.2677722e-01
   6.3625593e-01
   6.4218010e-01
   6.4218007e-01
   6.3388624e-01
   6.1848340e-01
   5.9834122e-01
   5.7464455e-01
   5.4976304e-01
   5.2962084e-01
   5.1658768e-01
   5.1303318e-01
   5.1895732e-01
   5.3317536e-01
   5.5450237e-01
   5.7938387e-01
   6.0189574e-01
   6.2203789e-01
   6.3744077e-01
   6.4928909e-01
   6.5876778e-01
   6.6587677e-01
   6.7654026e-01
   6.9075828e-01
   7.0734596e-01
   7.2748813e-01
   7.4881514e-01
   7.6658765e-01
   7.7843600e-01
   7.8436017e-01
   7.7962086e-01
   7.6658768e-01
   7.4526064e-01
   7.2156397e-01
   6.9668244e-01
   6.7654026e-01
   6.6113744e-01
   6.5639811e-01
   6.5758292e-01
   6.6587677e-01
   6.7890993e-01
   6.9312794e-01
   7.0379146e-01
   7.1090048e-01
   7.1208529e-01
   7.0853079e-01
   7.0023694e-01
   6.8838861e-01
   6.7417062e-01
   6.5995261e-01
   6.4454976e-01
   6.2914691e-01
   6.1492890e-01
   6.0071088e-01
   5.8412323e-01
   5.6635069e-01
   5.4739335e-01
   5.2606634e-01
   5.0592416e-01
   4.8815165e-01
   4.7274880e-01
   4.6208529e-01
   4.5734598e-01
   4.5971565e-01
   4.6563981e-01
   4.7274883e-01
   4.8104263e-01
   4.8696682e-01
   4.8933648e-01
   4.8696682e-01
   4.8222749e-01
   4.7511847e-01
   4.6800947e-01
   4.6445498e-01
   4.6563981e-01
   4.7274883e-01
   4.8815165e-01
   5.0829383e-01
   5.3554502e-01
   5.6398103e-01
   5.9241706e-01
   6.1966823e-01
   6.4099526e-01
   6.5402842e-01
   6.5995261e-01
   6.5639808e-01
   6.4691940e-01
   6.3270141e-01
   6.1729856e-01
   5.9952605e-01
   5.8175354e-01
   5.6516586e-01
   5.4857818e-01
   5.2962084e-01
   5.0710902e-01
   4.8104263e-01
   4.4905213e-01
   4.1113744e-01
   3.7085306e-01
   3.2819904e-01
   2.8791469e-01
   2.5236966e-01
   2.2748813e-01
   2.1563981e-01
   2.1682464e-01
   2.3222749e-01
   2.6066349e-01
   2.9739337e-01
   3.3649290e-01
   3.7677725e-01
   4.0995258e-01
   4.3601895e-01
   4.5142179e-01
   4.5853081e-01
   4.5734596e-01
   4.5142179e-01
   4.4549763e-01
   4.4075828e-01
   4.3838864e-01
   4.4194313e-01
   4.4905213e-01
   4.5616112e-01
   4.6445498e-01
   4.6800947e-01
   4.6919431e-01
   4.6445498e-01
   4.5616115e-01
   4.4668244e-01
   4.3601895e-01
   4.3009478e-01
   4.2890995e-01
   4.3483411e-01
   4.4549763e-01
   4.6090045e-01
   4.7630333e-01
   4.9052131e-01
   5.0000000e-01
   5.0236966e-01
   4.9526064e-01
   4.8341232e-01
   4.6445498e-01
   4.4194313e-01
   4.1824643e-01
   3.9691943e-01
   3.7677725e-01
   3.6374407e-01
   3.5426538e-01
   3.5071091e-01
   3.5189572e-01
   3.5545024e-01
   3.6255923e-01
   3.6966825e-01
   3.7322275e-01
   3.7559242e-01
   3.7203792e-01
   3.6374407e-01
   3.5189574e-01
   3.3412320e-01
   3.1635069e-01
   2.9620852e-01
   2.7843603e-01
   2.6540285e-01
   2.5592416e-01
   2.5473933e-01
   2.5947866e-01
   2.7251184e-01
   2.9028435e-01
   3.1516589e-01
   3.4123222e-01
   3.6848340e-01
   3.9454976e-01
   4.1469194e-01
   4.3009478e-01
   4.3957347e-01
   4.4431280e-01
   4.4194311e-01
   4.3364928e-01
   4.2417060e-01
   4.1350710e-01
   4.0758294e-01
   4.0758294e-01
   4.1943129e-01
   4.4312794e-01
   4.7748816e-01
   5.2132701e-01
   5.6872038e-01
   6.1492890e-01
   6.5402842e-01
   6.8009478e-01
   6.9075828e-01
   6.8601895e-01
   6.6824643e-01
   6.3981041e-01
   6.0781990e-01
   5.7819904e-01
   5.5687203e-01
   5.4265402e-01
   5.3909952e-01
   5.4265402e-01
   5.4739335e-01
   5.5331754e-01
   5.5331754e-01
   5.4502368e-01
   5.2962086e-01
   5.1066349e-01
   4.8815165e-01
   4.7274880e-01
   4.6682461e-01
   4.7511847e-01
   5.0000000e-01
   5.4265402e-01
   5.9952608e-01
   6.6706158e-01
   7.3933646e-01
   8.1042653e-01
   8.7559239e-01
   9.2890995e-01
   9.6919431e-01
   9.9170615e-01
   9.9881517e-01
   9.9052131e-01
   9.6682464e-01
   9.3246442e-01
   8.8981041e-01
   8.4123220e-01
   7.9265402e-01
   7.4407581e-01
   6.9905213e-01
   6.5995258e-01
   6.2559239e-01
   5.9834122e-01
   5.7701421e-01
   5.6398103e-01
   5.5450234e-01
   5.5094787e-01
   5.5331754e-01
   5.6042656e-01
   5.7109005e-01
   5.8886256e-01
   6.0781990e-01
   6.3270141e-01
   6.5876778e-01
   6.8601895e-01
   7.1208529e-01
   7.3578199e-01
   7.5355450e-01
   7.6540285e-01
   7.6895734e-01
   7.6421799e-01
   7.5236966e-01
   7.3578199e-01
   7.1563981e-01
   6.9668246e-01
   6.8127962e-01
   6.7061610e-01
   6.6706160e-01
   6.7298576e-01
   6.8483411e-01
   7.0260663e-01
   7.2393364e-01
   7.4407581e-01
   7.6184832e-01
   7.7251184e-01
   7.7606634e-01
   7.6895734e-01
   7.5355450e-01
   7.2985782e-01
   7.0142177e-01
   6.6943127e-01
   6.3625591e-01
   6.0308055e-01
   5.7227485e-01
   5.4620852e-01
   5.2369667e-01
   5.0710899e-01
   4.9644550e-01
   4.9289098e-01
   4.9407581e-01
   5.0000000e-01
   5.0947866e-01
   5.2014218e-01
   5.2843600e-01
   5.3317533e-01
   5.3436019e-01
   5.3080569e-01
   5.2369667e-01
   5.1658768e-01
   5.1184835e-01
   5.0947869e-01
   5.1540285e-01
   5.2843600e-01
   5.4976301e-01
   5.7701421e-01
   6.0663507e-01
   6.3625591e-01
   6.6232227e-01
   6.8364928e-01
   6.9905213e-01
   7.0616112e-01
   7.0853079e-01
   7.0734596e-01
   7.0260660e-01
   6.9786727e-01
   6.9312794e-01
   6.8957344e-01
   6.8483411e-01
   6.8009478e-01
   6.7654026e-01
   6.7417062e-01
   6.7654026e-01
   6.8127959e-01
   6.9312794e-01
   7.0971562e-01
   7.3341229e-01
   7.6066349e-01
   7.9146919e-01
   8.2109005e-01
   8.4952605e-01
   8.7322275e-01
   8.9099526e-01
   9.0165876e-01
   9.0639811e-01
   9.0639811e-01
   9.0165876e-01
   8.9336493e-01
   8.8507108e-01
   8.7796208e-01
   8.7203792e-01
   8.6848342e-01
   8.6848340e-01
   8.6966823e-01
   8.7440758e-01
   8.8151658e-01
   8.9099524e-01
   9.0402845e-01
   9.1824643e-01
   9.3483411e-01
   9.5142179e-01
   9.6800947e-01
   9.8341229e-01
   9.9407581e-01
   1.0000000e+00
   9.9763031e-01
   9.9170615e-01
   9.8104266e-01
   9.6800945e-01
   9.5497629e-01
   9.4549761e-01
   9.4194311e-01
   9.4194311e-01
   9.4905213e-01
   9.5971562e-01
   9.7274880e-01
   9.8459715e-01
   9.9170615e-01
   9.9526064e-01
   9.9289098e-01
   9.8578199e-01
   9.7511847e-01
   9.6445495e-01
   9.5260660e-01
   9.4549763e-01
   9.3957344e-01
   9.3483411e-01
   9.3127959e-01
   9.2535545e-01
   9.1587674e-01
   9.0284359e-01
   8.8625591e-01
   8.6611373e-01
   8.4478672e-01
   8.2701421e-01
   8.1398103e-01
   8.0687201e-01
   8.0687203e-01
   8.1516589e-01
   8.2819904e-01
   8.4597153e-01
   8.6492890e-01
   8.8151658e-01
   8.9336490e-01
   9.0165876e-01
   9.0165876e-01
   8.9454973e-01
   8.8033172e-01
   8.6255923e-01
   8.4241706e-01
   8.1990519e-01
   8.0094785e-01
   7.8436019e-01
   7.7369667e-01
   7.6303318e-01
   7.5473933e-01
   7.4763031e-01
   7.3696682e-01
   7.2274880e-01
   7.0379146e-01
   6.7890995e-01
   6.4928909e-01
   6.1492890e-01
   5.7938387e-01
   5.4383885e-01
   5.1066349e-01
   4.8104266e-01
   4.5734598e-01
   4.3720378e-01
   4.2180093e-01
   4.0758294e-01
   3.9454976e-01
   3.8270141e-01
   3.7203792e-01
   3.6374407e-01
   3.5900474e-01
   3.6137443e-01
   3.7085309e-01
   3.8507110e-01
   4.0876778e-01
   4.3601895e-01
   4.6445498e-01
   4.9289098e-01
   5.1540282e-01
   5.3199053e-01
   5.4028435e-01
   5.3791469e-01
   5.2962084e-01
   5.1540285e-01
   4.9644550e-01
   4.7748813e-01
   4.6208531e-01
   4.4905213e-01
   4.4312797e-01
   4.4431280e-01
   4.5023696e-01
   4.5971562e-01
   4.7156400e-01
   4.8222749e-01
   4.9289101e-01
   5.0473933e-01
   5.1540285e-01
   5.2843603e-01
   5.4502371e-01
   5.6398103e-01
   5.8649287e-01
   6.1137440e-01
   6.3507108e-01
   6.5521325e-01
   6.6824643e-01
   6.7417060e-01
   6.6824643e-01
   6.5047395e-01
   6.2677725e-01
   5.9834122e-01
   5.6872036e-01
   5.4383888e-01
   5.2725117e-01
   5.2251182e-01
   5.3080569e-01
   5.4976304e-01
   5.7938387e-01
   6.1492890e-01
   6.5284359e-01
   6.8957344e-01
   7.2393364e-01
   7.5000000e-01
   7.7014218e-01
   7.8199053e-01
   7.8317533e-01
   7.7843600e-01
   7.6421801e-01
   7.4526067e-01
   7.1919431e-01
   6.8838861e-01
   6.5639808e-01
   6.2322275e-01
   5.9123222e-01
   5.6161136e-01
   5.3791466e-01
   5.1895732e-01
   5.0710899e-01
   5.0355450e-01
   5.0710899e-01
   5.1658765e-01
   5.3080569e-01
   5.4739337e-01
   5.6635069e-01
   5.8056871e-01
   5.9123220e-01
   5.9597155e-01
   5.9597155e-01
   5.8886253e-01
   5.7701421e-01
   5.6398105e-01
   5.4976304e-01
   5.3554502e-01
   5.2488153e-01
   5.1777251e-01
   5.1421801e-01
   5.1658768e-01
   5.2251184e-01
   5.3199050e-01
   5.4383885e-01
   5.5568720e-01
   5.6516586e-01
   5.7109005e-01
   5.6872038e-01
   5.6161136e-01
   5.4739335e-01
   5.2369667e-01
   4.9644550e-01
   4.6563981e-01
   4.3601895e-01
   4.0639811e-01
   3.8033175e-01
   3.6018957e-01
   3.4478672e-01
   3.3530804e-01
   3.2938390e-01
   3.2701421e-01
   3.2582938e-01
   3.2582938e-01
   3.2701421e-01
   3.3412320e-01
   3.4360189e-01
   3.5900474e-01
   3.8151658e-01
   4.0758294e-01
   4.3957347e-01
   4.7037914e-01
   4.9763031e-01
   5.2132701e-01
   5.3909952e-01
   5.5094785e-01
   5.5687203e-01
   5.6161136e-01
   5.6398103e-01
   5.6872038e-01
   5.7582938e-01
   5.8649287e-01
   5.9478672e-01
   6.0308055e-01
   6.0545021e-01
   6.0308057e-01
   5.9123222e-01
   5.7582938e-01
   5.5568720e-01
   5.3436019e-01
   5.1421801e-01
   4.9881517e-01
   4.9052131e-01
   4.8815165e-01
   4.9052131e-01
   4.9170615e-01
   4.9170615e-01
   4.8578199e-01
   4.7156397e-01
   4.5023696e-01
   4.2298576e-01
   3.9573459e-01
   3.7203792e-01
   3.5545024e-01
   3.4952605e-01
   3.5545024e-01
   3.7085306e-01
   3.9099526e-01
   4.1113744e-01
   4.3009478e-01
   4.4075830e-01
   4.4075828e-01
   4.3127962e-01
   4.1232227e-01
   3.8862557e-01
   3.6255923e-01
   3.3767773e-01
   3.1635072e-01
   2.9976301e-01
   2.8672986e-01
   2.7725117e-01
   2.6895734e-01
   2.5829383e-01
   2.4526067e-01
   2.3104266e-01
   2.1682464e-01
   2.0497632e-01
   1.9905213e-01
   2.0260663e-01
   2.1445498e-01
   2.3578199e-01
   2.6540285e-01
   2.9976304e-01
   3.3412320e-01
   3.6729856e-01
   3.9336493e-01
   4.1350710e-01
   4.2535543e-01
   4.3009478e-01
   4.3127962e-01
   4.2772512e-01
   4.2417062e-01
   4.2180093e-01
   4.2180093e-01
   4.2298576e-01
   4.2654029e-01
   4.2890995e-01
   4.3246445e-01
   4.3483411e-01
   4.3483414e-01
   4.3483414e-01
   4.3483411e-01
   4.3720378e-01
   4.4194313e-01
   4.5023696e-01
   4.6090045e-01
   4.7630330e-01
   4.9289098e-01
   5.0829383e-01
   5.2251184e-01
   5.3199053e-01
   5.3909952e-01
   5.4146919e-01
   5.4028435e-01
   5.3672986e-01
   5.3199053e-01
   5.2843603e-01
   5.2725117e-01
   5.3080569e-01
   5.3672986e-01
   5.4739335e-01
   5.6161136e-01
   5.7701421e-01
   5.9123222e-01
   6.0189572e-01
   6.0900474e-01
   6.0663507e-01
   5.9952605e-01
   5.8293837e-01
   5.6279620e-01
   5.4028435e-01
   5.1540282e-01
   4.9170615e-01
   4.6919431e-01
   4.5379148e-01
   4.4431280e-01
   4.4075830e-01
   4.4075830e-01
   4.4668246e-01
   4.5616112e-01
   4.6682464e-01
   4.7630333e-01
   4.8578199e-01
   4.9407581e-01
   5.0118483e-01
   5.0829383e-01
   5.1658768e-01
   5.2606634e-01
   5.3909952e-01
   5.5094787e-01
   5.6398103e-01
   5.7582938e-01
   5.8175354e-01
   5.8530806e-01
   5.8530804e-01
   5.8293837e-01
   5.7938387e-01
   5.7819904e-01
   5.8175354e-01
   5.9241703e-01
   6.0781988e-01
   6.2914689e-01
   6.5284359e-01
   6.7654026e-01
   6.9431280e-01
   7.0260663e-01
   6.9905213e-01
   6.8364926e-01
   6.5639811e-01
   6.1966823e-01
   5.7701421e-01
   5.3672986e-01
   5.0118483e-01
   4.7511849e-01
   4.6563981e-01
   4.6919431e-01
   4.8933648e-01
   5.2251184e-01
   5.6398103e-01
   6.0900474e-01
   6.5165876e-01
   6.8838864e-01
   7.1090045e-01
   7.1919431e-01
   7.1090045e-01
   6.8957344e-01
   6.5639811e-01
   6.1848340e-01
   5.8293840e-01
   5.5331754e-01
   5.3436019e-01
   5.3199053e-01
   5.4265402e-01
   5.6635069e-01
   5.9952605e-01
   6.3625591e-01
   6.7061610e-01
   6.9905213e-01
   7.1563978e-01
   7.2156397e-01
   7.1682461e-01
   7.0260663e-01
   6.8483411e-01
   6.6587677e-01
   6.5165876e-01
   6.4573459e-01
   6.4691940e-01
   6.5521325e-01
   6.6943127e-01
   6.8127962e-01
   6.9075830e-01
   6.9075828e-01
   6.8246445e-01
   6.6350708e-01
   6.3625593e-01
   6.0545021e-01
   5.7582938e-01
   5.5094787e-01
   5.3554502e-01
   5.3080567e-01
   5.4028435e-01
   5.5924170e-01
   5.8649290e-01
   6.1492890e-01
   6.4218007e-01
   6.6350710e-01
   6.7535543e-01
   6.7654029e-01
   6.6706160e-01
   6.5047392e-01
   6.3033175e-01
   6.1018954e-01
   5.9360186e-01
   5.8293837e-01
   5.8056871e-01
   5.8293840e-01
   5.9123222e-01
   6.0071091e-01
   6.0900474e-01
   6.1374407e-01
   6.1255923e-01
   6.0308057e-01
   5.8530804e-01
   5.6042653e-01
   5.3199050e-01
   4.9999997e-01
   4.6800947e-01
   4.3838861e-01
   4.1469194e-01
   3.9691943e-01
   3.8744074e-01
   3.8625591e-01
   3.8862560e-01
   3.9810426e-01
   4.0995261e-01
   4.2298576e-01
   4.3483411e-01
   4.4549763e-01
   4.5497629e-01
   4.5853079e-01
   4.6208529e-01
   4.6090045e-01
   4.5853079e-01
   4.5497629e-01
   4.5023696e-01
   4.4786730e-01
   4.4549761e-01
   4.4431280e-01
   4.4786730e-01
   4.5260663e-01
   4.6208531e-01
   4.7274880e-01
   4.8815165e-01
   5.0710899e-01
   5.2843600e-01
   5.5213268e-01
   5.7819904e-01
   6.0308057e-01
   6.2677725e-01
   6.4928909e-01
   6.6706160e-01
   6.8009478e-01
   6.8838861e-01
   6.9194311e-01
   6.9075828e-01
   6.8601895e-01
   6.8009478e-01
   6.7180093e-01
   6.6350708e-01
   6.5639808e-01
   6.5284359e-01
   6.4928909e-01
   6.4928906e-01
   6.4928909e-01
   6.5047392e-01
   6.5165876e-01
   6.5165876e-01
   6.5402845e-01
   6.5639808e-01
   6.6350710e-01
   6.7298579e-01
   6.8957344e-01
   7.0971562e-01
   7.3341229e-01
   7.5947866e-01
   7.8554502e-01
   8.0805687e-01
   8.2464452e-01
   8.3530804e-01
   8.3886256e-01
   8.3530804e-01
   8.2701421e-01
   8.1635069e-01
   8.0450237e-01
   7.9739337e-01
   7.9265402e-01
   7.9383885e-01
   7.9739335e-01
   8.0568717e-01
   8.1279620e-01
   8.1753555e-01
   8.1635069e-01
   8.0924170e-01
   7.9620852e-01
   7.7962084e-01
   7.6066349e-01
   7.4407581e-01
   7.3104263e-01
   7.2511847e-01
   7.2630330e-01
   7.3459715e-01
   7.4881514e-01
   7.6540285e-01
   7.8317533e-01
   7.9739335e-01
   8.0450237e-01
   8.0450234e-01
   7.9857818e-01
   7.8317536e-01
   7.6184832e-01
   7.3578196e-01
   7.0971562e-01
   6.8364928e-01
   6.5995261e-01
   6.3744074e-01
   6.1848342e-01
   6.0071091e-01
   5.8530806e-01
   5.6753552e-01
   5.4620852e-01
   5.2014218e-01
   4.9052134e-01
   4.5734596e-01
   4.2061610e-01
   3.8507110e-01
   3.5189574e-01
   3.2582938e-01
   3.1042653e-01
   3.0568720e-01
   3.1279620e-01
   3.2938390e-01
   3.5545024e-01
   3.8625593e-01
   4.2180093e-01
   4.5379146e-01
   4.8459715e-01
   5.1303318e-01
   5.3672983e-01
   5.5687203e-01
   5.7345971e-01
   5.8649290e-01
   5.9715639e-01
   6.0426541e-01
   6.0900471e-01
   6.0781988e-01
   6.0071091e-01
   5.9004737e-01
   5.7582935e-01
   5.5568720e-01
   5.3436017e-01
   5.1066352e-01
   4.8933648e-01
   4.7037914e-01
   4.5616112e-01
   4.4786730e-01
   4.4905213e-01
   4.5616112e-01
   4.7156397e-01
   4.9052131e-01
   5.1303316e-01
   5.3554502e-01
   5.5687203e-01
   5.7227488e-01
   5.8175354e-01
   5.8412323e-01
   5.8056871e-01
   5.6872036e-01
   5.5213268e-01
   5.3317536e-01
   5.1421801e-01
   4.9526067e-01
   4.7748816e-01
   4.6563981e-01
   4.5379146e-01
   4.4549763e-01
   4.3838861e-01
   4.2890995e-01
   4.2061610e-01
   4.0995261e-01
   4.0047392e-01
   3.9218010e-01
   3.8625591e-01
   3.8388624e-01
   3.8625591e-01
   3.9336493e-01
   4.0402845e-01
   4.1706160e-01
   4.2772509e-01
   4.3720378e-01
   4.4312794e-01
   4.4431280e-01
   4.4075830e-01
   4.3009478e-01
   4.1469194e-01
   3.9573459e-01
   3.7322275e-01
   3.5071088e-01
   3.2819904e-01
   3.1042653e-01
   2.9857821e-01
   2.9265402e-01
   2.9739337e-01
   3.0805687e-01
   3.2701421e-01
   3.5189572e-01
   3.7677725e-01
   4.0047392e-01
   4.1706160e-01
   4.2535543e-01
   4.2061613e-01
   4.0402845e-01
   3.7440758e-01
   3.3767773e-01
   2.9620852e-01
   2.5355450e-01
   2.1682464e-01
   1.8720378e-01
   1.6943127e-01
   1.6232227e-01
   1.6469194e-01
   1.7654029e-01
   1.9431277e-01
   2.1563981e-01
   2.3933648e-01
   2.6540285e-01
   2.9383885e-01
   3.2345971e-01
   3.5663507e-01
   3.8981043e-01
   4.2654029e-01
   4.6327014e-01
   4.9763034e-01
   5.2843600e-01
   5.5213268e-01
   5.6635072e-01
   5.6990519e-01
   5.6161136e-01
   5.4146919e-01
   5.1421801e-01
   4.7985780e-01
   4.4431280e-01
   4.0758294e-01
   3.7677725e-01
   3.4952608e-01
   3.3056873e-01
   3.1872038e-01
   3.1279620e-01
   3.1042653e-01
   3.1161136e-01
   3.1398103e-01
   3.1753555e-01
   3.2109005e-01
   3.2582938e-01
   3.3056871e-01
   3.3886253e-01
   3.5308055e-01
   3.7203789e-01
   3.9691943e-01
   4.2772512e-01
   4.6327012e-01
   5.0000000e-01
   5.3436019e-01
   5.6398103e-01
   5.8412323e-01
   5.9360189e-01
   5.9241703e-01
   5.7701421e-01
   5.5213270e-01
   5.2014218e-01
   4.8104266e-01
   4.3957347e-01
   3.9928909e-01
   3.6137440e-01
   3.3175354e-01
   3.0805687e-01
   2.9383888e-01
   2.8909952e-01
   2.9146919e-01
   3.0094785e-01
   3.1516589e-01
   3.3056871e-01
   3.4834124e-01
   3.6374407e-01
   3.7796208e-01
   3.8862560e-01
   3.9454973e-01
   3.9573459e-01
   3.9218010e-01
   3.8507108e-01
   3.7203792e-01
   3.5781990e-01
   3.4004737e-01
   3.2109005e-01
   3.0213270e-01
   2.8436019e-01
   2.6895734e-01
   2.5473933e-01
   2.4289098e-01
   2.3459715e-01
   2.2985780e-01
   2.2867296e-01
   2.2985782e-01
   2.3578199e-01
   2.4763031e-01
   2.6184832e-01
   2.7962084e-01
   3.0213268e-01
   3.3056873e-01
   3.6018957e-01
   3.9218010e-01
   4.2417062e-01
   4.5260663e-01
   4.7630333e-01
   4.9289101e-01
   5.0000000e-01
   4.9881514e-01
   4.9170615e-01
   4.7985782e-01
   4.6563981e-01
   4.5260663e-01
   4.4312797e-01
   4.4194313e-01
   4.5023696e-01
   4.6563981e-01
   4.9052131e-01
   5.2251184e-01
   5.6042656e-01
   6.0189574e-01
   6.4218010e-01
   6.8009478e-01
   7.1090045e-01
   7.3341232e-01
   7.4644548e-01
   7.4763031e-01
   7.4052131e-01
   7.2393364e-01
   7.0142177e-01
   6.7417060e-01
   6.4573457e-01
   6.1611376e-01
   5.8767773e-01
   5.5924170e-01
   5.3317536e-01
   5.0829383e-01
   4.8459715e-01
   4.6208531e-01
   4.4075828e-01
   4.2180093e-01
   4.0521328e-01
   3.9218010e-01
   3.8270141e-01
   3.7796208e-01
   3.7559242e-01
   3.7677725e-01
   3.7677725e-01
   3.7677722e-01
   3.7440756e-01
   3.6966823e-01
   3.6018957e-01
   3.4952605e-01
   3.3530806e-01
   3.1990522e-01
   3.0331751e-01
   2.8909952e-01
   2.7606634e-01
   2.6777249e-01
   2.6540282e-01
   2.6895734e-01
   2.8199053e-01
   3.0331751e-01
   3.3175354e-01
   3.6611373e-01
   4.0284361e-01
   4.3957344e-01
   4.7274880e-01
   4.9881514e-01
   5.1540282e-01
   5.2251184e-01
   5.2132701e-01
   5.1184832e-01
   4.9644550e-01
   4.7867299e-01
   4.5971562e-01
   4.4549763e-01
   4.3246445e-01
   4.2298576e-01
   4.1587680e-01
   4.0995258e-01
   4.0284359e-01
   3.9454976e-01
   3.8151658e-01
   3.6611373e-01
   3.4952605e-01
   3.3412323e-01
   3.2109005e-01
   3.1279622e-01
   3.1161136e-01
   3.1872038e-01
   3.3412320e-01
   3.5426541e-01
   3.7796208e-01
   4.0521328e-01
   4.3009476e-01
   4.5023696e-01
   4.6563978e-01
   4.7274880e-01
   4.7274880e-01
   4.6563981e-01
   4.5616115e-01
   4.4549763e-01
   4.3720378e-01
   4.3601895e-01
   4.4075828e-01
   4.5142179e-01
   4.7037916e-01
   4.9170617e-01
   5.1303318e-01
   5.3317536e-01
   5.4976304e-01
   5.6161136e-01
   5.6872036e-01
   5.7227485e-01
   5.7582938e-01
   5.8056871e-01
   5.8649287e-01
   5.9360189e-01
   6.0308055e-01
   6.1492890e-01
   6.2677725e-01
   6.3625591e-01
   6.4454973e-01
   6.4810426e-01
   6.4810423e-01
   6.4573459e-01
   6.3981043e-01
   6.3388624e-01
   6.2914691e-01
   6.2440758e-01
   6.1966823e-01
   6.1492890e-01
   6.0781990e-01
   5.9834122e-01
   5.8412320e-01
   5.6635069e-01
   5.4502368e-01
   5.1895734e-01
   4.9407581e-01
   4.6682464e-01
   4.4194313e-01
   4.1824643e-01
   3.9691943e-01
   3.7914691e-01
   3.6255923e-01
   3.4834124e-01
   3.3649290e-01
   3.2819904e-01
   3.2227488e-01
   3.1872036e-01
   3.1753552e-01
   3.2227488e-01
   3.3056871e-01
   3.4478672e-01
   3.6255923e-01
   3.8507108e-01
   4.1113744e-01
   4.3838861e-01
   4.6445498e-01
   4.8696682e-01
   5.0473933e-01
   5.1777251e-01
   5.2488153e-01
   5.2606634e-01
   5.2369667e-01
   5.1777251e-01
   5.1066349e-01
   5.0236966e-01
   4.9407581e-01
   4.8459715e-01
   4.7748816e-01
   4.7037916e-01
   4.6445498e-01
   4.5734598e-01
   4.5260663e-01
   4.4905213e-01
   4.4431277e-01
   4.4194313e-01
   4.4075828e-01
   4.3838864e-01
   4.3838861e-01
   4.3720380e-01
   4.3720378e-01
   4.3720378e-01
   4.3957347e-01
   4.4431280e-01
   4.5379146e-01
   4.7274880e-01
   5.0118483e-01
   5.3909952e-01
   5.8530804e-01
   6.3981043e-01
   6.9668244e-01
   7.5236964e-01
   7.9976301e-01
   8.3530804e-01
   8.5545021e-01
   8.6018957e-01
   8.4715636e-01
   8.1872036e-01
   7.8199053e-01
   7.3696682e-01
   6.9075828e-01
   6.4691943e-01
   6.1137440e-01
   5.8530806e-01
   5.6990522e-01
   5.6516586e-01
   5.7109005e-01
   5.8412323e-01
   6.0189572e-01
   6.2322275e-01
   6.4573459e-01
   6.6706158e-01
   6.8601895e-01
   7.0142179e-01
   7.1327012e-01
   7.2037914e-01
   7.2393366e-01
   7.2156397e-01
   7.1682464e-01
   7.1090045e-01
   7.0260663e-01
   6.9431277e-01
   6.8483411e-01
   6.7772512e-01
   6.6824643e-01
   6.5758292e-01
   6.4336490e-01
   6.2559239e-01
   6.0545021e-01
   5.8293837e-01
   5.5924170e-01
   5.3436019e-01
   5.1184832e-01
   4.9170615e-01
   4.7511847e-01
   4.6327014e-01
   4.5497632e-01
   4.5260663e-01
   4.5379148e-01
   4.5971565e-01
   4.6919431e-01
   4.8222749e-01
   4.9644550e-01
   5.1184832e-01
   5.2488151e-01
   5.3672986e-01
   5.4383885e-01
   5.4502368e-01
   5.4028435e-01
   5.2606634e-01
   5.0592416e-01
   4.7985782e-01
   4.5023696e-01
   4.2061610e-01
   3.9454976e-01
   3.7440756e-01
   3.6137440e-01
   3.5781988e-01
   3.6374407e-01
   3.7677722e-01
   3.9573459e-01
   4.1824643e-01
   4.3957344e-01
   4.6090048e-01
   4.7985782e-01
   4.9407581e-01
   5.0473933e-01
   5.1184832e-01
   5.1658765e-01
   5.2014218e-01
   5.2369667e-01
   5.2962084e-01
   5.3909952e-01
   5.5450237e-01
   5.7464455e-01
   5.9952605e-01
   6.3033175e-01
   6.6113741e-01
   6.9431280e-01
   7.2511847e-01
   7.5236966e-01
   7.7488151e-01
   7.9028435e-01
   7.9739335e-01
   7.9502368e-01
   7.8436017e-01
   7.6540282e-01
   7.3933648e-01
   7.0853079e-01
   6.7417062e-01
   6.3862557e-01
   6.0545024e-01
   5.7345971e-01
   5.4383885e-01
   5.1895734e-01
   4.9881514e-01
   4.8341232e-01
   4.7274883e-01
   4.6919431e-01
   4.7156397e-01
   4.7867299e-01
   4.9052134e-01
   5.0473933e-01
   5.2014218e-01
   5.3436019e-01
   5.4502371e-01
   5.5213270e-01
   5.5331751e-01
   5.4976301e-01
   5.4383885e-01
   5.3554500e-01
   5.2725117e-01
   5.2014218e-01
   5.1777249e-01
   5.1895734e-01
   5.2369667e-01
   5.2962086e-01
   5.3909952e-01
   5.4857818e-01
   5.5805687e-01
   5.6753555e-01
   5.7701421e-01
   5.8886253e-01
   6.0426541e-01
   6.2322273e-01
   6.4573457e-01
   6.6943127e-01
   6.9549763e-01
   7.1682461e-01
   7.3459713e-01
   7.4644548e-01
   7.4881517e-01
   7.4407581e-01
   7.3104263e-01
   7.1327012e-01
   6.8957344e-01
   6.6350710e-01
   6.3507108e-01
   6.0781990e-01
   5.7938387e-01
   5.5450237e-01
   5.3080567e-01
   5.1066349e-01
   4.9526064e-01
   4.8578199e-01
   4.8104266e-01
   4.8341229e-01
   4.9170615e-01
   5.0592416e-01
   5.2251184e-01
   5.4265402e-01
   5.6161139e-01
   5.7701421e-01
   5.8649287e-01
   5.9004739e-01
   5.8649290e-01
   5.7701421e-01
   5.6516586e-01
   5.5213270e-01
   5.4265402e-01
   5.3791466e-01
   5.4028435e-01
   5.4857818e-01
   5.6161136e-01
   5.7582938e-01
   5.9123222e-01
   6.0308057e-01
   6.0781990e-01
   6.0545021e-01
   5.9478672e-01
   5.7819904e-01
   5.5805687e-01
   5.3672986e-01
   5.2014218e-01
   5.1066352e-01
   5.0947866e-01
   5.1777251e-01
   5.3436019e-01
   5.5450234e-01
   5.7701421e-01
   5.9597155e-01
   6.1374407e-01
   6.2322273e-01
   6.2914691e-01
   6.2914691e-01
   6.2559242e-01
   6.2322273e-01
   6.2085306e-01
   6.2085309e-01
   6.2440758e-01
   6.2796208e-01
   6.3625591e-01
   6.4454976e-01
   6.5402842e-01
   6.6469191e-01
   6.7417060e-01
   6.8483411e-01
   6.9549763e-01
   7.0616112e-01
   7.1563978e-01
   7.2511847e-01
   7.3104266e-01
   7.3578196e-01
   7.3341229e-01
   7.2630333e-01
   7.1327014e-01
   6.9668246e-01
   6.7890993e-01
   6.6350710e-01
   6.5402845e-01
   6.5165876e-01
   6.5995258e-01
   6.7772512e-01
   7.0142179e-01
   7.2985782e-01
   7.5592416e-01
   7.7488151e-01
   7.8554500e-01
   7.8317533e-01
   7.7014215e-01
   7.4407581e-01
   7.1445495e-01
   6.8009478e-01
   6.4810426e-01
   6.1966825e-01
   6.0071088e-01
   5.8886256e-01
   5.8293837e-01
   5.8175354e-01
   5.8056871e-01
   5.7938387e-01
   5.7345971e-01
   5.6398103e-01
   5.4857821e-01
   5.2962086e-01
   5.0829383e-01
   4.8578199e-01
   4.6682461e-01
   4.4905213e-01
   4.3720378e-01
   4.3127962e-01
   4.3246445e-01
   4.4194313e-01
   4.5971562e-01
   4.8696682e-01
   5.2132701e-01
   5.6279620e-01
   6.0663507e-01
   6.5165876e-01
   6.9194311e-01
   7.2511847e-01
   7.4644548e-01
   7.5473933e-01
   7.4881514e-01
   7.3104263e-01
   7.0142177e-01
   6.6350710e-01
   6.2085309e-01
   5.7819904e-01
   5.3909952e-01
   5.0710899e-01
   4.8578199e-01
   4.7393364e-01
   4.7511847e-01
   4.8459715e-01
   5.0118483e-01
   5.2369667e-01
   5.4620852e-01
   5.6753552e-01
   5.8293837e-01
   5.9360189e-01
   5.9715639e-01
   5.9360189e-01
   5.8530806e-01
   5.7701421e-01
   5.6872038e-01
   5.6516589e-01
   5.6516589e-01
   5.6990519e-01
   5.7938387e-01
   5.8767773e-01
   5.9360189e-01
   5.9360189e-01
   5.8412320e-01
   5.6635069e-01
   5.4146919e-01
   5.1066352e-01
   4.8104266e-01
   4.5497632e-01
   4.3720378e-01
   4.3127962e-01
   4.3957344e-01
   4.6090045e-01
   4.9526064e-01
   5.3791469e-01
   5.8530806e-01
   6.3388624e-01
   6.7535545e-01
   7.0734598e-01
   7.2748816e-01
   7.3222746e-01
   7.2274880e-01
   7.0260663e-01
   6.7061610e-01
   6.3507110e-01
   5.9952605e-01
   5.6635072e-01
   5.3909952e-01
   5.2014215e-01
   5.0829383e-01
   5.0355450e-01
   5.0592416e-01
   5.0829383e-01
   5.1184832e-01
   5.1421799e-01
   5.1184832e-01
   5.0710899e-01
   5.0000000e-01
   4.9644548e-01
   4.9407581e-01
   4.9881517e-01
   5.1066349e-01
   5.2843603e-01
   5.5094787e-01
   5.7464455e-01
   5.9360189e-01
   6.0781990e-01
   6.1137440e-01
   6.0781988e-01
   5.9597155e-01
   5.7819904e-01
   5.5805687e-01
   5.3672986e-01
   5.1658765e-01
   5.0000000e-01
   4.8578199e-01
   4.7511847e-01
   4.6563981e-01
   4.5734596e-01
   4.5260663e-01
   4.4786730e-01
   4.4668244e-01
   4.5260663e-01
   4.6682464e-01
   4.8933648e-01
   5.2251184e-01
   5.6398103e-01
   6.1492890e-01
   6.6824643e-01
   7.2156397e-01
   7.7014218e-01
   8.0924170e-01
   8.3767770e-01
   8.5308055e-01
   8.5545024e-01
   8.4597155e-01
   8.2464455e-01
   7.9502368e-01
   7.5829383e-01
   7.1800945e-01
   6.7417060e-01
   6.3033175e-01
   5.8886253e-01
   5.5094787e-01
   5.1895734e-01
   4.9644550e-01
   4.8222749e-01
   4.7985780e-01
   4.8696682e-01
   5.0473933e-01
   5.3080569e-01
   5.6279620e-01
   5.9952605e-01
   6.3625591e-01
   6.7417060e-01
   7.0853079e-01
   7.4052131e-01
   7.7014218e-01
   7.9739335e-01
   8.2109005e-01
   8.4004737e-01
   8.5900474e-01
   8.7203789e-01
   8.7914691e-01
   8.8270141e-01
   8.8033175e-01
   8.7203789e-01
   8.5900474e-01
   8.4241703e-01
   8.2345969e-01
   8.0331751e-01
   7.8080569e-01
   7.5710899e-01
   7.3341232e-01
   7.0971565e-01
   6.8957344e-01
   6.7180093e-01
   6.5995261e-01
   6.5639808e-01
   6.6469194e-01
   6.8009478e-01
   7.0260663e-01
   7.2985782e-01
   7.5473933e-01
   7.7488151e-01
   7.8317533e-01
   7.7725117e-01
   7.5592416e-01
   7.1800945e-01
   6.6706160e-01
   6.0781988e-01
   5.4502368e-01
   4.8459715e-01
   4.3364928e-01
   3.9336493e-01
   3.6966825e-01
   3.6137440e-01
   3.6611373e-01
   3.8507108e-01
   4.0995258e-01
   4.4194313e-01
   4.7630333e-01
   5.0829383e-01
   5.3909952e-01
   5.6398103e-01
   5.8293837e-01
   5.9834122e-01
   6.0900471e-01
   6.1374407e-01
   6.1492890e-01
   6.1374407e-01
   6.0900474e-01
   6.0308057e-01
   5.9715639e-01
   5.8767770e-01
   5.7938387e-01
   5.6990519e-01
   5.6279622e-01
   5.5568720e-01
   5.5213270e-01
   5.5331754e-01
   5.5687203e-01
   5.6398103e-01
   5.7227485e-01
   5.8056871e-01
   5.8886253e-01
   5.9360189e-01
   5.9834122e-01
   5.9834122e-01
   5.9597155e-01
   5.9241706e-01
   5.8886256e-01
   5.8649290e-01
   5.8412320e-01
   5.8412320e-01
   5.8649287e-01
   5.8886253e-01
   5.8886253e-01
   5.8530806e-01
   5.7464455e-01
   5.5331754e-01
   5.2014215e-01
   4.7630330e-01
   4.2061610e-01
   3.5781990e-01
   2.9383885e-01
   2.3104263e-01
   1.7890995e-01
   1.3744077e-01
   1.1492890e-01
   1.0781990e-01
   1.1848342e-01
   1.4336493e-01
   1.7890995e-01
   2.2156397e-01
   2.6658768e-01
   3.1042653e-01
   3.4597155e-01
   3.7677725e-01
   3.9810426e-01
   4.1113744e-01
   4.1824646e-01
   4.1824643e-01
   4.1587677e-01
   4.1113744e-01
   4.0639811e-01
   4.0639808e-01
   4.0995261e-01
   4.1587677e-01
   4.2890995e-01
   4.4194311e-01
   4.5853081e-01
   4.7393364e-01
   4.8459715e-01
   4.9170617e-01
   4.9052131e-01
   4.8104266e-01
   4.6800947e-01
   4.4905213e-01
   4.3009478e-01
   4.1350710e-01
   4.0284359e-01
   3.9928909e-01
   4.0521328e-01
   4.1943127e-01
   4.3957347e-01
   4.6327012e-01
   4.8815165e-01
   5.0829383e-01
   5.2488151e-01
   5.3436019e-01
   5.3791469e-01
   5.3672986e-01
   5.3554500e-01
   5.3436017e-01
   5.3909952e-01
   5.5213270e-01
   5.7345971e-01
   6.0308055e-01
   6.3981043e-01
   6.8127962e-01
   7.2156397e-01
   7.5947866e-01
   7.9028435e-01
   8.1398103e-01
   8.2819904e-01
   8.3530806e-01
   8.3649287e-01
   8.3293837e-01
   8.2701421e-01
   8.1990522e-01
   8.1279620e-01
   8.0450237e-01
   7.9620852e-01
   7.8909952e-01
   7.8317536e-01
   7.7725117e-01
   7.7132701e-01
   7.6777251e-01
   7.6540282e-01
   7.6421801e-01
   7.6066349e-01
   7.5592414e-01
   7.4881517e-01
   7.3696682e-01
   7.2037914e-01
   7.0142179e-01
   6.8009478e-01
   6.5995261e-01
   6.4336493e-01
   6.3388624e-01
   6.3625591e-01
   6.5047392e-01
   6.7535545e-01
   7.1090045e-01
   7.5355450e-01
   8.0094787e-01
   8.4715639e-01
   8.8744074e-01
   9.1943127e-01
   9.3957344e-01
   9.4668246e-01
   9.4194311e-01
   9.2417062e-01
   9.0165876e-01
   8.7203789e-01
   8.4241703e-01
   8.1161136e-01
   7.8672983e-01
   7.6421799e-01
   7.4644548e-01
   7.2867299e-01
   7.1327014e-01
   6.9549761e-01
   6.7772512e-01
   6.5876778e-01
   6.3981041e-01
   6.2085309e-01
   6.0426541e-01
   5.9004737e-01
   5.7819904e-01
   5.6872038e-01
   5.6279620e-01
   5.5687203e-01
   5.5213270e-01
   5.4739335e-01
   5.4383885e-01
   5.3791469e-01
   5.3080567e-01
   5.2251184e-01
   5.1303316e-01
   4.9881517e-01
   4.8222746e-01
   4.6327014e-01
   4.4312797e-01
   4.2061613e-01
   3.9928909e-01
   3.7796208e-01
   3.5663507e-01
   3.4123220e-01
   3.2701421e-01
   3.1635069e-01
   3.0687203e-01
   2.9739337e-01
   2.8791469e-01
   2.7488151e-01
   2.6066349e-01
   2.4289101e-01
   2.2511849e-01
   2.0971565e-01
   1.9786727e-01
   1.9075830e-01
   1.9549763e-01
   2.0853081e-01
   2.3104266e-01
   2.6184832e-01
   2.9976304e-01
   3.4123222e-01
   3.8388624e-01
   4.2535545e-01
   4.6445498e-01
   4.9763031e-01
   5.2488151e-01
   5.4739335e-01
   5.6516589e-01
   5.7938387e-01
   5.9360189e-01
   6.0663505e-01
   6.2203789e-01
   6.3862557e-01
   6.5521325e-01
   6.7417060e-01
   6.9194313e-01
   7.0853079e-01
   7.2156397e-01
   7.3104266e-01
   7.3696679e-01
   7.3815165e-01
   7.3696679e-01
   7.3341229e-01
   7.2867296e-01
   7.2274880e-01
   7.1800945e-01
   7.1327012e-01
   7.1090048e-01
   7.1208529e-01
   7.1445498e-01
   7.1919431e-01
   7.2274880e-01
   7.2630333e-01
   7.2393364e-01
   7.1682464e-01
   7.0142179e-01
   6.7654029e-01
   6.4336493e-01
   6.0189574e-01
   5.5450237e-01
   5.0355450e-01
   4.5260663e-01
   4.0521328e-01
   3.6611376e-01
   3.4004739e-01
   3.2582938e-01
   3.2938387e-01
   3.4597155e-01
   3.7440758e-01
   4.0995261e-01
   4.5023696e-01
   4.8815165e-01
   5.2014218e-01
   5.4383885e-01
   5.6042653e-01
   5.6635069e-01
   5.6398105e-01
   5.5924170e-01
   5.5213270e-01
   5.4739335e-01
   5.4383885e-01
   5.4383885e-01
   5.4620854e-01
   5.4976304e-01
   5.5094787e-01
   5.5094787e-01
   5.4857821e-01
   5.4146919e-01
   5.3554502e-01
   5.3199050e-01
   5.3436017e-01
   5.4502371e-01
   5.6279620e-01
   5.8649290e-01
   6.1374407e-01
   6.3625591e-01
   6.5047392e-01
   6.4928909e-01
   6.3151658e-01
   5.9715639e-01
   5.4857818e-01
   4.9170615e-01
   4.3483411e-01
   3.8507110e-01
   3.4952605e-01
   3.3175357e-01
   3.3530806e-01
   3.5900474e-01
   3.9810426e-01
   4.4549763e-01
   4.9881517e-01
   5.4857818e-01
   5.9241703e-01
   6.2559242e-01
   6.4810426e-01
   6.5995261e-01
   6.6469194e-01
   6.6469194e-01
   6.6113741e-01
   6.5639811e-01
   6.5047392e-01
   6.4336493e-01
   6.3507108e-01
   6.2322273e-01
   6.1137438e-01
   5.9952605e-01
   5.9004739e-01
   5.8412323e-01
   5.8293837e-01
   5.9004739e-01
   6.0545024e-01
   6.2914691e-01
   6.5758292e-01
   6.8957344e-01
   7.1919428e-01
   7.4407581e-01
   7.5829383e-01
   7.6066349e-01
   7.4999997e-01
   7.2985782e-01
   7.0497629e-01
   6.7890993e-01
   6.5876778e-01
   6.4691940e-01
   6.4810426e-01
   6.5995261e-01
   6.8246445e-01
   7.0734596e-01
   7.3222749e-01
   7.5000000e-01
   7.5710899e-01
   7.4881517e-01
   7.2748813e-01
   6.9312794e-01
   6.5165876e-01
   6.0900471e-01
   5.6753552e-01
   5.3436019e-01
   5.1184832e-01
   5.0118483e-01
   4.9763031e-01
   5.0118483e-01
   5.0592419e-01
   5.0829383e-01
   5.0710902e-01
   4.9881517e-01
   4.8578199e-01
   4.7037914e-01
   4.5616112e-01
   4.4312797e-01
   4.3838864e-01
   4.3957347e-01
   4.4786730e-01
   4.6090045e-01
   4.7748813e-01
   4.9526064e-01
   5.1184835e-01
   5.2369667e-01
   5.3080567e-01
   5.3199053e-01
   5.2369667e-01
