   0.0000000e+00
   5.3984609e-02
   1.4010285e-01
   2.3778919e-01
   3.2904884e-01
   3.9845759e-01
   4.3701800e-01
   4.4344473e-01
   4.2287918e-01
   3.8688946e-01
   3.4832905e-01
   3.1105401e-01
   2.8277636e-01
   2.6863756e-01
   2.6221081e-01
   2.6092546e-01
   2.6478150e-01
   2.6735219e-01
   2.6735219e-01
   2.6606684e-01
   2.6349615e-01
   2.5964012e-01
   2.5449871e-01
   2.5064267e-01
   2.4807201e-01
   2.4678664e-01
   2.4678667e-01
   2.4935733e-01
   2.5064270e-01
   2.5064267e-01
   2.4807198e-01
   2.4035991e-01
   2.2879178e-01
   2.1593832e-01
   2.0308485e-01
   1.9151671e-01
   1.8508998e-01
   1.8123395e-01
   1.8637533e-01
   1.9408740e-01
   2.0694088e-01
   2.2236505e-01
   2.3778919e-01
   2.5192802e-01
   2.6478150e-01
   2.7377891e-01
   2.8020567e-01
   2.8406170e-01
   2.8663239e-01
   2.8791774e-01
   2.9177377e-01
   2.9820050e-01
   3.0976863e-01
   3.2519280e-01
   3.4318766e-01
   3.6375324e-01
   3.8174808e-01
   3.9717225e-01
   4.0874035e-01
   4.1645245e-01
   4.2030849e-01
   4.2030849e-01
   4.1645245e-01
   4.1131104e-01
   4.0359897e-01
   3.9588690e-01
   3.8817480e-01
   3.8303342e-01
   3.8303342e-01
   3.8946018e-01
   4.0231365e-01
   4.2416452e-01
   4.5115680e-01
   4.8200517e-01
   5.1285348e-01
   5.4370182e-01
   5.6683806e-01
   5.8483289e-01
   5.9511568e-01
   5.9383034e-01
   5.8483292e-01
   5.6426737e-01
   5.3727507e-01
   5.0642673e-01
   4.7172238e-01
   4.3701800e-01
   4.0616966e-01
   3.8174808e-01
   3.6375322e-01
   3.5347043e-01
   3.5218508e-01
   3.5732649e-01
   3.6889462e-01
   3.8688948e-01
   4.0874038e-01
   4.3059125e-01
   4.5115680e-01
   4.6786634e-01
   4.7429307e-01
   4.7172238e-01
   4.5629821e-01
   4.3187662e-01
   3.9845759e-01
   3.6246787e-01
   3.2519280e-01
   2.9177380e-01
   2.6349615e-01
   2.4421595e-01
   2.3007712e-01
   2.2236505e-01
   2.1850902e-01
   2.1722367e-01
   2.1722364e-01
   2.1465295e-01
   2.0822623e-01
   1.9794344e-01
   1.8251929e-01
   1.6709512e-01
   1.5295633e-01
   1.4524423e-01
   1.4524423e-01
   1.5552699e-01
   1.7866323e-01
   2.1079692e-01
   2.5064267e-01
   2.9048843e-01
   3.3033419e-01
   3.6375322e-01
   3.8688946e-01
   3.9845759e-01
   3.9845759e-01
   3.8560411e-01
   3.6375324e-01
   3.3419025e-01
   2.9948587e-01
   2.6221081e-01
   2.2879178e-01
   2.0051415e-01
   1.7609257e-01
   1.6195374e-01
   1.5424164e-01
   1.5295633e-01
   1.5552699e-01
   1.6195374e-01
   1.6966581e-01
   1.7737789e-01
   1.8508998e-01
   1.9280206e-01
   2.0051415e-01
   2.0822623e-01
   2.1593830e-01
   2.2493574e-01
   2.3650388e-01
   2.5192802e-01
   2.7377894e-01
   3.0334191e-01
   3.3804628e-01
   3.7660667e-01
   4.1645245e-01
   4.5372752e-01
   4.8457586e-01
   5.0642673e-01
   5.1928021e-01
   5.2056555e-01
   5.1413882e-01
   4.9742931e-01
   4.7429304e-01
   4.4858611e-01
   4.2159386e-01
   3.9331621e-01
   3.7017994e-01
   3.5089976e-01
   3.3804628e-01
   3.2904887e-01
   3.2519280e-01
   3.2390749e-01
   3.2262214e-01
   3.2390746e-01
   3.2519280e-01
   3.3033421e-01
   3.3804628e-01
   3.5089974e-01
   3.6760928e-01
   3.8946018e-01
   4.1388176e-01
   4.3958869e-01
   4.6401028e-01
   4.8714652e-01
   5.0899744e-01
   5.2442159e-01
   5.3727507e-01
   5.4627248e-01
   5.5012855e-01
   5.5012852e-01
   5.5012855e-01
   5.4627251e-01
   5.4370179e-01
   5.4498717e-01
   5.4884320e-01
   5.5655527e-01
   5.6683806e-01
   5.7840617e-01
   5.9254499e-01
   6.0411313e-01
   6.1439589e-01
   6.2467865e-01
   6.3110540e-01
   6.3881747e-01
   6.4652955e-01
   6.5295630e-01
   6.5938303e-01
   6.6709512e-01
   6.7480720e-01
   6.8251927e-01
   6.9280206e-01
   7.0565551e-01
   7.1979436e-01
   7.3007709e-01
   7.4035991e-01
   7.4421595e-01
   7.4164526e-01
   7.3264781e-01
   7.1722364e-01
   6.9794344e-01
   6.7737789e-01
   6.5552699e-01
   6.3753213e-01
   6.2467868e-01
   6.1825195e-01
   6.2210799e-01
   6.3367609e-01
   6.5424164e-01
   6.8123395e-01
   7.1079692e-01
   7.4035991e-01
   7.6349615e-01
   7.7763498e-01
   7.8406168e-01
   7.8149101e-01
   7.6992288e-01
   7.5449871e-01
   7.3778919e-01
   7.2107971e-01
   7.0565551e-01
   6.9151671e-01
   6.7994860e-01
   6.6966581e-01
   6.6066840e-01
   6.5295630e-01
   6.4652957e-01
   6.4138819e-01
   6.3624678e-01
   6.3239072e-01
   6.2596402e-01
   6.1953730e-01
   6.1182520e-01
   6.0154241e-01
   5.9254499e-01
   5.8354755e-01
   5.7326479e-01
   5.6426737e-01
   5.5784062e-01
   5.5398458e-01
   5.5398458e-01
   5.5912596e-01
   5.7197944e-01
   5.8740358e-01
   6.0796916e-01
   6.2982006e-01
   6.5038558e-01
   6.6709510e-01
   6.7994860e-01
   6.8766068e-01
   6.9023137e-01
   6.9151671e-01
   6.9151671e-01
   6.9280206e-01
   6.9537275e-01
   6.9922878e-01
   7.0822623e-01
   7.1593830e-01
   7.2622106e-01
   7.3393316e-01
   7.4164523e-01
   7.4550129e-01
   7.4678664e-01
   7.4164526e-01
   7.3393316e-01
   7.2236505e-01
   7.0694088e-01
   6.9151671e-01
   6.7866323e-01
   6.6838044e-01
   6.6452443e-01
   6.6323906e-01
   6.6580978e-01
   6.7095116e-01
   6.7866326e-01
   6.8894602e-01
   6.9922878e-01
   7.1079692e-01
   7.2107968e-01
   7.3136247e-01
   7.3650385e-01
   7.3778919e-01
   7.3521850e-01
   7.2750643e-01
   7.1722364e-01
   7.0437019e-01
   6.9151671e-01
   6.7994860e-01
   6.7095116e-01
   6.6580975e-01
   6.6323906e-01
   6.6323909e-01
   6.6709512e-01
   6.7609254e-01
   6.8894602e-01
   7.0565554e-01
   7.2750643e-01
   7.5064267e-01
   7.7634963e-01
   8.0205654e-01
   8.2519280e-01
   8.4447301e-01
   8.6246787e-01
   8.7403598e-01
   8.8046273e-01
   8.8046270e-01
   8.7403598e-01
   8.5861181e-01
   8.3933163e-01
   8.1362467e-01
   7.8663239e-01
   7.5706940e-01
   7.2750643e-01
   7.0051415e-01
   6.7480720e-01
   6.5295630e-01
   6.3239075e-01
   6.1696661e-01
   6.0539844e-01
   5.9897172e-01
   5.9640103e-01
   5.9897175e-01
   6.0154241e-01
   6.0282775e-01
   6.0411310e-01
   5.9897172e-01
   5.8997430e-01
   5.7840617e-01
   5.6169665e-01
   5.4498717e-01
   5.2699230e-01
   5.1028279e-01
   4.9357327e-01
   4.7943445e-01
   4.6915169e-01
   4.6401028e-01
   4.6401028e-01
   4.7172235e-01
   4.8586118e-01
   5.0514138e-01
   5.2699230e-01
   5.5269924e-01
   5.7712082e-01
   5.9897172e-01
   6.1825195e-01
   6.3496144e-01
   6.4652957e-01
   6.5552702e-01
   6.6066840e-01
   6.6452443e-01
   6.6838047e-01
   6.7352185e-01
   6.8123392e-01
   6.9537275e-01
   7.1336761e-01
   7.3650385e-01
   7.6092543e-01
   7.8406170e-01
   8.0205656e-01
   8.1362467e-01
   8.1619536e-01
   8.0848329e-01
   7.9562981e-01
   7.7506426e-01
   7.5321336e-01
   7.3007712e-01
   7.1079692e-01
   6.9665812e-01
   6.8894599e-01
   6.9023137e-01
   6.9794346e-01
   7.1336761e-01
   7.3136247e-01
   7.5064267e-01
   7.6992288e-01
   7.8277633e-01
   7.9048843e-01
   7.8920308e-01
   7.8534705e-01
   7.7377891e-01
   7.6221081e-01
   7.5192802e-01
   7.4164526e-01
   7.3393316e-01
   7.3264781e-01
   7.3521850e-01
   7.4164526e-01
   7.5192802e-01
   7.6606684e-01
   7.7892032e-01
   7.9048843e-01
   7.9820053e-01
   7.9820050e-01
   7.9177377e-01
   7.7634963e-01
   7.5706940e-01
   7.3393316e-01
   7.1079692e-01
   6.9280206e-01
   6.7994858e-01
   6.7352185e-01
   6.7480720e-01
   6.8123395e-01
   6.9665809e-01
   7.1593830e-01
   7.4035991e-01
   7.6349615e-01
   7.8534702e-01
   8.0462725e-01
   8.1619536e-01
   8.2133677e-01
   8.1876605e-01
   8.1233935e-01
   7.9948585e-01
   7.8277636e-01
   7.6478150e-01
   7.4421595e-01
   7.2107971e-01
   6.9408740e-01
   6.6709512e-01
   6.3881747e-01
   6.0925451e-01
   5.8097686e-01
   5.5398458e-01
   5.2956299e-01
   5.0771207e-01
   4.8714652e-01
   4.6658097e-01
   4.4730079e-01
   4.2930593e-01
   4.1388176e-01
   3.9974294e-01
   3.9074552e-01
   3.8560414e-01
   3.8688946e-01
   3.9074549e-01
   3.9845759e-01
   4.1002573e-01
   4.2544990e-01
   4.4344473e-01
   4.6143959e-01
   4.7814910e-01
   4.9485862e-01
   5.0385604e-01
   5.0899744e-01
   5.0642673e-01
   5.0000003e-01
   4.8714652e-01
   4.7043703e-01
   4.5244214e-01
   4.3187659e-01
   4.1002573e-01
   3.9331621e-01
   3.7917739e-01
   3.7017994e-01
   3.6889462e-01
   3.7660670e-01
   3.9074549e-01
   4.1131104e-01
   4.3701800e-01
   4.6272496e-01
   4.8714655e-01
   5.0899744e-01
   5.2570696e-01
   5.4241645e-01
   5.5784062e-01
   5.7712082e-01
   5.9897172e-01
   6.2467865e-01
   6.5424164e-01
   6.8380461e-01
   7.1336761e-01
   7.4035988e-01
   7.6092546e-01
   7.7634960e-01
   7.8406168e-01
   7.8406168e-01
   7.7763495e-01
   7.6735219e-01
   7.5578405e-01
   7.4550129e-01
   7.4035988e-01
   7.3778919e-01
   7.4035988e-01
   7.4421595e-01
   7.4935733e-01
   7.5321336e-01
   7.5449871e-01
   7.5192802e-01
   7.4678664e-01
   7.3907454e-01
   7.3393316e-01
   7.3136247e-01
   7.3007712e-01
   7.3393316e-01
   7.3521850e-01
   7.3521850e-01
   7.3136247e-01
   7.2236505e-01
   7.0565554e-01
   6.8251929e-01
   6.5295630e-01
   6.2082261e-01
   5.8611827e-01
   5.5269924e-01
   5.2570693e-01
   5.0514141e-01
   4.9357327e-01
   4.9100258e-01
   4.9742931e-01
   5.0642675e-01
   5.1670952e-01
   5.2313624e-01
   5.2313624e-01
   5.1285348e-01
   4.9614396e-01
   4.7043703e-01
   4.4087407e-01
   4.1131104e-01
   3.8431877e-01
   3.6246790e-01
   3.4832907e-01
   3.4190232e-01
   3.4704373e-01
   3.6118253e-01
   3.8688946e-01
   4.1645245e-01
   4.5115680e-01
   4.8457583e-01
   5.1799486e-01
   5.4755783e-01
   5.7455013e-01
   5.9511568e-01
   6.1439589e-01
   6.3239075e-01
   6.4781492e-01
   6.6195372e-01
   6.7352185e-01
   6.8251927e-01
   6.8894602e-01
   6.9280206e-01
   6.9408740e-01
   6.9280206e-01
   6.9151668e-01
   6.8637533e-01
   6.7994860e-01
   6.6966579e-01
   6.5809771e-01
   6.4524423e-01
   6.2982006e-01
   6.1696658e-01
   6.0539844e-01
   5.9640103e-01
   5.8868896e-01
   5.8483292e-01
   5.8097686e-01
   5.7840617e-01
   5.7583548e-01
   5.7197944e-01
   5.6940872e-01
   5.6683806e-01
   5.6426737e-01
   5.5912596e-01
   5.5398458e-01
   5.4627248e-01
   5.3856041e-01
   5.2956299e-01
   5.2056555e-01
   5.1285348e-01
   5.0642673e-01
   5.0128535e-01
   4.9614396e-01
   4.9100256e-01
   4.8714655e-01
   4.8200514e-01
   4.8071982e-01
   4.8071979e-01
   4.8586120e-01
   4.9485862e-01
   5.0642673e-01
   5.2185092e-01
   5.4113110e-01
   5.6169665e-01
   5.8097689e-01
   5.9897172e-01
   6.1439589e-01
   6.2467868e-01
   6.2853471e-01
   6.2596399e-01
   6.1568123e-01
   6.0025706e-01
   5.8097686e-01
   5.6169665e-01
   5.4370182e-01
   5.3084831e-01
   5.2056555e-01
   5.1413882e-01
   5.1028276e-01
   5.0899742e-01
   5.0514141e-01
   5.0385606e-01
   5.0000000e-01
   4.9742931e-01
   4.9614396e-01
   4.9742931e-01
   5.0000000e-01
   5.0642673e-01
   5.1542417e-01
   5.2699230e-01
   5.4241647e-01
   5.5784062e-01
   5.7583548e-01
   5.9125965e-01
   6.0411313e-01
   6.1182517e-01
   6.1568123e-01
   6.1311054e-01
   6.0282775e-01
   5.8868896e-01
   5.7069410e-01
   5.5012852e-01
   5.2827765e-01
   5.0514138e-01
   4.8329048e-01
   4.6272493e-01
   4.4858611e-01
   4.4215941e-01
   4.4215938e-01
   4.5244214e-01
   4.6915166e-01
   4.9100258e-01
   5.1285345e-01
   5.3084834e-01
   5.4113113e-01
   5.4113110e-01
   5.3213369e-01
   5.1285348e-01
   4.8329048e-01
   4.4987148e-01
   4.1131104e-01
   3.7017994e-01
   3.2904884e-01
   2.9177380e-01
   2.5706940e-01
   2.2622111e-01
   2.0051415e-01
   1.7737789e-01
   1.5809771e-01
   1.4010285e-01
   1.2596402e-01
   1.1568126e-01
   1.1053985e-01
   1.1439589e-01
   1.2724940e-01
   1.5038561e-01
   1.8123395e-01
   2.1593830e-01
   2.5449874e-01
   2.9048843e-01
   3.2262211e-01
   3.4704370e-01
   3.6375322e-01
   3.7146529e-01
   3.7146531e-01
   3.6503856e-01
   3.5604114e-01
   3.4447301e-01
   3.3547559e-01
   3.3161956e-01
   3.3290488e-01
   3.4318766e-01
   3.6118253e-01
   3.8431877e-01
   4.1131107e-01
   4.3958869e-01
   4.6786631e-01
   4.9357327e-01
   5.1542417e-01
   5.3341903e-01
   5.4884320e-01
   5.5912596e-01
   5.6683803e-01
   5.7069410e-01
   5.6940872e-01
   5.6683803e-01
   5.6298200e-01
   5.5912596e-01
   5.5655527e-01
   5.5526993e-01
   5.5655530e-01
   5.6041134e-01
   5.6169665e-01
   5.6169665e-01
   5.5784062e-01
   5.4884320e-01
   5.3856041e-01
   5.2313627e-01
   5.0257072e-01
   4.8200517e-01
   4.5886890e-01
   4.3573266e-01
   4.1388176e-01
   3.9588690e-01
   3.8174808e-01
   3.7403601e-01
   3.7275063e-01
   3.7660667e-01
   3.8560414e-01
   3.9717225e-01
   4.0874035e-01
   4.2030849e-01
   4.2802059e-01
   4.3444728e-01
   4.3958869e-01
   4.4215938e-01
   4.4344473e-01
   4.4601545e-01
   4.4473007e-01
   4.4601542e-01
   4.4858614e-01
   4.5244217e-01
   4.5886890e-01
   4.6786631e-01
   4.7686376e-01
   4.8586120e-01
   4.9100258e-01
   4.9228790e-01
   4.8843189e-01
   4.7814910e-01
   4.6529562e-01
   4.4730076e-01
   4.2544990e-01
   4.0488432e-01
   3.8560411e-01
   3.7017997e-01
   3.5861184e-01
   3.5475580e-01
   3.5861184e-01
   3.7146531e-01
   3.9203087e-01
   4.1773780e-01
   4.4730076e-01
   4.7557841e-01
   5.0000000e-01
   5.1928021e-01
   5.3213369e-01
   5.3856041e-01
   5.3856041e-01
   5.3598972e-01
   5.3084834e-01
   5.2570696e-01
   5.2056555e-01
   5.1670952e-01
   5.1413882e-01
   5.1285348e-01
   5.1542417e-01
   5.1799486e-01
   5.2056555e-01
   5.2313627e-01
   5.2313627e-01
   5.1799486e-01
   5.1156813e-01
   5.0514138e-01
   5.0000000e-01
   4.9742931e-01
   4.9871465e-01
   5.0642673e-01
   5.1799486e-01
   5.2956299e-01
   5.3984576e-01
   5.4884320e-01
   5.5012855e-01
   5.4884317e-01
   5.3984578e-01
   5.2956299e-01
   5.1542417e-01
   5.0385606e-01
   4.9614396e-01
   4.9228793e-01
   4.9614396e-01
   5.0771207e-01
   5.2827762e-01
   5.5398458e-01
   5.8354758e-01
   6.1439589e-01
   6.4395886e-01
   6.7095116e-01
   6.9023137e-01
   7.0565554e-01
   7.1593832e-01
   7.2236502e-01
   7.2493571e-01
   7.1979433e-01
   7.0951157e-01
   6.9408740e-01
   6.7352185e-01
   6.4910026e-01
   6.2467865e-01
   6.0282778e-01
   5.8354755e-01
   5.7069410e-01
   5.6169665e-01
   5.5784062e-01
   5.5784062e-01
   5.5784062e-01
   5.5912596e-01
   5.5912599e-01
   5.5912596e-01
   5.6041134e-01
   5.6169665e-01
   5.6426737e-01
   5.7326479e-01
   5.8354758e-01
   6.0025709e-01
   6.2210796e-01
   6.4267354e-01
   6.6195372e-01
   6.7866323e-01
   6.8508998e-01
   6.8251929e-01
   6.6966581e-01
   6.4524420e-01
   6.1311054e-01
   5.7712082e-01
   5.4241645e-01
   5.1156813e-01
   4.8843189e-01
   4.7043703e-01
   4.6143962e-01
   4.5758355e-01
   4.5886890e-01
   4.6272493e-01
   4.7043703e-01
   4.8071979e-01
   4.9100258e-01
   5.0128537e-01
   5.0899742e-01
   5.1413882e-01
   5.1285348e-01
   5.0771207e-01
   4.9742931e-01
   4.8200514e-01
   4.6401028e-01
   4.4087404e-01
   4.1773780e-01
   3.9588687e-01
   3.7789204e-01
   3.6503856e-01
   3.6118253e-01
   3.6760928e-01
   3.8431877e-01
   4.1002570e-01
   4.4087404e-01
   4.7429307e-01
   5.0642675e-01
   5.3341903e-01
   5.5398458e-01
   5.6683803e-01
   5.7455013e-01
   5.7583548e-01
   5.7583548e-01
   5.7197944e-01
   5.6812341e-01
   5.6426737e-01
   5.6041131e-01
   5.5784062e-01
   5.5784062e-01
   5.5784062e-01
   5.6041131e-01
   5.6426734e-01
   5.6683806e-01
   5.7326479e-01
   5.7840620e-01
   5.8483289e-01
   5.9383034e-01
   6.0154241e-01
   6.0925448e-01
   6.1439589e-01
   6.1439589e-01
   6.0411310e-01
   5.8740361e-01
   5.6169665e-01
   5.2956299e-01
   4.9228793e-01
   4.5244214e-01
   4.1516711e-01
   3.8046273e-01
   3.5089974e-01
   3.2776352e-01
   3.1233932e-01
   3.0334191e-01
   3.0077122e-01
   3.0591260e-01
   3.1619539e-01
   3.3161956e-01
   3.5089976e-01
   3.7017997e-01
   3.8817483e-01
   4.0231363e-01
   4.1131107e-01
   4.1645245e-01
   4.1516711e-01
   4.0874038e-01
   3.9717225e-01
   3.8303342e-01
   3.6760925e-01
   3.5475580e-01
   3.4447301e-01
   3.4061697e-01
   3.4704370e-01
   3.6118253e-01
   3.8431877e-01
   4.1259642e-01
   4.4473007e-01
   4.7300772e-01
   5.0128535e-01
   5.2056558e-01
   5.3341903e-01
   5.3856041e-01
   5.3470435e-01
   5.2442159e-01
   5.0771210e-01
   4.8457583e-01
   4.5758355e-01
   4.2930593e-01
   4.0488432e-01
   3.8431877e-01
   3.7017997e-01
   3.6375322e-01
   3.6503856e-01
   3.7403598e-01
   3.8560411e-01
   4.0231363e-01
   4.1773780e-01
   4.3316197e-01
   4.4730076e-01
   4.5758355e-01
   4.6915169e-01
   4.7814910e-01
   4.8843189e-01
   5.0128535e-01
   5.1542417e-01
   5.3470435e-01
   5.5526993e-01
   5.7969151e-01
   6.0282775e-01
   6.2339333e-01
   6.4138816e-01
   6.5295630e-01
   6.6066840e-01
   6.6452441e-01
   6.6580975e-01
   6.6580978e-01
   6.6709510e-01
   6.6966581e-01
   6.7223651e-01
   6.7609254e-01
   6.7866323e-01
   6.7994858e-01
   6.7994858e-01
   6.7737791e-01
   6.7352185e-01
   6.6838047e-01
   6.5809768e-01
   6.4652957e-01
   6.3110538e-01
   6.1053985e-01
   5.8868893e-01
   5.6426734e-01
   5.3984578e-01
   5.1670952e-01
   5.0128535e-01
   4.8971724e-01
   4.8714652e-01
   4.9485862e-01
   5.1285348e-01
   5.3856041e-01
   5.7455013e-01
   6.1439589e-01
   6.5552699e-01
   6.9151671e-01
   7.1979433e-01
   7.3393319e-01
   7.3393316e-01
   7.2236502e-01
   7.0179950e-01
   6.7609254e-01
   6.5424164e-01
   6.3881750e-01
   6.3239075e-01
   6.3881747e-01
   6.5681234e-01
   6.8251929e-01
   7.1336761e-01
   7.4550129e-01
   7.7249357e-01
   7.9305912e-01
   8.0077119e-01
   7.9948587e-01
   7.8534705e-01
   7.6349612e-01
   7.3650385e-01
   7.0822623e-01
   6.8251927e-01
   6.5938303e-01
   6.3881750e-01
   6.2339333e-01
   6.0796916e-01
   5.9125965e-01
   5.7712082e-01
   5.6426734e-01
   5.5398458e-01
   5.5012855e-01
   5.5655527e-01
   5.7326479e-01
   5.9897175e-01
   6.3367609e-01
   6.7223651e-01
   7.1079692e-01
   7.4550126e-01
   7.6992288e-01
   7.8277636e-01
   7.8149098e-01
   7.6478150e-01
   7.3521853e-01
   6.9922878e-01
   6.5552699e-01
   6.1182520e-01
   5.7326479e-01
   5.4241645e-01
   5.2056555e-01
   5.0771207e-01
   5.0385604e-01
   5.0514138e-01
   5.1156811e-01
   5.2056555e-01
   5.3084831e-01
   5.3984578e-01
   5.5141389e-01
   5.6169665e-01
   5.6812338e-01
   5.7197944e-01
   5.6940875e-01
   5.6169665e-01
   5.4884320e-01
   5.3084834e-01
   5.1156813e-01
   4.8843189e-01
   4.6401031e-01
   4.3830335e-01
   4.1516711e-01
   3.9331621e-01
   3.7403598e-01
   3.5989718e-01
   3.5089976e-01
   3.4704370e-01
   3.4961439e-01
   3.5732649e-01
   3.6889460e-01
   3.8560414e-01
   4.0359897e-01
   4.2544987e-01
   4.4858614e-01
   4.7300772e-01
   4.9871465e-01
   5.2185090e-01
   5.3984576e-01
   5.5398458e-01
   5.5784062e-01
   5.5141389e-01
   5.3727507e-01
   5.1413882e-01
   4.8714655e-01
   4.5758355e-01
   4.2802059e-01
   4.0359897e-01
   3.8174808e-01
   3.6760928e-01
   3.5989718e-01
   3.5861184e-01
   3.6246787e-01
   3.6889460e-01
   3.7660670e-01
   3.8303342e-01
   3.8688948e-01
   3.8560414e-01
   3.7917739e-01
   3.7146531e-01
   3.6246787e-01
   3.5347045e-01
   3.4704373e-01
   3.4447301e-01
   3.4704370e-01
   3.5218508e-01
   3.6246787e-01
   3.7660670e-01
   3.9588690e-01
   4.1902314e-01
   4.4730079e-01
   4.7814910e-01
   5.0771207e-01
   5.3470438e-01
   5.5655527e-01
   5.6812341e-01
   5.7326479e-01
   5.6683806e-01
   5.5141386e-01
   5.2956299e-01
   5.0257069e-01
   4.7429304e-01
   4.4858614e-01
   4.2930590e-01
   4.2287918e-01
   4.2930593e-01
   4.4987145e-01
   4.8586118e-01
   5.3213369e-01
   5.8611824e-01
   6.4138819e-01
   6.8766068e-01
   7.2493574e-01
   7.4678661e-01
   7.5321336e-01
   7.4421595e-01
   7.2107968e-01
   6.9023137e-01
   6.5167095e-01
   6.1311054e-01
   5.7712082e-01
   5.4755783e-01
   5.2699230e-01
   5.1799486e-01
   5.2056555e-01
   5.3598972e-01
   5.6169665e-01
   5.9383034e-01
   6.3110540e-01
   6.7095116e-01
   7.0951157e-01
   7.4035988e-01
   7.6349615e-01
   7.7506429e-01
   7.7249357e-01
   7.5449871e-01
   7.2365040e-01
   6.7994858e-01
   6.3110540e-01
   5.8354755e-01
   5.4370182e-01
   5.1542417e-01
   5.0385604e-01
   5.1156811e-01
   5.3470438e-01
   5.7069410e-01
   6.1311054e-01
   6.5681234e-01
   6.9922878e-01
   7.3264781e-01
   7.5578405e-01
   7.6992288e-01
   7.7377891e-01
   7.7120822e-01
   7.6478150e-01
   7.5964009e-01
   7.5706943e-01
   7.6221078e-01
   7.7506426e-01
   7.9562981e-01
   8.1748071e-01
   8.4447301e-01
   8.6760925e-01
   8.8817480e-01
   9.0359897e-01
   9.1259642e-01
   9.1902314e-01
   9.1902314e-01
   9.2030849e-01
   9.1645242e-01
   9.1388173e-01
   9.1002570e-01
   9.0359897e-01
   8.9717222e-01
   8.8560411e-01
   8.7275063e-01
   8.5604114e-01
   8.3547557e-01
   8.0976863e-01
   7.8534705e-01
   7.6092546e-01
   7.4164526e-01
   7.2750640e-01
   7.2622109e-01
   7.3264784e-01
   7.4935733e-01
   7.7249357e-01
   7.9691515e-01
   8.1876608e-01
   8.3419022e-01
   8.3933163e-01
   8.3419022e-01
   8.2133677e-01
   8.0077122e-01
   7.7763495e-01
   7.5578405e-01
   7.4035988e-01
   7.3393316e-01
   7.3778919e-01
   7.5449871e-01
   7.8277636e-01
   8.1748071e-01
   8.5604112e-01
   8.9331618e-01
   9.2416452e-01
   9.4473007e-01
   9.5629821e-01
   9.5372752e-01
   9.4215938e-01
   9.2287915e-01
   8.9845759e-01
   8.7017994e-01
   8.4061695e-01
   8.0976863e-01
   7.8020564e-01
   7.5192802e-01
   7.2879178e-01
   7.0822623e-01
   6.9665809e-01
   6.9023137e-01
   6.9023134e-01
   6.9794344e-01
   7.1079692e-01
   7.2750643e-01
   7.4807198e-01
   7.6735219e-01
   7.8663239e-01
   7.9948585e-01
   8.0848329e-01
   8.0848329e-01
   7.9948587e-01
   7.8406168e-01
   7.6221081e-01
   7.3778922e-01
   7.1208226e-01
   6.8894602e-01
   6.6838047e-01
   6.5295630e-01
   6.3881747e-01
   6.2853469e-01
   6.2210799e-01
   6.1696661e-01
   6.1568123e-01
   6.1825192e-01
   6.2210799e-01
   6.3110540e-01
   6.4010282e-01
   6.4910026e-01
   6.5552699e-01
   6.5681234e-01
   6.5167095e-01
   6.4267351e-01
   6.2853471e-01
   6.1311054e-01
   5.9511568e-01
   5.8097686e-01
   5.6940875e-01
   5.6169665e-01
   5.6041134e-01
   5.6426734e-01
   5.7197941e-01
   5.8097689e-01
   5.8740358e-01
   5.9254499e-01
   5.9254499e-01
   5.8483292e-01
   5.7455013e-01
   5.6041131e-01
   5.4627248e-01
   5.3727507e-01
   5.3213369e-01
   5.3341903e-01
   5.3984578e-01
   5.5012855e-01
   5.6041131e-01
   5.7197944e-01
   5.8354755e-01
   5.9125962e-01
   5.9640103e-01
   5.9897172e-01
   5.9768637e-01
   5.9511568e-01
   5.8740361e-01
   5.7712082e-01
   5.6169665e-01
   5.4498714e-01
   5.2570696e-01
   5.0642675e-01
   4.8457583e-01
   4.6529562e-01
   4.4601545e-01
   4.3187662e-01
   4.2030849e-01
   4.1645245e-01
   4.1902314e-01
   4.2544987e-01
   4.3444731e-01
   4.4601545e-01
   4.5758355e-01
   4.6658097e-01
   4.7429307e-01
   4.8200517e-01
   4.9100256e-01
   5.0257069e-01
   5.1799486e-01
   5.3727507e-01
   5.5655527e-01
   5.7197944e-01
   5.8226220e-01
   5.8354755e-01
   5.7583551e-01
   5.5912596e-01
   5.3341903e-01
   5.0514138e-01
   4.7686376e-01
   4.4987148e-01
   4.3187662e-01
   4.2159383e-01
   4.2030849e-01
   4.2802059e-01
   4.4473007e-01
   4.6272496e-01
   4.8200514e-01
   4.9742931e-01
   5.0642675e-01
   5.0771210e-01
   5.0128537e-01
   4.8971724e-01
   4.7300772e-01
   4.5886890e-01
   4.4858614e-01
   4.4344476e-01
   4.4473007e-01
   4.5372752e-01
   4.6786631e-01
   4.8714655e-01
   5.0771207e-01
   5.2442161e-01
   5.3856041e-01
   5.4370179e-01
   5.3727507e-01
   5.2056555e-01
   4.9357327e-01
   4.5886890e-01
   4.2030849e-01
   3.8046276e-01
   3.4447301e-01
   3.1748073e-01
   2.9948587e-01
   2.9177377e-01
   2.9434446e-01
   3.0591260e-01
   3.2390749e-01
   3.4832907e-01
   3.7660670e-01
   4.0488432e-01
   4.3444728e-01
   4.6143962e-01
   4.8200514e-01
   4.9871465e-01
   5.0771210e-01
   5.1413882e-01
   5.1413882e-01
   5.1285345e-01
   5.1028276e-01
   5.0514138e-01
   5.0000000e-01
   4.9357327e-01
   4.8714655e-01
   4.7943445e-01
   4.7043703e-01
   4.6272493e-01
   4.5244214e-01
   4.4344473e-01
   4.3059128e-01
   4.1773780e-01
   4.0488432e-01
   3.9331621e-01
   3.8560411e-01
   3.8303342e-01
   3.8817483e-01
   4.0359897e-01
   4.2544990e-01
   4.5244214e-01
   4.8329048e-01
   5.1285348e-01
   5.3856044e-01
   5.5784062e-01
   5.7069410e-01
   5.7840617e-01
   5.7840617e-01
   5.7455013e-01
   5.6683806e-01
   5.5912596e-01
   5.5012855e-01
   5.4241645e-01
   5.3727507e-01
   5.3341903e-01
   5.3213369e-01
   5.3084831e-01
   5.3213366e-01
   5.3213369e-01
   5.3598972e-01
   5.3984576e-01
   5.4627251e-01
   5.5398458e-01
   5.6169665e-01
   5.6940872e-01
   5.7455013e-01
   5.7583548e-01
   5.6940872e-01
   5.5784062e-01
   5.4241645e-01
   5.2827762e-01
   5.1799486e-01
   5.1285348e-01
   5.1542417e-01
   5.2827762e-01
   5.4755783e-01
   5.7069410e-01
   5.9640103e-01
   6.1953730e-01
   6.3753213e-01
   6.4652955e-01
   6.4652955e-01
   6.3624678e-01
   6.1568123e-01
   5.8868896e-01
   5.5784062e-01
   5.2699230e-01
   5.0128535e-01
   4.8329051e-01
   4.7686376e-01
   4.8071979e-01
   4.9614396e-01
   5.1799486e-01
   5.4241647e-01
   5.6683803e-01
   5.8611824e-01
   5.9897175e-01
   6.0282775e-01
   5.9897172e-01
   5.8483292e-01
   5.6555272e-01
   5.4370182e-01
   5.2442159e-01
   5.0899742e-01
   5.0385606e-01
   5.0771207e-01
   5.2056558e-01
   5.3984576e-01
   5.6041131e-01
   5.7712082e-01
   5.8997430e-01
   5.9383034e-01
   5.8997430e-01
   5.8226223e-01
   5.7197944e-01
   5.6298200e-01
   5.5784062e-01
   5.5912596e-01
   5.6555269e-01
   5.7326479e-01
   5.8226220e-01
   5.8740361e-01
   5.8740361e-01
   5.7969151e-01
   5.6169665e-01
   5.3727507e-01
   5.0771207e-01
   4.7814910e-01
   4.5244217e-01
   4.3444731e-01
   4.2802056e-01
   4.3444728e-01
   4.5115680e-01
   4.7557841e-01
   5.0514138e-01
   5.3084834e-01
   5.5269924e-01
   5.6683803e-01
   5.7197941e-01
   5.7326479e-01
   5.6940875e-01
   5.6169668e-01
   5.5526993e-01
   5.4884320e-01
   5.4627251e-01
   5.4370182e-01
   5.4498717e-01
   5.4755786e-01
   5.5269924e-01
   5.5912596e-01
   5.6555269e-01
   5.7069410e-01
   5.7712082e-01
   5.7969151e-01
   5.8226220e-01
   5.8226220e-01
   5.8226220e-01
   5.7840617e-01
   5.7455013e-01
   5.6683806e-01
   5.5655527e-01
   5.4113110e-01
   5.2442159e-01
   5.0514141e-01
   4.8457586e-01
   4.6529562e-01
   4.4987145e-01
   4.3830335e-01
   4.3059128e-01
   4.2802059e-01
   4.3187659e-01
   4.4087407e-01
   4.5629821e-01
   4.7557841e-01
   4.9614396e-01
   5.1670952e-01
   5.3213366e-01
   5.4113110e-01
   5.3984576e-01
   5.2956297e-01
   5.1285348e-01
   4.8843187e-01
   4.6272493e-01
   4.3701800e-01
   4.1516708e-01
   3.9845759e-01
   3.8817483e-01
   3.8431879e-01
   3.8817483e-01
   3.9974294e-01
   4.1773780e-01
   4.4087404e-01
   4.6658100e-01
   4.9357325e-01
   5.1799486e-01
   5.3727509e-01
   5.4755786e-01
   5.4884320e-01
   5.3856044e-01
   5.1799486e-01
   4.8971724e-01
   4.5629821e-01
   4.2416452e-01
   3.9717225e-01
   3.8046273e-01
   3.7917739e-01
   3.9460156e-01
   4.2930593e-01
   4.7814910e-01
   5.3727507e-01
   5.9897175e-01
   6.5424164e-01
   6.9537275e-01
   7.1722364e-01
   7.1722367e-01
   6.9665812e-01
   6.6066837e-01
   6.1439589e-01
   5.6555272e-01
   5.1799486e-01
   4.7943448e-01
   4.5372752e-01
   4.3830335e-01
   4.3701800e-01
   4.4344473e-01
   4.5629821e-01
   4.6915169e-01
   4.8071979e-01
   4.8457586e-01
   4.8071979e-01
   4.7043701e-01
   4.5115683e-01
   4.2930593e-01
   4.0359897e-01
   3.7660670e-01
   3.4832905e-01
   3.1876605e-01
   2.8920308e-01
   2.5835474e-01
   2.2750646e-01
   2.0051413e-01
   1.7866326e-01
   1.6838050e-01
   1.6709512e-01
   1.8251929e-01
   2.0822623e-01
   2.4293060e-01
   2.8663242e-01
   3.3161953e-01
   3.7660670e-01
   4.1516711e-01
   4.4601545e-01
   4.6786634e-01
   4.7814910e-01
   4.7814910e-01
   4.6786631e-01
   4.5372752e-01
   4.3573266e-01
   4.2030849e-01
   4.1131107e-01
   4.1002570e-01
   4.1902314e-01
   4.3573266e-01
   4.6272493e-01
   4.9614396e-01
   5.3470438e-01
   5.7326476e-01
   6.1182520e-01
   6.4652957e-01
   6.7352185e-01
   6.9537275e-01
   7.0437019e-01
   7.0437019e-01
   6.9665812e-01
   6.8251927e-01
   6.6709510e-01
   6.4781489e-01
   6.3110540e-01
   6.1696658e-01
   6.0539847e-01
   5.9640103e-01
   5.8868893e-01
   5.7969151e-01
   5.7197944e-01
   5.6555272e-01
   5.5912599e-01
   5.5655527e-01
   5.5655527e-01
   5.5912596e-01
   5.6683806e-01
   5.7712082e-01
   5.8997430e-01
   6.0539847e-01
   6.2339333e-01
   6.4395888e-01
   6.6323906e-01
   6.8123392e-01
   6.9922878e-01
   7.1336761e-01
   7.2750643e-01
   7.3778919e-01
   7.4807198e-01
   7.5449871e-01
   7.5964012e-01
   7.5835474e-01
   7.5449871e-01
   7.4293060e-01
   7.2750640e-01
   7.0694085e-01
   6.8766068e-01
   6.6966581e-01
   6.5681234e-01
   6.5038561e-01
   6.5295630e-01
   6.6323909e-01
   6.8123395e-01
   7.0565554e-01
   7.3007712e-01
   7.5578408e-01
   7.7763498e-01
   7.9434446e-01
   8.0462725e-01
   8.0719794e-01
   8.0334188e-01
   7.9562981e-01
   7.8663239e-01
   7.8020567e-01
   7.7892029e-01
   7.8277636e-01
   7.9434446e-01
   8.0848326e-01
   8.2519280e-01
   8.3676091e-01
   8.4318766e-01
   8.4061695e-01
   8.3161953e-01
   8.1233932e-01
   7.8663239e-01
   7.5578405e-01
   7.2107968e-01
   6.8766068e-01
   6.5167095e-01
   6.1953727e-01
   5.8997430e-01
   5.6169665e-01
   5.3984576e-01
   5.1799486e-01
   4.9742931e-01
   4.7686376e-01
   4.5758355e-01
   4.3958869e-01
   4.2416452e-01
   4.1259642e-01
   4.0616969e-01
   4.0616969e-01
   4.1131104e-01
   4.2159383e-01
   4.3316194e-01
   4.4473007e-01
   4.5372752e-01
   4.6143959e-01
   4.6401028e-01
   4.6272493e-01
   4.6015427e-01
   4.5372752e-01
   4.4730079e-01
   4.4087404e-01
   4.3316197e-01
   4.2673521e-01
   4.1902314e-01
   4.1002570e-01
   4.0231363e-01
   3.9074549e-01
   3.7789204e-01
   3.6118253e-01
   3.4318766e-01
   3.2390746e-01
   3.0462725e-01
   2.8534705e-01
   2.6863756e-01
   2.5064267e-01
   2.3393319e-01
   2.1465295e-01
   1.9280206e-01
   1.6966581e-01
   1.4781495e-01
   1.2724937e-01
   1.1439592e-01
   1.0668382e-01
   1.0796916e-01
   1.1696658e-01
   1.3367609e-01
   1.5552702e-01
   1.8123395e-01
   2.0951160e-01
   2.3907454e-01
   2.6992288e-01
   3.0077122e-01
   3.3161956e-01
   3.5989718e-01
   3.8688948e-01
   4.0874035e-01
   4.2416455e-01
   4.3573263e-01
   4.4087404e-01
   4.4344476e-01
   4.4087407e-01
   4.3830335e-01
   4.3573266e-01
   4.3444728e-01
   4.3573263e-01
   4.3830335e-01
   4.4087404e-01
   4.4473007e-01
   4.4601542e-01
   4.4344473e-01
   4.3573266e-01
   4.2416452e-01
   4.1002573e-01
   3.9717225e-01
   3.8946018e-01
   3.8560411e-01
   3.9074549e-01
   3.9974294e-01
   4.1259642e-01
   4.2673524e-01
   4.3830338e-01
   4.4344473e-01
   4.4473010e-01
   4.3830335e-01
   4.2673524e-01
   4.1388176e-01
   3.9974294e-01
   3.8431879e-01
   3.7017994e-01
   3.5475577e-01
   3.4061697e-01
   3.2647818e-01
   3.1491002e-01
   3.0462725e-01
   2.9562981e-01
   2.9048843e-01
   2.8920311e-01
   2.9305915e-01
   2.9948587e-01
   3.1233935e-01
   3.2647818e-01
   3.4575836e-01
   3.6375322e-01
   3.7917739e-01
   3.9074552e-01
   3.9588690e-01
   3.9460156e-01
   3.8560414e-01
   3.7017997e-01
   3.5218511e-01
   3.3290490e-01
   3.1491004e-01
   3.0077122e-01
   2.9305915e-01
   2.9305915e-01
   3.0077122e-01
   3.1748073e-01
   3.4061697e-01
   3.7017994e-01
   3.9974294e-01
   4.2802056e-01
   4.4858611e-01
   4.6143959e-01
   4.6272493e-01
   4.5629821e-01
   4.4473007e-01
   4.2930590e-01
   4.1645245e-01
   4.0874035e-01
   4.0874035e-01
   4.1259642e-01
   4.1902314e-01
   4.2544987e-01
   4.2930593e-01
   4.2673524e-01
   4.2030849e-01
   4.0874035e-01
   3.9460156e-01
   3.8174808e-01
   3.7146531e-01
   3.6760928e-01
   3.7275063e-01
   3.8688946e-01
   4.0874035e-01
   4.3701800e-01
   4.6915169e-01
   5.0128535e-01
   5.2827762e-01
   5.5012852e-01
   5.6426737e-01
   5.6683803e-01
   5.6169668e-01
   5.4755786e-01
   5.2570696e-01
   4.9614396e-01
   4.6143959e-01
   4.1902314e-01
   3.7403598e-01
   3.2776349e-01
   2.8149101e-01
   2.4293060e-01
   2.1208229e-01
   1.9151674e-01
   1.8380464e-01
   1.8637533e-01
   1.9794346e-01
   2.1979433e-01
   2.4550132e-01
   2.7506429e-01
   3.0591260e-01
   3.3547559e-01
   3.6503856e-01
   3.8946015e-01
   4.0745504e-01
   4.2030849e-01
   4.2544990e-01
   4.2287918e-01
   4.1388176e-01
   4.0102828e-01
   3.8431879e-01
   3.6760925e-01
   3.5218511e-01
   3.4061697e-01
   3.3676094e-01
   3.4061697e-01
   3.5475580e-01
   3.7532132e-01
   4.0616969e-01
   4.3958869e-01
   4.7429307e-01
   5.0385606e-01
   5.2570693e-01
   5.3856041e-01
   5.3984576e-01
   5.2956297e-01
   5.1285348e-01
   4.9100258e-01
   4.6401028e-01
   4.3573266e-01
   4.0745501e-01
   3.8174808e-01
   3.5732649e-01
   3.3547557e-01
   3.2005142e-01
   3.0719794e-01
   3.0077122e-01
   2.9691518e-01
   2.9562984e-01
   2.9562981e-01
   2.9305912e-01
   2.8920308e-01
   2.8277636e-01
   2.7249360e-01
   2.5835477e-01
   2.4293060e-01
   2.2493574e-01
   2.0565554e-01
   1.8766068e-01
   1.7480720e-01
   1.6580978e-01
   1.6323909e-01
   1.6580981e-01
   1.7480722e-01
   1.8380464e-01
   1.9665809e-01
   2.0822623e-01
   2.1850899e-01
   2.2622109e-01
   2.3393316e-01
   2.3907457e-01
   2.4293060e-01
   2.4293060e-01
   2.3907457e-01
   2.2879180e-01
   2.1336761e-01
   1.8894602e-01
   1.6195372e-01
   1.3239078e-01
   1.0539847e-01
   8.3547576e-02
   7.0694096e-02
   6.9408751e-02
   7.8406168e-02
   9.6401056e-02
   1.2467868e-01
   1.5681236e-01
   1.9280206e-01
   2.2879178e-01
   2.6092546e-01
   2.8920308e-01
   3.1233932e-01
   3.3161956e-01
   3.4832907e-01
   3.6246787e-01
   3.7789204e-01
   3.9203087e-01
   4.1002570e-01
   4.2416452e-01
   4.3701800e-01
   4.4473010e-01
   4.4730079e-01
   4.4344473e-01
   4.3573266e-01
   4.2287918e-01
   4.1131107e-01
   3.9974294e-01
   3.9074552e-01
   3.8431877e-01
   3.8046276e-01
   3.8174808e-01
   3.8688946e-01
   3.9331618e-01
   4.0231363e-01
   4.1259642e-01
   4.1902314e-01
   4.2287918e-01
   4.2159383e-01
   4.1388176e-01
   4.0102828e-01
   3.8431877e-01
   3.6503859e-01
   3.4447301e-01
   3.2776352e-01
   3.1233932e-01
   2.9820050e-01
   2.8920308e-01
   2.8020564e-01
   2.7377894e-01
   2.6863753e-01
   2.6478150e-01
   2.6349615e-01
   2.6478150e-01
   2.6478150e-01
   2.6735219e-01
   2.7120822e-01
   2.7892032e-01
   2.8663239e-01
   2.9820053e-01
   3.0976866e-01
   3.2133677e-01
   3.3290490e-01
   3.3804628e-01
   3.4061697e-01
   3.3676094e-01
   3.2904887e-01
   3.1748073e-01
   3.0334191e-01
   2.8663242e-01
   2.7120822e-01
   2.5449874e-01
   2.4164526e-01
   2.3393319e-01
   2.3136247e-01
   2.3521853e-01
   2.4807201e-01
   2.6863753e-01
   2.9820053e-01
   3.2904887e-01
   3.6118255e-01
   3.8688946e-01
   4.0488432e-01
   4.0874038e-01
   4.0231363e-01
   3.8431877e-01
   3.5732649e-01
   3.2390746e-01
   2.8791774e-01
   2.5449874e-01
   2.2879178e-01
   2.1336761e-01
   2.1208229e-01
   2.2365040e-01
   2.4935733e-01
   2.8277636e-01
   3.2390746e-01
   3.6760925e-01
   4.0745501e-01
   4.3958869e-01
   4.6401028e-01
   4.7814910e-01
   4.8329048e-01
   4.8071979e-01
   4.7300772e-01
   4.6401028e-01
   4.5115683e-01
   4.4344473e-01
   4.3701800e-01
   4.3830335e-01
   4.4344473e-01
   4.5501286e-01
   4.7172238e-01
   4.9228793e-01
   5.1028279e-01
   5.2699230e-01
   5.3856041e-01
   5.4370179e-01
   5.4370182e-01
   5.3984578e-01
   5.3470438e-01
   5.2827762e-01
   5.2185092e-01
   5.1670952e-01
   5.1413882e-01
   5.1285348e-01
   5.1028279e-01
   5.0771207e-01
   5.0000000e-01
   4.8586120e-01
   4.6658097e-01
   4.4087404e-01
   4.1002570e-01
   3.7917739e-01
   3.4961439e-01
   3.2776349e-01
   3.1619539e-01
   3.1876608e-01
   3.3419025e-01
   3.5989718e-01
   3.9460156e-01
   4.3316197e-01
   4.7043703e-01
   5.0642673e-01
   5.3727507e-01
   5.6298200e-01
   5.8226220e-01
   5.9383034e-01
   6.0025706e-01
   5.9768640e-01
   5.8868896e-01
   5.7583548e-01
   5.5784062e-01
   5.3727507e-01
   5.1928021e-01
   5.0257069e-01
   4.9357325e-01
   4.9100258e-01
   4.9742931e-01
   5.1285348e-01
   5.3856041e-01
   5.6940875e-01
   6.0539844e-01
   6.4010285e-01
   6.7223651e-01
   6.9665812e-01
   7.0951157e-01
   7.1079692e-01
   7.0051415e-01
   6.8123392e-01
   6.5552702e-01
   6.2724937e-01
   5.9897172e-01
   5.7455013e-01
   5.5269924e-01
   5.3727509e-01
   5.2699228e-01
   5.2056555e-01
   5.1928021e-01
   5.2185090e-01
   5.2699228e-01
   5.3598972e-01
   5.4498717e-01
   5.5269924e-01
   5.5912596e-01
   5.6683806e-01
   5.7069410e-01
   5.7583548e-01
   5.8226220e-01
   5.8997430e-01
   5.9897172e-01
   6.0668379e-01
   6.1568123e-01
   6.2210799e-01
   6.2596402e-01
   6.2596402e-01
   6.2467865e-01
   6.1953727e-01
   6.1439589e-01
   6.0539844e-01
   5.9897172e-01
   5.9125965e-01
   5.8740361e-01
   5.8740361e-01
   5.8997427e-01
   5.9511568e-01
   6.0154241e-01
   6.0668379e-01
   6.1182520e-01
   6.1182520e-01
   6.0796913e-01
   6.0154244e-01
   5.9511568e-01
   5.8997430e-01
   5.8997430e-01
   5.9511568e-01
   6.0539844e-01
   6.2082261e-01
   6.3624678e-01
   6.5167095e-01
   6.6323909e-01
   6.7095116e-01
   6.7480720e-01
   6.7223651e-01
   6.6452443e-01
   6.5295630e-01
   6.4010285e-01
   6.2596399e-01
   6.1182517e-01
   6.0282778e-01
   5.9640103e-01
   5.9125965e-01
   5.9125965e-01
   5.9125965e-01
   5.9125965e-01
   5.9125965e-01
   5.8997430e-01
   5.8740361e-01
   5.8354755e-01
   5.8226220e-01
   5.8354758e-01
   5.8740358e-01
   5.9511568e-01
   6.0668379e-01
   6.2210796e-01
   6.4010285e-01
   6.5809768e-01
   6.7866323e-01
   6.9537275e-01
   7.0951157e-01
   7.1850902e-01
   7.2107968e-01
   7.1850902e-01
   7.1336761e-01
   7.0694088e-01
   7.0437019e-01
   7.0694085e-01
   7.1722364e-01
   7.3521853e-01
   7.5578405e-01
   7.7634960e-01
   7.9305912e-01
   8.0077122e-01
   7.9820050e-01
   7.8149098e-01
   7.5578405e-01
   7.2107971e-01
   6.8123395e-01
   6.4267351e-01
   6.1053982e-01
   5.8740358e-01
   5.7712082e-01
   5.8097686e-01
   5.9897172e-01
   6.2467865e-01
   6.5809771e-01
   6.9280206e-01
   7.2493574e-01
   7.5064267e-01
   7.6606681e-01
   7.7634960e-01
   7.8020567e-01
   7.8020567e-01
   7.7892032e-01
   7.8020567e-01
   7.8406170e-01
   7.9434446e-01
   8.0976863e-01
   8.3161953e-01
   8.5732649e-01
   8.8817480e-01
   9.2159380e-01
   9.5244214e-01
   9.7686376e-01
   9.9485859e-01
   1.0000000e+00
   9.9228790e-01
   9.6915169e-01
   9.3701797e-01
   8.9588687e-01
   8.5089974e-01
   8.0848329e-01
   7.6863753e-01
   7.3650385e-01
   7.1465295e-01
   7.0051413e-01
   6.9408740e-01
   6.9408740e-01
   6.9665809e-01
   6.9922878e-01
   7.0051415e-01
   6.9408740e-01
   6.8251927e-01
   6.6580975e-01
   6.4524420e-01
   6.2210799e-01
   5.9768637e-01
   5.7326476e-01
   5.4627251e-01
   5.2056555e-01
   4.9228793e-01
   4.6529562e-01
   4.3958869e-01
   4.1773780e-01
   4.0231363e-01
   3.9331621e-01
   3.9331618e-01
   4.0231363e-01
   4.1902314e-01
   4.3958869e-01
   4.6143959e-01
   4.8714652e-01
   5.0899744e-01
   5.2827762e-01
   5.4498717e-01
   5.5526993e-01
   5.5912596e-01
   5.5398458e-01
   5.4241645e-01
   5.2185090e-01
   4.9485862e-01
   4.6658097e-01
   4.3701800e-01
   4.1131107e-01
   3.9074552e-01
   3.7917739e-01
   3.7660670e-01
   3.8431879e-01
   4.0102828e-01
   4.2416452e-01
   4.4987148e-01
   4.7557841e-01
   4.9614396e-01
   5.0771207e-01
   5.0771210e-01
   5.0000000e-01
   4.8200514e-01
   4.6143959e-01
   4.4215941e-01
   4.2930590e-01
   4.2544987e-01
   4.3187662e-01
   4.4987145e-01
   4.7300772e-01
   5.0000000e-01
   5.2442161e-01
   5.4627251e-01
   5.5784062e-01
   5.5912596e-01
   5.5012855e-01
   5.3213369e-01
   5.0771207e-01
   4.7814910e-01
   4.4987148e-01
   4.2673521e-01
   4.1002573e-01
   4.0102828e-01
   3.9717225e-01
   3.9974294e-01
   4.0231363e-01
   4.0231365e-01
   3.9974294e-01
   3.9203087e-01
   3.8174808e-01
   3.6889460e-01
   3.5861184e-01
   3.5089976e-01
   3.4961439e-01
   3.5475577e-01
   3.6375322e-01
   3.7917739e-01
   3.9588690e-01
   4.1388176e-01
   4.3059128e-01
   4.4473010e-01
   4.5629821e-01
   4.6272496e-01
   4.6658097e-01
   4.6529562e-01
   4.6143959e-01
   4.5758355e-01
   4.5115683e-01
   4.4344473e-01
   4.3573266e-01
   4.2673521e-01
   4.1516711e-01
   4.0359897e-01
   3.9203087e-01
   3.8303342e-01
   3.7917739e-01
   3.8174808e-01
   3.8946015e-01
   4.0359897e-01
   4.2159383e-01
   4.4087404e-01
   4.6015424e-01
   4.7557841e-01
   4.8971721e-01
   4.9871465e-01
   5.0899742e-01
   5.1413882e-01
   5.2313624e-01
   5.3213369e-01
   5.4370179e-01
   5.5784062e-01
   5.7455013e-01
   5.9383034e-01
   6.1568123e-01
   6.3753213e-01
   6.5552702e-01
   6.7095116e-01
   6.7866323e-01
   6.8251927e-01
   6.7737789e-01
   6.6966581e-01
   6.5938303e-01
   6.4781492e-01
   6.3624681e-01
   6.2724937e-01
   6.1696658e-01
   6.0796913e-01
   5.9640103e-01
   5.8226223e-01
   5.6555269e-01
   5.4755786e-01
   5.2570693e-01
   5.0385604e-01
   4.8200514e-01
   4.6143962e-01
   4.4473007e-01
   4.3573266e-01
   4.3316197e-01
   4.4087404e-01
   4.5629821e-01
   4.7943445e-01
   5.0514138e-01
   5.3341900e-01
   5.6041131e-01
   5.8097686e-01
   6.0025706e-01
   6.1311054e-01
   6.2210796e-01
   6.2724937e-01
   6.2982006e-01
   6.2982006e-01
   6.2724937e-01
   6.2210796e-01
   6.1825192e-01
   6.1311054e-01
   6.0668382e-01
   6.0154241e-01
   5.9640103e-01
   5.9254499e-01
   5.8740358e-01
   5.8226223e-01
   5.7455013e-01
   5.6555269e-01
   5.5784062e-01
   5.4755783e-01
   5.4113110e-01
   5.3598972e-01
   5.3084834e-01
   5.2827765e-01
   5.2570696e-01
   5.2570693e-01
   5.2699228e-01
   5.2956299e-01
   5.3470438e-01
   5.4241647e-01
   5.5012852e-01
   5.5655527e-01
   5.6041134e-01
   5.5912599e-01
   5.5141386e-01
   5.3727507e-01
   5.1670952e-01
   4.9100258e-01
   4.6401028e-01
   4.3573266e-01
   4.1002573e-01
   3.8946018e-01
   3.7917739e-01
   3.7660670e-01
   3.8560411e-01
   4.0359897e-01
   4.2673521e-01
   4.5115683e-01
   4.7557841e-01
   4.9357327e-01
   5.0514138e-01
   5.1156813e-01
   5.1285348e-01
   5.1285348e-01
   5.1285348e-01
   5.1542417e-01
   5.1928021e-01
   5.2442159e-01
   5.3213369e-01
   5.3856041e-01
   5.4370179e-01
   5.4884320e-01
   5.5141386e-01
   5.5269924e-01
   5.5269924e-01
   5.5269924e-01
   5.5269924e-01
   5.5269924e-01
   5.5398455e-01
   5.5784062e-01
   5.6298200e-01
   5.7069407e-01
   5.7969151e-01
   5.8997430e-01
   6.0154241e-01
   6.1311054e-01
   6.2596399e-01
   6.4010282e-01
   6.5552699e-01
   6.7352185e-01
   6.9280206e-01
   7.1208226e-01
   7.3007712e-01
   7.4421595e-01
   7.5064267e-01
   7.4807198e-01
   7.4035988e-01
   7.2365040e-01
   7.0179947e-01
   6.7609254e-01
   6.4910026e-01
   6.2339330e-01
   5.9897175e-01
   5.8097689e-01
   5.6683806e-01
   5.6041134e-01
   5.6041131e-01
   5.6683806e-01
   5.7712082e-01
   5.8997430e-01
   6.0282775e-01
   6.1568123e-01
   6.2596399e-01
   6.3624681e-01
   6.4138816e-01
   6.4395886e-01
   6.4138816e-01
   6.3496144e-01
   6.2210799e-01
   6.0539847e-01
   5.8483289e-01
   5.6298203e-01
   5.4113113e-01
   5.2442159e-01
   5.1285345e-01
   5.1028279e-01
   5.1156811e-01
   5.1799486e-01
   5.2956299e-01
   5.4241645e-01
   5.5526993e-01
   5.6683803e-01
   5.7712082e-01
   5.8611827e-01
   5.9383034e-01
   6.0154244e-01
   6.0668379e-01
   6.1439589e-01
   6.2210796e-01
   6.3239075e-01
   6.4395888e-01
   6.5809768e-01
   6.7352185e-01
   6.8766065e-01
   7.0051413e-01
   7.1208226e-01
   7.2107971e-01
   7.2879178e-01
   7.3650388e-01
   7.4421595e-01
   7.5064267e-01
   7.5835477e-01
   7.6478150e-01
