  -6.4087892e+01
  -3.7262531e+01
  -4.9439230e+00
   2.8702220e+01
   5.9922179e+01
   8.5969329e+01
   1.0569924e+02
   1.1956970e+02
   1.2936599e+02
   1.3737697e+02
   1.4575418e+02
   1.5564202e+02
   1.6690318e+02
   1.7775235e+02
   1.8567178e+02
   1.8768597e+02
   1.8136874e+02
   1.6575875e+02
   1.4149691e+02
   1.1100938e+02
   7.7912566e+01
   4.6509498e+01
   2.0645456e+01
   2.9755100e+00
  -5.5390250e+00
  -5.7221340e+00
   9.1554000e-02
   8.6518650e+00
   1.6845960e+01
   2.1972991e+01
   2.2659647e+01
   1.8677042e+01
   1.0803388e+01
   5.9510200e-01
  -1.0437171e+01
  -2.1057450e+01
  -3.0533303e+01
  -3.8818951e+01
  -4.6234836e+01
  -5.3376058e+01
  -6.0883498e+01
  -6.8986038e+01
  -7.7729457e+01
  -8.6701763e+01
  -9.5353628e+01
  -1.0263218e+02
  -1.0766766e+02
  -1.0968185e+02
  -1.0794232e+02
  -1.0222019e+02
  -9.2881666e+01
  -8.0796520e+01
  -6.7612726e+01
  -5.5252918e+01
  -4.5685512e+01
  -4.0604258e+01
  -4.1107805e+01
  -4.7196155e+01
  -5.7816434e+01
  -7.1229114e+01
  -8.5053788e+01
  -9.6864271e+01
  -1.0478370e+02
  -1.0775921e+02
  -1.0565347e+02
  -9.9107347e+01
  -8.9539941e+01
  -7.8370336e+01
  -6.6880293e+01
  -5.6031128e+01
  -4.6143282e+01
  -3.7033646e+01
  -2.8656443e+01
  -2.0782788e+01
  -1.3641566e+01
  -8.1940950e+00
  -5.5390250e+00
  -7.0496680e+00
  -1.3870451e+01
  -2.6413367e+01
  -4.3991760e+01
  -6.5003434e+01
  -8.6610208e+01
  -1.0569924e+02
  -1.1929503e+02
  -1.2492561e+02
  -1.2149233e+02
  -1.0940719e+02
  -9.0455482e+01
  -6.7521172e+01
  -4.4083315e+01
  -2.3575189e+01
  -9.0180820e+00
  -2.1972990e+00
  -3.8452740e+00
  -1.3458457e+01
  -2.9434653e+01
  -4.9530785e+01
  -7.0771343e+01
  -9.0409704e+01
  -1.0556191e+02
  -1.1421378e+02
  -1.1485466e+02
  -1.0693523e+02
  -9.0775922e+01
  -6.7841612e+01
  -4.0238040e+01
  -1.0803388e+01
   1.7441062e+01
   4.1290913e+01
   5.8045320e+01
   6.5644313e+01
   6.3080796e+01
   5.0446326e+01
   2.9297322e+01
   2.0599680e+00
  -2.7649348e+01
  -5.5985351e+01
  -7.9011216e+01
  -9.3568323e+01
  -9.7276265e+01
  -8.9539940e+01
  -7.1046006e+01
  -4.4174868e+01
  -1.2176699e+01
   2.0828565e+01
   5.0583657e+01
   7.3426413e+01
   8.6472877e+01
   8.8258182e+01
   7.8782330e+01
   5.9647517e+01
   3.3417258e+01
   3.4332800e+00
  -2.6871138e+01
  -5.4566262e+01
  -7.7592126e+01
  -9.4850081e+01
  -1.0647745e+02
  -1.1334401e+02
  -1.1654841e+02
  -1.1732662e+02
  -1.1645686e+02
  -1.1421378e+02
  -1.1073472e+02
  -1.0588235e+02
  -9.9931335e+01
  -9.3385214e+01
  -8.7067979e+01
  -8.1986724e+01
  -7.8644999e+01
  -7.7134355e+01
  -7.6539254e+01
  -7.5211719e+01
  -7.1274892e+01
  -6.2760357e+01
  -4.8615243e+01
  -2.8976882e+01
  -5.1270310e+00
   2.0096132e+01
   4.3579766e+01
   6.2211032e+01
   7.3746853e+01
   7.7409018e+01
   7.3929961e+01
   6.5552758e+01
   5.5069810e+01
   4.5319295e+01
   3.8269627e+01
   3.4378576e+01
   3.2822157e+01
   3.1540398e+01
   2.8152896e+01
   2.0553902e+01
   7.7821010e+00
  -9.6131840e+00
  -2.9663539e+01
  -4.9439231e+01
  -6.5644312e+01
  -7.5806820e+01
  -7.8599222e+01
  -7.4296178e+01
  -6.4774548e+01
  -5.2964065e+01
  -4.1931792e+01
  -3.4561685e+01
  -3.2684825e+01
  -3.6987869e+01
  -4.6829938e+01
  -6.0608835e+01
  -7.6310369e+01
  -9.1737239e+01
  -1.0478370e+02
  -1.1389334e+02
  -1.1787594e+02
  -1.1618219e+02
  -1.0853742e+02
  -9.5262073e+01
  -7.6859693e+01
  -5.4520485e+01
  -2.9846647e+01
  -4.8065920e+00
   1.8402380e+01
   3.7582970e+01
   5.0858320e+01
   5.6855116e+01
   5.5161364e+01
   4.6189059e+01
   3.1494621e+01
   1.3321126e+01
  -5.9052420e+00
  -2.3300526e+01
  -3.6667429e+01
  -4.4403754e+01
  -4.5960174e+01
  -4.1611353e+01
  -3.2547494e+01
  -2.0462349e+01
  -7.4616620e+00
   4.5777070e+00
   1.3962005e+01
   1.9501030e+01
   2.0553902e+01
   1.7074845e+01
   9.4758530e+00
  -1.2817580e+00
  -1.4099336e+01
  -2.7649348e+01
  -4.0512703e+01
  -5.1361868e+01
  -5.9327077e+01
  -6.3721675e+01
  -6.4271000e+01
  -6.1341268e+01
  -5.5344472e+01
  -4.7196155e+01
  -3.7811856e+01
  -2.8244450e+01
  -1.9226368e+01
  -1.1535821e+01
  -5.5848020e+00
  -1.6021970e+00
   4.1199400e-01
   5.0354800e-01
  -1.1902030e+00
  -4.5319300e+00
  -9.4758530e+00
  -1.5930419e+01
  -2.3987182e+01
  -3.3279927e+01
  -4.3442435e+01
  -5.3513390e+01
  -6.2348363e+01
  -6.8665599e+01
  -7.1320668e+01
  -6.9718471e+01
  -6.3859006e+01
  -5.4795148e+01
  -4.4129092e+01
  -3.4058136e+01
  -2.6276035e+01
  -2.2156100e+01
  -2.1560998e+01
  -2.3483635e+01
  -2.5818265e+01
  -2.6047151e+01
  -2.1789883e+01
  -1.1718929e+01
   4.2572670e+00
   2.4765393e+01
   4.7196154e+01
   6.8574044e+01
   8.6106661e+01
   9.8054474e+01
   1.0405127e+02
   1.0528725e+02
   1.0395972e+02
   1.0240330e+02
   1.0258640e+02
   1.0505836e+02
   1.0881209e+02
   1.1119249e+02
   1.0890364e+02
   9.8741130e+01
   7.8919661e+01
   5.0080110e+01
   1.5289540e+01
  -1.9729916e+01
  -4.7928588e+01
  -6.2348363e+01
  -5.7679103e+01
  -3.1540398e+01
   1.4740215e+01
   7.5944152e+01
   1.4406043e+02
   2.0952163e+02
   2.6303502e+02
   2.9718471e+02
   3.0775921e+02
   2.9420920e+02
   2.5946441e+02
   2.0943007e+02
   1.5129320e+02
   9.2607004e+01
   4.0100710e+01
  -1.5106440e+00
  -2.9800870e+01
  -4.4403754e+01
  -4.6875716e+01
  -4.0054932e+01
  -2.7283131e+01
  -1.1902037e+01
   3.0670640e+00
   1.5335317e+01
   2.3208972e+01
   2.5909819e+01
   2.3025864e+01
   1.4740215e+01
   1.9226360e+00
  -1.4236668e+01
  -3.2043946e+01
  -4.9347677e+01
  -6.3721675e+01
  -7.2922865e+01
  -7.4845502e+01
  -6.8390936e+01
  -5.3147173e+01
  -3.0167086e+01
  -1.4190890e+00
   3.0167086e+01
   6.0975051e+01
   8.7525749e+01
   1.0675212e+02
   1.1645686e+02
   1.1595331e+02
   1.0574502e+02
   8.7708858e+01
   6.4499886e+01
   3.9276723e+01
   1.5197986e+01
  -5.3559160e+00
  -2.0874342e+01
  -3.0762188e+01
  -3.5477226e+01
  -3.5843442e+01
  -3.3188373e+01
  -2.8427558e+01
  -2.2522316e+01
  -1.6067750e+01
  -9.3842980e+00
  -3.0212870e+00
   2.3804070e+00
   6.0425730e+00
   6.9581140e+00
   4.3488220e+00
  -1.9226370e+00
  -1.1718929e+01
  -2.3712520e+01
  -3.5980773e+01
  -4.6326390e+01
  -5.2506294e+01
  -5.2735180e+01
  -4.6189060e+01
  -3.3005264e+01
  -1.4602884e+01
   7.0496680e+00
   2.9343099e+01
   4.9668116e+01
   6.5644312e+01
   7.5806821e+01
   7.9377432e+01
   7.6264591e+01
   6.7109178e+01
   5.3055619e+01
   3.5294117e+01
   1.5243763e+01
  -5.8136870e+00
  -2.6504921e+01
  -4.5456626e+01
  -6.1387045e+01
  -7.2877089e+01
  -7.8782330e+01
  -7.8416113e+01
  -7.1686885e+01
  -5.9372854e+01
  -4.3167773e+01
  -2.5360494e+01
  -8.7434200e+00
   4.2114900e+00
   1.1352712e+01
   1.1627375e+01
   4.9897000e+00
  -7.2327760e+00
  -2.3208973e+01
  -4.0100709e+01
  -5.5115587e+01
  -6.5323873e+01
  -6.8253605e+01
  -6.2073701e+01
  -4.5548180e+01
  -1.8539712e+01
   1.8036164e+01
   6.2027924e+01
   1.1009384e+02
   1.5825132e+02
   2.0196841e+02
   2.3698787e+02
   2.5987640e+02
   2.6871138e+02
   2.6340124e+02
   2.4596017e+02
   2.1972992e+02
   1.8956283e+02
   1.6049439e+02
   1.3728542e+02
   1.2350652e+02
   1.2103456e+02
   1.2991531e+02
   1.4845502e+02
   1.7344930e+02
   2.0082399e+02
   2.2655070e+02
   2.4687571e+02
   2.5918975e+02
   2.6216526e+02
   2.5598535e+02
   2.4197757e+02
   2.2247654e+02
   2.0013733e+02
   1.7775235e+02
   1.5756466e+02
   1.4154269e+02
   1.3041886e+02
   1.2460517e+02
   1.2373541e+02
   1.2698558e+02
   1.3316548e+02
   1.4099336e+02
   1.4909590e+02
   1.5623713e+02
   1.6127260e+02
   1.6337835e+02
   1.6200504e+02
   1.5696956e+02
   1.4850080e+02
   1.3719387e+02
   1.2396429e+02
   1.1009384e+02
   9.7001602e+01
   8.5923553e+01
   7.8324559e+01
   7.4937057e+01
   7.6264591e+01
   8.2078279e+01
   9.1599908e+01
   1.0345617e+02
   1.1590753e+02
   1.2693980e+02
   1.3490501e+02
   1.3833829e+02
   1.3655299e+02
   1.2968643e+02
   1.1851682e+02
   1.0455482e+02
   8.9677271e+01
   7.6035706e+01
   6.5323873e+01
   5.9143969e+01
   5.8182651e+01
   6.2348363e+01
   7.0862898e+01
   8.2215610e+01
   9.4529641e+01
   1.0574502e+02
   1.1412222e+02
   1.1824216e+02
   1.1769284e+02
   1.1247425e+02
   1.0359350e+02
   9.2515450e+01
   8.0979629e+01
   7.0634013e+01
   6.2851911e+01
   5.8503090e+01
   5.7816434e+01
   6.0379949e+01
   6.5232318e+01
   7.1000229e+01
   7.6218815e+01
   7.9652095e+01
   8.0109865e+01
   7.7271687e+01
   7.1137560e+01
   6.2439918e+01
   5.2414740e+01
   4.2481117e+01
   3.4149691e+01
   2.8610666e+01
   2.6733807e+01
   2.8656443e+01
   3.3920805e+01
   4.1519799e+01
   5.0171664e+01
   5.8365759e+01
   6.4820325e+01
   6.8528267e+01
   6.8848707e+01
   6.5781644e+01
   5.9601739e+01
   5.1132982e+01
   4.1245136e+01
   3.0716411e+01
   2.0553902e+01
   1.1398489e+01
   3.7079420e+00
  -2.1057450e+00
  -5.8136880e+00
  -7.3701080e+00
  -6.9581140e+00
  -4.6692610e+00
  -1.0070960e+00
   3.5248340e+00
   8.2856490e+00
   1.2634470e+01
   1.5930418e+01
   1.7944610e+01
   1.8722819e+01
   1.8539712e+01
   1.8173495e+01
   1.8310826e+01
   1.9775693e+01
   2.2888533e+01
   2.7969787e+01
   3.4424353e+01
   4.1702906e+01
   4.8615244e+01
   5.4154268e+01
   5.7312886e+01
   5.7404441e+01
   5.4337377e+01
   4.8477913e+01
   4.0558481e+01
   3.1815060e+01
   2.3666743e+01
   1.7303731e+01
   1.3824674e+01
   1.3916228e+01
   1.7532617e+01
   2.4078736e+01
   3.2547494e+01
   4.1474021e+01
   4.9485008e+01
   5.5115587e+01
   5.7495994e+01
   5.6214237e+01
   5.1499199e+01
   4.3945983e+01
   3.4653239e+01
   2.4811170e+01
   1.5701533e+01
   8.2398710e+00
   3.0670640e+00
   3.2044000e-01
  -4.5777000e-02
   1.2359810e+00
   3.4790570e+00
   5.7679100e+00
   7.2327760e+00
   7.1870000e+00
   5.4932480e+00
   2.1972990e+00
  -1.9684140e+00
  -6.0883500e+00
  -9.0180820e+00
  -9.7047380e+00
  -7.5074380e+00
  -2.4261850e+00
   4.6692610e+00
   1.2085145e+01
   1.7624170e+01
   1.8905928e+01
   1.3962005e+01
   1.7853060e+00
  -1.7395285e+01
  -4.2023346e+01
  -6.9443809e+01
  -9.6406500e+01
  -1.1998169e+02
  -1.3797208e+02
  -1.4969101e+02
  -1.5568780e+02
  -1.5779355e+02
  -1.5838865e+02
  -1.5989929e+02
  -1.6374456e+02
  -1.7065690e+02
  -1.8008698e+02
  -1.9075303e+02
  -2.0100709e+02
  -2.0956741e+02
  -2.1556420e+02
  -2.1881437e+02
  -2.1991302e+02
  -2.1959258e+02
  -2.1858549e+02
  -2.1730373e+02
  -2.1570153e+02
  -2.1336690e+02
  -2.0970474e+02
  -2.0416571e+02
  -1.9661250e+02
  -1.8722820e+02
  -1.7674525e+02
  -1.6612497e+02
  -1.5651179e+02
  -1.4905013e+02
  -1.4447242e+02
  -1.4328222e+02
  -1.4538796e+02
  -1.5024033e+02
  -1.5669490e+02
  -1.6319524e+02
  -1.6791028e+02
  -1.6878004e+02
  -1.6397345e+02
  -1.5234608e+02
  -1.3348592e+02
  -1.0812543e+02
  -7.8049897e+01
  -4.6143282e+01
  -1.5793088e+01
   9.6589610e+00
   2.7466240e+01
   3.5751888e+01
   3.4332799e+01
   2.4216068e+01
   7.6905470e+00
  -1.2634470e+01
  -3.4012360e+01
  -5.4566262e+01
  -7.3151750e+01
  -8.9814602e+01
  -1.0537881e+02
  -1.2075990e+02
  -1.3659876e+02
  -1.5280385e+02
  -1.6836805e+02
  -1.8132296e+02
  -1.8956283e+02
  -1.9121080e+02
  -1.8503090e+02
  -1.7143511e+02
  -1.5188830e+02
  -1.2918288e+02
  -1.0675212e+02
  -8.7846189e+01
  -7.5303273e+01
  -7.0771344e+01
  -7.4570840e+01
  -8.5923553e+01
  -1.0286107e+02
  -1.2268254e+02
  -1.4273289e+02
  -1.6012818e+02
  -1.7257954e+02
  -1.7839322e+02
  -1.7651637e+02
  -1.6676585e+02
  -1.4991989e+02
  -1.2739757e+02
  -1.0157931e+02
  -7.5165942e+01
  -5.1224536e+01
  -3.2593271e+01
  -2.1377890e+01
  -1.8997482e+01
  -2.5268940e+01
  -3.8818952e+01
  -5.7038224e+01
  -7.6676585e+01
  -9.3888762e+01
  -1.0551614e+02
  -1.0945296e+02
  -1.0478370e+02
  -9.2332341e+01
  -7.4204623e+01
  -5.3559166e+01
  -3.4058137e+01
  -1.8997482e+01
  -1.0849165e+01
  -1.0940719e+01
  -1.9272144e+01
  -3.4515907e+01
  -5.4337377e+01
  -7.5761044e+01
  -9.5857175e+01
  -1.1178760e+02
  -1.2158389e+02
  -1.2433051e+02
  -1.2007324e+02
  -1.1000229e+02
  -9.6223392e+01
  -8.1300069e+01
  -6.7887388e+01
  -5.8182651e+01
  -5.3650721e+01
  -5.4657816e+01
  -6.0883497e+01
  -7.1046006e+01
  -8.3451591e+01
  -9.6452277e+01
  -1.0835431e+02
  -1.1783017e+02
  -1.2405585e+02
  -1.2607004e+02
  -1.2336919e+02
  -1.1508354e+02
  -1.0080110e+02
  -8.0109865e+01
  -5.3376058e+01
  -2.1606775e+01
   1.3092241e+01
   4.7791256e+01
   7.9011216e+01
   1.0318151e+02
   1.1737240e+02
   1.1984436e+02
   1.1050584e+02
   9.0867475e+01
   6.4225223e+01
   3.4927901e+01
   7.4616620e+00
  -1.3962005e+01
  -2.6276036e+01
  -2.8152896e+01
  -1.9821469e+01
  -3.0670630e+00
   1.9134813e+01
   4.3396658e+01
   6.6422522e+01
   8.5465782e+01
   9.8512245e+01
   1.0446326e+02
   1.0299840e+02
   9.4575418e+01
   8.0109865e+01
   6.0837720e+01
   3.8315404e+01
   1.4190890e+01
  -9.9336230e+00
  -3.2410162e+01
  -5.1956969e+01
  -6.7338064e+01
  -7.7958343e+01
  -8.3543145e+01
  -8.4275578e+01
  -8.0750744e+01
  -7.3884184e+01
  -6.4774548e+01
  -5.4566262e+01
  -4.4495308e+01
  -3.5568781e+01
  -2.8656443e+01
  -2.4078737e+01
  -2.2064546e+01
  -2.2293431e+01
  -2.3987183e+01
  -2.6413367e+01
  -2.8702220e+01
  -3.0029755e+01
  -3.0029755e+01
  -2.8702220e+01
  -2.6367590e+01
  -2.3620966e+01
  -2.1240559e+01
  -1.9867246e+01
  -1.9592584e+01
  -2.0187686e+01
  -2.0737011e+01
  -1.9958801e+01
  -1.6388190e+01
  -8.7434200e+00
   3.7079420e+00
   2.0828565e+01
   4.1702907e+01
   6.4454108e+01
   8.6793317e+01
   1.0629435e+02
   1.2094301e+02
   1.2945754e+02
   1.3133440e+02
   1.2689403e+02
   1.1686885e+02
   1.0235752e+02
   8.4504463e+01
   6.4637217e+01
   4.4403754e+01
   2.6047151e+01
   1.2497139e+01
   7.3701080e+00
   1.4282444e+01
   3.6255436e+01
   7.4525063e+01
   1.2808423e+02
   1.9276722e+02
   2.6207370e+02
   3.2753490e+02
   3.8049897e+02
   4.1368734e+02
   4.2261387e+02
   4.0677501e+02
   3.6942092e+02
   3.1723507e+02
   2.5882353e+02
   2.0283818e+02
   1.5651179e+02
   1.2401007e+02
   1.0611124e+02
   1.0020600e+02
   1.0139620e+02
   1.0359350e+02
   1.0144198e+02
   9.1142138e+01
   7.1595330e+01
   4.4312200e+01
   1.3046463e+01
  -1.7166400e+01
  -4.1290913e+01
  -5.5481803e+01
  -5.7724880e+01
  -4.8523689e+01
  -3.0212864e+01
  -6.9581140e+00
   1.6525520e+01
   3.5980774e+01
   4.7882811e+01
   5.0537881e+01
   4.4129091e+01
   3.0304417e+01
   1.2039369e+01
  -7.1412220e+00
  -2.3712520e+01
  -3.4744793e+01
  -3.8315404e+01
  -3.3554589e+01
  -2.1103227e+01
  -2.3346310e+00
   2.0416571e+01
   4.4403753e+01
   6.6926070e+01
   8.5374228e+01
   9.7779812e+01
   1.0263218e+02
   9.9427786e+01
   8.8303960e+01
   7.0359350e+01
   4.7287709e+01
   2.1515221e+01
  -3.9368270e+00
  -2.6276035e+01
  -4.2572671e+01
  -5.0858320e+01
  -4.9988556e+01
  -4.0238041e+01
  -2.3071642e+01
  -9.6131800e-01
   2.2934310e+01
   4.5273518e+01
   6.3126574e+01
   7.4204624e+01
   7.7454795e+01
   7.2602426e+01
   6.0563058e+01
   4.2984665e+01
   2.1927215e+01
  -3.2043900e-01
  -2.1423666e+01
  -3.9459830e+01
  -5.2964065e+01
  -6.0929274e+01
  -6.3035019e+01
  -5.9372854e+01
  -5.0766765e+01
  -3.8223850e+01
  -2.2796979e+01
  -5.6763560e+00
   1.2130923e+01
   2.9983978e+01
   4.7333486e+01
   6.3996338e+01
   7.9697871e+01
   9.4163424e+01
   1.0684367e+02
   1.1691463e+02
   1.2318608e+02
   1.2442206e+02
   1.1956970e+02
   1.0785077e+02
   8.9494163e+01
   6.5644312e+01
   3.8635844e+01
   1.1444267e+01
  -1.2451362e+01
  -3.0029755e+01
  -3.9139391e+01
  -3.9185168e+01
  -3.1174182e+01
  -1.7532616e+01
  -1.7395280e+00
   1.2680248e+01
   2.2842756e+01
   2.7283131e+01
   2.5955596e+01
   2.0508125e+01
   1.3504235e+01
   7.9652090e+00
   6.6376740e+00
   1.1078050e+01
   2.1469444e+01
   3.6804760e+01
   5.4612039e+01
   7.2098879e+01
   8.6335546e+01
   9.5262073e+01
   9.7779812e+01
   9.4163424e+01
   8.5877775e+01
   7.5165942e+01
   6.4637216e+01
   5.6809338e+01
   5.3147173e+01
   5.4337377e+01
   5.9967957e+01
   6.8802930e+01
   7.9148546e+01
   8.9265278e+01
   9.7779812e+01
   1.0386816e+02
   1.0711833e+02
   1.0780499e+02
   1.0620279e+02
   1.0263218e+02
   9.7413596e+01
   9.0821699e+01
   8.2764935e+01
   7.3701076e+01
   6.4042115e+01
   5.4657817e+01
   4.6417945e+01
   4.0558480e+01
   3.7949187e+01
   3.9230945e+01
   4.4586862e+01
   5.3238727e+01
   6.4271001e+01
   7.5852597e+01
   8.6152438e+01
   9.3247883e+01
   9.5536736e+01
   9.1920348e+01
   8.1849394e+01
   6.5644312e+01
   4.4037537e+01
   1.8402381e+01
  -9.7047380e+00
  -3.8452735e+01
  -6.5918974e+01
  -9.0318150e+01
  -1.0986496e+02
  -1.2286564e+02
  -1.2808423e+02
  -1.2455940e+02
  -1.1229114e+02
  -9.2011902e+01
  -6.5598535e+01
  -3.5843443e+01
  -6.2256810e+00
   1.9455253e+01
   3.7949188e+01
   4.6509499e+01
   4.4037538e+01
   3.0945296e+01
   9.1096360e+00
  -1.8081941e+01
  -4.6692607e+01
  -7.2419318e+01
  -9.1645686e+01
  -1.0185397e+02
  -1.0185397e+02
  -9.2149233e+01
  -7.4479286e+01
  -5.1728084e+01
  -2.7237354e+01
  -4.1199360e+00
   1.4969101e+01
   2.8336004e+01
   3.5385672e+01
   3.6255436e+01
   3.1998169e+01
   2.3712520e+01
   1.2680247e+01
   1.3733100e-01
  -1.2863355e+01
  -2.5497826e+01
  -3.6758984e+01
  -4.5868620e+01
  -5.1911193e+01
  -5.4245823e+01
  -5.2323187e+01
  -4.6189060e+01
  -3.6163882e+01
  -2.3117418e+01
  -8.3772030e+00
   6.8207830e+00
   2.0874342e+01
   3.2684824e+01
   4.1153582e+01
   4.5593957e+01
   4.5639735e+01
   4.1153582e+01
   3.2318608e+01
   1.9638362e+01
   3.7537200e+00
  -1.4236667e+01
  -3.3279927e+01
  -5.1819638e+01
  -6.8619821e+01
  -8.2124056e+01
  -9.1233692e+01
  -9.5307851e+01
  -9.4163425e+01
  -8.8624400e+01
  -7.9926757e+01
  -7.0084688e+01
  -6.0929274e+01
  -5.4108491e+01
  -5.0080110e+01
  -4.8249027e+01
  -4.6509499e+01
  -4.1840238e+01
  -3.0945296e+01
  -1.1078050e+01
   1.9043259e+01
   5.8503090e+01
   1.0437171e+02
   1.5179675e+02
   1.9519341e+02
   2.2915999e+02
   2.4980545e+02
   2.5525292e+02
   2.4609751e+02
   2.2526894e+02
   1.9716182e+02
   1.6667430e+02
   1.3852140e+02
   1.1599908e+02
   1.0130465e+02
   9.4987411e+01
   9.6314946e+01
   1.0395972e+02
   1.1595331e+02
   1.3032731e+02
   1.4488441e+02
   1.5751888e+02
   1.6603342e+02
   1.6827649e+02
   1.6237125e+02
   1.4703594e+02
   1.2195010e+02
   8.8075074e+01
   4.7516594e+01
   3.7537190e+00
  -3.9414054e+01
  -7.7958343e+01
  -1.0881209e+02
  -1.3023575e+02
  -1.4213779e+02
  -1.4602884e+02
  -1.4447242e+02
  -1.4053559e+02
  -1.3719387e+02
  -1.3655299e+02
  -1.3957427e+02
  -1.4607462e+02
  -1.5500114e+02
  -1.6488899e+02
  -1.7399863e+02
  -1.8118563e+02
  -1.8567178e+02
  -1.8713665e+02
  -1.8580911e+02
  -1.8200961e+02
  -1.7633326e+02
  -1.6910048e+02
  -1.6063172e+02
  -1.5133898e+02
  -1.4158846e+02
  -1.3179217e+02
  -1.2259098e+02
  -1.1467155e+02
  -1.0867475e+02
  -1.0519570e+02
  -1.0455482e+02
  -1.0684367e+02
  -1.1160449e+02
  -1.1819638e+02
  -1.2552071e+02
  -1.3234150e+02
  -1.3728542e+02
  -1.3943694e+02
  -1.3810941e+02
  -1.3325704e+02
  -1.2542916e+02
  -1.1581598e+02
  -1.0588235e+02
  -9.7276264e+01
  -9.1371023e+01
  -8.9036393e+01
  -9.0592813e+01
  -9.5490959e+01
  -1.0244907e+02
  -1.0986496e+02
  -1.1577020e+02
  -1.1833372e+02
  -1.1641108e+02
  -1.0945296e+02
  -9.8146029e+01
  -8.4046693e+01
  -6.9718471e+01
  -5.7907988e+01
  -5.1407645e+01
  -5.1956969e+01
  -6.0196842e+01
  -7.5120165e+01
  -9.4209201e+01
  -1.1393912e+02
  -1.3009842e+02
  -1.3907072e+02
  -1.3838407e+02
  -1.2703136e+02
  -1.0620279e+02
  -7.8553445e+01
  -4.7974365e+01
  -1.8814374e+01
   5.0812550e+00
   2.0874342e+01
   2.7191577e+01
   2.4307622e+01
   1.3641566e+01
  -2.3346300e+00
  -2.1194781e+01
  -4.0695811e+01
  -5.9189746e+01
  -7.5715266e+01
  -8.9997711e+01
  -1.0208286e+02
  -1.1206226e+02
  -1.1993591e+02
  -1.2538338e+02
  -1.2813001e+02
  -1.2790112e+02
  -1.2478828e+02
  -1.1924926e+02
  -1.1233692e+02
  -1.0519570e+02
  -9.9061570e+01
  -9.4850080e+01
  -9.3156329e+01
  -9.4026093e+01
  -9.6910048e+01
  -1.0116732e+02
  -1.0601968e+02
  -1.1073472e+02
  -1.1485466e+02
  -1.1801328e+02
  -1.1993591e+02
  -1.2053101e+02
  -1.1966125e+02
  -1.1728084e+02
  -1.1352712e+02
  -1.0899519e+02
  -1.0428016e+02
  -1.0057221e+02
  -9.8741131e+01
  -9.9656672e+01
  -1.0350195e+02
  -1.0995651e+02
  -1.1760128e+02
  -1.2455940e+02
  -1.2872511e+02
  -1.2790112e+02
  -1.2062257e+02
  -1.0652323e+02
  -8.6427100e+01
  -6.2439918e+01
  -3.7582971e+01
  -1.5152208e+01
   1.6021970e+00
   1.0437171e+01
   1.0437171e+01
   2.0141910e+00
  -1.2680247e+01
  -3.0853742e+01
  -4.9118791e+01
  -6.4225223e+01
  -7.3838407e+01
  -7.6676585e+01
  -7.2648203e+01
  -6.3035020e+01
  -4.9668116e+01
  -3.5111009e+01
  -2.1698329e+01
  -1.1535821e+01
  -6.1799040e+00
  -6.1799040e+00
  -1.1398490e+01
  -2.0737011e+01
  -3.2776379e+01
  -4.5548180e+01
  -5.7587548e+01
  -6.7383841e+01
  -7.4433509e+01
  -7.8461891e+01
  -7.9697872e+01
  -7.8233005e+01
  -7.3929961e+01
  -6.5781644e+01
  -5.2414741e+01
  -3.1952392e+01
  -2.9297320e+00
   3.5294118e+01
   8.1849394e+01
   1.3385214e+02
   1.8699931e+02
   2.3570611e+02
   2.7434195e+02
   2.9800870e+02
   3.0373083e+02
   2.9109636e+02
   2.6216526e+02
   2.2124056e+02
   1.7409018e+02
   1.2666514e+02
   8.4229801e+01
   5.0583658e+01
   2.7466240e+01
   1.4785992e+01
   1.0757611e+01
   1.2680247e+01
   1.7624171e+01
   2.2934310e+01
   2.6779584e+01
   2.8198672e+01
   2.7145800e+01
   2.3849851e+01
   1.9226367e+01
   1.3916228e+01
   8.6518650e+00
   3.8910500e+00
  -9.1554000e-02
  -3.2501710e+00
  -5.6763570e+00
  -7.8278780e+00
  -1.0299840e+01
  -1.4099336e+01
  -2.0141909e+01
  -2.9297322e+01
  -4.1931792e+01
  -5.7816434e+01
  -7.5532158e+01
  -9.3110552e+01
  -1.0780499e+02
  -1.1682307e+02
  -1.1769284e+02
  -1.0917830e+02
  -9.1462577e+01
  -6.6147860e+01
  -3.6575875e+01
  -6.6834520e+00
   1.9180590e+01
   3.7354086e+01
   4.5502403e+01
   4.3076219e+01
   3.1082627e+01
   1.2451362e+01
  -9.2011900e+00
  -2.9846647e+01
  -4.5960174e+01
  -5.5115587e+01
  -5.6305790e+01
  -4.9942778e+01
  -3.7857633e+01
  -2.2339208e+01
  -6.1799040e+00
   8.1025410e+00
   1.8448157e+01
   2.3529412e+01
   2.2476539e+01
   1.5152209e+01
   1.8768600e+00
  -1.6159304e+01
  -3.7079423e+01
  -5.8274205e+01
  -7.6218814e+01
  -8.7067979e+01
  -8.7113756e+01
  -7.3563745e+01
  -4.5273518e+01
  -3.4332800e+00
   4.8432136e+01
   1.0460060e+02
   1.5815976e+02
   2.0205997e+02
   2.3044175e+02
   2.3996338e+02
   2.3016709e+02
   2.0389105e+02
   1.6649119e+02
   1.2469673e+02
   8.5191120e+01
   5.3467612e+01
   3.2364385e+01
   2.1927214e+01
   1.9592584e+01
   2.0828565e+01
   2.0599680e+01
   1.4465553e+01
   0.0000000e+00
  -2.3117418e+01
  -5.2414740e+01
  -8.3817807e+01
  -1.1238270e+02
  -1.3339437e+02
  -1.4369421e+02
  -1.4195468e+02
  -1.2909132e+02
  -1.0785077e+02
  -8.1849393e+01
  -5.5024033e+01
  -3.0670634e+01
  -1.0849164e+01
   3.6163890e+00
   1.2909133e+01
   1.8036164e+01
   2.0187686e+01
   2.0325017e+01
   1.8951706e+01
   1.6159304e+01
   1.1718929e+01
   5.4016940e+00
  -2.6092930e+00
  -1.1856260e+01
  -2.1240559e+01
  -2.9388876e+01
  -3.5065233e+01
  -3.7262532e+01
  -3.5797665e+01
  -3.1082628e+01
  -2.4536507e+01
  -1.7944610e+01
  -1.3321127e+01
  -1.2176699e+01
  -1.5289540e+01
  -2.2613870e+01
  -3.2867933e+01
  -4.4174868e+01
  -5.4154269e+01
  -6.0929274e+01
  -6.2851911e+01
  -5.9555962e+01
  -5.1590753e+01
  -4.0604257e+01
  -2.8702221e+01
  -1.8356603e+01
  -1.1673151e+01
  -9.9794000e+00
  -1.3733120e+01
  -2.2156100e+01
  -3.3783475e+01
  -4.6463721e+01
  -5.7953765e+01
  -6.6285191e+01
  -7.0405127e+01
  -7.0130464e+01
  -6.6285191e+01
  -6.0379949e+01
  -5.4200046e+01
  -4.9576562e+01
  -4.7745479e+01
  -4.9210345e+01
  -5.3650721e+01
  -6.0105287e+01
  -6.7200733e+01
  -7.3334860e+01
  -7.7454795e+01
  -7.8644998e+01
  -7.6585031e+01
  -7.1641108e+01
  -6.4454108e+01
  -5.5939575e+01
  -4.7196154e+01
  -3.9185168e+01
  -3.2639048e+01
  -2.8015564e+01
  -2.5452049e+01
  -2.4856947e+01
  -2.5818265e+01
  -2.7740902e+01
  -3.0212863e+01
  -3.2822157e+01
  -3.5248341e+01
  -3.7354086e+01
  -3.8864729e+01
  -3.9459831e+01
  -3.8544289e+01
  -3.5248340e+01
  -2.8793774e+01
  -1.8677043e+01
  -4.5777070e+00
   1.2817578e+01
   3.2272831e+01
   5.1728084e+01
   6.8986038e+01
   8.1757839e+01
   8.8395514e+01
   8.8258183e+01
   8.1803616e+01
   7.0588235e+01
   5.6855116e+01
   4.3213550e+01
   3.1815061e+01
   2.4032959e+01
   2.0004578e+01
   1.8677043e+01
   1.8173495e+01
   1.6067750e+01
   1.0391394e+01
  -2.7466300e-01
  -1.5655756e+01
  -3.4470131e+01
  -5.4108492e+01
  -7.1549554e+01
  -8.3955138e+01
  -8.9311055e+01
  -8.7022201e+01
  -7.8004120e+01
  -6.4179446e+01
  -4.8477912e+01
  -3.3646143e+01
  -2.1835661e+01
  -1.4145113e+01
  -1.0620279e+01
  -1.0162509e+01
  -1.1352713e+01
  -1.2588693e+01
  -1.2680247e+01
  -1.1261158e+01
  -8.6976430e+00
  -5.8594640e+00
  -3.8452740e+00
  -3.5706110e+00
  -5.4016940e+00
  -9.0638590e+00
  -1.3824674e+01
  -1.8310826e+01
  -2.1423667e+01
  -2.2201877e+01
  -2.0462349e+01
  -1.6617075e+01
  -1.1856260e+01
  -7.6447700e+00
  -5.4932480e+00
  -6.5003440e+00
  -1.1078050e+01
  -1.8768597e+01
  -2.8610666e+01
  -3.8910506e+01
  -4.8065918e+01
  -5.4612039e+01
  -5.7770657e+01
  -5.7221332e+01
  -5.3330281e+01
  -4.7013046e+01
  -3.9139391e+01
  -3.0716411e+01
  -2.2476540e+01
  -1.4877546e+01
  -7.9652100e+00
  -1.7395280e+00
   4.0283820e+00
   9.2469680e+00
   1.3733120e+01
   1.6983291e+01
   1.8265049e+01
   1.6937514e+01
   1.2268254e+01
   4.2114900e+00
  -6.8665590e+00
  -1.9867246e+01
  -3.3188372e+01
  -4.4815748e+01
  -5.2964065e+01
  -5.6122683e+01
  -5.3788052e+01
  -4.6417945e+01
  -3.5431448e+01
  -2.2842756e+01
  -1.0849164e+01
  -1.4190890e+00
   4.2114900e+00
   5.5848020e+00
   3.1586180e+00
  -1.9226360e+00
  -8.4229800e+00
  -1.5106431e+01
  -2.0965896e+01
  -2.5543602e+01
  -2.8610666e+01
  -3.0258641e+01
  -3.0441749e+01
  -2.8793774e+01
  -2.4902723e+01
  -1.8173495e+01
  -8.1483170e+00
   5.0354770e+00
   2.0553903e+01
   3.6896315e+01
   5.1728084e+01
   6.2668803e+01
   6.7521172e+01
   6.4911879e+01
   5.4749371e+01
   3.8315404e+01
   1.8081941e+01
  -2.7924010e+00
  -2.1149004e+01
  -3.4515908e+01
  -4.1565575e+01
  -4.2526894e+01
  -3.8544290e+01
  -3.1219958e+01
  -2.2018768e+01
  -1.1718929e+01
   3.2043900e-01
   1.5426871e+01
   3.5477226e+01
   6.1936370e+01
   9.5307851e+01
   1.3435569e+02
   1.7624170e+02
   2.1716640e+02
   2.5273518e+02
   2.7910277e+02
   2.9393454e+02
   2.9672694e+02
   2.8867018e+02
   2.7251087e+02
   2.5172808e+02
   2.2980087e+02
   2.0975052e+02
   1.9336233e+02
   1.8168917e+02
   1.7477684e+02
   1.7221332e+02
   1.7308308e+02
   1.7683681e+02
   1.8233005e+02
   1.8883040e+02
   1.9510185e+02
   1.9986267e+02
   2.0178531e+02
   1.9954223e+02
   1.9221790e+02
   1.7962921e+02
   1.6223392e+02
   1.4126802e+02
   1.1833371e+02
   9.5216296e+01
   7.3472191e+01
   5.4062714e+01
   3.7262532e+01
   2.2934310e+01
   1.0345617e+01
  -1.0528730e+00
  -1.1718929e+01
  -2.1972992e+01
  -3.1586176e+01
  -4.0375372e+01
  -4.8249027e+01
  -5.5207141e+01
  -6.1387045e+01
  -6.7063401e+01
  -7.2510872e+01
  -7.7637904e+01
  -8.2261387e+01
  -8.5740444e+01
  -8.7342642e+01
  -8.6564431e+01
  -8.3314259e+01
  -7.7912565e+01
  -7.1458000e+01
  -6.5232319e+01
  -6.0791944e+01
  -5.9327077e+01
  -6.1661707e+01
  -6.7612726e+01
  -7.6539254e+01
  -8.6930648e+01
  -9.6910048e+01
  -1.0446326e+02
  -1.0785077e+02
  -1.0597391e+02
  -9.8329137e+01
  -8.5465782e+01
  -6.8711376e+01
  -5.0171664e+01
  -3.2227054e+01
  -1.7486839e+01
  -8.1025410e+00
  -5.4932480e+00
  -1.0162509e+01
  -2.1606775e+01
  -3.8315404e+01
  -5.8182651e+01
  -7.8599222e+01
  -9.6910048e+01
  -1.1078050e+02
  -1.1860838e+02
  -1.1938659e+02
  -1.1338979e+02
  -1.0148776e+02
  -8.5694667e+01
  -6.8574044e+01
  -5.2872511e+01
  -4.1107805e+01
  -3.5248340e+01
  -3.6209659e+01
  -4.3579766e+01
  -5.5848020e+01
  -7.0405127e+01
  -8.4229801e+01
  -9.4254978e+01
  -9.8054474e+01
  -9.4209202e+01
  -8.2627604e+01
  -6.4545663e+01
  -4.2389563e+01
  -1.9363699e+01
   1.1444270e+00
   1.5976196e+01
   2.2842756e+01
   2.0691234e+01
   9.7962920e+00
  -7.8278780e+00
  -2.9159991e+01
  -5.0171664e+01
  -6.6697185e+01
  -7.5120165e+01
  -7.2648204e+01
  -5.8411536e+01
  -3.3142596e+01
   2.7466200e-01
   3.7766080e+01
   7.4158847e+01
   1.0418860e+02
   1.2323186e+02
   1.2817578e+02
   1.1792172e+02
   9.3430991e+01
   5.7724880e+01
   1.5381094e+01
  -2.8290226e+01
  -6.8116273e+01
  -9.9748226e+01
  -1.2025635e+02
  -1.2858778e+02
  -1.2547494e+02
  -1.1297780e+02
  -9.4117647e+01
  -7.2327764e+01
  -5.0812543e+01
  -3.2135500e+01
  -1.8219272e+01
  -9.9794000e+00
  -7.5074380e+00
  -1.0345617e+01
  -1.7395284e+01
  -2.7237354e+01
  -3.8086519e+01
  -4.8432136e+01
  -5.6580453e+01
  -6.1387045e+01
  -6.2211032e+01
  -5.9052415e+01
  -5.2506295e+01
  -4.3625543e+01
  -3.3783475e+01
  -2.4261845e+01
  -1.6250858e+01
  -1.0254062e+01
  -6.3630130e+00
  -4.1199360e+00
  -2.9297320e+00
  -1.7853050e+00
  -4.5777000e-02
   2.8839550e+00
   7.2327760e+00
   1.2726025e+01
   1.9089036e+01
   2.5635157e+01
   3.1860838e+01
   3.6987869e+01
   4.0604258e+01
   4.2206454e+01
   4.1519799e+01
   3.8223850e+01
   3.2318609e+01
   2.3941406e+01
   1.3641566e+01
   2.2888530e+00
  -8.9265280e+00
  -1.8493935e+01
  -2.4719616e+01
  -2.6596475e+01
  -2.3437858e+01
  -1.5472648e+01
  -3.9826040e+00
   9.1096360e+00
   2.1149004e+01
   2.9755093e+01
   3.3051042e+01
   3.0121309e+01
   2.1377890e+01
   8.4687580e+00
  -6.0425720e+00
  -1.9272145e+01
  -2.8381781e+01
  -3.1265736e+01
  -2.7008469e+01
  -1.6021973e+01
   1.3733100e-01
   1.8951706e+01
   3.7399862e+01
   5.2597848e+01
   6.2119478e+01
   6.4637217e+01
   5.9739071e+01
   4.8432136e+01
   3.2364385e+01
   1.3962005e+01
  -4.1657130e+00
  -1.9638361e+01
  -3.0762188e+01
  -3.6484321e+01
  -3.6713207e+01
  -3.2089723e+01
  -2.3712520e+01
  -1.3046464e+01
  -1.6021970e+00
   9.3385210e+00
   1.8860151e+01
   2.6596475e+01
   3.2318608e+01
   3.6163882e+01
   3.8315404e+01
   3.9047837e+01
   3.8406958e+01
   3.6301213e+01
   3.2639048e+01
   2.7283132e+01
   2.0416571e+01
   1.2222476e+01
   3.3875030e+00
  -5.2185850e+00
  -1.2588693e+01
  -1.7761501e+01
  -2.0141909e+01
  -1.9226368e+01
  -1.5197986e+01
  -8.4687580e+00
   2.7466200e-01
   1.0116731e+01
   2.0050355e+01
   2.9205768e+01
   3.6804761e+01
   4.2160678e+01
   4.4861525e+01
   4.4541085e+01
   4.1245136e+01
   3.5248341e+01
   2.7008469e+01
   1.7303731e+01
   6.9581140e+00
  -3.1128410e+00
  -1.2268254e+01
  -1.9867247e+01
  -2.5818265e+01
  -2.9892424e+01
  -3.2455939e+01
  -3.3417258e+01
  -3.2867933e+01
  -3.0670634e+01
  -2.6504921e+01
  -1.9821469e+01
  -1.0482948e+01
   1.6479740e+00
   1.6296636e+01
   3.2593271e+01
   4.9256122e+01
   6.4499886e+01
   7.6676585e+01
   8.4184024e+01
   8.6289769e+01
   8.2948043e+01
   7.5074387e+01
   6.4545662e+01
   5.3513390e+01
   4.4129091e+01
   3.7720302e+01
   3.4561685e+01
   3.3737698e+01
   3.3508812e+01
   3.1769283e+01
   2.7054246e+01
   1.9089036e+01
   9.3385210e+00
   6.8665600e-01
  -2.9297320e+00
   2.2430760e+00
   1.8814374e+01
   4.7333486e+01
   8.5648890e+01
   1.2922866e+02
   1.7198444e+02
   2.0741588e+02
   2.3021286e+02
   2.3744564e+02
   2.2902266e+02
   2.0782788e+02
   1.7880522e+02
   1.4799725e+02
   1.2062257e+02
   1.0057221e+02
   8.9036393e+01
   8.4916456e+01
   8.5236897e+01
   8.6198214e+01
   8.4184024e+01
   7.6997024e+01
   6.4179446e+01
   4.7013046e+01
   2.8244450e+01
   1.1078050e+01
  -1.6479750e+00
  -8.0567640e+00
  -7.8278780e+00
  -2.0599680e+00
   7.1412230e+00
   1.6845961e+01
   2.4307622e+01
   2.7191577e+01
   2.3987182e+01
   1.4282445e+01
  -1.0986500e+00
  -2.0370795e+01
  -4.0558480e+01
  -5.8228427e+01
  -6.9398031e+01
  -7.0450904e+01
  -5.8457313e+01
  -3.2089723e+01
   8.1940940e+00
   5.9555963e+01
   1.1750973e+02
   1.7573816e+02
   2.2778668e+02
   2.6738384e+02
   2.9008927e+02
   2.9361410e+02
   2.7837034e+02
   2.4728771e+02
   2.0512703e+02
   1.5770199e+02
   1.1087205e+02
   6.9489586e+01
   3.7125200e+01
   1.5381094e+01
   4.1657130e+00
   2.1972990e+00
   7.0496690e+00
   1.6296635e+01
   2.7283131e+01
   3.8132296e+01
   4.7150378e+01
   5.3513389e+01
   5.6626230e+01
   5.6168460e+01
   5.2048523e+01
   4.4403754e+01
   3.3600366e+01
   2.0325017e+01
   5.4016940e+00
  -9.9794000e+00
  -2.4582284e+01
  -3.7079423e+01
  -4.6417945e+01
  -5.1911193e+01
  -5.3284504e+01
  -5.0766765e+01
  -4.4998856e+01
  -3.7033646e+01
  -2.7924010e+01
  -1.8905928e+01
  -1.0986495e+01
  -4.9439230e+00
  -1.2817580e+00
   0.0000000e+00
  -1.0528730e+00
  -3.9368280e+00
  -8.1483180e+00
  -1.3092241e+01
  -1.8356604e+01
  -2.3483634e+01
  -2.8244450e+01
  -3.2593271e+01
  -3.6163882e+01
  -3.8864729e+01
  -4.0192263e+01
  -3.9780270e+01
  -3.7262531e+01
  -3.2455940e+01
  -2.5543603e+01
  -1.6800183e+01
  -7.0496680e+00
   2.9297320e+00
   1.2268253e+01
   2.0599680e+01
   2.7374685e+01
   3.2730602e+01
   3.6850538e+01
   4.0054933e+01
   4.2618448e+01
   4.4724193e+01
   4.6189059e+01
   4.6784161e+01
   4.6326390e+01
   4.4495308e+01
   4.1336690e+01
   3.7125200e+01
   3.2455940e+01
   2.7969787e+01
   2.4628062e+01
   2.2934310e+01
   2.3254749e+01
   2.5406272e+01
   2.8747997e+01
   3.2272831e+01
   3.4744793e+01
   3.5111009e+01
   3.2593271e+01
   2.7100023e+01
   1.9089036e+01
   9.6131840e+00
   2.2888500e-01
  -7.3701080e+00
  -1.1764706e+01
  -1.1993591e+01
  -7.8736550e+00
   1.3733100e-01
   1.0803388e+01
   2.2293431e+01
   3.2639048e+01
   3.9871824e+01
   4.2343786e+01
   3.9322500e+01
   3.0670634e+01
   1.7441062e+01
   1.2359800e+00
  -1.5564202e+01
  -3.0624857e+01
  -4.1702907e+01
  -4.7425040e+01
  -4.7287709e+01
  -4.1794461e+01
  -3.2410163e+01
  -2.1377889e+01
  -1.0849165e+01
  -2.9297320e+00
   8.6976400e-01
   1.3733200e-01
  -4.8981460e+00
  -1.3046463e+01
  -2.2568093e+01
  -3.1677729e+01
  -3.8635844e+01
  -4.2298009e+01
  -4.2069123e+01
  -3.8361181e+01
  -3.2135500e+01
  -2.4765393e+01
  -1.7944609e+01
  -1.3000687e+01
  -1.0894942e+01
  -1.1902038e+01
  -1.5747311e+01
  -2.1515220e+01
  -2.8152895e+01
  -3.4653239e+01
  -4.0192264e+01
  -4.4357977e+01
  -4.7196154e+01
  -4.8889906e+01
  -4.9805448e+01
  -5.0080110e+01
  -4.9713893e+01
  -4.8386358e+01
  -4.5548180e+01
  -4.0650034e+01
  -3.3279926e+01
  -2.3254749e+01
  -1.0803387e+01
   3.3875030e+00
   1.8173495e+01
   3.2227054e+01
   4.3991760e+01
   5.2048524e+01
   5.5298695e+01
   5.3147173e+01
   4.5502403e+01
   3.3096818e+01
   1.7257954e+01
  -3.2043900e-01
  -1.7624170e+01
  -3.3005265e+01
  -4.4998855e+01
  -5.2826734e+01
  -5.6305791e+01
  -5.5619134e+01
  -5.1361868e+01
  -4.4037537e+01
  -3.3875028e+01
  -2.0782788e+01
  -4.4403750e+00
   1.5564202e+01
   3.9185169e+01
   6.5598535e+01
   9.2835889e+01
   1.1783017e+02
   1.3678187e+02
   1.4566262e+02
   1.4135958e+02
   1.2268254e+02
   9.0913253e+01
   5.0400549e+01
   8.1025400e+00
  -2.7466240e+01
  -4.7837034e+01
  -4.6326390e+01
  -1.9684138e+01
   3.0853742e+01
   9.9610895e+01
   1.7734035e+02
   2.5264363e+02
   3.1471733e+02
   3.5477226e+02
   3.6800183e+02
   3.5426871e+02
   3.1769284e+02
   2.6578164e+02
   2.0746166e+02
   1.5161364e+02
   1.0547036e+02
   7.3609522e+01
   5.7679103e+01
   5.6809338e+01
   6.8253605e+01
   8.8166629e+01
   1.1252003e+02
   1.3751431e+02
   1.5994507e+02
   1.7720302e+02
   1.8736553e+02
   1.8915084e+02
   1.8191806e+02
   1.6566720e+02
   1.4140536e+02
   1.1087205e+02
   7.6676585e+01
   4.1657130e+01
   8.9265280e+00
  -1.9226367e+01
  -4.1153582e+01
  -5.6626231e+01
  -6.6239414e+01
  -7.1641108e+01
  -7.4616617e+01
  -7.6997025e+01
  -7.9835202e+01
  -8.3634699e+01
  -8.7937743e+01
  -9.2057679e+01
  -9.5078965e+01
  -9.6223392e+01
  -9.5399405e+01
  -9.2835889e+01
  -8.9585718e+01
  -8.6518654e+01
  -8.4779125e+01
  -8.5053788e+01
  -8.7571527e+01
  -9.2149233e+01
  -9.8100252e+01
  -1.0450904e+02
  -1.1046006e+02
  -1.1499199e+02
  -1.1746395e+02
  -1.1732662e+02
  -1.1458000e+02
  -1.0936141e+02
  -1.0203708e+02
  -9.3430991e+01
  -8.4321355e+01
  -7.5715267e+01
  -6.8802930e+01
  -6.4499886e+01
  -6.3721676e+01
  -6.6971848e+01
  -7.4387731e+01
  -8.5420004e+01
  -9.8832684e+01
  -1.1288624e+02
  -1.2542916e+02
  -1.3435569e+02
  -1.3815518e+02
  -1.3604944e+02
  -1.2854200e+02
  -1.1723507e+02
  -1.0455482e+02
  -9.3110551e+01
  -8.4733348e+01
  -8.0201419e+01
  -7.8507668e+01
  -7.7180133e+01
  -7.2739757e+01
  -6.1615931e+01
  -4.1336690e+01
  -1.1306935e+01
   2.6688030e+01
   6.8482491e+01
   1.0858320e+02
   1.4094759e+02
   1.6072328e+02
   1.6488899e+02
   1.5335317e+02
   1.2877089e+02
   9.5811399e+01
   6.0334173e+01
   2.7740902e+01
   2.4261850e+00
  -1.3641565e+01
  -2.0645456e+01
  -2.0645456e+01
  -1.6754406e+01
  -1.2314031e+01
  -9.9794000e+00
  -1.0986496e+01
  -1.5335317e+01
  -2.1972991e+01
  -2.9068436e+01
  -3.5111010e+01
  -3.8910505e+01
  -4.0192264e+01
  -3.9642938e+01
  -3.8315404e+01
  -3.7674525e+01
  -3.8773175e+01
  -4.2481117e+01
  -4.8981460e+01
  -5.7999542e+01
  -6.8802929e+01
  -8.0567636e+01
  -9.2195010e+01
  -1.0258641e+02
  -1.1064317e+02
  -1.1508354e+02
  -1.1485466e+02
  -1.0890364e+02
  -9.6635386e+01
  -7.8141451e+01
  -5.4337377e+01
  -2.7008468e+01
   1.2817580e+00
   2.7420462e+01
   4.8249028e+01
   6.1158159e+01
   6.4545663e+01
   5.7999542e+01
   4.2664225e+01
   2.0828565e+01
  -4.1657130e+00
  -2.8793774e+01
  -4.9668116e+01
  -6.4316777e+01
  -7.1457999e+01
  -7.1000229e+01
  -6.4133669e+01
  -5.2826733e+01
  -3.9414054e+01
  -2.6321813e+01
  -1.5381094e+01
  -8.0567640e+00
  -4.8523690e+00
  -5.7679110e+00
  -1.0437171e+01
  -1.7944610e+01
  -2.7374685e+01
  -3.7720302e+01
  -4.8065919e+01
  -5.7541771e+01
  -6.5644313e+01
  -7.1915770e+01
  -7.6081483e+01
  -7.8187229e+01
  -7.8370336e+01
  -7.6676585e+01
  -7.3334859e+01
  -6.8711376e+01
  -6.2943466e+01
  -5.6397345e+01
  -4.9530786e+01
  -4.2755779e+01
  -3.6804761e+01
  -3.2089723e+01
  -2.9114213e+01
  -2.8244450e+01
  -2.9617762e+01
  -3.3279927e+01
  -3.9139392e+01
  -4.6967270e+01
  -5.6534676e+01
  -6.7521172e+01
  -7.9331654e+01
  -9.1142138e+01
  -1.0176242e+02
  -1.1000229e+02
  -1.1444266e+02
  -1.1384756e+02
  -1.0748455e+02
  -9.5353628e+01
  -7.8004120e+01
  -5.6992447e+01
  -3.4195468e+01
  -1.2039368e+01
   7.1869990e+00
   2.1606775e+01
   2.9892424e+01
   3.1586175e+01
   2.7100023e+01
   1.7853055e+01
   5.5848020e+00
  -7.4616610e+00
  -1.9089037e+01
  -2.7328909e+01
  -3.1036850e+01
  -2.9663538e+01
  -2.3483635e+01
  -1.3504234e+01
  -1.0070960e+00
   1.2359808e+01
   2.5177386e+01
   3.6438544e+01
   4.5639735e+01
   5.2780957e+01
   5.8457313e+01
   6.3401236e+01
   6.8482490e+01
   7.4296177e+01
   8.1208514e+01
   8.8990616e+01
   9.7184710e+01
   1.0482948e+02
   1.1105516e+02
   1.1512932e+02
   1.1636530e+02
   1.1458000e+02
   1.0995651e+02
   1.0249485e+02
   9.2561227e+01
   8.0384527e+01
   6.6239414e+01
   5.0308995e+01
   3.3142596e+01
   1.5518426e+01
  -1.3733120e+00
  -1.6021973e+01
  -2.7008469e+01
  -3.3005265e+01
  -3.3508812e+01
  -2.8473335e+01
  -1.8951705e+01
  -6.6376740e+00
   6.5918980e+00
   1.8722820e+01
   2.8290227e+01
   3.4149691e+01
   3.6072328e+01
   3.4241246e+01
   2.9114214e+01
   2.1423667e+01
   1.1856260e+01
   1.1902040e+00
  -9.7047380e+00
  -1.9913023e+01
  -2.8015564e+01
  -3.2593271e+01
  -3.2227055e+01
  -2.5726711e+01
  -1.2634470e+01
   6.4087890e+00
   2.9846647e+01
   5.4886702e+01
   7.8187228e+01
   9.6406501e+01
   1.0670634e+02
   1.0743877e+02
   9.8558022e+01
   8.1803616e+01
   6.0334173e+01
   3.8086518e+01
   1.8951705e+01
   6.1799040e+00
   1.3733120e+00
   4.6234840e+00
   1.4328222e+01
   2.7603570e+01
   4.1245137e+01
   5.2094301e+01
   5.7953765e+01
   5.7633326e+01
   5.1316091e+01
   4.0100709e+01
   2.6047150e+01
   1.1398489e+01
  -1.3275350e+00
  -9.9336240e+00
  -1.2451362e+01
  -7.4616610e+00
   5.9967960e+00
   2.7969787e+01
   5.7770657e+01
   9.3614099e+01
   1.3289082e+02
   1.7230487e+02
   2.0823987e+02
   2.3707942e+02
   2.5603113e+02
   2.6321813e+02
   2.5845731e+02
   2.4275578e+02
   2.1853971e+02
   1.8905928e+02
   1.5788510e+02
   1.2822156e+02
   1.0249485e+02
   8.1849393e+01
   6.6102083e+01
   5.4108491e+01
   4.3808652e+01
   3.3188372e+01
   2.0553902e+01
   5.1270310e+00
  -1.2726025e+01
  -3.1631953e+01
  -4.9485008e+01
  -6.3904784e+01
  -7.2922866e+01
  -7.5074388e+01
  -7.0038911e+01
  -5.8503090e+01
  -4.2114900e+01
  -2.3117418e+01
  -3.9826040e+00
   1.3000686e+01
   2.5772488e+01
   3.2959487e+01
   3.4058137e+01
   2.9068437e+01
   1.8905928e+01
   4.8523690e+00
  -1.1261158e+01
  -2.7283131e+01
  -4.1336691e+01
  -5.1407644e+01
  -5.6168460e+01
  -5.4886702e+01
  -4.7516594e+01
  -3.5065232e+01
  -1.9134813e+01
  -2.1057450e+00
   1.3138018e+01
   2.4170291e+01
   2.9297322e+01
   2.7878233e+01
   2.1240559e+01
   1.2222476e+01
   4.9897000e+00
   4.4861530e+00
   1.5014877e+01
   3.9688716e+01
   7.8919662e+01
   1.3032731e+02
   1.8878462e+02
   2.4701305e+02
   2.9700160e+02
   3.3115129e+02
   3.4410620e+02
   3.3339437e+02
   3.0029755e+02
   2.4939345e+02
   1.8796063e+02
   1.2446784e+02
   6.7109178e+01
   2.2568093e+01
  -5.2185860e+00
  -1.5335317e+01
  -1.0070955e+01
   6.0883500e+00
   2.7100023e+01
   4.6921493e+01
   6.0288395e+01
   6.3767453e+01
   5.6031128e+01
   3.7994965e+01
   1.1993591e+01
  -1.8127718e+01
  -4.8432135e+01
  -7.5165942e+01
  -9.5307851e+01
  -1.0688945e+02
  -1.0904097e+02
  -1.0217441e+02
  -8.7388418e+01
  -6.6742962e+01
  -4.2618448e+01
  -1.7669947e+01
   5.4474710e+00
   2.4216067e+01
   3.6804761e+01
   4.2023346e+01
   3.9642939e+01
   3.0441749e+01
   1.6113527e+01
  -9.1554200e-01
  -1.7853056e+01
  -3.1860838e+01
  -4.0878920e+01
  -4.3625543e+01
  -4.0054932e+01
  -3.1265736e+01
  -1.9409475e+01
  -7.1869990e+00
   2.7466240e+00
   8.3772030e+00
   8.6060880e+00
   3.5706110e+00
  -5.4474710e+00
  -1.6342413e+01
  -2.6962692e+01
  -3.5294117e+01
  -4.0283817e+01
  -4.1794461e+01
  -4.0421149e+01
  -3.7720302e+01
  -3.5019455e+01
  -3.3875029e+01
  -3.4973678e+01
  -3.8315404e+01
  -4.3533989e+01
  -4.9622339e+01
  -5.5573358e+01
  -6.0471503e+01
  -6.3767453e+01
  -6.4911879e+01
  -6.3996337e+01
  -6.0929274e+01
  -5.5710689e+01
  -4.8203250e+01
  -3.8498513e+01
  -2.6550698e+01
  -1.2634470e+01
   2.4719620e+00
   1.7578393e+01
   3.0991074e+01
   4.0924697e+01
   4.5731289e+01
   4.4129092e+01
   3.5934997e+01
   2.1927214e+01
   4.0283820e+00
  -1.5060655e+01
  -3.2089723e+01
  -4.4220646e+01
  -4.9073015e+01
  -4.5685511e+01
  -3.4287022e+01
  -1.6388189e+01
   5.2643620e+00
   2.7283131e+01
   4.6234836e+01
   5.8823530e+01
   6.2714580e+01
   5.6580453e+01
   4.0878919e+01
   1.7532616e+01
  -9.8878460e+00
  -3.6530098e+01
  -5.6717785e+01
  -6.5140764e+01
  -5.7633326e+01
  -3.2043946e+01
   1.0986496e+01
   6.7658504e+01
   1.3165484e+02
   1.9473564e+02
   2.4838636e+02
   2.8487068e+02
   2.9887846e+02
   2.8844129e+02
   2.5511559e+02
   2.0375372e+02
   1.4158846e+02
   7.7042801e+01
   1.7990386e+01
  -2.8976883e+01
  -6.0151065e+01
  -7.4387732e+01
  -7.3380637e+01
  -6.1020828e+01
  -4.2343786e+01
  -2.2476539e+01
  -5.6305790e+00
   5.3559160e+00
   9.7962920e+00
   8.7434200e+00
   4.7150380e+00
   9.6131800e-01
   6.8665600e-01
   6.3172350e+00
   1.8722820e+01
   3.7262531e+01
   5.9372854e+01
   8.1254292e+01
   9.8374914e+01
   1.0652323e+02
   1.0249485e+02
   8.5236896e+01
   5.6031128e+01
   1.8814374e+01
  -2.0233463e+01
  -5.4108491e+01
