   3.9999999e-01
   4.2327586e-01
   4.6637930e-01
   5.2155173e-01
   5.8017241e-01
   6.3275862e-01
   6.7241379e-01
   6.9655173e-01
   7.0431035e-01
   7.0086208e-01
   6.8793103e-01
   6.7155172e-01
   6.5258621e-01
   6.3534482e-01
   6.2068965e-01
   6.0689655e-01
   5.9568967e-01
   5.8706897e-01
   5.8189655e-01
   5.8103448e-01
   5.8448277e-01
   5.9224138e-01
   6.0603448e-01
   6.2327587e-01
   6.4310345e-01
   6.6379311e-01
   6.8275862e-01
   6.9913795e-01
   7.1120690e-01
   7.1637930e-01
   7.1465517e-01
   7.0689656e-01
   6.9310345e-01
   6.7758620e-01
   6.6120689e-01
   6.4827586e-01
   6.4137932e-01
   6.4224138e-01
   6.5086208e-01
   6.6724137e-01
   6.9224139e-01
   7.2068966e-01
   7.5086209e-01
   7.8189656e-01
   8.0862070e-01
   8.3103448e-01
   8.4482758e-01
   8.4913792e-01
   8.4396551e-01
   8.2758621e-01
   8.0172414e-01
   7.6810344e-01
   7.2758620e-01
   6.8448276e-01
   6.4051725e-01
   6.0000001e-01
   5.6293102e-01
   5.3103448e-01
   5.0689654e-01
   4.9051724e-01
   4.8275863e-01
   4.8275863e-01
   4.9051724e-01
   5.0431034e-01
   5.2241380e-01
   5.4310344e-01
   5.6465517e-01
   5.8620690e-01
   6.0517243e-01
   6.2241381e-01
   6.3448275e-01
   6.4482760e-01
   6.4999999e-01
   6.5431035e-01
   6.5431035e-01
   6.5344826e-01
   6.5258620e-01
   6.5258621e-01
   6.5517242e-01
   6.5948276e-01
   6.6724138e-01
   6.7672413e-01
   6.8620689e-01
   6.9741379e-01
   7.0948276e-01
   7.2155173e-01
   7.3534483e-01
   7.5172414e-01
   7.6810344e-01
   7.8620690e-01
   8.0344827e-01
   8.1896553e-01
   8.3189655e-01
   8.3879311e-01
   8.3879311e-01
   8.3362070e-01
   8.2068965e-01
   8.0172414e-01
   7.7844827e-01
   7.5258620e-01
   7.2500000e-01
   6.9827586e-01
   6.7500001e-01
   6.5603449e-01
   6.4396552e-01
   6.3879311e-01
   6.3879311e-01
   6.4482759e-01
   6.5517242e-01
   6.6724138e-01
   6.8017242e-01
   6.9396552e-01
   7.0689656e-01
   7.1896552e-01
   7.3017242e-01
   7.3965517e-01
   7.4568966e-01
   7.4913793e-01
   7.5086207e-01
   7.5000000e-01
   7.4741378e-01
   7.4482759e-01
   7.4137930e-01
   7.3793103e-01
   7.3275863e-01
   7.2672413e-01
   7.1896552e-01
   7.0948276e-01
   6.9655173e-01
   6.8275862e-01
   6.6810343e-01
   6.5344828e-01
   6.3965518e-01
   6.2758619e-01
   6.1810345e-01
   6.1293102e-01
   6.1034484e-01
   6.1293102e-01
   6.1982758e-01
   6.3017242e-01
   6.4310345e-01
   6.5862069e-01
   6.7327586e-01
   6.8706896e-01
   6.9827586e-01
   7.0689656e-01
   7.0948276e-01
   7.0689656e-01
   6.9827586e-01
   6.8189656e-01
   6.5862071e-01
   6.2844826e-01
   5.9482760e-01
   5.5862068e-01
   5.2413793e-01
   4.9310344e-01
   4.7068966e-01
   4.5689656e-01
   4.5258622e-01
   4.5775862e-01
   4.7155173e-01
   4.9224137e-01
   5.1637932e-01
   5.4137931e-01
   5.6551724e-01
   5.8620689e-01
   6.0344828e-01
   6.1551725e-01
   6.2327586e-01
   6.2844828e-01
   6.3275862e-01
   6.3879311e-01
   6.4827586e-01
   6.6120689e-01
   6.7844828e-01
   6.9827586e-01
   7.1810344e-01
   7.3706897e-01
   7.5431036e-01
   7.6551724e-01
   7.7241378e-01
   7.7500000e-01
   7.7327587e-01
   7.6724137e-01
   7.5948276e-01
   7.5086209e-01
   7.3965517e-01
   7.3103449e-01
   7.2155173e-01
   7.1293103e-01
   7.0517242e-01
   6.9827586e-01
   6.9224137e-01
   6.8448276e-01
   6.7758622e-01
   6.6982759e-01
   6.6206898e-01
   6.5431035e-01
   6.4827588e-01
   6.4396552e-01
   6.4137932e-01
   6.4051723e-01
   6.3879309e-01
   6.3706896e-01
   6.3534484e-01
   6.3189655e-01
   6.2586206e-01
   6.1810345e-01
   6.0775862e-01
   5.9568965e-01
   5.8103448e-01
   5.6637931e-01
   5.5258621e-01
   5.4051724e-01
   5.3362070e-01
   5.3103449e-01
   5.3448277e-01
   5.4224138e-01
   5.5172414e-01
   5.6293102e-01
   5.7241378e-01
   5.7844828e-01
   5.8103448e-01
   5.7931036e-01
   5.7758621e-01
   5.7672414e-01
   5.7931034e-01
   5.8620690e-01
   6.0086208e-01
   6.2413794e-01
   6.5344828e-01
   6.8706896e-01
   7.2068966e-01
   7.5258622e-01
   7.7758621e-01
   7.9137931e-01
   7.9310344e-01
   7.8103448e-01
   7.5862070e-01
   7.2500000e-01
   6.8534484e-01
   6.4482759e-01
   6.0517241e-01
   5.6982758e-01
   5.4051726e-01
   5.1982760e-01
   5.0689656e-01
   5.0172414e-01
   5.0431034e-01
   5.1379310e-01
   5.2586207e-01
   5.4137931e-01
   5.5517241e-01
   5.6465516e-01
   5.6896553e-01
   5.6551724e-01
   5.5431034e-01
   5.3534483e-01
   5.1120690e-01
   4.8362069e-01
   4.5603447e-01
   4.3275862e-01
   4.1637932e-01
   4.0775862e-01
   4.1034484e-01
   4.2586206e-01
   4.5344829e-01
   4.9051724e-01
   5.3706897e-01
   5.8620690e-01
   6.3793104e-01
   6.8706898e-01
   7.2844827e-01
   7.6206897e-01
   7.8534483e-01
   7.9568967e-01
   7.9482758e-01
   7.8275863e-01
   7.6034483e-01
   7.3017240e-01
   6.9396552e-01
   6.5431035e-01
   6.1379311e-01
   5.7499999e-01
   5.3879310e-01
   5.0862068e-01
   4.8362069e-01
   4.6379310e-01
   4.5172413e-01
   4.4568966e-01
   4.4568966e-01
   4.5431033e-01
   4.6896551e-01
   4.9137930e-01
   5.1810344e-01
   5.4741380e-01
   5.7844828e-01
   6.0862070e-01
   6.3534484e-01
   6.5775862e-01
   6.7758622e-01
   6.9310345e-01
   7.0603449e-01
   7.1724139e-01
   7.2758622e-01
   7.3879310e-01
   7.4913793e-01
   7.6034483e-01
   7.7155173e-01
   7.8103448e-01
   7.8620690e-01
   7.8534483e-01
   7.7758622e-01
   7.6206897e-01
   7.3793103e-01
   7.0948276e-01
   6.7672415e-01
   6.4655174e-01
   6.2241379e-01
   6.0517241e-01
   6.0000001e-01
   6.0431035e-01
   6.1724138e-01
   6.3620691e-01
   6.5948276e-01
   6.8275862e-01
   7.0431035e-01
   7.2155173e-01
   7.3620690e-01
   7.4482757e-01
   7.5172414e-01
   7.5689656e-01
   7.6034483e-01
   7.6465517e-01
   7.6896553e-01
   7.7327587e-01
   7.7758622e-01
   7.7672414e-01
   7.7327587e-01
   7.6206897e-01
   7.4396551e-01
   7.1982757e-01
   6.8965518e-01
   6.5603449e-01
   6.1982758e-01
   5.8275863e-01
   5.4310344e-01
   5.0431034e-01
   4.6465517e-01
   4.2413793e-01
   3.8620689e-01
   3.5000001e-01
   3.1896551e-01
   2.9396551e-01
   2.7931034e-01
   2.7413793e-01
   2.8017241e-01
   2.9655173e-01
   3.2413792e-01
   3.6120689e-01
   4.0517240e-01
   4.5258622e-01
   5.0258620e-01
   5.5258621e-01
   6.0000001e-01
   6.4396552e-01
   6.8448276e-01
   7.2068966e-01
   7.5431036e-01
   7.8534483e-01
   8.1551724e-01
   8.4482758e-01
   8.7413792e-01
   8.9999999e-01
   9.2413793e-01
   9.4310345e-01
   9.5689656e-01
   9.6637932e-01
   9.6896552e-01
   9.6551723e-01
   9.5775862e-01
   9.4568966e-01
   9.3103449e-01
   9.1724138e-01
   9.0517242e-01
   8.9655174e-01
   8.9310345e-01
   8.9482759e-01
   8.9913794e-01
   9.0517242e-01
   9.1034482e-01
   9.1379310e-01
   9.1206896e-01
   9.0603449e-01
   8.9482759e-01
   8.7844828e-01
   8.5775862e-01
   8.3362070e-01
   8.0603448e-01
   7.7586207e-01
   7.4396553e-01
   7.1120691e-01
   6.7931035e-01
   6.4913794e-01
   6.2155172e-01
   6.0000001e-01
   5.8275863e-01
   5.7155172e-01
   5.6551724e-01
   5.6293104e-01
   5.6637931e-01
   5.7155173e-01
   5.7844828e-01
   5.8448275e-01
   5.9051724e-01
   5.9224138e-01
   5.9137931e-01
   5.8706895e-01
   5.8017241e-01
   5.7327587e-01
   5.6724138e-01
   5.6465517e-01
   5.6637933e-01
   5.7068965e-01
   5.7931034e-01
   5.9137931e-01
   6.0431035e-01
   6.1637931e-01
   6.2758621e-01
   6.3706896e-01
   6.4310345e-01
   6.4741379e-01
   6.4827586e-01
   6.4655172e-01
   6.4396552e-01
   6.4051723e-01
   6.3879311e-01
   6.3706898e-01
   6.3879311e-01
   6.3965518e-01
   6.4224138e-01
   6.4568967e-01
   6.4741379e-01
   6.4913792e-01
   6.4913792e-01
   6.4741379e-01
   6.4396552e-01
   6.3965518e-01
   6.3448275e-01
   6.2758621e-01
   6.1982758e-01
   6.1293104e-01
   6.0517241e-01
   5.9827585e-01
   5.9396553e-01
   5.8965518e-01
   5.8706897e-01
   5.8620690e-01
   5.8448275e-01
   5.8362068e-01
   5.8275862e-01
   5.8275862e-01
   5.8448275e-01
   5.8965518e-01
   5.9913792e-01
   6.1293104e-01
   6.3103448e-01
   6.5258620e-01
   6.7413793e-01
   6.9482759e-01
   7.1293103e-01
   7.2500002e-01
   7.3189654e-01
   7.3103449e-01
   7.2413793e-01
   7.1379310e-01
   6.9913793e-01
   6.8534483e-01
   6.7327586e-01
   6.6465516e-01
   6.6206898e-01
   6.6465518e-01
   6.7327586e-01
   6.8448276e-01
   6.9655173e-01
   7.0862069e-01
   7.1724139e-01
   7.2413793e-01
   7.2500000e-01
   7.2327586e-01
   7.1724139e-01
   7.0862069e-01
   6.9913793e-01
   6.8793103e-01
   6.7672413e-01
   6.6810345e-01
   6.6034482e-01
   6.5517242e-01
   6.5344826e-01
   6.5258621e-01
   6.5086206e-01
   6.4913794e-01
   6.4396552e-01
   6.3620689e-01
   6.2413794e-01
   6.1034482e-01
   5.9655172e-01
   5.8534484e-01
   5.7586207e-01
   5.7068967e-01
   5.7241378e-01
   5.7844828e-01
   5.8879311e-01
   6.0344828e-01
   6.1810345e-01
   6.3275862e-01
   6.4482759e-01
   6.5258621e-01
   6.5603449e-01
   6.5431035e-01
   6.4913792e-01
   6.4224138e-01
   6.3362071e-01
   6.2672414e-01
   6.2327587e-01
   6.2068965e-01
   6.2241379e-01
   6.2327586e-01
   6.2499999e-01
   6.2499999e-01
   6.2413794e-01
   6.2155174e-01
   6.1810345e-01
   6.1206897e-01
   6.0517241e-01
   5.9827585e-01
   5.9137931e-01
   5.8706895e-01
   5.8275863e-01
   5.8275862e-01
   5.8448277e-01
   5.8965518e-01
   5.9655172e-01
   6.0517241e-01
   6.1293104e-01
   6.2068967e-01
   6.2672413e-01
   6.3189655e-01
   6.3620691e-01
   6.4051725e-01
   6.4568965e-01
   6.5086208e-01
   6.5862069e-01
   6.6637932e-01
   6.7586206e-01
   6.8534483e-01
   6.9482759e-01
   7.0431035e-01
   7.1293103e-01
   7.1896552e-01
   7.2241379e-01
   7.2241379e-01
   7.1724137e-01
   7.0862067e-01
   6.9741379e-01
   6.8275862e-01
   6.6810343e-01
   6.5258621e-01
   6.3879311e-01
   6.2758619e-01
   6.1810345e-01
   6.1206896e-01
   6.0948275e-01
   6.1034484e-01
   6.1293104e-01
   6.1810345e-01
   6.2499999e-01
   6.3103448e-01
   6.3793103e-01
   6.4224138e-01
   6.4655172e-01
   6.4827586e-01
   6.4913792e-01
   6.4655172e-01
   6.4396552e-01
   6.3879309e-01
   6.3017242e-01
   6.2068965e-01
   6.0862068e-01
   5.9568967e-01
   5.8448275e-01
   5.7586207e-01
   5.7155173e-01
   5.7241378e-01
   5.7672412e-01
   5.8448277e-01
   5.9482758e-01
   6.0517241e-01
   6.1293102e-01
   6.1896552e-01
   6.2068965e-01
   6.1982760e-01
   6.1810345e-01
   6.1637931e-01
   6.1551725e-01
   6.1810345e-01
   6.2586206e-01
   6.4051725e-01
   6.6120689e-01
   6.8706898e-01
   7.1551723e-01
   7.4396553e-01
   7.6982760e-01
   7.9137933e-01
   8.0431034e-01
   8.1034484e-01
   8.0948277e-01
   8.0086207e-01
   7.8879310e-01
   7.7327587e-01
   7.5775863e-01
   7.4396553e-01
   7.3275863e-01
   7.2500000e-01
   7.2241379e-01
   7.2241379e-01
   7.2500000e-01
   7.2931034e-01
   7.3275863e-01
   7.3534483e-01
   7.3448276e-01
   7.2844827e-01
   7.1810344e-01
   7.0344829e-01
   6.8620691e-01
   6.6896552e-01
   6.5000001e-01
   6.3275864e-01
   6.1810347e-01
   6.0603448e-01
   5.9827585e-01
   5.9396551e-01
   5.9568965e-01
   5.9999999e-01
   6.0689655e-01
   6.1551725e-01
   6.2413792e-01
   6.3275862e-01
   6.3879311e-01
   6.4396552e-01
   6.4913792e-01
   6.5344826e-01
   6.5862069e-01
   6.6465516e-01
   6.7241379e-01
   6.7931035e-01
   6.8620691e-01
   6.9137930e-01
   6.9482759e-01
   6.9482757e-01
   6.9224139e-01
   6.8620689e-01
   6.7672415e-01
   6.6379310e-01
   6.4913794e-01
   6.3275864e-01
   6.1637931e-01
   5.9999999e-01
   5.8793104e-01
   5.7844828e-01
   5.7413794e-01
   5.7327587e-01
   5.7586207e-01
   5.8189655e-01
   5.8879311e-01
   5.9655174e-01
   6.0344828e-01
   6.0862068e-01
   6.1034484e-01
   6.0689657e-01
   5.9913792e-01
   5.8620690e-01
   5.7068967e-01
   5.5172414e-01
   5.3448277e-01
   5.1896551e-01
   5.0862068e-01
   5.0689656e-01
   5.1379310e-01
   5.3017241e-01
   5.5517241e-01
   5.8879311e-01
   6.2758621e-01
   6.7155172e-01
   7.1637930e-01
   7.5948275e-01
   7.9827587e-01
   8.3017241e-01
   8.5431035e-01
   8.6810345e-01
   8.7327587e-01
   8.6896552e-01
   8.5689655e-01
   8.3879311e-01
   8.1637931e-01
   7.8965517e-01
   7.6120690e-01
   7.3189656e-01
   7.0258620e-01
   6.7500001e-01
   6.5000001e-01
   6.2931035e-01
   6.1206897e-01
   6.0172414e-01
   5.9482760e-01
   5.9310345e-01
   5.9396551e-01
   5.9827585e-01
   6.0603448e-01
   6.1465518e-01
   6.2499999e-01
   6.3534484e-01
   6.4655174e-01
   6.5775862e-01
   6.6724137e-01
   6.7586206e-01
   6.8189656e-01
   6.8793103e-01
   6.9137932e-01
   6.9310345e-01
   6.9224137e-01
   6.9137930e-01
   6.8793103e-01
   6.8275862e-01
   6.7758620e-01
   6.7413793e-01
   6.7068966e-01
   6.6982759e-01
   6.7068967e-01
   6.7241379e-01
   6.7499999e-01
   6.7499999e-01
   6.7413795e-01
   6.7068966e-01
   6.6293105e-01
   6.5344826e-01
   6.4051725e-01
   6.2672413e-01
   6.1293104e-01
   6.0000001e-01
   5.8879309e-01
   5.8017243e-01
   5.7586207e-01
   5.7672414e-01
   5.8103448e-01
   5.9051724e-01
   6.0258621e-01
   6.1551725e-01
   6.2931035e-01
   6.4051725e-01
   6.4913794e-01
   6.5431035e-01
   6.5431035e-01
   6.5258621e-01
   6.4741381e-01
   6.3965516e-01
   6.3017242e-01
   6.1810345e-01
   6.0603448e-01
   5.9224138e-01
   5.7931034e-01
   5.6896551e-01
   5.6034482e-01
   5.5431036e-01
   5.5258621e-01
   5.5431036e-01
   5.5948275e-01
   5.6896551e-01
   5.8103448e-01
   5.9568967e-01
   6.1293104e-01
   6.2931033e-01
   6.4568965e-01
   6.5948276e-01
   6.7155172e-01
   6.7844828e-01
   6.8448276e-01
   6.8793103e-01
   6.8965516e-01
   6.9224137e-01
   6.9568964e-01
   7.0000002e-01
   7.0431035e-01
   7.0862069e-01
   7.1293103e-01
   7.1465517e-01
   7.1465517e-01
   7.1206896e-01
   7.0862067e-01
   7.0086208e-01
   6.9137932e-01
   6.7931035e-01
   6.6724138e-01
   6.5344828e-01
   6.4137932e-01
   6.3103448e-01
   6.2413794e-01
   6.1982758e-01
   6.1810345e-01
   6.2068965e-01
   6.2586208e-01
   6.3362071e-01
   6.4310345e-01
   6.5344828e-01
   6.6293105e-01
   6.7068966e-01
   6.7586208e-01
   6.7586208e-01
   6.7155172e-01
   6.6120689e-01
   6.4655174e-01
   6.3017242e-01
   6.1465516e-01
   5.9913794e-01
   5.8965518e-01
   5.8275862e-01
   5.8103448e-01
   5.8448275e-01
   5.8965516e-01
   5.9655172e-01
   6.0431035e-01
   6.1034482e-01
   6.1465518e-01
   6.1724136e-01
   6.1637929e-01
   6.1379311e-01
   6.0948277e-01
   6.0603448e-01
   6.0172414e-01
   5.9913794e-01
   5.9741379e-01
   5.9655172e-01
   5.9741380e-01
   5.9827585e-01
   5.9913794e-01
   5.9913794e-01
   5.9913794e-01
   5.9913794e-01
   6.0086206e-01
   6.0172414e-01
   6.0517241e-01
   6.0862068e-01
   6.1293104e-01
   6.1810345e-01
   6.2327586e-01
   6.2931035e-01
   6.3706898e-01
   6.4396552e-01
   6.5172415e-01
   6.5689655e-01
   6.6034482e-01
   6.6206898e-01
   6.5948278e-01
   6.5431035e-01
   6.4827586e-01
   6.4137932e-01
   6.3448277e-01
   6.3017242e-01
   6.2844828e-01
   6.3017242e-01
   6.3448275e-01
   6.4224138e-01
   6.5086206e-01
   6.6120689e-01
   6.7155172e-01
   6.7931035e-01
   6.8620689e-01
   6.8879310e-01
   6.8793103e-01
   6.8534483e-01
   6.8017242e-01
   6.7327586e-01
   6.7068966e-01
   6.7068966e-01
   6.7672415e-01
   6.8879312e-01
   7.0603449e-01
   7.2758622e-01
   7.5258620e-01
   7.7758621e-01
   7.9999998e-01
   8.1724138e-01
   8.2844828e-01
   8.3275862e-01
   8.3017241e-01
   8.2068967e-01
   8.0775863e-01
   7.9396553e-01
   7.8189656e-01
   7.7413793e-01
   7.7068964e-01
   7.7327587e-01
   7.7931036e-01
   7.8706897e-01
   7.9655171e-01
   8.0603448e-01
   8.1293104e-01
   8.1896551e-01
   8.2413792e-01
   8.2931034e-01
   8.3448277e-01
   8.3965518e-01
   8.4482758e-01
   8.4655172e-01
   8.4655174e-01
   8.4310345e-01
   8.3448277e-01
   8.2155172e-01
   8.0517241e-01
   7.8534483e-01
   7.6379310e-01
   7.4224139e-01
   7.2241379e-01
   7.0517242e-01
   6.9224139e-01
   6.8189656e-01
   6.7672413e-01
   6.7413793e-01
   6.7413793e-01
   6.7413793e-01
   6.7586206e-01
   6.7672413e-01
   6.7931035e-01
   6.8362069e-01
   6.8879312e-01
   6.9568964e-01
   7.0431035e-01
   7.1293105e-01
   7.2155173e-01
   7.3017242e-01
   7.3793103e-01
   7.4482759e-01
   7.5258620e-01
   7.5948276e-01
   7.6724137e-01
   7.7500000e-01
   7.8534483e-01
   7.9482760e-01
   8.0603448e-01
   8.1724138e-01
   8.2758621e-01
   8.3706895e-01
   8.4396551e-01
   8.4913794e-01
   8.5172414e-01
   8.5172412e-01
   8.5000001e-01
   8.4741380e-01
   8.4482758e-01
   8.4396551e-01
   8.4137931e-01
   8.3965518e-01
   8.3706897e-01
   8.3189657e-01
   8.2327585e-01
   8.1206897e-01
   7.9827585e-01
   7.8362070e-01
   7.6896553e-01
   7.5431034e-01
   7.4310344e-01
   7.3448276e-01
   7.2844827e-01
   7.2586208e-01
   7.2500002e-01
   7.2500000e-01
   7.2500002e-01
   7.2586207e-01
   7.2586207e-01
   7.2413793e-01
   7.2068966e-01
   7.1551725e-01
   7.0948276e-01
   7.0258622e-01
   6.9482759e-01
   6.8706896e-01
   6.7931035e-01
   6.6896552e-01
   6.5603449e-01
   6.4051725e-01
   6.2155174e-01
   6.0000001e-01
   5.7586207e-01
   5.5258621e-01
   5.3103448e-01
   5.1206897e-01
   4.9827586e-01
   4.8793103e-01
   4.8362069e-01
   4.8362068e-01
   4.8706897e-01
   4.9396551e-01
   5.0258620e-01
   5.1206897e-01
   5.2155173e-01
   5.2844827e-01
   5.3448277e-01
   5.3620688e-01
   5.3534483e-01
   5.3189654e-01
   5.2586207e-01
   5.1982758e-01
   5.1379312e-01
   5.0775863e-01
   5.0431034e-01
   5.0344827e-01
   5.0689654e-01
   5.1465517e-01
   5.2844827e-01
   5.4827585e-01
   5.7327587e-01
   6.0172414e-01
   6.3362069e-01
   6.6379310e-01
   6.9310344e-01
   7.1896552e-01
   7.3965517e-01
   7.5517243e-01
   7.6465517e-01
   7.6810346e-01
   7.6551724e-01
   7.5862070e-01
   7.4568966e-01
   7.3017240e-01
   7.1293103e-01
   6.9741379e-01
   6.8189656e-01
   6.6982759e-01
   6.6120689e-01
   6.5603449e-01
   6.5172413e-01
   6.5000001e-01
   6.4741381e-01
   6.4396552e-01
   6.3793103e-01
   6.3017242e-01
   6.2155172e-01
   6.1293104e-01
   6.0344828e-01
   5.9568965e-01
   5.9051722e-01
   5.8879311e-01
   5.9224138e-01
   5.9913794e-01
   6.1120691e-01
   6.2499999e-01
   6.4224138e-01
   6.5862069e-01
   6.7586208e-01
   6.9051723e-01
   7.0431033e-01
   7.1465519e-01
   7.2413795e-01
   7.3017242e-01
   7.3362069e-01
   7.3362069e-01
   7.2931034e-01
   7.2155173e-01
   7.1034483e-01
   6.9741379e-01
   6.8362069e-01
   6.6982759e-01
   6.5775862e-01
   6.4827588e-01
   6.4224138e-01
   6.3793104e-01
   6.3706898e-01
   6.3965518e-01
   6.4396552e-01
   6.4827588e-01
   6.5258620e-01
   6.5689655e-01
   6.5775862e-01
   6.5431035e-01
   6.4827588e-01
   6.3879309e-01
   6.2672414e-01
   6.1465518e-01
   6.0344828e-01
   5.9568967e-01
   5.9310345e-01
   5.9482758e-01
   6.0172414e-01
   6.1206896e-01
   6.2499999e-01
   6.3879309e-01
   6.5172413e-01
   6.6206896e-01
   6.6810345e-01
   6.6637932e-01
   6.5862069e-01
   6.4396552e-01
   6.2413792e-01
   6.0000001e-01
   5.7500001e-01
   5.5000000e-01
   5.2758621e-01
   5.0948276e-01
   4.9655173e-01
   4.8965517e-01
   4.8706897e-01
   4.9051724e-01
   4.9741380e-01
   5.0603447e-01
   5.1551724e-01
   5.2241380e-01
   5.2413793e-01
   5.2155173e-01
   5.1206897e-01
   4.9741380e-01
   4.7931036e-01
   4.6206896e-01
   4.4655173e-01
   4.3706896e-01
   4.3620691e-01
   4.4224139e-01
   4.5689654e-01
   4.7758620e-01
   5.0000000e-01
   5.2068964e-01
   5.3793104e-01
   5.4827587e-01
   5.4913794e-01
   5.3965517e-01
   5.2155173e-01
   4.9655173e-01
   4.6810346e-01
   4.3965518e-01
   4.1465516e-01
   3.9655174e-01
   3.8706896e-01
   3.8620689e-01
   3.9310345e-01
   4.0603449e-01
   4.2241379e-01
   4.4051725e-01
   4.5689656e-01
   4.7068966e-01
   4.7844827e-01
   4.8103449e-01
   4.7586207e-01
   4.6551723e-01
   4.5000000e-01
   4.3189656e-01
   4.1379311e-01
   3.9913792e-01
   3.8879311e-01
   3.8534482e-01
   3.9051723e-01
   4.0172413e-01
   4.1896552e-01
   4.3879312e-01
   4.5948276e-01
   4.7758620e-01
   4.9310346e-01
   5.0258620e-01
   5.0431036e-01
   5.0000000e-01
   4.8965517e-01
   4.7413793e-01
   4.5517242e-01
   4.3362069e-01
   4.1293103e-01
   3.9396552e-01
   3.7758621e-01
   3.6551725e-01
   3.5775862e-01
   3.5517241e-01
   3.5948277e-01
   3.6896552e-01
   3.8620691e-01
   4.1034482e-01
   4.4137930e-01
   4.7758620e-01
   5.1637931e-01
   5.5517241e-01
   5.8965518e-01
   6.1810345e-01
   6.3965518e-01
   6.5344828e-01
   6.5862069e-01
   6.5775862e-01
   6.5086206e-01
   6.4051725e-01
   6.2672414e-01
   6.1120689e-01
   5.9655174e-01
   5.8362068e-01
   5.7327587e-01
   5.6637931e-01
   5.6637931e-01
   5.7155172e-01
   5.8362068e-01
   5.9999999e-01
   6.2241379e-01
   6.4741381e-01
   6.7241379e-01
   6.9568966e-01
   7.1293103e-01
   7.2327586e-01
   7.2413793e-01
   7.1465517e-01
   6.9655173e-01
   6.7068966e-01
   6.4137932e-01
   6.1120689e-01
   5.8275862e-01
   5.5775863e-01
   5.3879310e-01
   5.2413792e-01
   5.1206897e-01
   5.0431036e-01
   4.9827586e-01
   4.9396553e-01
   4.9137932e-01
   4.9137930e-01
   4.9396553e-01
   4.9827586e-01
   5.0517241e-01
   5.1551724e-01
   5.2672414e-01
   5.3879310e-01
   5.5172414e-01
   5.6293104e-01
   5.7155172e-01
   5.7672414e-01
   5.7672414e-01
   5.7068965e-01
   5.5948277e-01
   5.4310346e-01
   5.2327587e-01
   5.0258622e-01
   4.8189654e-01
   4.6379310e-01
   4.5172415e-01
   4.4396552e-01
   4.4224139e-01
   4.4827586e-01
   4.5862069e-01
   4.7413793e-01
   4.9137930e-01
   5.0948276e-01
   5.2586207e-01
   5.3879310e-01
   5.4655173e-01
   5.5086207e-01
   5.5086207e-01
   5.4741380e-01
   5.4137931e-01
   5.3362070e-01
   5.2586207e-01
   5.1637932e-01
   5.0517241e-01
   4.9224139e-01
   4.7931034e-01
   4.6637930e-01
   4.5603449e-01
   4.4741379e-01
   4.4224137e-01
   4.4224139e-01
   4.4482759e-01
   4.5086208e-01
   4.5948276e-01
   4.6982759e-01
   4.8189656e-01
   4.9568966e-01
   5.0948276e-01
   5.2413792e-01
   5.3965517e-01
   5.5431034e-01
   5.6982760e-01
   5.8275862e-01
   5.9655172e-01
   6.0862068e-01
   6.2155172e-01
   6.3448275e-01
   6.4741381e-01
   6.5948276e-01
   6.6896552e-01
   6.7586206e-01
   6.7844827e-01
   6.7758622e-01
   6.7241379e-01
   6.6293105e-01
   6.5086208e-01
   6.3534482e-01
   6.2155172e-01
   6.0689655e-01
   5.9396551e-01
   5.8189657e-01
   5.7327587e-01
   5.6465517e-01
   5.5862070e-01
   5.5344827e-01
   5.4827587e-01
   5.4568965e-01
   5.4396551e-01
   5.4741378e-01
   5.5344827e-01
   5.6551724e-01
   5.8189657e-01
   5.9999999e-01
   6.1896552e-01
   6.3275862e-01
   6.4051725e-01
   6.3879311e-01
   6.2844828e-01
   6.0948275e-01
   5.8534484e-01
   5.6034484e-01
   5.3706897e-01
   5.2068966e-01
   5.1206897e-01
   5.1379310e-01
   5.2241380e-01
   5.3879310e-01
   5.5862068e-01
   5.7844828e-01
   5.9655174e-01
   6.0948277e-01
   6.1724138e-01
   6.1896552e-01
   6.1379311e-01
   6.0603448e-01
   5.9482758e-01
   5.8275862e-01
   5.7068967e-01
   5.5689655e-01
   5.4482760e-01
   5.3362068e-01
   5.2413793e-01
   5.1724137e-01
   5.1637932e-01
   5.2155171e-01
   5.3534483e-01
   5.5603448e-01
   5.8275862e-01
   6.1206897e-01
   6.4224138e-01
   6.6810345e-01
   6.8706898e-01
   6.9827586e-01
   7.0000000e-01
   6.9482759e-01
   6.8362069e-01
   6.6896552e-01
   6.5431033e-01
   6.4310345e-01
   6.3620691e-01
   6.3534482e-01
   6.3879311e-01
   6.4913794e-01
   6.6293103e-01
   6.7844828e-01
   6.9568966e-01
   7.1034483e-01
   7.2586208e-01
   7.3879310e-01
   7.5258620e-01
   7.6551724e-01
   7.8017241e-01
   7.9482758e-01
   8.0862070e-01
   8.2068965e-01
   8.2931036e-01
   8.3103448e-01
   8.2844828e-01
   8.1982760e-01
   8.0689655e-01
   7.9137931e-01
   7.7672414e-01
   7.6551724e-01
   7.6034483e-01
   7.6120690e-01
   7.7068966e-01
   7.8879310e-01
   8.1206895e-01
   8.3965518e-01
   8.6637931e-01
   8.9051725e-01
   9.0603449e-01
   9.1293105e-01
   9.0862069e-01
   8.9655172e-01
   8.7586208e-01
   8.5431035e-01
   8.3103448e-01
   8.1293104e-01
   7.9999998e-01
   7.9396553e-01
   7.9568965e-01
   8.0258623e-01
   8.1465517e-01
   8.2758621e-01
   8.4137931e-01
   8.5086206e-01
   8.5689655e-01
   8.5689657e-01
   8.5086208e-01
   8.4137931e-01
   8.2586207e-01
   8.0948275e-01
   7.9310344e-01
   7.7844827e-01
   7.6724139e-01
   7.6034483e-01
   7.5862070e-01
   7.6120690e-01
   7.6810344e-01
   7.7931036e-01
   7.9396551e-01
   8.1206897e-01
   8.3103448e-01
   8.5000001e-01
   8.6724138e-01
   8.8189655e-01
   8.9137932e-01
   8.9655174e-01
   8.9741379e-01
   8.9396552e-01
   8.8620691e-01
   8.7672413e-01
   8.6637931e-01
   8.5431035e-01
   8.4310345e-01
   8.3189655e-01
   8.2155172e-01
   8.1034484e-01
   8.0000000e-01
   7.9137933e-01
   7.8275863e-01
   7.7586207e-01
   7.7241380e-01
   7.7068966e-01
   7.7500000e-01
   7.8275861e-01
   7.9568967e-01
   8.1206897e-01
   8.3103448e-01
   8.4999999e-01
   8.6465518e-01
   8.7327586e-01
   8.7413794e-01
   8.6551725e-01
   8.5086208e-01
   8.3103448e-01
   8.0862070e-01
   7.8620690e-01
   7.6896553e-01
   7.5862070e-01
   7.5603447e-01
   7.6120690e-01
   7.7586207e-01
   7.9482760e-01
   8.1724138e-01
   8.3879311e-01
   8.5775862e-01
   8.7068965e-01
   8.7500001e-01
   8.7155174e-01
   8.6120691e-01
   8.4482758e-01
   8.2931034e-01
   8.1379311e-01
   8.0258621e-01
   7.9741380e-01
   7.9741380e-01
   8.0431034e-01
   8.1551724e-01
   8.2931034e-01
   8.4396551e-01
   8.5517243e-01
   8.6379309e-01
   8.6810347e-01
   8.6551723e-01
   8.5948277e-01
   8.4827587e-01
   8.3620690e-01
   8.2413794e-01
   8.1465517e-01
   8.1034482e-01
   8.1206897e-01
   8.1724140e-01
   8.2672414e-01
   8.3965516e-01
   8.5431035e-01
   8.6810345e-01
   8.8103450e-01
   8.9137930e-01
   8.9741381e-01
   8.9913792e-01
   8.9396552e-01
   8.8275862e-01
   8.6379311e-01
   8.4051724e-01
   8.1206897e-01
   7.8275861e-01
   7.5344827e-01
   7.2844827e-01
   7.0689656e-01
   6.9224137e-01
   6.8448276e-01
   6.8362069e-01
   6.8965518e-01
   7.0086206e-01
   7.1637930e-01
   7.3448274e-01
   7.5258620e-01
   7.6810344e-01
   7.7931034e-01
   7.8534483e-01
   7.8620690e-01
   7.8017243e-01
   7.7068966e-01
   7.5862068e-01
   7.4396553e-01
   7.3017240e-01
   7.1810344e-01
   7.0775861e-01
   7.0086206e-01
   6.9655173e-01
   6.9655173e-01
   7.0000000e-01
   7.0775862e-01
   7.1637930e-01
   7.2844829e-01
   7.4051724e-01
   7.5172414e-01
   7.6120690e-01
   7.6637931e-01
   7.6724139e-01
   7.6293103e-01
   7.5344827e-01
   7.3793103e-01
   7.2068966e-01
   7.0086206e-01
   6.8189654e-01
   6.6724137e-01
   6.5862069e-01
   6.5603449e-01
   6.5948276e-01
   6.6810345e-01
   6.7672415e-01
   6.8448276e-01
   6.8793103e-01
   6.8275860e-01
   6.7241379e-01
   6.5344826e-01
   6.3017242e-01
   6.0517241e-01
   5.8017241e-01
   5.5603450e-01
   5.3534483e-01
   5.1896553e-01
   5.0603449e-01
   4.9741380e-01
   4.8965519e-01
   4.8362069e-01
   4.7672413e-01
   4.6810346e-01
   4.5603449e-01
   4.4396550e-01
   4.3017242e-01
   4.1637932e-01
   4.0344828e-01
   3.9310343e-01
   3.8275862e-01
   3.7413794e-01
   3.6465518e-01
   3.5344826e-01
   3.4051724e-01
   3.2327587e-01
   3.0344827e-01
   2.8189654e-01
   2.5862070e-01
   2.3448276e-01
   2.1034483e-01
   1.8620689e-01
   1.6293103e-01
   1.4051725e-01
   1.1896550e-01
   9.8275872e-02
   7.9310344e-02
   6.2931039e-02
   4.8275849e-02
   3.6206901e-02
   2.8448273e-02
   2.2413799e-02
   1.9827577e-02
   2.1551712e-02
   2.5862070e-02
   3.2758630e-02
   4.1379308e-02
   5.0862071e-02
   5.9482768e-02
   6.5517242e-02
   7.0689667e-02
   7.2413802e-02
   7.0689648e-02
   6.7241377e-02
   6.0344817e-02
   5.0862053e-02
   3.9655172e-02
   2.8448273e-02
   1.6379325e-02
   6.0344930e-03
   0.0000000e+00
   8.6206773e-04
   7.7586096e-03
   2.1551712e-02
   4.3103443e-02
   6.9827580e-02
   1.0000001e-01
   1.3275864e-01
   1.6465516e-01
   1.9568966e-01
   2.2413793e-01
   2.5000000e-01
   2.7241378e-01
   2.8965517e-01
   3.0258621e-01
   3.0948277e-01
   3.1206897e-01
   3.0603448e-01
   2.9568965e-01
   2.7931034e-01
   2.5775861e-01
   2.3362068e-01
   2.0689656e-01
   1.8275862e-01
   1.6120689e-01
   1.4655172e-01
   1.4051725e-01
   1.4310345e-01
   1.5689653e-01
   1.8017240e-01
   2.0948276e-01
   2.4310344e-01
   2.7931034e-01
   3.1465517e-01
   3.4827587e-01
   3.7758621e-01
   4.0344828e-01
   4.2586208e-01
   4.4482759e-01
   4.6120690e-01
   4.7413793e-01
   4.8448276e-01
   4.9310344e-01
   5.0086207e-01
   5.0775861e-01
   5.1379310e-01
   5.2068966e-01
   5.2672414e-01
   5.3275861e-01
   5.3965517e-01
   5.4568967e-01
   5.5172414e-01
   5.5948275e-01
   5.6810344e-01
   5.7844828e-01
   5.9051724e-01
   6.0517241e-01
   6.2241379e-01
   6.4137932e-01
   6.6206896e-01
   6.8620689e-01
   7.1034483e-01
   7.3275863e-01
   7.5344827e-01
   7.6896553e-01
   7.7672414e-01
   7.7672414e-01
   7.6724137e-01
   7.5000000e-01
   7.2758620e-01
   7.0344829e-01
   6.7931033e-01
   6.5948276e-01
   6.4568965e-01
   6.3879311e-01
   6.3965518e-01
   6.4568965e-01
   6.5775862e-01
   6.7241379e-01
   6.8620691e-01
   6.9827586e-01
   7.0603449e-01
   7.1034483e-01
   7.0948276e-01
   7.0517240e-01
   7.0086208e-01
   6.9827586e-01
   6.9827588e-01
   7.0517242e-01
   7.1810346e-01
   7.3620690e-01
   7.5862070e-01
   7.8362070e-01
   8.0775863e-01
   8.2758621e-01
   8.4396553e-01
   8.5258621e-01
   8.5431035e-01
   8.4741380e-01
   8.3534482e-01
   8.1637931e-01
   7.9568965e-01
   7.7413793e-01
   7.5689656e-01
   7.4482759e-01
   7.3879310e-01
   7.3965517e-01
   7.4827586e-01
   7.6034483e-01
   7.7586207e-01
   7.9396553e-01
   8.1034482e-01
   8.2586207e-01
   8.4051724e-01
   8.5172414e-01
   8.6034484e-01
   8.6810345e-01
   8.7327587e-01
   8.7758619e-01
   8.8017242e-01
   8.8275862e-01
   8.8620689e-01
   8.8965518e-01
   8.9310345e-01
   8.9568965e-01
   8.9655172e-01
   8.9655172e-01
   8.9568965e-01
   8.9482760e-01
   8.9396552e-01
   8.9482759e-01
   8.9655174e-01
   9.0086206e-01
   9.0431035e-01
   9.1034482e-01
   9.1551725e-01
   9.1982759e-01
   9.2241381e-01
   9.2413793e-01
   9.2500001e-01
   9.2500001e-01
   9.2586206e-01
   9.2500001e-01
   9.2499999e-01
   9.2500001e-01
   9.2327588e-01
   9.2155172e-01
   9.1724138e-01
   9.1120689e-01
   8.9999999e-01
   8.8706898e-01
   8.6896552e-01
   8.5000001e-01
   8.3275862e-01
   8.1637931e-01
   8.0603448e-01
   8.0344827e-01
   8.0775863e-01
   8.1810344e-01
   8.3448277e-01
   8.5258621e-01
   8.7327586e-01
   8.9051725e-01
   9.0517242e-01
   9.1551725e-01
   9.2241379e-01
   9.2413793e-01
   9.2327588e-01
   9.1982759e-01
   9.1465516e-01
   9.0689655e-01
   8.9999999e-01
   8.9224138e-01
   8.8189655e-01
   8.7068967e-01
   8.5775864e-01
   8.4396553e-01
   8.2672414e-01
   8.0948275e-01
   7.9310346e-01
   7.7931034e-01
   7.7068966e-01
   7.6637931e-01
   7.6724139e-01
   7.7327587e-01
   7.8275861e-01
   7.9482758e-01
   8.0689655e-01
   8.1724138e-01
   8.2586207e-01
   8.3103448e-01
   8.3362070e-01
   8.3189657e-01
   8.2758621e-01
   8.2068967e-01
   8.1293104e-01
   8.0258621e-01
   7.9310344e-01
   7.8362070e-01
   7.7413793e-01
   7.6637932e-01
   7.5862070e-01
   7.5258620e-01
   7.4568964e-01
   7.4051724e-01
   7.3706897e-01
   7.3362069e-01
   7.3275861e-01
   7.3362069e-01
   7.3448276e-01
   7.3534483e-01
   7.3448276e-01
   7.3103449e-01
   7.2586207e-01
   7.1896552e-01
   7.0862069e-01
   6.9655173e-01
   6.8534483e-01
   6.7413793e-01
   6.6379310e-01
   6.5603449e-01
   6.4913792e-01
   6.4655172e-01
   6.4655172e-01
   6.5000001e-01
   6.5517242e-01
   6.6293103e-01
   6.7327586e-01
   6.8362069e-01
   6.9568966e-01
   7.0689656e-01
   7.1896552e-01
   7.3103449e-01
   7.4310344e-01
   7.5431034e-01
   7.6206897e-01
   7.6637931e-01
   7.6724137e-01
   7.6379312e-01
   7.5689654e-01
   7.5172414e-01
   7.4741380e-01
   7.4741380e-01
   7.5344827e-01
   7.6896553e-01
   7.8965517e-01
   8.1637931e-01
   8.4655172e-01
   8.7586206e-01
   9.0086208e-01
   9.1810345e-01
   9.2586208e-01
   9.2241381e-01
   9.0862069e-01
   8.8706896e-01
   8.6034484e-01
   8.3189655e-01
   8.0775863e-01
   7.9051724e-01
   7.8103448e-01
   7.8103449e-01
   7.8879310e-01
   8.0344827e-01
   8.2068967e-01
   8.3879311e-01
   8.5603448e-01
   8.6810345e-01
   8.7586208e-01
   8.7931035e-01
   8.7672414e-01
   8.6982760e-01
   8.5948275e-01
   8.4741380e-01
   8.3534482e-01
   8.2586207e-01
   8.2155173e-01
   8.1982758e-01
   8.2241380e-01
   8.2758621e-01
   8.3362068e-01
   8.3793104e-01
   8.3879311e-01
   8.3534482e-01
   8.2844828e-01
   8.1637931e-01
   8.0258621e-01
   7.8793104e-01
   7.7327587e-01
   7.6206897e-01
   7.5431034e-01
   7.5000002e-01
   7.5086207e-01
   7.5344827e-01
   7.5862070e-01
   7.6293103e-01
   7.6465517e-01
   7.6293103e-01
   7.5775861e-01
   7.4827586e-01
   7.3879310e-01
   7.2758622e-01
   7.1810346e-01
   7.1206896e-01
   7.1034483e-01
   7.1379310e-01
   7.2155173e-01
   7.3448276e-01
   7.4913793e-01
   7.6637931e-01
   7.8275863e-01
   7.9827587e-01
   8.1034484e-01
   8.1637931e-01
   8.1724138e-01
   8.1120690e-01
   8.0086207e-01
   7.8879310e-01
   7.7413793e-01
   7.6034483e-01
   7.4827586e-01
   7.3879310e-01
   7.3275863e-01
   7.2758620e-01
   7.2241379e-01
   7.1637932e-01
   7.0689656e-01
   6.9482759e-01
   6.7844828e-01
   6.5948276e-01
   6.3793103e-01
   6.1810345e-01
   5.9827585e-01
   5.8362070e-01
   5.7241378e-01
   5.6896551e-01
   5.7155172e-01
   5.8103450e-01
   5.9482760e-01
   6.1206897e-01
   6.3103448e-01
   6.4827588e-01
   6.6293103e-01
   6.7499999e-01
   6.8534483e-01
   6.9310344e-01
   6.9827586e-01
   7.0086208e-01
   7.0344827e-01
   7.0344827e-01
   7.0172413e-01
   6.9827586e-01
   6.9224139e-01
   6.8448278e-01
   6.7586206e-01
   6.6551723e-01
   6.5344826e-01
   6.4310345e-01
   6.3275862e-01
   6.2586208e-01
   6.1982758e-01
   6.1724138e-01
   6.1637931e-01
   6.1810345e-01
   6.1810345e-01
   6.1724138e-01
   6.1465518e-01
   6.0862068e-01
   6.0086208e-01
   5.9137931e-01
   5.8103448e-01
   5.7327587e-01
   5.6637931e-01
   5.6120688e-01
   5.5775861e-01
   5.5689655e-01
   5.5862068e-01
   5.6120688e-01
   5.6637931e-01
   5.7241378e-01
   5.8017241e-01
   5.8879311e-01
   5.9913794e-01
   6.0948277e-01
   6.1982758e-01
   6.2931035e-01
   6.3965516e-01
   6.5086208e-01
   6.6293103e-01
   6.7844827e-01
   6.9741381e-01
   7.2068966e-01
   7.4827586e-01
   7.8103448e-01
   8.1637931e-01
   8.5517241e-01
   8.9482759e-01
   9.3275862e-01
   9.6551725e-01
   9.8793103e-01
   1.0000000e+00
   9.9655173e-01
   9.8017242e-01
   9.5000002e-01
   9.1034482e-01
   8.6379311e-01
   8.1551724e-01
   7.6982758e-01
   7.3103447e-01
   7.0086208e-01
   6.8275862e-01
   6.7499999e-01
   6.7844828e-01
   6.8879310e-01
   7.0431035e-01
   7.2068964e-01
   7.3448276e-01
   7.4310346e-01
   7.4568964e-01
   7.4137930e-01
   7.3275863e-01
   7.2241379e-01
   7.1034483e-01
   7.0000000e-01
   6.9051723e-01
   6.8275862e-01
   6.7327586e-01
   6.6379311e-01
   6.5172413e-01
   6.3879309e-01
   6.2327587e-01
   6.0862070e-01
   5.9655172e-01
   5.8965518e-01
   5.8793104e-01
   5.9396551e-01
   6.0862070e-01
   6.2844828e-01
   6.5344826e-01
   6.8017240e-01
   7.0431033e-01
   7.2327586e-01
   7.3534483e-01
   7.3879310e-01
   7.3448276e-01
   7.2327586e-01
   7.0775862e-01
   6.8965516e-01
   6.7327586e-01
   6.5862069e-01
   6.4655174e-01
   6.3793104e-01
   6.3103448e-01
   6.2586208e-01
   6.2155172e-01
   6.1810345e-01
   6.1637931e-01
   6.1637931e-01
   6.1724138e-01
   6.1982760e-01
   6.2327587e-01
   6.2758621e-01
   6.3362069e-01
   6.3965518e-01
   6.4482759e-01
   6.5000001e-01
   6.5258621e-01
   6.5258621e-01
   6.4827586e-01
   6.4137932e-01
   6.3189655e-01
   6.1982760e-01
   6.0689655e-01
   5.9827587e-01
   5.9310345e-01
   5.9396551e-01
   5.9913794e-01
   6.1120689e-01
   6.2586206e-01
   6.4224138e-01
   6.5775862e-01
   6.6982759e-01
   6.7672413e-01
   6.7499999e-01
   6.6810343e-01
   6.5517242e-01
   6.3793104e-01
   6.1896552e-01
   6.0086208e-01
   5.8620690e-01
   5.7413794e-01
   5.6637931e-01
   5.6206897e-01
   5.5603448e-01
   5.4913794e-01
   5.4051724e-01
   5.2844827e-01
   5.1465517e-01
   5.0172414e-01
   4.9051724e-01
   4.8534483e-01
   4.8620690e-01
   4.9224137e-01
   5.0431034e-01
   5.2068966e-01
   5.3620688e-01
   5.5086207e-01
   5.5948275e-01
   5.6120690e-01
   5.5517241e-01
   5.3879310e-01
   5.1637931e-01
   4.8706897e-01
   4.5431033e-01
   4.2155172e-01
   3.9224136e-01
   3.6810345e-01
   3.5258621e-01
   3.4396551e-01
   3.4224138e-01
   3.4482760e-01
   3.5172412e-01
   3.6034482e-01
   3.6896552e-01
   3.7586208e-01
   3.8103448e-01
   3.8275862e-01
   3.8275862e-01
   3.7931035e-01
   3.7586208e-01
   3.7068965e-01
   3.6724138e-01
   3.6465516e-01
   3.6551725e-01
   3.6810345e-01
   3.7155172e-01
   3.7672414e-01
   3.8103448e-01
   3.8362069e-01
   3.8534482e-01
   3.8362069e-01
   3.8017242e-01
   3.7586206e-01
   3.6982758e-01
   3.6293104e-01
   3.5603448e-01
   3.4913792e-01
   3.4224138e-01
   3.3620689e-01
   3.3275862e-01
   3.3189657e-01
   3.3448277e-01
   3.4137931e-01
   3.5344826e-01
   3.6810345e-01
   3.8706896e-01
   4.1034482e-01
   4.3620689e-01
   4.6293103e-01
   4.9051724e-01
   5.1724137e-01
   5.4224138e-01
   5.6206897e-01
   5.7672414e-01
   5.8793104e-01
   5.9396551e-01
   5.9741380e-01
   5.9827587e-01
   5.9913794e-01
   5.9999999e-01
   6.0258621e-01
   6.0603448e-01
   6.1120691e-01
   6.1810345e-01
   6.2586208e-01
   6.3534482e-01
   6.4310345e-01
   6.4913794e-01
   6.5431035e-01
   6.5603449e-01
   6.5517242e-01
   6.5172413e-01
   6.4655172e-01
   6.4224138e-01
   6.4051725e-01
   6.4051725e-01
   6.4224138e-01
   6.4568967e-01
   6.4999999e-01
   6.5086208e-01
   6.5000001e-01
   6.4396552e-01
   6.3534482e-01
   6.2327586e-01
   6.0948275e-01
   5.9655174e-01
   5.8706897e-01
   5.8189655e-01
   5.8275862e-01
   5.8965518e-01
   6.0258621e-01
   6.2068967e-01
   6.4051723e-01
   6.6206898e-01
   6.7931035e-01
   6.9396552e-01
   7.0258622e-01
   7.0689654e-01
   7.0862069e-01
   7.0862069e-01
   7.0862069e-01
   7.1120690e-01
   7.1551725e-01
   7.2327586e-01
   7.3275863e-01
   7.4137930e-01
   7.4913793e-01
   7.5603447e-01
   7.5775863e-01
   7.5603449e-01
   7.5086207e-01
   7.4224139e-01
   7.3103447e-01
   7.1810344e-01
   7.0258622e-01
   6.8879310e-01
   6.7413793e-01
   6.6120689e-01
   6.4913794e-01
   6.3706896e-01
   6.2586208e-01
   6.1465518e-01
   6.0431035e-01
   5.9482758e-01
   5.8793104e-01
   5.8534482e-01
   5.8620689e-01
   5.9224138e-01
   6.0431035e-01
   6.2155172e-01
   6.4224138e-01
   6.6637930e-01
   6.9224139e-01
   7.1637930e-01
   7.3706897e-01
   7.5344827e-01
   7.6379310e-01
   7.6810344e-01
   7.6637931e-01
   7.5775863e-01
   7.4655173e-01
   7.3448276e-01
   7.2327586e-01
   7.1724137e-01
   7.1465517e-01
   7.1724137e-01
   7.2413793e-01
   7.3103449e-01
   7.3793103e-01
   7.4310346e-01
   7.4137932e-01
   7.3448276e-01
   7.2155173e-01
   7.0344829e-01
   6.8189656e-01
   6.5948278e-01
   6.3879311e-01
   6.2155172e-01
   6.1293104e-01
   6.1206897e-01
   6.1810345e-01
   6.3103448e-01
   6.4655172e-01
   6.6551725e-01
   6.8189656e-01
   6.9568966e-01
   7.0517242e-01
   7.1206896e-01
   7.1465517e-01
   7.1379310e-01
   7.1206896e-01
   7.0775862e-01
   7.0086208e-01
   6.9224137e-01
   6.8103449e-01
   6.6637930e-01
   6.5172413e-01
   6.3620689e-01
   6.2155172e-01
   6.0948275e-01
   6.0000001e-01
   5.9396551e-01
   5.9137931e-01
   5.9224138e-01
   5.9568965e-01
   6.0000001e-01
   6.0517241e-01
   6.0862070e-01
   6.0862068e-01
   6.0517241e-01
   5.9827585e-01
   5.8965518e-01
   5.7931034e-01
   5.7068967e-01
   5.6551724e-01
   5.6637931e-01
   5.7155172e-01
   5.8189655e-01
   5.9655174e-01
   6.1465516e-01
   6.3189655e-01
   6.4827588e-01
   6.6293103e-01
   6.7241379e-01
   6.7844828e-01
   6.7758620e-01
   6.7241379e-01
   6.6206896e-01
   6.4741379e-01
   6.3103448e-01
   6.1379309e-01
   5.9913792e-01
   5.8706897e-01
   5.7844828e-01
   5.7500001e-01
   5.7500001e-01
   5.7844828e-01
   5.8534484e-01
   5.9310345e-01
   6.0258621e-01
   6.1206897e-01
   6.2155174e-01
   6.2758621e-01
   6.3275862e-01
   6.3362069e-01
   6.3362069e-01
   6.3017242e-01
   6.2586208e-01
   6.2155172e-01
   6.1551725e-01
   6.1034482e-01
   6.0603448e-01
   6.0258621e-01
   6.0000001e-01
   5.9913792e-01
   6.0000001e-01
   6.0258621e-01
   6.0603448e-01
   6.1034484e-01
   6.1206897e-01
   6.1293102e-01
   6.0948277e-01
   6.0344828e-01
   5.9482758e-01
   5.8448277e-01
   5.7500001e-01
   5.6724138e-01
   5.6293104e-01
   5.6120690e-01
   5.6551724e-01
   5.7327587e-01
   5.8620690e-01
   6.0258621e-01
   6.2327587e-01
   6.4741379e-01
   6.7500001e-01
   7.0258620e-01
   7.3103449e-01
   7.5775863e-01
   7.7931034e-01
   7.9568965e-01
   8.0689655e-01
   8.1206897e-01
   8.0948277e-01
   8.0344829e-01
   7.9310346e-01
   7.8017243e-01
   7.6551726e-01
   7.5000000e-01
   7.3534483e-01
   7.2241379e-01
   7.1034483e-01
   6.9913795e-01
   6.8879312e-01
   6.7844828e-01
   6.6637930e-01
   6.5344826e-01
   6.3965516e-01
   6.2413794e-01
   6.0948275e-01
   5.9482758e-01
   5.7931034e-01
   5.6379311e-01
   5.4741380e-01
   5.3189656e-01
   5.1637931e-01
   5.0344827e-01
   4.9310346e-01
   4.8793103e-01
   4.8965517e-01
   4.9741380e-01
   5.1206897e-01
   5.3017241e-01
   5.5172414e-01
   5.7500001e-01
   5.9655174e-01
   6.1637931e-01
   6.3189655e-01
   6.4310345e-01
   6.4913794e-01
   6.5000001e-01
   6.4655172e-01
   6.3965516e-01
   6.3103448e-01
   6.1982758e-01
   6.0948277e-01
   5.9827585e-01
   5.8620689e-01
   5.7586207e-01
   5.6379311e-01
   5.5172414e-01
   5.4051726e-01
   5.3017241e-01
   5.2241380e-01
   5.1810346e-01
   5.1896553e-01
   5.2327587e-01
   5.3103448e-01
   5.4137931e-01
   5.5258621e-01
   5.6379311e-01
   5.7327587e-01
   5.8017241e-01
   5.8362068e-01
   5.8189657e-01
   5.7586205e-01
   5.6637931e-01
   5.5258621e-01
   5.3965517e-01
   5.2586207e-01
   5.1551724e-01
   5.0948276e-01
   5.0948276e-01
   5.1379310e-01
   5.2241380e-01
   5.3534483e-01
   5.5000000e-01
   5.6637931e-01
   5.8362070e-01
   5.9999999e-01
   6.1637931e-01
   6.3189655e-01
   6.4568965e-01
   6.5775862e-01
   6.6810343e-01
   6.7672413e-01
   6.8448276e-01
   6.9224137e-01
   6.9827586e-01
   7.0603447e-01
   7.1551725e-01
   7.2500000e-01
   7.3448276e-01
   7.4482759e-01
   7.5172414e-01
   7.5689656e-01
   7.5948276e-01
   7.5775861e-01
   7.5172414e-01
   7.4310344e-01
   7.3103449e-01
   7.1810346e-01
   7.0775862e-01
   7.0000000e-01
   6.9827586e-01
   7.0258622e-01
   7.1293103e-01
   7.2672413e-01
   7.4051724e-01
   7.5258620e-01
   7.5862070e-01
   7.5862070e-01
   7.5000000e-01
   7.3448276e-01
   7.1379310e-01
   6.9051725e-01
   6.6896552e-01
   6.5258621e-01
   6.4224136e-01
   6.4051725e-01
   6.4655172e-01
   6.5948276e-01
   6.7758620e-01
   6.9655173e-01
   7.1379310e-01
   7.2672413e-01
   7.3275863e-01
   7.3275863e-01
   7.2672413e-01
   7.1896551e-01
   7.0862069e-01
   7.0000000e-01
   6.9482759e-01
   6.9396552e-01
   6.9655173e-01
   7.0000002e-01
   7.0517240e-01
   7.0948276e-01
   7.1293103e-01
   7.1465517e-01
   7.1551723e-01
   7.1379312e-01
   7.1120690e-01
   7.0689656e-01
   7.0000002e-01
   6.9137932e-01
   6.8103449e-01
   6.6896552e-01
   6.5517240e-01
   6.4051725e-01
   6.2499999e-01
   6.1206896e-01
   6.0000001e-01
   5.9137931e-01
   5.8706897e-01
   5.8793104e-01
   5.9224138e-01
   6.0086208e-01
   6.1120689e-01
   6.2241379e-01
   6.3275862e-01
   6.4224138e-01
   6.4913794e-01
   6.5517242e-01
   6.6120689e-01
   6.6637932e-01
   6.7155172e-01
   6.7586206e-01
   6.7931035e-01
   6.7931035e-01
   6.7672413e-01
   6.6982759e-01
   6.6120689e-01
   6.4913794e-01
   6.3620691e-01
