   2.2421607e+02
   1.7280842e+02
   1.0949874e+02
   4.4312200e+01
  -1.3458457e+01
  -5.7175555e+01
  -8.3909361e+01
  -9.4209201e+01
  -9.1462577e+01
  -7.9972534e+01
  -6.4133669e+01
  -4.7013046e+01
  -2.9800870e+01
  -1.2314030e+01
   6.5918970e+00
   2.8427558e+01
   5.3925384e+01
   8.3222705e+01
   1.1544976e+02
   1.4918746e+02
   1.8255894e+02
   2.1382467e+02
   2.4156558e+02
   2.6495766e+02
   2.8368048e+02
   2.9773404e+02
   3.0748455e+02
   3.1311513e+02
   3.1485466e+02
   3.1219959e+02
   3.0437171e+02
   2.9031815e+02
   2.6894026e+02
   2.3941405e+02
   2.0169375e+02
   1.5687800e+02
   1.0693523e+02
   5.4978256e+01
   4.3945980e+00
  -4.1336690e+01
  -7.9514764e+01
  -1.0821698e+02
  -1.2689403e+02
  -1.3614099e+02
  -1.3742275e+02
  -1.3289082e+02
  -1.2487984e+02
  -1.1581598e+02
  -1.0771344e+02
  -1.0240330e+02
  -1.0089265e+02
  -1.0363928e+02
  -1.1041428e+02
  -1.2053101e+02
  -1.3270771e+02
  -1.4534218e+02
  -1.5701533e+02
  -1.6621653e+02
  -1.7203021e+02
  -1.7386130e+02
  -1.7148089e+02
  -1.6525521e+02
  -1.5582513e+02
  -1.4442664e+02
  -1.3252461e+02
  -1.2185855e+02
  -1.1421378e+02
  -1.1119249e+02
  -1.1366445e+02
  -1.2181277e+02
  -1.3490501e+02
  -1.5133898e+02
  -1.6878004e+02
  -1.8484779e+02
  -1.9734493e+02
  -2.0471504e+02
  -2.0608835e+02
  -2.0160220e+02
  -1.9203479e+02
  -1.7907988e+02
  -1.6488899e+02
  -1.5165942e+02
  -1.4177157e+02
  -1.3728542e+02
  -1.3966583e+02
  -1.4932479e+02
  -1.6580453e+02
  -1.8759442e+02
  -2.1240558e+02
  -2.3753719e+02
  -2.6033417e+02
  -2.7850767e+02
  -2.9059281e+02
  -2.9590295e+02
  -2.9457542e+02
  -2.8752575e+02
  -2.7603571e+02
  -2.6198215e+02
  -2.4724193e+02
  -2.3396658e+02
  -2.2398718e+02
  -2.1872282e+02
  -2.1849394e+02
  -2.2275120e+02
  -2.2943465e+02
  -2.3533990e+02
  -2.3657588e+02
  -2.2920577e+02
  -2.1016251e+02
  -1.7756924e+02
  -1.3170062e+02
  -7.4845502e+01
  -1.0940719e+01
   5.4657816e+01
   1.1641108e+02
   1.6914626e+02
   2.0892653e+02
   2.3369192e+02
   2.4344244e+02
   2.4000916e+02
   2.2668803e+02
   2.0750744e+02
   1.8640421e+02
   1.6644541e+02
   1.4927901e+02
   1.3522545e+02
   1.2332342e+02
   1.1183337e+02
   9.9061570e+01
   8.3543144e+01
   6.4911879e+01
   4.3350881e+01
   1.9913023e+01
  -4.0741590e+00
  -2.7420462e+01
  -4.9073014e+01
  -6.8253605e+01
  -8.4367132e+01
  -9.6681163e+01
  -1.0455482e+02
  -1.0720989e+02
  -1.0414282e+02
  -9.5078966e+01
  -8.0659189e+01
  -6.1936370e+01
  -4.0741588e+01
  -1.9180590e+01
   6.8665600e-01
   1.7166399e+01
   2.9297322e+01
   3.6850538e+01
   4.0421149e+01
   4.1199359e+01
   4.0787366e+01
   4.0741589e+01
   4.2389563e+01
   4.6417945e+01
   5.2964065e+01
   6.1066606e+01
   6.9398032e+01
   7.6218815e+01
   7.9789425e+01
   7.8965438e+01
   7.3334859e+01
   6.3355459e+01
   5.0171664e+01
   3.5568780e+01
   2.1149004e+01
   8.3314260e+00
  -1.9684140e+00
  -9.3842990e+00
  -1.3778897e+01
  -1.5335317e+01
  -1.4328221e+01
  -1.0849165e+01
  -5.1270310e+00
   2.4719620e+00
   1.1352712e+01
   2.0691234e+01
   2.9343100e+01
   3.6392767e+01
   4.0970474e+01
   4.2526894e+01
   4.1062028e+01
   3.6987869e+01
   3.0991073e+01
   2.4124514e+01
   1.7441062e+01
   1.2039368e+01
   8.8807510e+00
   8.5145340e+00
   1.1169604e+01
   1.6342412e+01
   2.2980087e+01
   2.9755093e+01
   3.5339895e+01
   3.8498513e+01
   3.9047837e+01
   3.7399863e+01
   3.5156787e+01
   3.4287022e+01
   3.7262531e+01
   4.6051728e+01
   6.1936370e+01
   8.5191119e+01
   1.1490044e+02
   1.4895857e+02
   1.8461891e+02
   2.1863127e+02
   2.4774548e+02
   2.6903181e+02
   2.8061341e+02
   2.8162051e+02
   2.7283131e+02
   2.5635157e+02
   2.3538567e+02
   2.1396201e+02
   1.9592584e+02
   1.8439002e+02
   1.8132296e+02
   1.8709087e+02
   2.0068666e+02
   2.2005036e+02
   2.4252689e+02
   2.6550698e+02
   2.8670176e+02
   3.0455482e+02
   3.1819638e+02
   3.2744335e+02
   3.3270771e+02
   3.3499657e+02
   3.3545434e+02
   3.3554589e+02
   3.3669032e+02
   3.3966583e+02
   3.4493019e+02
   3.5193408e+02
   3.5939574e+02
   3.6575876e+02
   3.6914626e+02
   3.6823072e+02
   3.6241703e+02
   3.5207141e+02
   3.3842985e+02
   3.2336919e+02
   3.0890364e+02
   2.9672694e+02
   2.8812085e+02
   2.8354314e+02
   2.8290227e+02
   2.8528267e+02
   2.8958572e+02
   2.9420920e+02
   2.9768826e+02
   2.9855802e+02
   2.9571984e+02
   2.8844129e+02
   2.7672236e+02
   2.6106660e+02
   2.4266422e+02
   2.2311742e+02
   2.0407416e+02
   1.8704509e+02
   1.7335775e+02
   1.6374456e+02
   1.5852598e+02
   1.5756466e+02
   1.6040284e+02
   1.6617075e+02
   1.7390707e+02
   1.8251316e+02
   1.9066148e+02
   1.9734493e+02
   2.0173953e+02
   2.0325017e+02
   2.0183108e+02
   1.9784848e+02
   1.9176013e+02
   1.8420691e+02
   1.7578393e+02
   1.6694896e+02
   1.5811398e+02
   1.4946212e+02
   1.4154269e+02
   1.3476768e+02
   1.2973220e+02
   1.2689403e+02
   1.2648203e+02
   1.2849622e+02
   1.3238727e+02
   1.3737697e+02
   1.4245823e+02
   1.4666972e+02
   1.4923323e+02
   1.4950790e+02
   1.4703593e+02
   1.4163424e+02
   1.3330282e+02
   1.2222477e+02
   1.0881209e+02
   9.3705653e+01
   7.8095674e+01
   6.3172350e+01
   5.0125887e+01
   4.0146487e+01
   3.3829252e+01
   3.1403067e+01
   3.2410163e+01
   3.6026551e+01
   4.1016250e+01
   4.5914397e+01
   4.9393454e+01
   5.0263218e+01
   4.7699703e+01
   4.1290913e+01
   3.1036850e+01
   1.7532616e+01
   1.8768600e+00
  -1.4740215e+01
  -3.0807965e+01
  -4.5090410e+01
  -5.6488900e+01
  -6.4454109e+01
  -6.8711375e+01
  -6.9398031e+01
  -6.7063401e+01
  -6.2119478e+01
  -5.5298696e+01
  -4.7241932e+01
  -3.8956283e+01
  -3.1174181e+01
  -2.4811169e+01
  -2.0737011e+01
  -1.9363699e+01
  -2.0691234e+01
  -2.4353399e+01
  -2.9526207e+01
  -3.5339895e+01
  -4.0741589e+01
  -4.5044632e+01
  -4.7745479e+01
  -4.8706798e+01
  -4.7837033e+01
  -4.5319295e+01
  -4.1290913e+01
  -3.6072328e+01
  -3.0029755e+01
  -2.3758297e+01
  -1.8036164e+01
  -1.3595789e+01
  -1.1169604e+01
  -1.1398489e+01
  -1.4328221e+01
  -1.9775692e+01
  -2.7145800e+01
  -3.5706111e+01
  -4.4632639e+01
  -5.3192951e+01
  -6.0700389e+01
  -6.6651408e+01
  -7.0542459e+01
  -7.1824216e+01
  -7.0267796e+01
  -6.5461204e+01
  -5.7404441e+01
  -4.6280613e+01
  -3.2730602e+01
  -1.7944610e+01
  -3.6163880e+00
   7.8736550e+00
   1.3824674e+01
   1.1215381e+01
  -2.7466240e+00
  -3.0075532e+01
  -7.1549553e+01
  -1.2625315e+02
  -1.9130236e+02
  -2.6239414e+02
  -3.3426413e+02
  -4.0155642e+02
  -4.6001373e+02
  -5.0698100e+02
  -5.4200046e+02
  -5.6649119e+02
  -5.8329137e+02
  -5.9574273e+02
  -6.0677501e+02
  -6.1853971e+02
  -6.3195239e+02
  -6.4678416e+02
  -6.6202792e+02
  -6.7644770e+02
  -6.8857862e+02
  -6.9759670e+02
  -7.0286107e+02
  -7.0418860e+02
  -7.0180819e+02
  -6.9617761e+02
  -6.8802930e+02
  -6.7823301e+02
  -6.6770428e+02
  -6.5712978e+02
  -6.4719615e+02
  -6.3804074e+02
  -6.2952621e+02
  -6.2142367e+02
  -6.1345846e+02
  -6.0558480e+02
  -5.9771115e+02
  -5.9034104e+02
  -5.8379492e+02
  -5.7843900e+02
  -5.7445640e+02
  -5.7175555e+02
  -5.6992447e+02
  -5.6841382e+02
  -5.6667430e+02
  -5.6411078e+02
  -5.6017395e+02
  -5.5436027e+02
  -5.4648661e+02
  -5.3627832e+02
  -5.2401007e+02
  -5.1004807e+02
  -4.9544518e+02
  -4.8120851e+02
  -4.6839094e+02
  -4.5799954e+02
  -4.5049210e+02
  -4.4554818e+02
  -4.4252689e+02
  -4.4028382e+02
  -4.3762875e+02
  -4.3360037e+02
  -4.2774090e+02
  -4.1995880e+02
  -4.1066606e+02
  -4.0009155e+02
  -3.8846418e+02
  -3.7550927e+02
  -3.6067750e+02
  -3.4314488e+02
  -3.2208743e+02
  -2.9704738e+02
  -2.6820783e+02
  -2.3657588e+02
  -2.0416571e+02
  -1.7363241e+02
  -1.4813458e+02
  -1.3087663e+02
  -1.2428473e+02
  -1.2964065e+02
  -1.4644083e+02
  -1.7257954e+02
  -2.0421149e+02
  -2.3657588e+02
  -2.6468299e+02
  -2.8445869e+02
  -2.9320211e+02
  -2.9027237e+02
  -2.7708858e+02
  -2.5644312e+02
  -2.3218128e+02
  -2.0819410e+02
  -1.8754864e+02
  -1.7253376e+02
  -1.6392767e+02
  -1.6140993e+02
  -1.6365301e+02
  -1.6873426e+02
  -1.7450217e+02
  -1.7894255e+02
  -1.8036164e+02
  -1.7779812e+02
  -1.7093156e+02
  -1.6040284e+02
  -1.4721904e+02
  -1.3298238e+02
  -1.1929503e+02
  -1.0739300e+02
  -9.8146029e+01
  -9.1920348e+01
  -8.8349736e+01
  -8.7067979e+01
  -8.7479973e+01
  -8.9082170e+01
  -9.1233692e+01
  -9.3339437e+01
  -9.4392309e+01
  -9.3018998e+01
  -8.7525750e+01
  -7.5944152e+01
  -5.6626231e+01
  -2.8519112e+01
   8.4229800e+00
   5.3009842e+01
   1.0295262e+02
   1.5477226e+02
   2.0457771e+02
   2.4834058e+02
   2.8253605e+02
   3.0460060e+02
   3.1329824e+02
   3.0894942e+02
   2.9320211e+02
   2.6889448e+02
   2.3923094e+02
   2.0773632e+02
   1.7724880e+02
   1.4991989e+02
   1.2675669e+02
   1.0812543e+02
   9.3568323e+01
   8.2581827e+01
   7.4479286e+01
   6.8802930e+01
   6.5049210e+01
   6.2897688e+01
   6.1753261e+01
   6.0883497e+01
   5.9327078e+01
   5.6305790e+01
   5.1316091e+01
   4.4266423e+01
   3.5614557e+01
   2.6321813e+01
   1.7578393e+01
   1.0620279e+01
   6.5461210e+00
   6.1341270e+00
   9.9794000e+00
   1.8265049e+01
   3.1036851e+01
   4.7974365e+01
   6.8894483e+01
   9.2927444e+01
   1.1952392e+02
   1.4776837e+02
   1.7665370e+02
   2.0544747e+02
   2.3327993e+02
   2.5941863e+02
   2.8317693e+02
   3.0373083e+02
   3.2048524e+02
   3.3289082e+02
   3.4090181e+02
   3.4488441e+02
   3.4579995e+02
   3.4511330e+02
   3.4451820e+02
   3.4552529e+02
   3.4927901e+02
   3.5614557e+02
   3.6557565e+02
   3.7624170e+02
   3.8612955e+02
   3.9276722e+02
   3.9349966e+02
   3.8590066e+02
   3.6800183e+02
   3.3861296e+02
   2.9764248e+02
   2.4632639e+02
   1.8736553e+02
   1.2455939e+02
   6.2531472e+01
   6.0883500e+00
  -4.0787366e+01
  -7.5303273e+01
  -9.6589609e+01
  -1.0547036e+02
  -1.0437171e+02
  -9.6726940e+01
  -8.6243992e+01
  -7.6356145e+01
  -6.9718471e+01
  -6.7933166e+01
  -7.1869993e+01
  -8.1254292e+01
  -9.5353628e+01
  -1.1274891e+02
  -1.3165484e+02
  -1.5001144e+02
  -1.6548409e+02
  -1.7573816e+02
  -1.7889677e+02
  -1.7354086e+02
  -1.5902953e+02
  -1.3591211e+02
  -1.0583658e+02
  -7.1412222e+01
  -3.6209659e+01
  -3.9368270e+00
   2.1560998e+01
   3.7170977e+01
   4.1199359e+01
   3.3188373e+01
   1.4557107e+01
  -1.1902037e+01
  -4.2252232e+01
  -7.2327764e+01
  -9.8420692e+01
  -1.1783017e+02
  -1.2941177e+02
  -1.3339437e+02
  -1.3101396e+02
  -1.2414740e+02
  -1.1462577e+02
  -1.0382239e+02
  -9.2652781e+01
  -8.1254292e+01
  -6.9489586e+01
  -5.7221332e+01
  -4.4220646e+01
  -3.0579080e+01
  -1.6250858e+01
  -1.1902040e+00
   1.4877546e+01
   3.2593270e+01
   5.2780957e+01
   7.6310368e+01
   1.0386816e+02
   1.3559167e+02
   1.7102312e+02
   2.0883497e+02
   2.4696727e+02
   2.8262760e+02
   3.1279469e+02
   3.3453880e+02
   3.4534218e+02
   3.4383154e+02
   3.2991531e+02
   3.0478370e+02
   2.7090868e+02
   2.3158618e+02
   1.9034104e+02
   1.5037766e+02
   1.1421378e+02
   8.3451591e+01
   5.8640421e+01
   3.9871824e+01
   2.6413367e+01
   1.7395285e+01
   1.1810482e+01
   8.4687580e+00
   6.0425730e+00
   3.0670630e+00
  -1.6021970e+00
  -8.9723050e+00
  -1.9363699e+01
  -3.2501717e+01
  -4.7333486e+01
  -6.2256809e+01
  -7.5486381e+01
  -8.5374227e+01
  -9.0684367e+01
  -9.0638590e+01
  -8.5374227e+01
  -7.5303273e+01
  -6.1432822e+01
  -4.4815747e+01
  -2.6733806e+01
  -8.3772030e+00
   9.0180820e+00
   2.4536507e+01
   3.7399863e+01
   4.7013046e+01
   5.3284504e+01
   5.6351568e+01
   5.6580453e+01
   5.4383154e+01
   5.0492103e+01
   4.5410849e+01
   3.9734493e+01
   3.4287023e+01
   2.9571984e+01
   2.6413366e+01
   2.5314717e+01
   2.6688029e+01
   3.0487525e+01
   3.6392767e+01
   4.3808652e+01
   5.1819638e+01
   5.9739071e+01
   6.6926070e+01
   7.3060197e+01
   7.8095674e+01
   8.1986725e+01
   8.4870680e+01
   8.6610208e+01
   8.7159533e+01
   8.6472877e+01
   8.4596018e+01
   8.1574731e+01
   7.7866789e+01
   7.3884184e+01
   7.0084688e+01
   6.7109178e+01
   6.5323873e+01
   6.5140764e+01
   6.6788739e+01
   7.0450904e+01
   7.5852598e+01
   8.2444496e+01
   8.9311055e+01
   9.5216297e+01
   9.8786908e+01
   9.8741130e+01
   9.4438087e+01
   8.5877775e+01
   7.4067292e+01
   6.0654612e+01
   4.7653925e+01
   3.7308308e+01
   3.1174182e+01
   3.0350195e+01
   3.5065233e+01
   4.4769971e+01
   5.8594644e+01
   7.5120165e+01
   9.3156329e+01
   1.1142138e+02
   1.2867933e+02
   1.4401465e+02
   1.5664912e+02
   1.6607919e+02
   1.7203021e+02
   1.7459373e+02
   1.7418174e+02
   1.7129778e+02
   1.6667430e+02
   1.6108949e+02
   1.5527581e+02
   1.4978256e+02
   1.4529641e+02
   1.4218357e+02
   1.4053559e+02
   1.4035248e+02
   1.4113069e+02
   1.4200046e+02
   1.4204624e+02
   1.4016938e+02
   1.3563745e+02
   1.2799268e+02
   1.1741817e+02
   1.0428016e+02
   8.9448386e+01
   7.3655299e+01
   5.7633325e+01
   4.1840238e+01
   2.6825361e+01
   1.2954910e+01
   9.6131900e-01
  -8.2856490e+00
  -1.4007783e+01
  -1.5472649e+01
  -1.2451362e+01
  -5.3559160e+00
   4.8981460e+00
   1.6754406e+01
   2.8519112e+01
   3.8635843e+01
   4.6005951e+01
   5.0125887e+01
   5.0995651e+01
   4.9301900e+01
   4.5960174e+01
   4.2114901e+01
   3.8818951e+01
   3.6896315e+01
   3.6850538e+01
   3.8773174e+01
   4.2298009e+01
   4.6829939e+01
   5.1453422e+01
   5.5252918e+01
   5.7679102e+01
   5.8411536e+01
   5.7587549e+01
   5.5756466e+01
   5.3742275e+01
   5.2094301e+01
   5.1270314e+01
   5.1407645e+01
   5.2231632e+01
   5.3192950e+01
   5.3971160e+01
   5.4016938e+01
   5.3055619e+01
   5.0995651e+01
   4.7837034e+01
   4.3717097e+01
   3.8773175e+01
   3.3371481e+01
   2.7832456e+01
   2.2934310e+01
   1.9180590e+01
   1.7303730e+01
   1.7624170e+01
   2.0233463e+01
   2.4719616e+01
   3.0350194e+01
   3.6392767e+01
   4.1794461e+01
   4.5914397e+01
   4.8065919e+01
   4.7882810e+01
   4.5044633e+01
   3.9551385e+01
   3.1677730e+01
   2.2201877e+01
   1.2542916e+01
   4.6234830e+00
   8.2398700e-01
   3.6621650e+00
   1.5289540e+01
   3.7033646e+01
   6.8848707e+01
   1.0936141e+02
   1.5587091e+02
   2.0444037e+02
   2.5081254e+02
   2.9059281e+02
   3.2007324e+02
   3.3655299e+02
   3.3888762e+02
   3.2748913e+02
   3.0432593e+02
   2.7269398e+02
   2.3671321e+02
   2.0045777e+02
   1.6763561e+02
   1.4071870e+02
   1.2071412e+02
   1.0702678e+02
   9.7825590e+01
   9.0684367e+01
   8.3176929e+01
   7.3655299e+01
   6.1432822e+01
   4.7058823e+01
   3.2089723e+01
   1.8631265e+01
   8.7434200e+00
   4.0741580e+00
   5.4016940e+00
   1.2588693e+01
   2.4444953e+01
   3.8773175e+01
   5.3147173e+01
   6.4820325e+01
   7.1503777e+01
   7.1641108e+01
   6.4637217e+01
   5.1224537e+01
   3.2867933e+01
   1.1856260e+01
  -9.4758530e+00
  -2.8976883e+01
  -4.5410849e+01
  -5.8045319e+01
  -6.6926070e+01
  -7.2877089e+01
  -7.6493476e+01
  -7.8507668e+01
  -7.9285878e+01
  -7.8919661e+01
  -7.7409019e+01
  -7.4753949e+01
  -7.0908674e+01
  -6.6056306e+01
  -6.0471504e+01
  -5.4428931e+01
  -4.8432135e+01
  -4.2801557e+01
  -3.8040742e+01
  -3.4653238e+01
  -3.3234150e+01
  -3.4012360e+01
  -3.7170977e+01
  -4.2389563e+01
  -4.8844129e+01
  -5.5390249e+01
  -6.0563058e+01
  -6.3172351e+01
  -6.2073701e+01
  -5.6717785e+01
  -4.7241932e+01
  -3.3920805e+01
  -1.7715724e+01
   3.2044000e-01
   1.8997482e+01
   3.7079423e+01
   5.3467613e+01
   6.7338063e+01
   7.7866789e+01
   8.4824902e+01
   8.8166629e+01
   8.8120851e+01
   8.5099565e+01
   7.9514764e+01
   7.1915770e+01
   6.2394140e+01
   5.1499199e+01
   3.9505607e+01
   2.7100023e+01
   1.5426872e+01
   5.7221330e+00
  -8.2398700e-01
  -3.0670640e+00
  -3.2043900e-01
   7.2327770e+00
   1.8905928e+01
   3.3325704e+01
   4.8844129e+01
   6.3950561e+01
   7.7180133e+01
   8.7708858e+01
   9.5078966e+01
   9.9427787e+01
   1.0139620e+02
   1.0176242e+02
   1.0157931e+02
   1.0171664e+02
   1.0290684e+02
   1.0519570e+02
   1.0830854e+02
   1.1128405e+02
   1.1288624e+02
   1.1197070e+02
   1.0739300e+02
   9.8832685e+01
   8.6427100e+01
   7.1046006e+01
   5.3742275e+01
   3.5843442e+01
   1.8448158e+01
   2.3346310e+00
  -1.1810483e+01
  -2.3529411e+01
  -3.2410163e+01
  -3.7811856e+01
  -3.9230945e+01
  -3.6301213e+01
  -2.9068437e+01
  -1.8173495e+01
  -4.8523690e+00
   9.2469670e+00
   2.2339208e+01
   3.2776379e+01
   3.9505608e+01
   4.2114900e+01
   4.1062028e+01
   3.7354085e+01
   3.2684825e+01
   2.8564889e+01
   2.6733807e+01
   2.8290226e+01
   3.3646143e+01
   4.2343785e+01
   5.3192950e+01
   6.4316777e+01
   7.3517967e+01
   7.8690776e+01
   7.8507668e+01
   7.2510872e+01
   6.1387046e+01
   4.6875715e+01
   3.1311513e+01
   1.7303731e+01
   6.8665600e+00
   1.3733120e+00
   1.1444260e+00
   5.4474710e+00
   1.2817578e+01
   2.1286336e+01
   2.8931106e+01
   3.3829252e+01
   3.4653239e+01
   3.0716411e+01
   2.2110323e+01
   9.7047380e+00
  -4.6234840e+00
  -1.8768597e+01
  -3.0304418e+01
  -3.6942092e+01
  -3.7033647e+01
  -3.0029755e+01
  -1.6296636e+01
   2.6092930e+00
   2.4490730e+01
   4.6555276e+01
   6.6193637e+01
   8.0888075e+01
   8.9082170e+01
   8.9768826e+01
   8.2810712e+01
   6.9214923e+01
   5.0675212e+01
   2.9343099e+01
   8.1025410e+00
  -1.0254062e+01
  -2.3483634e+01
  -2.9938201e+01
  -2.8976883e+01
  -2.1332113e+01
  -8.5145340e+00
   7.1869990e+00
   2.3254750e+01
   3.7354085e+01
   4.7745480e+01
   5.3330281e+01
   5.3879606e+01
   4.9622340e+01
   4.1702907e+01
   3.1494621e+01
   2.0462349e+01
   1.0162509e+01
   1.8768590e+00
  -3.5248340e+00
  -5.8594650e+00
  -5.3559160e+00
  -2.9297320e+00
   3.6621600e-01
   3.2959490e+00
   4.9439230e+00
   4.6692610e+00
   1.9684140e+00
  -3.2959490e+00
  -1.1306935e+01
  -2.2110323e+01
  -3.5797665e+01
  -5.1911192e+01
  -6.9901580e+01
  -8.8212405e+01
  -1.0473793e+02
  -1.1696040e+02
  -1.2236210e+02
  -1.1860838e+02
  -1.0450904e+02
  -7.9926756e+01
  -4.5960174e+01
  -4.8981460e+00
   4.0283818e+01
   8.6060884e+01
   1.2899977e+02
   1.6607919e+02
   1.9528496e+02
   2.1560998e+02
   2.2728313e+02
   2.3181506e+02
   2.3176928e+02
   2.3002975e+02
   2.2966354e+02
   2.3314260e+02
   2.4165713e+02
   2.5539025e+02
   2.7287709e+02
   2.9196612e+02
   3.1000229e+02
   3.2442206e+02
   3.3311971e+02
   3.3476768e+02
   3.2904555e+02
   3.1613642e+02
   2.9695583e+02
   2.7260243e+02
   2.4435798e+02
   2.1355001e+02
   1.8109407e+02
   1.4808881e+02
   1.1494621e+02
   8.2124055e+01
   4.9759671e+01
   1.7853056e+01
  -1.3366904e+01
  -4.3625544e+01
  -7.2144655e+01
  -9.7917144e+01
  -1.1979858e+02
  -1.3673610e+02
  -1.4799725e+02
  -1.5335317e+02
  -1.5307851e+02
  -1.4808881e+02
  -1.3975738e+02
  -1.2973220e+02
  -1.1993591e+02
  -1.1206226e+02
  -1.0766766e+02
  -1.0794232e+02
  -1.1334401e+02
  -1.2359808e+02
  -1.3746853e+02
  -1.5303273e+02
  -1.6800183e+02
  -1.7972076e+02
  -1.8622110e+02
  -1.8631266e+02
  -1.7990387e+02
  -1.6791028e+02
  -1.5220874e+02
  -1.3527123e+02
  -1.1970703e+02
  -1.0771344e+02
  -1.0112154e+02
  -1.0093843e+02
  -1.0725566e+02
  -1.1934081e+02
  -1.3572900e+02
  -1.5422294e+02
  -1.7235065e+02
  -1.8736553e+02
  -1.9702449e+02
  -1.9972534e+02
  -1.9491875e+02
  -1.8333715e+02
  -1.6649119e+02
  -1.4676127e+02
  -1.2680247e+02
  -1.0890364e+02
  -9.5033189e+01
  -8.6243991e+01
  -8.2810712e+01
  -8.4321355e+01
  -8.9631495e+01
  -9.7276265e+01
  -1.0542458e+02
  -1.1201648e+02
  -1.1517510e+02
  -1.1329824e+02
  -1.0528725e+02
  -9.0821699e+01
  -7.0359350e+01
  -4.5410850e+01
  -1.7761501e+01
   1.0025177e+01
   3.5568780e+01
   5.6534676e+01
   7.1229115e+01
   7.8553444e+01
   7.8095674e+01
   7.0496681e+01
   5.6992447e+01
   3.9597162e+01
   2.0691234e+01
   2.6092920e+00
  -1.2497139e+01
  -2.3025864e+01
  -2.8564889e+01
  -2.9434653e+01
  -2.6688030e+01
  -2.1881437e+01
  -1.6662852e+01
  -1.2268254e+01
  -9.6589610e+00
  -9.2927450e+00
  -1.1078050e+01
  -1.4923323e+01
  -2.0508125e+01
  -2.7603571e+01
  -3.5706112e+01
  -4.4220645e+01
  -5.2414740e+01
  -5.9189746e+01
  -6.3538568e+01
  -6.4362554e+01
  -6.1112383e+01
  -5.3330282e+01
  -4.1382468e+01
  -2.5955596e+01
  -8.2856490e+00
   1.0116731e+01
   2.7649348e+01
   4.2526894e+01
   5.3238727e+01
   5.8594644e+01
   5.8136873e+01
   5.1819638e+01
   4.0650034e+01
   2.6138705e+01
   1.0299839e+01
  -4.8981460e+00
  -1.7532616e+01
  -2.6367590e+01
  -3.0899519e+01
  -3.0945296e+01
  -2.7100023e+01
  -2.0141909e+01
  -1.1123827e+01
  -1.0528720e+00
   9.0180820e+00
   1.7990386e+01
   2.4902724e+01
   2.9114214e+01
   3.0029755e+01
   2.7740901e+01
   2.2613870e+01
   1.5381094e+01
   7.0496680e+00
  -1.4190890e+00
  -9.1554140e+00
  -1.5838865e+01
  -2.1149005e+01
  -2.5040055e+01
  -2.7512016e+01
  -2.8519112e+01
  -2.7878233e+01
  -2.5314718e+01
  -2.0737010e+01
  -1.3962005e+01
  -5.2185860e+00
   5.1270310e+00
   1.6159304e+01
   2.6916915e+01
   3.6072328e+01
   4.2023346e+01
   4.3167773e+01
   3.8315404e+01
   2.6596475e+01
   8.2398710e+00
  -1.5701533e+01
  -4.2938887e+01
  -7.0496681e+01
  -9.5033189e+01
  -1.1361868e+02
  -1.2414740e+02
  -1.2593271e+02
  -1.1975280e+02
  -1.0766766e+02
  -9.2561227e+01
  -7.7500572e+01
  -6.5232319e+01
  -5.7450217e+01
  -5.4886702e+01
  -5.7129778e+01
  -6.2897688e+01
  -7.0222019e+01
  -7.7134355e+01
  -8.1803616e+01
  -8.3131152e+01
  -8.0796521e+01
  -7.5257496e+01
  -6.7795834e+01
  -6.0196841e+01
  -5.4062714e+01
  -5.0812542e+01
  -5.1224536e+01
  -5.5115587e+01
  -6.1890592e+01
  -7.0267796e+01
  -7.9148547e+01
  -8.7388419e+01
  -9.4346533e+01
  -9.9748226e+01
  -1.0363928e+02
  -1.0615702e+02
  -1.0757610e+02
  -1.0780499e+02
  -1.0702678e+02
  -1.0510414e+02
  -1.0189975e+02
  -9.7550927e+01
  -9.1874571e+01
  -8.4824903e+01
  -7.6539254e+01
  -6.6971847e+01
  -5.6534676e+01
  -4.5822842e+01
  -3.5706111e+01
  -2.7512017e+01
  -2.2156100e+01
  -2.0553902e+01
  -2.2705425e+01
  -2.8061341e+01
  -3.5385672e+01
  -4.2801557e+01
  -4.8340581e+01
  -5.0263218e+01
  -4.7516595e+01
  -3.9505608e+01
  -2.6459144e+01
  -9.4300750e+00
   1.0162509e+01
   3.0487525e+01
   4.9439231e+01
   6.5049210e+01
   7.5715266e+01
   8.0201419e+01
   7.8187228e+01
   7.0084688e+01
   5.7404441e+01
   4.1931792e+01
   2.6092928e+01
   1.2085145e+01
   1.6479740e+00
  -4.0741590e+00
  -4.7150380e+00
  -6.8665600e-01
   7.2785530e+00
   1.7898833e+01
   2.9892424e+01
   4.1977569e+01
   5.2964065e+01
   6.1890593e+01
   6.8116274e+01
   7.1320669e+01
   7.1457999e+01
   6.8711376e+01
   6.3492790e+01
   5.6076906e+01
   4.6646830e+01
   3.5477226e+01
   2.2705424e+01
   8.7891960e+00
  -5.4932480e+00
  -1.8997482e+01
  -3.0395972e+01
  -3.8361181e+01
  -4.2023346e+01
  -4.1245136e+01
  -3.6621653e+01
  -2.9480430e+01
  -2.1332113e+01
  -1.3595788e+01
  -6.8207820e+00
  -7.7821100e-01
   5.7679100e+00
   1.4648661e+01
   2.7786679e+01
   4.6784161e+01
   7.2419317e+01
   1.0432593e+02
   1.4126802e+02
   1.8072786e+02
   2.1995880e+02
   2.5584802e+02
   2.8578622e+02
   3.0771344e+02
   3.2048524e+02
   3.2410163e+02
   3.1943236e+02
   3.0785077e+02
   2.9109636e+02
   2.7058824e+02
   2.4733349e+02
   2.2174411e+02
   1.9377432e+02
   1.6319524e+02
   1.3000687e+02
   9.4804303e+01
   5.8777752e+01
   2.3804074e+01
  -8.1025400e+00
  -3.4973678e+01
  -5.5573358e+01
  -6.9306477e+01
  -7.6676585e+01
  -7.8690776e+01
  -7.6813916e+01
  -7.2831311e+01
  -6.8207828e+01
  -6.4087892e+01
  -6.1387045e+01
  -6.0379950e+01
  -6.1295491e+01
  -6.3813230e+01
  -6.7566949e+01
  -7.2007325e+01
  -7.6768139e+01
  -8.1437400e+01
  -8.6060884e+01
  -9.0592813e+01
  -9.5307851e+01
  -1.0016022e+02
  -1.0501259e+02
  -1.0936141e+02
  -1.1233692e+02
  -1.1306935e+02
  -1.1068895e+02
  -1.0496681e+02
  -9.6177615e+01
  -8.5145343e+01
  -7.3334859e+01
  -6.2165255e+01
  -5.3055619e+01
  -4.6921492e+01
  -4.4174868e+01
  -4.4586862e+01
  -4.7516594e+01
  -5.1956969e+01
  -5.6580453e+01
  -6.0242619e+01
  -6.1844816e+01
  -6.0471503e+01
  -5.5756466e+01
  -4.7699702e+01
  -3.6896315e+01
  -2.4353399e+01
  -1.1398490e+01
   7.7821000e-01
   1.0849164e+01
   1.7990387e+01
   2.1789883e+01
   2.2201877e+01
   1.9638361e+01
   1.4557106e+01
   7.8736550e+00
   5.9510200e-01
  -6.1341270e+00
  -1.1261158e+01
  -1.3733120e+01
  -1.2954909e+01
  -9.0638590e+00
  -2.5635160e+00
   5.1270310e+00
   1.2588693e+01
   1.8356604e+01
   2.1560998e+01
   2.2339208e+01
   2.1560997e+01
   2.1149004e+01
   2.3346303e+01
   3.0212863e+01
   4.3396659e+01
   6.3492790e+01
   8.9814602e+01
   1.2085145e+02
   1.5403983e+02
   1.8617533e+02
   2.1419089e+02
   2.3515679e+02
   2.4692149e+02
   2.4834058e+02
   2.3950561e+02
   2.2174411e+02
   1.9711604e+02
   1.6836805e+02
   1.3815518e+02
   1.0853742e+02
   8.1071184e+01
   5.6214237e+01
   3.3783474e+01
   1.3366904e+01
  -5.4932480e+00
  -2.2796979e+01
  -3.8040741e+01
  -5.0308995e+01
  -5.8319981e+01
  -6.1112383e+01
  -5.7999543e+01
  -4.9027238e+01
  -3.4882124e+01
  -1.6983291e+01
   2.7466240e+00
   2.2018769e+01
   3.8452735e+01
   4.9851224e+01
   5.4566262e+01
   5.1590753e+01
   4.0970473e+01
   2.3895628e+01
   2.5177380e+00
  -2.0233463e+01
  -4.1199359e+01
  -5.7312886e+01
  -6.6147860e+01
  -6.6330968e+01
  -5.7633326e+01
  -4.1153582e+01
  -1.8951705e+01
   5.9967950e+00
   3.0167086e+01
   5.0217441e+01
   6.2897689e+01
   6.5964752e+01
   5.8457313e+01
   4.0650034e+01
   1.4465553e+01
  -1.7074845e+01
  -5.0080110e+01
  -8.0842298e+01
  -1.0597391e+02
  -1.2327764e+02
  -1.3197528e+02
  -1.3234150e+02
  -1.2584115e+02
  -1.1435111e+02
  -9.9885557e+01
  -8.4321355e+01
  -6.9031815e+01
  -5.5024033e+01
  -4.2893111e+01
  -3.3005265e+01
  -2.5589380e+01
  -2.0645457e+01
  -1.8036164e+01
  -1.7669947e+01
  -1.9363699e+01
  -2.2888533e+01
  -2.7924010e+01
  -3.4103914e+01
  -4.0787366e+01
  -4.7150377e+01
  -5.2231632e+01
  -5.5024033e+01
  -5.4840925e+01
  -5.1499199e+01
  -4.5319295e+01
  -3.7399863e+01
  -2.9159991e+01
  -2.2293431e+01
  -1.8081941e+01
  -1.7120623e+01
  -1.9272144e+01
  -2.3666743e+01
  -2.8793774e+01
  -3.3051041e+01
  -3.4927901e+01
  -3.3371481e+01
  -2.7924010e+01
  -1.8722820e+01
  -6.5003440e+00
   7.6905470e+00
   2.2522316e+01
   3.6438544e+01
   4.8157473e+01
   5.6580454e+01
   6.1066606e+01
   6.1478599e+01
   5.8319981e+01
   5.2735179e+01
   4.5914397e+01
   3.9414054e+01
   3.4561685e+01
   3.2410162e+01
   3.3554590e+01
   3.8086519e+01
   4.5502403e+01
   5.4978256e+01
   6.5140764e+01
   7.4341954e+01
   8.0842298e+01
   8.3176929e+01
   8.0384527e+01
   7.2465095e+01
   6.0425726e+01
   4.6417944e+01
   3.3279927e+01
   2.4216068e+01
   2.1927215e+01
   2.8198673e+01
   4.3762875e+01
   6.7978943e+01
   9.9107347e+01
   1.3453880e+02
   1.7148089e+02
   2.0709545e+02
   2.3895628e+02
   2.6500343e+02
   2.8404669e+02
   2.9558251e+02
   2.9993133e+02
   2.9828336e+02
   2.9256123e+02
   2.8528267e+02
   2.7887388e+02
   2.7553216e+02
   2.7649348e+02
   2.8194095e+02
   2.9082170e+02
   3.0116732e+02
   3.1036850e+02
   3.1595331e+02
   3.1563287e+02
   3.0807965e+02
   2.9297322e+02
   2.7095445e+02
   2.4348821e+02
   2.1272602e+02
   1.8086519e+02
   1.5001145e+02
   1.2172122e+02
   9.6818494e+01
   7.4891279e+01
   5.4932479e+01
   3.5065233e+01
   1.3321127e+01
  -1.1810483e+01
  -4.1107805e+01
  -7.3975738e+01
  -1.0862898e+02
  -1.4227512e+02
  -1.7143511e+02
  -1.9304189e+02
  -2.0439460e+02
  -2.0444037e+02
  -1.9340810e+02
  -1.7331197e+02
  -1.4731060e+02
  -1.1952392e+02
  -9.4438087e+01
  -7.5989929e+01
  -6.7246510e+01
  -6.9764249e+01
  -8.3497368e+01
  -1.0666056e+02
  -1.3618677e+02
  -1.6845960e+02
  -1.9967956e+02
  -2.2691691e+02
  -2.4824903e+02
  -2.6308080e+02
  -2.7168688e+02
  -2.7521172e+02
  -2.7489128e+02
  -2.7168688e+02
  -2.6623941e+02
  -2.5891508e+02
  -2.4980545e+02
  -2.3909361e+02
  -2.2728313e+02
  -2.1496910e+02
  -2.0320440e+02
  -1.9281300e+02
  -1.8471046e+02
  -1.7935454e+02
  -1.7701991e+02
  -1.7747768e+02
  -1.8040742e+02
  -1.8512245e+02
  -1.9084459e+02
  -1.9652094e+02
  -2.0128176e+02
  -2.0411994e+02
  -2.0439460e+02
  -2.0164797e+02
  -1.9597162e+02
  -1.8764019e+02
  -1.7720302e+02
  -1.6525521e+02
  -1.5252918e+02
  -1.3957427e+02
  -1.2698558e+02
  -1.1549554e+02
  -1.0583658e+02
  -9.8649576e+01
  -9.4483863e+01
  -9.3430992e+01
  -9.4850080e+01
  -9.7276265e+01
  -9.8558023e+01
  -9.6086061e+01
  -8.7205310e+01
  -6.9855803e+01
  -4.2801557e+01
  -6.2256810e+00
   3.8178073e+01
   8.7251087e+01
   1.3687343e+02
   1.8219272e+02
   2.1835660e+02
   2.4142824e+02
   2.4843214e+02
   2.3863584e+02
   2.1304646e+02
   1.7450217e+02
   1.2748913e+02
   7.6859694e+01
   2.7466240e+01
  -1.6983291e+01
  -5.4200045e+01
  -8.3451590e+01
  -1.0537881e+02
  -1.2140078e+02
  -1.3307393e+02
  -1.4149691e+02
  -1.4712749e+02
  -1.4955367e+02
  -1.4795148e+02
  -1.4140536e+02
  -1.2945754e+02
  -1.1233692e+02
  -9.1096361e+01
  -6.7795835e+01
  -4.5090409e+01
  -2.5864042e+01
  -1.2817578e+01
  -8.0567630e+00
  -1.2451362e+01
  -2.5452049e+01
  -4.5273518e+01
  -6.8986038e+01
  -9.2927443e+01
  -1.1357290e+02
  -1.2808423e+02
  -1.3495079e+02
  -1.3408102e+02
  -1.2693980e+02
  -1.1577020e+02
  -1.0341039e+02
  -9.2423896e+01
  -8.4824902e+01
  -8.1574731e+01
  -8.2810712e+01
  -8.7754635e+01
  -9.5216296e+01
  -1.0373083e+02
  -1.1169604e+02
  -1.1773861e+02
  -1.2094301e+02
  -1.2071412e+02
  -1.1700618e+02
  -1.1041428e+02
  -1.0189975e+02
  -9.2790112e+01
  -8.4321355e+01
  -7.7454796e+01
  -7.2785534e+01
  -7.0267796e+01
  -6.9626917e+01
  -7.0130465e+01
  -7.1046006e+01
  -7.1915770e+01
  -7.2190433e+01
  -7.1641107e+01
  -7.0222019e+01
  -6.7658503e+01
  -6.3813230e+01
  -5.8411535e+01
  -5.1499199e+01
  -4.2893110e+01
  -3.2913710e+01
  -2.1744106e+01
  -9.8878460e+00
   2.5177380e+00
   1.5106431e+01
   2.7695125e+01
   4.0100709e+01
   5.2323186e+01
   6.3950561e+01
   7.4799725e+01
   8.4458686e+01
   9.2378118e+01
   9.8191806e+01
   1.0130465e+02
   1.0144198e+02
   9.8100251e+01
   9.1325246e+01
   8.1254292e+01
   6.8665599e+01
   5.4657816e+01
   4.0650034e+01
   2.8061341e+01
   1.8081941e+01
   1.1123827e+01
   6.8207830e+00
   4.1657130e+00
   1.5106430e+00
  -2.7466240e+00
  -9.7505150e+00
  -1.9775692e+01
  -3.2043946e+01
  -4.5044633e+01
  -5.6717784e+01
  -6.4866102e+01
  -6.7887388e+01
  -6.4820325e+01
  -5.5710689e+01
  -4.1474021e+01
  -2.3575189e+01
  -3.9826040e+00
   1.5335317e+01
   3.2639048e+01
   4.6646830e+01
   5.6534676e+01
   6.2256810e+01
   6.3996338e+01
   6.2348364e+01
   5.7862212e+01
   5.0995651e+01
   4.1794461e+01
   3.0258641e+01
   1.6296635e+01
   9.1554000e-02
  -1.7669947e+01
  -3.5568781e+01
  -5.1865415e+01
  -6.4545663e+01
  -7.1869993e+01
  -7.2785534e+01
  -6.7200732e+01
  -5.6076906e+01
  -4.1336690e+01
  -2.5131609e+01
  -9.8878470e+00
   2.3804080e+00
   1.0299840e+01
   1.3092241e+01
   1.0803387e+01
   3.9368280e+00
  -6.3172350e+00
  -1.8539711e+01
  -3.0807966e+01
  -4.1107805e+01
  -4.7699702e+01
  -4.8844129e+01
  -4.3488212e+01
  -3.1403067e+01
  -1.3000687e+01
   1.0208286e+01
   3.6209659e+01
   6.2348364e+01
   8.5694667e+01
   1.0354772e+02
   1.1338979e+02
   1.1343557e+02
   1.0295262e+02
   8.2398718e+01
   5.3650721e+01
   1.9546807e+01
  -1.6250858e+01
  -4.9988555e+01
  -7.8233006e+01
  -9.8741130e+01
  -1.1064317e+02
  -1.1425956e+02
  -1.1100938e+02
  -1.0286107e+02
  -9.1783017e+01
  -7.9148547e+01
  -6.5827420e+01
  -5.2002747e+01
  -3.7262532e+01
  -2.1332113e+01
  -4.1657130e+00
   1.4007782e+01
   3.2364385e+01
   4.9576562e+01
   6.4316777e+01
   7.5349050e+01
   8.1528954e+01
   8.2536049e+01
   7.8690776e+01
   7.0908675e+01
   6.0837721e+01
   5.0217441e+01
   4.0878920e+01
   3.4058136e+01
   3.0075532e+01
   2.8519112e+01
   2.8290227e+01
   2.7695125e+01
   2.5131609e+01
   1.9501030e+01
   1.0620280e+01
  -1.0528720e+00
  -1.4007782e+01
  -2.6642252e+01
  -3.6987869e+01
  -4.3671321e+01
  -4.5822843e+01
  -4.3076218e+01
  -3.5843443e+01
  -2.4994278e+01
  -1.1902038e+01
   2.0141910e+00
   1.5060655e+01
   2.5726711e+01
   3.2822156e+01
   3.5614557e+01
   3.4012360e+01
   2.8610666e+01
   2.0599680e+01
   1.1261158e+01
   2.2430760e+00
  -5.1728080e+00
  -1.0162509e+01
  -1.2039369e+01
  -1.0574503e+01
  -5.8594650e+00
   1.8768600e+00
   1.2176700e+01
   2.4307622e+01
   3.7262531e+01
   4.9942778e+01
   6.0929274e+01
   6.9169146e+01
   7.4067292e+01
   7.5623713e+01
   7.4433509e+01
   7.1778439e+01
   6.9214924e+01
   6.8482490e+01
   7.0954452e+01
   7.7546350e+01
   8.8532845e+01
   1.0345617e+02
   1.2126345e+02
   1.4026093e+02
   1.5848020e+02
   1.7363241e+02
   1.8379492e+02
   1.8745708e+02
   1.8388647e+02
   1.7326619e+02
   1.5692378e+02
   1.3682765e+02
   1.1544976e+02
   9.5216296e+01
   7.7958343e+01
   6.5094988e+01
   5.6900892e+01
   5.3009842e+01
   5.2460517e+01
   5.3925383e+01
   5.5710689e+01
   5.6351568e+01
   5.4612039e+01
   4.9439231e+01
   4.0558480e+01
   2.8381781e+01
   1.4328222e+01
   5.0354800e-01
  -1.0254063e+01
  -1.4969100e+01
  -1.1169604e+01
   2.7924010e+00
   2.7237354e+01
   6.1020829e+01
   1.0153353e+02
   1.4529641e+02
   1.8823529e+02
   2.2636759e+02
   2.5626001e+02
   2.7557794e+02
   2.8326848e+02
   2.7956054e+02
   2.6601053e+02
   2.4527352e+02
   2.2046235e+02
   1.9468986e+02
   1.7051957e+02
   1.4964523e+02
   1.3257038e+02
   1.1869993e+02
   1.0661479e+02
   9.4666972e+01
   8.1300068e+01
   6.5735867e+01
   4.7791256e+01
   2.8061341e+01
   7.5532160e+00
  -1.2451362e+01
  -3.0853743e+01
  -4.6692607e+01
  -5.9327078e+01
  -6.8253605e+01
  -7.3197528e+01
  -7.3929961e+01
  -7.0267796e+01
  -6.2348363e+01
  -5.0583657e+01
  -3.5706111e+01
  -1.8860151e+01
  -1.5564210e+00
   1.4648661e+01
   2.8061341e+01
   3.7262532e+01
   4.1016250e+01
   3.8818951e+01
   3.0807965e+01
   1.7853055e+01
   1.6021970e+00
  -1.5747310e+01
  -3.1815060e+01
  -4.4357977e+01
  -5.1682307e+01
  -5.3101396e+01
  -4.8889906e+01
  -4.0375372e+01
  -2.9480430e+01
  -1.8402381e+01
  -9.2011900e+00
  -3.3417260e+00
  -1.9226360e+00
  -5.0812550e+00
  -1.2542916e+01
  -2.3620966e+01
  -3.6896314e+01
  -5.0904097e+01
  -6.3950560e+01
  -7.4250401e+01
  -8.0476081e+01
  -8.1620508e+01
  -7.7637903e+01
  -6.8986038e+01
  -5.7129778e+01
  -4.3900206e+01
  -3.1174182e+01
  -2.0691233e+01
  -1.3641566e+01
  -1.0574502e+01
  -1.1398489e+01
  -1.5335317e+01
  -2.1377890e+01
  -2.8427557e+01
  -3.5019455e+01
  -4.0238041e+01
  -4.3259328e+01
  -4.3808652e+01
  -4.2206455e+01
  -3.9276722e+01
  -3.6118104e+01
  -3.4012359e+01
  -3.3646143e+01
  -3.5339895e+01
  -3.8223849e+01
  -4.0787366e+01
  -4.0695812e+01
  -3.5706112e+01
  -2.3758298e+01
  -3.7079420e+00
   2.4444953e+01
   5.9235523e+01
   9.8146029e+01
   1.3783475e+02
   1.7427329e+02
   2.0366217e+02
   2.2288853e+02
   2.2984665e+02
   2.2384985e+02
   2.0581369e+02
   1.7811856e+02
   1.4442664e+02
   1.0885786e+02
   7.5394827e+01
   4.7241932e+01
   2.6367590e+01
   1.3138017e+01
   6.5461200e+00
   4.7150370e+00
   5.1270310e+00
   5.4016930e+00
   3.6621660e+00
  -1.2359800e+00
  -9.7047380e+00
  -2.1332112e+01
  -3.5065232e+01
  -4.9347677e+01
  -6.2165255e+01
  -7.1274892e+01
  -7.4525063e+01
  -6.9947356e+01
  -5.6214236e+01
  -3.2913710e+01
  -5.4932500e-01
   3.9414054e+01
   8.4504464e+01
   1.3215839e+02
   1.7930877e+02
   2.2320897e+02
   2.6157015e+02
   2.9260700e+02
   3.1517510e+02
   3.2909132e+02
   3.3504234e+02
   3.3463035e+02
   3.3009842e+02
   3.2405585e+02
   3.1929503e+02
   3.1792172e+02
   3.2117189e+02
   3.2895399e+02
   3.3998627e+02
   3.5207141e+02
   3.6223392e+02
   3.6763561e+02
   3.6566720e+02
   3.5436027e+02
   3.3270771e+02
   3.0080110e+02
   2.5937285e+02
   2.1039139e+02
   1.5660334e+02
   1.0135042e+02
   4.8340582e+01
   1.2817570e+00
  -3.6713207e+01
  -6.3767452e+01
  -7.9056992e+01
  -8.3543145e+01
  -7.9285878e+01
  -6.9352255e+01
  -5.6763561e+01
  -4.4403754e+01
  -3.3920806e+01
  -2.6047150e+01
  -2.0096132e+01
  -1.4740215e+01
  -8.2398720e+00
   8.6976500e-01
   1.3138018e+01
   2.7924010e+01
   4.3350881e+01
   5.6534676e+01
   6.4133669e+01
   6.3035019e+01
   5.1087205e+01
   2.8015564e+01
  -4.8523690e+00
  -4.4312200e+01
  -8.6060883e+01
  -1.2556649e+02
  -1.5884642e+02
  -1.8329137e+02
  -1.9816892e+02
  -2.0416571e+02
  -2.0347906e+02
  -1.9880980e+02
  -1.9290455e+02
  -1.8773175e+02
  -1.8471046e+02
  -1.8420691e+02
  -1.8599222e+02
  -1.8947127e+02
  -1.9372854e+02
  -1.9775692e+02
  -2.0045777e+02
  -2.0064088e+02
  -1.9711605e+02
  -1.8873884e+02
  -1.7441062e+02
  -1.5353628e+02
  -1.2611582e+02
  -9.2835889e+01
  -5.5436027e+01
  -1.6296636e+01
   2.1103227e+01
   5.3376059e+01
   7.6768140e+01
   8.8532845e+01
   8.6976425e+01
   7.2281986e+01
   4.6463722e+01
   1.3550012e+01
  -2.1149004e+01
  -5.1728084e+01
  -7.2602426e+01
  -7.9468986e+01
  -7.0222018e+01
  -4.4998856e+01
  -6.5918980e+00
   4.0421149e+01
   8.9951934e+01
   1.3545434e+02
   1.7070268e+02
   1.9089036e+02
   1.9281300e+02
   1.7582971e+02
   1.4172580e+02
   9.4529641e+01
   3.9734493e+01
  -1.6342412e+01
  -6.7658504e+01
  -1.0968185e+02
  -1.3980316e+02
  -1.5783932e+02
  -1.6566720e+02
  -1.6685741e+02
  -1.6516365e+02
  -1.6429389e+02
  -1.6649119e+02
  -1.7248798e+02
  -1.8150607e+02
  -1.9139391e+02
  -1.9945068e+02
  -2.0288396e+02
  -1.9995422e+02
  -1.8965438e+02
  -1.7271687e+02
  -1.5124742e+02
  -1.2831312e+02
  -1.0775921e+02
  -9.3202105e+01
  -8.7525749e+01
  -9.2195010e+01
  -1.0670634e+02
  -1.2904555e+02
  -1.5550469e+02
  -1.8159762e+02
  -2.0302129e+02
  -2.1625086e+02
  -2.1922637e+02
  -2.1185626e+02
  -1.9569696e+02
  -1.7349508e+02
  -1.4886702e+02
  -1.2529183e+02
  -1.0569924e+02
  -9.2057679e+01
  -8.4962234e+01
  -8.3955139e+01
  -8.7571527e+01
  -9.3751431e+01
  -1.0038910e+02
  -1.0574502e+02
  -1.0867475e+02
  -1.0913253e+02
  -1.0775921e+02
  -1.0601968e+02
  -1.0528725e+02
  -1.0693523e+02
  -1.1165026e+02
  -1.1929503e+02
  -1.2899977e+02
  -1.3952850e+02
  -1.4923324e+02
  -1.5683223e+02
  -1.6122683e+02
  -1.6177615e+02
  -1.5866331e+02
  -1.5202564e+02
  -1.4273289e+02
  -1.3174640e+02
  -1.2034791e+02
  -1.1000229e+02
  -1.0203708e+02
  -9.7688258e+01
  -9.7550927e+01
  -1.0171664e+02
  -1.0926986e+02
  -1.1888304e+02
  -1.2881666e+02
  -1.3742275e+02
  -1.4319066e+02
  -1.4557107e+02
  -1.4415198e+02
  -1.3925383e+02
  -1.3124285e+02
  -1.2062257e+02
  -1.0743877e+02
  -9.1783017e+01
  -7.3472190e+01
  -5.2460517e+01
  -2.8885328e+01
  -3.3875030e+00
   2.2980087e+01
   4.8798353e+01
   7.2190432e+01
   9.1325246e+01
   1.0441749e+02
   1.1041428e+02
   1.0867475e+02
   9.9702449e+01
   8.4870680e+01
   6.6376746e+01
   4.6829938e+01
   2.8931105e+01
   1.4923323e+01
   6.1799040e+00
   3.1586180e+00
   5.3101400e+00
   1.1215381e+01
   1.8951705e+01
   2.6367590e+01
   3.1357290e+01
   3.2043946e+01
   2.7008469e+01
   1.5564202e+01
  -2.4261840e+00
  -2.5955596e+01
  -5.3330281e+01
  -8.1849394e+01
  -1.0858320e+02
  -1.3064775e+02
  -1.4579995e+02
  -1.5275807e+02
  -1.5188830e+02
  -1.4470130e+02
  -1.3344015e+02
  -1.2089723e+02
  -1.0949874e+02
  -1.0102998e+02
  -9.5948729e+01
  -9.4163424e+01
  -9.4529641e+01
  -9.5765622e+01
  -9.6406500e+01
  -9.5536736e+01
  -9.2561227e+01
  -8.7571527e+01
  -8.1116961e+01
  -7.4021515e+01
  -6.7383841e+01
  -6.2211032e+01
  -5.9327077e+01
  -5.9098192e+01
  -6.1295491e+01
  -6.5232318e+01
  -6.9764248e+01
  -7.3517968e+01
  -7.5211719e+01
  -7.3884184e+01
  -6.8894484e+01
  -6.0288396e+01
  -4.8569467e+01
  -3.4699016e+01
  -1.9958801e+01
  -5.9052410e+00
   5.7679110e+00
   1.3595788e+01
   1.6296635e+01
   1.3366904e+01
   4.8981460e+00
  -8.0109860e+00
  -2.3437858e+01
  -3.9139392e+01
  -5.2506295e+01
  -6.1570153e+01
  -6.5186541e+01
  -6.3126574e+01
  -5.6443122e+01
  -4.6738384e+01
  -3.6163882e+01
  -2.6825360e+01
  -2.0416572e+01
  -1.8081941e+01
  -2.0370794e+01
  -2.7100023e+01
  -3.7582971e+01
  -5.0629435e+01
  -6.4545662e+01
  -7.7363241e+01
  -8.6747540e+01
  -9.0730144e+01
  -8.7434196e+01
  -7.5944152e+01
  -5.6076906e+01
  -2.8839552e+01
   3.9368270e+00
   3.9688716e+01
   7.5211718e+01
   1.0766766e+02
   1.3421836e+02
   1.5298695e+02
   1.6287480e+02
   1.6388189e+02
   1.5719844e+02
   1.4470130e+02
   1.2899977e+02
   1.1265736e+02
   9.7825589e+01
   8.6015106e+01
   7.7592126e+01
   7.2053101e+01
   6.7887389e+01
   6.3538567e+01
   5.7495995e+01
   4.8798352e+01
   3.7170977e+01
   2.2980087e+01
   7.2327760e+00
  -9.1096360e+00
  -2.4765392e+01
  -3.8818952e+01
  -5.0446327e+01
  -5.9189746e+01
  -6.4545662e+01
  -6.6422522e+01
  -6.4911879e+01
  -6.0379950e+01
  -5.3650721e+01
  -4.5685511e+01
  -3.7628748e+01
  -3.0533302e+01
  -2.5223163e+01
  -2.2293431e+01
  -2.2018769e+01
  -2.4444953e+01
  -2.9571985e+01
  -3.7216755e+01
  -4.7013046e+01
  -5.8319982e+01
  -7.0222019e+01
  -8.1483177e+01
  -9.0455482e+01
  -9.5674067e+01
  -9.5582513e+01
  -8.9356832e+01
  -7.6768140e+01
  -5.8319981e+01
  -3.5431448e+01
  -9.9336230e+00
   1.5701533e+01
   3.8773175e+01
   5.6626230e+01
   6.7017624e+01
   6.8345159e+01
   6.0013733e+01
   4.2710002e+01
   1.8402380e+01
  -9.7962920e+00
  -3.8223850e+01
  -6.2806134e+01
  -8.0201419e+01
  -8.7800412e+01
  -8.4596018e+01
  -7.0908675e+01
  -4.8432136e+01
  -2.0050354e+01
   1.0757610e+01
   4.0192264e+01
   6.4682994e+01
   8.1391623e+01
   8.8303960e+01
   8.4641795e+01
   7.1137560e+01
   4.9576562e+01
   2.2934310e+01
  -5.5848020e+00
  -3.2547494e+01
  -5.5298695e+01
  -7.2190432e+01
  -8.2352941e+01
  -8.6198214e+01
  -8.4779126e+01
  -7.9285878e+01
  -7.1137560e+01
  -6.1478599e+01
  -5.0949874e+01
  -4.0375372e+01
  -3.0075532e+01
  -2.0233463e+01
  -1.1123827e+01
  -2.7008460e+00
   5.3101400e+00
   1.3275349e+01
   2.1652552e+01
   3.0945297e+01
   4.1565576e+01
   5.3833829e+01
   6.7750057e+01
   8.2993820e+01
   9.9290456e+01
   1.1599908e+02
   1.3234150e+02
   1.4740215e+02
   1.6021973e+02
   1.6978714e+02
   1.7523461e+02
   1.7592126e+02
   1.7170977e+02
   1.6282902e+02
   1.4969101e+02
   1.3311971e+02
   1.1380179e+02
   9.2423896e+01
   6.9672694e+01
   4.6189060e+01
   2.2888533e+01
   1.0070950e+00
  -1.8036164e+01
  -3.2593271e+01
  -4.1382468e+01
  -4.3533989e+01
  -3.9047837e+01
  -2.8702220e+01
  -1.4282444e+01
   2.1057450e+00
   1.7944610e+01
   3.0945296e+01
   3.9276722e+01
   4.1657130e+01
   3.7766079e+01
   2.7786679e+01
   1.2954910e+01
  -4.9897000e+00
  -2.4078737e+01
  -4.2160678e+01
  -5.7312886e+01
  -6.8390937e+01
  -7.4845502e+01
  -7.7134356e+01
  -7.6264591e+01
  -7.3609522e+01
  -7.0450905e+01
  -6.7475395e+01
  -6.4774548e+01
  -6.1661708e+01
  -5.7038224e+01
  -4.9576562e+01
  -3.8361181e+01
  -2.3208972e+01
  -4.4861520e+00
   1.6113527e+01
   3.6438544e+01
   5.3879606e+01
   6.5690089e+01
   6.9718471e+01
   6.4682994e+01
   5.0400549e+01
   2.8290227e+01
   7.7821000e-01
  -2.8931106e+01
  -5.7450218e+01
  -8.1849393e+01
  -1.0052644e+02
  -1.1311513e+02
  -1.2103456e+02
  -1.2639048e+02
  -1.3188373e+02
  -1.3984894e+02
  -1.5129320e+02
  -1.6603342e+02
  -1.8237583e+02
  -1.9757382e+02
  -2.0842298e+02
  -2.1190204e+02
  -2.0617990e+02
  -1.9061570e+02
  -1.6630808e+02
  -1.3595789e+02
  -1.0354772e+02
  -7.3746853e+01
  -5.1178760e+01
  -3.9597162e+01
  -4.1153582e+01
  -5.5802243e+01
  -8.1025406e+01
  -1.1233692e+02
  -1.4346532e+02
  -1.6791028e+02
  -1.7958343e+02
  -1.7386130e+02
  -1.4868391e+02
  -1.0455482e+02
  -4.4861524e+01
   2.5085832e+01
   9.8237583e+01
   1.6717784e+02
   2.2499428e+02
   2.6578164e+02
   2.8587777e+02
   2.8400092e+02
   2.6143282e+02
   2.2188144e+02
   1.7093156e+02
   1.1499199e+02
   6.0425727e+01
   1.2588693e+01
  -2.4582285e+01
  -4.9347677e+01
  -6.1982147e+01
  -6.4087892e+01
  -5.8136874e+01
  -4.7013047e+01
  -3.3325704e+01
  -1.8997483e+01
