   9.4352942e-01
   8.0862747e-01
   6.5725489e-01
   5.1450979e-01
   4.0078431e-01
   3.2549020e-01
   2.8705883e-01
   2.7529412e-01
   2.7529412e-01
   2.7215687e-01
   2.5647058e-01
   2.2274509e-01
   1.7490195e-01
   1.2078430e-01
   7.2156846e-02
   3.8431369e-02
   2.6666663e-02
   4.0784307e-02
   7.8431381e-02
   1.3725490e-01
   2.0784315e-01
   2.8470587e-01
   3.5843136e-01
   4.2431374e-01
   4.7607842e-01
   5.1215687e-01
   5.3254902e-01
   5.3803922e-01
   5.3019608e-01
   5.1215687e-01
   4.8862744e-01
   4.6039215e-01
   4.2901961e-01
   3.9686275e-01
   3.6549019e-01
   3.3725490e-01
   3.1137255e-01
   2.9411766e-01
   2.8313726e-01
   2.8078433e-01
   2.8549018e-01
   2.9568628e-01
   3.0745097e-01
   3.1921569e-01
   3.2627451e-01
   3.3098040e-01
   3.3333334e-01
   3.3647059e-01
   3.4431372e-01
   3.5843138e-01
   3.8274510e-01
   4.1647060e-01
   4.6039217e-01
   5.1137256e-01
   5.6627451e-01
   6.2039217e-01
   6.6745099e-01
   7.0431372e-01
   7.2705883e-01
   7.3411765e-01
   7.2392158e-01
   7.0117647e-01
   6.6980393e-01
   6.3372550e-01
   6.0078433e-01
   5.7411765e-01
   5.5529412e-01
   5.4588236e-01
   5.4352941e-01
   5.4666668e-01
   5.5215687e-01
   5.5921570e-01
   5.6627451e-01
   5.7333334e-01
   5.7960784e-01
   5.8666667e-01
   5.9294117e-01
   5.9843138e-01
   6.0156863e-01
   6.0313727e-01
   6.0000000e-01
   5.9215686e-01
   5.7725492e-01
   5.5764705e-01
   5.3254902e-01
   5.0431373e-01
   4.7686275e-01
   4.5490195e-01
   4.4392157e-01
   4.4549020e-01
   4.6039215e-01
   4.9019608e-01
   5.2784314e-01
   5.6862746e-01
   6.1019608e-01
   6.4627450e-01
   6.7450980e-01
   6.9490197e-01
   7.0666667e-01
   7.1215688e-01
   7.1294119e-01
   7.0823530e-01
   7.0039215e-01
   6.8784315e-01
   6.7137255e-01
   6.5411766e-01
   6.3764706e-01
   6.2431373e-01
   6.1568629e-01
   6.1490196e-01
   6.2274510e-01
   6.3764706e-01
   6.5803922e-01
   6.8156862e-01
   7.0509805e-01
   7.2313727e-01
   7.3333334e-01
   7.3254902e-01
   7.1843136e-01
   6.9333334e-01
   6.5882353e-01
   6.1725492e-01
   5.7490197e-01
   5.3803920e-01
   5.0823529e-01
   4.8862746e-01
   4.8235294e-01
   4.8470590e-01
   4.9725490e-01
   5.1686275e-01
   5.4196078e-01
   5.7333334e-01
   6.0784315e-01
   6.4470587e-01
   6.8235295e-01
   7.1764707e-01
   7.4509804e-01
   7.6313725e-01
   7.6941177e-01
   7.6078433e-01
   7.4117648e-01
   7.1215686e-01
   6.7921570e-01
   6.4862745e-01
   6.2588237e-01
   6.1490198e-01
   6.2117648e-01
   6.4549020e-01
   6.8862747e-01
   7.4509804e-01
   8.1019609e-01
   8.7686275e-01
   9.3568628e-01
   9.7882354e-01
   1.0000000e+00
   9.9607844e-01
   9.6941177e-01
   9.2156864e-01
   8.6196079e-01
   7.9529413e-01
   7.3019609e-01
   6.7372551e-01
   6.2980392e-01
   6.0000000e-01
   5.8823530e-01
   5.8980392e-01
   6.0313727e-01
   6.2352942e-01
   6.4470587e-01
   6.6274510e-01
   6.7137255e-01
   6.6980391e-01
   6.5725491e-01
   6.3529412e-01
   6.0784313e-01
   5.7882353e-01
   5.5372549e-01
   5.3411764e-01
   5.2313726e-01
   5.2313726e-01
   5.3098041e-01
   5.4745099e-01
   5.6862746e-01
   5.9372549e-01
   6.1882354e-01
   6.4000000e-01
   6.5490197e-01
   6.5882353e-01
   6.5098039e-01
   6.3137256e-01
   6.0078432e-01
   5.6313726e-01
   5.2235294e-01
   4.8235294e-01
   4.4705882e-01
   4.2039216e-01
   4.0156864e-01
   3.9215687e-01
   3.9372550e-01
   4.0470587e-01
   4.2588235e-01
   4.5725490e-01
   4.9647058e-01
   5.4509805e-01
   6.0000000e-01
   6.5882353e-01
   7.1921569e-01
   7.7725491e-01
   8.2823532e-01
   8.6901962e-01
   8.9568629e-01
   9.0352941e-01
   8.9098039e-01
   8.6039217e-01
   8.1411765e-01
   7.5764706e-01
   6.9960784e-01
   6.4705883e-01
   6.0705882e-01
   5.8352942e-01
   5.7725490e-01
   5.8509805e-01
   6.0470588e-01
   6.2823529e-01
   6.5019608e-01
   6.6588235e-01
   6.7137255e-01
   6.6352943e-01
   6.4392158e-01
   6.1411765e-01
   5.7490197e-01
   5.3411764e-01
   4.9490196e-01
   4.6509805e-01
   4.4862745e-01
   4.5019609e-01
   4.6980392e-01
   5.0588235e-01
   5.5450980e-01
   6.1019608e-01
   6.6588237e-01
   7.1686275e-01
   7.5764706e-01
   7.8745099e-01
   8.0470589e-01
   8.0862747e-01
   8.0078432e-01
   7.8352941e-01
   7.5686275e-01
   7.2470590e-01
   6.8705884e-01
   6.4705883e-01
   6.0627452e-01
   5.6705882e-01
   5.3019608e-01
   4.9882354e-01
   4.7294117e-01
   4.5725490e-01
   4.5254903e-01
   4.5960784e-01
   4.7764706e-01
   5.0509804e-01
   5.3803922e-01
   5.7019607e-01
   5.9764705e-01
   6.1411765e-01
   6.1882352e-01
   6.1176471e-01
   5.9529413e-01
   5.7333334e-01
   5.5137255e-01
   5.3254903e-01
   5.2078433e-01
   5.1607843e-01
   5.1921568e-01
   5.2784314e-01
   5.4274510e-01
   5.5764705e-01
   5.7333334e-01
   5.8509805e-01
   5.9215686e-01
   5.9137255e-01
   5.8274511e-01
   5.6705882e-01
   5.4745097e-01
   5.2784314e-01
   5.1137256e-01
   5.0196077e-01
   5.0431373e-01
   5.1843139e-01
   5.4431374e-01
   5.8039215e-01
   6.2196079e-01
   6.6666668e-01
   7.0901961e-01
   7.4274510e-01
   7.6392158e-01
   7.6862745e-01
   7.5607844e-01
   7.2549019e-01
   6.8156863e-01
   6.2980393e-01
   5.7725490e-01
   5.3019608e-01
   4.9333333e-01
   4.7058823e-01
   4.6117647e-01
   4.6352942e-01
   4.7450980e-01
   4.8862746e-01
   5.0352942e-01
   5.1529412e-01
   5.2235295e-01
   5.2392158e-01
   5.2000000e-01
   5.1215685e-01
   5.0274510e-01
   4.9254902e-01
   4.8392157e-01
   4.7764706e-01
   4.7607844e-01
   4.7686275e-01
   4.7686274e-01
   4.7529413e-01
   4.6823528e-01
   4.5333334e-01
   4.3137255e-01
   4.0470589e-01
   3.7490196e-01
   3.4745098e-01
   3.2549020e-01
   3.1372549e-01
   3.1529411e-01
   3.2862746e-01
   3.5372548e-01
   3.8901960e-01
   4.2901960e-01
   4.7137255e-01
   5.0901960e-01
   5.3960785e-01
   5.5843138e-01
   5.6392157e-01
   5.5529413e-01
   5.3568628e-01
   5.0901960e-01
   4.8156863e-01
   4.5725490e-01
   4.4235295e-01
   4.4156862e-01
   4.5333334e-01
   4.7921569e-01
   5.1450981e-01
   5.5764705e-01
   6.0313725e-01
   6.4549020e-01
   6.7921570e-01
   7.0117647e-01
   7.0666666e-01
   6.9490197e-01
   6.6509805e-01
   6.2196079e-01
   5.6862745e-01
   5.1215687e-01
   4.5647059e-01
   4.0784314e-01
   3.7098040e-01
   3.4745098e-01
   3.3725490e-01
   3.4196078e-01
   3.6156863e-01
   3.9294117e-01
   4.3450980e-01
   4.8392157e-01
   5.3490195e-01
   5.8352942e-01
   6.2352942e-01
   6.5098039e-01
   6.6431372e-01
   6.6352941e-01
   6.4941177e-01
   6.2745098e-01
   6.0235294e-01
   5.7725490e-01
   5.5686274e-01
   5.4274511e-01
   5.3411764e-01
   5.3019608e-01
   5.2941177e-01
   5.2705883e-01
   5.2156862e-01
   5.0980392e-01
   4.9019608e-01
   4.6117647e-01
   4.2666668e-01
   3.8745098e-01
   3.4823530e-01
   3.1215686e-01
   2.8156864e-01
   2.6039216e-01
   2.4862744e-01
   2.4549019e-01
   2.5176471e-01
   2.6666666e-01
   2.9019609e-01
   3.2235295e-01
   3.6470588e-01
   4.1568628e-01
   4.7529411e-01
   5.3803922e-01
   6.0000000e-01
   6.5647060e-01
   7.0196080e-01
   7.3254902e-01
   7.4666668e-01
   7.4509804e-01
   7.2784313e-01
   6.9882353e-01
   6.6039216e-01
   6.1725492e-01
   5.7254903e-01
   5.3098041e-01
   4.9568629e-01
   4.6823530e-01
   4.5254903e-01
   4.4784315e-01
   4.5411765e-01
   4.6980392e-01
   4.9333333e-01
   5.2313726e-01
   5.5764705e-01
   5.9450982e-01
   6.3294118e-01
   6.6901962e-01
   7.0196078e-01
   7.2705882e-01
   7.4274510e-01
   7.4588235e-01
   7.3490196e-01
   7.1137255e-01
   6.7607843e-01
   6.3215687e-01
   5.8274511e-01
   5.3176470e-01
   4.8235294e-01
   4.3921568e-01
   4.0549020e-01
   3.8431373e-01
   3.7725491e-01
   3.8196079e-01
   3.9686275e-01
   4.1647060e-01
   4.3529412e-01
   4.4705882e-01
   4.4784315e-01
   4.3764705e-01
   4.1647058e-01
   3.9058825e-01
   3.6627452e-01
   3.4823530e-01
   3.4196079e-01
   3.5058823e-01
   3.7333333e-01
   4.0705881e-01
   4.4862745e-01
   4.9411765e-01
   5.3725489e-01
   5.7568628e-01
   6.0549021e-01
   6.2431373e-01
   6.3058825e-01
   6.2431373e-01
   6.0862744e-01
   5.8352940e-01
   5.5529412e-01
   5.2549020e-01
   4.9803923e-01
   4.7529411e-01
   4.5960786e-01
   4.5176471e-01
   4.5333334e-01
   4.6509805e-01
   4.8627450e-01
   5.1686275e-01
   5.5450980e-01
   5.9450980e-01
   6.3450981e-01
   6.6901962e-01
   6.9568628e-01
   7.1137255e-01
   7.1607844e-01
   7.1137255e-01
   7.0039215e-01
   6.8549021e-01
   6.6980391e-01
   6.5725491e-01
   6.4784314e-01
   6.4392158e-01
   6.4470587e-01
   6.4941177e-01
   6.5568627e-01
   6.6274512e-01
   6.6823530e-01
   6.6745099e-01
   6.6039216e-01
   6.4627452e-01
   6.2666667e-01
   6.0470588e-01
   5.8431373e-01
   5.7019609e-01
   5.6235295e-01
   5.6392157e-01
   5.7333334e-01
   5.8745098e-01
   6.0470588e-01
   6.2196079e-01
   6.3686275e-01
   6.4941177e-01
   6.5882353e-01
   6.6823529e-01
   6.7843138e-01
   6.9254903e-01
   7.0823530e-01
   7.2941177e-01
   7.5529412e-01
   7.8274512e-01
   8.1176472e-01
   8.3764707e-01
   8.5882354e-01
   8.7137256e-01
   8.7215687e-01
   8.6274510e-01
   8.4156863e-01
   8.1411765e-01
   7.8431372e-01
   7.5372550e-01
   7.2784315e-01
   7.0901961e-01
   6.9647059e-01
   6.9333334e-01
   6.9568628e-01
   7.0509805e-01
   7.1686275e-01
   7.3098040e-01
   7.4431373e-01
   7.5294119e-01
   7.5215687e-01
   7.4117648e-01
   7.1843138e-01
   6.8313726e-01
   6.3921569e-01
   5.8980392e-01
   5.4117647e-01
   4.9882354e-01
   4.6901961e-01
   4.5176470e-01
   4.5098038e-01
   4.6352940e-01
   4.8627450e-01
   5.1686275e-01
   5.4666666e-01
   5.7176472e-01
   5.8588236e-01
   5.8588236e-01
   5.6862745e-01
   5.3725491e-01
   4.9254902e-01
   4.4000001e-01
   3.8588235e-01
   3.3411763e-01
   2.8784314e-01
   2.4862744e-01
   2.1411763e-01
   1.8588235e-01
   1.6235293e-01
   1.4352941e-01
   1.3098039e-01
   1.2549019e-01
   1.2941177e-01
   1.4196077e-01
   1.6392158e-01
   1.8980391e-01
   2.1647059e-01
   2.4078431e-01
   2.5725490e-01
   2.6352940e-01
   2.5960785e-01
   2.4549019e-01
   2.2196078e-01
   1.9372549e-01
   1.6470589e-01
   1.3647058e-01
   1.1529411e-01
   1.0352940e-01
   1.0039215e-01
   1.0745098e-01
   1.2078431e-01
   1.3568629e-01
   1.4823529e-01
   1.5529412e-01
   1.5294118e-01
   1.4196079e-01
   1.2392158e-01
   1.0196078e-01
   7.9999989e-02
   6.1960782e-02
   4.8627433e-02
   4.3921575e-02
   4.7843138e-02
   5.8039219e-02
   7.3725488e-02
   9.0980400e-02
   1.0901961e-01
   1.2156863e-01
   1.2862746e-01
   1.2705883e-01
   1.1843138e-01
   1.0431373e-01
   8.7843132e-02
   7.6078426e-02
   7.2941176e-02
   8.3137257e-02
   1.0666667e-01
   1.4431373e-01
   1.9450980e-01
   2.4941177e-01
   3.0823530e-01
   3.6392158e-01
   4.1333335e-01
   4.5254903e-01
   4.8000000e-01
   4.9725490e-01
   5.0274510e-01
   4.9960784e-01
   4.8941177e-01
   4.7372548e-01
   4.5568628e-01
   4.3529412e-01
   4.1254902e-01
   3.8666667e-01
   3.5529411e-01
   3.1686274e-01
   2.7215687e-01
   2.2274511e-01
   1.7176470e-01
   1.2156863e-01
   7.7647051e-02
   4.2352932e-02
   1.9607850e-02
   1.0980377e-02
   1.6470582e-02
   3.6078431e-02
   7.0588221e-02
   1.1843138e-01
   1.7803922e-01
   2.4313725e-01
   3.1058824e-01
   3.7176471e-01
   4.2196078e-01
   4.5333332e-01
   4.6509803e-01
   4.5490196e-01
   4.2745097e-01
   3.8666667e-01
   3.4039217e-01
   2.9411764e-01
   2.5490198e-01
   2.2745098e-01
   2.1411765e-01
   2.1647059e-01
   2.3215688e-01
   2.5960785e-01
   2.9333333e-01
   3.2862745e-01
   3.5999998e-01
   3.8274508e-01
   3.9215687e-01
   3.8666667e-01
   3.6392157e-01
   3.2784313e-01
   2.7764706e-01
   2.1960784e-01
   1.5843137e-01
   9.9607839e-02
   5.0980388e-02
   1.8823537e-02
   7.8431432e-03
   2.0392145e-02
   5.7254906e-02
   1.1372548e-01
   1.8117647e-01
   2.5019607e-01
   3.0823530e-01
   3.4666667e-01
   3.5921567e-01
   3.4352940e-01
   3.0274510e-01
   2.4627452e-01
   1.8117647e-01
   1.2000000e-01
   7.1372550e-02
   4.1568637e-02
   3.6078431e-02
   5.2549013e-02
   9.0980400e-02
   1.4431373e-01
   2.0784313e-01
   2.7215687e-01
   3.3176470e-01
   3.7960783e-01
   4.1254903e-01
   4.2745099e-01
   4.2588235e-01
   4.0862745e-01
   3.8039216e-01
   3.4588236e-01
   3.0666668e-01
   2.6823529e-01
   2.3137255e-01
   1.9999999e-01
   1.7568626e-01
   1.6000000e-01
   1.5215687e-01
   1.5450981e-01
   1.6313726e-01
   1.7725489e-01
   1.9450980e-01
   2.1333334e-01
   2.3137255e-01
   2.4784314e-01
   2.6352941e-01
   2.7686275e-01
   2.8862745e-01
   2.9725491e-01
   3.0196078e-01
   3.0117647e-01
   2.9411764e-01
   2.8235295e-01
   2.6666666e-01
   2.4941177e-01
   2.3529411e-01
   2.2509804e-01
   2.2352942e-01
   2.3137255e-01
   2.4941177e-01
   2.7764706e-01
   3.1450980e-01
   3.5843138e-01
   4.0470587e-01
   4.4862745e-01
   4.8549021e-01
   5.0901962e-01
   5.1450979e-01
   5.0039216e-01
   4.6666667e-01
   4.1647058e-01
   3.5686273e-01
   2.9490195e-01
   2.4156863e-01
   2.0235293e-01
   1.8431372e-01
   1.8980391e-01
   2.2039215e-01
   2.7058823e-01
   3.3568628e-01
   4.0784314e-01
   4.7686274e-01
   5.3411766e-01
   5.7176470e-01
   5.8509805e-01
   5.7254903e-01
   5.3882353e-01
   4.8862746e-01
   4.3058824e-01
   3.7568627e-01
   3.2862746e-01
   2.9725491e-01
   2.8313725e-01
   2.8705881e-01
   3.0666668e-01
   3.3960784e-01
   3.8352941e-01
   4.3450982e-01
   4.8941175e-01
   5.4352941e-01
   5.9529413e-01
   6.3843137e-01
   6.7215687e-01
   6.9411765e-01
   7.0274509e-01
   7.0039217e-01
   6.8862747e-01
   6.6980393e-01
   6.4784314e-01
   6.2666667e-01
   6.0784315e-01
   5.9529413e-01
   5.9058823e-01
   5.9294117e-01
   6.0313727e-01
   6.1803923e-01
   6.3372548e-01
   6.4549020e-01
   6.4941177e-01
   6.4156864e-01
   6.2117648e-01
   5.8901961e-01
   5.4901962e-01
   5.0509804e-01
   4.6431372e-01
   4.2980391e-01
   4.0549020e-01
   3.9137256e-01
   3.8980392e-01
   3.9764706e-01
   4.1411764e-01
   4.3686274e-01
   4.6431373e-01
   4.9411766e-01
   5.2313726e-01
   5.5058822e-01
   5.7725490e-01
   6.0000000e-01
   6.2117648e-01
   6.3921569e-01
   6.5333335e-01
   6.6352941e-01
   6.6666668e-01
   6.6196080e-01
   6.4862745e-01
   6.2666667e-01
   6.0000000e-01
   5.7176470e-01
   5.4666668e-01
   5.2862745e-01
   5.2235294e-01
   5.2627452e-01
   5.4039216e-01
   5.5999999e-01
   5.8039215e-01
   5.9686275e-01
   6.0549021e-01
   6.0470590e-01
   5.9215686e-01
   5.7098039e-01
   5.4352943e-01
   5.1215687e-01
   4.8235294e-01
   4.6039215e-01
   4.4627451e-01
   4.4392157e-01
   4.5333332e-01
   4.7137255e-01
   4.9411765e-01
   5.1764706e-01
   5.3647058e-01
   5.4823530e-01
   5.5215687e-01
   5.4745099e-01
   5.3333333e-01
   5.1137256e-01
   4.8392157e-01
   4.4862745e-01
   4.0941177e-01
   3.6470588e-01
   3.1843138e-01
   2.7215687e-01
   2.3215686e-01
   2.0235293e-01
   1.8588236e-01
   1.8745097e-01
   2.0705882e-01
   2.4705883e-01
   3.0274510e-01
   3.7333333e-01
   4.5254903e-01
   5.3411766e-01
   6.1019608e-01
   6.7450980e-01
   7.1921569e-01
   7.4039217e-01
   7.3411765e-01
   7.0431372e-01
   6.5490197e-01
   5.9215688e-01
   5.2784314e-01
   4.6666667e-01
   4.1725491e-01
   3.8196079e-01
   3.6156863e-01
   3.5372548e-01
   3.5843138e-01
   3.6941177e-01
   3.8431373e-01
   3.9921568e-01
   4.1254902e-01
   4.2274510e-01
   4.2901960e-01
   4.3137255e-01
   4.3058822e-01
   4.2901961e-01
   4.2666666e-01
   4.2588235e-01
   4.2431372e-01
   4.2352941e-01
   4.2117647e-01
   4.1568627e-01
   4.0627451e-01
   3.9137256e-01
   3.7176471e-01
   3.4745098e-01
   3.2078432e-01
   2.9490197e-01
   2.7215685e-01
   2.5490196e-01
   2.4549021e-01
   2.4549021e-01
   2.5647060e-01
   2.7450979e-01
   2.9803922e-01
   3.2156863e-01
   3.3882353e-01
   3.4352940e-01
   3.3333334e-01
   3.0745099e-01
   2.6823529e-01
   2.2431371e-01
   1.8274510e-01
   1.5137256e-01
   1.3725491e-01
   1.4509804e-01
   1.7411766e-01
   2.1960786e-01
   2.7843137e-01
   3.4274511e-01
   4.0549020e-01
   4.6196080e-01
   5.0823531e-01
   5.4196078e-01
   5.6156862e-01
   5.6862745e-01
   5.6392157e-01
   5.4980393e-01
   5.2784314e-01
   5.0039216e-01
   4.6745098e-01
   4.3137255e-01
   3.9215687e-01
   3.4823530e-01
   3.0274510e-01
   2.5725490e-01
   2.1333334e-01
   1.7490197e-01
   1.4352941e-01
   1.2313725e-01
   1.1294117e-01
   1.1137254e-01
   1.1921569e-01
   1.3098038e-01
   1.4666666e-01
   1.6470589e-01
   1.8431372e-01
   2.0549020e-01
   2.2823530e-01
   2.5254902e-01
   2.7843137e-01
   3.0666666e-01
   3.3803921e-01
   3.7176469e-01
   4.0862744e-01
   4.4705882e-01
   4.8549021e-01
   5.1764706e-01
   5.4039216e-01
   5.4823529e-01
   5.3803920e-01
   5.0980393e-01
   4.6745098e-01
   4.1725491e-01
   3.6862744e-01
   3.3098038e-01
   3.0980393e-01
   3.1372549e-01
   3.4117648e-01
   3.9058823e-01
   4.5333334e-01
   5.2156862e-01
   5.8588236e-01
   6.3529412e-01
   6.6196079e-01
   6.6352941e-01
   6.4078433e-01
   5.9921569e-01
   5.4666668e-01
   4.9411766e-01
   4.5333334e-01
   4.3058824e-01
   4.2901961e-01
   4.5098040e-01
   4.9019608e-01
   5.4039216e-01
   5.9450980e-01
   6.4470589e-01
   6.8705884e-01
   7.1607842e-01
   7.3176471e-01
   7.3254902e-01
   7.2078432e-01
   6.9803922e-01
   6.6588235e-01
   6.2745098e-01
   5.8588234e-01
   5.4431372e-01
   5.0588235e-01
   4.7450981e-01
   4.4941176e-01
   4.3294118e-01
   4.2431372e-01
   4.2352943e-01
   4.2980393e-01
   4.4313726e-01
   4.6274509e-01
   4.8941175e-01
   5.2000000e-01
   5.5215687e-01
   5.8274511e-01
   6.0941177e-01
   6.2509804e-01
   6.2980393e-01
   6.1960785e-01
   5.9686275e-01
   5.6156863e-01
   5.1843137e-01
   4.7137256e-01
   4.2666666e-01
   3.8745098e-01
   3.6000000e-01
   3.4509805e-01
   3.4352942e-01
   3.5137255e-01
   3.6627450e-01
   3.8117648e-01
   3.9215687e-01
   3.9450981e-01
   3.8980392e-01
   3.7803921e-01
   3.6549019e-01
   3.5529411e-01
   3.5058823e-01
   3.5215686e-01
   3.5686275e-01
   3.6313725e-01
   3.6627450e-01
   3.6078431e-01
   3.4666667e-01
   3.2549020e-01
   3.0039216e-01
   2.7921568e-01
   2.6745098e-01
   2.7058824e-01
   2.9568628e-01
   3.3960784e-01
   4.0078431e-01
   4.7294119e-01
   5.4509805e-01
   6.0784315e-01
   6.5176470e-01
   6.6980393e-01
   6.5803922e-01
   6.2117646e-01
   5.6392157e-01
   4.9882352e-01
   4.3764705e-01
   3.9137256e-01
   3.6784313e-01
   3.7098038e-01
   3.9686275e-01
   4.3999999e-01
   4.9098040e-01
   5.3960785e-01
   5.7803923e-01
   5.9686275e-01
   5.9529413e-01
   5.7254903e-01
   5.3098039e-01
   4.7686275e-01
   4.1725491e-01
   3.5843136e-01
   3.0823530e-01
   2.7058824e-01
   2.4627450e-01
   2.3686275e-01
   2.3999998e-01
   2.5098040e-01
   2.6666666e-01
   2.8627451e-01
   3.0745099e-01
   3.2784313e-01
   3.5058823e-01
   3.7254902e-01
   3.9529412e-01
   4.1411764e-01
   4.2588235e-01
   4.2901961e-01
   4.2039216e-01
   3.9921568e-01
   3.6627450e-01
   3.2235293e-01
   2.7137256e-01
   2.1803921e-01
   1.6549020e-01
   1.1686275e-01
   7.5294113e-02
   4.4705870e-02
   2.6666663e-02
   2.1960787e-02
   2.9019601e-02
   4.6274513e-02
   6.8235283e-02
   9.0980400e-02
   1.1137254e-01
   1.2470588e-01
   1.2941177e-01
   1.2705883e-01
   1.1764705e-01
   1.0352940e-01
   8.5490194e-02
   6.6666658e-02
   4.7058825e-02
   3.0588243e-02
   1.5686269e-02
   4.7058757e-03
   0.0000000e+00
   7.8431261e-04
   5.4901883e-03
   1.3333332e-02
   2.4313725e-02
   3.3725477e-02
   4.2352932e-02
   5.0196076e-02
   5.8039219e-02
   6.6666658e-02
   7.6862739e-02
   9.0980383e-02
   1.0745096e-01
   1.2392156e-01
   1.4039215e-01
   1.5450979e-01
   1.6627450e-01
   1.7333333e-01
   1.7647059e-01
   1.7647059e-01
   1.7411764e-01
   1.7098039e-01
   1.6705883e-01
   1.6470589e-01
   1.6470587e-01
   1.6627451e-01
   1.6941176e-01
   1.7254901e-01
   1.7490197e-01
   1.7568626e-01
   1.7568628e-01
   1.7490195e-01
   1.7647058e-01
   1.8274510e-01
   1.9529411e-01
   2.1568628e-01
   2.4078431e-01
   2.6901960e-01
   2.9647059e-01
   3.1921568e-01
   3.3490196e-01
   3.4431373e-01
   3.4745097e-01
   3.4823530e-01
   3.4901959e-01
   3.5137255e-01
   3.5686275e-01
   3.6392158e-01
   3.7019608e-01
   3.7254902e-01
   3.6862744e-01
   3.5764705e-01
   3.4039215e-01
   3.1843137e-01
   2.9411764e-01
   2.7215685e-01
   2.5411765e-01
   2.4470589e-01
   2.4549019e-01
   2.5568627e-01
   2.7607843e-01
   3.0117647e-01
   3.2705884e-01
   3.4901961e-01
   3.6392157e-01
   3.6784313e-01
   3.6078431e-01
   3.4431372e-01
   3.2156863e-01
   2.9725489e-01
   2.7372550e-01
   2.5411765e-01
   2.4156861e-01
   2.3686273e-01
   2.4000000e-01
   2.5176471e-01
   2.7058823e-01
   2.9568628e-01
   3.2392157e-01
   3.5294117e-01
   3.7725490e-01
   3.9450981e-01
   4.0000000e-01
   3.9450981e-01
   3.7803923e-01
   3.5294119e-01
   3.2470588e-01
   2.9882353e-01
   2.7921570e-01
   2.6901962e-01
   2.7058823e-01
   2.8235293e-01
   3.0352941e-01
   3.3019607e-01
   3.5764706e-01
   3.8039215e-01
   3.9372550e-01
   3.9529410e-01
   3.8274510e-01
   3.5764705e-01
   3.2392157e-01
   2.8627451e-01
   2.4941177e-01
   2.1725490e-01
   1.9372549e-01
   1.7882353e-01
   1.7098039e-01
   1.6862745e-01
   1.7019608e-01
   1.7490197e-01
   1.8196078e-01
   1.9607844e-01
   2.1490196e-01
   2.4235294e-01
   2.7529412e-01
   3.1294118e-01
   3.5137255e-01
   3.8509804e-01
   4.1254902e-01
   4.3058824e-01
   4.3921570e-01
   4.3921570e-01
   4.3137255e-01
   4.1882353e-01
   4.0549018e-01
   3.9137254e-01
   3.8117646e-01
   3.7490196e-01
   3.7411765e-01
   3.7725491e-01
   3.8509804e-01
   3.9607842e-01
   4.0941177e-01
   4.2352941e-01
   4.3921568e-01
   4.5568628e-01
   4.7294117e-01
   4.8941175e-01
   5.0352942e-01
   5.1450981e-01
   5.1921568e-01
   5.1607843e-01
   5.0666667e-01
   4.9098040e-01
   4.7450980e-01
   4.5960784e-01
   4.4862745e-01
   4.4470588e-01
   4.4784313e-01
   4.5647059e-01
   4.6666667e-01
   4.7764705e-01
   4.8392157e-01
   4.8627450e-01
   4.8392157e-01
   4.7764706e-01
   4.6745098e-01
   4.5333334e-01
   4.3921568e-01
   4.2509803e-01
   4.1019608e-01
   3.9921568e-01
   3.9058823e-01
   3.8666667e-01
   3.8588235e-01
   3.8901960e-01
   3.9607843e-01
   4.0392158e-01
   4.1411766e-01
   4.2509803e-01
   4.3686274e-01
   4.4862746e-01
   4.5960784e-01
   4.6823530e-01
   4.7137255e-01
   4.6980392e-01
   4.5960784e-01
   4.4313724e-01
   4.1960785e-01
   3.9294118e-01
   3.6470589e-01
   3.3725490e-01
   3.1372549e-01
   2.9411766e-01
   2.8000000e-01
   2.7372548e-01
   2.7529410e-01
   2.8627450e-01
   3.0823528e-01
   3.4039217e-01
   3.7960783e-01
   4.2431372e-01
   4.6823530e-01
   5.0823531e-01
   5.3882353e-01
   5.5764707e-01
   5.6549020e-01
   5.6235295e-01
   5.5137255e-01
   5.3568628e-01
   5.2078431e-01
   5.0823531e-01
   5.0196079e-01
   5.0352942e-01
   5.1215687e-01
   5.2705883e-01
   5.4509805e-01
   5.6235295e-01
   5.7333334e-01
   5.7725490e-01
   5.7019607e-01
   5.5294118e-01
   5.2862745e-01
   5.0196079e-01
   4.7764706e-01
   4.5960784e-01
   4.5176471e-01
   4.5411765e-01
   4.6745098e-01
   4.8862746e-01
   5.1372550e-01
   5.4196078e-01
   5.6862745e-01
   5.9294119e-01
   6.1333333e-01
   6.2745098e-01
   6.3764706e-01
   6.4392158e-01
   6.4549020e-01
   6.4392158e-01
   6.4078431e-01
   6.3529412e-01
   6.2823529e-01
   6.1725492e-01
   6.0313725e-01
   5.8431373e-01
   5.6313726e-01
   5.3882353e-01
   5.1529412e-01
   4.9568629e-01
   4.8156863e-01
   4.7450980e-01
   4.7372548e-01
   4.8000000e-01
   4.9019607e-01
   5.0431373e-01
   5.1921568e-01
   5.3490195e-01
   5.4901960e-01
   5.6156862e-01
   5.6941178e-01
   5.7019609e-01
   5.6235295e-01
   5.4509804e-01
   5.1764706e-01
   4.8313727e-01
   4.4313724e-01
   4.0235293e-01
   3.6470589e-01
   3.3568628e-01
   3.1607843e-01
   3.1058824e-01
   3.1686274e-01
   3.3803921e-01
   3.7254902e-01
   4.1568628e-01
   4.6588236e-01
   5.1686275e-01
   5.6470588e-01
   6.0392157e-01
   6.2980393e-01
   6.4078431e-01
   6.3686275e-01
   6.2039215e-01
   5.9450982e-01
   5.6392157e-01
   5.3333333e-01
   5.0745100e-01
   4.8784313e-01
   4.7843138e-01
   4.7921567e-01
   4.8862744e-01
   5.0588237e-01
   5.2627452e-01
   5.4666668e-01
   5.6078432e-01
   5.6549020e-01
   5.5686274e-01
   5.3568627e-01
   4.9960784e-01
   4.5568628e-01
   4.0627451e-01
   3.5686275e-01
   3.1294118e-01
   2.7764706e-01
   2.5725490e-01
   2.5019608e-01
   2.6039216e-01
   2.8549020e-01
   3.2313724e-01
   3.7019607e-01
   4.1960785e-01
   4.6509805e-01
   5.0117648e-01
   5.2156862e-01
   5.2470589e-01
   5.1058823e-01
   4.8313725e-01
   4.4470588e-01
   4.0470589e-01
   3.6705883e-01
   3.3725490e-01
   3.1764705e-01
   3.1058824e-01
   3.1450980e-01
   3.2549020e-01
   3.4117647e-01
   3.5686275e-01
   3.6705882e-01
   3.6862746e-01
   3.6000000e-01
   3.4196079e-01
   3.1764705e-01
   2.9254903e-01
   2.6980393e-01
   2.5647058e-01
   2.5333333e-01
   2.5882352e-01
   2.7372550e-01
   2.9333333e-01
   3.1137253e-01
   3.2784313e-01
   3.3803921e-01
   3.4196079e-01
   3.4039215e-01
   3.3490196e-01
   3.2627451e-01
   3.1686274e-01
   3.0588235e-01
   2.9803922e-01
   2.9019608e-01
   2.8470589e-01
   2.8078431e-01
   2.7764706e-01
   2.7450981e-01
   2.6980391e-01
   2.6117648e-01
   2.5019608e-01
   2.3686273e-01
   2.2431371e-01
   2.1490195e-01
   2.1098038e-01
   2.1647059e-01
   2.2980392e-01
   2.5333333e-01
   2.8470589e-01
   3.2156863e-01
   3.6156863e-01
   4.0313725e-01
   4.4313726e-01
   4.8078432e-01
   5.1137256e-01
   5.3490195e-01
   5.4823530e-01
   5.5137255e-01
   5.4274510e-01
   5.2392156e-01
   4.9568629e-01
   4.5960784e-01
   4.1882353e-01
   3.7490198e-01
   3.3176471e-01
   2.9176470e-01
   2.5960783e-01
   2.3921567e-01
   2.3294119e-01
   2.4313725e-01
   2.6666666e-01
   3.0039216e-01
   3.3960784e-01
   3.7647058e-01
   4.0392156e-01
   4.1882352e-01
   4.1803920e-01
   4.0313725e-01
   3.7568629e-01
   3.4196079e-01
   3.0745099e-01
   2.7764706e-01
   2.5647058e-01
   2.4627450e-01
   2.4941177e-01
   2.6509804e-01
   2.9019608e-01
   3.2156863e-01
   3.5450980e-01
   3.8509804e-01
   4.0862745e-01
   4.2196078e-01
   4.2352941e-01
   4.1490195e-01
   3.9843137e-01
   3.7725490e-01
   3.5686273e-01
   3.4039215e-01
   3.3333334e-01
   3.3725490e-01
   3.5294117e-01
   3.8196079e-01
   4.2039216e-01
   4.6509805e-01
   5.0980393e-01
   5.4980393e-01
   5.7725492e-01
   5.9137256e-01
   5.8823530e-01
   5.7019607e-01
   5.3960785e-01
   5.0196079e-01
   4.6509805e-01
   4.3137255e-01
   4.0549020e-01
   3.8901960e-01
   3.8196079e-01
   3.8274510e-01
   3.8901960e-01
   4.0235293e-01
   4.2039216e-01
   4.4235295e-01
   4.6745098e-01
   4.9568629e-01
   5.2392156e-01
   5.4980391e-01
   5.7098040e-01
   5.8588234e-01
   5.9372550e-01
   5.9607844e-01
   5.9294119e-01
   5.8588236e-01
   5.7803922e-01
   5.7176470e-01
   5.6784315e-01
   5.6705882e-01
   5.7019607e-01
   5.7568628e-01
   5.8196080e-01
   5.8509805e-01
   5.8431373e-01
   5.7803923e-01
   5.6470588e-01
   5.4745099e-01
   5.2784314e-01
   5.0980392e-01
   4.9803921e-01
   4.9411765e-01
   5.0039215e-01
   5.1294117e-01
   5.3019608e-01
   5.4745097e-01
   5.6235293e-01
   5.7019609e-01
   5.7019609e-01
   5.6235295e-01
   5.4823530e-01
   5.3019610e-01
   5.1215687e-01
   4.9725491e-01
   4.8941175e-01
   4.9176471e-01
   5.0509804e-01
   5.3019608e-01
   5.6313726e-01
   6.0000000e-01
   6.3372550e-01
   6.6117647e-01
   6.7686276e-01
   6.7764707e-01
   6.6431372e-01
   6.3921570e-01
   6.0705882e-01
   5.7254903e-01
   5.4117647e-01
   5.1843137e-01
   5.0745098e-01
   5.1058825e-01
   5.2941177e-01
   5.6470588e-01
   6.1176471e-01
   6.6901962e-01
   7.2784315e-01
   7.8196079e-01
   8.2352942e-01
   8.4470590e-01
   8.4470590e-01
   8.2039216e-01
   7.7647058e-01
   7.1764707e-01
   6.5098039e-01
   5.8588236e-01
   5.3019608e-01
   4.9098040e-01
   4.7294119e-01
   4.7607844e-01
   4.9960784e-01
   5.4039216e-01
   5.9137255e-01
   6.4470589e-01
   6.9176470e-01
   7.2470588e-01
   7.4039217e-01
   7.3647059e-01
   7.1686275e-01
   6.8549020e-01
   6.4941177e-01
   6.1568627e-01
   5.9137255e-01
   5.7960786e-01
   5.8117647e-01
   5.9607842e-01
   6.2039217e-01
   6.4941177e-01
   6.7999999e-01
   7.0431372e-01
   7.1921569e-01
   7.2156863e-01
   7.1058825e-01
   6.8549020e-01
   6.5098039e-01
   6.0941177e-01
   5.6862745e-01
   5.3411766e-01
   5.0745098e-01
   4.9333333e-01
   4.9176471e-01
   5.0117648e-01
   5.1921568e-01
   5.4352941e-01
   5.6862745e-01
   5.9450980e-01
   6.1490196e-01
   6.2980392e-01
   6.3686275e-01
   6.3607843e-01
   6.2980393e-01
   6.1960785e-01
   6.0862746e-01
   6.0078432e-01
   5.9843138e-01
   6.0470588e-01
   6.1725492e-01
   6.3686275e-01
   6.5803922e-01
   6.7843137e-01
   6.9333334e-01
   7.0117647e-01
   6.9882353e-01
   6.8549020e-01
   6.6431372e-01
   6.3372550e-01
   5.9921569e-01
   5.6078432e-01
   5.2470587e-01
   4.9411765e-01
   4.7294117e-01
   4.6352942e-01
   4.6588236e-01
   4.7843138e-01
   4.9882354e-01
   5.2235294e-01
   5.4431374e-01
   5.6235295e-01
   5.7411764e-01
   5.7960784e-01
   5.7960784e-01
   5.7647059e-01
   5.7254903e-01
   5.7019609e-01
   5.7019607e-01
   5.7411765e-01
   5.8352940e-01
   5.9529413e-01
   6.0784315e-01
   6.1882354e-01
   6.2431373e-01
   6.2039217e-01
   6.0549019e-01
   5.7803922e-01
   5.3960785e-01
   4.9254902e-01
   4.4313726e-01
   3.9450979e-01
   3.5294117e-01
   3.1921569e-01
   2.9882353e-01
   2.9254901e-01
   2.9882352e-01
   3.1686274e-01
   3.4823530e-01
   3.8745098e-01
   4.3294118e-01
   4.8000000e-01
   5.2156862e-01
   5.5529412e-01
   5.7490197e-01
   5.8117647e-01
   5.7490197e-01
   5.5686274e-01
   5.3411766e-01
   5.0980393e-01
   4.8941175e-01
   4.7450980e-01
   4.6745098e-01
   4.6745098e-01
   4.7294119e-01
   4.8313725e-01
   4.9490196e-01
   5.0666667e-01
   5.1529412e-01
   5.1921568e-01
   5.1686275e-01
   5.0823531e-01
   4.9411765e-01
   4.7764705e-01
   4.6196078e-01
   4.5098038e-01
   4.4470588e-01
   4.4705882e-01
   4.5725490e-01
   4.7372550e-01
   4.9568627e-01
   5.2000000e-01
   5.4588236e-01
   5.6941176e-01
   5.8823530e-01
   6.0156865e-01
   6.0705882e-01
   6.0156863e-01
   5.8823530e-01
   5.6549020e-01
   5.3803922e-01
   5.0901960e-01
   4.8313725e-01
   4.6274509e-01
   4.5098038e-01
   4.4941176e-01
   4.5803922e-01
   4.7529413e-01
   4.9882352e-01
   5.2784314e-01
   5.5764705e-01
   5.8431373e-01
   6.0705882e-01
   6.2196079e-01
   6.2823531e-01
   6.2588237e-01
   6.1803921e-01
   6.0627452e-01
   5.9529411e-01
   5.8823530e-01
   5.8666667e-01
   5.9215688e-01
   6.0470588e-01
   6.2117648e-01
   6.3921570e-01
   6.5725489e-01
   6.7137255e-01
   6.8078432e-01
   6.8549020e-01
   6.8627451e-01
   6.8392157e-01
   6.8000001e-01
   6.7607843e-01
   6.7215687e-01
   6.6980393e-01
   6.6980393e-01
   6.6745097e-01
   6.6274510e-01
   6.5333333e-01
   6.3450981e-01
   6.0549019e-01
   5.6784314e-01
   5.2313726e-01
   4.7764706e-01
   4.3764707e-01
   4.0705881e-01
   3.9294118e-01
   3.9372548e-01
   4.0941177e-01
   4.3843137e-01
   4.7372548e-01
   5.1137254e-01
   5.4901962e-01
   5.8039215e-01
   6.0392157e-01
   6.1882352e-01
   6.2352942e-01
   6.1803921e-01
   6.0313727e-01
   5.8196080e-01
   5.5607843e-01
   5.3019608e-01
   5.0666667e-01
   4.9098040e-01
   4.8470588e-01
   4.9019608e-01
   5.0745100e-01
   5.3490197e-01
   5.7254903e-01
   6.1647060e-01
   6.6274510e-01
   7.0666667e-01
   7.4196079e-01
   7.6470587e-01
   7.7098039e-01
   7.5921569e-01
   7.2941177e-01
   6.8549020e-01
   6.3294118e-01
   5.7882355e-01
   5.2705883e-01
   4.8470588e-01
   4.5647059e-01
   4.4156863e-01
   4.4235295e-01
   4.5803923e-01
   4.8470588e-01
   5.2000000e-01
   5.5843138e-01
   5.9607844e-01
   6.2666667e-01
   6.4627452e-01
   6.5254902e-01
   6.4470589e-01
   6.2352942e-01
   5.9215686e-01
   5.5764705e-01
   5.2313726e-01
   4.9568627e-01
   4.7607842e-01
   4.6980392e-01
   4.7450980e-01
   4.8784313e-01
   5.0823529e-01
   5.3019608e-01
   5.4823529e-01
   5.5921570e-01
   5.5921570e-01
   5.4666666e-01
   5.2313726e-01
   4.9176471e-01
   4.5803922e-01
   4.2901960e-01
   4.0784314e-01
   4.0000000e-01
   4.0549020e-01
   4.2352943e-01
   4.5254903e-01
   4.8784315e-01
   5.2470589e-01
   5.6078432e-01
   5.9372550e-01
   6.2039217e-01
   6.4000000e-01
   6.5254903e-01
   6.5568627e-01
   6.5098039e-01
   6.4078431e-01
   6.2509804e-01
   6.0705882e-01
   5.8745098e-01
   5.6784315e-01
   5.4823530e-01
   5.2862745e-01
   5.0745098e-01
   4.8470590e-01
   4.6274509e-01
   4.4313724e-01
   4.3058822e-01
   4.2588235e-01
   4.3372549e-01
   4.5411765e-01
   4.8392157e-01
   5.2156864e-01
   5.6235295e-01
   6.0235296e-01
   6.3450981e-01
   6.5882353e-01
   6.7058824e-01
   6.6901960e-01
   6.5411764e-01
   6.2509804e-01
   5.8666667e-01
   5.3882353e-01
   4.8627450e-01
   4.3137255e-01
   3.7882354e-01
   3.3176470e-01
   2.9254903e-01
   2.6509804e-01
   2.5019608e-01
   2.4941177e-01
   2.6431373e-01
   2.9254901e-01
   3.3254901e-01
   3.7803923e-01
   4.2352941e-01
   4.6117647e-01
   4.8392157e-01
   4.8705883e-01
   4.6980392e-01
   4.3215686e-01
   3.8196077e-01
   3.2313726e-01
   2.6588235e-01
   2.1568628e-01
   1.8039214e-01
   1.6235293e-01
   1.6235295e-01
   1.7960784e-01
   2.1254901e-01
   2.5568627e-01
   3.0509805e-01
   3.5372548e-01
   3.9686275e-01
   4.2901960e-01
   4.4549021e-01
   4.4470588e-01
   4.2745099e-01
   3.9607843e-01
   3.5607844e-01
   3.1215686e-01
   2.7058823e-01
   2.3607844e-01
   2.1254901e-01
   2.0156861e-01
   2.0470588e-01
   2.1882353e-01
   2.4313725e-01
   2.7058824e-01
   3.0039216e-01
   3.2470588e-01
   3.4274511e-01
   3.5215688e-01
   3.5372548e-01
   3.4980392e-01
   3.4196078e-01
   3.3411765e-01
   3.2627451e-01
   3.2078432e-01
   3.1686274e-01
   3.1372549e-01
   3.1058824e-01
   3.0745099e-01
   3.0509803e-01
   3.0352941e-01
   3.0274511e-01
   3.0352941e-01
   3.0352941e-01
   3.0196078e-01
   2.9803920e-01
   2.9019608e-01
   2.8000000e-01
   2.7137256e-01
   2.6588235e-01
   2.6901962e-01
   2.8078433e-01
   3.0352943e-01
   3.3254901e-01
   3.6705883e-01
   4.0078433e-01
   4.2823530e-01
   4.4392157e-01
   4.4392157e-01
   4.2745099e-01
   3.9450979e-01
   3.4980392e-01
   2.9725491e-01
   2.4470588e-01
   1.9843138e-01
   1.6470589e-01
   1.4666666e-01
   1.4431371e-01
   1.5686273e-01
   1.7725489e-01
   1.9999999e-01
   2.2039215e-01
   2.3450980e-01
   2.4078431e-01
   2.4078431e-01
   2.3607842e-01
   2.3215686e-01
   2.3137255e-01
   2.3764706e-01
   2.5411765e-01
   2.8078431e-01
   3.1843138e-01
   3.6627452e-01
   4.2274510e-01
   4.8078432e-01
   5.3960785e-01
   5.9058825e-01
   6.2980393e-01
   6.5333333e-01
   6.6039216e-01
   6.5176472e-01
   6.3058823e-01
   6.0313725e-01
   5.7333334e-01
   5.4901960e-01
   5.3568628e-01
   5.3725489e-01
   5.5529412e-01
   5.9137255e-01
   6.4313727e-01
   7.0666667e-01
   7.7411766e-01
   8.3686275e-01
   8.8705883e-01
   9.1843137e-01
   9.2470589e-01
   9.0509805e-01
   8.6274510e-01
   8.0549020e-01
   7.4352942e-01
   6.8549020e-01
   6.4000002e-01
   6.1411765e-01
   6.1019607e-01
   6.2666667e-01
   6.5960783e-01
   7.0352941e-01
   7.4980392e-01
   7.9294118e-01
   8.2509805e-01
   8.4313726e-01
   8.4470588e-01
   8.3137257e-01
   8.0392157e-01
   7.6862745e-01
   7.3019609e-01
   6.9333334e-01
   6.6039216e-01
   6.3450981e-01
   6.1490196e-01
   6.0156863e-01
   5.9215686e-01
   5.8666667e-01
   5.8352942e-01
   5.8196080e-01
   5.8274511e-01
   5.8274509e-01
   5.8352942e-01
   5.8196080e-01
   5.7803922e-01
   5.7333334e-01
   5.6627451e-01
   5.5921570e-01
   5.5294118e-01
   5.4980393e-01
   5.5058824e-01
   5.5686276e-01
   5.6705882e-01
   5.8039217e-01
   5.9529413e-01
   6.0862744e-01
   6.1647059e-01
   6.1725490e-01
   6.0862744e-01
   5.8666667e-01
   5.5450982e-01
   5.1372550e-01
   4.6745098e-01
   4.2274510e-01
   3.8666667e-01
   3.6313725e-01
   3.5529413e-01
   3.6156863e-01
   3.7882352e-01
   4.0235295e-01
   4.2509805e-01
   4.4078432e-01
   4.4941176e-01
   4.4627451e-01
   4.3529413e-01
   4.1803922e-01
   3.9686275e-01
   3.7568629e-01
   3.5843138e-01
   3.4745098e-01
   3.4431372e-01
   3.4980392e-01
   3.6392157e-01
   3.8431373e-01
   4.0941177e-01
   4.3372549e-01
   4.5490196e-01
   4.6745098e-01
   4.6980392e-01
   4.6274511e-01
   4.4470588e-01
   4.1803922e-01
   3.8509804e-01
   3.5058825e-01
   3.1686274e-01
   2.8862745e-01
   2.6745098e-01
   2.5725490e-01
   2.5882352e-01
   2.7215685e-01
   2.9568628e-01
   3.2392157e-01
   3.5215688e-01
   3.7568629e-01
   3.9058823e-01
   3.9372550e-01
   3.8666667e-01
   3.7176469e-01
   3.5294119e-01
   3.3568628e-01
   3.2313726e-01
   3.1921569e-01
   3.2470588e-01
   3.4039215e-01
   3.6470589e-01
   3.9529412e-01
   4.2745097e-01
   4.5882353e-01
   4.8549019e-01
   5.0274510e-01
   5.0901960e-01
   5.0196077e-01
   4.8470588e-01
   4.5803922e-01
   4.2509805e-01
   3.9215685e-01
   3.6078431e-01
   3.3333334e-01
   3.1215686e-01
   2.9647059e-01
   2.8784314e-01
   2.8627450e-01
   2.9333334e-01
   3.0666668e-01
   3.2784313e-01
   3.5529413e-01
   3.8588235e-01
   4.1725489e-01
   4.4705882e-01
   4.7058823e-01
   4.8705882e-01
   4.9411765e-01
   4.9254902e-01
   4.8235294e-01
   4.6588236e-01
   4.4470588e-01
   4.2196078e-01
   4.0000001e-01
   3.8196079e-01
   3.7254902e-01
   3.7176471e-01
   3.8117648e-01
   4.0000000e-01
   4.2588235e-01
   4.5568626e-01
   4.8549021e-01
   5.1058823e-01
   5.2941177e-01
   5.3960785e-01
   5.3803922e-01
   5.2627452e-01
   5.0431373e-01
   4.7215688e-01
   4.3372549e-01
   3.9294117e-01
   3.5372548e-01
   3.2156863e-01
   3.0196078e-01
   2.9490195e-01
   3.0196078e-01
   3.2078430e-01
   3.4666667e-01
   3.7411765e-01
   3.9764706e-01
   4.1647060e-01
   4.2588235e-01
   4.2901961e-01
   4.2509805e-01
   4.1725489e-01
   4.0705883e-01
   3.9529412e-01
   3.8274510e-01
   3.6941175e-01
   3.5607844e-01
   3.4274511e-01
   3.3098038e-01
   3.2078432e-01
   3.1450980e-01
   3.1450980e-01
   3.2156862e-01
   3.3647059e-01
   3.6078431e-01
   3.9215687e-01
   4.2666668e-01
   4.6196078e-01
   4.9098038e-01
   5.0901960e-01
   5.1294118e-01
   5.0117648e-01
   4.7529413e-01
   4.3921570e-01
   3.9921568e-01
   3.6392158e-01
   3.3725490e-01
   3.2313724e-01
   3.2313726e-01
   3.3490196e-01
   3.5529411e-01
   3.8039215e-01
   4.0549020e-01
   4.2745097e-01
   4.4313726e-01
   4.5176470e-01
   4.5333334e-01
   4.4862745e-01
   4.3764705e-01
   4.2352941e-01
   4.0627450e-01
   3.8823531e-01
   3.7019608e-01
   3.5137256e-01
   3.3254903e-01
   3.1294118e-01
   2.9333333e-01
   2.7607843e-01
   2.6117648e-01
   2.5176469e-01
   2.4862744e-01
   2.5098040e-01
   2.5803923e-01
   2.6666666e-01
   2.7294118e-01
   2.7607843e-01
   2.7450979e-01
   2.7058823e-01
   2.6509804e-01
   2.6509804e-01
   2.7294118e-01
   2.9019608e-01
   3.1843137e-01
   3.5294117e-01
   3.9372548e-01
   4.3137255e-01
   4.6352940e-01
   4.8392158e-01
   4.9176471e-01
   4.8470590e-01
   4.6509803e-01
   4.3686274e-01
   4.0392158e-01
   3.7098038e-01
   3.4274511e-01
   3.2235295e-01
   3.1058822e-01
   3.0588235e-01
   3.0509805e-01
   3.0745097e-01
   3.0745097e-01
   3.0588235e-01
   3.0274510e-01
   2.9882353e-01
   2.9882353e-01
   3.0274510e-01
   3.1294118e-01
   3.2705882e-01
   3.4274509e-01
   3.5764705e-01
   3.6549021e-01
   3.6549019e-01
   3.5529411e-01
   3.3333334e-01
   3.0196078e-01
   2.6274510e-01
   2.1803921e-01
   1.7254901e-01
   1.2862744e-01
   9.1764712e-02
   6.6666658e-02
   5.4901951e-02
   5.5686264e-02
   7.1372533e-02
   9.7254901e-02
   1.3098039e-01
   1.6862745e-01
   2.0705882e-01
   2.4392156e-01
   2.7764706e-01
   3.0745097e-01
   3.3098038e-01
   3.4745098e-01
   3.5529411e-01
   3.5215686e-01
   3.3725490e-01
   3.1137255e-01
   2.7607843e-01
   2.3843138e-01
   2.0156863e-01
   1.7333333e-01
   1.5686274e-01
   1.5529410e-01
   1.7019608e-01
   1.9921569e-01
   2.3843136e-01
   2.8470589e-01
   3.3019609e-01
   3.7019608e-01
   3.9921570e-01
   4.1333335e-01
   4.0941177e-01
   3.8823529e-01
   3.5372550e-01
   3.0901960e-01
   2.6117648e-01
   2.1647057e-01
   1.7960784e-01
   1.5450981e-01
   1.4431371e-01
   1.4745098e-01
   1.6392158e-01
   1.9058822e-01
   2.2666667e-01
   2.6745099e-01
   3.1215686e-01
   3.5372548e-01
   3.8980392e-01
   4.1725489e-01
   4.3215686e-01
   4.3450980e-01
   4.2509803e-01
   4.0470589e-01
   3.7882354e-01
   3.4980392e-01
   3.2392157e-01
   3.0196078e-01
   2.8941176e-01
   2.8784314e-01
   2.9647059e-01
   3.1764705e-01
   3.4745098e-01
   3.8274510e-01
   4.1803922e-01
   4.5019609e-01
   4.7137255e-01
   4.8156863e-01
   4.7843136e-01
   4.6274509e-01
   4.3843137e-01
   4.1098039e-01
   3.8352941e-01
   3.6000000e-01
   3.4196079e-01
   3.2941178e-01
   3.2156863e-01
   3.1764705e-01
   3.1686276e-01
   3.1843137e-01
   3.2235295e-01
   3.2941178e-01
   3.4039215e-01
   3.5607844e-01
   3.7490198e-01
   3.9607843e-01
   4.1725491e-01
   4.3529412e-01
   4.4862746e-01
   4.5098040e-01
   4.4078432e-01
   4.1882352e-01
   3.8431373e-01
   3.4431372e-01
   3.0117647e-01
   2.6509804e-01
   2.4078431e-01
   2.3294119e-01
   2.4313725e-01
   2.6980391e-01
   3.0588236e-01
   3.4745098e-01
   3.8588235e-01
   4.1568627e-01
   4.3372549e-01
   4.3764707e-01
   4.2980391e-01
   4.1176470e-01
   3.8666667e-01
   3.5921569e-01
   3.3098040e-01
   3.0745099e-01
   2.8862745e-01
   2.7686275e-01
   2.7294117e-01
   2.7607843e-01
   2.8549018e-01
   2.9960785e-01
   3.1686274e-01
   3.3490195e-01
   3.5372548e-01
   3.7098040e-01
   3.8431373e-01
   3.9450981e-01
   3.9686275e-01
   3.9137256e-01
   3.7568629e-01
   3.5294119e-01
   3.2470588e-01
   2.9647059e-01
   2.7215687e-01
   2.5725490e-01
   2.5411765e-01
   2.6431373e-01
   2.8470589e-01
   3.1450980e-01
   3.4588236e-01
   3.7647058e-01
   4.0156862e-01
   4.1647060e-01
   4.2196078e-01
   4.1725491e-01
   4.0235293e-01
   3.7882354e-01
   3.5058823e-01
   3.2235293e-01
   2.9568627e-01
   2.7450981e-01
   2.6352940e-01
   2.6352941e-01
   2.7294118e-01
   2.9254903e-01
   3.1921568e-01
   3.4823530e-01
   3.8039216e-01
   4.0941177e-01
   4.3372549e-01
   4.5176471e-01
   4.6117648e-01
   4.5960784e-01
   4.4784313e-01
   4.2509805e-01
   3.9529412e-01
   3.6156863e-01
   3.2862745e-01
   3.0117647e-01
   2.8392156e-01
   2.7921568e-01
   2.8549020e-01
   3.0431374e-01
   3.3254901e-01
   3.6627452e-01
   4.0470589e-01
   4.4549020e-01
   4.8470590e-01
   5.2156864e-01
   5.5450980e-01
   5.8117648e-01
   6.0078432e-01
   6.1176471e-01
   6.1254902e-01
   6.0470588e-01
   5.8745097e-01
   5.6235295e-01
   5.3019608e-01
   4.9411765e-01
   4.5725490e-01
   4.2117647e-01
   3.9294118e-01
   3.7176471e-01
   3.6156863e-01
   3.6078431e-01
   3.6549021e-01
   3.7411765e-01
   3.8274508e-01
   3.8588235e-01
   3.8509804e-01
   3.8196079e-01
   3.7803923e-01
   3.7803923e-01
   3.8509804e-01
   4.0078431e-01
   4.2431372e-01
   4.5254901e-01
   4.8313727e-01
   5.0980393e-01
   5.3176470e-01
   5.4666666e-01
   5.5764707e-01
   5.6470588e-01
   5.7254903e-01
   5.8431372e-01
   6.0078432e-01
   6.2274510e-01
   6.4784314e-01
   6.7372549e-01
   6.9490197e-01
   7.0666667e-01
   7.0431373e-01
   6.8470590e-01
   6.4705883e-01
   5.9372549e-01
   5.3019608e-01
   4.6196080e-01
   3.9686275e-01
   3.4117647e-01
   3.0039216e-01
   2.7764706e-01
   2.7372550e-01
   2.8627451e-01
   3.1529411e-01
   3.5607844e-01
   4.0549020e-01
   4.5882353e-01
   5.1137254e-01
   5.5529413e-01
   5.8666667e-01
   6.0000000e-01
   5.9294119e-01
   5.6784314e-01
   5.2862745e-01
   4.8392157e-01
   4.4313726e-01
   4.1568628e-01
