   2.8608923e-01
   2.1981627e-01
   1.9225721e-01
   2.0669292e-01
   2.5787402e-01
   3.3267718e-01
   4.1469817e-01
   4.8818898e-01
   5.4133858e-01
   5.6758531e-01
   5.6758531e-01
   5.4658793e-01
   5.1377952e-01
   4.7572179e-01
   4.4225721e-01
   4.1601050e-01
   4.0026247e-01
   3.9501312e-01
   3.9763780e-01
   4.0616798e-01
   4.1732284e-01
   4.2782153e-01
   4.3438321e-01
   4.3700788e-01
   4.3307088e-01
   4.2388451e-01
   4.1076115e-01
   3.9632546e-01
   3.8254593e-01
   3.7139109e-01
   3.6286090e-01
   3.5761155e-01
   3.5301837e-01
   3.5039370e-01
   3.4842520e-01
   3.4711287e-01
   3.4776903e-01
   3.5301838e-01
   3.6154855e-01
   3.7467192e-01
   3.9173230e-01
   4.1141732e-01
   4.3307086e-01
   4.5406824e-01
   4.7440944e-01
   4.9015749e-01
   5.0131235e-01
   5.0590550e-01
   5.0131235e-01
   4.8687664e-01
   4.6325459e-01
   4.3241471e-01
   3.9829397e-01
   3.6351707e-01
   3.3398951e-01
   3.1364830e-01
   3.0380578e-01
   3.0643045e-01
   3.2086615e-01
   3.4383202e-01
   3.7204724e-01
   4.0288715e-01
   4.3175853e-01
   4.5669292e-01
   4.7309711e-01
   4.8097113e-01
   4.8031496e-01
   4.6916011e-01
   4.5144357e-01
   4.2847769e-01
   4.0223098e-01
   3.7532809e-01
   3.4842520e-01
   3.2217849e-01
   2.9724408e-01
   2.7427821e-01
   2.5459318e-01
   2.4212598e-01
   2.3884515e-01
   2.4934383e-01
   2.7559056e-01
   3.1692914e-01
   3.7073491e-01
   4.3372703e-01
   4.9737533e-01
   5.5643045e-01
   6.0236220e-01
   6.3188978e-01
   6.4304463e-01
   6.3648294e-01
   6.1417324e-01
   5.7939633e-01
   5.3871391e-01
   4.9803150e-01
   4.6128609e-01
   4.3569554e-01
   4.2125984e-01
   4.2060367e-01
   4.3241469e-01
   4.5275592e-01
   4.7769029e-01
   5.0196852e-01
   5.2165354e-01
   5.3412074e-01
   5.3674540e-01
   5.3149606e-01
   5.1837271e-01
   4.9803150e-01
   4.7375328e-01
   4.4750657e-01
   4.2257219e-01
   4.0354330e-01
   3.9173230e-01
   3.9107611e-01
   4.0288713e-01
   4.2650919e-01
   4.5931759e-01
   4.9868767e-01
   5.4002625e-01
   5.7742783e-01
   6.0761155e-01
   6.2664042e-01
   6.3320210e-01
   6.2729659e-01
   6.0826772e-01
   5.7874016e-01
   5.4068243e-01
   4.9803150e-01
   4.5538058e-01
   4.1797901e-01
   3.9041995e-01
   3.7532809e-01
   3.7401574e-01
   3.8648294e-01
   4.1141732e-01
   4.4356955e-01
   4.8031496e-01
   5.1640420e-01
   5.4855643e-01
   5.7414699e-01
   5.9055119e-01
   5.9711287e-01
   5.9317585e-01
   5.7808399e-01
   5.5577428e-01
   5.2755906e-01
   4.9934385e-01
   4.7506561e-01
   4.5734909e-01
   4.4947507e-01
   4.5209973e-01
   4.6325460e-01
   4.8031496e-01
   5.0000000e-01
   5.1902887e-01
   5.3674541e-01
   5.5052493e-01
   5.5905512e-01
   5.6561680e-01
   5.6692914e-01
   5.6561680e-01
   5.6102362e-01
   5.5380578e-01
   5.4461942e-01
   5.3412073e-01
   5.2165354e-01
   5.0984252e-01
   4.9803150e-01
   4.8753281e-01
   4.7965879e-01
   4.7375329e-01
   4.7309712e-01
   4.7834646e-01
   4.8884515e-01
   5.0524935e-01
   5.2493439e-01
   5.4461943e-01
   5.6233595e-01
   5.7349081e-01
   5.7677166e-01
   5.7020999e-01
   5.5446195e-01
   5.3083989e-01
   5.0000001e-01
   4.6391076e-01
   4.2585302e-01
   3.8648293e-01
   3.5104988e-01
   3.2414699e-01
   3.0708662e-01
   3.0577428e-01
   3.2020997e-01
   3.5039370e-01
   3.9238845e-01
   4.4094488e-01
   4.8950131e-01
   5.3215224e-01
   5.6430446e-01
   5.8267716e-01
   5.8727033e-01
   5.8005251e-01
   5.6430447e-01
   5.4265093e-01
   5.2099737e-01
   5.0065618e-01
   4.8490814e-01
   4.7440944e-01
   4.6850394e-01
   4.6719159e-01
   4.6587927e-01
   4.6259842e-01
   4.5603675e-01
   4.4356956e-01
   4.2716536e-01
   4.0748032e-01
   3.8648293e-01
   3.6942259e-01
   3.5695538e-01
   3.5104988e-01
   3.5039370e-01
   3.5367454e-01
   3.5826772e-01
   3.6154855e-01
   3.6286089e-01
   3.6154855e-01
   3.5761155e-01
   3.5433070e-01
   3.5170605e-01
   3.5170603e-01
   3.5564304e-01
   3.6351707e-01
   3.7532808e-01
   3.8976378e-01
   4.0682415e-01
   4.2322834e-01
   4.3635171e-01
   4.4422572e-01
   4.4488190e-01
   4.3766405e-01
   4.2454068e-01
   4.0616798e-01
   3.8648293e-01
   3.6811024e-01
   3.5301838e-01
   3.4251968e-01
   3.3727035e-01
   3.3727035e-01
   3.4120735e-01
   3.5039370e-01
   3.6482940e-01
   3.8517061e-01
   4.1076115e-01
   4.4160106e-01
   4.7440946e-01
   5.0590552e-01
   5.3280839e-01
   5.5249345e-01
   5.6299212e-01
   5.6299214e-01
   5.5446194e-01
   5.3937008e-01
   5.2034121e-01
   5.0131233e-01
   4.8490814e-01
   4.7375328e-01
   4.6850394e-01
   4.6981629e-01
   4.7769029e-01
   4.8884515e-01
   5.0196850e-01
   5.1312337e-01
   5.2034121e-01
   5.2165354e-01
   5.1574804e-01
   5.0524934e-01
   4.9146983e-01
   4.7637796e-01
   4.6259844e-01
   4.5144358e-01
   4.4356955e-01
   4.3766403e-01
   4.3307088e-01
   4.2913386e-01
   4.2585302e-01
   4.2125984e-01
   4.1601049e-01
   4.1076115e-01
   4.0223097e-01
   3.9304463e-01
   3.8385826e-01
   3.7335958e-01
   3.6482940e-01
   3.6023622e-01
   3.6220474e-01
   3.7139107e-01
   3.8648294e-01
   4.0682415e-01
   4.2716536e-01
   4.4553805e-01
   4.5931759e-01
   4.6522309e-01
   4.6587927e-01
   4.6062992e-01
   4.5275590e-01
   4.4488190e-01
   4.3897638e-01
   4.3766405e-01
   4.4160105e-01
   4.5275592e-01
   4.6981627e-01
   4.9212598e-01
   5.1771654e-01
   5.4330710e-01
   5.6627297e-01
   5.8333334e-01
   5.9251968e-01
   5.9251968e-01
   5.8464568e-01
   5.6824147e-01
   5.4855643e-01
   5.2493439e-01
   5.0131233e-01
   4.7965879e-01
   4.6194225e-01
   4.4816273e-01
   4.4094489e-01
   4.4028871e-01
   4.4685038e-01
   4.5997375e-01
   4.7769029e-01
   4.9737533e-01
   5.1574804e-01
   5.2887139e-01
   5.3477691e-01
   5.3215223e-01
   5.1968504e-01
   5.0000001e-01
   4.7506561e-01
   4.4619422e-01
   4.1601050e-01
   3.8779526e-01
   3.6482939e-01
   3.4908137e-01
   3.4317586e-01
   3.4711287e-01
   3.6089239e-01
   3.8057744e-01
   4.0354332e-01
   4.2454068e-01
   4.3832021e-01
   4.4225721e-01
   4.3372704e-01
   4.1404199e-01
   3.8648294e-01
   3.5433070e-01
   3.2152231e-01
   2.9133860e-01
   2.6706037e-01
   2.5131233e-01
   2.4409450e-01
   2.4606300e-01
   2.5656167e-01
   2.7296589e-01
   2.9396325e-01
   3.1627296e-01
   3.3792651e-01
   3.5629920e-01
   3.7073492e-01
   3.7992126e-01
   3.8385828e-01
   3.8385828e-01
   3.8057743e-01
   3.7467191e-01
   3.6614174e-01
   3.5564305e-01
   3.4186351e-01
   3.2677166e-01
   3.1036745e-01
   2.9527560e-01
   2.8215224e-01
   2.7362204e-01
   2.7034121e-01
   2.7427822e-01
   2.8543308e-01
   3.0380578e-01
   3.3070866e-01
   3.6482940e-01
   4.0419948e-01
   4.4619423e-01
   4.8622048e-01
   5.2034121e-01
   5.4396325e-01
   5.5446195e-01
   5.5118110e-01
   5.3740156e-01
   5.1509187e-01
   4.8884516e-01
   4.6587927e-01
   4.4881890e-01
   4.3963255e-01
   4.4028871e-01
   4.4947507e-01
   4.6587927e-01
   4.8687664e-01
   5.1049869e-01
   5.3280841e-01
   5.5183727e-01
   5.6496064e-01
   5.7217847e-01
   5.7152231e-01
   5.6364830e-01
   5.5118110e-01
   5.3543308e-01
   5.1902889e-01
   5.0262467e-01
   4.8884515e-01
   4.7834646e-01
   4.6981627e-01
   4.6587927e-01
   4.6653544e-01
   4.7178477e-01
   4.8228348e-01
   4.9737533e-01
   5.1443570e-01
   5.3215224e-01
   5.4593176e-01
   5.5380577e-01
   5.5314960e-01
   5.4461943e-01
   5.2887139e-01
   5.0984252e-01
   4.8950131e-01
   4.7112861e-01
   4.5866142e-01
   4.5144358e-01
   4.5144358e-01
   4.5800525e-01
   4.7112861e-01
   4.8950131e-01
   5.1115485e-01
   5.3412074e-01
   5.5511812e-01
   5.7349081e-01
   5.8661418e-01
   5.9251968e-01
   5.9055118e-01
   5.8202099e-01
   5.6692914e-01
   5.4658793e-01
   5.2099739e-01
   4.9146981e-01
   4.6062992e-01
   4.2847769e-01
   3.9829397e-01
   3.7335959e-01
   3.5695538e-01
   3.4973755e-01
   3.5367455e-01
   3.6745407e-01
   3.8845145e-01
   4.1469817e-01
   4.4160105e-01
   4.6653544e-01
   4.8687664e-01
   5.0065618e-01
   5.0590550e-01
   5.0196852e-01
   4.8950131e-01
   4.6850394e-01
   4.4291338e-01
   4.1404200e-01
   3.8648294e-01
   3.6417324e-01
   3.5170605e-01
   3.5039371e-01
   3.6154855e-01
   3.8188976e-01
   4.1076115e-01
   4.4553805e-01
   4.8228348e-01
   5.1902887e-01
   5.5314962e-01
   5.8202099e-01
   6.0301838e-01
   6.1351707e-01
   6.1286089e-01
   5.9973753e-01
   5.7414699e-01
   5.4002626e-01
   5.0000000e-01
   4.5997375e-01
   4.2322834e-01
   3.9501313e-01
   3.7664042e-01
   3.7007875e-01
   3.7532809e-01
   3.8910761e-01
   4.1141732e-01
   4.3700788e-01
   4.6456694e-01
   4.8818898e-01
   5.0656168e-01
   5.1574802e-01
   5.1312336e-01
   5.0000000e-01
   4.7572179e-01
   4.4094488e-01
   3.9960630e-01
   3.5433070e-01
   3.0708662e-01
   2.6181102e-01
   2.2178477e-01
   1.9094488e-01
   1.7388451e-01
   1.7257217e-01
   1.9094488e-01
   2.2637796e-01
   2.7690289e-01
   3.3530183e-01
   3.9501313e-01
   4.4881891e-01
   4.8950131e-01
   5.1312337e-01
   5.2034121e-01
   5.1246720e-01
   4.9343833e-01
   4.7047245e-01
   4.4750655e-01
   4.3175854e-01
   4.2388452e-01
   4.2585302e-01
   4.3766405e-01
   4.5603675e-01
   4.7900263e-01
   5.0000000e-01
   5.1706037e-01
   5.2559056e-01
   5.2624672e-01
   5.1837271e-01
   5.0459318e-01
   4.8950131e-01
   4.7572178e-01
   4.6653544e-01
   4.6259842e-01
   4.6391076e-01
   4.6784776e-01
   4.7178477e-01
   4.7244094e-01
   4.6916011e-01
   4.6128609e-01
   4.4816273e-01
   4.3241469e-01
   4.1666667e-01
   4.0288715e-01
   3.9238845e-01
   3.8779528e-01
   3.9107611e-01
   4.0157480e-01
   4.2125984e-01
   4.4619422e-01
   4.7572179e-01
   5.0328084e-01
   5.2624672e-01
   5.4133858e-01
   5.4527558e-01
   5.3674541e-01
   5.1837271e-01
   4.9212600e-01
   4.5997375e-01
   4.2650919e-01
   3.9632546e-01
   3.7139107e-01
   3.5433070e-01
   3.4776903e-01
   3.5301838e-01
   3.6942257e-01
   3.9501312e-01
   4.2650919e-01
   4.6062993e-01
   4.9212600e-01
   5.1574802e-01
   5.2887139e-01
   5.2887141e-01
   5.1574804e-01
   4.9015748e-01
   4.5603674e-01
   4.1404199e-01
   3.6942257e-01
   3.2545932e-01
   2.8674540e-01
   2.5787402e-01
   2.4278215e-01
   2.4278216e-01
   2.5918635e-01
   2.8805775e-01
   3.2545932e-01
   3.6548557e-01
   4.0091863e-01
   4.2716536e-01
   4.3897638e-01
   4.3700788e-01
   4.2125984e-01
   3.9632546e-01
   3.6614174e-01
   3.3530184e-01
   3.0971129e-01
   2.9068243e-01
   2.8149606e-01
   2.8280841e-01
   2.9330710e-01
   3.0839895e-01
   3.2611549e-01
   3.3989503e-01
   3.4908137e-01
   3.4842520e-01
   3.3989501e-01
   3.2414699e-01
   3.0380577e-01
   2.8412073e-01
   2.6706037e-01
   2.5656168e-01
   2.5196850e-01
   2.5393700e-01
   2.6115487e-01
   2.7296588e-01
   2.8740158e-01
   3.0446194e-01
   3.2152231e-01
   3.3989503e-01
   3.5695537e-01
   3.7204724e-01
   3.8582678e-01
   3.9698163e-01
   4.0551182e-01
   4.1469816e-01
   4.2322836e-01
   4.3175853e-01
   4.3832021e-01
   4.4094488e-01
   4.4028871e-01
   4.3241471e-01
   4.1732284e-01
   3.9698163e-01
   3.7204726e-01
   3.4711287e-01
   3.2480316e-01
   3.0643044e-01
   2.9461943e-01
   2.9002625e-01
   2.9265093e-01
   3.0118112e-01
   3.1496062e-01
   3.3136483e-01
   3.5039370e-01
   3.6876641e-01
   3.8451444e-01
   3.9632546e-01
   4.0288715e-01
   4.0354330e-01
   3.9895013e-01
   3.8976378e-01
   3.7729659e-01
   3.6220472e-01
   3.4448820e-01
   3.2677166e-01
   3.0839895e-01
   2.9068241e-01
   2.7624672e-01
   2.6706037e-01
   2.6509187e-01
   2.7034121e-01
   2.8280841e-01
   3.0052493e-01
   3.2020999e-01
   3.3727035e-01
   3.4973753e-01
   3.5564305e-01
   3.5629922e-01
   3.5170605e-01
   3.4514435e-01
   3.4055119e-01
   3.3792651e-01
   3.4120736e-01
   3.5104987e-01
   3.6679790e-01
   3.8845145e-01
   4.1469817e-01
   4.4356955e-01
   4.7244094e-01
   4.9868767e-01
   5.2034121e-01
   5.3477690e-01
   5.4330710e-01
   5.4658793e-01
   5.4658793e-01
   5.4658793e-01
   5.4855643e-01
   5.5446194e-01
   5.6627296e-01
   5.8070866e-01
   5.9842520e-01
   6.1614174e-01
   6.3320210e-01
   6.4763780e-01
   6.5813649e-01
   6.6535434e-01
   6.6732284e-01
   6.6601050e-01
   6.6207349e-01
   6.5682415e-01
   6.5157480e-01
   6.4829397e-01
   6.4763778e-01
   6.4763780e-01
   6.4895013e-01
   6.4829397e-01
   6.4304463e-01
   6.3320210e-01
   6.1876641e-01
   6.0104987e-01
   5.8333334e-01
   5.6955382e-01
   5.6233595e-01
   5.6299214e-01
   5.7217847e-01
   5.8727035e-01
   6.0695538e-01
   6.2598426e-01
   6.4107611e-01
   6.4895013e-01
   6.4698163e-01
   6.3254593e-01
   6.0629920e-01
   5.7086614e-01
   5.2887139e-01
   4.8622048e-01
   4.4816273e-01
   4.1863517e-01
   4.0288713e-01
   4.0026248e-01
   4.0944882e-01
   4.2454069e-01
   4.4160106e-01
   4.5538058e-01
   4.6194225e-01
   4.6062992e-01
   4.5209973e-01
   4.3832021e-01
   4.2257219e-01
   4.0879267e-01
   3.9763780e-01
   3.9041995e-01
   3.8582676e-01
   3.8188976e-01
   3.7729659e-01
   3.6942257e-01
   3.5564304e-01
   3.3595801e-01
   3.1102363e-01
   2.8215223e-01
   2.5393702e-01
   2.2900263e-01
   2.1259842e-01
   2.0734909e-01
   2.1587927e-01
   2.3687664e-01
   2.6574804e-01
   2.9921260e-01
   3.3005249e-01
   3.5433070e-01
   3.6745407e-01
   3.6876641e-01
   3.5695538e-01
   3.3398950e-01
   3.0249343e-01
   2.6509186e-01
   2.2703412e-01
   1.9094488e-01
   1.6272965e-01
   1.4501313e-01
   1.4173230e-01
   1.5223098e-01
   1.7585302e-01
   2.0931759e-01
   2.4934383e-01
   2.9002625e-01
   3.2742783e-01
   3.5826772e-01
   3.8057743e-01
   3.9435695e-01
   4.0091863e-01
   4.0091863e-01
   3.9501313e-01
   3.8517061e-01
   3.7270341e-01
   3.5826772e-01
   3.4317586e-01
   3.3005249e-01
   3.1955382e-01
   3.1233595e-01
   3.0839895e-01
   3.0905512e-01
   3.1233595e-01
   3.1824147e-01
   3.2545931e-01
   3.3530184e-01
   3.4514435e-01
   3.5433070e-01
   3.6089239e-01
   3.6154857e-01
   3.5564305e-01
   3.4186353e-01
   3.1955381e-01
   2.9133858e-01
   2.5787400e-01
   2.2440946e-01
   1.9160105e-01
   1.6207350e-01
   1.3713911e-01
   1.1876641e-01
   1.0564305e-01
   9.9081366e-02
   9.9737533e-02
   1.0826772e-01
   1.2335958e-01
   1.4501312e-01
   1.7060367e-01
   1.9685040e-01
   2.2047244e-01
   2.3950131e-01
   2.5065617e-01
   2.5196852e-01
   2.4343832e-01
   2.2506562e-01
   1.9881890e-01
   1.6732284e-01
   1.3320211e-01
   1.0301837e-01
   8.0052508e-02
   7.0866140e-02
   7.7427825e-02
   1.0236220e-01
   1.4238845e-01
   1.9291340e-01
   2.4803150e-01
   2.9986877e-01
   3.4186351e-01
   3.6876641e-01
   3.7992126e-01
   3.7401574e-01
   3.5629922e-01
   3.3136483e-01
   3.0446194e-01
   2.8083989e-01
   2.6509186e-01
   2.5853019e-01
   2.6443569e-01
   2.8018373e-01
   3.0314960e-01
   3.2939633e-01
   3.5498688e-01
   3.7467192e-01
   3.8648293e-01
   3.9107613e-01
   3.8845145e-01
   3.8254593e-01
   3.7532808e-01
   3.7007875e-01
   3.6942257e-01
   3.7204724e-01
   3.7664042e-01
   3.8254593e-01
   3.8713911e-01
   3.8910761e-01
   3.9041995e-01
   3.9041995e-01
   3.9107611e-01
   3.9370080e-01
   3.9763778e-01
   4.0354330e-01
   4.1141734e-01
   4.1863517e-01
   4.2388451e-01
   4.2716536e-01
   4.2782153e-01
   4.2388452e-01
   4.1535432e-01
   4.0354332e-01
   3.8976379e-01
   3.7532809e-01
   3.6286089e-01
   3.5433070e-01
   3.5170603e-01
   3.5498688e-01
   3.6286089e-01
   3.7467191e-01
   3.8845145e-01
   4.0223098e-01
   4.1666667e-01
   4.3110237e-01
   4.4685040e-01
   4.6259842e-01
   4.7834646e-01
   4.9146981e-01
   5.0196852e-01
   5.0721785e-01
   5.0590552e-01
   4.9934383e-01
   4.8950131e-01
   4.7900263e-01
   4.7112861e-01
   4.6784777e-01
   4.7244096e-01
   4.8425196e-01
   5.0262467e-01
   5.2887139e-01
   5.5971130e-01
   5.9448820e-01
   6.3057744e-01
   6.6404200e-01
   6.9291340e-01
   7.1522310e-01
   7.2769029e-01
   7.2965879e-01
   7.2309712e-01
   7.0931759e-01
   6.9028871e-01
   6.6863517e-01
   6.4698163e-01
   6.2598424e-01
   6.0892389e-01
   5.9514436e-01
   5.8595801e-01
   5.8267716e-01
   5.8464568e-01
   5.9120735e-01
   6.0236222e-01
   6.1548556e-01
   6.2664042e-01
   6.3517061e-01
   6.3910761e-01
   6.3713911e-01
   6.2992127e-01
   6.1745406e-01
   6.0367454e-01
   5.8858268e-01
   5.7480316e-01
   5.6364829e-01
   5.5708662e-01
   5.5446194e-01
   5.5643045e-01
   5.6364830e-01
   5.7414698e-01
   5.8595801e-01
   5.9711285e-01
   6.0564304e-01
   6.0958005e-01
   6.0958005e-01
   6.0695538e-01
   6.0170603e-01
   5.9514435e-01
   5.8989501e-01
   5.8398950e-01
   5.7742783e-01
   5.6824147e-01
   5.5643045e-01
   5.4068241e-01
   5.2230971e-01
   5.0328084e-01
   4.8622048e-01
   4.7375328e-01
   4.6653544e-01
   4.6522309e-01
   4.7112861e-01
   4.8162731e-01
   4.9671916e-01
   5.1443570e-01
   5.3412074e-01
   5.5249345e-01
   5.7086615e-01
   5.8398950e-01
   5.9251968e-01
   5.9448818e-01
   5.8858268e-01
   5.7742783e-01
   5.6299212e-01
   5.4724410e-01
   5.3280839e-01
   5.2099737e-01
   5.1443569e-01
   5.1312336e-01
   5.1837271e-01
   5.2821523e-01
   5.4330710e-01
   5.6167979e-01
   5.8136484e-01
   5.9973753e-01
   6.1351707e-01
   6.2139107e-01
   6.2007874e-01
   6.1023622e-01
   5.9317586e-01
   5.7086614e-01
   5.4593176e-01
   5.2165354e-01
   5.0065617e-01
   4.8622048e-01
   4.7834646e-01
   4.7769029e-01
   4.8556431e-01
   5.0000001e-01
   5.2034121e-01
   5.4330708e-01
   5.6561680e-01
   5.8333334e-01
   5.9251968e-01
   5.9120735e-01
   5.7808399e-01
   5.5380577e-01
   5.2099737e-01
   4.8556430e-01
   4.5013125e-01
   4.1666666e-01
   3.8910761e-01
   3.6679790e-01
   3.4908137e-01
   3.3530183e-01
   3.2414698e-01
   3.1496064e-01
   3.0577428e-01
   2.9724410e-01
   2.8805775e-01
   2.7952756e-01
   2.7099737e-01
   2.6377954e-01
   2.5787402e-01
   2.5393702e-01
   2.5131233e-01
   2.4868767e-01
   2.4409450e-01
   2.3687664e-01
   2.2440944e-01
   2.0800525e-01
   1.8832021e-01
   1.6994751e-01
   1.5616797e-01
   1.5026247e-01
   1.5616798e-01
   1.7257217e-01
   1.9881890e-01
   2.3162729e-01
   2.6706037e-01
   2.9986877e-01
   3.2874016e-01
   3.5039370e-01
   3.6286090e-01
   3.6811024e-01
   3.6417324e-01
   3.5433072e-01
   3.3989501e-01
   3.2349081e-01
   3.0643045e-01
   2.9199475e-01
   2.8149608e-01
   2.7493439e-01
   2.7165354e-01
   2.7165354e-01
   2.7296588e-01
   2.7624672e-01
   2.8083989e-01
   2.8871391e-01
   2.9855643e-01
   3.1299212e-01
   3.2939633e-01
   3.4776903e-01
   3.6548556e-01
   3.7926509e-01
   3.8713911e-01
   3.8845145e-01
   3.8320211e-01
   3.7335958e-01
   3.5958005e-01
   3.4645670e-01
   3.3727035e-01
   3.3202101e-01
   3.3398950e-01
   3.4448820e-01
   3.6154857e-01
   3.8320210e-01
   4.0748032e-01
   4.2913386e-01
   4.4356955e-01
   4.4685040e-01
   4.3700788e-01
   4.1601049e-01
   3.8648293e-01
   3.5498688e-01
   3.2677166e-01
   3.0774279e-01
   3.0118110e-01
   3.0905512e-01
   3.3070866e-01
   3.6089239e-01
   3.9698162e-01
   4.3503938e-01
   4.7047245e-01
   5.0065618e-01
   5.2427821e-01
   5.4068243e-01
   5.4986877e-01
   5.5314962e-01
   5.5249345e-01
   5.4855643e-01
   5.4396325e-01
   5.3871391e-01
   5.3215224e-01
   5.2362204e-01
   5.1181104e-01
   4.9540683e-01
   4.7440946e-01
   4.5013123e-01
   4.2519684e-01
   4.0288713e-01
   3.8779528e-01
   3.8320211e-01
   3.8976378e-01
   4.0682415e-01
   4.3307086e-01
   4.6522310e-01
   4.9868767e-01
   5.2952756e-01
   5.5511812e-01
   5.6955382e-01
   5.7086615e-01
   5.5839895e-01
   5.3149606e-01
   4.9343832e-01
   4.4816273e-01
   4.0157482e-01
   3.6154857e-01
   3.3267718e-01
   3.2086614e-01
   3.2677166e-01
   3.5039370e-01
   3.8713910e-01
   4.3372703e-01
   4.8359581e-01
   5.3149608e-01
   5.7283466e-01
   6.0433072e-01
   6.2335959e-01
   6.2926509e-01
   6.2270342e-01
   6.0433070e-01
   5.7742783e-01
   5.4527558e-01
   5.1049869e-01
   4.7834646e-01
   4.4881890e-01
   4.2650919e-01
   4.1076115e-01
   4.0157480e-01
   3.9829397e-01
   4.0026247e-01
   4.0616797e-01
   4.1601050e-01
   4.2716536e-01
   4.3963255e-01
   4.4947507e-01
   4.5669292e-01
   4.5800525e-01
   4.5275590e-01
   4.4225721e-01
   4.2650919e-01
   4.0748032e-01
   3.8713910e-01
   3.6679790e-01
   3.4711287e-01
   3.3070867e-01
   3.1889765e-01
   3.1364830e-01
   3.1692914e-01
   3.2939633e-01
   3.5170603e-01
   3.8320211e-01
   4.1994751e-01
   4.5866142e-01
   4.9409448e-01
   5.2362204e-01
   5.4199475e-01
   5.4921260e-01
   5.4396325e-01
   5.2755906e-01
   5.0131233e-01
   4.6719161e-01
   4.2913386e-01
   3.8910761e-01
   3.5104987e-01
   3.1889764e-01
   2.9658793e-01
   2.8412074e-01
   2.8346458e-01
   2.9396325e-01
   3.1233597e-01
   3.3727035e-01
   3.6482939e-01
   3.9370080e-01
   4.2125984e-01
   4.4685040e-01
   4.6981627e-01
   4.9015748e-01
   5.0721785e-01
   5.2099737e-01
   5.3149608e-01
   5.3740158e-01
   5.4068241e-01
   5.4002625e-01
   5.3543308e-01
   5.2821523e-01
   5.1771654e-01
   5.0393700e-01
   4.8884515e-01
   4.7637796e-01
   4.6653544e-01
   4.6456694e-01
   4.7178477e-01
   4.8950131e-01
   5.1640420e-01
   5.4921260e-01
   5.8333333e-01
   6.1351706e-01
   6.3648294e-01
   6.4895013e-01
   6.4829397e-01
   6.3779528e-01
   6.1942257e-01
   5.9645670e-01
   5.7349082e-01
   5.5446195e-01
   5.4330710e-01
   5.4265091e-01
   5.5446194e-01
   5.8005249e-01
   6.1548557e-01
   6.5813649e-01
   7.0406825e-01
   7.4737533e-01
   7.8412073e-01
   8.1036745e-01
   8.2545932e-01
   8.3070866e-01
   8.2545931e-01
   8.1364829e-01
   7.9724410e-01
   7.7887139e-01
   7.6049869e-01
   7.4475065e-01
   7.3425198e-01
   7.3162729e-01
   7.3884515e-01
   7.5656168e-01
   7.8477690e-01
   8.2086615e-01
   8.6154857e-01
   9.0288715e-01
   9.4094489e-01
   9.7112861e-01
   9.9146981e-01
   1.0000000e+00
   9.9671916e-01
   9.8228346e-01
   9.5866142e-01
   9.2716536e-01
   8.9304462e-01
   8.5958005e-01
   8.3136484e-01
   8.1233595e-01
   8.0511812e-01
   8.1167979e-01
   8.2874016e-01
   8.5564305e-01
   8.8648294e-01
   9.1797901e-01
   9.4488190e-01
   9.6456694e-01
   9.7506562e-01
   9.7375328e-01
   9.6128610e-01
   9.3963255e-01
   9.1141732e-01
   8.7926509e-01
   8.4711287e-01
   8.1955381e-01
   7.9855643e-01
   7.8740158e-01
   7.8608924e-01
   7.9330710e-01
   8.0643045e-01
   8.2152231e-01
   8.3530184e-01
   8.4645670e-01
   8.5367455e-01
   8.5564304e-01
   8.5301837e-01
   8.4580053e-01
   8.3530183e-01
   8.2283466e-01
   8.0839895e-01
   7.9265093e-01
   7.7821523e-01
   7.6509187e-01
   7.5459318e-01
   7.4540682e-01
   7.3884515e-01
   7.3293963e-01
   7.2769029e-01
   7.2375328e-01
   7.2178477e-01
   7.2375329e-01
   7.3162729e-01
   7.4671916e-01
   7.6837271e-01
   7.9396326e-01
   8.2152232e-01
   8.4580053e-01
   8.6286089e-01
   8.7007874e-01
   8.6548557e-01
   8.4908137e-01
   8.2217849e-01
   7.8740158e-01
   7.4803150e-01
   7.0931759e-01
   6.7519684e-01
   6.5026247e-01
   6.3582678e-01
   6.3517061e-01
   6.4435695e-01
   6.6272965e-01
   6.8175854e-01
   6.9750657e-01
   7.0472440e-01
   6.9947507e-01
   6.8307086e-01
   6.5682415e-01
   6.2532808e-01
   5.9383202e-01
   5.6758531e-01
   5.5052493e-01
   5.4265091e-01
   5.4461943e-01
   5.5577428e-01
   5.7217847e-01
   5.9317586e-01
   6.1351707e-01
   6.3320210e-01
   6.4763780e-01
   6.5551182e-01
   6.5682414e-01
   6.5026247e-01
   6.3779528e-01
   6.1876641e-01
   5.9711287e-01
   5.7414698e-01
   5.5118112e-01
   5.2887139e-01
   5.0787402e-01
   4.8884515e-01
   4.7178479e-01
   4.5669292e-01
   4.4422573e-01
   4.3438321e-01
   4.2519686e-01
   4.1797901e-01
   4.1141732e-01
   4.0485565e-01
   4.0026247e-01
   3.9895013e-01
   4.0223097e-01
   4.1207349e-01
   4.2716536e-01
   4.4750657e-01
   4.6916011e-01
   4.8950131e-01
   5.0393700e-01
   5.0918635e-01
   5.0459317e-01
   4.8884515e-01
   4.6522310e-01
   4.3438321e-01
   4.0157482e-01
   3.7007874e-01
   3.4448818e-01
   3.2677166e-01
   3.2086614e-01
   3.2742783e-01
   3.4645670e-01
   3.7467192e-01
   4.0879267e-01
   4.4225721e-01
   4.6916011e-01
   4.8359580e-01
   4.8293963e-01
   4.6587927e-01
   4.3503938e-01
   3.9435696e-01
   3.5104987e-01
   3.0971129e-01
   2.7624672e-01
   2.5459318e-01
   2.4737532e-01
   2.5590552e-01
   2.7559056e-01
   3.0643045e-01
   3.4120735e-01
   3.7664042e-01
   4.0551180e-01
   4.2519686e-01
   4.3241471e-01
   4.2716534e-01
   4.1207350e-01
   3.8976378e-01
   3.6417324e-01
   3.3923885e-01
   3.1692914e-01
   2.9921260e-01
   2.8740158e-01
   2.8083989e-01
   2.8083989e-01
   2.8674541e-01
   3.0052493e-01
   3.2217847e-01
   3.5039370e-01
   3.8188976e-01
   4.1338582e-01
   4.4160105e-01
   4.6194225e-01
   4.7375329e-01
   4.7506562e-01
   4.6916011e-01
   4.5734909e-01
   4.4553805e-01
   4.3569554e-01
   4.3175853e-01
   4.3372703e-01
   4.4291338e-01
   4.5734909e-01
   4.7309711e-01
   4.8818898e-01
   4.9868767e-01
   5.0131235e-01
   4.9475066e-01
   4.8097113e-01
   4.6062993e-01
   4.3897638e-01
   4.2060367e-01
   4.0748032e-01
   4.0354330e-01
   4.0682415e-01
   4.1601049e-01
   4.2716536e-01
   4.3635171e-01
   4.4160106e-01
   4.4094488e-01
   4.3438321e-01
   4.2454068e-01
   4.1469817e-01
   4.0682415e-01
   4.0419947e-01
   4.0944882e-01
   4.2257219e-01
   4.4488190e-01
   4.7375328e-01
   5.0656167e-01
   5.4068243e-01
   5.7020997e-01
   5.9055118e-01
   5.9908137e-01
   5.9251968e-01
   5.7217849e-01
   5.4199475e-01
   5.0656168e-01
   4.7112861e-01
   4.4291338e-01
   4.2322834e-01
   4.1535434e-01
   4.1732284e-01
   4.2979003e-01
   4.4881890e-01
   4.7309711e-01
   5.0000000e-01
   5.2887139e-01
   5.5708660e-01
   5.8398951e-01
   6.0826772e-01
   6.2926509e-01
   6.4304462e-01
   6.5091863e-01
   6.5157480e-01
   6.4501313e-01
   6.3188978e-01
   6.1286089e-01
   5.8923885e-01
   5.6364829e-01
   5.3937008e-01
   5.1771654e-01
   5.0328085e-01
   4.9803150e-01
   5.0196852e-01
   5.1509187e-01
   5.3280839e-01
   5.5314960e-01
   5.6955381e-01
   5.7939634e-01
   5.8070866e-01
   5.7349082e-01
   5.5774279e-01
   5.3740158e-01
   5.1509186e-01
   4.9409450e-01
   4.7703412e-01
   4.6522310e-01
   4.5931760e-01
   4.5866143e-01
   4.6128609e-01
   4.6456694e-01
   4.6719159e-01
   4.6522310e-01
   4.5931759e-01
   4.4750657e-01
   4.3307088e-01
   4.1797901e-01
   4.0616797e-01
   4.0026247e-01
   4.0026247e-01
   4.0616797e-01
   4.1601050e-01
   4.2585302e-01
   4.3175853e-01
   4.3241471e-01
   4.2585302e-01
   4.1469816e-01
   4.0026247e-01
   3.8451443e-01
   3.7139107e-01
   3.6154855e-01
   3.5761155e-01
   3.5958005e-01
   3.6811024e-01
   3.8320210e-01
   4.0485565e-01
   4.3110236e-01
   4.5997375e-01
   4.8753281e-01
   5.1181102e-01
   5.2887139e-01
   5.3674540e-01
   5.3346456e-01
   5.1968505e-01
   4.9671916e-01
   4.6587927e-01
   4.3044619e-01
   3.9501313e-01
   3.6417324e-01
   3.4186351e-01
   3.3070867e-01
   3.3530184e-01
   3.5433070e-01
   3.8648294e-01
   4.2847769e-01
   4.7178479e-01
   5.1246719e-01
   5.4396326e-01
   5.6233597e-01
   5.6692914e-01
   5.6102362e-01
   5.4790027e-01
   5.3346458e-01
   5.2362204e-01
   5.2099739e-01
   5.2952756e-01
   5.4724410e-01
   5.7414699e-01
   6.0498688e-01
   6.3713911e-01
   6.6404200e-01
   6.8175854e-01
   6.8700788e-01
   6.7847769e-01
   6.5551182e-01
   6.2204724e-01
   5.8202101e-01
   5.4133858e-01
   5.0590552e-01
   4.7900263e-01
   4.6325460e-01
   4.5866143e-01
   4.6259842e-01
   4.7440946e-01
   4.8950131e-01
   5.0524935e-01
   5.1968504e-01
   5.3149606e-01
   5.4002626e-01
   5.4330708e-01
   5.4133860e-01
   5.3412073e-01
   5.2230971e-01
   5.0656167e-01
   4.9015748e-01
   4.7506562e-01
   4.6259844e-01
   4.5406825e-01
   4.5013123e-01
   4.5209973e-01
   4.5734909e-01
   4.6522310e-01
   4.7572179e-01
   4.8490814e-01
   4.9278216e-01
   4.9803150e-01
   4.9671916e-01
   4.9081365e-01
   4.7900263e-01
   4.6325459e-01
   4.4619423e-01
   4.3044619e-01
   4.1863517e-01
   4.1338584e-01
   4.1338582e-01
   4.1797901e-01
   4.2257217e-01
   4.2519686e-01
   4.2388451e-01
   4.1666667e-01
   4.0419948e-01
   3.8910761e-01
   3.7204724e-01
   3.5761155e-01
   3.4711287e-01
   3.4186351e-01
   3.4317586e-01
   3.5170605e-01
   3.6548556e-01
   3.8451444e-01
   4.0551182e-01
   4.2782153e-01
   4.4619423e-01
   4.5931759e-01
   4.6522309e-01
   4.6194227e-01
   4.5078740e-01
   4.3307088e-01
   4.1207350e-01
   3.8845145e-01
   3.6614174e-01
   3.4645670e-01
   3.3202099e-01
   3.2349082e-01
   3.2480314e-01
   3.3464568e-01
   3.5498688e-01
   3.8385826e-01
   4.1863517e-01
   4.5603675e-01
   4.9015748e-01
   5.1640420e-01
   5.3280841e-01
   5.3674541e-01
   5.2755906e-01
   5.0918635e-01
   4.8425198e-01
   4.5538057e-01
   4.2716536e-01
   4.0091865e-01
   3.7992126e-01
   3.6614174e-01
   3.5761155e-01
   3.5564305e-01
   3.5958005e-01
   3.6679790e-01
   3.7664042e-01
   3.8517061e-01
   3.9173228e-01
   3.9501313e-01
   3.9370078e-01
   3.8976378e-01
   3.8254593e-01
   3.7335959e-01
   3.6154857e-01
   3.4711287e-01
   3.3005251e-01
   3.1102363e-01
   2.9199476e-01
   2.7559056e-01
   2.6443570e-01
   2.6049869e-01
   2.6574802e-01
   2.7952757e-01
   2.9921260e-01
   3.2349082e-01
   3.4842520e-01
   3.7139107e-01
   3.9107613e-01
   4.0616798e-01
   4.1666667e-01
   4.2191602e-01
   4.2257217e-01
   4.1994751e-01
   4.1272965e-01
   4.0288713e-01
   3.9041995e-01
   3.7729659e-01
   3.6220472e-01
   3.4776903e-01
   3.3267716e-01
   3.1758531e-01
   3.0249345e-01
   2.8937008e-01
   2.7887139e-01
   2.7230972e-01
   2.7230972e-01
   2.7624672e-01
   2.8608924e-01
   2.9724408e-01
   3.0708662e-01
   3.1233595e-01
   3.1167979e-01
   3.0511810e-01
   2.9330708e-01
   2.7755906e-01
   2.6049869e-01
   2.4606300e-01
   2.3556431e-01
   2.2965879e-01
   2.3162729e-01
   2.4081366e-01
   2.5918635e-01
   2.8477690e-01
   3.1627297e-01
   3.5104988e-01
   3.8385826e-01
   4.1076115e-01
   4.2847769e-01
   4.3372704e-01
   4.2716536e-01
   4.0944882e-01
   3.8517061e-01
   3.5892389e-01
   3.3333334e-01
   3.1430447e-01
   3.0380577e-01
   3.0249343e-01
   3.0971129e-01
   3.2414698e-01
   3.4251968e-01
   3.6154855e-01
   3.7860893e-01
   3.8976379e-01
   3.9304462e-01
   3.8779528e-01
   3.7467192e-01
   3.5761154e-01
   3.3923885e-01
   3.2283464e-01
   3.1036745e-01
   3.0446194e-01
   3.0249343e-01
   3.0314960e-01
   3.0511812e-01
   3.0643045e-01
   3.0577428e-01
   3.0314962e-01
   2.9855643e-01
   2.9527560e-01
   2.9396326e-01
   2.9593175e-01
   3.0183728e-01
   3.1233595e-01
   3.2480316e-01
   3.3858268e-01
   3.4973753e-01
   3.5433070e-01
   3.4908137e-01
   3.3005249e-01
   2.9790027e-01
   2.5262468e-01
   1.9881890e-01
   1.4173228e-01
   8.9895013e-02
   4.9212600e-02
   2.2965889e-02
   1.5091871e-02
   2.2965889e-02
   4.5931764e-02
   7.8083992e-02
   1.1548557e-01
   1.5223098e-01
   1.8503938e-01
   2.1062992e-01
   2.2440944e-01
   2.2703412e-01
   2.1522309e-01
   1.9028871e-01
   1.5485565e-01
   1.1351706e-01
   7.2178489e-02
   3.5433063e-02
   1.0498687e-02
   0.0000000e+00
   4.5931836e-03
   2.4278209e-02
   5.5774284e-02
   9.6456698e-02
   1.3910761e-01
   1.8044621e-01
   2.1522310e-01
   2.4081366e-01
   2.5393700e-01
   2.5459317e-01
   2.4475066e-01
   2.2769029e-01
   2.0734909e-01
   1.8766405e-01
   1.7322836e-01
   1.6732284e-01
   1.6994751e-01
   1.8175853e-01
   1.9947507e-01
   2.2244094e-01
   2.4803150e-01
   2.7493439e-01
   3.0183727e-01
   3.2939633e-01
   3.5498688e-01
   3.7795276e-01
   3.9566930e-01
   4.0748032e-01
   4.1207349e-01
   4.0879265e-01
   3.9895013e-01
   3.8385826e-01
   3.6482939e-01
   3.4580052e-01
   3.2742783e-01
   3.1299214e-01
   3.0446195e-01
   3.0118112e-01
   3.0511810e-01
   3.1496062e-01
   3.2742783e-01
   3.4120735e-01
   3.5104987e-01
   3.5498688e-01
   3.5236222e-01
   3.4317585e-01
   3.3136484e-01
   3.2086615e-01
   3.1561680e-01
   3.2020999e-01
   3.3530183e-01
   3.6023623e-01
   3.9173228e-01
   4.2650918e-01
   4.5734909e-01
   4.8031497e-01
   4.9146983e-01
   4.8884515e-01
   4.7309711e-01
   4.4488190e-01
   4.0944882e-01
   3.7139107e-01
   3.3595801e-01
   3.0839895e-01
   2.9199475e-01
   2.8937009e-01
   3.0052493e-01
   3.2086615e-01
   3.4580052e-01
   3.6942257e-01
   3.8648294e-01
   3.9173228e-01
   3.8713911e-01
   3.7139107e-01
   3.5039370e-01
   3.2808399e-01
   3.0971129e-01
   2.9855643e-01
   2.9658793e-01
   3.0577427e-01
   3.2217849e-01
   3.4514436e-01
   3.6942257e-01
   3.9304463e-01
   4.1010499e-01
   4.1797901e-01
   4.1666666e-01
   4.0551180e-01
   3.8779528e-01
   3.6548556e-01
   3.4383202e-01
   3.2545932e-01
   3.1496064e-01
   3.1299212e-01
   3.1824147e-01
   3.3070866e-01
   3.4776903e-01
   3.6876641e-01
   3.9238845e-01
   4.1797901e-01
   4.4422572e-01
   4.6916011e-01
   4.9212600e-01
   5.1049870e-01
   5.2362206e-01
   5.2887139e-01
   5.2821523e-01
   5.2099737e-01
   5.0853019e-01
   4.9343833e-01
   4.7900263e-01
   4.6456692e-01
   4.5209975e-01
   4.4356956e-01
   4.3832021e-01
   4.3832021e-01
   4.4160105e-01
   4.4750657e-01
   4.5472442e-01
   4.5997377e-01
   4.6194227e-01
   4.5931759e-01
   4.5341208e-01
   4.4356956e-01
   4.3438320e-01
   4.2782153e-01
   4.2519686e-01
   4.2913386e-01
   4.3766403e-01
   4.4816273e-01
   4.5997375e-01
   4.7112861e-01
   4.7900263e-01
   4.8425198e-01
   4.8753281e-01
   4.8884515e-01
   4.9015748e-01
   4.9146983e-01
   4.9278215e-01
   4.9540683e-01
   4.9868767e-01
   5.0328085e-01
   5.0721785e-01
   5.1246720e-01
   5.1574804e-01
   5.1574804e-01
   5.1181102e-01
   5.0196850e-01
   4.8753281e-01
   4.7047244e-01
   4.5209973e-01
   4.3700788e-01
   4.2519686e-01
   4.1929134e-01
   4.1994751e-01
   4.2585301e-01
   4.3700788e-01
   4.5144358e-01
   4.6850394e-01
   4.8818898e-01
   5.0853019e-01
   5.2887139e-01
   5.4593176e-01
   5.5774279e-01
   5.6299214e-01
   5.5971129e-01
   5.4855643e-01
   5.2952756e-01
   5.0524935e-01
   4.7965879e-01
   4.5406825e-01
   4.3372704e-01
   4.2060367e-01
   4.1666666e-01
   4.2388452e-01
   4.4028871e-01
   4.6522310e-01
   4.9343833e-01
   5.1968504e-01
   5.4068241e-01
   5.4921260e-01
   5.4396326e-01
   5.2559056e-01
   4.9671916e-01
   4.6128609e-01
   4.2585302e-01
   3.9566928e-01
   3.7532809e-01
   3.6614172e-01
   3.6876641e-01
   3.8188978e-01
   4.0223098e-01
   4.2650918e-01
   4.5144357e-01
   4.7440946e-01
   4.9343833e-01
   5.0459318e-01
   5.0721785e-01
   5.0196852e-01
   4.8884515e-01
   4.6916011e-01
   4.4750657e-01
   4.2388452e-01
   4.0223097e-01
   3.8320211e-01
   3.6745407e-01
   3.5564305e-01
   3.4711287e-01
   3.4251968e-01
   3.4120736e-01
   3.4448820e-01
   3.5236220e-01
   3.6286090e-01
   3.7532809e-01
   3.8845145e-01
   4.0026247e-01
   4.1010499e-01
   4.1863517e-01
   4.2650919e-01
   4.3635171e-01
   4.4750655e-01
   4.6194227e-01
   4.7900263e-01
   4.9606300e-01
   5.1049869e-01
   5.2230971e-01
   5.2755906e-01
   5.2690289e-01
   5.1968504e-01
   5.0656167e-01
   4.9015748e-01
   4.7244096e-01
   4.5406825e-01
   4.3897638e-01
   4.2782153e-01
   4.2257217e-01
   4.2322836e-01
   4.2913386e-01
   4.3700788e-01
   4.4488190e-01
   4.4816273e-01
   4.4488190e-01
   4.3241471e-01
   4.1010499e-01
   3.7992126e-01
   3.4383203e-01
   3.0577428e-01
   2.6771652e-01
   2.3359580e-01
   2.0603675e-01
   1.8700788e-01
   1.7782153e-01
   1.8044619e-01
   1.9422573e-01
   2.1587927e-01
   2.4278216e-01
   2.6902887e-01
   2.9002625e-01
   3.0183727e-01
   3.0183727e-01
   2.9002625e-01
   2.6968504e-01
   2.4278216e-01
   2.1522310e-01
   1.9094488e-01
   1.7322834e-01
   1.6535432e-01
   1.6863517e-01
   1.8175853e-01
   2.0406824e-01
   2.3293963e-01
   2.6574804e-01
   2.9855643e-01
   3.2742783e-01
   3.4842520e-01
   3.6023622e-01
   3.6089239e-01
   3.5170605e-01
   3.3595801e-01
   3.1430447e-01
   2.9133858e-01
   2.6902887e-01
   2.5065617e-01
   2.3753281e-01
   2.3031496e-01
   2.3031497e-01
   2.4015748e-01
   2.5787402e-01
   2.8280841e-01
   3.1430447e-01
   3.4776903e-01
   3.7926509e-01
   4.0616798e-01
   4.2519686e-01
   4.3503936e-01
   4.3635170e-01
   4.3044621e-01
   4.1929134e-01
   4.0485565e-01
   3.8976378e-01
   3.7335959e-01
   3.5892389e-01
   3.4448820e-01
   3.3267718e-01
   3.2152231e-01
   3.1299212e-01
   3.0774279e-01
   3.0446195e-01
   3.0446195e-01
   3.0643045e-01
   3.1233597e-01
   3.2086614e-01
   3.3070867e-01
   3.4120735e-01
   3.4973753e-01
   3.5301838e-01
   3.4908137e-01
   3.3595801e-01
   3.1299212e-01
   2.8346456e-01
   2.5196852e-01
   2.2309712e-01
   2.0275592e-01
   1.9422572e-01
   1.9947507e-01
   2.1784777e-01
   2.4737533e-01
   2.8346458e-01
   3.2217847e-01
   3.6023622e-01
   3.9501313e-01
   4.2388451e-01
   4.4685040e-01
   4.6194225e-01
   4.7047244e-01
   4.7244096e-01
   4.6719161e-01
   4.5734909e-01
   4.4356956e-01
   4.2716536e-01
   4.1141732e-01
   3.9501312e-01
   3.8057743e-01
   3.7007874e-01
   3.6286089e-01
   3.6089240e-01
   3.6482939e-01
   3.7401574e-01
   3.8713911e-01
   4.0223097e-01
   4.1535432e-01
   4.2454068e-01
   4.2519686e-01
   4.1732284e-01
   4.0091863e-01
   3.7729659e-01
   3.5104987e-01
   3.2611549e-01
   3.0643045e-01
   2.9330708e-01
   2.9002625e-01
   2.9658793e-01
   3.1167979e-01
   3.3267716e-01
   3.5761155e-01
   3.8123359e-01
   3.9895013e-01
   4.0813649e-01
   4.0616798e-01
   3.9304462e-01
   3.7073492e-01
   3.4383203e-01
   3.1692914e-01
   2.9593176e-01
   2.8412073e-01
   2.8280839e-01
   2.9133860e-01
   3.0708662e-01
   3.2742783e-01
   3.4711287e-01
   3.6417324e-01
   3.7729658e-01
   3.8582678e-01
   3.9041995e-01
   3.9238845e-01
   3.9238845e-01
   3.9107613e-01
   3.9107611e-01
   3.9041995e-01
   3.9173228e-01
   3.9173230e-01
   3.9107613e-01
   3.8779528e-01
   3.7992126e-01
   3.6811024e-01
   3.5170605e-01
   3.3464568e-01
   3.1824147e-01
   3.0511812e-01
   2.9855643e-01
   2.9921260e-01
   3.0643045e-01
   3.1955381e-01
   3.3464568e-01
   3.5039371e-01
   3.6548557e-01
   3.7926509e-01
   3.9304463e-01
   4.0616798e-01
   4.2060367e-01
   4.3569554e-01
   4.4881890e-01
   4.5931759e-01
   4.6456694e-01
   4.6325460e-01
   4.5472440e-01
   4.3897638e-01
   4.1929134e-01
   3.9501312e-01
   3.7073491e-01
   3.4842520e-01
   3.3005249e-01
   3.1889764e-01
   3.1561680e-01
   3.2086615e-01
   3.3267716e-01
   3.4842520e-01
   3.6417324e-01
   3.7467192e-01
   3.7860893e-01
   3.7270342e-01
   3.5826772e-01
   3.3661416e-01
   3.1167979e-01
   2.8805775e-01
   2.6902887e-01
   2.5787402e-01
   2.5459318e-01
   2.6115485e-01
   2.7624672e-01
   2.9658793e-01
   3.1824147e-01
   3.3923885e-01
   3.5629922e-01
   3.6417322e-01
   3.6220474e-01
   3.4973753e-01
   3.2742783e-01
   2.9790027e-01
   2.6509187e-01
   2.3097113e-01
   2.0013125e-01
   1.7257219e-01
   1.5157480e-01
   1.3582678e-01
   1.2532809e-01
   1.2204724e-01
   1.2532809e-01
   1.3582678e-01
   1.5157482e-01
   1.7322834e-01
   1.9750657e-01
   2.2178477e-01
   2.4278215e-01
   2.5984252e-01
   2.7296588e-01
   2.8215223e-01
   2.9002625e-01
   2.9855643e-01
   3.0905512e-01
   3.2086614e-01
   3.3530184e-01
   3.4973753e-01
   3.6220472e-01
   3.7270342e-01
   3.8057743e-01
   3.8648293e-01
   3.8976378e-01
   3.9041995e-01
   3.9107613e-01
   3.9304463e-01
   3.9566928e-01
   4.0288715e-01
   4.1338584e-01
   4.2913386e-01
   4.4816273e-01
   4.6916012e-01
   4.8818898e-01
   5.0262467e-01
   5.0918635e-01
   5.0656168e-01
   4.9540682e-01
   4.7834646e-01
   4.5931759e-01
   4.4225721e-01
   4.3175854e-01
   4.2979003e-01
   4.3897638e-01
   4.5800525e-01
   4.8490813e-01
   5.1640420e-01
   5.4855643e-01
   5.7611549e-01
   5.9645670e-01
   6.0564305e-01
   6.0170603e-01
   5.8530184e-01
   5.5905512e-01
   5.2624672e-01
   4.9015748e-01
   4.5603675e-01
   4.2585302e-01
   4.0288715e-01
   3.8582676e-01
   3.7532809e-01
   3.6942257e-01
   3.6876641e-01
   3.7073491e-01
   3.7532809e-01
   3.8057743e-01
   3.8517061e-01
   3.8845145e-01
   3.8779528e-01
   3.8123359e-01
   3.7007874e-01
   3.5236222e-01
   3.3267716e-01
   3.1167980e-01
   2.9068241e-01
   2.7099739e-01
   2.5328084e-01
   2.3753281e-01
   2.2375329e-01
   2.1259842e-01
   2.0341207e-01
   1.9685040e-01
   1.9488190e-01
   1.9685040e-01
   2.0275590e-01
   2.1062993e-01
   2.1916011e-01
   2.2900263e-01
   2.3818898e-01
   2.4606300e-01
   2.5328085e-01
   2.5853019e-01
   2.6246719e-01
   2.6443570e-01
   2.6443569e-01
   2.6312337e-01
   2.5918635e-01
   2.5656168e-01
   2.5459318e-01
   2.5590552e-01
   2.6181104e-01
   2.7099739e-01
   2.8412073e-01
   2.9986877e-01
   3.1889764e-01
   3.3792651e-01
   3.5761155e-01
   3.7729659e-01
   3.9370078e-01
   4.0419948e-01
   4.0813649e-01
   4.0288713e-01
   3.8648294e-01
   3.6089239e-01
   3.2874016e-01
   2.9461943e-01
   2.6181102e-01
   2.3556431e-01
   2.1916011e-01
   2.1391076e-01
   2.2047244e-01
   2.3556431e-01
   2.5787402e-01
   2.8477691e-01
   3.1364829e-01
   3.4186351e-01
   3.6679790e-01
   3.8713911e-01
   4.0091865e-01
   4.0748032e-01
   4.0682414e-01
   4.0091863e-01
   3.8910761e-01
   3.7532808e-01
   3.5892389e-01
   3.4186353e-01
   3.2677164e-01
   3.1430447e-01
   3.0643045e-01
   3.0380577e-01
   3.0905512e-01
   3.2086614e-01
   3.3858268e-01
   3.6023622e-01
   3.8057743e-01
   3.9632545e-01
   4.0419948e-01
   4.0354330e-01
   3.9566930e-01
   3.8254594e-01
   3.7007874e-01
   3.6089239e-01
   3.5892389e-01
   3.6482940e-01
   3.7729659e-01
   3.9501313e-01
   4.1404200e-01
   4.3241469e-01
   4.4816273e-01
   4.6062992e-01
   4.6916011e-01
   4.7506561e-01
   4.7900263e-01
   4.8293964e-01
   4.8753281e-01
   4.9343833e-01
   5.0000000e-01
   5.0656168e-01
   5.1246719e-01
   5.1443570e-01
   5.1312336e-01
   5.0656168e-01
   4.9606300e-01
   4.8293963e-01
   4.6850394e-01
   4.5472442e-01
   4.4422572e-01
   4.3503938e-01
   4.2782153e-01
   4.2191601e-01
   4.1469817e-01
   4.0748032e-01
   4.0091863e-01
   3.9632546e-01
   3.9566930e-01
   4.0223097e-01
   4.1338584e-01
   4.3044619e-01
   4.5013123e-01
   4.6850394e-01
   4.8228346e-01
   4.9015748e-01
   4.8950131e-01
   4.8097113e-01
   4.6587927e-01
   4.4422572e-01
   4.2060369e-01
   3.9566928e-01
   3.7467191e-01
   3.6023622e-01
   3.5498688e-01
   3.6023622e-01
   3.7664042e-01
   4.0026247e-01
   4.2913386e-01
   4.5734907e-01
   4.8031496e-01
   4.9475066e-01
   4.9737533e-01
   4.9015749e-01
   4.7178477e-01
   4.4750655e-01
   4.2125984e-01
   3.9501313e-01
   3.7467192e-01
   3.6154855e-01
   3.5958005e-01
   3.6942257e-01
   3.9041995e-01
   4.2060367e-01
   4.5669292e-01
   4.9278216e-01
   5.2296588e-01
   5.4461943e-01
   5.5314960e-01
   5.4855643e-01
   5.3149608e-01
   5.0656168e-01
   4.7703411e-01
   4.4881890e-01
   4.2322836e-01
   4.0616798e-01
   3.9763780e-01
   3.9829397e-01
   4.0813649e-01
   4.2585302e-01
   4.4881890e-01
   4.7440946e-01
   5.0000000e-01
   5.2034122e-01
   5.3543308e-01
   5.4199475e-01
   5.4133858e-01
   5.3543308e-01
   5.2624672e-01
   5.1574802e-01
   5.0656168e-01
   5.0131233e-01
   4.9934383e-01
   5.0131233e-01
   5.0721785e-01
   5.1574804e-01
   5.2624671e-01
   5.3674541e-01
   5.4658793e-01
   5.5249343e-01
   5.5577428e-01
   5.5511812e-01
   5.5249345e-01
   5.4986878e-01
   5.4986877e-01
   5.5511812e-01
   5.6496064e-01
   5.8005249e-01
   5.9776903e-01
   6.1417322e-01
   6.2729658e-01
   6.3385828e-01
   6.3385828e-01
   6.2926509e-01
   6.2270341e-01
   6.1614174e-01
   6.1351706e-01
   6.1679790e-01
   6.2729659e-01
   6.4501312e-01
   6.6797901e-01
   6.9291338e-01
   7.1850394e-01
   7.4015748e-01
   7.5459317e-01
   7.5853019e-01
   7.4934383e-01
   7.2703411e-01
   6.9553806e-01
   6.5551180e-01
   6.1548557e-01
   5.7808399e-01
   5.4855645e-01
   5.3018373e-01
   5.2362204e-01
   5.2755906e-01
   5.4068241e-01
   5.5971130e-01
   5.8398950e-01
   6.1023623e-01
