   7.0891087e-01
   5.7821782e-01
   4.4554452e-01
   3.2673268e-01
   2.4158416e-01
   1.9801978e-01
   1.9207919e-01
   2.1980197e-01
   2.6930694e-01
   3.2871288e-01
   3.9009897e-01
   4.4752476e-01
   4.9504949e-01
   5.3465348e-01
   5.6633665e-01
   5.8811884e-01
   5.9999997e-01
   5.9999997e-01
   5.9207918e-01
   5.7227723e-01
   5.4257426e-01
   5.0099008e-01
   4.5544554e-01
   4.0396042e-01
   3.5247526e-01
   3.0495049e-01
   2.5742572e-01
   2.1584154e-01
   1.8415841e-01
   1.5841583e-01
   1.4257423e-01
   1.3663364e-01
   1.4059403e-01
   1.5247525e-01
   1.7227724e-01
   2.0198017e-01
   2.3960392e-01
   2.8118811e-01
   3.2475244e-01
   3.6435639e-01
   3.9999999e-01
   4.2574257e-01
   4.3762374e-01
   4.4158413e-01
   4.3366335e-01
   4.2376238e-01
   4.1188121e-01
   4.0396042e-01
   4.0396038e-01
   4.1386136e-01
   4.2970296e-01
   4.5148511e-01
   4.7326730e-01
   4.9108910e-01
   5.0495047e-01
   5.0891086e-01
   5.0297031e-01
   4.8712871e-01
   4.6336632e-01
   4.3366335e-01
   4.0198019e-01
   3.6633663e-01
   3.4059405e-01
   3.1683166e-01
   3.0297030e-01
   2.9504947e-01
   2.9702971e-01
   3.0297030e-01
   3.1683166e-01
   3.3267327e-01
   3.5049503e-01
   3.7029706e-01
   3.9207921e-01
   4.1386136e-01
   4.3168316e-01
   4.4950496e-01
   4.6534652e-01
   4.7524750e-01
   4.8118812e-01
   4.8514851e-01
   4.8712871e-01
   4.9108910e-01
   4.9306930e-01
   4.9504949e-01
   4.9900988e-01
   5.0099008e-01
   5.0297031e-01
   5.0099008e-01
   4.9702969e-01
   4.9306930e-01
   4.8712871e-01
   4.8118812e-01
   4.7524754e-01
   4.6732671e-01
   4.6138613e-01
   4.5346535e-01
   4.4752476e-01
   4.3960394e-01
   4.3168316e-01
   4.2178218e-01
   4.1386140e-01
   4.0198019e-01
   3.8613858e-01
   3.7029702e-01
   3.4851483e-01
   3.2871283e-01
   3.0495049e-01
   2.8118811e-01
   2.5742572e-01
   2.3564353e-01
   2.1782177e-01
   2.0198017e-01
   1.9603963e-01
   1.9603958e-01
   2.0594056e-01
   2.1980197e-01
   2.4356435e-01
   2.6732674e-01
   2.9108908e-01
   3.1287127e-01
   3.2673264e-01
   3.4059405e-01
   3.4455444e-01
   3.4851487e-01
   3.5049503e-01
   3.5445542e-01
   3.6039604e-01
   3.7029706e-01
   3.8019800e-01
   3.9207921e-01
   4.0396042e-01
   4.1782175e-01
   4.3168316e-01
   4.4752476e-01
   4.6534652e-01
   4.8316832e-01
   4.9702969e-01
   5.0891086e-01
   5.1287129e-01
   5.1089110e-01
   5.0297027e-01
   4.8514851e-01
   4.5940593e-01
   4.3168316e-01
   3.9801980e-01
   3.6831683e-01
   3.4653463e-01
   3.3267327e-01
   3.3267327e-01
   3.5049507e-01
   3.8217819e-01
   4.2772277e-01
   4.8514851e-01
   5.4455446e-01
   6.0594059e-01
   6.6336634e-01
   7.1287126e-01
   7.5247525e-01
   7.8217823e-01
   8.0198018e-01
   8.1584154e-01
   8.1980198e-01
   8.1782178e-01
   8.1386139e-01
   8.0396042e-01
   7.9207920e-01
   7.7821784e-01
   7.6237623e-01
   7.4455447e-01
   7.2673267e-01
   7.0297029e-01
   6.7920790e-01
   6.5742571e-01
   6.3564357e-01
   6.1584157e-01
   6.0198020e-01
   5.8811879e-01
   5.8019801e-01
   5.7029699e-01
   5.6039606e-01
   5.4653465e-01
   5.3069309e-01
   5.0891086e-01
   4.8712871e-01
   4.6336637e-01
   4.4158413e-01
   4.2178218e-01
   4.0396042e-01
   3.9207917e-01
   3.8415843e-01
   3.8415843e-01
   3.8811882e-01
   3.9603960e-01
   4.0396038e-01
   4.1386140e-01
   4.1980199e-01
   4.2574257e-01
   4.2970296e-01
   4.2970296e-01
   4.3366335e-01
   4.4158418e-01
   4.5544554e-01
   4.8118812e-01
   5.1485149e-01
   5.5643563e-01
   6.0594059e-01
   6.5544552e-01
   7.0099009e-01
   7.4455443e-01
   7.8019803e-01
   8.0396037e-01
   8.1980198e-01
   8.2376237e-01
   8.2178217e-01
   8.1386139e-01
   8.0990100e-01
   8.0990100e-01
   8.1386139e-01
   8.2574256e-01
   8.3960393e-01
   8.5742573e-01
   8.6930690e-01
   8.6930690e-01
   8.5940593e-01
   8.3168315e-01
   7.8811881e-01
   7.3069306e-01
   6.6732673e-01
   6.0198016e-01
   5.4059407e-01
   4.9108910e-01
   4.5742574e-01
   4.4356437e-01
   4.4752472e-01
   4.6534652e-01
   4.9702969e-01
   5.3465344e-01
   5.7425743e-01
   6.1188118e-01
   6.3762376e-01
   6.5346532e-01
   6.5940591e-01
   6.5544552e-01
   6.4554454e-01
   6.2970298e-01
   6.1188118e-01
   5.9603958e-01
   5.7821778e-01
   5.6633665e-01
   5.5445543e-01
   5.5049504e-01
   5.5049504e-01
   5.5841582e-01
   5.6633665e-01
   5.7821782e-01
   5.8613860e-01
   5.9207918e-01
   5.9009899e-01
   5.8415840e-01
   5.7227723e-01
   5.5841582e-01
   5.3861387e-01
   5.1683168e-01
   4.8910890e-01
   4.5742574e-01
   4.2376238e-01
   3.7821780e-01
   3.3069307e-01
   2.7722772e-01
   2.1782177e-01
   1.6435642e-01
   1.1287126e-01
   7.3267309e-02
   4.3564338e-02
   2.9702971e-02
   3.1683166e-02
   4.5544533e-02
   7.3267309e-02
   1.0891087e-01
   1.4653466e-01
   1.8019802e-01
   2.0594060e-01
   2.2376236e-01
   2.2772275e-01
   2.2574255e-01
   2.1782177e-01
   2.0792075e-01
   1.9999997e-01
   1.9801978e-01
   2.0396041e-01
   2.1386138e-01
   2.3168318e-01
   2.5544553e-01
   2.7920791e-01
   3.0495049e-01
   3.2871288e-01
   3.4653463e-01
   3.5841585e-01
   3.6237624e-01
   3.5841585e-01
   3.4653463e-01
   3.2871288e-01
   3.0495049e-01
   2.7722772e-01
   2.4752475e-01
   2.1386138e-01
   1.8415837e-01
   1.5445544e-01
   1.3267325e-01
   1.1485145e-01
   1.0297028e-01
   1.0495048e-01
   1.1287126e-01
   1.2871286e-01
   1.4653462e-01
   1.6633666e-01
   1.8217822e-01
   1.9009900e-01
   1.9405939e-01
   1.9009900e-01
   1.8415841e-01
   1.7821778e-01
   1.7623759e-01
   1.8217822e-01
   1.9405939e-01
   2.1782173e-01
   2.4554455e-01
   2.8316830e-01
   3.2277225e-01
   3.6237624e-01
   3.9801980e-01
   4.2574257e-01
   4.4158413e-01
   4.4554452e-01
   4.3762379e-01
   4.1980199e-01
   3.9009902e-01
   3.5643561e-01
   3.2079210e-01
   2.8514850e-01
   2.4950494e-01
   2.1980197e-01
   1.9405939e-01
   1.7425744e-01
   1.5841583e-01
   1.4257427e-01
   1.3069306e-01
   1.1683165e-01
   1.0099008e-01
   8.1188089e-02
   6.1386138e-02
   3.7623752e-02
   1.7821800e-02
   5.9405856e-03
   0.0000000e+00
   9.9009760e-03
   3.1683166e-02
   6.9306918e-02
   1.1683165e-01
   1.7227720e-01
   2.2772275e-01
   2.8514850e-01
   3.3267323e-01
   3.7029702e-01
   3.9801980e-01
   4.1584160e-01
   4.2178218e-01
   4.2376238e-01
   4.1980194e-01
   4.1980199e-01
   4.2376238e-01
   4.3960398e-01
   4.5940593e-01
   4.9108910e-01
   5.2673270e-01
   5.6237626e-01
   5.9405938e-01
   6.2178216e-01
   6.4158415e-01
   6.5346532e-01
   6.5742571e-01
   6.5346537e-01
   6.4554458e-01
   6.3168317e-01
   6.1386138e-01
   5.9405942e-01
   5.7227723e-01
   5.5247524e-01
   5.3069305e-01
   5.1089105e-01
   4.9306930e-01
   4.7722769e-01
   4.6336632e-01
   4.4950496e-01
   4.3960394e-01
   4.3168316e-01
   4.2772277e-01
   4.3168316e-01
   4.3960398e-01
   4.5544554e-01
   4.8118808e-01
   5.1089110e-01
   5.4851485e-01
   5.9405942e-01
   6.4356435e-01
   6.9702970e-01
   7.5247521e-01
   8.0396037e-01
   8.4752475e-01
   8.7920792e-01
   8.9702968e-01
   8.9702968e-01
   8.8118812e-01
   8.5148514e-01
   8.1386139e-01
   7.7227721e-01
   7.3069306e-01
   6.9504951e-01
   6.6930693e-01
   6.5346532e-01
   6.4950493e-01
   6.5544552e-01
   6.7128712e-01
   6.8910888e-01
   7.0495053e-01
   7.1683170e-01
   7.2277224e-01
   7.1485150e-01
   6.9504951e-01
   6.6534654e-01
   6.2970294e-01
   5.9405942e-01
   5.6237626e-01
   5.3861387e-01
   5.2277227e-01
   5.1881188e-01
   5.2673270e-01
   5.4455446e-01
   5.6633660e-01
   5.9207918e-01
   6.1782177e-01
   6.3960396e-01
   6.5544552e-01
   6.6534654e-01
   6.6732673e-01
   6.6336634e-01
   6.5544556e-01
   6.4356435e-01
   6.3168317e-01
   6.2178216e-01
   6.1386138e-01
   6.0198020e-01
   5.9405942e-01
   5.8415840e-01
   5.7425738e-01
   5.6435641e-01
   5.5643563e-01
   5.4653465e-01
   5.4059402e-01
   5.3663368e-01
   5.3465344e-01
   5.3465344e-01
   5.3267329e-01
   5.3069305e-01
   5.2673266e-01
   5.2673270e-01
   5.2475246e-01
   5.2277227e-01
   5.2277227e-01
   5.2277227e-01
   5.2475246e-01
   5.2277227e-01
   5.2475246e-01
   5.2871290e-01
   5.3267329e-01
   5.4059407e-01
   5.4653465e-01
   5.5247524e-01
   5.5841582e-01
   5.6237621e-01
   5.6237626e-01
   5.6237621e-01
   5.5841582e-01
   5.5049504e-01
   5.4257426e-01
   5.3267329e-01
   5.2277227e-01
   5.1485149e-01
   5.0891090e-01
   5.0495047e-01
   5.1089105e-01
   5.1485149e-01
   5.2277227e-01
   5.3069305e-01
   5.3069305e-01
   5.2079207e-01
   5.0099008e-01
   4.7326730e-01
   4.3762374e-01
   3.9801980e-01
   3.5841585e-01
   3.2277225e-01
   2.9504947e-01
   2.7920791e-01
   2.7128713e-01
   2.7326728e-01
   2.8712874e-01
   3.0693069e-01
   3.3069303e-01
   3.5841585e-01
   3.8217819e-01
   3.9999999e-01
   4.1188116e-01
   4.1188116e-01
   4.0594058e-01
   3.9405941e-01
   3.7821784e-01
   3.6435643e-01
   3.5247522e-01
   3.4653463e-01
   3.4653468e-01
   3.5247526e-01
   3.6831683e-01
   3.8811882e-01
   4.1188121e-01
   4.4158413e-01
   4.7326730e-01
   5.0297031e-01
   5.3663363e-01
   5.6633665e-01
   5.9603958e-01
   6.2376239e-01
   6.4950497e-01
   6.7524751e-01
   6.9900985e-01
   7.2079209e-01
   7.4059408e-01
   7.5643565e-01
   7.6435643e-01
   7.6435643e-01
   7.5643565e-01
   7.4059408e-01
   7.1683170e-01
   6.8910888e-01
   6.6138615e-01
   6.3168317e-01
   6.0396040e-01
   5.8415840e-01
   5.7029704e-01
   5.6237621e-01
   5.5841582e-01
   5.6039602e-01
   5.5643563e-01
   5.4851485e-01
   5.3267324e-01
   5.0297031e-01
   4.6732676e-01
   4.2178218e-01
   3.7425741e-01
   3.3465342e-01
   3.0495045e-01
   2.8910893e-01
   2.9306928e-01
   3.1287127e-01
   3.4653463e-01
   3.8613858e-01
   4.3366335e-01
   4.7326734e-01
   5.0891090e-01
   5.3069309e-01
   5.4059407e-01
   5.4059402e-01
   5.2871285e-01
   5.1287129e-01
   4.9504953e-01
   4.7920793e-01
   4.6732671e-01
   4.6336632e-01
   4.6138613e-01
   4.6336632e-01
   4.6534652e-01
   4.6336632e-01
   4.6336632e-01
   4.5940593e-01
   4.5544554e-01
   4.5544554e-01
   4.5544554e-01
   4.5742574e-01
   4.6138613e-01
   4.6534652e-01
   4.6534652e-01
   4.6336632e-01
   4.5742574e-01
   4.5148511e-01
   4.4356433e-01
   4.3960394e-01
   4.3762374e-01
   4.4554457e-01
   4.5940593e-01
   4.8316832e-01
   5.1287125e-01
   5.4851485e-01
   5.8415840e-01
   6.1584157e-01
   6.3960396e-01
   6.4950493e-01
   6.3960396e-01
   6.1188118e-01
   5.6633665e-01
   5.0297027e-01
   4.3168316e-01
   3.6039604e-01
   2.9306928e-01
   2.3564353e-01
   1.9603963e-01
   1.7821783e-01
   1.8019798e-01
   1.9801982e-01
   2.3564357e-01
   2.8118811e-01
   3.3267327e-01
   3.7821780e-01
   4.1386140e-01
   4.3762379e-01
   4.4356437e-01
   4.3168316e-01
   4.0594058e-01
   3.7227722e-01
   3.3465346e-01
   3.0297030e-01
   2.7722772e-01
   2.6732674e-01
   2.7524752e-01
   2.9900986e-01
   3.3465342e-01
   3.8613862e-01
   4.4158418e-01
   4.9702969e-01
   5.4455446e-01
   5.8217821e-01
   6.0396040e-01
   6.0792079e-01
   5.9999997e-01
   5.8613860e-01
   5.7029704e-01
   5.6039606e-01
   5.5841582e-01
   5.6831680e-01
   5.9207918e-01
   6.2574259e-01
   6.6138615e-01
   6.9900990e-01
   7.3267326e-01
   7.6039604e-01
   7.7821784e-01
   7.9009901e-01
   7.9207920e-01
   7.8811881e-01
   7.8217823e-01
   7.7425740e-01
   7.7029705e-01
   7.6633662e-01
   7.6831682e-01
   7.7029705e-01
   7.7425745e-01
   7.7821784e-01
   7.8019803e-01
   7.8217823e-01
   7.8217823e-01
   7.8613862e-01
   7.9405940e-01
   8.0792081e-01
   8.2376241e-01
   8.4752475e-01
   8.7326729e-01
   9.0099011e-01
   9.2673265e-01
   9.5049503e-01
   9.7029703e-01
   9.8613863e-01
   9.9603961e-01
   1.0000000e+00
   1.0000000e+00
   9.9207918e-01
   9.7623761e-01
   9.5643566e-01
   9.3069308e-01
   9.0099011e-01
   8.6534651e-01
   8.2970295e-01
   7.9207920e-01
   7.5643565e-01
   7.2673267e-01
   7.0495053e-01
   6.9108912e-01
   6.8910892e-01
   7.0099009e-01
   7.2079209e-01
   7.4653467e-01
   7.7227725e-01
   7.9405940e-01
   8.0792081e-01
   8.1188120e-01
   8.0198018e-01
   7.8019799e-01
   7.5049506e-01
   7.1485146e-01
   6.7722771e-01
   6.3762376e-01
   6.0396040e-01
   5.7029704e-01
   5.4455446e-01
   5.2475246e-01
   5.1089110e-01
   5.0495051e-01
   5.0297031e-01
   5.0693070e-01
   5.1287129e-01
   5.1881188e-01
   5.2673266e-01
   5.3465344e-01
   5.4257426e-01
   5.4851485e-01
   5.5247524e-01
   5.5445543e-01
   5.5247524e-01
   5.4653465e-01
   5.3663368e-01
   5.2475246e-01
   5.1089110e-01
   4.9504949e-01
   4.8118812e-01
   4.6534652e-01
   4.4752476e-01
   4.2772277e-01
   4.0792077e-01
   3.8811882e-01
   3.7029702e-01
   3.5445542e-01
   3.4653463e-01
   3.4455444e-01
   3.4653463e-01
   3.5643561e-01
   3.7227722e-01
   3.9009902e-01
   4.0594058e-01
   4.2178218e-01
   4.3564355e-01
   4.4356433e-01
   4.4752476e-01
   4.4554457e-01
   4.3960394e-01
   4.2970296e-01
   4.2178218e-01
   4.1188116e-01
   4.0594058e-01
   4.0594058e-01
   4.1386140e-01
   4.2772277e-01
   4.4554457e-01
   4.6732676e-01
   4.8514851e-01
   5.0099008e-01
   5.1089110e-01
   5.1485149e-01
   5.1089110e-01
   5.0099008e-01
   4.8118812e-01
   4.5544554e-01
   4.2772277e-01
   3.9999999e-01
   3.7623765e-01
   3.5841581e-01
   3.5247522e-01
   3.5643561e-01
   3.6633663e-01
   3.8415843e-01
   4.0594058e-01
   4.2772277e-01
   4.4554457e-01
   4.5940593e-01
   4.7128715e-01
   4.7722769e-01
   4.7920793e-01
   4.7722773e-01
   4.7524750e-01
   4.7326734e-01
   4.7128710e-01
   4.6930691e-01
   4.7128715e-01
   4.6930691e-01
   4.6534652e-01
   4.5742574e-01
   4.4554457e-01
   4.2772277e-01
   4.0396038e-01
   3.8217819e-01
   3.6039604e-01
   3.4059405e-01
   3.3267323e-01
   3.3069307e-01
   3.4059405e-01
   3.5445542e-01
   3.7227722e-01
   3.9405941e-01
   4.1188121e-01
   4.2772277e-01
   4.3960398e-01
   4.4356437e-01
   4.4158413e-01
   4.3168316e-01
   4.1782179e-01
   3.9999999e-01
   3.8415839e-01
   3.7029702e-01
   3.6633663e-01
   3.7227722e-01
   3.8613862e-01
   4.1386136e-01
   4.4554452e-01
   4.7920793e-01
   5.0693070e-01
   5.2871290e-01
   5.3861383e-01
   5.3465344e-01
   5.1683168e-01
   4.8910890e-01
   4.5346535e-01
   4.1782179e-01
   3.8613862e-01
   3.6633663e-01
   3.5643561e-01
   3.6039604e-01
   3.7821784e-01
   4.0198019e-01
   4.3168316e-01
   4.5544554e-01
   4.7326730e-01
   4.8316832e-01
   4.8316828e-01
   4.7722769e-01
   4.6732676e-01
   4.5940593e-01
   4.5346535e-01
   4.5742574e-01
   4.6534652e-01
   4.7722773e-01
   4.9108910e-01
   5.0495051e-01
   5.1089110e-01
   5.1089105e-01
   5.0099008e-01
   4.8316832e-01
   4.5346535e-01
   4.1782179e-01
   3.8217819e-01
   3.4851483e-01
   3.1881186e-01
   2.9900991e-01
   2.8514850e-01
   2.7920791e-01
   2.7524752e-01
   2.7326733e-01
   2.6534655e-01
   2.5346533e-01
   2.3366334e-01
   2.0990095e-01
   1.8217822e-01
   1.5247520e-01
   1.2277223e-01
   9.7029694e-02
   7.3267309e-02
   5.7425747e-02
   4.5544533e-02
   4.1584186e-02
   4.5544533e-02
   5.3465313e-02
   6.9306918e-02
   8.9108870e-02
   1.1485145e-01
   1.3861384e-01
   1.6237622e-01
   1.8811880e-01
   2.0990099e-01
   2.2970295e-01
   2.4158416e-01
   2.5148514e-01
   2.5148514e-01
   2.4752475e-01
   2.3564353e-01
   2.1980197e-01
   2.0198017e-01
   1.8415841e-01
   1.6633661e-01
   1.5049505e-01
   1.4059407e-01
   1.3267325e-01
   1.3465345e-01
   1.3861384e-01
   1.5247525e-01
   1.7227724e-01
   2.0198021e-01
   2.3762373e-01
   2.7722772e-01
   3.1881186e-01
   3.5841585e-01
   3.9207921e-01
   4.1980199e-01
   4.3960394e-01
   4.5148515e-01
   4.5346530e-01
   4.5148515e-01
   4.4356437e-01
   4.2970296e-01
   4.1188116e-01
   3.9405941e-01
   3.7425741e-01
   3.5841585e-01
   3.4851483e-01
   3.4257424e-01
   3.4455444e-01
   3.5445542e-01
   3.6831678e-01
   3.8415843e-01
   4.0198019e-01
   4.1782179e-01
   4.3168320e-01
   4.4158413e-01
   4.4752476e-01
   4.4554457e-01
   4.3762379e-01
   4.2574257e-01
   4.0792077e-01
   3.9207921e-01
   3.7227722e-01
   3.5841585e-01
   3.4455448e-01
   3.3267327e-01
   3.2079205e-01
   3.0891088e-01
   2.9504947e-01
   2.8118815e-01
   2.6336635e-01
   2.4752475e-01
   2.3168318e-01
   2.1980197e-01
   2.1188119e-01
   2.0594056e-01
   2.0198021e-01
   2.0198017e-01
   2.0594060e-01
   2.1188119e-01
   2.1782177e-01
   2.2376236e-01
   2.2970295e-01
   2.3564357e-01
   2.3960396e-01
   2.4356435e-01
   2.4356435e-01
   2.4752475e-01
   2.5346533e-01
   2.6138611e-01
   2.7326728e-01
   2.8514850e-01
   2.9306932e-01
   3.0099010e-01
   3.0297030e-01
   3.0099010e-01
   2.9504952e-01
   2.8712869e-01
   2.8514850e-01
   2.8316830e-01
   2.8910889e-01
   3.0297025e-01
   3.2277229e-01
   3.4851483e-01
   3.7425745e-01
   3.9801980e-01
   4.1980194e-01
   4.3168316e-01
   4.3564355e-01
   4.2574257e-01
   4.0792077e-01
   3.8613858e-01
   3.6237624e-01
   3.3861385e-01
   3.2277229e-01
   3.1287127e-01
   3.1089108e-01
   3.1485147e-01
   3.2475249e-01
   3.3267327e-01
   3.3861385e-01
   3.3861385e-01
   3.3465346e-01
   3.2277225e-01
   3.0693069e-01
   2.8712869e-01
   2.6732674e-01
   2.4950494e-01
   2.3366338e-01
   2.2574260e-01
   2.2376236e-01
   2.2970299e-01
   2.3960396e-01
   2.5742572e-01
   2.7722772e-01
   2.9702971e-01
   3.1683166e-01
   3.3861385e-01
   3.5643561e-01
   3.7821780e-01
   3.9801980e-01
   4.2178218e-01
   4.4158413e-01
   4.5742574e-01
   4.6930691e-01
   4.7326734e-01
   4.7128710e-01
   4.5940593e-01
   4.4752476e-01
   4.2970301e-01
   4.1584155e-01
   4.0198019e-01
   3.9207921e-01
   3.9009902e-01
   3.9009902e-01
   3.9801980e-01
   4.0792077e-01
   4.1980194e-01
   4.3168316e-01
   4.4356433e-01
   4.4752472e-01
   4.4950496e-01
   4.4752472e-01
   4.4158418e-01
   4.3366335e-01
   4.2574253e-01
   4.1980199e-01
   4.1782175e-01
   4.1980199e-01
   4.2376233e-01
   4.2970296e-01
   4.3564359e-01
   4.3960394e-01
   4.3960398e-01
   4.4158413e-01
   4.3762374e-01
   4.3366335e-01
   4.2574257e-01
   4.1782179e-01
   4.0792077e-01
   3.9999999e-01
   3.9009897e-01
   3.8811882e-01
   3.8415839e-01
   3.8415839e-01
   3.8415843e-01
   3.8415843e-01
   3.8019804e-01
   3.7425741e-01
   3.6633663e-01
   3.5841585e-01
   3.5049507e-01
   3.4455444e-01
   3.4653463e-01
   3.4851487e-01
   3.5445546e-01
   3.6237620e-01
   3.6831683e-01
   3.7227722e-01
   3.7227722e-01
   3.6831683e-01
   3.5841581e-01
   3.4257424e-01
   3.2079205e-01
   2.9900986e-01
   2.7524752e-01
   2.5544553e-01
   2.3960396e-01
   2.3168318e-01
   2.2574255e-01
   2.2970295e-01
   2.3366338e-01
   2.3960396e-01
   2.4752475e-01
   2.5148518e-01
   2.5742572e-01
   2.6138615e-01
   2.6930694e-01
   2.7524752e-01
   2.8316830e-01
   2.8910889e-01
   2.9504947e-01
   2.9306932e-01
   2.8712869e-01
   2.7722767e-01
   2.6336631e-01
   2.4752475e-01
   2.3366334e-01
   2.2178216e-01
   2.1188115e-01
   2.0594056e-01
   2.0792080e-01
   2.0990099e-01
   2.1584158e-01
   2.2574255e-01
   2.3564353e-01
   2.4554451e-01
   2.5544557e-01
   2.6534650e-01
   2.7722772e-01
   2.9306932e-01
   3.1287132e-01
   3.3861385e-01
   3.6831683e-01
   3.9999999e-01
   4.3168316e-01
   4.6138613e-01
   4.8712871e-01
   5.1089110e-01
   5.3267324e-01
   5.5247528e-01
   5.7425743e-01
   5.9603962e-01
   6.2178216e-01
   6.4554454e-01
   6.6138610e-01
   6.7128712e-01
   6.7128712e-01
   6.6138615e-01
   6.3762376e-01
   6.0990098e-01
   5.8019801e-01
   5.5247524e-01
   5.3267329e-01
   5.2871285e-01
   5.3861387e-01
   5.6633665e-01
   6.0594059e-01
   6.5742576e-01
   7.1089111e-01
   7.6237623e-01
   8.0396037e-01
   8.2970295e-01
   8.4158417e-01
   8.3366334e-01
   8.1584154e-01
   7.8811877e-01
   7.5643565e-01
   7.2673267e-01
   7.0099009e-01
   6.7920795e-01
   6.6732673e-01
   6.5940595e-01
   6.5940595e-01
   6.6138610e-01
   6.6732673e-01
   6.7524751e-01
   6.7920790e-01
   6.8316829e-01
   6.8316834e-01
   6.8316829e-01
   6.7722775e-01
   6.7524756e-01
   6.7128712e-01
   6.6930693e-01
   6.6732673e-01
   6.6930693e-01
   6.7128717e-01
   6.7128712e-01
   6.7128712e-01
   6.6930693e-01
   6.6534649e-01
   6.6138615e-01
   6.5346532e-01
   6.4950493e-01
   6.4356435e-01
   6.3960396e-01
   6.3168317e-01
   6.2178216e-01
   6.0990098e-01
   5.9603962e-01
   5.7821782e-01
   5.5643563e-01
   5.3069309e-01
   5.0495051e-01
   4.7524750e-01
   4.4554452e-01
   4.1782179e-01
   3.9405941e-01
   3.7425741e-01
   3.5841581e-01
   3.5049503e-01
   3.4257429e-01
   3.3861385e-01
   3.3465346e-01
   3.3267327e-01
   3.3267327e-01
   3.3465346e-01
   3.4059405e-01
   3.5445542e-01
   3.7227722e-01
   3.9405936e-01
   4.1980199e-01
   4.4356437e-01
   4.6732676e-01
   4.8712871e-01
   5.0099012e-01
   5.0693066e-01
   5.0495047e-01
   4.9504949e-01
   4.7920793e-01
   4.5742574e-01
   4.3366335e-01
   4.0990101e-01
   3.9009902e-01
   3.7425745e-01
   3.6435643e-01
   3.6237624e-01
   3.6435643e-01
   3.7227722e-01
   3.8415843e-01
   3.9801980e-01
   4.1782179e-01
   4.4158418e-01
   4.6732671e-01
   4.9900988e-01
   5.3267329e-01
   5.6633660e-01
   5.9801981e-01
   6.2772278e-01
   6.5148513e-01
   6.6732673e-01
   6.7524751e-01
   6.7326736e-01
   6.6336634e-01
   6.4752474e-01
   6.2772278e-01
   6.0792079e-01
   5.9009903e-01
   5.8217825e-01
   5.8217821e-01
   5.9405938e-01
   6.1584157e-01
   6.4356435e-01
   6.7326732e-01
   7.0099009e-01
   7.2079205e-01
   7.3465350e-01
   7.3663365e-01
   7.3069306e-01
   7.2079205e-01
   7.0495048e-01
   6.8712873e-01
   6.7524751e-01
   6.6336634e-01
   6.5346532e-01
   6.5148517e-01
   6.5544552e-01
   6.6138615e-01
   6.7128712e-01
   6.8118810e-01
   6.9108912e-01
   6.9504946e-01
   6.9702970e-01
   6.9702970e-01
   6.9504951e-01
   6.9306931e-01
   6.9306931e-01
   6.9108912e-01
   6.9306931e-01
   6.9504951e-01
   6.9900990e-01
   7.0297029e-01
   7.1089107e-01
   7.2079209e-01
   7.3069306e-01
   7.4653467e-01
   7.6633662e-01
   7.8613857e-01
   8.0396037e-01
   8.2178217e-01
   8.3762378e-01
   8.4950495e-01
   8.5148514e-01
   8.4950495e-01
   8.4158417e-01
   8.2376237e-01
   7.9999998e-01
   7.6633666e-01
   7.3267326e-01
   6.9504951e-01
   6.5940591e-01
   6.3168317e-01
   6.0792079e-01
   5.9207918e-01
   5.8811879e-01
   5.9207918e-01
   6.0198016e-01
   6.2178216e-01
   6.4158415e-01
   6.6534654e-01
   6.8910888e-01
   7.0891087e-01
   7.2277228e-01
   7.2871287e-01
   7.2871287e-01
   7.2079209e-01
   7.0891087e-01
   6.9108912e-01
   6.7722771e-01
   6.6732673e-01
   6.5940595e-01
   6.5742576e-01
   6.5940595e-01
   6.6336634e-01
   6.7128712e-01
   6.7920790e-01
   6.8514853e-01
   6.9108912e-01
   6.9306931e-01
   6.9108912e-01
   6.8514853e-01
   6.7128712e-01
   6.5346532e-01
   6.3168317e-01
   6.0594059e-01
   5.8019801e-01
   5.5049504e-01
   5.2277227e-01
   4.9504949e-01
   4.6732671e-01
   4.4554452e-01
   4.2376238e-01
   4.1188121e-01
   4.0594058e-01
   4.0792077e-01
   4.1584160e-01
   4.2970296e-01
   4.4554452e-01
   4.6138613e-01
   4.7920789e-01
   4.9504949e-01
   5.0495047e-01
   5.1485149e-01
   5.1881188e-01
   5.2079207e-01
   5.1683168e-01
   5.0891086e-01
   4.9504949e-01
   4.7524754e-01
   4.5346535e-01
   4.2772272e-01
   4.0396038e-01
   3.8217819e-01
   3.6237620e-01
   3.4653468e-01
   3.3663366e-01
   3.3267327e-01
   3.3465346e-01
   3.4257424e-01
   3.5445542e-01
   3.7227722e-01
   3.9207921e-01
   4.0990101e-01
   4.2772277e-01
   4.4158413e-01
   4.5346535e-01
   4.6336632e-01
   4.6930695e-01
   4.7524750e-01
   4.7920789e-01
   4.7920793e-01
   4.7722773e-01
   4.6930691e-01
   4.5742574e-01
   4.4158413e-01
   4.2376238e-01
   4.0594058e-01
   3.9405941e-01
   3.8613862e-01
   3.8415843e-01
   3.9603960e-01
   4.1188121e-01
   4.3762374e-01
   4.7128715e-01
   5.0693070e-01
   5.4653461e-01
   5.8019801e-01
   6.1386138e-01
   6.3564357e-01
   6.4950493e-01
   6.5148517e-01
   6.4158415e-01
   6.2376235e-01
   6.0000001e-01
   5.7227719e-01
   5.5049504e-01
   5.3069305e-01
   5.1683168e-01
   5.1287129e-01
   5.1881188e-01
   5.3267324e-01
   5.5445543e-01
   5.7623762e-01
   6.0396040e-01
   6.2376239e-01
   6.3564357e-01
   6.3564352e-01
   6.2574255e-01
   6.0198020e-01
   5.7227719e-01
   5.3861387e-01
   5.0693070e-01
   4.8316832e-01
   4.6732671e-01
   4.6336632e-01
   4.6732671e-01
   4.8118812e-01
   5.0297031e-01
   5.2871285e-01
   5.5445543e-01
   5.7425743e-01
   5.9009899e-01
   5.9801981e-01
   6.0198020e-01
   6.0198020e-01
   5.9999997e-01
   6.0198016e-01
   6.1188118e-01
   6.2772278e-01
   6.5148517e-01
   6.7920795e-01
   7.1089107e-01
   7.3663365e-01
   7.5445545e-01
   7.6039604e-01
   7.5247525e-01
   7.3069306e-01
   6.9504946e-01
   6.4950493e-01
   6.0198016e-01
   5.5049504e-01
   5.0693070e-01
   4.7128710e-01
   4.5148515e-01
   4.4356437e-01
   4.5346530e-01
   4.7722769e-01
   5.1089105e-01
   5.5247524e-01
   5.9405942e-01
   6.3168317e-01
   6.6336630e-01
   6.8514853e-01
   6.9504951e-01
   6.9504951e-01
   6.8316829e-01
   6.5940591e-01
   6.2574259e-01
   5.8613860e-01
   5.4653465e-01
   5.0495051e-01
   4.6534652e-01
   4.3366335e-01
   4.0792082e-01
   3.9207921e-01
   3.8019800e-01
   3.7425741e-01
   3.7821780e-01
   3.8217819e-01
   3.9207921e-01
   4.0594058e-01
   4.2376238e-01
   4.4554452e-01
   4.6534656e-01
   4.8514851e-01
   5.0099008e-01
   5.1089110e-01
   5.1287129e-01
   5.1287129e-01
   5.0297027e-01
   4.8910890e-01
   4.7326730e-01
   4.5346535e-01
   4.3366335e-01
   4.1584160e-01
   4.0396038e-01
   3.9207921e-01
   3.8811882e-01
   3.8613858e-01
   3.8811882e-01
   3.9009902e-01
   3.9207921e-01
   3.8811878e-01
   3.8217823e-01
   3.7425741e-01
   3.6039604e-01
   3.4455444e-01
   3.2673268e-01
   3.0891088e-01
   2.8910889e-01
   2.7524752e-01
   2.6138615e-01
   2.5148514e-01
   2.4752475e-01
   2.5148518e-01
   2.6732670e-01
   2.8910889e-01
   3.1683171e-01
   3.4653463e-01
   3.7821780e-01
   4.0396038e-01
   4.2574257e-01
   4.3960398e-01
   4.4554452e-01
   4.4356433e-01
   4.3168316e-01
   4.1782175e-01
   3.9801980e-01
   3.8019804e-01
   3.6237624e-01
   3.5643565e-01
   3.5841585e-01
   3.7623765e-01
   4.0396038e-01
   4.4554452e-01
   4.9702969e-01
   5.4851485e-01
   5.9801981e-01
   6.3960396e-01
   6.6732673e-01
   6.7722771e-01
   6.6534654e-01
   6.3564357e-01
   5.8811884e-01
   5.3069305e-01
   4.7326734e-01
   4.1980199e-01
   3.8217819e-01
   3.6435643e-01
   3.7029702e-01
   3.9801980e-01
   4.4356437e-01
   4.9900992e-01
   5.5643563e-01
   6.0990098e-01
   6.5148517e-01
   6.7722775e-01
   6.8910888e-01
   6.8514849e-01
   6.6930693e-01
   6.4356435e-01
   6.0990098e-01
   5.6831684e-01
   5.2475246e-01
   4.7920789e-01
   4.3168316e-01
   3.8613858e-01
   3.4059405e-01
   2.9702967e-01
   2.5544553e-01
   2.1782177e-01
   1.8415841e-01
   1.5643564e-01
   1.3465345e-01
   1.1881188e-01
   1.0891087e-01
   1.0693071e-01
   1.0495052e-01
   1.0693067e-01
   1.1089106e-01
   1.1485149e-01
   1.2079208e-01
   1.2871286e-01
   1.3861384e-01
   1.5445544e-01
   1.7029700e-01
   1.8613861e-01
   2.0198017e-01
   2.1584158e-01
   2.2574260e-01
   2.3168318e-01
   2.3168314e-01
   2.2772279e-01
   2.1584158e-01
   2.0198017e-01
   1.8613861e-01
   1.6831681e-01
   1.5247525e-01
   1.4455442e-01
   1.4059403e-01
   1.4455447e-01
   1.5643564e-01
   1.7623763e-01
   1.9999997e-01
   2.2574255e-01
   2.5346533e-01
   2.7722772e-01
   2.9702971e-01
   3.1485147e-01
   3.2871288e-01
   3.3861385e-01
   3.4257424e-01
   3.4059405e-01
   3.3861385e-01
   3.2871288e-01
   3.1485147e-01
   3.0297030e-01
   2.9108913e-01
   2.8118811e-01
   2.7326728e-01
   2.6534650e-01
   2.5940596e-01
   2.5346533e-01
   2.4950494e-01
   2.4554455e-01
   2.4356435e-01
   2.4356435e-01
   2.4752475e-01
   2.5346533e-01
   2.5940596e-01
   2.6732674e-01
   2.7326728e-01
   2.7920791e-01
   2.8316830e-01
   2.8910889e-01
   2.9306932e-01
   2.9504947e-01
   3.0297025e-01
   3.0891088e-01
   3.1485147e-01
   3.2277229e-01
   3.3267327e-01
   3.4059409e-01
   3.4653463e-01
   3.4851483e-01
   3.4455444e-01
   3.3465346e-01
   3.1485147e-01
   2.9108913e-01
   2.6138611e-01
   2.3168314e-01
   2.0396036e-01
   1.8217822e-01
   1.6633661e-01
   1.6237622e-01
   1.6633661e-01
   1.8019802e-01
   2.0198017e-01
   2.3168318e-01
   2.6732670e-01
   3.0099006e-01
   3.3861385e-01
   3.7029702e-01
   3.9207921e-01
   4.0198019e-01
   3.9999999e-01
   3.8613858e-01
   3.6039604e-01
   3.2673268e-01
   2.8712869e-01
   2.4950494e-01
   2.1782177e-01
   1.9405939e-01
   1.7623763e-01
   1.7029700e-01
   1.7227724e-01
   1.8217817e-01
   1.9603958e-01
   2.0990095e-01
   2.2376236e-01
   2.3366334e-01
   2.3960392e-01
   2.4158416e-01
   2.4356435e-01
   2.4752475e-01
   2.5544553e-01
   2.6534650e-01
   2.7920791e-01
   2.9108913e-01
   3.0297030e-01
   3.1089108e-01
   3.1485147e-01
   3.1287127e-01
   3.0693069e-01
   2.9900991e-01
   2.9108913e-01
   2.8712869e-01
   2.8910889e-01
   2.9702967e-01
   3.0693069e-01
   3.2475249e-01
   3.4257424e-01
   3.6435643e-01
   3.8415839e-01
   4.0198019e-01
   4.1386140e-01
   4.1980194e-01
   4.1782175e-01
   4.0990097e-01
   3.9009897e-01
   3.6435639e-01
   3.3465346e-01
   2.9702971e-01
   2.5544553e-01
   2.1584158e-01
   1.7623763e-01
   1.4257427e-01
   1.1881188e-01
   1.0891091e-01
   1.0693067e-01
   1.1683169e-01
   1.3663368e-01
   1.6039603e-01
   1.8415841e-01
   2.0594060e-01
   2.2772275e-01
   2.4356435e-01
   2.6336635e-01
   2.7920791e-01
   2.9702971e-01
   3.1683166e-01
   3.3267327e-01
   3.5049503e-01
   3.6237624e-01
   3.7227726e-01
   3.7821780e-01
   3.8217819e-01
   3.8217819e-01
   3.8217819e-01
   3.8613862e-01
   3.9009902e-01
   3.9801980e-01
   4.0792077e-01
   4.2178214e-01
   4.3564355e-01
   4.5346535e-01
   4.6930691e-01
   4.8316832e-01
   4.9702973e-01
   5.0891086e-01
   5.1683168e-01
   5.2079207e-01
   5.2871290e-01
   5.3267329e-01
   5.4059407e-01
   5.4653465e-01
   5.5247528e-01
   5.6039602e-01
   5.6633665e-01
   5.7227723e-01
   5.7623762e-01
   5.8415840e-01
   5.9207923e-01
   6.0000001e-01
   6.1188118e-01
   6.1980200e-01
   6.2574255e-01
   6.2772278e-01
   6.2574259e-01
   6.1980196e-01
   6.1188118e-01
   6.0594059e-01
   6.0198020e-01
   6.0198016e-01
   6.0792079e-01
   6.1782177e-01
   6.3366337e-01
   6.4752474e-01
   6.6138615e-01
   6.6930693e-01
   6.7524751e-01
   6.7128712e-01
   6.5742576e-01
   6.3366333e-01
   6.0396040e-01
   5.7227719e-01
   5.3663368e-01
   5.0297027e-01
   4.7524754e-01
   4.5148515e-01
   4.3168316e-01
   4.1980199e-01
   4.1188121e-01
   4.0396038e-01
   4.0198019e-01
   4.0198019e-01
   4.0198019e-01
   4.0198019e-01
   4.0396038e-01
   4.0396042e-01
   4.0198019e-01
   3.9603960e-01
   3.9009902e-01
   3.8415843e-01
   3.7623761e-01
   3.7227722e-01
   3.7227722e-01
   3.7821780e-01
   3.8613858e-01
   3.9801980e-01
   4.0990097e-01
   4.1980199e-01
   4.3168316e-01
   4.3762374e-01
   4.4356433e-01
   4.4158418e-01
   4.3762374e-01
   4.2772277e-01
   4.1584155e-01
   3.9999999e-01
   3.8613858e-01
   3.7623765e-01
   3.7029702e-01
   3.7623765e-01
   3.8811878e-01
   4.0792077e-01
   4.3366340e-01
   4.5742574e-01
   4.8316832e-01
   5.0099008e-01
   5.1287129e-01
   5.1287129e-01
   4.9900992e-01
   4.7128710e-01
   4.3168316e-01
   3.8415839e-01
   3.3267327e-01
   2.8514854e-01
   2.4554455e-01
   2.1782177e-01
   2.0792075e-01
   2.1584158e-01
   2.3762373e-01
   2.7326728e-01
   3.1485147e-01
   3.6039604e-01
   4.0396038e-01
   4.3960398e-01
   4.6732671e-01
   4.8118812e-01
   4.8316832e-01
   4.7326730e-01
   4.5544554e-01
   4.3168316e-01
   4.0990101e-01
   3.9405941e-01
   3.8811882e-01
   3.9207921e-01
   4.0594058e-01
   4.2574257e-01
   4.4950496e-01
   4.6930691e-01
   4.8316832e-01
   4.8910890e-01
   4.8316832e-01
   4.6732676e-01
   4.4356433e-01
   4.1386140e-01
   3.8415839e-01
   3.5445542e-01
   3.3465346e-01
   3.2079205e-01
   3.1881190e-01
   3.2475244e-01
   3.4257429e-01
   3.6435643e-01
   3.8415843e-01
   4.0594058e-01
   4.2178218e-01
   4.3168316e-01
   4.3366335e-01
   4.2970296e-01
   4.2178218e-01
   4.0990097e-01
   3.9801980e-01
   3.8415843e-01
   3.7425741e-01
   3.6633663e-01
   3.6039604e-01
   3.6237624e-01
   3.6237624e-01
   3.6831683e-01
   3.7623761e-01
   3.8019804e-01
   3.8217819e-01
   3.8217823e-01
   3.8019804e-01
   3.7623765e-01
   3.7623761e-01
   3.8019800e-01
   3.9009902e-01
   4.0792082e-01
   4.2970296e-01
   4.5544554e-01
   4.7920793e-01
   5.0297027e-01
   5.2079207e-01
   5.3267329e-01
   5.3861387e-01
   5.3663363e-01
   5.2871285e-01
   5.1485149e-01
   4.9900988e-01
   4.8316832e-01
   4.7128710e-01
   4.6138613e-01
   4.5940593e-01
   4.6534652e-01
   4.7326730e-01
   4.9108910e-01
   5.0891086e-01
   5.2871290e-01
   5.5247524e-01
   5.7425743e-01
   5.9603958e-01
   6.1386138e-01
   6.2772278e-01
   6.3762376e-01
   6.3960396e-01
   6.3564357e-01
   6.2772278e-01
   6.1386138e-01
   5.9801977e-01
   5.8217821e-01
   5.6633665e-01
   5.5643563e-01
   5.4851485e-01
   5.4257426e-01
   5.4257426e-01
   5.4653461e-01
   5.4851480e-01
   5.5643563e-01
   5.6237621e-01
   5.6633665e-01
   5.6435641e-01
   5.5643567e-01
   5.4257426e-01
   5.2277227e-01
   5.0099008e-01
   4.8316832e-01
   4.6930691e-01
   4.6138613e-01
   4.6732676e-01
   4.7920789e-01
   5.0099012e-01
   5.2079207e-01
   5.4257422e-01
   5.5445543e-01
   5.6039606e-01
   5.5049504e-01
   5.3267329e-01
   5.0693066e-01
   4.7722769e-01
   4.4752476e-01
   4.2574257e-01
   4.1386136e-01
   4.1386140e-01
   4.2772277e-01
   4.5148515e-01
   4.7722769e-01
   5.0297031e-01
   5.2079207e-01
   5.2277227e-01
   5.0891086e-01
   4.8514851e-01
   4.5148515e-01
   4.1188121e-01
   3.7425741e-01
   3.4059405e-01
   3.1881186e-01
   3.0891088e-01
   3.1089112e-01
   3.2277225e-01
   3.4257424e-01
   3.6831683e-01
   3.9603960e-01
   4.2178218e-01
   4.3960394e-01
   4.5346535e-01
   4.5940593e-01
   4.5544550e-01
   4.4752476e-01
   4.3564359e-01
   4.1980199e-01
   4.0594058e-01
   3.9207921e-01
   3.7821780e-01
   3.6633663e-01
   3.6039604e-01
   3.5445542e-01
   3.5643561e-01
   3.6039600e-01
   3.6633663e-01
   3.6831683e-01
   3.6831683e-01
   3.6435643e-01
   3.5445546e-01
   3.3861385e-01
   3.2475249e-01
   3.1485151e-01
   3.1485147e-01
   3.2475249e-01
   3.4455444e-01
   3.7227722e-01
   4.0594058e-01
   4.3960394e-01
   4.6534652e-01
   4.7920793e-01
   4.8118812e-01
   4.6930691e-01
   4.4752472e-01
   4.2178218e-01
   3.9405941e-01
   3.7425741e-01
   3.6831683e-01
   3.7425741e-01
   4.0198019e-01
   4.3960398e-01
   4.8910890e-01
   5.4059402e-01
   5.9405938e-01
   6.3762376e-01
   6.7326732e-01
   6.9702970e-01
   7.0891087e-01
   7.1287126e-01
   7.0891087e-01
   7.0099009e-01
   6.8712873e-01
   6.7326732e-01
   6.5940595e-01
   6.4356435e-01
   6.2970298e-01
   6.1980196e-01
   6.1584157e-01
   6.1386138e-01
   6.1584157e-01
   6.1782177e-01
   6.1782177e-01
   6.1584157e-01
   6.0792075e-01
   5.9603962e-01
   5.8217821e-01
   5.6633665e-01
   5.5643563e-01
   5.4851485e-01
   5.4653461e-01
   5.5049504e-01
   5.6039602e-01
   5.7623762e-01
   5.9207923e-01
   6.0792079e-01
   6.1782177e-01
   6.2178216e-01
   6.1584161e-01
   6.0198020e-01
   5.8019801e-01
   5.5643563e-01
   5.3267324e-01
   5.1485149e-01
   5.0495047e-01
   5.0495051e-01
   5.1287125e-01
   5.2871285e-01
   5.5049504e-01
   5.7227723e-01
   5.9405938e-01
   6.0990098e-01
   6.1980196e-01
   6.2178220e-01
   6.1188118e-01
   5.9207918e-01
   5.6039602e-01
   5.2079207e-01
   4.7722773e-01
   4.2772277e-01
   3.8415843e-01
   3.4851483e-01
   3.2079205e-01
   3.0297030e-01
   2.9504952e-01
   2.9702971e-01
   3.0495049e-01
   3.1485147e-01
   3.2277225e-01
   3.2673268e-01
   3.2475244e-01
   3.1287127e-01
   2.9504947e-01
   2.6930694e-01
   2.3762377e-01
   2.0396041e-01
   1.7227720e-01
   1.4455442e-01
   1.2277223e-01
   1.0495048e-01
   9.3069304e-02
   8.9108913e-02
   8.9108913e-02
   9.7029651e-02
   1.0891087e-01
   1.2673267e-01
   1.5049505e-01
   1.8217817e-01
   2.1386138e-01
   2.4752475e-01
   2.7524752e-01
   2.9702967e-01
   3.1485151e-01
   3.2277225e-01
   3.2475244e-01
   3.2871288e-01
   3.2871283e-01
   3.3663366e-01
   3.4653463e-01
   3.6237624e-01
   3.8217819e-01
   4.0396038e-01
   4.2376233e-01
   4.3960394e-01
   4.5148515e-01
   4.5346530e-01
   4.4950496e-01
   4.3762374e-01
   4.2574257e-01
   4.1188121e-01
   4.0198019e-01
   4.0000003e-01
   4.0594058e-01
   4.1980199e-01
   4.4158413e-01
   4.6534652e-01
   4.9108910e-01
   5.1485144e-01
   5.3663368e-01
   5.5643563e-01
   5.7425743e-01
   5.9009903e-01
   6.0594059e-01
   6.1980200e-01
   6.3564357e-01
   6.4950493e-01
   6.6336634e-01
   6.7722771e-01
   6.8712873e-01
   6.9702970e-01
   7.0297029e-01
   7.0693072e-01
   7.0693072e-01
   6.9900990e-01
   6.9108907e-01
   6.7722771e-01
   6.5742571e-01
   6.3564357e-01
   6.1584157e-01
   5.9207923e-01
   5.7029704e-01
   5.4653465e-01
   5.1881188e-01
   4.9504949e-01
   4.6732671e-01
   4.4554457e-01
   4.2772277e-01
   4.1584160e-01
   4.1584160e-01
   4.1980199e-01
   4.3366335e-01
   4.5346535e-01
   4.8118812e-01
   5.1089110e-01
   5.3861383e-01
   5.6633665e-01
   5.8613864e-01
   5.9801981e-01
   5.9999997e-01
   5.9603958e-01
   5.8415840e-01
   5.6831684e-01
   5.5445543e-01
   5.4653461e-01
   5.4257426e-01
   5.4653465e-01
   5.5643563e-01
   5.6831680e-01
   5.8019806e-01
   5.9009899e-01
   5.9999997e-01
   6.0198020e-01
   6.0198020e-01
   6.0000001e-01
   5.9603958e-01
   5.9207918e-01
   5.8811884e-01
   5.8811879e-01
   5.8613860e-01
   5.8811879e-01
   5.9009903e-01
   5.9009899e-01
   5.8613864e-01
   5.7821782e-01
   5.6039602e-01
   5.3663368e-01
   5.1089110e-01
   4.8118812e-01
   4.5544554e-01
   4.3564355e-01
   4.2970296e-01
   4.3366340e-01
   4.4752476e-01
   4.7128710e-01
   4.9900988e-01
   5.2673266e-01
   5.4851485e-01
   5.6039602e-01
   5.6039606e-01
   5.4653465e-01
   5.2277227e-01
   4.8910890e-01
   4.5544550e-01
   4.2376233e-01
   3.9999999e-01
   3.9207921e-01
   3.9603956e-01
   4.0990101e-01
   4.3168316e-01
   4.5148511e-01
   4.6930691e-01
   4.7524750e-01
   4.6930695e-01
   4.5148511e-01
   4.2376238e-01
   3.9009902e-01
   3.6039600e-01
   3.3069307e-01
   3.1089108e-01
   3.0099006e-01
   3.0297030e-01
   3.1287127e-01
   3.3267327e-01
   3.5643561e-01
   3.8415839e-01
   4.1188116e-01
   4.3168316e-01
   4.4950491e-01
   4.6138613e-01
   4.6930695e-01
   4.6930691e-01
   4.6930695e-01
   4.6732671e-01
   4.5940593e-01
   4.5544554e-01
   4.4950491e-01
   4.4356433e-01
   4.3960394e-01
   4.3564355e-01
   4.3564359e-01
   4.3762379e-01
   4.4356437e-01
   4.4752472e-01
   4.5346535e-01
   4.5346535e-01
   4.4752476e-01
   4.3366335e-01
   4.0990101e-01
   3.8019800e-01
   3.4851483e-01
   3.1287127e-01
   2.7722772e-01
   2.4950494e-01
   2.3168314e-01
   2.2178216e-01
   2.2376236e-01
   2.3564353e-01
   2.5940592e-01
   2.8712869e-01
   3.1683166e-01
   3.4455448e-01
   3.6435643e-01
   3.7821780e-01
   3.7623761e-01
   3.6435643e-01
   3.4257429e-01
   3.1485147e-01
   2.8118811e-01
   2.4752475e-01
   2.1584158e-01
   1.9009900e-01
   1.7227724e-01
   1.6435642e-01
   1.6633661e-01
   1.8217822e-01
   2.0396041e-01
   2.2970295e-01
   2.5940592e-01
   2.8712869e-01
   3.0891088e-01
   3.2277229e-01
   3.3267327e-01
   3.3267327e-01
   3.3069307e-01
   3.2079205e-01
   3.1089108e-01
   2.9702971e-01
   2.8316835e-01
   2.6930689e-01
   2.5742572e-01
   2.4554455e-01
   2.3762377e-01
   2.3366334e-01
   2.3366338e-01
   2.3366334e-01
   2.3564353e-01
   2.3564357e-01
   2.3762373e-01
   2.3366338e-01
   2.2970295e-01
   2.1980197e-01
   2.0990099e-01
   1.9405939e-01
   1.7821778e-01
   1.5841583e-01
   1.3861388e-01
   1.1881184e-01
   1.0297028e-01
   9.3069261e-02
   9.1089109e-02
   9.7029694e-02
   1.0693067e-01
   1.3069306e-01
   1.5643564e-01
   1.8811880e-01
   2.2178216e-01
   2.5742572e-01
   2.9306928e-01
   3.2277225e-01
   3.4851487e-01
   3.6633663e-01
   3.7623765e-01
   3.7623765e-01
   3.7425741e-01
   3.7029702e-01
   3.6831683e-01
   3.7029702e-01
   3.8019800e-01
   3.9801980e-01
   4.1980199e-01
   4.4950496e-01
   4.7920789e-01
   5.1287129e-01
   5.3861383e-01
   5.6237621e-01
   5.8019801e-01
   5.9207923e-01
   5.9603958e-01
   5.9801981e-01
   5.9801981e-01
   6.0198020e-01
   6.0594059e-01
   6.1386138e-01
   6.2376239e-01
   6.3762376e-01
   6.4950497e-01
   6.5544556e-01
   6.4950493e-01
   6.3762372e-01
   6.1188118e-01
   5.7821782e-01
   5.4059407e-01
   5.0099012e-01
   4.6138613e-01
   4.2970296e-01
   4.0594062e-01
   3.9207921e-01
   3.9009902e-01
   3.9999999e-01
   4.1980194e-01
   4.4356433e-01
   4.6732671e-01
   4.8910890e-01
   5.0495051e-01
   5.0891090e-01
   5.0297031e-01
   4.8712871e-01
   4.6336632e-01
   4.3762374e-01
   4.1188121e-01
   3.9207921e-01
   3.7821780e-01
   3.7425741e-01
   3.7821784e-01
   3.9207917e-01
   4.1584160e-01
   4.4158413e-01
   4.7128710e-01
   4.9900988e-01
   5.2079207e-01
   5.3861387e-01
   5.4257422e-01
   5.4059402e-01
   5.3267324e-01
   5.2079207e-01
   5.0693066e-01
   4.9900988e-01
   4.9504949e-01
   4.9504949e-01
   5.0099008e-01
   5.1089110e-01
   5.2079211e-01
   5.3069305e-01
   5.3861383e-01
   5.4455446e-01
   5.4257426e-01
   5.3861383e-01
   5.3069309e-01
   5.2079207e-01
   5.1089105e-01
   5.0297027e-01
   5.0495047e-01
   5.1485149e-01
   5.3861383e-01
   5.7227719e-01
   6.1782181e-01
   6.6930693e-01
   7.2079209e-01
   7.7623760e-01
   8.2574261e-01
   8.6732671e-01
   8.9702972e-01
   9.1485148e-01
   9.1485148e-01
   9.0099011e-01
   8.7326733e-01
   8.2970295e-01
   7.7821784e-01
   7.2079209e-01
   6.6534649e-01
   6.1188118e-01
   5.7029704e-01
   5.3663363e-01
   5.1881188e-01
   5.1089110e-01
   5.1287129e-01
   5.2277227e-01
   5.3861387e-01
   5.5643563e-01
   5.7425743e-01
   5.9009899e-01
   5.9603962e-01
   5.9801977e-01
   5.9009903e-01
   5.8019801e-01
   5.6831684e-01
   5.6039602e-01
   5.5247524e-01
   5.5445543e-01
   5.6039606e-01
   5.7029699e-01
   5.8217821e-01
   5.9405942e-01
   6.0000001e-01
   6.0198016e-01
   5.9603962e-01
   5.8415840e-01
   5.6633660e-01
   5.4455446e-01
   5.2079207e-01
   5.0099012e-01
   4.8712871e-01
   4.8316832e-01
   4.8910890e-01
   5.0891086e-01
   5.3861387e-01
   5.7425743e-01
   6.0594059e-01
   6.3960396e-01
   6.6138615e-01
   6.7524751e-01
   6.7920790e-01
   6.7524756e-01
   6.6732669e-01
   6.5742576e-01
   6.4950493e-01
   6.4158415e-01
   6.4356439e-01
   6.4554454e-01
   6.5742571e-01
   6.6930693e-01
   6.8712873e-01
   7.0495048e-01
   7.1881189e-01
   7.3069306e-01
   7.3861385e-01
   7.4257424e-01
   7.4257424e-01
   7.4257424e-01
   7.4455447e-01
   7.4851482e-01
   7.5841584e-01
   7.7425740e-01
   7.9603959e-01
   8.2178217e-01
   8.5148514e-01
   8.7920792e-01
   9.0693065e-01
   9.2871289e-01
   9.4455445e-01
   9.5049508e-01
   9.4455449e-01
   9.2871289e-01
   9.0495050e-01
   8.7722768e-01
   8.5346534e-01
   8.3564354e-01
   8.2376237e-01
   8.2772276e-01
   8.3960393e-01
   8.5940597e-01
   8.7722772e-01
   8.9504948e-01
   9.0693070e-01
   9.0297031e-01
   8.8316831e-01
   8.5148514e-01
   8.0396042e-01
   7.4653467e-01
   6.8514853e-01
   6.2574255e-01
   5.7425743e-01
   5.3663363e-01
   5.1683168e-01
   5.1683168e-01
   5.3267324e-01
   5.6039602e-01
   6.0000001e-01
   6.3762376e-01
   6.7326732e-01
   6.9900990e-01
   7.1287126e-01
   7.1683170e-01
   7.0693068e-01
   6.8514853e-01
   6.5742571e-01
   6.2574255e-01
   5.9009899e-01
   5.5841587e-01
   5.3069305e-01
   5.0693070e-01
   4.9504949e-01
   4.9108914e-01
   4.9306930e-01
   5.0099012e-01
   5.1089110e-01
   5.2277227e-01
   5.3663368e-01
   5.4455446e-01
   5.5445548e-01
   5.5643563e-01
