   1.5747311e+01
   1.4648660e+00
  -1.0025177e+01
  -1.7212176e+01
  -1.9775692e+01
  -1.8493935e+01
  -1.4969101e+01
  -1.1032273e+01
  -8.1025410e+00
  -6.9581140e+00
  -7.5532160e+00
  -9.2469680e+00
  -1.1078050e+01
  -1.2222476e+01
  -1.2268254e+01
  -1.1078050e+01
  -9.0180820e+00
  -6.5461210e+00
  -4.0741590e+00
  -1.9684140e+00
  -2.7466200e-01
   1.1444260e+00
   2.2430760e+00
   3.2501720e+00
   4.0283820e+00
   4.5319290e+00
   4.6234830e+00
   4.1199360e+00
   3.0212870e+00
   1.3275350e+00
  -7.7821100e-01
  -3.0212870e+00
  -5.1728090e+00
  -6.9123370e+00
  -8.0567630e+00
  -8.4687570e+00
  -8.2398710e+00
  -7.5074390e+00
  -6.6376740e+00
  -6.0425730e+00
  -6.0425730e+00
  -6.8665600e+00
  -8.5145350e+00
  -1.0666056e+01
  -1.2817578e+01
  -1.4465553e+01
  -1.5197986e+01
  -1.4923324e+01
  -1.3641565e+01
  -1.1856260e+01
  -9.9794000e+00
  -8.4687570e+00
  -7.6905470e+00
  -7.6447700e+00
  -8.3314260e+00
  -9.3842980e+00
  -1.0482948e+01
  -1.1306935e+01
  -1.1627375e+01
  -1.1215381e+01
  -1.0070955e+01
  -8.1483180e+00
  -5.6305790e+00
  -2.7466240e+00
   9.1554000e-02
   2.5177390e+00
   4.1657130e+00
   4.7608150e+00
   4.3488210e+00
   3.1128400e+00
   1.4648660e+00
   0.0000000e+00
  -9.6131800e-01
  -1.0528720e+00
  -1.8310800e-01
   1.4190890e+00
   3.5248340e+00
   5.7679110e+00
   7.8736550e+00
   9.5674070e+00
   1.0574502e+01
   1.0849164e+01
   1.0299840e+01
   8.9723050e+00
   6.9581140e+00
   4.4861530e+00
   1.9684140e+00
  -3.2044000e-01
  -1.9684140e+00
  -2.7008470e+00
  -2.5635150e+00
  -1.6021980e+00
  -9.1554000e-02
   1.5564200e+00
   3.1586170e+00
   4.4403750e+00
   5.3559170e+00
   5.9052410e+00
   5.9510180e+00
   5.4932480e+00
   4.5319300e+00
   3.0670630e+00
   1.1444270e+00
  -1.0528730e+00
  -3.2043950e+00
  -4.9897000e+00
  -6.1799040e+00
  -6.5461210e+00
  -6.0883490e+00
  -4.9439240e+00
  -3.3875030e+00
  -1.6479750e+00
   4.5777000e-02
   1.5106430e+00
   2.5635150e+00
   3.2043940e+00
   3.3417260e+00
   2.9297320e+00
   2.1515220e+00
   1.0986500e+00
   1.3733100e-01
  -4.5777100e-01
  -3.2043900e-01
   6.4087900e-01
   2.3346300e+00
   4.4403750e+00
   6.5461200e+00
   8.1025410e+00
   8.9265270e+00
   8.6976420e+00
   7.4616620e+00
   5.5390250e+00
   3.2501710e+00
   8.6976400e-01
  -1.2817570e+00
  -3.1128400e+00
  -4.4861530e+00
  -5.2643630e+00
  -5.4016930e+00
  -5.1270310e+00
  -4.4403760e+00
  -3.4790570e+00
  -2.7008470e+00
  -2.2430760e+00
  -2.4261850e+00
  -3.2959490e+00
  -4.8065920e+00
  -6.6834520e+00
  -8.6060890e+00
  -1.0208285e+01
  -1.1306935e+01
  -1.1627375e+01
  -1.1306935e+01
  -1.0299840e+01
  -8.7891960e+00
  -6.9123360e+00
  -4.9439230e+00
  -2.8839550e+00
  -1.1444270e+00
   1.8310900e-01
   1.0070950e+00
   1.2359810e+00
   1.0070960e+00
   6.4087900e-01
   5.9510200e-01
   1.0528720e+00
   2.3804080e+00
   4.3488210e+00
   6.9123370e+00
   9.6131830e+00
   1.1993591e+01
   1.3687343e+01
   1.4465553e+01
   1.4282444e+01
   1.3229572e+01
   1.1306936e+01
   8.8807510e+00
   6.0425720e+00
   3.1128400e+00
   2.7466200e-01
  -2.0141910e+00
  -3.6163880e+00
  -4.0741590e+00
  -3.3875030e+00
  -1.6937510e+00
   9.1554200e-01
   3.7994970e+00
   6.5461200e+00
   8.8349740e+00
   1.0299840e+01
   1.0894941e+01
   1.0528725e+01
   9.3842990e+00
   7.5989930e+00
   5.3101400e+00
   2.6550700e+00
  -4.5777000e-02
  -2.4719620e+00
  -4.3945980e+00
  -5.5390250e+00
  -5.6305790e+00
  -4.6692610e+00
  -2.8839550e+00
  -5.0354700e-01
   2.2430770e+00
   4.9439230e+00
   7.3701080e+00
   9.3385220e+00
   1.0757610e+01
   1.1718929e+01
   1.2085145e+01
   1.1947815e+01
   1.1306936e+01
   1.0299840e+01
   9.2011900e+00
   8.1025400e+00
   7.1869990e+00
   6.6834510e+00
   6.5003440e+00
   6.3630120e+00
   6.1799040e+00
   5.6305800e+00
   4.4861530e+00
   2.8839560e+00
   8.2398800e-01
  -1.4648660e+00
  -3.8452730e+00
  -6.2714580e+00
  -8.6976430e+00
  -1.1169604e+01
  -1.3641566e+01
  -1.5930419e+01
  -1.7669947e+01
  -1.8585489e+01
  -1.8265049e+01
  -1.6388190e+01
  -1.2909133e+01
  -7.9652090e+00
  -1.9684140e+00
   4.5319300e+00
   1.0986496e+01
   1.6800183e+01
   2.1469444e+01
   2.4765393e+01
   2.6504921e+01
   2.6642252e+01
   2.5497826e+01
   2.3437858e+01
   2.0920119e+01
   1.8356603e+01
   1.6250858e+01
   1.4602884e+01
   1.3458457e+01
   1.2588694e+01
   1.1581598e+01
   1.0299840e+01
   8.5603110e+00
   6.6376750e+00
   4.7150380e+00
   3.3417260e+00
   2.8381790e+00
   3.3875020e+00
   4.9439230e+00
   7.1412220e+00
   9.7505150e+00
   1.2085145e+01
   1.3962005e+01
   1.5060655e+01
   1.5243763e+01
   1.4602884e+01
   1.3138018e+01
   1.1169604e+01
   8.7434190e+00
   6.1341270e+00
   3.7994970e+00
   1.9684140e+00
   8.6976400e-01
   5.9510200e-01
   1.0986490e+00
   2.1972990e+00
   3.4332800e+00
   4.5777070e+00
   5.1728090e+00
   5.0812540e+00
   4.2114900e+00
   2.6092930e+00
   5.4932500e-01
  -2.0141910e+00
  -4.6692610e+00
  -7.3701080e+00
  -9.6589610e+00
  -1.1306935e+01
  -1.1993591e+01
  -1.1535820e+01
  -9.8878470e+00
  -7.2327760e+00
  -3.8452740e+00
  -1.8310900e-01
   3.3417260e+00
   6.3630120e+00
   8.6518660e+00
   1.0254063e+01
   1.1032273e+01
   1.1123827e+01
   1.0711833e+01
   9.6131840e+00
   8.0109870e+00
   5.9967960e+00
   3.6163880e+00
   1.1902040e+00
  -9.1554100e-01
  -2.4719620e+00
  -3.2043950e+00
  -3.0212860e+00
  -1.9684140e+00
  -9.1554000e-02
   2.1972990e+00
   4.7608150e+00
   7.2327760e+00
   9.4300750e+00
   1.0894942e+01
   1.1535821e+01
   1.1123827e+01
   9.7962920e+00
   7.6447700e+00
   5.2185850e+00
   2.8839550e+00
   1.0986500e+00
   2.7466200e-01
   3.2044000e-01
   1.1444270e+00
   2.3346300e+00
   3.4332800e+00
   4.1199360e+00
   4.1657130e+00
   3.7079420e+00
   2.8839550e+00
   2.0599680e+00
   1.4190890e+00
   1.1444260e+00
   1.3275350e+00
   1.8768600e+00
   2.7008470e+00
   3.7994960e+00
   4.9439240e+00
   6.1799040e+00
   7.4158840e+00
   8.4229800e+00
   9.2927440e+00
   9.8420690e+00
   1.0025177e+01
   1.0070954e+01
   1.0025177e+01
   1.0070954e+01
   1.0208285e+01
   1.0528725e+01
   1.0894942e+01
   1.1215381e+01
   1.1352712e+01
   1.1261158e+01
   1.0986495e+01
   1.0620279e+01
   1.0116731e+01
   9.4758520e+00
   8.6976430e+00
   7.5532160e+00
   6.1341260e+00
   4.3945980e+00
   2.5635160e+00
   9.1554200e-01
  -2.2888500e-01
  -5.9510200e-01
   4.5778000e-02
   1.4190890e+00
   3.5248340e+00
   5.9052420e+00
   8.3314260e+00
   1.0345617e+01
   1.1902038e+01
   1.2680247e+01
   1.2726025e+01
   1.1947814e+01
   1.0254063e+01
   7.7821010e+00
   4.7608150e+00
   1.5106440e+00
  -1.4648660e+00
  -3.7994970e+00
  -5.0354770e+00
  -5.0354770e+00
  -3.7079430e+00
  -1.3275350e+00
   1.8310830e+00
   5.2643630e+00
   8.6060880e+00
   1.1535821e+01
   1.3778896e+01
   1.5060654e+01
   1.5381094e+01
   1.4602884e+01
   1.3000687e+01
   1.0666057e+01
   8.1025410e+00
   5.6305790e+00
   3.6163880e+00
   2.2430760e+00
   1.5106430e+00
   1.1902040e+00
   1.0070950e+00
   5.9510200e-01
  -2.2888600e-01
  -1.6479750e+00
  -3.6163890e+00
  -5.8594640e+00
  -8.2398710e+00
  -1.0437171e+01
  -1.2222477e+01
  -1.3504235e+01
  -1.4099336e+01
  -1.3870451e+01
  -1.2680247e+01
  -1.0528725e+01
  -7.6905470e+00
  -4.4403760e+00
  -1.2817580e+00
   1.2817580e+00
   2.7008470e+00
   2.7466240e+00
   1.4190890e+00
  -1.0070960e+00
  -4.0283820e+00
  -7.0954450e+00
  -9.7047380e+00
  -1.1444267e+01
  -1.2130922e+01
  -1.1856260e+01
  -1.0528725e+01
  -8.4229800e+00
  -5.7679100e+00
  -2.9297320e+00
  -1.3733100e-01
   2.1972990e+00
   3.7079430e+00
   4.2572670e+00
   3.8452730e+00
   2.6092920e+00
   7.7821000e-01
  -1.3275350e+00
  -3.2959490e+00
  -4.8523690e+00
  -5.8136880e+00
  -6.1799040e+00
  -5.9967960e+00
  -5.1728090e+00
  -3.9368270e+00
  -2.2888530e+00
  -4.5777100e-01
   1.1902030e+00
   2.4719620e+00
   2.9755090e+00
   2.6092930e+00
   1.2817580e+00
  -7.3243300e-01
  -2.9297330e+00
  -4.8981460e+00
  -6.1341270e+00
  -6.3172350e+00
  -5.3559160e+00
  -3.5248340e+00
  -9.6131900e-01
   1.7853060e+00
   4.4403750e+00
   6.5461210e+00
   7.9652090e+00
   8.5145340e+00
   8.1025410e+00
   6.7292290e+00
   4.6692610e+00
   2.1057450e+00
  -5.0354800e-01
  -2.6550700e+00
  -4.0283820e+00
  -4.2572670e+00
  -3.2043950e+00
  -1.0528730e+00
   1.8768600e+00
   5.2185850e+00
   8.5603120e+00
   1.1535821e+01
   1.3733119e+01
   1.5106432e+01
   1.5426871e+01
   1.4694438e+01
   1.2817579e+01
   1.0070954e+01
   6.7292290e+00
   3.2043950e+00
   0.0000000e+00
  -2.1972990e+00
  -3.2043940e+00
  -2.7466240e+00
  -9.1554100e-01
   1.9226360e+00
   5.3559170e+00
   8.9265280e+00
   1.2039368e+01
   1.4557106e+01
   1.6250858e+01
   1.6983291e+01
   1.6708629e+01
   1.5609979e+01
   1.3778897e+01
   1.1535821e+01
   9.2469680e+00
   7.3243300e+00
   6.1341270e+00
   5.8594640e+00
   6.5461210e+00
   7.8736550e+00
   9.6131840e+00
   1.1261158e+01
   1.2405585e+01
   1.2817578e+01
   1.2542916e+01
   1.1535820e+01
   1.0116732e+01
   8.3314260e+00
   6.5003430e+00
   4.6692610e+00
   3.1586170e+00
   1.9226360e+00
   1.2817580e+00
   1.3733120e+00
   2.1972990e+00
   3.7537200e+00
   5.7679110e+00
   8.1025400e+00
   1.0299840e+01
   1.2268254e+01
   1.3870451e+01
   1.5106432e+01
   1.6205081e+01
   1.7166400e+01
   1.8173495e+01
   1.9089036e+01
   1.9867247e+01
   2.0279240e+01
   2.0279240e+01
   1.9684138e+01
   1.8585488e+01
   1.6983291e+01
   1.4923323e+01
   1.2588693e+01
   1.0025178e+01
   7.4158840e+00
   4.9439230e+00
   2.9297320e+00
   1.4648660e+00
   7.7821100e-01
   7.3243300e-01
   1.2359810e+00
   2.0141910e+00
   2.7008460e+00
   2.9755090e+00
   2.8381780e+00
   2.2430760e+00
   1.3275350e+00
   3.2043900e-01
  -7.3243300e-01
  -1.8310830e+00
  -2.9755090e+00
  -4.2572670e+00
  -5.7679100e+00
  -7.4616620e+00
  -9.1096360e+00
  -1.0437171e+01
  -1.1032273e+01
  -1.0757611e+01
  -9.3385210e+00
  -6.8665600e+00
  -3.4790560e+00
   5.9510200e-01
   4.9439230e+00
   9.2469670e+00
   1.3000687e+01
   1.5793087e+01
   1.7257954e+01
   1.7120623e+01
   1.5426872e+01
   1.2268253e+01
   8.2856490e+00
   4.0741590e+00
   5.0354800e-01
  -1.8768600e+00
  -2.6550700e+00
  -1.7853050e+00
   5.4932500e-01
   3.8452730e+00
   7.3701080e+00
   1.0711833e+01
   1.3275349e+01
   1.4694438e+01
   1.4831769e+01
   1.3641565e+01
   1.1261158e+01
   8.1025400e+00
   4.4861530e+00
   1.0528730e+00
  -1.6479740e+00
  -3.1586170e+00
  -3.1586170e+00
  -1.8310820e+00
   5.9510200e-01
   3.4332800e+00
   6.1341270e+00
   8.1025400e+00
   9.0180820e+00
   8.6518650e+00
   7.2327770e+00
   5.1270310e+00
   2.7008470e+00
   3.2043900e-01
  -1.6021970e+00
  -2.8381790e+00
  -3.2959490e+00
  -2.7466240e+00
  -1.4648660e+00
   5.0354800e-01
   2.7466240e+00
   4.8523690e+00
   6.5461210e+00
   7.4158850e+00
   7.3701070e+00
   6.5461200e+00
   5.0812540e+00
   3.2959490e+00
   1.5564200e+00
  -4.5777000e-02
  -1.3733120e+00
  -2.3804070e+00
  -2.9755100e+00
  -3.1128400e+00
  -2.7924010e+00
  -1.7853050e+00
  -4.5777000e-02
   2.5177390e+00
   5.6763560e+00
   9.1554130e+00
   1.2680247e+01
   1.5930419e+01
   1.8677043e+01
   2.0645457e+01
   2.1881438e+01
   2.2339208e+01
   2.2018768e+01
   2.1011673e+01
   1.9409476e+01
   1.7303731e+01
   1.4969100e+01
   1.2634470e+01
   1.0528726e+01
   8.7434190e+00
   7.3243300e+00
   6.0425720e+00
   4.8523690e+00
   3.4332800e+00
   1.7395280e+00
  -9.1554000e-02
  -1.8310820e+00
  -3.0670640e+00
  -3.4332800e+00
  -2.7466240e+00
  -1.0986500e+00
   1.4648660e+00
   4.5777060e+00
   7.7821010e+00
   1.0711833e+01
   1.2954909e+01
   1.4373998e+01
   1.4602884e+01
   1.3733120e+01
   1.1673152e+01
   8.5603120e+00
   4.7608150e+00
   7.7821000e-01
  -2.8839550e+00
  -5.7221330e+00
  -7.2785530e+00
  -7.4158850e+00
  -6.1341270e+00
  -3.8910500e+00
  -1.0070960e+00
   2.0599680e+00
   4.7150370e+00
   6.8207830e+00
   8.0109870e+00
   8.3314260e+00
   7.7821020e+00
   6.4087890e+00
   4.4403750e+00
   2.1972990e+00
   4.5777000e-02
  -1.6937520e+00
  -2.6092930e+00
  -2.5635160e+00
  -1.6479740e+00
  -4.5777000e-02
   1.7395280e+00
   3.3417260e+00
   4.4861520e+00
   4.8523690e+00
   4.4861530e+00
   3.4332800e+00
   1.9226370e+00
   2.2888500e-01
  -1.6021970e+00
  -3.2501710e+00
  -4.6234840e+00
  -5.4932470e+00
  -5.7221330e+00
  -5.1728080e+00
  -3.7537190e+00
  -1.6479740e+00
   9.1554100e-01
   3.4332800e+00
   5.6305790e+00
   7.1412220e+00
   7.8736560e+00
   7.6905470e+00
   6.8207820e+00
   5.4932480e+00
   3.8910500e+00
   2.2430770e+00
   7.3243300e-01
  -6.8665600e-01
  -1.7853060e+00
  -2.5635160e+00
  -2.9755090e+00
  -3.0670640e+00
  -3.0670630e+00
  -3.1128400e+00
  -3.3875020e+00
  -4.0283820e+00
  -5.0354770e+00
  -6.1341270e+00
  -7.0038910e+00
  -7.3701070e+00
  -6.8665600e+00
  -5.5390250e+00
  -3.5706110e+00
  -1.2359810e+00
   1.0070950e+00
   2.7924010e+00
   3.9368270e+00
   4.3030440e+00
   4.0283820e+00
   3.2501710e+00
   2.0599680e+00
   7.3243300e-01
  -6.4087800e-01
  -1.9226370e+00
  -2.9755090e+00
  -3.6163890e+00
  -3.7994970e+00
  -3.3875030e+00
  -2.3804080e+00
  -9.1554200e-01
   8.6976400e-01
   2.7924010e+00
   4.6234840e+00
   6.0883500e+00
   7.1869990e+00
   7.7363240e+00
   7.6447700e+00
   6.7750060e+00
   5.1270310e+00
   2.9297320e+00
   3.2044000e-01
  -2.1972990e+00
  -4.1657130e+00
  -5.1728080e+00
  -4.8981460e+00
  -3.3417260e+00
  -6.8665600e-01
   2.5635150e+00
   5.9510180e+00
   9.0180820e+00
   1.1352712e+01
   1.2771801e+01
   1.3275349e+01
   1.2909132e+01
   1.1947814e+01
   1.0528725e+01
   8.9723050e+00
   7.5532160e+00
   6.6376740e+00
   6.4087890e+00
   7.1869990e+00
   8.9265280e+00
   1.1444266e+01
   1.4419776e+01
   1.7349508e+01
   1.9775692e+01
   2.1423667e+01
   2.2156100e+01
   2.2018769e+01
   2.1332113e+01
   2.0462348e+01
   1.9913024e+01
   1.9913024e+01
   2.0874342e+01
   2.2934310e+01
   2.6047150e+01
   3.0167086e+01
   3.4927902e+01
   3.9917601e+01
   4.4632639e+01
   4.8432135e+01
   5.0949874e+01
   5.1956970e+01
   5.1453422e+01
   4.9713894e+01
   4.7196155e+01
   4.4312200e+01
   4.1519798e+01
   3.9093614e+01
   3.7216754e+01
   3.6026551e+01
   3.5568780e+01
   3.5934997e+01
   3.7216755e+01
   3.9459830e+01
   4.2526894e+01
   4.6051728e+01
   4.9530785e+01
   5.2460517e+01
   5.4337377e+01
   5.4795148e+01
   5.3925384e+01
   5.1819638e+01
   4.9027238e+01
   4.5960174e+01
   4.2984665e+01
   4.0466926e+01
   3.8544289e+01
   3.7262531e+01
   3.6758984e+01
   3.7125200e+01
   3.8223849e+01
   4.0100710e+01
   4.2343786e+01
   4.4586862e+01
   4.6143282e+01
   4.6692607e+01
   4.5685512e+01
   4.3259327e+01
   3.9551385e+01
   3.5065232e+01
   3.0395972e+01
   2.6138704e+01
   2.2796979e+01
   2.0416572e+01
   1.9134814e+01
   1.8814374e+01
   1.9272145e+01
   2.0050355e+01
   2.0874342e+01
   2.1423666e+01
   2.1286336e+01
   2.0050354e+01
   1.7761502e+01
   1.4282444e+01
   1.0070955e+01
   5.5848020e+00
   1.4190890e+00
  -1.7395280e+00
  -3.5706110e+00
  -3.8452730e+00
  -2.8381780e+00
  -8.6976400e-01
   1.5564200e+00
   4.0283810e+00
   6.0883490e+00
   7.5074380e+00
   7.9652100e+00
   7.2785530e+00
   5.4016940e+00
   2.2888540e+00
  -2.0141910e+00
  -7.1412220e+00
  -1.2771802e+01
  -1.8310826e+01
  -2.3300526e+01
  -2.7283131e+01
  -3.0075532e+01
  -3.1540399e+01
  -3.1815061e+01
  -3.0991074e+01
  -2.9343099e+01
  -2.7008469e+01
  -2.4170290e+01
  -2.0965896e+01
  -1.7669947e+01
  -1.4557107e+01
  -1.1856260e+01
  -1.0025178e+01
  -9.1554130e+00
  -9.4300760e+00
  -1.0940719e+01
  -1.3458457e+01
  -1.6845960e+01
  -2.0782788e+01
  -2.4902724e+01
  -2.8793774e+01
  -3.1906614e+01
  -3.3966583e+01
  -3.4607461e+01
  -3.3875028e+01
  -3.1815060e+01
  -2.8976883e+01
  -2.6001373e+01
  -2.3437857e+01
  -2.1881438e+01
  -2.1606775e+01
  -2.2568094e+01
  -2.4582284e+01
  -2.7283131e+01
  -3.0121309e+01
  -3.2776379e+01
  -3.4790570e+01
  -3.6072328e+01
  -3.6255436e+01
  -3.5339895e+01
  -3.3234150e+01
  -3.0121310e+01
  -2.6138705e+01
  -2.1744106e+01
  -1.7441062e+01
  -1.3824673e+01
  -1.1261158e+01
  -1.0025177e+01
  -1.0254062e+01
  -1.1764706e+01
  -1.4190890e+01
  -1.7212177e+01
  -2.0462348e+01
  -2.3620966e+01
  -2.6367589e+01
  -2.8564889e+01
  -2.9983978e+01
  -3.0487526e+01
  -2.9983978e+01
  -2.8519112e+01
  -2.6276035e+01
  -2.3620966e+01
  -2.0874342e+01
  -1.8356603e+01
  -1.6433966e+01
  -1.5197986e+01
  -1.4694438e+01
  -1.4785992e+01
  -1.5335317e+01
  -1.6296635e+01
  -1.7486839e+01
  -1.8860151e+01
  -2.0325017e+01
  -2.1698329e+01
  -2.2705425e+01
  -2.3254749e+01
  -2.3254749e+01
  -2.2613871e+01
  -2.1377889e+01
  -1.9867247e+01
  -1.8127718e+01
  -1.6525521e+01
  -1.5060655e+01
  -1.3962005e+01
  -1.3321126e+01
  -1.3183794e+01
  -1.3733120e+01
  -1.5106432e+01
  -1.7257954e+01
  -2.0096132e+01
  -2.3392080e+01
  -2.6642252e+01
  -2.9297322e+01
  -3.1036851e+01
  -3.1403067e+01
  -3.0441749e+01
  -2.8152895e+01
  -2.4856947e+01
  -2.1011673e+01
  -1.6983291e+01
  -1.3183795e+01
  -9.9794000e+00
  -7.6905470e+00
  -6.5918970e+00
  -6.7750060e+00
  -8.1940950e+00
  -1.0711833e+01
  -1.3962005e+01
  -1.7349508e+01
  -2.0416571e+01
  -2.2751202e+01
  -2.3941405e+01
  -2.3849851e+01
  -2.2659647e+01
  -2.0416571e+01
  -1.7349508e+01
  -1.3733120e+01
  -9.7962920e+00
  -5.8136870e+00
  -2.0599680e+00
   1.0528720e+00
   3.2501720e+00
   4.1657130e+00
   3.7079420e+00
   1.9226370e+00
  -9.1554200e-01
  -4.4861520e+00
  -8.3314260e+00
  -1.2176699e+01
  -1.5747310e+01
  -1.9043260e+01
  -2.1881438e+01
  -2.4170291e+01
  -2.5680934e+01
  -2.6138705e+01
  -2.5268940e+01
  -2.2888533e+01
  -1.8997482e+01
  -1.3824674e+01
  -7.9194320e+00
  -2.0141910e+00
   3.2043940e+00
   7.0954450e+00
   9.2927440e+00
   9.4758520e+00
   7.9194330e+00
   4.8065920e+00
   6.8665600e-01
  -3.7537200e+00
  -7.9194330e+00
  -1.1169604e+01
  -1.3046463e+01
  -1.3275349e+01
  -1.1947814e+01
  -9.3385210e+00
  -5.9510190e+00
  -2.4719610e+00
   5.4932400e-01
   2.6092930e+00
   3.3875030e+00
   2.7924010e+00
   8.2398700e-01
  -2.2430760e+00
  -6.2714580e+00
  -1.0894941e+01
  -1.5655756e+01
  -2.0141909e+01
  -2.3941405e+01
  -2.6596476e+01
  -2.7740901e+01
  -2.7283131e+01
  -2.5452049e+01
  -2.2568093e+01
  -1.9089036e+01
  -1.5518425e+01
  -1.2405585e+01
  -9.8878460e+00
  -8.1483170e+00
  -7.1869990e+00
  -7.0496680e+00
  -7.6447700e+00
  -8.9265280e+00
  -1.0894942e+01
  -1.3366903e+01
  -1.6021973e+01
  -1.8539711e+01
  -2.0508125e+01
  -2.1560998e+01
  -2.1332113e+01
  -1.9958801e+01
  -1.7441062e+01
  -1.4190890e+01
  -1.0482948e+01
  -6.7292290e+00
  -3.2501710e+00
  -3.2044000e-01
   1.8310830e+00
   2.9755090e+00
   3.0670640e+00
   2.1515220e+00
   2.7466300e-01
  -2.1972990e+00
  -4.7608150e+00
  -7.2327760e+00
  -9.1554130e+00
  -1.0391394e+01
  -1.1032273e+01
  -1.1169604e+01
  -1.1078050e+01
  -1.1032273e+01
  -1.1032272e+01
  -1.1261158e+01
  -1.1581598e+01
  -1.1810483e+01
  -1.1993591e+01
  -1.2039369e+01
  -1.1947814e+01
  -1.1718929e+01
  -1.1306936e+01
  -1.0711833e+01
  -9.8878470e+00
  -8.8807500e+00
  -7.9194320e+00
  -7.0954450e+00
  -6.6376740e+00
  -6.6834520e+00
  -7.1412220e+00
  -7.8736550e+00
  -8.6518650e+00
  -9.0638590e+00
  -8.8807510e+00
  -8.2398720e+00
  -7.0954450e+00
  -5.8594650e+00
  -4.8523690e+00
  -4.3488210e+00
  -4.4403760e+00
  -5.0812540e+00
  -6.1799040e+00
  -7.5532160e+00
  -8.8807500e+00
  -1.0116731e+01
  -1.1032273e+01
  -1.1581598e+01
  -1.1673152e+01
  -1.1123827e+01
  -9.9336230e+00
  -8.0567640e+00
  -5.5848020e+00
  -2.7008470e+00
   3.2043900e-01
   3.2501720e+00
   5.7679100e+00
   7.6905470e+00
   8.8349740e+00
   9.1554130e+00
   8.5145340e+00
   6.8207830e+00
   4.2572670e+00
   7.7821000e-01
  -3.1586180e+00
  -7.1869990e+00
  -1.0757611e+01
  -1.3412680e+01
  -1.4648661e+01
  -1.4419776e+01
  -1.2771802e+01
  -1.0025178e+01
  -6.6376740e+00
  -3.1128400e+00
   1.8310800e-01
   2.9297330e+00
   4.8065920e+00
   5.6763570e+00
   5.4932480e+00
   4.1199360e+00
   1.7853060e+00
  -1.3275350e+00
  -4.8065920e+00
  -8.2398720e+00
  -1.1032273e+01
  -1.2817579e+01
  -1.3366903e+01
  -1.2542916e+01
  -1.0620280e+01
  -7.7821010e+00
  -4.5777060e+00
  -1.2359810e+00
   1.8768600e+00
   4.4861520e+00
   6.3172350e+00
   7.2327760e+00
   7.1412230e+00
   6.0425720e+00
   4.1657130e+00
   1.8310820e+00
  -5.0354800e-01
  -2.4261840e+00
  -3.5248350e+00
  -3.7079420e+00
  -3.0670630e+00
  -1.8310830e+00
  -4.1199300e-01
   9.1554200e-01
   1.7853060e+00
   2.1515220e+00
   2.1057450e+00
   1.6479740e+00
   1.0070960e+00
   2.7466200e-01
  -3.2043900e-01
  -7.7821000e-01
  -8.6976500e-01
  -6.4087900e-01
   4.5777000e-02
   1.1444270e+00
   2.3804080e+00
   3.5248340e+00
   4.3488210e+00
   4.6234840e+00
   4.3030440e+00
   3.4332800e+00
   2.2888530e+00
   1.2359810e+00
   5.4932500e-01
   4.5777000e-01
   1.0070960e+00
   2.1057450e+00
   3.4790570e+00
   4.9439230e+00
   6.2714580e+00
   7.3243310e+00
   7.9652100e+00
   8.1025410e+00
   7.8278780e+00
   7.0496680e+00
   6.0425730e+00
   4.9439230e+00
   4.1199360e+00
   3.7079420e+00
   4.0283820e+00
   5.0812540e+00
   6.6834520e+00
   8.6060890e+00
   1.0437171e+01
   1.1718928e+01
   1.2268254e+01
   1.2085145e+01
   1.1306935e+01
   1.0025177e+01
   8.6976430e+00
   7.2785540e+00
   6.0425730e+00
   4.9439230e+00
   4.0741590e+00
   3.4332800e+00
   3.1128400e+00
   3.2043940e+00
   3.9368280e+00
   5.2185860e+00
   7.0954460e+00
   9.3842980e+00
   1.1810483e+01
   1.4190891e+01
   1.6205082e+01
   1.7715724e+01
   1.8356603e+01
   1.8081941e+01
   1.6617075e+01
   1.4053559e+01
   1.0437171e+01
   6.1799040e+00
   1.7853050e+00
  -2.0599680e+00
  -4.7150380e+00
  -5.8136870e+00
  -5.1728080e+00
  -2.9755090e+00
   3.2043900e-01
   4.1199360e+00
   7.7821020e+00
   1.0757610e+01
   1.2680247e+01
   1.3366903e+01
   1.2863356e+01
   1.1306935e+01
   8.9265280e+00
   6.0883500e+00
   3.2043950e+00
   7.3243300e-01
  -8.6976500e-01
  -1.3275340e+00
  -5.9510200e-01
   1.1902040e+00
   3.6621650e+00
   6.3172360e+00
   8.5603120e+00
   1.0070954e+01
   1.0574502e+01
   1.0162509e+01
   9.0638590e+00
   7.5074390e+00
   5.8594640e+00
   4.2572670e+00
   2.9297320e+00
   1.8768600e+00
   1.0986500e+00
   6.4087900e-01
   5.0354800e-01
   5.9510200e-01
   8.2398700e-01
   9.6131800e-01
   1.0070950e+00
   7.3243300e-01
   2.2888600e-01
  -4.1199400e-01
  -9.1554100e-01
  -1.1444260e+00
  -8.2398700e-01
  -9.1555000e-02
   1.0528720e+00
   2.2888540e+00
   3.4332800e+00
   4.3030440e+00
   4.8065920e+00
   4.8981460e+00
   4.7608150e+00
   4.3945980e+00
   3.8910510e+00
   3.2043940e+00
   2.4719620e+00
   1.6479740e+00
   8.2398700e-01
   2.7466200e-01
   0.0000000e+00
   2.2888600e-01
   9.1554100e-01
   2.0141900e+00
   3.4790570e+00
   4.9439230e+00
   6.5003430e+00
   7.8736550e+00
   9.1554130e+00
   1.0116732e+01
   1.0620279e+01
   1.0620280e+01
   9.9336230e+00
   8.4229800e+00
   6.3630120e+00
   3.9826050e+00
   1.6937520e+00
   0.0000000e+00
  -7.3243300e-01
  -2.2888500e-01
   1.3733120e+00
   3.8452740e+00
   6.7750060e+00
   9.5674070e+00
   1.1902038e+01
   1.3412680e+01
   1.3870451e+01
   1.3183795e+01
   1.1444267e+01
   8.7434200e+00
   5.4932480e+00
   1.9226360e+00
  -1.3275350e+00
  -3.7994960e+00
  -4.9897010e+00
  -4.6234830e+00
  -2.7008470e+00
   5.9510200e-01
   4.6692610e+00
   9.0638590e+00
   1.3229572e+01
   1.6571298e+01
   1.8814374e+01
   1.9821469e+01
   1.9501030e+01
   1.7898832e+01
   1.5152208e+01
   1.1535820e+01
   7.4616610e+00
   3.2501710e+00
  -5.0354800e-01
  -3.3417260e+00
  -4.9439230e+00
  -5.1728080e+00
  -4.0283820e+00
  -1.8310830e+00
   1.0528730e+00
   4.2114900e+00
   7.1870000e+00
   9.7505150e+00
   1.1627374e+01
   1.2680247e+01
   1.2817579e+01
   1.2039368e+01
   1.0482948e+01
   8.2856480e+00
   5.9510180e+00
   3.7537190e+00
   2.1057450e+00
   1.3275350e+00
   1.3733120e+00
   2.2430760e+00
   3.4790570e+00
   4.7608150e+00
   5.8136870e+00
   6.4087900e+00
   6.4087890e+00
   5.9052410e+00
   5.1270320e+00
   4.0741590e+00
   2.8381780e+00
   1.6021970e+00
   5.0354800e-01
  -3.2043900e-01
  -5.9510100e-01
  -1.3733100e-01
   1.3733120e+00
   3.7994960e+00
   7.1412220e+00
   1.1032273e+01
   1.5106432e+01
   1.8905929e+01
   2.2110323e+01
   2.4399176e+01
   2.5589379e+01
   2.5772488e+01
   2.4902724e+01
   2.3254749e+01
   2.1011673e+01
   1.8539712e+01
   1.6067750e+01
   1.4053560e+01
   1.2542916e+01
   1.1673152e+01
   1.1215381e+01
   1.0803388e+01
   1.0162509e+01
   8.9723050e+00
   7.1412220e+00
   4.8065920e+00
   2.4261840e+00
   3.2044000e-01
  -9.1554200e-01
  -1.0528720e+00
   0.0000000e+00
   2.1515220e+00
   5.0812540e+00
   8.3314260e+00
   1.1490044e+01
   1.4282445e+01
   1.6296636e+01
   1.7349508e+01
   1.7349508e+01
   1.6296635e+01
   1.4328222e+01
   1.1810483e+01
   9.2469670e+00
   7.1869990e+00
   5.9510180e+00
   5.9967950e+00
   7.2785540e+00
   9.5674070e+00
   1.2451362e+01
   1.5335317e+01
   1.7715725e+01
   1.9272144e+01
   1.9775692e+01
   1.9134814e+01
   1.7532616e+01
   1.5060654e+01
   1.1947814e+01
   8.5145340e+00
   5.0812550e+00
   1.9226370e+00
  -4.5777100e-01
  -1.6937510e+00
  -1.6021970e+00
  -1.8310800e-01
   2.1972990e+00
   5.1728090e+00
   8.2856490e+00
   1.0894942e+01
   1.2680248e+01
   1.3366903e+01
   1.2909132e+01
   1.1490043e+01
   9.2011910e+00
   6.4087900e+00
   3.4332800e+00
   7.7821100e-01
  -1.2817580e+00
  -2.3346300e+00
  -2.2430760e+00
  -9.1554100e-01
   1.2359810e+00
   3.8910510e+00
   6.3630120e+00
   8.1483180e+00
   8.7891960e+00
   8.2856490e+00
   6.7750060e+00
   4.6234830e+00
   2.3346300e+00
   4.1199300e-01
  -6.8665600e-01
  -7.7821000e-01
   4.1199400e-01
   2.7466240e+00
   6.1341270e+00
   1.0299839e+01
   1.4923323e+01
   1.9363699e+01
   2.3254750e+01
   2.5864042e+01
   2.6962691e+01
   2.6367589e+01
   2.4170290e+01
   2.0782788e+01
   1.6891737e+01
   1.3092241e+01
   1.0070954e+01
   8.3772030e+00
   8.3314260e+00
   1.0070954e+01
   1.3504235e+01
   1.8356603e+01
   2.4124514e+01
   3.0029755e+01
   3.5431449e+01
   3.9459831e+01
   4.1794461e+01
   4.2114901e+01
   4.0512703e+01
   3.7537194e+01
   3.3829251e+01
   3.0075532e+01
   2.6871137e+01
   2.4628062e+01
   2.3392081e+01
   2.3254749e+01
   2.4078737e+01
   2.5818265e+01
   2.8519112e+01
   3.2135500e+01
   3.6713207e+01
   4.2069123e+01
   4.7837033e+01
   5.3604944e+01
   5.8777752e+01
   6.2760357e+01
   6.5323873e+01
   6.6285191e+01
   6.5644312e+01
   6.3675898e+01
   6.0471504e+01
   5.6488899e+01
   5.1956970e+01
   4.7196155e+01
   4.2618448e+01
   3.8590067e+01
   3.5477226e+01
   3.3417258e+01
   3.2455939e+01
   3.2501716e+01
   3.3142596e+01
   3.4149691e+01
   3.5156786e+01
   3.6209659e+01
   3.7170977e+01
   3.8132295e+01
   3.9093614e+01
   3.9734493e+01
   3.9734493e+01
   3.8635843e+01
   3.5934997e+01
   3.1494622e+01
   2.5314717e+01
   1.7944609e+01
   1.0070955e+01
   2.4719620e+00
  -4.0741580e+00
  -9.0638590e+00
  -1.2222477e+01
  -1.3595788e+01
  -1.3412680e+01
  -1.2130922e+01
  -1.0116731e+01
  -8.0109860e+00
  -6.1799040e+00
  -5.1270310e+00
  -5.1728080e+00
  -6.5003430e+00
  -9.0638590e+00
  -1.2588693e+01
  -1.6617075e+01
  -2.0599680e+01
  -2.4078737e+01
  -2.6642252e+01
  -2.8198672e+01
  -2.8839552e+01
  -2.8747998e+01
  -2.8152895e+01
  -2.7328909e+01
  -2.6504921e+01
  -2.5680933e+01
  -2.5085832e+01
  -2.4673839e+01
  -2.4444954e+01
  -2.4399176e+01
  -2.4444953e+01
  -2.4399176e+01
  -2.4078737e+01
  -2.3254749e+01
  -2.2018769e+01
  -2.0370794e+01
  -1.8493935e+01
  -1.6617075e+01
  -1.5014877e+01
  -1.3870451e+01
  -1.3229572e+01
  -1.3138018e+01
  -1.3412681e+01
  -1.4099336e+01
  -1.5106432e+01
  -1.6388189e+01
  -1.7898833e+01
  -1.9501030e+01
  -2.1011673e+01
  -2.2156100e+01
  -2.2705425e+01
  -2.2430762e+01
  -2.1423667e+01
  -1.9867247e+01
  -1.7990386e+01
  -1.6159304e+01
  -1.4602884e+01
  -1.3458457e+01
  -1.2634470e+01
  -1.2085146e+01
  -1.1627375e+01
  -1.1215381e+01
  -1.0757611e+01
  -1.0437171e+01
  -1.0208285e+01
  -1.0299840e+01
  -1.0711834e+01
  -1.1444266e+01
  -1.2497139e+01
  -1.3733120e+01
  -1.4969100e+01
  -1.6159305e+01
  -1.7074845e+01
  -1.7486839e+01
  -1.7349508e+01
  -1.6617075e+01
  -1.5381094e+01
  -1.4053560e+01
  -1.3000686e+01
  -1.2726025e+01
  -1.3550011e+01
  -1.5518425e+01
  -1.8539711e+01
  -2.2064546e+01
  -2.5589379e+01
  -2.8336003e+01
  -2.9983978e+01
  -3.0212864e+01
  -2.9022660e+01
  -2.6733806e+01
  -2.3804075e+01
  -2.0553903e+01
  -1.7486839e+01
  -1.4923323e+01
  -1.3046464e+01
  -1.2176699e+01
  -1.2314031e+01
  -1.3550011e+01
  -1.5564203e+01
  -1.8219272e+01
  -2.1011673e+01
  -2.3483635e+01
  -2.5268940e+01
  -2.6138704e+01
  -2.6001374e+01
  -2.4856947e+01
  -2.2934310e+01
  -2.0462348e+01
  -1.7669947e+01
  -1.4785992e+01
  -1.2085145e+01
  -9.7962920e+00
  -8.2398720e+00
  -7.5989930e+00
  -8.1025400e+00
  -9.7505150e+00
  -1.2451362e+01
  -1.5884641e+01
  -1.9638361e+01
  -2.3346303e+01
  -2.6596475e+01
  -2.9297322e+01
  -3.1265735e+01
  -3.2410162e+01
  -3.2776379e+01
  -3.2181277e+01
  -3.0762188e+01
  -2.8336004e+01
  -2.5085832e+01
  -2.1332113e+01
  -1.7441062e+01
  -1.3962005e+01
  -1.1352712e+01
  -9.9336230e+00
  -9.7047370e+00
  -1.0666056e+01
  -1.2451362e+01
  -1.4831769e+01
  -1.7303730e+01
  -1.9592584e+01
  -2.1469444e+01
  -2.2659648e+01
  -2.3163195e+01
  -2.2842756e+01
  -2.1744106e+01
  -2.0050355e+01
  -1.7853056e+01
  -1.5564203e+01
  -1.3458458e+01
  -1.1627375e+01
  -1.0299840e+01
  -9.4300760e+00
  -8.8807510e+00
  -8.7434190e+00
  -8.8807510e+00
  -9.4300750e+00
  -1.0528725e+01
  -1.2222477e+01
  -1.4465553e+01
  -1.6983291e+01
  -1.9363699e+01
  -2.1103228e+01
  -2.1515221e+01
  -2.0508125e+01
  -1.7853056e+01
  -1.3824674e+01
  -9.0180820e+00
  -4.1657130e+00
   9.1554000e-02
   2.9755090e+00
   3.9826050e+00
   2.8839550e+00
  -2.2888500e-01
  -5.1270310e+00
  -1.1123827e+01
  -1.7532616e+01
  -2.3483635e+01
  -2.8198673e+01
  -3.1128404e+01
  -3.1998169e+01
  -3.0945296e+01
  -2.8198672e+01
  -2.4399176e+01
  -2.0187686e+01
  -1.5976196e+01
  -1.2268254e+01
  -9.2927440e+00
  -7.1869990e+00
  -6.0883500e+00
  -5.9967950e+00
  -7.0038910e+00
  -9.0638590e+00
  -1.2039369e+01
  -1.5609979e+01
  -1.9272145e+01
  -2.2476539e+01
  -2.4719616e+01
  -2.5680933e+01
  -2.5223164e+01
  -2.3529412e+01
  -2.0828565e+01
  -1.7532616e+01
  -1.4099336e+01
  -1.0849165e+01
  -8.1483170e+00
  -6.2256810e+00
  -5.1728080e+00
  -5.1270320e+00
  -5.9967960e+00
  -7.6447700e+00
  -9.7047380e+00
  -1.1902037e+01
  -1.3916228e+01
  -1.5472648e+01
  -1.6342413e+01
  -1.6754406e+01
  -1.6754406e+01
  -1.6433966e+01
  -1.5930419e+01
  -1.5289540e+01
  -1.4328221e+01
  -1.2954910e+01
  -1.1169604e+01
  -8.9265270e+00
  -6.6376750e+00
  -4.5319300e+00
  -2.9755090e+00
  -2.2888530e+00
  -2.6092930e+00
  -3.9368270e+00
  -6.0425730e+00
  -8.8807500e+00
  -1.2039368e+01
  -1.5289540e+01
  -1.8356603e+01
  -2.0920119e+01
  -2.2659648e+01
  -2.3392080e+01
  -2.2934309e+01
  -2.1377890e+01
  -1.8860151e+01
  -1.5884641e+01
  -1.2863356e+01
  -1.0299840e+01
  -8.4687570e+00
  -7.5989920e+00
  -7.6447700e+00
  -8.5603110e+00
  -9.9794000e+00
  -1.1810483e+01
  -1.3824673e+01
  -1.5838864e+01
  -1.7715724e+01
  -1.9134813e+01
  -2.0004578e+01
  -2.0096132e+01
  -1.9272145e+01
  -1.7669948e+01
  -1.5426871e+01
  -1.2771802e+01
  -1.0116731e+01
  -7.6905470e+00
  -5.7221330e+00
  -4.3488210e+00
  -3.6621660e+00
  -3.6621650e+00
  -4.3945980e+00
  -5.7221330e+00
  -7.6905470e+00
  -9.8878460e+00
  -1.2085145e+01
  -1.3778897e+01
  -1.4740215e+01
  -1.4602884e+01
  -1.3412680e+01
  -1.1306935e+01
  -8.7434200e+00
  -6.1799040e+00
  -3.9368280e+00
  -2.3346300e+00
  -1.6479750e+00
  -1.6479750e+00
  -2.4719620e+00
  -3.7994970e+00
  -5.5390250e+00
  -7.4616620e+00
  -9.4758530e+00
  -1.1123827e+01
  -1.2268253e+01
  -1.2634470e+01
  -1.2085145e+01
  -1.0620279e+01
  -8.4229800e+00
  -5.6305790e+00
  -2.7466240e+00
   0.0000000e+00
   2.3804080e+00
   4.1199360e+00
   5.2185860e+00
   5.4932480e+00
   4.9439230e+00
   3.4332800e+00
   1.1444270e+00
  -1.7853050e+00
  -4.9439230e+00
  -8.0109860e+00
  -1.0437171e+01
  -1.1718929e+01
  -1.1673152e+01
  -1.0116732e+01
  -7.2327770e+00
  -3.2959490e+00
   1.2359810e+00
   5.8594650e+00
   1.0254063e+01
   1.3962005e+01
   1.6662852e+01
   1.8173495e+01
   1.8219272e+01
   1.6891738e+01
   1.4282444e+01
   1.0757610e+01
   6.8207830e+00
   2.7924010e+00
  -9.1554100e-01
  -4.1199360e+00
  -6.6834520e+00
  -8.8349740e+00
  -1.0528725e+01
  -1.1947814e+01
  -1.2863356e+01
  -1.3321126e+01
  -1.3046464e+01
  -1.1902037e+01
  -1.0025177e+01
  -7.5989930e+00
  -5.0354770e+00
  -2.7466240e+00
  -1.2359800e+00
  -5.9510200e-01
  -9.6131900e-01
  -2.2430760e+00
  -4.3030440e+00
  -6.8665600e+00
  -9.7047380e+00
  -1.2542916e+01
  -1.5197986e+01
  -1.7349508e+01
  -1.8860151e+01
  -1.9501030e+01
  -1.9180591e+01
  -1.7990386e+01
  -1.6021973e+01
  -1.3595789e+01
  -1.0894941e+01
  -8.1940950e+00
  -5.6763560e+00
  -3.5248340e+00
  -1.7395280e+00
  -5.9510200e-01
  -1.3733100e-01
  -5.0354800e-01
  -1.6937510e+00
  -3.6163880e+00
  -5.8136880e+00
  -7.9194330e+00
  -9.3385220e+00
  -9.7047380e+00
  -8.7434190e+00
  -6.4545660e+00
  -3.0670630e+00
   9.6131800e-01
   5.1270310e+00
   8.9265280e+00
   1.1993591e+01
   1.3916228e+01
   1.4511330e+01
   1.3687342e+01
   1.1535821e+01
   8.1025410e+00
   3.9368280e+00
  -5.9510200e-01
  -4.9439230e+00
  -8.4229800e+00
  -1.0620279e+01
  -1.1398489e+01
  -1.0574502e+01
  -8.5145340e+00
  -5.4932480e+00
  -2.0141910e+00
   1.5564200e+00
   4.6692600e+00
   7.0038910e+00
   8.3772030e+00
   8.5145340e+00
   7.4158850e+00
   5.2185860e+00
   2.2430760e+00
  -1.0070950e+00
  -3.9368280e+00
  -5.9967950e+00
  -6.9581140e+00
  -6.6834520e+00
  -5.5390250e+00
  -4.0283820e+00
  -2.7466240e+00
  -2.1972990e+00
  -2.6550700e+00
  -4.1199360e+00
  -6.2714580e+00
  -8.7434200e+00
  -1.1123827e+01
  -1.2909132e+01
  -1.3916228e+01
  -1.4007782e+01
  -1.3275349e+01
  -1.1993591e+01
  -1.0254062e+01
  -8.5145340e+00
  -7.1412220e+00
  -6.2714580e+00
  -6.2256810e+00
  -6.8207830e+00
  -7.9194320e+00
  -9.1096360e+00
  -9.9336230e+00
  -9.8878470e+00
  -8.8349740e+00
  -6.6834520e+00
  -3.7079420e+00
  -3.6621700e-01
   2.8381790e+00
   5.3559170e+00
   6.9581140e+00
   7.5532160e+00
   7.0496680e+00
   5.6763560e+00
   3.6163880e+00
   1.1902040e+00
  -1.3275340e+00
  -3.5706110e+00
  -5.1270320e+00
  -5.7221330e+00
  -5.1270320e+00
  -3.2043950e+00
  -2.2888500e-01
   3.4790570e+00
   7.2785530e+00
   1.0711833e+01
   1.3183795e+01
   1.4419776e+01
   1.4236668e+01
   1.2680248e+01
   9.8878460e+00
   6.2256800e+00
   2.0141900e+00
  -2.3346300e+00
  -6.2256810e+00
  -9.2927440e+00
  -1.0986495e+01
  -1.1078050e+01
  -9.4300750e+00
  -6.2256810e+00
  -1.9226370e+00
   2.9297320e+00
   7.8278790e+00
   1.2085145e+01
   1.5472649e+01
   1.7578393e+01
   1.8493934e+01
   1.8036163e+01
   1.6433967e+01
   1.3778897e+01
   1.0208286e+01
   6.1799040e+00
   2.1973000e+00
  -1.1902030e+00
  -3.3417250e+00
  -3.8452740e+00
  -2.4719610e+00
   8.2398700e-01
   5.5390250e+00
   1.1261159e+01
   1.7212176e+01
   2.2705425e+01
   2.7237354e+01
   3.0304417e+01
   3.1723507e+01
   3.1357290e+01
   2.9251545e+01
   2.5818265e+01
   2.1423667e+01
   1.6708629e+01
   1.2314031e+01
   8.8349740e+00
   6.6834510e+00
   5.8594650e+00
   6.4087890e+00
   7.7821010e+00
   9.4758520e+00
   1.0986496e+01
   1.1810483e+01
   1.1810483e+01
   1.0849165e+01
   9.1096360e+00
   6.8207830e+00
   4.2572670e+00
   1.9226360e+00
   1.8310800e-01
  -6.8665600e-01
  -3.6621600e-01
   1.1444260e+00
   3.5248340e+00
   6.4545660e+00
   9.2469670e+00
   1.1169604e+01
   1.1856260e+01
   1.1032273e+01
   8.8349740e+00
   5.5848020e+00
   1.9226360e+00
  -1.4190890e+00
  -4.0283820e+00
  -5.4932480e+00
  -5.8594650e+00
  -5.2185860e+00
  -3.7079430e+00
  -1.7395290e+00
   4.1199400e-01
   2.3804070e+00
   3.8910510e+00
   4.5319290e+00
   4.2114900e+00
   2.8839560e+00
   6.4087900e-01
  -1.9684140e+00
  -4.4861530e+00
  -6.1799040e+00
  -6.5918980e+00
  -5.4932480e+00
  -2.8381780e+00
   1.0528730e+00
   5.5390250e+00
   1.0070954e+01
   1.4007782e+01
   1.6800184e+01
   1.8265049e+01
   1.8219272e+01
   1.6708629e+01
   1.4007782e+01
   1.0528725e+01
   6.6834520e+00
   3.2043940e+00
   6.4087900e-01
  -7.3243300e-01
  -5.4932400e-01
   1.0070950e+00
   3.6621650e+00
   6.9123370e+00
   1.0299840e+01
   1.3321126e+01
   1.5655756e+01
   1.7166399e+01
   1.7715725e+01
   1.7441062e+01
   1.6250858e+01
   1.4190890e+01
   1.1444266e+01
   8.2398720e+00
   4.9439230e+00
   1.8768600e+00
  -2.7466200e-01
  -1.2359810e+00
  -7.3243300e-01
   1.2817580e+00
   4.3488210e+00
   8.1940950e+00
   1.2222477e+01
   1.5838865e+01
   1.8677043e+01
   2.0187686e+01
   2.0233464e+01
   1.8722820e+01
   1.5564202e+01
   1.1215381e+01
   5.9510180e+00
   4.1199400e-01
  -4.6692610e+00
  -8.6976420e+00
  -1.1215381e+01
  -1.2085146e+01
  -1.1398490e+01
  -9.5216300e+00
  -7.0954450e+00
  -4.5319300e+00
  -2.2430760e+00
  -5.4932500e-01
   5.4932500e-01
   1.0528720e+00
   1.0528730e+00
   8.2398700e-01
   4.1199300e-01
   0.0000000e+00
  -9.1554000e-02
   9.1554000e-02
   8.6976400e-01
   1.9684130e+00
   3.4790570e+00
   4.9439230e+00
   6.0883500e+00
   6.7750060e+00
   6.6834510e+00
   5.9510190e+00
   4.8065920e+00
   3.5248340e+00
   2.3346310e+00
   1.5564200e+00
   1.2817580e+00
   1.4190890e+00
   1.9226370e+00
   2.6550700e+00
   3.5248340e+00
   4.3488210e+00
   5.1270320e+00
   5.6305790e+00
   5.7679100e+00
   5.3559170e+00
   4.4861520e+00
   3.1586180e+00
   1.7853060e+00
   5.4932500e-01
  -4.5777000e-02
   1.8310800e-01
   1.4190890e+00
   3.4790570e+00
   6.0425720e+00
   8.7434190e+00
   1.1215381e+01
   1.3046464e+01
   1.4053559e+01
   1.4236668e+01
   1.3412681e+01
   1.1627375e+01
   9.0638590e+00
   5.9510190e+00
   2.5635160e+00
  -5.9510200e-01
  -3.2043950e+00
  -4.7608150e+00
  -4.9897000e+00
  -3.7537190e+00
  -1.3275350e+00
   2.0599680e+00
   5.9052420e+00
   9.7505150e+00
   1.3183795e+01
   1.5838865e+01
   1.7441062e+01
   1.7761501e+01
   1.6662852e+01
   1.4053559e+01
   1.0116731e+01
   5.1728080e+00
  -9.1554000e-02
  -4.9439230e+00
  -8.5603110e+00
  -1.0208286e+01
  -9.3842990e+00
  -6.0425720e+00
  -5.0354800e-01
   6.4545670e+00
   1.4007782e+01
   2.1057450e+01
   2.6825361e+01
   3.0487526e+01
   3.1631952e+01
   3.0212863e+01
   2.6413367e+01
   2.0828565e+01
   1.4145113e+01
   7.5074390e+00
   1.6479750e+00
  -2.7008470e+00
  -5.0354770e+00
  -5.4474710e+00
  -4.2572670e+00
  -2.0599680e+00
   4.5777100e-01
   2.7466240e+00
   4.3030440e+00
   5.0354770e+00
   4.9439230e+00
   4.1657130e+00
   2.8839560e+00
   1.3275350e+00
  -3.2044000e-01
  -1.8310820e+00
  -3.1128400e+00
  -3.8452740e+00
  -4.0283820e+00
  -3.5248340e+00
  -2.5177380e+00
  -1.2359810e+00
   0.0000000e+00
   8.6976500e-01
   1.0986490e+00
   6.8665600e-01
  -1.8310800e-01
  -1.4190890e+00
  -2.6550700e+00
  -3.7079420e+00
  -4.3945980e+00
  -4.7150370e+00
  -4.7608150e+00
  -4.5777070e+00
  -4.3030440e+00
  -3.9826040e+00
  -3.7537190e+00
  -3.6163880e+00
  -3.6621650e+00
  -3.8910500e+00
  -4.1657130e+00
  -4.3945980e+00
  -4.3030440e+00
  -3.6163890e+00
  -2.1972990e+00
  -9.1555000e-02
   2.5635160e+00
   5.3559170e+00
   7.9194320e+00
   9.7962920e+00
   1.0849164e+01
   1.0986496e+01
   1.0345617e+01
   9.1554140e+00
   7.6905470e+00
   6.0883500e+00
   4.4403750e+00
   2.8381780e+00
   1.1902040e+00
  -3.2043900e-01
  -1.6021970e+00
  -2.4261850e+00
  -2.6550700e+00
  -2.1972990e+00
  -1.0986500e+00
   5.0354800e-01
   2.5177380e+00
   4.5777070e+00
   6.5918970e+00
   8.2856490e+00
   9.5216290e+00
   1.0070955e+01
   9.6589600e+00
   8.1483180e+00
   5.4932480e+00
   1.8310830e+00
  -2.3346310e+00
  -6.4545670e+00
  -9.7047380e+00
  -1.1398490e+01
  -1.1032272e+01
  -8.4687570e+00
  -3.8452730e+00
   2.1515220e+00
   8.8349740e+00
   1.5197986e+01
   2.0462349e+01
   2.3758298e+01
   2.4719616e+01
   2.3208972e+01
   1.9317922e+01
   1.3687343e+01
   7.0496680e+00
   3.6621700e-01
  -5.3559160e+00
  -9.4300760e+00
  -1.1444266e+01
  -1.1490044e+01
  -9.7962920e+00
  -7.1412220e+00
  -4.1657130e+00
  -1.6021970e+00
   2.2888500e-01
   9.6131800e-01
   6.8665600e-01
  -4.1199300e-01
  -2.1973000e+00
  -4.2572670e+00
  -6.4087890e+00
  -8.2398710e+00
  -9.4758520e+00
  -9.7505150e+00
  -8.9723050e+00
  -7.0038910e+00
  -4.1199360e+00
  -7.3243300e-01
   2.5177390e+00
   5.1728090e+00
   6.7292290e+00
   6.9123370e+00
   5.8136870e+00
   3.7537190e+00
   1.1444270e+00
  -1.6021980e+00
  -3.9826050e+00
  -5.7679100e+00
  -6.7750060e+00
  -6.9581140e+00
  -6.5003430e+00
  -5.4474710e+00
  -4.1199360e+00
  -2.8381780e+00
  -1.8768590e+00
  -1.4648660e+00
  -1.6479750e+00
  -2.4719620e+00
  -3.5248340e+00
  -4.4861520e+00
  -4.9897000e+00
  -4.7608150e+00
  -3.6621660e+00
  -1.7853060e+00
   6.4087900e-01
   3.2959490e+00
   5.9052420e+00
   8.2856490e+00
   1.0162508e+01
   1.1490044e+01
   1.2085146e+01
   1.1947814e+01
   1.1032273e+01
   9.4300760e+00
   7.3701080e+00
   5.1270320e+00
   3.1586170e+00
   2.0141910e+00
   1.7853060e+00
   2.6092930e+00
   4.3488210e+00
   6.5461200e+00
   8.7891960e+00
   1.0620280e+01
   1.1764706e+01
   1.2039369e+01
   1.1444266e+01
   9.9794000e+00
   7.8736550e+00
   5.2185850e+00
   2.1972990e+00
  -1.0070950e+00
  -4.1199360e+00
  -6.8207830e+00
  -8.7434200e+00
  -9.7047380e+00
  -9.5674070e+00
  -8.2856490e+00
  -6.1341270e+00
  -3.3875030e+00
  -4.1199300e-01
   2.6092930e+00
   5.3559160e+00
   7.5074390e+00
   8.9265280e+00
   9.3842980e+00
   8.8349730e+00
   7.3243300e+00
   5.1728080e+00
   2.5635160e+00
   1.3733200e-01
  -1.6021980e+00
  -2.4719620e+00
  -2.1972990e+00
  -1.0070960e+00
   9.6131900e-01
   3.1128400e+00
   5.2185850e+00
   7.0038910e+00
   8.2856480e+00
   9.1096360e+00
   9.5674060e+00
   9.7505150e+00
   9.6131840e+00
   9.2469670e+00
   8.6518660e+00
   7.7363240e+00
   6.6376740e+00
   5.2643630e+00
   3.7079420e+00
   2.0141910e+00
   0.0000000e+00
  -2.2888530e+00
  -4.8523690e+00
  -7.6447700e+00
  -1.0391394e+01
  -1.2954910e+01
  -1.5014877e+01
  -1.6342413e+01
  -1.6983291e+01
  -1.6983292e+01
  -1.6479744e+01
  -1.5747310e+01
  -1.4969101e+01
  -1.4328222e+01
  -1.3870451e+01
  -1.3550012e+01
  -1.3595788e+01
  -1.3962005e+01
  -1.4740215e+01
  -1.5884642e+01
  -1.7303731e+01
  -1.8722819e+01
  -1.9821469e+01
  -2.0370794e+01
  -2.0096132e+01
  -1.9134813e+01
  -1.7486839e+01
  -1.5609980e+01
  -1.3641566e+01
  -1.1993591e+01
  -1.0803388e+01
  -1.0070955e+01
  -9.8878460e+00
  -1.0070955e+01
  -1.0574502e+01
  -1.1352713e+01
  -1.2176699e+01
  -1.2954910e+01
  -1.3412681e+01
  -1.3275349e+01
  -1.2405585e+01
  -1.0528725e+01
  -7.7821010e+00
  -4.3488210e+00
  -5.9510200e-01
   3.0212860e+00
   6.1799040e+00
   8.4687570e+00
   9.7505150e+00
   9.8420690e+00
   8.6518650e+00
   6.3630120e+00
   3.0670630e+00
  -8.2398700e-01
  -4.8981460e+00
  -8.5145350e+00
  -1.1078050e+01
  -1.2222477e+01
  -1.1490044e+01
  -9.0638590e+00
  -5.2185850e+00
  -5.9510100e-01
   4.1199360e+00
   8.3772030e+00
   1.1673152e+01
   1.3778897e+01
   1.4602884e+01
   1.4236668e+01
   1.2909133e+01
   1.0711833e+01
   7.9194330e+00
   4.7608140e+00
   1.6479740e+00
  -1.0070950e+00
  -2.8839550e+00
  -3.7537190e+00
  -3.3875030e+00
  -1.9226370e+00
   4.5777100e-01
   3.2501710e+00
   6.0883500e+00
   8.6518660e+00
   1.0574502e+01
   1.1673152e+01
   1.1902037e+01
   1.1215381e+01
   9.7505150e+00
   7.7363240e+00
   5.5848020e+00
   3.6163880e+00
   2.2888530e+00
   1.7853050e+00
   2.1972990e+00
   3.2501720e+00
