   0.0000000e+00
   4.5169389e-02
   1.3613550e-01
   2.5470515e-01
   3.7641154e-01
   4.8243413e-01
   5.5897115e-01
   6.0163111e-01
   6.1417818e-01
   6.0602258e-01
   5.8720201e-01
   5.6963614e-01
   5.5897113e-01
   5.5771644e-01
   5.6336261e-01
   5.7402760e-01
   5.8531996e-01
   5.9410288e-01
   5.9912171e-01
   5.9912171e-01
   5.9473025e-01
   5.8782936e-01
   5.7841908e-01
   5.6838143e-01
   5.5834379e-01
   5.4956086e-01
   5.4203262e-01
   5.3764116e-01
   5.3513174e-01
   5.3513174e-01
   5.3638646e-01
   5.3889587e-01
   5.4265998e-01
   5.4956084e-01
   5.5959848e-01
   5.7465495e-01
   5.9598494e-01
   6.2107904e-01
   6.5056461e-01
   6.7942284e-01
   7.0702635e-01
   7.2961103e-01
   7.4654956e-01
   7.5658720e-01
   7.6097867e-01
   7.6286073e-01
   7.6223337e-01
   7.6348808e-01
   7.6850689e-01
   7.7979925e-01
   7.9924718e-01
   8.2747804e-01
   8.6198244e-01
   9.0025095e-01
   9.3851945e-01
   9.6988708e-01
   9.9184441e-01
   1.0000000e+00
   9.9372648e-01
   9.7302384e-01
   9.4228356e-01
   9.0652446e-01
   8.7139272e-01
   8.4065244e-01
   8.1994981e-01
   8.1116687e-01
   8.1367628e-01
   8.2810540e-01
   8.4943538e-01
   8.7515684e-01
   9.0025095e-01
   9.1907151e-01
   9.2848180e-01
   9.2471769e-01
   9.0715182e-01
   8.7766625e-01
   8.3939774e-01
   7.9799247e-01
   7.5658720e-01
   7.2082811e-01
   6.9322460e-01
   6.7314931e-01
   6.6122961e-01
   6.5621079e-01
   6.5495609e-01
   6.5683814e-01
   6.5934755e-01
   6.6185697e-01
   6.6122961e-01
   6.5746550e-01
   6.4805522e-01
   6.3488081e-01
   6.1668758e-01
   5.9535760e-01
   5.7151819e-01
   5.4767880e-01
   5.2446675e-01
   5.0313677e-01
   4.8306148e-01
   4.6361354e-01
   4.4416563e-01
   4.2534505e-01
   4.0652447e-01
   3.8895860e-01
   3.7264743e-01
   3.5759097e-01
   3.4441656e-01
   3.3375157e-01
   3.2371393e-01
   3.1493099e-01
   3.0803012e-01
   3.0175658e-01
   2.9611041e-01
   2.8983690e-01
   2.8042661e-01
   2.6787955e-01
   2.5094102e-01
   2.2898369e-01
   2.0451695e-01
   1.8005019e-01
   1.5934754e-01
   1.4680050e-01
   1.4366374e-01
   1.5181932e-01
   1.6875785e-01
   1.9385195e-01
   2.2333752e-01
   2.5533250e-01
   2.8419072e-01
   3.0928483e-01
   3.2685070e-01
   3.3626097e-01
   3.3500627e-01
   3.2496863e-01
   3.0489335e-01
   2.7854454e-01
   2.4717691e-01
   2.1455459e-01
   1.8444166e-01
   1.5746550e-01
   1.3613552e-01
   1.2045170e-01
   1.1166876e-01
   1.0853200e-01
   1.1229611e-01
   1.2045168e-01
   1.3425346e-01
   1.5181932e-01
   1.7001255e-01
   1.8632372e-01
   1.9887077e-01
   2.0514430e-01
   2.0451695e-01
   1.9698871e-01
   1.8444166e-01
   1.7001255e-01
   1.5683815e-01
   1.4554581e-01
   1.3927228e-01
   1.3927228e-01
   1.4617314e-01
   1.5934756e-01
   1.8005019e-01
   2.0639900e-01
   2.3713927e-01
   2.6725219e-01
   2.9422836e-01
   3.1367629e-01
   3.2371393e-01
   3.2120452e-01
   3.0865746e-01
   2.8795483e-01
   2.6348808e-01
   2.3902133e-01
   2.1957341e-01
   2.0765370e-01
   2.0514430e-01
   2.1079048e-01
   2.2396487e-01
   2.4027603e-01
   2.5721455e-01
   2.7101632e-01
   2.7854454e-01
   2.7728984e-01
   2.6850690e-01
   2.5282309e-01
   2.3149311e-01
   2.1016312e-01
   1.9071518e-01
   1.7754078e-01
   1.7126725e-01
   1.7252196e-01
   1.8130491e-01
   1.9447931e-01
   2.1141781e-01
   2.3023839e-01
   2.5219574e-01
   2.7540778e-01
   3.0050187e-01
   3.2496863e-01
   3.4880804e-01
   3.6951067e-01
   3.8582182e-01
   3.9648682e-01
   4.0213301e-01
   4.0401506e-01
   4.0276036e-01
   4.0025095e-01
   3.9711418e-01
   3.9523213e-01
   3.9209536e-01
   3.8707653e-01
   3.8080301e-01
   3.7264744e-01
   3.6260979e-01
   3.5319950e-01
   3.4504391e-01
   3.4065245e-01
   3.4065245e-01
   3.4692597e-01
   3.5947303e-01
   3.8017566e-01
   4.0652447e-01
   4.3789210e-01
   4.7051442e-01
   5.0188205e-01
   5.2823087e-01
   5.4642409e-01
   5.5395232e-01
   5.5144291e-01
   5.4015057e-01
   5.2132999e-01
   4.9874530e-01
   4.7427855e-01
   4.5106651e-01
   4.2973652e-01
   4.1217065e-01
   4.0150564e-01
   3.9774153e-01
   4.0526977e-01
   4.2409033e-01
   4.5420325e-01
   4.9372648e-01
   5.4015057e-01
   5.8657466e-01
   6.2923463e-01
   6.6185696e-01
   6.8130489e-01
   6.8632371e-01
   6.7754078e-01
   6.5746550e-01
   6.3111668e-01
   6.0100376e-01
   5.7402761e-01
   5.5395233e-01
   5.4328733e-01
   5.4516938e-01
   5.5646173e-01
   5.7653702e-01
   6.0037642e-01
   6.2421582e-01
   6.4366373e-01
   6.5495609e-01
   6.5683814e-01
   6.5119198e-01
   6.3739021e-01
   6.2107904e-01
   6.0288582e-01
   5.8720200e-01
   5.7340025e-01
   5.6461731e-01
   5.6148055e-01
   5.6398996e-01
   5.7340025e-01
   5.9033877e-01
   6.1480551e-01
   6.4554580e-01
   6.8067755e-01
   7.1769135e-01
   7.5345044e-01
   7.8481808e-01
   8.1116687e-01
   8.3061480e-01
   8.4441657e-01
   8.5445421e-01
   8.6135508e-01
   8.6637390e-01
   8.7139273e-01
   8.7766625e-01
   8.8393978e-01
   8.9084065e-01
   8.9711418e-01
   9.0213300e-01
   9.0338771e-01
   9.0087830e-01
   8.9335007e-01
   8.8268507e-01
   8.7013801e-01
   8.5884567e-01
   8.5194479e-01
   8.5257214e-01
   8.6072774e-01
   8.7703889e-01
   8.9836888e-01
   9.2158093e-01
   9.4291090e-01
   9.5922207e-01
   9.6612296e-01
   9.6486825e-01
   9.5483061e-01
   9.3726474e-01
   9.1405268e-01
   8.8958596e-01
   8.6574655e-01
   8.4692597e-01
   8.3626098e-01
   8.3563362e-01
   8.4567127e-01
   8.6449185e-01
   8.9021331e-01
   9.1656210e-01
   9.4040151e-01
   9.5671267e-01
   9.6235885e-01
   9.5922209e-01
   9.4730238e-01
   9.2973652e-01
   9.0966124e-01
   8.9021331e-01
   8.7515684e-01
   8.6386448e-01
   8.5884567e-01
   8.5947303e-01
   8.6574655e-01
   8.7703889e-01
   8.9084066e-01
   9.0589711e-01
   9.1907153e-01
   9.2785446e-01
   9.3099122e-01
   9.2534504e-01
   9.1091593e-01
   8.8958594e-01
   8.6010037e-01
   8.2622334e-01
   7.9046424e-01
   7.5533249e-01
   7.2396487e-01
   7.0138018e-01
   6.8820577e-01
   6.8695106e-01
   6.9761606e-01
   7.1894604e-01
   7.4592220e-01
   7.7352572e-01
   7.9548307e-01
   8.0865747e-01
   8.0991217e-01
   7.9924718e-01
   7.7917188e-01
   7.5470514e-01
   7.2961105e-01
   7.0828106e-01
   6.9385195e-01
   6.8695108e-01
   6.8820578e-01
   6.9761606e-01
   7.1204517e-01
   7.2898368e-01
   7.4905896e-01
   7.6725220e-01
   7.8356336e-01
   7.9548307e-01
   8.0238394e-01
   8.0489334e-01
   8.0363865e-01
   7.9987453e-01
   7.9485570e-01
   7.8983689e-01
   7.8670012e-01
   7.8607277e-01
   7.8670013e-01
   7.8858219e-01
   7.9360101e-01
   7.9987453e-01
   8.0803012e-01
   8.1806776e-01
   8.2936010e-01
   8.4127979e-01
   8.5194480e-01
   8.6010037e-01
   8.6637390e-01
   8.6951067e-01
   8.7013803e-01
   8.6825597e-01
   8.6323714e-01
   8.5508156e-01
   8.4316185e-01
   8.2810540e-01
   8.0928482e-01
   7.8920954e-01
   7.6850689e-01
   7.5094102e-01
   7.3713927e-01
   7.2961103e-01
   7.2835634e-01
   7.3212045e-01
   7.4153074e-01
   7.5533249e-01
   7.7352572e-01
   7.9485572e-01
   8.2120453e-01
   8.5006273e-01
   8.8017565e-01
   9.0777917e-01
   9.3099121e-01
   9.4604767e-01
   9.5232120e-01
   9.4792974e-01
   9.3287328e-01
   9.1028859e-01
   8.8268506e-01
   8.5445421e-01
   8.2873275e-01
   8.0928482e-01
   7.9924718e-01
   8.0050188e-01
   8.1493100e-01
   8.3939775e-01
   8.7264743e-01
   9.0966122e-01
   9.4353827e-01
   9.6988708e-01
   9.8368883e-01
   9.8180677e-01
   9.6486827e-01
   9.3475533e-01
   8.9648682e-01
   8.5508156e-01
   8.1430365e-01
   7.8042660e-01
   7.5533249e-01
   7.4404015e-01
   7.4529485e-01
   7.6035132e-01
   7.8732748e-01
   8.2245923e-01
   8.6135508e-01
   9.0025095e-01
   9.3161857e-01
   9.5294856e-01
   9.6110414e-01
   9.5545796e-01
   9.3851945e-01
   9.1342535e-01
   8.8456713e-01
   8.5633626e-01
   8.3375156e-01
   8.1806776e-01
   8.1242159e-01
   8.1430365e-01
   8.2371392e-01
   8.3814304e-01
   8.5257214e-01
   8.6449185e-01
   8.6951066e-01
   8.6762861e-01
   8.5633626e-01
   8.3688833e-01
   8.1179423e-01
   7.8356336e-01
   7.5470514e-01
   7.2898368e-01
   7.0514429e-01
   6.8569636e-01
   6.6875784e-01
   6.5495609e-01
   6.4491845e-01
   6.3801757e-01
   6.3488081e-01
   6.3676286e-01
   6.4366374e-01
   6.5307403e-01
   6.6562108e-01
   6.7816813e-01
   6.9008782e-01
   6.9949811e-01
   7.0639899e-01
   7.0890840e-01
   7.0828105e-01
   7.0451694e-01
   6.9636135e-01
   6.8444166e-01
   6.7001254e-01
   6.5370137e-01
   6.3739021e-01
   6.2233375e-01
   6.1041405e-01
   6.0225847e-01
   5.9786700e-01
   5.9786700e-01
   6.0100376e-01
   6.0664994e-01
   6.1606023e-01
   6.2672522e-01
   6.4052697e-01
   6.5432874e-01
   6.6813049e-01
   6.7879549e-01
   6.8569636e-01
   6.8569636e-01
   6.8005018e-01
   6.6938520e-01
   6.5621079e-01
   6.4240904e-01
   6.3111668e-01
   6.2296111e-01
   6.2045169e-01
   6.2233375e-01
   6.3111670e-01
   6.4554579e-01
   6.6562108e-01
   6.9134253e-01
   7.2020074e-01
   7.5094103e-01
   7.8042660e-01
   8.0426601e-01
   8.1994981e-01
   8.2496862e-01
   8.1744040e-01
   7.9987453e-01
   7.7352572e-01
   7.4027604e-01
   7.0514429e-01
   6.7189461e-01
   6.4554580e-01
   6.2735257e-01
   6.2170641e-01
   6.2860728e-01
   6.4617315e-01
   6.7252195e-01
   7.0263488e-01
   7.3086575e-01
   7.5156838e-01
   7.6286073e-01
   7.6160602e-01
   7.4780426e-01
   7.2396487e-01
   6.9385195e-01
   6.5934755e-01
   6.2547052e-01
   5.9347553e-01
   5.6461731e-01
   5.4203262e-01
   5.2572147e-01
   5.1756587e-01
   5.1819323e-01
   5.2885821e-01
   5.4642410e-01
   5.7026349e-01
   5.9661229e-01
   6.2296111e-01
   6.4491845e-01
   6.6060225e-01
   6.6875785e-01
   6.6813049e-01
   6.5997490e-01
   6.4491843e-01
   6.2609786e-01
   6.0539522e-01
   5.8657465e-01
   5.7214554e-01
   5.6398996e-01
   5.6398996e-01
   5.7089084e-01
   5.8406524e-01
   5.9974906e-01
   6.1480553e-01
   6.2547052e-01
   6.3111668e-01
   6.3111668e-01
   6.2735257e-01
   6.2107906e-01
   6.1543288e-01
   6.1355082e-01
   6.1543286e-01
   6.2107904e-01
   6.2986198e-01
   6.4115434e-01
   6.5432872e-01
   6.6750314e-01
   6.7942283e-01
   6.9008782e-01
   6.9761606e-01
   7.0138017e-01
   7.0263488e-01
   7.0075283e-01
   6.9636135e-01
   6.9196989e-01
   6.8820577e-01
   6.8444166e-01
   6.8255960e-01
   6.7942283e-01
   6.7565872e-01
   6.6813050e-01
   6.5872020e-01
   6.4491845e-01
   6.2986198e-01
   6.1417818e-01
   5.9849436e-01
   5.8469259e-01
   5.7590967e-01
   5.7214554e-01
   5.7528230e-01
   5.8594731e-01
   6.0414053e-01
   6.2923464e-01
   6.5746550e-01
   6.8506900e-01
   7.0639899e-01
   7.1894605e-01
   7.1957341e-01
   7.0765370e-01
   6.8569636e-01
   6.5809285e-01
   6.2986198e-01
   6.0539524e-01
   5.8845672e-01
   5.8218319e-01
   5.8782936e-01
   6.0288582e-01
   6.2672522e-01
   6.5683814e-01
   6.9071517e-01
   7.2521957e-01
   7.5721456e-01
   7.8356336e-01
   8.0301129e-01
   8.1304894e-01
   8.1304893e-01
   8.0426599e-01
   7.8858219e-01
   7.6662485e-01
   7.4215809e-01
   7.1706400e-01
   6.9322460e-01
   6.7377665e-01
   6.5934755e-01
   6.5244668e-01
   6.5370139e-01
   6.6373903e-01
   6.8193224e-01
   7.0702635e-01
   7.3400251e-01
   7.6035132e-01
   7.8105395e-01
   7.9422836e-01
   7.9861981e-01
   7.9485572e-01
   7.8419071e-01
   7.6850691e-01
   7.5219573e-01
   7.3651192e-01
   7.2459222e-01
   7.1831870e-01
   7.1706400e-01
   7.2271016e-01
   7.3274781e-01
   7.4529487e-01
   7.5909662e-01
   7.7101631e-01
   7.7791719e-01
   7.7854455e-01
   7.7227102e-01
   7.6160602e-01
   7.4654957e-01
   7.3149309e-01
   7.1706400e-01
   7.0514429e-01
   6.9510665e-01
   6.8820577e-01
   6.8255959e-01
   6.7816813e-01
   6.7503137e-01
   6.7440402e-01
   6.7628607e-01
   6.8067755e-01
   6.8757843e-01
   6.9573400e-01
   7.0514429e-01
   7.1518193e-01
   7.2333752e-01
   7.3086574e-01
   7.3651192e-01
   7.4153074e-01
   7.4278545e-01
   7.4090339e-01
   7.3525723e-01
   7.2459222e-01
   7.0953577e-01
   6.9196988e-01
   6.7314930e-01
   6.5558343e-01
   6.4115434e-01
   6.3237139e-01
   6.2923463e-01
   6.3362610e-01
   6.4491845e-01
   6.6185696e-01
   6.8381431e-01
   7.0890840e-01
   7.3337516e-01
   7.5470514e-01
   7.7038896e-01
   7.7728983e-01
   7.7540779e-01
   7.6474280e-01
   7.4843162e-01
   7.2772898e-01
   7.0514429e-01
   6.8381431e-01
   6.6436638e-01
   6.4868256e-01
   6.3613551e-01
   6.2923463e-01
   6.2672522e-01
   6.3237139e-01
   6.4617314e-01
   6.6938520e-01
   6.9887077e-01
   7.3212045e-01
   7.6662485e-01
   7.9422836e-01
   8.1304894e-01
   8.1932246e-01
   8.1304893e-01
   7.9485570e-01
   7.6725220e-01
   7.3462986e-01
   7.0263488e-01
   6.7440402e-01
   6.5495609e-01
   6.4617315e-01
   6.4930992e-01
   6.6248432e-01
   6.8255960e-01
   7.0639899e-01
   7.2772898e-01
   7.4341281e-01
   7.4968631e-01
   7.4780426e-01
   7.3776663e-01
   7.2208281e-01
   7.0577164e-01
   6.9259724e-01
   6.8318695e-01
   6.7942283e-01
   6.8005018e-01
   6.8569636e-01
   6.9322458e-01
   7.0263488e-01
   7.1204517e-01
   7.2208281e-01
   7.3023840e-01
   7.3713928e-01
   7.4090339e-01
   7.4341280e-01
   7.4341280e-01
   7.4153074e-01
   7.4027604e-01
   7.3964869e-01
   7.3964869e-01
   7.3964869e-01
   7.3964869e-01
   7.3839398e-01
   7.3337516e-01
   7.2584694e-01
   7.1706400e-01
   7.0828105e-01
   7.0200753e-01
   7.0012546e-01
   7.0451694e-01
   7.1643663e-01
   7.3462986e-01
   7.5846925e-01
   7.8544543e-01
   8.1179423e-01
   8.3437893e-01
   8.4943538e-01
   8.5382684e-01
   8.4629862e-01
   8.2622334e-01
   7.9548305e-01
   7.5846926e-01
   7.2020076e-01
   6.8632371e-01
   6.6060225e-01
   6.4617315e-01
   6.4429110e-01
   6.5307403e-01
   6.7063991e-01
   6.9322460e-01
   7.1769135e-01
   7.4278545e-01
   7.6474278e-01
   7.8293602e-01
   7.9422835e-01
   7.9861983e-01
   7.9422835e-01
   7.8168130e-01
   7.6160602e-01
   7.3713927e-01
   7.1141782e-01
   6.8883312e-01
   6.7126726e-01
   6.6122961e-01
   6.6060225e-01
   6.6750314e-01
   6.8255959e-01
   7.0388959e-01
   7.2961105e-01
   7.5909662e-01
   7.9046424e-01
   8.2057716e-01
   8.4880803e-01
   8.7076536e-01
   8.8519448e-01
   8.9084065e-01
   8.8644918e-01
   8.7327478e-01
   8.5257215e-01
   8.2559599e-01
   7.9548305e-01
   7.6599750e-01
   7.3902134e-01
   7.1769134e-01
   7.0451694e-01
   7.0075282e-01
   7.0639901e-01
   7.1831869e-01
   7.3525721e-01
   7.5094103e-01
   7.6348808e-01
   7.6976161e-01
   7.6850691e-01
   7.6097867e-01
   7.5094103e-01
   7.3964869e-01
   7.3149310e-01
   7.2898370e-01
   7.3212044e-01
   7.4090339e-01
   7.5407779e-01
   7.6976161e-01
   7.8670013e-01
   8.0175658e-01
   8.1618570e-01
   8.2685068e-01
   8.3312421e-01
   8.3688833e-01
   8.3688833e-01
   8.3437893e-01
   8.3124215e-01
   8.2810540e-01
   8.2747804e-01
   8.2747804e-01
   8.2936010e-01
   8.3124217e-01
   8.3186952e-01
   8.3061480e-01
   8.2747804e-01
   8.2308658e-01
   8.1869511e-01
   8.1744040e-01
   8.1932246e-01
   8.2685069e-01
   8.3877039e-01
   8.5445421e-01
   8.7264743e-01
   8.9209535e-01
   9.1091594e-01
   9.2785446e-01
   9.4102886e-01
   9.4918445e-01
   9.4981180e-01
   9.4291092e-01
   9.2785445e-01
   9.0589711e-01
   8.7954830e-01
   8.4943538e-01
   8.1869511e-01
   7.8920954e-01
   7.6223337e-01
   7.3839397e-01
   7.1894605e-01
   7.0451694e-01
   6.9698871e-01
   6.9698871e-01
   7.0514429e-01
   7.2082811e-01
   7.4027604e-01
   7.6160602e-01
   7.7979925e-01
   7.9171894e-01
   7.9548305e-01
   7.9046424e-01
   7.7603514e-01
   7.5658721e-01
   7.3337516e-01
   7.1016310e-01
   6.8883312e-01
   6.7126726e-01
   6.5872020e-01
   6.5056463e-01
   6.4805521e-01
   6.4930991e-01
   6.5307403e-01
   6.5746550e-01
   6.6122962e-01
   6.6248431e-01
   6.5872020e-01
   6.4868257e-01
   6.3237140e-01
   6.1104140e-01
   5.8531996e-01
   5.5708909e-01
   5.2885821e-01
   5.0250941e-01
   4.8055208e-01
   4.6424091e-01
   4.5420325e-01
   4.5232120e-01
   4.5734004e-01
   4.6549560e-01
   4.7490590e-01
   4.8243413e-01
   4.8431619e-01
   4.7867001e-01
   4.6612296e-01
   4.4792974e-01
   4.2910917e-01
   4.1279800e-01
   4.0213301e-01
   3.9962359e-01
   4.0401506e-01
   4.1593476e-01
   4.3099121e-01
   4.4667503e-01
   4.6047678e-01
   4.6988707e-01
   4.7490590e-01
   4.7365120e-01
   4.6675031e-01
   4.5545797e-01
   4.4165622e-01
   4.2722710e-01
   4.1468006e-01
   4.0526977e-01
   4.0276035e-01
   4.0464242e-01
   4.1091595e-01
   4.1907152e-01
   4.2722710e-01
   4.3161858e-01
   4.2973652e-01
   4.2346299e-01
   4.1091595e-01
   3.9523211e-01
   3.7766625e-01
   3.6072773e-01
   3.4629863e-01
   3.3626097e-01
   3.3312422e-01
   3.3814303e-01
   3.5131744e-01
   3.7327479e-01
   4.0150566e-01
   4.3224593e-01
   4.6110413e-01
   4.8368884e-01
   4.9435383e-01
   4.9184442e-01
   4.7553325e-01
   4.4792975e-01
   4.1342535e-01
   3.7703890e-01
   3.4504391e-01
   3.2245922e-01
   3.1367629e-01
   3.1932247e-01
   3.3939775e-01
   3.7013802e-01
   4.0777917e-01
   4.4542032e-01
   4.7616060e-01
   4.9623588e-01
   4.9999999e-01
   4.8996235e-01
   4.6675031e-01
   4.3663739e-01
   4.0589712e-01
   3.8080301e-01
   3.6637390e-01
   3.6511921e-01
   3.7829360e-01
   4.0464240e-01
   4.3977415e-01
   4.8180678e-01
   5.2634880e-01
   5.6963614e-01
   6.0853200e-01
   6.3864492e-01
   6.5746550e-01
   6.6373903e-01
   6.5558344e-01
   6.3425344e-01
   6.0163111e-01
   5.6273526e-01
   5.2070264e-01
   4.8180677e-01
   4.4918444e-01
   4.2471768e-01
   4.1154328e-01
   4.0840653e-01
   4.1656211e-01
   4.3350063e-01
   4.5671267e-01
   4.8494354e-01
   5.1442911e-01
   5.4203262e-01
   5.6649937e-01
   5.8406525e-01
   5.9598495e-01
   6.0163111e-01
   6.0225848e-01
   6.0100376e-01
   5.9786700e-01
   5.9473023e-01
   5.9284819e-01
   5.9159347e-01
   5.9033877e-01
   5.9159347e-01
   5.9410288e-01
   5.9912171e-01
   6.0539524e-01
   6.1417818e-01
   6.2296111e-01
   6.3111668e-01
   6.3739021e-01
   6.4115432e-01
   6.4240904e-01
   6.4178168e-01
   6.4115434e-01
   6.3927227e-01
   6.3801758e-01
   6.3676286e-01
   6.3613551e-01
   6.3425346e-01
   6.3174404e-01
   6.2923463e-01
   6.2672522e-01
   6.2358845e-01
   6.2045169e-01
   6.1606023e-01
   6.1104140e-01
   6.0351318e-01
   5.9598495e-01
   5.8971142e-01
   5.8720201e-01
   5.9033877e-01
   6.0163113e-01
   6.1982434e-01
   6.4366374e-01
   6.7189461e-01
   7.0138018e-01
   7.2772899e-01
   7.4905896e-01
   7.6411543e-01
   7.7164366e-01
   7.7289837e-01
   7.6787954e-01
   7.6035132e-01
   7.5094103e-01
   7.4278545e-01
   7.3839398e-01
   7.3776663e-01
   7.4215809e-01
   7.4968633e-01
   7.5909662e-01
   7.6599750e-01
   7.6850689e-01
   7.6411544e-01
   7.5470515e-01
   7.4153074e-01
   7.2710163e-01
   7.1580928e-01
   7.1079047e-01
   7.1267252e-01
   7.2271016e-01
   7.4027604e-01
   7.6160602e-01
   7.8607278e-01
   8.0928482e-01
   8.2936010e-01
   8.4441657e-01
   8.5194480e-01
   8.5131744e-01
   8.4127979e-01
   8.2245922e-01
   7.9736511e-01
   7.6787954e-01
   7.3713928e-01
   7.0953577e-01
   6.8632371e-01
   6.7063991e-01
   6.6185697e-01
   6.6060225e-01
   6.6624843e-01
   6.7754078e-01
   6.9322460e-01
   7.1329988e-01
   7.3525721e-01
   7.5658720e-01
   7.7603514e-01
   7.9171894e-01
   8.0175658e-01
   8.0489336e-01
   8.0238395e-01
   7.9422836e-01
   7.8356336e-01
   7.7164366e-01
   7.5972397e-01
   7.4968633e-01
   7.4153074e-01
   7.3651192e-01
   7.3588456e-01
   7.3902134e-01
   7.4717692e-01
   7.5972397e-01
   7.7415307e-01
   7.9171894e-01
   8.0740276e-01
   8.2057716e-01
   8.2873275e-01
   8.3124215e-01
   8.2810540e-01
   8.1994981e-01
   8.0552071e-01
   7.8732747e-01
   7.6474278e-01
   7.3902134e-01
   7.1204516e-01
   6.8506901e-01
   6.5997492e-01
   6.3801757e-01
   6.2107904e-01
   6.1041405e-01
   6.0602259e-01
   6.0664994e-01
   6.1229612e-01
   6.2170640e-01
   6.3299875e-01
   6.4868257e-01
   6.6499373e-01
   6.8130490e-01
   6.9573400e-01
   7.0702635e-01
   7.1141781e-01
   7.0890840e-01
   6.9887076e-01
   6.8255959e-01
   6.6436638e-01
   6.4554580e-01
   6.2986198e-01
   6.2107904e-01
   6.1794229e-01
   6.2233375e-01
   6.3425346e-01
   6.5119198e-01
   6.7189461e-01
   6.9385195e-01
   7.1518193e-01
   7.3212045e-01
   7.4278545e-01
   7.4654957e-01
   7.4090339e-01
   7.2772899e-01
   7.0828106e-01
   6.8569636e-01
   6.6185697e-01
   6.3989962e-01
   6.2107906e-01
   6.0727729e-01
   5.9912171e-01
   5.9723965e-01
   6.0163111e-01
   6.1417818e-01
   6.3362609e-01
   6.6060225e-01
   6.9196989e-01
   7.2647427e-01
   7.5972397e-01
   7.8795482e-01
   8.0803012e-01
   8.1932246e-01
   8.1932246e-01
   8.0803012e-01
   7.8732748e-01
   7.5909662e-01
   7.2710163e-01
   6.9385195e-01
   6.6436638e-01
   6.4240904e-01
   6.3048933e-01
   6.3048933e-01
   6.4178169e-01
   6.6122961e-01
   6.8381431e-01
   7.0451694e-01
   7.1957339e-01
   7.2521957e-01
   7.2082811e-01
   7.0702636e-01
   6.8820577e-01
   6.6750315e-01
   6.4868256e-01
   6.3299875e-01
   6.2170640e-01
   6.1355081e-01
   6.0727729e-01
   6.0100376e-01
   5.9284818e-01
   5.8281054e-01
   5.6963614e-01
   5.5457967e-01
   5.3889587e-01
   5.2383940e-01
   5.1129235e-01
   5.0439147e-01
   5.0125471e-01
   5.0313677e-01
   5.0941030e-01
   5.1631118e-01
   5.2195734e-01
   5.2572145e-01
   5.2446676e-01
   5.2132999e-01
   5.1568383e-01
   5.1003765e-01
   5.0627352e-01
   5.0564617e-01
   5.0690088e-01
   5.1066499e-01
   5.1631116e-01
   5.2195734e-01
   5.2823086e-01
   5.3513176e-01
   5.4328733e-01
   5.5332498e-01
   5.6398996e-01
   5.7465497e-01
   5.8406524e-01
   5.9096612e-01
   5.9284818e-01
   5.9222083e-01
   5.8657466e-01
   5.7716437e-01
   5.6524466e-01
   5.5144291e-01
   5.3764116e-01
   5.2509410e-01
   5.1568383e-01
   5.1254705e-01
   5.1819323e-01
   5.3262233e-01
   5.5708909e-01
   5.8908407e-01
   6.2547051e-01
   6.6311166e-01
   6.9573400e-01
   7.2145546e-01
   7.3525721e-01
   7.3839398e-01
   7.2961103e-01
   7.1204516e-01
   6.8757842e-01
   6.5934755e-01
   6.3048933e-01
   6.0414053e-01
   5.8281055e-01
   5.6900879e-01
   5.6273526e-01
   5.6524468e-01
   5.7402761e-01
   5.8782936e-01
   6.0288582e-01
   6.1668758e-01
   6.2735257e-01
   6.3425344e-01
   6.3613551e-01
   6.3425346e-01
   6.2860728e-01
   6.2045171e-01
   6.1166877e-01
   6.0163111e-01
   5.9410288e-01
   5.8908407e-01
   5.9033877e-01
   5.9786700e-01
   6.1292346e-01
   6.3488079e-01
   6.6122961e-01
   6.8757842e-01
   7.1204517e-01
   7.2898370e-01
   7.3776663e-01
   7.3462986e-01
   7.2020076e-01
   6.9636135e-01
   6.6436638e-01
   6.2735257e-01
   5.8845672e-01
   5.5332497e-01
   5.2697617e-01
   5.1191969e-01
   5.1066500e-01
   5.2383940e-01
   5.5018821e-01
   5.8406524e-01
   6.2170640e-01
   6.5558344e-01
   6.8381431e-01
   7.0138018e-01
   7.0890841e-01
   7.0890840e-01
   7.0326224e-01
   6.9385195e-01
   6.8569636e-01
   6.7879548e-01
   6.7565872e-01
   6.7503137e-01
   6.7565872e-01
   6.7628607e-01
   6.7440402e-01
   6.6938519e-01
   6.6060227e-01
   6.4617315e-01
   6.3048935e-01
   6.1417816e-01
   6.0351317e-01
   5.9912171e-01
   6.0539524e-01
   6.2233375e-01
   6.4805522e-01
   6.7942283e-01
   7.1016312e-01
   7.3776663e-01
   7.5658720e-01
   7.6411543e-01
   7.6160602e-01
   7.4905896e-01
   7.2961105e-01
   7.0577164e-01
   6.8255960e-01
   6.6248431e-01
   6.4930991e-01
   6.4366374e-01
   6.4868256e-01
   6.6373903e-01
   6.8569636e-01
   7.1392723e-01
   7.4215809e-01
   7.6850689e-01
   7.8795483e-01
   7.9987453e-01
   8.0552071e-01
   8.0552071e-01
   8.0301130e-01
   8.0175660e-01
   8.0301130e-01
   8.0803012e-01
   8.1806774e-01
   8.3124215e-01
   8.4692597e-01
   8.6323714e-01
   8.7829360e-01
   8.9021329e-01
   8.9836889e-01
   9.0087830e-01
   8.9711418e-01
   8.8770389e-01
   8.7515683e-01
   8.5947303e-01
   8.4441657e-01
   8.3186952e-01
   8.2245923e-01
   8.1744040e-01
   8.1555835e-01
   8.1681305e-01
   8.1994981e-01
   8.2434127e-01
   8.3124215e-01
   8.3814304e-01
   8.4692597e-01
   8.5633626e-01
   8.6637390e-01
   8.7578418e-01
   8.8331243e-01
   8.8770389e-01
   8.8833124e-01
   8.8456713e-01
   8.7641154e-01
   8.6323714e-01
   8.4567127e-01
   8.2371392e-01
   7.9861983e-01
   7.7352572e-01
   7.5094103e-01
   7.3337517e-01
   7.2396487e-01
   7.2459222e-01
   7.3462986e-01
   7.5219573e-01
   7.7478044e-01
   7.9924718e-01
   8.2183188e-01
   8.4127979e-01
   8.5570891e-01
   8.6511920e-01
   8.6888331e-01
   8.6762861e-01
   8.6072774e-01
   8.4943539e-01
   8.3312422e-01
   8.1618570e-01
   7.9861983e-01
   7.8419071e-01
   7.7478044e-01
   7.7289837e-01
   7.7854455e-01
   7.9109159e-01
   8.0928482e-01
   8.3124215e-01
   8.5508156e-01
   8.7703889e-01
   8.9836889e-01
   9.1530740e-01
   9.2785445e-01
   9.3287328e-01
   9.3099122e-01
   9.2158093e-01
   9.0589713e-01
   8.8644918e-01
   8.6511920e-01
   8.4567126e-01
   8.2936010e-01
   8.1869511e-01
   8.1430365e-01
   8.1744040e-01
   8.2622333e-01
   8.4065244e-01
   8.5759097e-01
   8.7578419e-01
   8.9146801e-01
   9.0213300e-01
   9.0526976e-01
   9.0025093e-01
   8.8707654e-01
   8.6762861e-01
   8.4567127e-01
   8.2622333e-01
   8.1304894e-01
   8.0928482e-01
   8.1681305e-01
   8.3500628e-01
   8.6135509e-01
   8.9209535e-01
   9.2283564e-01
   9.4981178e-01
   9.6800502e-01
   9.7616061e-01
   9.7302384e-01
   9.5734003e-01
   9.3224592e-01
   9.0087829e-01
   8.6888332e-01
   8.4002509e-01
   8.1932246e-01
   8.0991217e-01
   8.1242159e-01
   8.2559599e-01
   8.4692597e-01
   8.7139272e-01
   8.9585949e-01
   9.1844416e-01
   9.3726474e-01
   9.5106650e-01
   9.6173149e-01
   9.6800502e-01
   9.7051443e-01
   9.6863236e-01
   9.6047678e-01
   9.4792973e-01
   9.3161857e-01
   9.1217064e-01
   8.9209536e-01
   8.7390212e-01
   8.6010037e-01
   8.5131744e-01
   8.4755333e-01
   8.4692597e-01
   8.4943538e-01
   8.5131744e-01
   8.5131744e-01
   8.4818068e-01
   8.4127979e-01
   8.2936010e-01
   8.1367629e-01
   7.9673776e-01
   7.8042660e-01
   7.6662484e-01
   7.5658720e-01
   7.5156838e-01
   7.5031368e-01
   7.5031368e-01
   7.4905896e-01
   7.4404015e-01
   7.3462987e-01
   7.2145546e-01
   7.0514429e-01
   6.8820577e-01
   6.7440402e-01
   6.6750314e-01
   6.6687578e-01
   6.7440402e-01
   6.8883313e-01
   7.1016310e-01
   7.3651193e-01
   7.6474278e-01
   7.9360100e-01
   8.1932246e-01
   8.4065244e-01
   8.5445419e-01
   8.5884567e-01
   8.5257214e-01
   8.3877040e-01
   8.1869511e-01
   7.9611041e-01
   7.7415308e-01
   7.5721455e-01
   7.4592220e-01
   7.4278545e-01
   7.4592220e-01
   7.5658721e-01
   7.7227103e-01
   7.9297365e-01
   8.1681304e-01
   8.4253450e-01
   8.6700125e-01
   8.8770390e-01
   9.0276035e-01
   9.0966122e-01
   9.0652446e-01
   8.9335007e-01
   8.7202008e-01
   8.4316185e-01
   8.1116687e-01
   7.7854453e-01
   7.4905898e-01
   7.2459222e-01
   7.0765370e-01
   7.0075283e-01
   7.0388959e-01
   7.1455458e-01
   7.3149309e-01
   7.5094103e-01
   7.6787955e-01
   7.7917190e-01
   7.8105395e-01
   7.7164366e-01
   7.5345044e-01
   7.2772898e-01
   6.9824341e-01
   6.7001254e-01
   6.4491843e-01
   6.2672522e-01
   6.1731493e-01
   6.1731493e-01
   6.2547052e-01
   6.4240903e-01
   6.6624843e-01
   6.9322460e-01
   7.2082811e-01
   7.4466750e-01
   7.6348808e-01
   7.7227102e-01
   7.7164366e-01
   7.6097867e-01
   7.4278545e-01
   7.2020076e-01
   6.9573402e-01
   6.7252196e-01
   6.5307402e-01
   6.3801757e-01
   6.2860728e-01
   6.2421582e-01
   6.2547052e-01
   6.2986199e-01
   6.3550816e-01
   6.4115432e-01
   6.4303638e-01
   6.4240903e-01
   6.3676286e-01
   6.2672522e-01
   6.1606023e-01
   6.0664994e-01
   6.0225848e-01
   6.0163111e-01
   6.0790464e-01
   6.1731493e-01
   6.2860728e-01
   6.3927227e-01
   6.4554580e-01
   6.4617315e-01
   6.4052699e-01
   6.2860728e-01
   6.1292346e-01
   5.9473023e-01
   5.7653701e-01
   5.6085320e-01
   5.5144291e-01
   5.4956084e-01
   5.5520702e-01
   5.6900879e-01
   5.8782935e-01
   6.0915935e-01
   6.2735257e-01
   6.3989962e-01
   6.4240904e-01
   6.3613551e-01
   6.2107906e-01
   6.0225848e-01
   5.8281055e-01
   5.6775408e-01
   5.5959850e-01
   5.6148055e-01
   5.7151819e-01
   5.8908407e-01
   6.1166877e-01
   6.3550815e-01
   6.5683814e-01
   6.7377667e-01
   6.8255960e-01
   6.8193224e-01
   6.7189460e-01
   6.5244668e-01
   6.2735257e-01
   5.9849436e-01
   5.6900879e-01
   5.4391469e-01
   5.2383940e-01
   5.1129235e-01
   5.0627354e-01
   5.0752823e-01
   5.1505646e-01
   5.2823087e-01
   5.4579673e-01
   5.6649937e-01
   5.8782936e-01
   6.0602259e-01
   6.1982434e-01
   6.2421580e-01
   6.1794229e-01
   6.0037641e-01
   5.7214556e-01
   5.3638646e-01
   4.9937266e-01
   4.6424091e-01
   4.3538269e-01
   4.1718946e-01
   4.1091593e-01
   4.1844417e-01
   4.3663739e-01
   4.6361356e-01
   4.9749060e-01
   5.3324969e-01
   5.6900879e-01
   5.9912171e-01
   6.2107904e-01
   6.3299875e-01
   6.3362610e-01
   6.2421580e-01
   6.0602259e-01
   5.8030113e-01
   5.5081556e-01
   5.1944794e-01
   4.8933501e-01
   4.6298619e-01
   4.4353827e-01
   4.3350062e-01
   4.3350063e-01
   4.4542033e-01
   4.6737767e-01
   4.9686325e-01
   5.3011291e-01
   5.6273526e-01
   5.8908407e-01
   6.0790464e-01
   6.1794229e-01
   6.1982434e-01
   6.1480551e-01
   6.0727729e-01
   5.9912171e-01
   5.9159347e-01
   5.8594730e-01
   5.8281054e-01
   5.8092848e-01
   5.8030113e-01
   5.8092848e-01
   5.8155583e-01
   5.8218319e-01
   5.8218319e-01
   5.8281054e-01
   5.8406525e-01
   5.8594730e-01
   5.8845672e-01
   5.9284819e-01
   5.9849436e-01
   6.0351318e-01
   6.0664994e-01
   6.0602259e-01
   5.9912171e-01
   5.8594731e-01
   5.6649938e-01
   5.4328733e-01
   5.1944794e-01
   4.9874530e-01
   4.8368884e-01
   4.7741531e-01
   4.8117943e-01
   4.9372648e-01
   5.1568383e-01
   5.4265998e-01
   5.7340025e-01
   6.0351317e-01
   6.2923463e-01
   6.4805521e-01
   6.5621079e-01
   6.5181932e-01
   6.3550815e-01
   6.0915935e-01
   5.7779172e-01
   5.4454203e-01
   5.1568381e-01
   4.9435383e-01
   4.8368884e-01
   4.8306148e-01
   4.9184442e-01
   5.0690089e-01
   5.2697616e-01
   5.4830615e-01
   5.6649938e-01
   5.8092848e-01
   5.8908405e-01
   5.8908407e-01
   5.8092848e-01
   5.6524466e-01
   5.4391468e-01
   5.1944792e-01
   4.9686323e-01
   4.7929737e-01
   4.6863237e-01
   4.6863237e-01
   4.7741531e-01
   4.9372648e-01
   5.1505646e-01
   5.3764116e-01
   5.5959850e-01
   5.7528230e-01
   5.8343790e-01
   5.8092848e-01
   5.6775408e-01
   5.4391469e-01
   5.1254705e-01
   4.7741531e-01
   4.4291092e-01
   4.1405269e-01
   3.9460478e-01
   3.8582184e-01
   3.8770389e-01
   3.9899624e-01
   4.1593476e-01
   4.3538269e-01
   4.5483062e-01
   4.7176914e-01
   4.8619824e-01
   4.9686323e-01
   5.0627352e-01
   5.1254704e-01
   5.1631116e-01
   5.1819322e-01
   5.1756587e-01
   5.1568383e-01
   5.1254705e-01
   5.1003765e-01
   5.0941028e-01
   5.1003765e-01
   5.1380176e-01
   5.1944792e-01
   5.2760352e-01
   5.3764116e-01
   5.4830615e-01
   5.5897115e-01
   5.6838142e-01
   5.7590967e-01
   5.8092848e-01
   5.8406525e-01
   5.8594731e-01
   5.8720200e-01
   5.9096612e-01
   5.9849436e-01
   6.1104140e-01
   6.2797993e-01
   6.4805521e-01
   6.6687578e-01
   6.8067753e-01
   6.8695106e-01
   6.8255960e-01
   6.6750314e-01
   6.4366373e-01
   6.1417818e-01
   5.8218319e-01
   5.5144291e-01
   5.2634880e-01
   5.0941028e-01
   5.0376412e-01
   5.0941030e-01
   5.2760352e-01
   5.5583437e-01
   5.9159347e-01
   6.3048933e-01
   6.6813049e-01
   7.0012546e-01
   7.2145546e-01
   7.3212045e-01
   7.3149310e-01
   7.2208281e-01
   7.0639899e-01
   6.8946047e-01
   6.7440402e-01
   6.6436638e-01
   6.6060225e-01
   6.6373903e-01
   6.7377667e-01
   6.8757842e-01
   7.0326224e-01
   7.1706399e-01
   7.2521957e-01
   7.2271016e-01
   7.0765370e-01
   6.7879548e-01
   6.3739021e-01
   5.8720200e-01
   5.3387704e-01
   4.8243413e-01
   4.3977415e-01
   4.0777917e-01
   3.9146802e-01
   3.8833125e-01
   3.9711418e-01
   4.1468004e-01
   4.3663739e-01
   4.5922208e-01
   4.7741532e-01
   4.8870766e-01
   4.8933500e-01
   4.7867001e-01
   4.5671267e-01
   4.2597240e-01
   3.8958595e-01
   3.5257215e-01
   3.1744041e-01
   2.8858218e-01
   2.6725221e-01
   2.5533250e-01
   2.5094104e-01
   2.5345044e-01
   2.6160602e-01
   2.7352573e-01
   2.8795483e-01
   3.0363865e-01
   3.1869511e-01
   3.3124216e-01
   3.4065245e-01
   3.4567126e-01
   3.4567126e-01
   3.4316186e-01
   3.3751568e-01
   3.2998744e-01
   3.1994980e-01
   3.0991216e-01
   2.9673778e-01
   2.8168131e-01
   2.6348808e-01
   2.4404016e-01
   2.2459221e-01
   2.0828106e-01
   1.9761606e-01
   1.9447931e-01
   1.9949812e-01
   2.1267253e-01
   2.3274781e-01
   2.5846926e-01
   2.8544542e-01
   3.1242158e-01
   3.3626099e-01
   3.5319951e-01
   3.6198243e-01
   3.6198243e-01
   3.5194479e-01
   3.3375158e-01
   3.1116688e-01
   2.8795484e-01
   2.6787956e-01
   2.5407780e-01
   2.4843162e-01
   2.5094102e-01
   2.6035133e-01
   2.7415308e-01
   2.8983688e-01
   3.0614807e-01
   3.2245922e-01
   3.3939775e-01
   3.5696361e-01
   3.7515685e-01
   3.9335007e-01
   4.1091595e-01
   4.2659975e-01
   4.3851945e-01
   4.4542033e-01
   4.4667503e-01
   4.4416563e-01
   4.3726474e-01
   4.3036388e-01
   4.2346298e-01
   4.2032622e-01
   4.2283563e-01
   4.3287328e-01
   4.5106651e-01
   4.7616060e-01
   5.0564617e-01
   5.3638644e-01
   5.6336261e-01
   5.8406525e-01
   5.9535758e-01
   5.9661230e-01
   5.8908407e-01
   5.7653701e-01
   5.6148055e-01
   5.4893351e-01
   5.4140527e-01
   5.4203262e-01
   5.4956086e-01
   5.6712672e-01
   5.9159347e-01
   6.2170640e-01
   6.5495609e-01
   6.8946049e-01
   7.2082810e-01
   7.4654956e-01
   7.6286074e-01
   7.6850691e-01
   7.6348808e-01
   7.4968633e-01
   7.3086575e-01
   7.1016312e-01
   6.9196989e-01
   6.8130490e-01
   6.7879548e-01
   6.8569636e-01
   7.0075283e-01
   7.2208281e-01
   7.4717691e-01
   7.7415308e-01
   8.0050188e-01
   8.2308657e-01
   8.4065244e-01
   8.5319949e-01
   8.6010037e-01
   8.6198243e-01
   8.6010037e-01
   8.5445421e-01
   8.4567126e-01
   8.3312422e-01
   8.1618570e-01
   7.9360100e-01
   7.6599748e-01
   7.3462987e-01
   7.0326224e-01
   6.7440402e-01
   6.5307403e-01
   6.4115432e-01
   6.4115432e-01
   6.5119196e-01
   6.7001254e-01
   6.9259724e-01
   7.1643663e-01
   7.3776662e-01
   7.5470514e-01
   7.6662485e-01
   7.7289837e-01
   7.7352572e-01
   7.6976161e-01
   7.6160602e-01
   7.4905898e-01
   7.3462986e-01
   7.1957341e-01
   7.0451694e-01
   6.9385195e-01
   6.8820577e-01
   6.8946047e-01
   6.9761606e-01
   7.1392723e-01
   7.3525721e-01
   7.5972397e-01
   7.8607278e-01
   8.0991217e-01
   8.2810540e-01
   8.3751568e-01
   8.3500628e-01
   8.1994981e-01
   7.9422835e-01
   7.5846926e-01
   7.1894605e-01
   6.8067753e-01
   6.4868256e-01
   6.2797993e-01
   6.2170640e-01
   6.2923463e-01
   6.5056463e-01
   6.8193224e-01
   7.1894605e-01
   7.5721455e-01
   7.9234630e-01
   8.2057718e-01
   8.3751568e-01
   8.4127979e-01
   8.3186951e-01
   8.0991217e-01
   7.7854455e-01
   7.4215809e-01
   7.0702635e-01
   6.7565872e-01
   6.5370137e-01
   6.4303638e-01
   6.4178168e-01
   6.5119198e-01
   6.6624843e-01
   6.8506901e-01
   7.0451694e-01
   7.2020076e-01
   7.3086575e-01
   7.3337516e-01
   7.2710163e-01
   7.1141782e-01
   6.8820577e-01
   6.5934755e-01
   6.2860728e-01
   6.0037641e-01
   5.7716436e-01
   5.6210790e-01
   5.5646173e-01
   5.6022584e-01
   5.7089084e-01
   5.8720201e-01
   6.0664994e-01
   6.2797993e-01
   6.4868256e-01
   6.6750314e-01
   6.8506901e-01
   6.9761606e-01
   7.0577164e-01
   7.0765370e-01
   7.0388959e-01
   6.9385195e-01
   6.7879549e-01
   6.5934756e-01
   6.3739021e-01
   6.1355081e-01
   5.9096612e-01
   5.7089084e-01
   5.5520702e-01
   5.4830615e-01
   5.5207026e-01
   5.6712673e-01
   5.9535758e-01
   6.3299875e-01
   6.7754078e-01
   7.2459222e-01
   7.6787954e-01
   8.0426601e-01
   8.2998745e-01
   8.4504392e-01
   8.4880803e-01
   8.4316186e-01
   8.3061480e-01
   8.1304893e-01
   7.9234630e-01
   7.6976161e-01
   7.4843162e-01
   7.2961105e-01
   7.1518193e-01
   7.0639899e-01
   7.0514430e-01
   7.1016312e-01
   7.2145545e-01
   7.3839398e-01
   7.5784191e-01
   7.7728984e-01
   7.9422836e-01
   8.0614805e-01
   8.1053952e-01
   8.0363865e-01
   7.8544543e-01
   7.5784191e-01
   7.2082811e-01
   6.8193225e-01
   6.4429108e-01
   6.1668758e-01
   6.0351318e-01
   6.0727729e-01
   6.2986199e-01
   6.6813050e-01
   7.1831870e-01
   7.7540777e-01
   8.3249686e-01
   8.8331241e-01
   9.2346297e-01
   9.4918445e-01
   9.5734003e-01
   9.4730238e-01
   9.1844417e-01
   8.7641154e-01
   8.2308657e-01
   7.6537015e-01
   7.0828105e-01
   6.5934755e-01
   6.2233376e-01
   6.0037641e-01
   5.9473025e-01
   6.0351317e-01
   6.2358845e-01
   6.5307402e-01
   6.8569636e-01
   7.1769135e-01
   7.4466750e-01
   7.6223337e-01
   7.6913424e-01
   7.6537015e-01
   7.5031367e-01
   7.2772898e-01
   7.0263488e-01
   6.7816813e-01
   6.5934755e-01
   6.4805521e-01
   6.4680050e-01
   6.5370137e-01
   6.6750314e-01
   6.8632371e-01
   7.0639899e-01
   7.2710163e-01
   7.4529487e-01
   7.6160602e-01
   7.7478044e-01
   7.8544543e-01
   7.9109159e-01
   7.9360101e-01
   7.9171894e-01
   7.8607277e-01
   7.7791719e-01
   7.6599750e-01
   7.5345044e-01
   7.3902134e-01
   7.2271016e-01
   7.0639899e-01
   6.9196989e-01
   6.7942283e-01
   6.7377667e-01
   6.7503137e-01
   6.8444164e-01
   7.0200752e-01
   7.2521959e-01
   7.5282309e-01
   7.7917190e-01
   8.0301130e-01
   8.2057716e-01
   8.3186952e-01
   8.3500626e-01
   8.2936010e-01
   8.1555835e-01
   7.9485570e-01
   7.6725220e-01
   7.3400251e-01
   6.9949813e-01
   6.6562108e-01
   6.3613551e-01
   6.1355082e-01
   6.0163113e-01
   5.9849436e-01
   6.0539522e-01
   6.1982434e-01
   6.3927228e-01
   6.6185696e-01
   6.8506901e-01
   7.0639899e-01
   7.2333752e-01
   7.3588456e-01
   7.4153074e-01
   7.3964867e-01
   7.3023838e-01
   7.1518193e-01
   6.9510665e-01
   6.7503137e-01
   6.5558344e-01
   6.4052697e-01
   6.3111668e-01
   6.2860728e-01
   6.3362610e-01
   6.4554580e-01
   6.6373903e-01
   6.8757842e-01
   7.1518193e-01
   7.4341280e-01
   7.6976161e-01
   7.9234630e-01
   8.0614806e-01
   8.1053952e-01
   8.0301129e-01
   7.8481806e-01
   7.5909662e-01
   7.2772898e-01
   6.9510665e-01
   6.6373903e-01
   6.3676286e-01
   6.1668758e-01
   6.0414052e-01
   5.9974906e-01
   6.0225847e-01
   6.0978670e-01
   6.1919699e-01
   6.2735257e-01
   6.2986199e-01
   6.2484317e-01
   6.1229612e-01
   5.9159349e-01
   5.6524468e-01
   5.3701380e-01
   5.1129234e-01
   4.8996237e-01
   4.7616060e-01
   4.6988707e-01
   4.7114178e-01
   4.7929736e-01
   4.9184442e-01
   5.0941028e-01
   5.2885821e-01
   5.4956084e-01
   5.7089084e-01
   5.8845670e-01
   6.0288582e-01
   6.1104140e-01
   6.1292346e-01
   6.0853200e-01
   5.9974906e-01
   5.8720201e-01
   5.7214556e-01
   5.5771644e-01
   5.4391468e-01
   5.3136763e-01
   5.2195734e-01
   5.1568383e-01
   5.1568381e-01
   5.2383940e-01
   5.3952320e-01
   5.6210790e-01
   5.9222084e-01
   6.2547052e-01
   6.5934755e-01
   6.9071519e-01
   7.1580928e-01
   7.3337516e-01
   7.4215809e-01
   7.4090339e-01
   7.3023840e-01
   7.0953577e-01
   6.8005020e-01
   6.4240904e-01
   5.9912171e-01
   5.5144291e-01
   5.0376412e-01
   4.5796738e-01
   4.1593475e-01
   3.8143036e-01
   3.5570890e-01
   3.3877039e-01
   3.3186951e-01
   3.3500628e-01
   3.4692598e-01
   3.6637391e-01
   3.9084065e-01
   4.1593475e-01
   4.3914681e-01
   4.5608532e-01
   4.6486826e-01
   4.6424091e-01
   4.5420327e-01
   4.3663739e-01
   4.1405270e-01
   3.8833125e-01
   3.6198245e-01
   3.3751569e-01
   3.1744041e-01
   3.0238394e-01
   2.9422836e-01
   2.9548306e-01
   3.0552070e-01
   3.2245922e-01
   3.4441656e-01
   3.6700125e-01
   3.8707654e-01
   4.0087831e-01
   4.0652446e-01
   4.0338771e-01
   3.9523213e-01
   3.8268507e-01
   3.7202007e-01
   3.6637391e-01
   3.6825595e-01
   3.7954831e-01
   4.0150564e-01
   4.3412797e-01
   4.7427855e-01
   5.2132999e-01
   5.7026349e-01
   6.1731493e-01
   6.5683814e-01
   6.8569636e-01
   7.0012546e-01
   7.0012548e-01
   6.8632371e-01
   6.6311167e-01
   6.3488081e-01
   6.0727729e-01
   5.8343790e-01
   5.6649937e-01
   5.5897115e-01
   5.6085320e-01
   5.6963612e-01
   5.8469259e-01
   6.0288582e-01
   6.2296110e-01
   6.4115432e-01
   6.5809285e-01
   6.7063991e-01
   6.8067755e-01
   6.8632371e-01
   6.8757842e-01
   6.8695106e-01
   6.8318695e-01
   6.7565872e-01
   6.6311167e-01
   6.4742785e-01
   6.2797993e-01
   6.0602259e-01
   5.8343789e-01
   5.6336262e-01
   5.4830614e-01
   5.4077792e-01
   5.4140527e-01
   5.5018821e-01
   5.6398996e-01
   5.8030113e-01
   5.9598495e-01
   6.0978670e-01
   6.1919699e-01
   6.2296110e-01
   6.2107904e-01
   6.1417818e-01
   6.0163113e-01
   5.8531996e-01
   5.6712672e-01
   5.4830614e-01
   5.3199498e-01
   5.2007527e-01
   5.1505646e-01
   5.1568383e-01
   5.2258469e-01
   5.3324969e-01
   5.4579675e-01
   5.6022585e-01
   5.7402761e-01
   5.8782935e-01
   6.0100376e-01
   6.1355081e-01
   6.2484315e-01
   6.3362609e-01
   6.3864492e-01
   6.3864493e-01
   6.3425346e-01
   6.2484317e-01
   6.1104140e-01
   5.9661229e-01
   5.8343789e-01
   5.7340025e-01
   5.6900879e-01
   5.7277290e-01
   5.8343789e-01
   6.0225847e-01
   6.2986198e-01
   6.6311167e-01
   7.0138017e-01
   7.3964869e-01
   7.7415307e-01
   8.0238394e-01
   8.1869511e-01
   8.2308657e-01
   8.1430363e-01
   7.9422836e-01
   7.6537015e-01
   7.3086575e-01
   6.9447930e-01
   6.6122961e-01
   6.3299875e-01
   6.1417818e-01
   6.0664994e-01
   6.1166875e-01
   6.2923463e-01
   6.5621079e-01
   6.9008782e-01
   7.2521957e-01
   7.5721455e-01
   7.7979925e-01
   7.9109159e-01
   7.8983689e-01
   7.7728984e-01
   7.5533249e-01
   7.2835634e-01
   7.0138017e-01
   6.7754078e-01
   6.5997492e-01
   6.5181933e-01
   6.5307402e-01
   6.6436638e-01
   6.8444166e-01
   7.0890841e-01
   7.3588458e-01
   7.6035132e-01
   7.7917190e-01
   7.8858217e-01
   7.8670012e-01
   7.7352572e-01
   7.5031368e-01
   7.1957339e-01
   6.8444166e-01
   6.4742785e-01
   6.1166877e-01
   5.7841906e-01
   5.5144291e-01
   5.3011293e-01
   5.1631118e-01
   5.0941030e-01
   5.0941030e-01
   5.1317441e-01
   5.1882058e-01
   5.2383940e-01
   5.2634880e-01
   5.2697616e-01
   5.2509411e-01
   5.2258469e-01
   5.2258469e-01
   5.2509410e-01
   5.3199498e-01
   5.4265998e-01
   5.5646174e-01
   5.7151819e-01
   5.8531996e-01
   5.9974906e-01
   6.1292347e-01
   6.2609787e-01
   6.3739021e-01
   6.4805521e-01
   6.5809285e-01
   6.6624843e-01
   6.7189460e-01
   6.7691342e-01
   6.8130490e-01
   6.8444166e-01
   6.8820577e-01
   6.9134254e-01
   6.9510665e-01
   6.9824342e-01
   6.9887076e-01
   6.9761606e-01
   6.9385193e-01
   6.8946049e-01
   6.8444166e-01
   6.8067755e-01
   6.7754078e-01
   6.7691342e-01
   6.7942284e-01
   6.8444164e-01
   6.9196989e-01
   7.0263488e-01
   7.1455459e-01
   7.2647427e-01
   7.3651192e-01
   7.4090339e-01
   7.3964869e-01
   7.2961103e-01
   7.1392723e-01
   6.9259724e-01
   6.6750315e-01
   6.4303639e-01
   6.1982435e-01
   6.0163111e-01
   5.8720201e-01
   5.7653702e-01
   5.7089084e-01
   5.6900879e-01
   5.7089084e-01
   5.7779171e-01
   5.8720201e-01
   5.9786700e-01
   6.0915935e-01
   6.1606022e-01
   6.1794229e-01
   6.1292347e-01
   6.0100376e-01
   5.8343790e-01
   5.6524466e-01
   5.4830615e-01
   5.3764115e-01
   5.3450439e-01
   5.4077792e-01
   5.5583439e-01
   5.7779171e-01
   6.0414052e-01
   6.2986198e-01
   6.5181932e-01
   6.6562108e-01
   6.7063991e-01
   6.6499373e-01
   6.5119198e-01
   6.3237140e-01
   6.1292346e-01
   5.9598495e-01
   5.8531994e-01
   5.8406525e-01
   5.9033877e-01
   6.0351318e-01
