   9.3098159e-01
   9.0644169e-01
   8.5582823e-01
   7.8987730e-01
   7.2085886e-01
   6.5950919e-01
   6.1349692e-01
   5.8435582e-01
   5.6901839e-01
   5.6441717e-01
   5.6441717e-01
   5.6441717e-01
   5.5828221e-01
   5.5214721e-01
   5.4294477e-01
   5.3374233e-01
   5.2760734e-01
   5.2607360e-01
   5.2607360e-01
   5.2760734e-01
   5.2760734e-01
   5.2914108e-01
   5.2607360e-01
   5.2453986e-01
   5.2147238e-01
   5.2147238e-01
   5.2607360e-01
   5.3680981e-01
   5.5521469e-01
   5.8282205e-01
   6.1809814e-01
   6.5644168e-01
   6.9631899e-01
   7.3312882e-01
   7.6073621e-01
   7.7453983e-01
   7.7607357e-01
   7.5920243e-01
   7.3006130e-01
   6.9171780e-01
   6.5030675e-01
   6.1042944e-01
   5.8128831e-01
   5.6441717e-01
   5.6288343e-01
   5.7822086e-01
   6.0736196e-01
   6.4570550e-01
   6.8865029e-01
   7.3159508e-01
   7.6840487e-01
   7.9601223e-01
   8.1595092e-01
   8.2515336e-01
   8.2975458e-01
   8.3128832e-01
   8.3588957e-01
   8.4509201e-01
   8.6042941e-01
   8.8036807e-01
   9.0490794e-01
   9.3098159e-01
   9.5552144e-01
   9.7546012e-01
   9.9079753e-01
   9.9846623e-01
   1.0000000e+00
   9.9539875e-01
   9.8619627e-01
   9.7546012e-01
   9.6319017e-01
   9.5092022e-01
   9.4018403e-01
   9.3251530e-01
   9.2791408e-01
   9.2944782e-01
   9.3404907e-01
   9.4171774e-01
   9.5092022e-01
   9.6165640e-01
   9.6779139e-01
   9.7546009e-01
   9.7699386e-01
   9.7546009e-01
   9.7085890e-01
   9.6165643e-01
   9.4938651e-01
   9.3711655e-01
   9.2484660e-01
   9.1717790e-01
   9.1564416e-01
   9.2024538e-01
   9.3098159e-01
   9.4785274e-01
   9.6472391e-01
   9.8006131e-01
   9.8773005e-01
   9.8619627e-01
   9.7239264e-01
   9.4938651e-01
   9.1717787e-01
   8.8036807e-01
   8.3895702e-01
   8.0061348e-01
   7.6993865e-01
   7.4539877e-01
   7.3312882e-01
   7.3006134e-01
   7.3466256e-01
   7.3926378e-01
   7.4693251e-01
   7.4693251e-01
   7.4233126e-01
   7.2699386e-01
   7.0705520e-01
   6.8098159e-01
   6.5797545e-01
   6.3803680e-01
   6.2730058e-01
   6.2423313e-01
   6.2883432e-01
   6.4263805e-01
   6.5950919e-01
   6.7944785e-01
   6.9938650e-01
   7.1472390e-01
   7.2852760e-01
   7.3773004e-01
   7.4079755e-01
   7.4079752e-01
   7.3619630e-01
   7.3006134e-01
   7.2085886e-01
   7.1165642e-01
   6.9938650e-01
   6.9018403e-01
   6.7791407e-01
   6.6871163e-01
   6.5644168e-01
   6.4877298e-01
   6.4110428e-01
   6.3650306e-01
   6.3957054e-01
   6.4417179e-01
   6.5490797e-01
   6.6717789e-01
   6.8098159e-01
   6.9171777e-01
   6.9785276e-01
   7.0092021e-01
   6.9478525e-01
   6.8251533e-01
   6.6257667e-01
   6.3496931e-01
   6.0429445e-01
   5.7055213e-01
   5.3834352e-01
   5.0766872e-01
   4.8466255e-01
   4.6932515e-01
   4.6165645e-01
   4.6012267e-01
   4.6779141e-01
   4.7852759e-01
   4.9079754e-01
   5.0460120e-01
   5.1687112e-01
   5.2914108e-01
   5.3834352e-01
   5.4754599e-01
   5.5368095e-01
   5.5521473e-01
   5.5674843e-01
   5.5521469e-01
   5.5061347e-01
   5.4447851e-01
   5.3680981e-01
   5.3220856e-01
   5.2607360e-01
   5.2607360e-01
   5.2760734e-01
   5.3220859e-01
   5.3834355e-01
   5.4601225e-01
   5.5674847e-01
   5.6748462e-01
   5.7668709e-01
   5.8588956e-01
   5.8895704e-01
   5.8895704e-01
   5.8588956e-01
   5.8128834e-01
   5.7055213e-01
   5.5981592e-01
   5.4754599e-01
   5.3220856e-01
   5.1993864e-01
   5.0460120e-01
   4.8926380e-01
   4.7546011e-01
   4.6165641e-01
   4.5092023e-01
   4.4325150e-01
   4.4018405e-01
   4.4018405e-01
   4.4325153e-01
   4.5245397e-01
   4.6012267e-01
   4.7085889e-01
   4.8159507e-01
   4.9079754e-01
   4.9846624e-01
   5.0306746e-01
   5.0306746e-01
   4.9846624e-01
   4.8926380e-01
   4.7699385e-01
   4.6165641e-01
   4.4631901e-01
   4.3404909e-01
   4.2331284e-01
   4.1871166e-01
   4.1717792e-01
   4.2024536e-01
   4.2791410e-01
   4.3865028e-01
   4.5552149e-01
   4.7546011e-01
   4.9846624e-01
   5.2300612e-01
   5.4754599e-01
   5.7055213e-01
   5.8895704e-01
   6.0122697e-01
   6.0736193e-01
   6.0889570e-01
   6.0429445e-01
   5.9969323e-01
   5.9355826e-01
   5.9049078e-01
   5.9049078e-01
   5.9815952e-01
   6.0889567e-01
   6.2269936e-01
   6.3650306e-01
   6.4877298e-01
   6.5644171e-01
   6.5644168e-01
   6.4723924e-01
   6.2883432e-01
   6.0736193e-01
   5.8282205e-01
   5.5981595e-01
   5.4754599e-01
   5.4294477e-01
   5.5368095e-01
   5.7668709e-01
   6.1196315e-01
   6.5490794e-01
   7.0092021e-01
   7.4539877e-01
   7.8680979e-01
   8.2055210e-01
   8.4509201e-01
   8.5889567e-01
   8.5582819e-01
   8.4355827e-01
   8.2055214e-01
   7.8987730e-01
   7.5460121e-01
   7.1779142e-01
   6.8404907e-01
   6.5490797e-01
   6.3496931e-01
   6.2116565e-01
   6.1503066e-01
   6.1503066e-01
   6.2116565e-01
   6.3190183e-01
   6.4417176e-01
   6.5644171e-01
   6.6717789e-01
   6.7484663e-01
   6.7944785e-01
   6.8098159e-01
   6.7791411e-01
   6.7484663e-01
   6.7024540e-01
   6.6564415e-01
   6.5950919e-01
   6.5184046e-01
   6.3957054e-01
   6.2269936e-01
   6.0276071e-01
   5.7668709e-01
   5.4601225e-01
   5.1226994e-01
   4.7852759e-01
   4.4478524e-01
   4.1411040e-01
   3.8650305e-01
   3.6196317e-01
   3.4202452e-01
   3.2822086e-01
   3.2055215e-01
   3.1901838e-01
   3.2361963e-01
   3.3128834e-01
   3.4662574e-01
   3.6656443e-01
   3.8650305e-01
   4.0797544e-01
   4.3098158e-01
   4.5092023e-01
   4.6472393e-01
   4.7085889e-01
   4.6779141e-01
   4.5552145e-01
   4.3251532e-01
   4.0337422e-01
   3.6963187e-01
   3.3588956e-01
   3.0521469e-01
   2.8527606e-01
   2.7147237e-01
   2.6840492e-01
   2.7607359e-01
   2.9294480e-01
   3.1288342e-01
   3.3895704e-01
   3.6503065e-01
   3.8957056e-01
   4.1104292e-01
   4.2944784e-01
   4.4478527e-01
   4.5245397e-01
   4.6012271e-01
   4.6472393e-01
   4.7085889e-01
   4.7699385e-01
   4.8466258e-01
   4.9539876e-01
   5.0306746e-01
   5.1226994e-01
   5.1687116e-01
   5.1840486e-01
   5.1840490e-01
   5.1380368e-01
   5.0766868e-01
   5.0153372e-01
   4.9539876e-01
   4.8926380e-01
   4.8466258e-01
   4.8159507e-01
   4.7852759e-01
   4.7852759e-01
   4.7699385e-01
   4.7392637e-01
   4.6625767e-01
   4.5398771e-01
   4.3865031e-01
   4.1871162e-01
   3.9570552e-01
   3.7576687e-01
   3.5736192e-01
   3.4815951e-01
   3.4509200e-01
   3.5276073e-01
   3.6503065e-01
   3.8343557e-01
   4.0490796e-01
   4.2484662e-01
   4.4171776e-01
   4.5245397e-01
   4.5705519e-01
   4.5398771e-01
   4.4325153e-01
   4.2944784e-01
   4.1104292e-01
   3.9263801e-01
   3.7883435e-01
   3.6809813e-01
   3.6503065e-01
   3.7116561e-01
   3.8496931e-01
   4.0337422e-01
   4.2638036e-01
   4.5245394e-01
   4.7546011e-01
   4.9846624e-01
   5.1687116e-01
   5.3067485e-01
   5.3834355e-01
   5.3834355e-01
   5.3374233e-01
   5.2607360e-01
   5.1533738e-01
   5.0613494e-01
   4.9999998e-01
   4.9693250e-01
   4.9693250e-01
   4.9846624e-01
   4.9999998e-01
   4.9999998e-01
   4.9386499e-01
   4.8312884e-01
   4.6625767e-01
   4.4171779e-01
   4.1257666e-01
   3.8343557e-01
   3.5122699e-01
   3.2361960e-01
   2.9907976e-01
   2.7760733e-01
   2.6380367e-01
   2.5613494e-01
   2.5306746e-01
   2.5306749e-01
   2.5153371e-01
   2.5000001e-01
   2.4539875e-01
   2.3773005e-01
   2.2852758e-01
   2.1779140e-01
   2.0705522e-01
   1.9631900e-01
   1.8558282e-01
   1.7944783e-01
   1.7024539e-01
   1.6257669e-01
   1.5490795e-01
   1.4723925e-01
   1.4110429e-01
   1.3803681e-01
   1.3803678e-01
   1.4417177e-01
   1.5644173e-01
   1.7638035e-01
   2.0398774e-01
   2.3619631e-01
   2.7300611e-01
   3.0981594e-01
   3.4509200e-01
   3.7423313e-01
   3.9570552e-01
   4.0797544e-01
   4.1104292e-01
   4.0490796e-01
   3.9723923e-01
   3.8496931e-01
   3.7576687e-01
   3.7269939e-01
   3.7423313e-01
   3.8343557e-01
   3.9723923e-01
   4.1411044e-01
   4.3251532e-01
   4.5245397e-01
   4.6932515e-01
   4.8619629e-01
   4.9693250e-01
   5.0460120e-01
   5.0920246e-01
   5.0920242e-01
   5.0613494e-01
   5.0306746e-01
   4.9846624e-01
   4.9539876e-01
   4.9693247e-01
   5.0306746e-01
   5.1226990e-01
   5.2607360e-01
   5.4754599e-01
   5.7515338e-01
   6.0582819e-01
   6.3957054e-01
   6.7638037e-01
   7.0705520e-01
   7.3466256e-01
   7.5306747e-01
   7.5920243e-01
   7.5306747e-01
   7.3773004e-01
   7.1472390e-01
   6.8558281e-01
   6.5644171e-01
   6.2883432e-01
   6.0276071e-01
   5.8435579e-01
   5.7055213e-01
   5.6288340e-01
   5.5674843e-01
   5.5674843e-01
   5.5674843e-01
   5.5674843e-01
   5.5674843e-01
   5.5214721e-01
   5.4601225e-01
   5.3680981e-01
   5.2147238e-01
   5.0460120e-01
   4.8466258e-01
   4.6165641e-01
   4.3711654e-01
   4.1257666e-01
   3.8650305e-01
   3.6349694e-01
   3.4355826e-01
   3.2975456e-01
   3.2208586e-01
   3.2361963e-01
   3.3282208e-01
   3.4662577e-01
   3.6503065e-01
   3.8650305e-01
   4.0797544e-01
   4.3098158e-01
   4.4938649e-01
   4.6625763e-01
   4.8006133e-01
   4.9233125e-01
   5.0153372e-01
   5.0920246e-01
   5.1380368e-01
   5.1840490e-01
   5.2300612e-01
   5.2760734e-01
   5.3527607e-01
   5.4294477e-01
   5.5521473e-01
   5.6441717e-01
   5.7668712e-01
   5.8435579e-01
   5.9202452e-01
   5.9202452e-01
   5.8742330e-01
   5.7822086e-01
   5.6134969e-01
   5.4141103e-01
   5.1993864e-01
   4.9693250e-01
   4.7699385e-01
   4.6319015e-01
   4.5858893e-01
   4.6165641e-01
   4.7546011e-01
   4.9693250e-01
   5.2300612e-01
   5.5214721e-01
   5.7515335e-01
   5.9815949e-01
   6.1196318e-01
   6.2116565e-01
   6.2269936e-01
   6.1809814e-01
   6.1042944e-01
   5.9815949e-01
   5.8588956e-01
   5.7361964e-01
   5.6288343e-01
   5.5521469e-01
   5.5061347e-01
   5.5368095e-01
   5.5981592e-01
   5.6901839e-01
   5.8435582e-01
   6.0429445e-01
   6.2730058e-01
   6.5030675e-01
   6.7484663e-01
   6.9631902e-01
   7.1625764e-01
   7.2699382e-01
   7.3312882e-01
   7.2852760e-01
   7.1625764e-01
   6.9785273e-01
   6.7484659e-01
   6.4570550e-01
   6.1809814e-01
   5.8895701e-01
   5.6288343e-01
   5.3680981e-01
   5.1380368e-01
   4.9539876e-01
   4.8159507e-01
   4.7239263e-01
   4.7239263e-01
   4.7546011e-01
   4.8312881e-01
   4.9386502e-01
   5.0306746e-01
   5.1073620e-01
   5.1380368e-01
   5.1226990e-01
   5.0766872e-01
   4.9846624e-01
   4.8619629e-01
   4.7392633e-01
   4.6319019e-01
   4.5552145e-01
   4.5092023e-01
   4.5092023e-01
   4.5245397e-01
   4.5858893e-01
   4.6472393e-01
   4.6779141e-01
   4.6932515e-01
   4.6625763e-01
   4.6319019e-01
   4.5552145e-01
   4.4785275e-01
   4.4171779e-01
   4.3865028e-01
   4.3865028e-01
   4.4018402e-01
   4.4631898e-01
   4.5092023e-01
   4.5705519e-01
   4.6165641e-01
   4.6625767e-01
   4.6779141e-01
   4.7085885e-01
   4.6932511e-01
   4.6779141e-01
   4.6472393e-01
   4.6165641e-01
   4.5858897e-01
   4.5705519e-01
   4.5552145e-01
   4.5398771e-01
   4.5398771e-01
   4.5398771e-01
   4.5092023e-01
   4.4478527e-01
   4.3711657e-01
   4.2484662e-01
   4.1257666e-01
   3.9877300e-01
   3.8650305e-01
   3.7576683e-01
   3.6809813e-01
   3.6503065e-01
   3.6503069e-01
   3.7269939e-01
   3.8496934e-01
   4.0030674e-01
   4.1717788e-01
   4.3251532e-01
   4.4325150e-01
   4.4631901e-01
   4.3865028e-01
   4.2177914e-01
   3.9570552e-01
   3.6503069e-01
   3.3588956e-01
   3.0828217e-01
   2.9141103e-01
   2.8527606e-01
   2.9141103e-01
   3.1134968e-01
   3.3895704e-01
   3.7576683e-01
   4.1411040e-01
   4.4938646e-01
   4.7852759e-01
   4.9846624e-01
   5.0460120e-01
   4.9846624e-01
   4.8312881e-01
   4.5858893e-01
   4.3404906e-01
   4.1104292e-01
   3.9417178e-01
   3.8190179e-01
   3.7883435e-01
   3.8343557e-01
   3.9570552e-01
   4.0950918e-01
   4.2331288e-01
   4.3711654e-01
   4.4478527e-01
   4.4631901e-01
   4.4018402e-01
   4.2484662e-01
   4.0644170e-01
   3.8496931e-01
   3.6503065e-01
   3.5122699e-01
   3.4355826e-01
   3.4355826e-01
   3.5429447e-01
   3.7116561e-01
   3.9417178e-01
   4.1871162e-01
   4.4171779e-01
   4.6472393e-01
   4.8006133e-01
   4.9233125e-01
   4.9846624e-01
   4.9693250e-01
   4.9233125e-01
   4.8619629e-01
   4.7699385e-01
   4.6779141e-01
   4.6165641e-01
   4.5858893e-01
   4.6319015e-01
   4.6779141e-01
   4.7852759e-01
   4.8926380e-01
   5.0306746e-01
   5.1687116e-01
   5.2607360e-01
   5.3834355e-01
   5.4447851e-01
   5.5214721e-01
   5.5674847e-01
   5.5981595e-01
   5.6288340e-01
   5.6595091e-01
   5.6748462e-01
   5.7055213e-01
   5.7055213e-01
   5.7055213e-01
   5.6748465e-01
   5.6288343e-01
   5.5368099e-01
   5.3987726e-01
   5.2760734e-01
   5.1226990e-01
   4.9999998e-01
   4.9233128e-01
   4.9233125e-01
   4.9539876e-01
   5.0460124e-01
   5.1687116e-01
   5.3220859e-01
   5.4754599e-01
   5.6134969e-01
   5.7515338e-01
   5.8282205e-01
   5.8435582e-01
   5.8128834e-01
   5.7361961e-01
   5.5981592e-01
   5.4294477e-01
   5.2760734e-01
   5.1073616e-01
   4.9693250e-01
   4.8773003e-01
   4.8006133e-01
   4.7699385e-01
   4.7546011e-01
   4.7546011e-01
   4.7546011e-01
   4.7239263e-01
   4.6779141e-01
   4.6012271e-01
   4.4938646e-01
   4.3251532e-01
   4.1564414e-01
   3.9877300e-01
   3.8190183e-01
   3.6809813e-01
   3.6042943e-01
   3.6042943e-01
   3.6656443e-01
   3.8036809e-01
   3.9723923e-01
   4.1564414e-01
   4.3711657e-01
   4.5552145e-01
   4.7085889e-01
   4.8159507e-01
   4.8773006e-01
   4.8926380e-01
   4.8773003e-01
   4.8159510e-01
   4.7546011e-01
   4.6932515e-01
   4.6472393e-01
   4.6625763e-01
   4.6779141e-01
   4.7392637e-01
   4.8006133e-01
   4.8926377e-01
   4.9386502e-01
   4.9539876e-01
   4.9386502e-01
   4.8619629e-01
   4.7392637e-01
   4.5705519e-01
   4.3711654e-01
   4.1257666e-01
   3.8803682e-01
   3.6196317e-01
   3.3435582e-01
   3.0981594e-01
   2.8680980e-01
   2.6687115e-01
   2.4999997e-01
   2.3619631e-01
   2.2392636e-01
   2.1472392e-01
   2.0705522e-01
   2.0092022e-01
   1.9631900e-01
   1.9171778e-01
   1.8711656e-01
   1.8251534e-01
   1.7484661e-01
   1.6564417e-01
   1.5337421e-01
   1.3803681e-01
   1.1963190e-01
   9.8159502e-02
   7.8220847e-02
   5.8282192e-02
   3.8343537e-02
   2.3006135e-02
   9.2024407e-03
   1.5337066e-03
   0.0000000e+00
   6.1349605e-03
   1.9938622e-02
   4.1411050e-02
   6.5950892e-02
   9.3558281e-02
   1.1963186e-01
   1.4263803e-01
   1.6257669e-01
   1.7484661e-01
   1.8098160e-01
   1.8558282e-01
   1.8711656e-01
   1.8865030e-01
   1.9171775e-01
   1.9478526e-01
   2.0245400e-01
   2.1012270e-01
   2.1472392e-01
   2.2085888e-01
   2.2546010e-01
   2.2392636e-01
   2.2085888e-01
   2.1165644e-01
   2.0398770e-01
   1.9325152e-01
   1.8711656e-01
   1.8558282e-01
   1.9325152e-01
   2.0858896e-01
   2.3159506e-01
   2.6226993e-01
   2.9601225e-01
   3.3282208e-01
   3.6809813e-01
   3.9877297e-01
   4.2331288e-01
   4.4171776e-01
   4.5398771e-01
   4.5705519e-01
   4.5552145e-01
   4.4938649e-01
   4.3865028e-01
   4.2944784e-01
   4.2177910e-01
   4.2024536e-01
   4.2484662e-01
   4.3404906e-01
   4.5092023e-01
   4.7085889e-01
   4.9386502e-01
   5.1380364e-01
   5.3374230e-01
   5.4754599e-01
   5.5674847e-01
   5.5674847e-01
   5.5214725e-01
   5.3834355e-01
   5.1993864e-01
   4.9846624e-01
   4.7546011e-01
   4.5245397e-01
   4.3251532e-01
   4.2024540e-01
   4.0950918e-01
   4.0490796e-01
   4.0490796e-01
   4.0644170e-01
   4.0950918e-01
   4.1257666e-01
   4.1411040e-01
   4.1871166e-01
   4.2024540e-01
   4.2484662e-01
   4.2638036e-01
   4.2791410e-01
   4.3251532e-01
   4.3404906e-01
   4.3711654e-01
   4.4018402e-01
   4.4478527e-01
   4.4631901e-01
   4.4938649e-01
   4.4938649e-01
   4.5092023e-01
   4.5552145e-01
   4.5858897e-01
   4.6779141e-01
   4.8006133e-01
   4.9386502e-01
   5.1226990e-01
   5.2914108e-01
   5.4601225e-01
   5.6134966e-01
   5.7515338e-01
   5.8742330e-01
   5.9969323e-01
   6.1196315e-01
   6.2423310e-01
   6.3803680e-01
   6.5184049e-01
   6.6564415e-01
   6.8098159e-01
   6.9631899e-01
   7.1012268e-01
   7.2392634e-01
   7.3466256e-01
   7.4386500e-01
   7.4999996e-01
   7.4999999e-01
   7.4846625e-01
   7.4233129e-01
   7.3159508e-01
   7.2085890e-01
   7.0858894e-01
   6.9785273e-01
   6.8711655e-01
   6.7944781e-01
   6.7331289e-01
   6.6871166e-01
   6.6411041e-01
   6.5950919e-01
   6.5490797e-01
   6.4723924e-01
   6.3650306e-01
   6.2423313e-01
   6.0736193e-01
   5.9049078e-01
   5.7055213e-01
   5.5368095e-01
   5.4141103e-01
   5.3374233e-01
   5.2914108e-01
   5.3220859e-01
   5.3680981e-01
   5.4601225e-01
   5.5521469e-01
   5.6595091e-01
   5.7822083e-01
   5.8895704e-01
   6.0276074e-01
   6.1503066e-01
   6.3036809e-01
   6.4570550e-01
   6.5950919e-01
   6.7331285e-01
   6.8558281e-01
   6.9631902e-01
   7.0245398e-01
   7.0552146e-01
   7.0092021e-01
   6.9171777e-01
   6.7791407e-01
   6.5950919e-01
   6.4110428e-01
   6.2576687e-01
   6.1656440e-01
   6.1656440e-01
   6.2423310e-01
   6.3957054e-01
   6.6104293e-01
   6.8098159e-01
   6.9785273e-01
   7.0705520e-01
   7.0705520e-01
   6.9631902e-01
   6.7638037e-01
   6.4723924e-01
   6.1349692e-01
   5.7975457e-01
   5.4754599e-01
   5.2147238e-01
   5.0153372e-01
   4.8926380e-01
   4.8159507e-01
   4.7699385e-01
   4.7392637e-01
   4.6779141e-01
   4.6012267e-01
   4.4938649e-01
   4.3865031e-01
   4.2791410e-01
   4.1717788e-01
   4.1104292e-01
   4.1104292e-01
   4.1564414e-01
   4.2638036e-01
   4.4018405e-01
   4.5858893e-01
   4.7852759e-01
   4.9693247e-01
   5.1687116e-01
   5.3220859e-01
   5.4294477e-01
   5.5061347e-01
   5.5214721e-01
   5.5214725e-01
   5.4907973e-01
   5.4601225e-01
   5.4294477e-01
   5.4447851e-01
   5.4754599e-01
   5.5368095e-01
   5.6288343e-01
   5.7361961e-01
   5.8435579e-01
   5.9509200e-01
   6.0429445e-01
   6.1196318e-01
   6.1656440e-01
   6.1656440e-01
   6.1196318e-01
   5.9969323e-01
   5.8895701e-01
   5.7361961e-01
   5.6134969e-01
   5.5674843e-01
   5.5674843e-01
   5.6595091e-01
   5.8282205e-01
   6.0582822e-01
   6.3496931e-01
   6.6257667e-01
   6.9171777e-01
   7.1625764e-01
   7.3466256e-01
   7.4539874e-01
   7.5153373e-01
   7.4999999e-01
   7.4386500e-01
   7.3312882e-01
   7.2085886e-01
   7.1012268e-01
   7.0245395e-01
   6.9631899e-01
   6.9171780e-01
   6.8865029e-01
   6.8865029e-01
   6.8711655e-01
   6.8558281e-01
   6.8404907e-01
   6.8404907e-01
   6.8251533e-01
   6.8251533e-01
   6.8251533e-01
   6.7944785e-01
   6.7944785e-01
   6.7638033e-01
   6.7484659e-01
   6.7484663e-01
   6.7331289e-01
   6.7177911e-01
   6.7177911e-01
   6.6871163e-01
   6.6257667e-01
   6.5184049e-01
   6.4110428e-01
   6.2576684e-01
   6.0889570e-01
   5.9202452e-01
   5.7361961e-01
   5.5981592e-01
   5.4754599e-01
   5.3987729e-01
   5.3527607e-01
   5.3374233e-01
   5.3680978e-01
   5.4447851e-01
   5.5521469e-01
   5.6748465e-01
   5.7975457e-01
   5.9202449e-01
   6.0429448e-01
   6.1349692e-01
   6.1963191e-01
   6.2576684e-01
   6.3190183e-01
   6.3650306e-01
   6.3957054e-01
   6.4263805e-01
   6.4263802e-01
   6.4417176e-01
   6.4570550e-01
   6.4570553e-01
   6.4877298e-01
   6.5184046e-01
   6.5797545e-01
   6.6411041e-01
   6.7177911e-01
   6.8098159e-01
   6.8865029e-01
   6.9631899e-01
   7.0245398e-01
   7.0858894e-01
   7.1472394e-01
   7.1625764e-01
   7.1932512e-01
   7.2085886e-01
   7.1932516e-01
   7.1779138e-01
   7.1779138e-01
   7.1779138e-01
   7.1625768e-01
   7.1779142e-01
   7.1625764e-01
   7.1472390e-01
   7.1165642e-01
   7.0552146e-01
   6.9785276e-01
   6.8865029e-01
   6.7638037e-01
   6.6257667e-01
   6.4877298e-01
   6.3496928e-01
   6.1809814e-01
   6.0429445e-01
   5.9202452e-01
   5.8435582e-01
   5.8128834e-01
   5.8435582e-01
   5.9202449e-01
   6.0582822e-01
   6.1656440e-01
   6.2883432e-01
   6.3803680e-01
   6.4263802e-01
   6.4417176e-01
   6.4417176e-01
   6.4417179e-01
   6.4570550e-01
   6.5030672e-01
   6.5950919e-01
   6.7331289e-01
   6.9325151e-01
   7.1319020e-01
   7.3312882e-01
   7.4999996e-01
   7.5920243e-01
   7.5920243e-01
   7.5153373e-01
   7.3773004e-01
   7.1472390e-01
   6.9018403e-01
   6.6564415e-01
   6.4417176e-01
   6.2883435e-01
   6.1963188e-01
   6.1503066e-01
   6.1656440e-01
   6.1963188e-01
   6.2576684e-01
   6.3343557e-01
   6.3957054e-01
   6.4570550e-01
   6.5184049e-01
   6.5797545e-01
   6.6257667e-01
   6.6257667e-01
   6.6257667e-01
   6.5950919e-01
   6.5644171e-01
   6.5184046e-01
   6.4570550e-01
   6.3803680e-01
   6.2730058e-01
   6.1656440e-01
   6.0276071e-01
   5.9202452e-01
   5.7975460e-01
   5.7055213e-01
   5.6595091e-01
   5.6441717e-01
   5.6901839e-01
   5.7822083e-01
   5.8895704e-01
   5.9969323e-01
   6.1196318e-01
   6.1963188e-01
   6.2576684e-01
   6.2423310e-01
   6.1656440e-01
   6.0582822e-01
   5.8895704e-01
   5.7055213e-01
   5.5061347e-01
   5.3220856e-01
   5.1380364e-01
   5.0153372e-01
   4.9079754e-01
   4.8159507e-01
   4.7546011e-01
   4.6319015e-01
   4.5245397e-01
   4.3558280e-01
   4.1871162e-01
   3.9877297e-01
   3.7883435e-01
   3.6503069e-01
   3.5429444e-01
   3.4969325e-01
   3.5276073e-01
   3.6196317e-01
   3.7730061e-01
   3.9877300e-01
   4.2331288e-01
   4.4785275e-01
   4.6932511e-01
   4.8773003e-01
   5.0306746e-01
   5.0920246e-01
   5.1226990e-01
   5.1226990e-01
   5.0920242e-01
   5.0920246e-01
   5.0766872e-01
   5.1073616e-01
   5.1533738e-01
   5.2300612e-01
   5.3220859e-01
   5.4141103e-01
   5.5214721e-01
   5.5981592e-01
   5.6748465e-01
   5.7055213e-01
   5.6901839e-01
   5.6441717e-01
   5.5674847e-01
   5.4754599e-01
   5.3987729e-01
   5.3527604e-01
   5.3834355e-01
   5.4601225e-01
   5.6134969e-01
   5.8282205e-01
   6.0582819e-01
   6.2883432e-01
   6.5184046e-01
   6.6717789e-01
   6.7484663e-01
   6.7331289e-01
   6.6411041e-01
   6.4570550e-01
   6.2116562e-01
   5.9509204e-01
   5.6748465e-01
   5.4754599e-01
   5.3374233e-01
   5.2914108e-01
   5.3220859e-01
   5.4294477e-01
   5.5674843e-01
   5.6901839e-01
   5.7975460e-01
   5.8128831e-01
   5.7822086e-01
   5.6595091e-01
   5.5061347e-01
   5.3220859e-01
   5.1226990e-01
   4.9539876e-01
   4.8312884e-01
   4.7852759e-01
   4.8159507e-01
   4.9386502e-01
   5.1380364e-01
   5.3987729e-01
   5.6748465e-01
   5.9509200e-01
   6.2269939e-01
   6.4570550e-01
   6.6411041e-01
   6.7791411e-01
   6.8865029e-01
   6.9785276e-01
   7.0552146e-01
   7.0858894e-01
   7.1165642e-01
   7.1165642e-01
   7.0705520e-01
   7.0245395e-01
   6.9325151e-01
   6.8098159e-01
   6.6564415e-01
   6.4723927e-01
   6.2730058e-01
   6.0582819e-01
   5.8742330e-01
   5.7055213e-01
   5.5674847e-01
   5.5061347e-01
   5.5214721e-01
   5.5828217e-01
   5.6901839e-01
   5.8128834e-01
   5.9662578e-01
   6.1196318e-01
   6.2576684e-01
   6.4110428e-01
   6.5337420e-01
   6.6871163e-01
   6.8251533e-01
   6.9478528e-01
   7.0552146e-01
   7.1319016e-01
   7.1779142e-01
   7.1932512e-01
   7.1779142e-01
   7.1319016e-01
   7.0858891e-01
   7.0092024e-01
   6.9171777e-01
   6.8558281e-01
   6.7638037e-01
   6.7331285e-01
   6.7177914e-01
   6.7177911e-01
   6.7484659e-01
   6.7791411e-01
   6.8251529e-01
   6.8251533e-01
   6.8098159e-01
   6.7638037e-01
   6.6564415e-01
   6.5030672e-01
   6.3343557e-01
   6.1349689e-01
   5.9355826e-01
   5.7668709e-01
   5.6134969e-01
   5.5674843e-01
   5.5981595e-01
   5.7055213e-01
   5.9049078e-01
   6.1656440e-01
   6.4417176e-01
   6.6717789e-01
   6.8558281e-01
   6.9325151e-01
   6.8711655e-01
   6.7177911e-01
   6.4570550e-01
   6.1656440e-01
   5.8435579e-01
   5.5521473e-01
   5.3220856e-01
   5.1687116e-01
   5.1073616e-01
   5.1380364e-01
   5.2453986e-01
   5.4141103e-01
   5.6134969e-01
   5.8282205e-01
   6.0122697e-01
   6.1809814e-01
   6.2883432e-01
   6.3650306e-01
   6.4263802e-01
   6.4877301e-01
   6.5490794e-01
   6.6257667e-01
   6.7024537e-01
   6.8098155e-01
   6.9171780e-01
   7.0092024e-01
   7.0858894e-01
   7.1625768e-01
   7.2085886e-01
   7.2699386e-01
   7.3312882e-01
   7.4233129e-01
   7.5306747e-01
   7.6687117e-01
   7.8374231e-01
   8.0521470e-01
   8.3128832e-01
   8.5736193e-01
   8.8496932e-01
   9.0950920e-01
   9.3098156e-01
   9.4478526e-01
   9.5092022e-01
   9.4938648e-01
   9.3865029e-01
   9.2331286e-01
   9.0184046e-01
   8.7883433e-01
   8.5736193e-01
   8.3588957e-01
   8.2055214e-01
   8.1134966e-01
   8.1134970e-01
   8.1748466e-01
   8.3128832e-01
   8.4969323e-01
   8.6809815e-01
   8.8496932e-01
   9.0030672e-01
   9.0644169e-01
   9.0950917e-01
   9.0797543e-01
   9.0337424e-01
   8.9417176e-01
   8.8496929e-01
   8.7423311e-01
   8.6042945e-01
   8.4355827e-01
   8.2515336e-01
   8.0214722e-01
   7.7760735e-01
   7.5153373e-01
   7.2546008e-01
   7.0245398e-01
   6.8251533e-01
   6.6717789e-01
   6.5644171e-01
   6.5030675e-01
   6.4877298e-01
   6.5030672e-01
   6.5184046e-01
   6.5490794e-01
   6.5490797e-01
   6.5490797e-01
   6.5490797e-01
   6.5490794e-01
   6.5644168e-01
   6.6257667e-01
   6.7331285e-01
   6.8558281e-01
   6.9631899e-01
   7.0245395e-01
   7.0092024e-01
   6.9018403e-01
   6.6871163e-01
   6.3650306e-01
   5.9662574e-01
   5.5368099e-01
   5.1226994e-01
   4.8006133e-01
   4.5858893e-01
   4.5092023e-01
   4.5705519e-01
   4.7546011e-01
   5.0460120e-01
   5.3527607e-01
   5.6441717e-01
   5.8435582e-01
   5.9355826e-01
   5.9202452e-01
   5.7668709e-01
   5.5368099e-01
   5.2914108e-01
   5.1073616e-01
   4.9999998e-01
   5.0153372e-01
   5.1533738e-01
   5.3987729e-01
   5.7055213e-01
   6.0122700e-01
   6.2730061e-01
   6.4417176e-01
   6.5184046e-01
   6.4570550e-01
   6.2576684e-01
   5.9662574e-01
   5.6288343e-01
   5.2760734e-01
   4.9539876e-01
   4.7239263e-01
   4.6012267e-01
   4.6012267e-01
   4.7239259e-01
   4.9386499e-01
   5.2300612e-01
   5.5368099e-01
   5.8282205e-01
   6.0429445e-01
   6.1963188e-01
   6.2576684e-01
   6.2116562e-01
   6.0889570e-01
   5.8742330e-01
   5.6288340e-01
   5.3374233e-01
   5.0460124e-01
   4.8159507e-01
   4.6319015e-01
   4.5552145e-01
   4.5552145e-01
   4.6319015e-01
   4.7546011e-01
   4.8926377e-01
   5.0460120e-01
   5.1533738e-01
   5.2147238e-01
   5.1993864e-01
   5.1533742e-01
   5.0460120e-01
   4.8773003e-01
   4.7085889e-01
   4.5398771e-01
   4.4018405e-01
   4.2791410e-01
   4.2177914e-01
   4.2177914e-01
   4.2638032e-01
   4.3098158e-01
   4.3558280e-01
   4.3865031e-01
   4.3711654e-01
   4.3251532e-01
   4.2484658e-01
   4.1411044e-01
   4.0337422e-01
   3.9570549e-01
   3.9110427e-01
   3.9263801e-01
   4.0030674e-01
   4.1257670e-01
   4.3098158e-01
   4.5552145e-01
   4.8006133e-01
   5.0460120e-01
   5.2914108e-01
   5.4601225e-01
   5.5828217e-01
   5.6288340e-01
   5.6134969e-01
   5.5521469e-01
   5.4754599e-01
   5.3834355e-01
   5.3067482e-01
   5.2453986e-01
   5.2300612e-01
   5.2760734e-01
   5.3680981e-01
   5.5521469e-01
   5.7975460e-01
   6.1042944e-01
   6.4723927e-01
   6.8098159e-01
   7.1165646e-01
   7.3773007e-01
   7.4999999e-01
   7.5306747e-01
   7.4386500e-01
   7.2546008e-01
   6.9938647e-01
   6.7024537e-01
   6.4263802e-01
   6.1656440e-01
   5.9662574e-01
   5.8282205e-01
   5.7515335e-01
   5.7361961e-01
   5.7822083e-01
   5.8588956e-01
   5.9969326e-01
   6.1196318e-01
   6.2423310e-01
   6.3496931e-01
   6.4417176e-01
   6.5030675e-01
   6.5337423e-01
   6.5030672e-01
   6.4263802e-01
   6.2883435e-01
   6.1042944e-01
   5.8742330e-01
   5.6134966e-01
   5.3680981e-01
   5.1533738e-01
   4.9846624e-01
   4.9233128e-01
   4.9233128e-01
   4.9846624e-01
   5.0613494e-01
   5.1687116e-01
   5.2760734e-01
   5.3527604e-01
   5.3987729e-01
   5.4294474e-01
   5.4601225e-01
   5.5061347e-01
   5.5521469e-01
   5.6441714e-01
   5.7822086e-01
   5.9355826e-01
   6.1042944e-01
   6.2730061e-01
   6.4110428e-01
   6.5030672e-01
   6.5184049e-01
   6.4417176e-01
   6.2883432e-01
   6.0736196e-01
   5.8128834e-01
   5.5521469e-01
   5.3220859e-01
   5.1380368e-01
   5.0153376e-01
   4.9846624e-01
   5.0153372e-01
   5.0920242e-01
   5.1993864e-01
   5.3220856e-01
   5.4294477e-01
   5.5061347e-01
   5.5214725e-01
   5.4754599e-01
   5.3680981e-01
   5.1993864e-01
   4.9693250e-01
   4.7699385e-01
   4.5705523e-01
   4.4325150e-01
   4.3711654e-01
   4.3865028e-01
   4.4938649e-01
   4.6472393e-01
   4.8619632e-01
   5.0766868e-01
   5.2607363e-01
   5.4141103e-01
   5.4907973e-01
   5.5214725e-01
   5.4294477e-01
   5.3067482e-01
   5.1073620e-01
   4.8926377e-01
   4.7085889e-01
   4.5245397e-01
   4.3865028e-01
   4.3098158e-01
   4.2638036e-01
   4.2484662e-01
   4.2331288e-01
   4.2177914e-01
   4.1717792e-01
   4.1564418e-01
   4.1257670e-01
   4.1104292e-01
   4.1104292e-01
   4.1564418e-01
   4.2024536e-01
   4.2791410e-01
   4.3711657e-01
   4.4631901e-01
   4.5858893e-01
   4.6779141e-01
   4.7546011e-01
   4.8312884e-01
   4.8466255e-01
   4.8466255e-01
   4.8006136e-01
   4.7392637e-01
   4.6319019e-01
   4.5398771e-01
   4.4631898e-01
   4.4018402e-01
   4.3711654e-01
   4.3865028e-01
   4.4325153e-01
   4.5092023e-01
   4.6165645e-01
   4.7392637e-01
   4.8619632e-01
   4.9386502e-01
   4.9999998e-01
   4.9693250e-01
   4.8773003e-01
   4.7085889e-01
   4.4938649e-01
   4.2331288e-01
   3.9570549e-01
   3.6809813e-01
   3.4509200e-01
   3.2361963e-01
   3.0368095e-01
   2.8680980e-01
   2.6993863e-01
   2.5306746e-01
   2.3773002e-01
   2.2392639e-01
   2.1012270e-01
   1.9938648e-01
   1.8865030e-01
   1.8098157e-01
   1.7791409e-01
   1.7791409e-01
   1.8404905e-01
   1.9325149e-01
   2.0705522e-01
   2.2085888e-01
   2.3466257e-01
   2.4386501e-01
   2.4999997e-01
   2.5306746e-01
   2.5153371e-01
   2.4846623e-01
   2.4846623e-01
   2.5153371e-01
   2.5766871e-01
   2.7147240e-01
   2.8987729e-01
   3.0828220e-01
   3.2975460e-01
   3.4815948e-01
   3.6349691e-01
   3.7423309e-01
   3.7730061e-01
   3.7423313e-01
   3.6656443e-01
   3.5582821e-01
   3.4355829e-01
   3.3282208e-01
   3.2515337e-01
   3.2515337e-01
   3.2975456e-01
   3.4049078e-01
   3.5582818e-01
   3.7423309e-01
   3.9417175e-01
   4.1411040e-01
   4.3251532e-01
   4.4938649e-01
   4.6625763e-01
   4.8159510e-01
   4.9079754e-01
   4.9999998e-01
   5.0306746e-01
   5.0153372e-01
   4.9539876e-01
   4.8619629e-01
   4.7239263e-01
   4.5552145e-01
   4.3865028e-01
   4.2024536e-01
   4.0030674e-01
   3.8036805e-01
   3.6349691e-01
   3.4815948e-01
   3.3588956e-01
   3.2822086e-01
   3.2208586e-01
   3.2055215e-01
   3.2055212e-01
   3.2055212e-01
   3.2361960e-01
   3.2515334e-01
   3.3282208e-01
   3.3895704e-01
   3.4662574e-01
   3.5889569e-01
   3.6809813e-01
   3.8036809e-01
   3.9110430e-01
   4.0030674e-01
   4.0950918e-01
   4.2024536e-01
   4.3098158e-01
   4.4171776e-01
   4.5092023e-01
   4.6012267e-01
   4.6319015e-01
   4.6625767e-01
   4.6319015e-01
   4.6012271e-01
   4.5245397e-01
   4.4631898e-01
   4.3865031e-01
   4.3098158e-01
   4.2331288e-01
   4.1871162e-01
   4.1411040e-01
   4.0797544e-01
   4.0490796e-01
   4.0184048e-01
   3.9877297e-01
   3.9723926e-01
   3.9723923e-01
   4.0030674e-01
   4.0644170e-01
   4.1411040e-01
   4.2331284e-01
   4.3558280e-01
   4.4631901e-01
   4.5858893e-01
   4.6472393e-01
   4.6779141e-01
   4.6779141e-01
   4.6319019e-01
   4.5705519e-01
   4.5092023e-01
   4.4325153e-01
   4.3865031e-01
   4.3711654e-01
   4.3558283e-01
   4.3865031e-01
   4.4325150e-01
   4.4938646e-01
   4.6165641e-01
   4.7546011e-01
   4.9386502e-01
   5.1380368e-01
   5.3680978e-01
   5.5828221e-01
   5.7668709e-01
   5.9202452e-01
   5.9969323e-01
   5.9969323e-01
   5.9509200e-01
   5.8282205e-01
   5.6748462e-01
   5.4754603e-01
   5.2607360e-01
   5.0306746e-01
   4.8159510e-01
   4.6165641e-01
   4.4631901e-01
   4.3251532e-01
   4.2331288e-01
   4.1564418e-01
   4.0797544e-01
   4.0030674e-01
   3.9263801e-01
   3.8957053e-01
   3.8803679e-01
   3.9263804e-01
   4.0184048e-01
   4.1564418e-01
   4.3711657e-01
   4.6319015e-01
   4.8926377e-01
   5.1687116e-01
   5.4294477e-01
   5.6441717e-01
   5.7975457e-01
   5.8742330e-01
   5.8435582e-01
   5.7668709e-01
   5.5828217e-01
   5.3527604e-01
   5.0613494e-01
   4.7699385e-01
   4.5092023e-01
   4.3098158e-01
   4.1564414e-01
   4.0797544e-01
   4.0644170e-01
   4.0950918e-01
   4.1717792e-01
   4.2638032e-01
   4.3098158e-01
   4.3251535e-01
   4.3098158e-01
   4.2024540e-01
   4.0644170e-01
   3.8650305e-01
   3.6349691e-01
   3.4202455e-01
   3.2361960e-01
   3.0828220e-01
   3.0214724e-01
   3.0368095e-01
   3.1134968e-01
   3.2822086e-01
   3.4815948e-01
   3.6963187e-01
   3.8957053e-01
   4.0797544e-01
   4.2177914e-01
   4.2944784e-01
   4.3251532e-01
   4.3098158e-01
   4.2484662e-01
   4.1564414e-01
   4.0490796e-01
   3.9417178e-01
   3.8496931e-01
   3.7730057e-01
   3.6809813e-01
   3.5889569e-01
   3.4509200e-01
   3.2668711e-01
   3.0674843e-01
   2.8374232e-01
   2.6073619e-01
   2.4079753e-01
   2.2699387e-01
   2.1779140e-01
   2.1625763e-01
   2.1779140e-01
   2.2392636e-01
   2.3159506e-01
   2.3773005e-01
   2.4079753e-01
   2.4079753e-01
   2.3619628e-01
   2.3006135e-01
   2.1932514e-01
   2.0858892e-01
   1.9938652e-01
   1.9325152e-01
   1.9631900e-01
   2.0552144e-01
   2.2239262e-01
   2.4693253e-01
   2.7914107e-01
   3.0981594e-01
   3.4049078e-01
   3.6809817e-01
   3.8650305e-01
   3.9417175e-01
   3.9417175e-01
   3.8036809e-01
   3.5736195e-01
   3.2668711e-01
   2.9294480e-01
   2.5920242e-01
   2.2852758e-01
   2.0398774e-01
   1.8865030e-01
   1.8098160e-01
   1.8098157e-01
   1.8865030e-01
   1.9631904e-01
   2.0245396e-01
   2.0705522e-01
   2.0705518e-01
   2.0552148e-01
   2.0245396e-01
   1.9938652e-01
   1.9478526e-01
   1.9478526e-01
   1.9631900e-01
   2.0092022e-01
   2.1012270e-01
   2.1932514e-01
   2.3006132e-01
   2.4233127e-01
   2.5000001e-01
   2.5920245e-01
   2.6226993e-01
   2.6533741e-01
   2.6533741e-01
   2.6533741e-01
   2.6840489e-01
   2.7607362e-01
   2.8834351e-01
   3.0521472e-01
   3.2515337e-01
   3.4969325e-01
   3.7576687e-01
   4.0030671e-01
   4.2331288e-01
   4.4325153e-01
   4.6012271e-01
   4.7239263e-01
   4.7852759e-01
   4.8159507e-01
   4.8312881e-01
   4.8006133e-01
   4.7699385e-01
   4.7546011e-01
   4.7546011e-01
   4.7699385e-01
   4.8312884e-01
   4.9079751e-01
   4.9999998e-01
   5.1073616e-01
   5.2300612e-01
   5.3834355e-01
   5.5368095e-01
   5.7208587e-01
   5.9049078e-01
   6.0736193e-01
   6.2269936e-01
   6.3343557e-01
   6.4110428e-01
   6.4417176e-01
   6.4110428e-01
   6.3343557e-01
   6.2423313e-01
   6.1042941e-01
   5.9355826e-01
   5.7668709e-01
   5.5828221e-01
   5.4141103e-01
   5.2760734e-01
   5.1687112e-01
   5.1073620e-01
   5.0766868e-01
   5.0766872e-01
   5.0766868e-01
   5.0460120e-01
   5.0153372e-01
   4.9233128e-01
   4.7699385e-01
   4.6012267e-01
   4.3558280e-01
   4.0950918e-01
   3.7730057e-01
   3.4662577e-01
   3.1595090e-01
   2.8680977e-01
   2.6380367e-01
   2.4846623e-01
   2.4079750e-01
   2.4079753e-01
   2.4846623e-01
   2.5920245e-01
   2.7147237e-01
   2.8067484e-01
   2.8987729e-01
   2.9447854e-01
   2.9447851e-01
   2.8987729e-01
   2.8220858e-01
   2.7453985e-01
   2.6533741e-01
   2.6073616e-01
   2.5766868e-01
   2.6226990e-01
   2.7300614e-01
   2.8987729e-01
   3.1441719e-01
   3.4049078e-01
   3.6656439e-01
   3.8957053e-01
   4.0644170e-01
   4.1717792e-01
   4.2177914e-01
   4.2024540e-01
   4.1564418e-01
   4.0950918e-01
   4.0490796e-01
   4.0337422e-01
   4.0644170e-01
   4.1564414e-01
   4.2791410e-01
   4.4171776e-01
   4.5552145e-01
   4.6472389e-01
   4.6932515e-01
   4.6319019e-01
   4.4938646e-01
   4.2791410e-01
   4.0030674e-01
   3.7116561e-01
   3.4355829e-01
   3.1901838e-01
   3.0061350e-01
   2.8834354e-01
   2.8220858e-01
   2.7914110e-01
   2.7760736e-01
   2.7607359e-01
   2.7300611e-01
   2.6533741e-01
   2.5613494e-01
   2.4386501e-01
   2.2852758e-01
   2.1472392e-01
   2.0245396e-01
   1.9478526e-01
   1.9325152e-01
   1.9938648e-01
   2.1319018e-01
   2.3466254e-01
   2.6073619e-01
   2.9141103e-01
   3.2361960e-01
   3.5429444e-01
   3.8496931e-01
   4.1104292e-01
   4.3404906e-01
   4.5245397e-01
   4.6779137e-01
   4.7239263e-01
   4.7392637e-01
   4.6932511e-01
   4.5858897e-01
   4.4938649e-01
   4.4171779e-01
   4.3711657e-01
   4.3711657e-01
   4.3865028e-01
   4.4631898e-01
   4.4938649e-01
   4.5245397e-01
   4.5092023e-01
   4.3865031e-01
   4.2177914e-01
   3.9570549e-01
   3.6656439e-01
   3.3435582e-01
   3.0061347e-01
   2.7300611e-01
   2.4846623e-01
   2.3466254e-01
   2.2699387e-01
   2.2699387e-01
   2.3006135e-01
   2.3619631e-01
   2.3773002e-01
   2.3312883e-01
   2.2392636e-01
   2.0858892e-01
   1.8865030e-01
   1.6871165e-01
   1.5030673e-01
   1.3650304e-01
   1.2883434e-01
   1.3036808e-01
   1.3957055e-01
   1.5337425e-01
   1.7484664e-01
   1.9938652e-01
   2.2085888e-01
   2.4386501e-01
   2.5920245e-01
   2.6993863e-01
   2.7607359e-01
   2.7760736e-01
   2.7607362e-01
   2.7607362e-01
   2.7607362e-01
   2.7607359e-01
   2.7914110e-01
   2.8067484e-01
   2.8067484e-01
   2.7607362e-01
   2.6687115e-01
   2.5306749e-01
   2.3773005e-01
   2.2239262e-01
   2.0552144e-01
   1.9325152e-01
   1.8404908e-01
   1.7944786e-01
   1.7484661e-01
   1.7331287e-01
   1.7177913e-01
   1.6871161e-01
   1.6104291e-01
   1.4723925e-01
   1.3190182e-01
   1.1196320e-01
   9.3558248e-02
   7.5153366e-02
   6.5950926e-02
   6.2883446e-02
   6.9018406e-02
   8.8957061e-02
   1.1503068e-01
   1.5030673e-01
   1.9325152e-01
   2.3466257e-01
   2.7914110e-01
   3.1901838e-01
   3.5582821e-01
   3.8496931e-01
   4.0797544e-01
   4.2024536e-01
   4.2177914e-01
   4.1411040e-01
   4.0030671e-01
   3.7883435e-01
   3.5582821e-01
   3.3435578e-01
   3.1748464e-01
   3.0674846e-01
   3.0521469e-01
   3.1595090e-01
   3.3282208e-01
   3.5889569e-01
   3.8957053e-01
   4.2331288e-01
   4.5552145e-01
   4.8619629e-01
   5.1226990e-01
   5.3067482e-01
   5.4447851e-01
   5.5368099e-01
   5.6134969e-01
   5.6748465e-01
   5.7208587e-01
   5.7975457e-01
   5.8588953e-01
   5.9049078e-01
   5.9355826e-01
   5.9355826e-01
   5.8895704e-01
   5.8282205e-01
   5.7822086e-01
   5.7515335e-01
   5.7515335e-01
   5.8128834e-01
   5.9202452e-01
   6.0736196e-01
   6.2576687e-01
   6.4877298e-01
   6.7024537e-01
   6.9171777e-01
   7.0705520e-01
   7.1625764e-01
   7.1779138e-01
   7.1165642e-01
   6.9631899e-01
   6.7638037e-01
   6.5184049e-01
   6.2576687e-01
   5.9969326e-01
   5.7822083e-01
   5.6134969e-01
   5.4907973e-01
   5.4601225e-01
   5.5061347e-01
   5.6134969e-01
   5.8128831e-01
   6.0582822e-01
   6.3496931e-01
   6.6411041e-01
   6.9171777e-01
   7.1472394e-01
   7.3006134e-01
   7.3466256e-01
   7.3159508e-01
   7.2239264e-01
   7.0552146e-01
   6.8865029e-01
   6.7024537e-01
   6.5490797e-01
   6.4570550e-01
   6.4110428e-01
   6.4263802e-01
   6.5184049e-01
   6.6411041e-01
   6.7791411e-01
   6.9478525e-01
   7.1012268e-01
   7.2392634e-01
   7.3312882e-01
   7.4386500e-01
   7.5306747e-01
   7.6380369e-01
   7.7607361e-01
   7.8987727e-01
   8.0368096e-01
   8.1901840e-01
   8.2822084e-01
   8.3128832e-01
   8.2975458e-01
   8.2208588e-01
   8.0828222e-01
   7.9141104e-01
   7.7300613e-01
   7.5153373e-01
   7.3159508e-01
   7.1472394e-01
   7.0245395e-01
   6.9478525e-01
   6.9631902e-01
   7.0245395e-01
   7.1625764e-01
   7.3619630e-01
   7.5920243e-01
   7.8220857e-01
   8.0521470e-01
   8.2361962e-01
   8.3742331e-01
   8.4509201e-01
   8.4202453e-01
   8.3435583e-01
   8.1748466e-01
   7.9601223e-01
   7.7300613e-01
   7.4999996e-01
   7.3006134e-01
   7.1932516e-01
   7.1625764e-01
   7.2239264e-01
   7.3619630e-01
   7.5306747e-01
   7.6993865e-01
   7.8680982e-01
   7.9754600e-01
   8.0368096e-01
   8.0214722e-01
   7.9601226e-01
   7.8527605e-01
   7.6993865e-01
   7.5613495e-01
   7.4386503e-01
   7.3312882e-01
   7.2852756e-01
   7.2699382e-01
   7.3159508e-01
   7.3926378e-01
   7.4693248e-01
   7.5306747e-01
   7.5613495e-01
   7.4999999e-01
   7.3773004e-01
   7.2085886e-01
   6.9478525e-01
   6.6411041e-01
   6.3190183e-01
   5.9815949e-01
   5.6748465e-01
   5.3987729e-01
   5.2147238e-01
   5.1073620e-01
   5.1073616e-01
   5.2147238e-01
   5.3987729e-01
   5.6595091e-01
   5.9509200e-01
   6.2116562e-01
   6.4417176e-01
   6.5797545e-01
   6.5950919e-01
   6.5030675e-01
   6.3190180e-01
   6.0736196e-01
   5.7822086e-01
   5.4907973e-01
   5.2453986e-01
   5.0766868e-01
   4.9693250e-01
   4.9693250e-01
   5.0766868e-01
   5.2300612e-01
   5.4294477e-01
   5.6441714e-01
   5.8282205e-01
   5.9662578e-01
   6.0889570e-01
   6.1349692e-01
   6.1656440e-01
   6.1503066e-01
   6.1196318e-01
   6.0582819e-01
   5.9815952e-01
   5.8742330e-01
   5.7668709e-01
   5.6441717e-01
   5.5061347e-01
   5.3527607e-01
   5.2147238e-01
   5.0766872e-01
   4.9233128e-01
   4.7699385e-01
   4.6165645e-01
   4.4631901e-01
   4.3098158e-01
   4.2024536e-01
   4.1104296e-01
   4.0644170e-01
   4.0644170e-01
   4.1257670e-01
   4.2331288e-01
   4.4171776e-01
   4.6165641e-01
   4.8773006e-01
   5.1687116e-01
   5.4294477e-01
   5.6901839e-01
   5.9049078e-01
   6.0582822e-01
   6.1656440e-01
   6.2116562e-01
   6.2116562e-01
   6.1963188e-01
   6.1963188e-01
   6.2269936e-01
   6.2730058e-01
   6.3343554e-01
   6.4263802e-01
   6.5030675e-01
   6.5644168e-01
   6.5490797e-01
   6.5030672e-01
   6.3957054e-01
   6.2423310e-01
   6.0582819e-01
   5.8742330e-01
   5.6748465e-01
   5.5368099e-01
   5.4601225e-01
   5.4447851e-01
   5.4907973e-01
   5.5981595e-01
   5.7208587e-01
   5.8588956e-01
   5.9509200e-01
   5.9815949e-01
   5.9662574e-01
   5.8588956e-01
   5.7055213e-01
   5.5214725e-01
   5.3374230e-01
   5.1533738e-01
   4.9846624e-01
   4.8773003e-01
   4.8312881e-01
   4.8466255e-01
   4.8926377e-01
   4.9999998e-01
   5.0920242e-01
   5.2147238e-01
   5.2914111e-01
   5.3220856e-01
   5.3374230e-01
   5.3067482e-01
   5.2607360e-01
   5.2147238e-01
   5.1993864e-01
   5.2300612e-01
   5.2760734e-01
   5.3680981e-01
   5.4601225e-01
   5.5521473e-01
   5.6134969e-01
   5.6595088e-01
   5.6595091e-01
   5.6441717e-01
   5.6134966e-01
   5.6134969e-01
   5.6441717e-01
   5.7208587e-01
   5.8435579e-01
   6.0582819e-01
   6.3190183e-01
   6.6257667e-01
   6.9325154e-01
   7.2085890e-01
   7.4386503e-01
   7.5613495e-01
   7.6226995e-01
   7.5766869e-01
   7.4539877e-01
   7.3159508e-01
   7.1472390e-01
   6.9938650e-01
   6.8558281e-01
   6.7791407e-01
   6.7484663e-01
   6.7638037e-01
   6.8558281e-01
   6.9938650e-01
   7.1932512e-01
   7.4233126e-01
   7.6687113e-01
   7.9141101e-01
   8.0981592e-01
   8.2208588e-01
   8.2668710e-01
   8.2208584e-01
   8.0981592e-01
   7.8987727e-01
   7.6533739e-01
   7.3773004e-01
   7.1165642e-01
   6.9018403e-01
   6.7638033e-01
   6.7331289e-01
   6.8098159e-01
   7.0092024e-01
   7.2852760e-01
   7.6073617e-01
   7.9601226e-01
   8.2515336e-01
   8.4969323e-01
   8.6503067e-01
   8.7116563e-01
   8.6963186e-01
   8.6042941e-01
   8.4969323e-01
   8.3742331e-01
   8.2361962e-01
   8.1288344e-01
   8.0521470e-01
   7.9907974e-01
   7.9601223e-01
   7.9141104e-01
   7.8834353e-01
   7.8374231e-01
   7.7453987e-01
   7.6533739e-01
   7.5766869e-01
   7.5460121e-01
   7.5613495e-01
   7.6840491e-01
   7.9141101e-01
   8.2208588e-01
   8.6042945e-01
   9.0184046e-01
   9.4018403e-01
   9.6932513e-01
   9.8619631e-01
   9.8773001e-01
   9.7239261e-01
   9.3865029e-01
   8.9110425e-01
   8.3128835e-01
   7.6687113e-01
   7.0398769e-01
   6.4877298e-01
   6.0429445e-01
   5.7515335e-01
   5.6288340e-01
   5.6595091e-01
   5.7975460e-01
   6.0122697e-01
   6.2730061e-01
   6.5030675e-01
   6.7177911e-01
   6.9018403e-01
   7.0398772e-01
   7.1319016e-01
   7.1625768e-01
   7.1779138e-01
   7.1472390e-01
   7.0858894e-01
   6.9631899e-01
   6.8098159e-01
   6.6411041e-01
   6.4417176e-01
   6.2423310e-01
   6.0429445e-01
   5.8742330e-01
   5.7515335e-01
   5.6595091e-01
   5.6288343e-01
   5.6441717e-01
   5.7208587e-01
