   9.5935890e-01
   8.8723525e-01
   7.7561534e-01
   6.4453348e-01
   5.1803092e-01
   4.1499713e-01
   3.4630796e-01
   3.1425300e-01
   3.1310819e-01
   3.3199771e-01
   3.5775615e-01
   3.8065254e-01
   3.9496279e-01
   3.9896966e-01
   3.9496279e-01
   3.8866629e-01
   3.8236978e-01
   3.7893532e-01
   3.7893532e-01
   3.8122496e-01
   3.8351460e-01
   3.8408700e-01
   3.8351460e-01
   3.8122495e-01
   3.7779050e-01
   3.7550087e-01
   3.7550086e-01
   3.7893532e-01
   3.8694905e-01
   3.9896966e-01
   4.1556954e-01
   4.3331426e-01
   4.5105896e-01
   4.6479680e-01
   4.7223812e-01
   4.6994848e-01
   4.5678306e-01
   4.3274183e-01
   4.0011448e-01
   3.6176301e-01
   3.2283915e-01
   2.8677733e-01
   2.5758444e-01
   2.3755008e-01
   2.2839153e-01
   2.2781912e-01
   2.3640528e-01
   2.4957070e-01
   2.6502575e-01
   2.7761878e-01
   2.8563251e-01
   2.8506011e-01
   2.7532914e-01
   2.5872924e-01
   2.3812249e-01
   2.1751574e-01
   2.0091585e-01
   1.9232971e-01
   1.9404693e-01
   2.0549513e-01
   2.2552948e-01
   2.5128792e-01
   2.8162564e-01
   3.1139095e-01
   3.4115626e-01
   3.6977677e-01
   3.9496280e-01
   4.1671437e-01
   4.3388666e-01
   4.4476245e-01
   4.4934173e-01
   4.4647968e-01
   4.3789353e-01
   4.2415570e-01
   4.0698340e-01
   3.8923870e-01
   3.7206640e-01
   3.5718374e-01
   3.4630796e-01
   3.4058386e-01
   3.4172867e-01
   3.4859759e-01
   3.6176303e-01
   3.7950773e-01
   3.9839725e-01
   4.1614196e-01
   4.2930738e-01
   4.3503148e-01
   4.3102462e-01
   4.1843160e-01
   3.9839725e-01
   3.7321122e-01
   3.4630796e-01
   3.2054952e-01
   2.9879793e-01
   2.8334287e-01
   2.7704635e-01
   2.8048082e-01
   2.9479107e-01
   3.1768746e-01
   3.4688037e-01
   3.7893531e-01
   4.0870063e-01
   4.3159702e-01
   4.4419004e-01
   4.4419004e-01
   4.3274185e-01
   4.1213508e-01
   3.8580423e-01
   3.5890098e-01
   3.3371494e-01
   3.1482541e-01
   3.0394963e-01
   3.0108757e-01
   3.0623926e-01
   3.1940470e-01
   3.3714940e-01
   3.5775615e-01
   3.7893532e-01
   3.9896966e-01
   4.1499714e-01
   4.2701774e-01
   4.3331424e-01
   4.3560389e-01
   4.3445907e-01
   4.3045220e-01
   4.2530052e-01
   4.1671437e-01
   4.0641099e-01
   3.9324556e-01
   3.7664567e-01
   3.6004580e-01
   3.4401832e-01
   3.3142530e-01
   3.2398398e-01
   3.2341156e-01
   3.3028048e-01
   3.4401832e-01
   3.6348025e-01
   3.8637665e-01
   4.1213508e-01
   4.3903836e-01
   4.6536921e-01
   4.8883802e-01
   5.0715513e-01
   5.1917572e-01
   5.2261019e-01
   5.1688608e-01
   5.0200344e-01
   4.8082428e-01
   4.5621064e-01
   4.2987979e-01
   4.0641099e-01
   3.8866629e-01
   3.7836291e-01
   3.7607327e-01
   3.8294219e-01
   3.9839724e-01
   4.2072123e-01
   4.4647968e-01
   4.7338295e-01
   4.9685174e-01
   5.1345163e-01
   5.2089295e-01
   5.1574127e-01
   4.9971379e-01
   4.7395535e-01
   4.4190040e-01
   4.0641098e-01
   3.7092158e-01
   3.3772180e-01
   3.0967372e-01
   2.8734974e-01
   2.7246708e-01
   2.6617057e-01
   2.6903263e-01
   2.8048082e-01
   2.9994275e-01
   3.2512880e-01
   3.5203205e-01
   3.7664567e-01
   3.9553520e-01
   4.0526618e-01
   4.0354894e-01
   3.9095592e-01
   3.6977677e-01
   3.4172867e-01
   3.1253578e-01
   2.8506011e-01
   2.6273612e-01
   2.4899829e-01
   2.4441902e-01
   2.5014311e-01
   2.6273612e-01
   2.7990841e-01
   2.9708072e-01
   3.1081855e-01
   3.1654264e-01
   3.1425300e-01
   3.0394963e-01
   2.8734974e-01
   2.7132226e-01
   2.5758442e-01
   2.5014311e-01
   2.5128792e-01
   2.5872925e-01
   2.7246709e-01
   2.8849456e-01
   3.0337722e-01
   3.1482541e-01
   3.2054952e-01
   3.1940470e-01
   3.1253578e-01
   2.9879795e-01
   2.8105323e-01
   2.6216371e-01
   2.4556382e-01
   2.3354322e-01
   2.2896393e-01
   2.3468804e-01
   2.4899829e-01
   2.7132228e-01
   2.9765313e-01
   3.2455638e-01
   3.4802519e-01
   3.6691471e-01
   3.8008013e-01
   3.8752146e-01
   3.9267315e-01
   3.9610761e-01
   4.0068689e-01
   4.0755580e-01
   4.1671437e-01
   4.2816256e-01
   4.4132798e-01
   4.5563823e-01
   4.6765885e-01
   4.7681740e-01
   4.8025186e-01
   4.7624499e-01
   4.6479679e-01
   4.4647968e-01
   4.2358329e-01
   3.9896966e-01
   3.7607328e-01
   3.5890097e-01
   3.4859759e-01
   3.4630796e-01
   3.5088724e-01
   3.6233544e-01
   3.7721808e-01
   3.9553521e-01
   4.1499714e-01
   4.3503148e-01
   4.5334860e-01
   4.6937607e-01
   4.8082427e-01
   4.8597595e-01
   4.8483113e-01
   4.7681740e-01
   4.6307956e-01
   4.4647968e-01
   4.2930739e-01
   4.1499713e-01
   4.0469377e-01
   3.9954207e-01
   4.0183172e-01
   4.0870063e-01
   4.2072123e-01
   4.3674871e-01
   4.5449343e-01
   4.7338294e-01
   4.8941043e-01
   5.0257585e-01
   5.0944476e-01
   5.1116199e-01
   5.0658271e-01
   4.9685174e-01
   4.8425873e-01
   4.6937607e-01
   4.5449341e-01
   4.4132799e-01
   4.3045220e-01
   4.2358328e-01
   4.1957641e-01
   4.2129364e-01
   4.2873498e-01
   4.4247281e-01
   4.6078993e-01
   4.8311390e-01
   5.0543790e-01
   5.2547223e-01
   5.3921007e-01
   5.4493418e-01
   5.4207212e-01
   5.3062393e-01
   5.1173440e-01
   4.8883801e-01
   4.6479679e-01
   4.4132799e-01
   4.2186606e-01
   4.0812822e-01
   4.0011448e-01
   3.9782485e-01
   4.0068689e-01
   4.0755581e-01
   4.1499714e-01
   4.2186605e-01
   4.2644533e-01
   4.2816256e-01
   4.2759015e-01
   4.2587293e-01
   4.2587293e-01
   4.2701774e-01
   4.3102462e-01
   4.3617630e-01
   4.4132798e-01
   4.4419004e-01
   4.4304522e-01
   4.3789353e-01
   4.3102462e-01
   4.2358329e-01
   4.1785919e-01
   4.1671437e-01
   4.2129364e-01
   4.3216944e-01
   4.4762449e-01
   4.6708644e-01
   4.8883801e-01
   5.0944476e-01
   5.2890670e-01
   5.4378936e-01
   5.5237551e-01
   5.5466513e-01
   5.4951345e-01
   5.3806526e-01
   5.2261019e-01
   5.0486548e-01
   4.8826560e-01
   4.7510018e-01
   4.6651402e-01
   4.6307957e-01
   4.6365197e-01
   4.6765885e-01
   4.7395535e-01
   4.8196910e-01
   4.9112764e-01
   5.0143102e-01
   5.1230680e-01
   5.2318261e-01
   5.3234115e-01
   5.3863767e-01
   5.4149971e-01
   5.4035489e-01
   5.3520320e-01
   5.2661705e-01
   5.1574128e-01
   5.0314826e-01
   4.9055523e-01
   4.7738980e-01
   4.6479680e-01
   4.5220377e-01
   4.4075557e-01
   4.3045220e-01
   4.2243847e-01
   4.1671437e-01
   4.1270749e-01
   4.1099027e-01
   4.0984545e-01
   4.1041786e-01
   4.1099027e-01
   4.1213508e-01
   4.1270749e-01
   4.1270749e-01
   4.1156267e-01
   4.0870063e-01
   4.0469377e-01
   3.9896966e-01
   3.9324557e-01
   3.8866629e-01
   3.8580423e-01
   3.8465941e-01
   3.8465941e-01
   3.8465941e-01
   3.8294219e-01
   3.7779050e-01
   3.6920434e-01
   3.5718374e-01
   3.4401831e-01
   3.3085289e-01
   3.2054950e-01
   3.1368059e-01
   3.1196335e-01
   3.1425302e-01
   3.2054952e-01
   3.2913566e-01
   3.3943904e-01
   3.5145964e-01
   3.6462506e-01
   3.7893532e-01
   3.9324556e-01
   4.0641099e-01
   4.1671437e-01
   4.2358328e-01
   4.2530052e-01
   4.2243846e-01
   4.1385231e-01
   4.0068689e-01
   3.8294219e-01
   3.6290785e-01
   3.4172867e-01
   3.2112192e-01
   3.0509445e-01
   2.9650830e-01
   2.9879793e-01
   3.1196337e-01
   3.3657699e-01
   3.7034918e-01
   4.0698340e-01
   4.4247281e-01
   4.7052090e-01
   4.8712078e-01
   4.8883801e-01
   4.7567259e-01
   4.5048654e-01
   4.1556955e-01
   3.7664569e-01
   3.3829422e-01
   3.0566686e-01
   2.8391529e-01
   2.7532913e-01
   2.8162565e-01
   3.0108757e-01
   3.3085289e-01
   3.6519748e-01
   3.9782485e-01
   4.2301087e-01
   4.3674872e-01
   4.3846595e-01
   4.2930739e-01
   4.1327991e-01
   3.9496279e-01
   3.8008014e-01
   3.7263881e-01
   3.7492845e-01
   3.8580423e-01
   4.0412136e-01
   4.2644533e-01
   4.4991414e-01
   4.7052089e-01
   4.8540355e-01
   4.9055523e-01
   4.8597596e-01
   4.7109330e-01
   4.4647968e-01
   4.1728678e-01
   3.8580423e-01
   3.5832856e-01
   3.3714939e-01
   3.2627361e-01
   3.2570121e-01
   3.3371494e-01
   3.4859759e-01
   3.6634230e-01
   3.8351460e-01
   3.9725242e-01
   4.0641099e-01
   4.1041786e-01
   4.0927304e-01
   4.0297653e-01
   3.9381797e-01
   3.8408700e-01
   3.7550086e-01
   3.7149399e-01
   3.7263881e-01
   3.8179737e-01
   3.9725244e-01
   4.1785919e-01
   4.3903836e-01
   4.5792787e-01
   4.7166572e-01
   4.7681740e-01
   4.7281053e-01
   4.6021752e-01
   4.4018316e-01
   4.1614196e-01
   3.8981111e-01
   3.6519748e-01
   3.4573555e-01
   3.3428734e-01
   3.3257013e-01
   3.4401831e-01
   3.6748713e-01
   4.0183171e-01
   4.4247281e-01
   4.8425873e-01
   5.2318260e-01
   5.5409273e-01
   5.7412707e-01
   5.8156840e-01
   5.7927877e-01
   5.6897538e-01
   5.5580996e-01
   5.4493418e-01
   5.3921007e-01
   5.4436177e-01
   5.6153405e-01
   5.9244419e-01
   6.3594734e-01
   6.8860904e-01
   7.4642244e-01
   8.0194619e-01
   8.5002862e-01
   8.8437321e-01
   9.0269032e-01
   9.0383515e-01
   8.9124214e-01
   8.7120778e-01
   8.4888381e-01
   8.3113910e-01
   8.2369777e-01
   8.2770463e-01
   8.4315970e-01
   8.6891815e-01
   9.0040068e-01
   9.3360047e-01
   9.6393818e-01
   9.8683457e-01
   9.9942759e-01
   1.0000000e+00
   9.8855181e-01
   9.6680023e-01
   9.3760733e-01
   9.0269032e-01
   8.6834574e-01
   8.3629078e-01
   8.0767028e-01
   7.8477389e-01
   7.6588437e-01
   7.5100171e-01
   7.3783628e-01
   7.2753292e-01
   7.1837436e-01
   7.1036062e-01
   7.0291928e-01
   6.9605037e-01
   6.8689181e-01
   6.7429879e-01
   6.5884374e-01
   6.3938180e-01
   6.1877504e-01
   5.9759588e-01
   5.8099600e-01
   5.6840297e-01
   5.6382370e-01
   5.6611335e-01
   5.7469948e-01
   5.8786492e-01
   6.0389238e-01
   6.2106468e-01
   6.3651975e-01
   6.4911277e-01
   6.5769890e-01
   6.6113337e-01
   6.5884372e-01
   6.5140241e-01
   6.4167144e-01
   6.3022325e-01
   6.2049227e-01
   6.1362335e-01
   6.1018889e-01
   6.0904408e-01
   6.0961648e-01
   6.1018889e-01
   6.0789926e-01
   6.0217515e-01
   5.9358901e-01
   5.8099600e-01
   5.6611334e-01
   5.4836863e-01
   5.2890670e-01
   5.0829994e-01
   4.8769319e-01
   4.6994848e-01
   4.5735547e-01
   4.5163136e-01
   4.5563823e-01
   4.6937606e-01
   4.9227247e-01
   5.1860332e-01
   5.4550659e-01
   5.6725815e-01
   5.7870635e-01
   5.7756153e-01
   5.6382370e-01
   5.3863767e-01
   5.0543789e-01
   4.6880365e-01
   4.3331426e-01
   4.0412136e-01
   3.8580423e-01
   3.8065255e-01
   3.8923870e-01
   4.0927304e-01
   4.3789354e-01
   4.6880366e-01
   4.9685174e-01
   5.1574127e-01
   5.2146537e-01
   5.1402404e-01
   4.9341729e-01
   4.6365198e-01
   4.2930738e-01
   3.9610761e-01
   3.6691471e-01
   3.4630796e-01
   3.3543217e-01
   3.3371494e-01
   3.4172867e-01
   3.5661133e-01
   3.7779049e-01
   4.0125930e-01
   4.2530050e-01
   4.4476245e-01
   4.5850028e-01
   4.6479679e-01
   4.6250715e-01
   4.5334860e-01
   4.3789354e-01
   4.2014882e-01
   4.0183171e-01
   3.8408700e-01
   3.6920434e-01
   3.5775616e-01
   3.5031482e-01
   3.4630796e-01
   3.4573555e-01
   3.4859759e-01
   3.5317687e-01
   3.5890098e-01
   3.6348025e-01
   3.6634230e-01
   3.6576989e-01
   3.6348025e-01
   3.6004579e-01
   3.5775615e-01
   3.5546652e-01
   3.5546652e-01
   3.5661133e-01
   3.5603892e-01
   3.5317688e-01
   3.4688037e-01
   3.3772181e-01
   3.2741842e-01
   3.1768747e-01
   3.1139096e-01
   3.1024614e-01
   3.1768746e-01
   3.3257012e-01
   3.5432170e-01
   3.8294219e-01
   4.1385232e-01
   4.4476245e-01
   4.7395535e-01
   4.9685174e-01
   5.1116199e-01
   5.1516886e-01
   5.0829994e-01
   4.9112765e-01
   4.6708644e-01
   4.4018318e-01
   4.1442472e-01
   3.9496279e-01
   3.8351460e-01
   3.8236978e-01
   3.9095591e-01
   4.0812822e-01
   4.3102461e-01
   4.5735547e-01
   4.8425872e-01
   5.1058959e-01
   5.3348597e-01
   5.5065827e-01
   5.6096165e-01
   5.6325129e-01
   5.5752719e-01
   5.4607900e-01
   5.3062393e-01
   5.1402404e-01
   5.0028621e-01
   4.9055524e-01
   4.8654837e-01
   4.8941041e-01
   4.9799656e-01
   5.1173440e-01
   5.2947911e-01
   5.4951346e-01
   5.6840298e-01
   5.8385804e-01
   5.9301660e-01
   5.9187178e-01
   5.7927877e-01
   5.5466514e-01
   5.1917572e-01
   4.7681740e-01
   4.3274185e-01
   3.9324556e-01
   3.6348025e-01
   3.4688037e-01
   3.4630796e-01
   3.6004580e-01
   3.8637664e-01
   4.2243846e-01
   4.6307956e-01
   5.0429307e-01
   5.3921006e-01
   5.6554093e-01
   5.7985118e-01
   5.8042359e-01
   5.6725815e-01
   5.4264454e-01
   5.1001718e-01
   4.7395535e-01
   4.3903835e-01
   4.0870063e-01
   3.8580424e-01
   3.7206640e-01
   3.6634230e-01
   3.6977677e-01
   3.8122495e-01
   3.9839725e-01
   4.1957641e-01
   4.4247280e-01
   4.6422438e-01
   4.8139668e-01
   4.9284488e-01
   4.9627934e-01
   4.9284488e-01
   4.8483114e-01
   4.7452775e-01
   4.6536921e-01
   4.5792788e-01
   4.5563824e-01
   4.5678305e-01
   4.5964511e-01
   4.6365197e-01
   4.6708644e-01
   4.6823126e-01
   4.6651402e-01
   4.6307956e-01
   4.5735546e-01
   4.4991413e-01
   4.4304522e-01
   4.3503148e-01
   4.2987979e-01
   4.2701776e-01
   4.2701774e-01
   4.3102461e-01
   4.3732112e-01
   4.4361763e-01
   4.4876932e-01
   4.4991414e-01
   4.4590727e-01
   4.3732112e-01
   4.2530052e-01
   4.1327991e-01
   4.0297653e-01
   3.9725242e-01
   3.9782485e-01
   4.0526616e-01
   4.1900400e-01
   4.3961075e-01
   4.6536921e-01
   4.9398969e-01
   5.2489982e-01
   5.5466513e-01
   5.8156840e-01
   6.0160275e-01
   6.1305094e-01
   6.1534057e-01
   6.0961648e-01
   5.9816829e-01
   5.8443045e-01
   5.7412707e-01
   5.7126503e-01
   5.7927877e-01
   5.9988552e-01
   6.3308529e-01
   6.7544362e-01
   7.2409846e-01
   7.7389811e-01
   8.1854608e-01
   8.5289067e-01
   8.7063537e-01
   8.6891815e-01
   8.4716658e-01
   8.0652546e-01
   7.5271894e-01
   6.9147110e-01
   6.3079566e-01
   5.7813394e-01
   5.3749285e-01
   5.1058959e-01
   4.9799656e-01
   4.9742415e-01
   5.0543790e-01
   5.1860332e-01
   5.3520320e-01
   5.5294790e-01
   5.7069262e-01
   5.8672009e-01
   5.9988552e-01
   6.0961648e-01
   6.1419577e-01
   6.1190612e-01
   6.0331997e-01
   5.8843733e-01
   5.6840298e-01
   5.4493416e-01
   5.2146537e-01
   4.9856897e-01
   4.8025186e-01
   4.6765885e-01
   4.6250717e-01
   4.6365197e-01
   4.7109330e-01
   4.8196910e-01
   4.9227247e-01
   4.9856897e-01
   4.9856897e-01
   4.8941041e-01
   4.7281053e-01
   4.5105896e-01
   4.2816256e-01
   4.0755581e-01
   3.9210074e-01
   3.8294219e-01
   3.8122495e-01
   3.8408700e-01
   3.8981111e-01
   3.9668003e-01
   4.0354895e-01
   4.0927304e-01
   4.1442472e-01
   4.1900400e-01
   4.2415570e-01
   4.3045220e-01
   4.3789353e-01
   4.4876932e-01
   4.6193474e-01
   4.7910704e-01
   4.9971380e-01
   5.2375501e-01
   5.4836863e-01
   5.7240984e-01
   5.9244419e-01
   6.0732684e-01
   6.1476818e-01
   6.1648540e-01
   6.1076130e-01
   6.0217517e-01
   5.9129937e-01
   5.7927877e-01
   5.7069261e-01
   5.6496852e-01
   5.6554093e-01
   5.7183744e-01
   5.8443045e-01
   6.0103034e-01
   6.1934745e-01
   6.3537493e-01
   6.4567830e-01
   6.4510589e-01
   6.3251288e-01
   6.0732684e-01
   5.7355467e-01
   5.3463079e-01
   4.9513452e-01
   4.6136233e-01
   4.3560389e-01
   4.2186606e-01
   4.2129365e-01
   4.3274185e-01
   4.5449343e-01
   4.8483114e-01
   5.1917573e-01
   5.5352032e-01
   5.8271322e-01
   6.0274756e-01
   6.0961650e-01
   6.0217517e-01
   5.8042357e-01
   5.4722381e-01
   5.0543789e-01
   4.6136233e-01
   4.1843160e-01
   3.8122496e-01
   3.5203206e-01
   3.3142530e-01
   3.2112191e-01
   3.1997711e-01
   3.2684603e-01
   3.4001145e-01
   3.5603892e-01
   3.7263881e-01
   3.8694906e-01
   3.9553521e-01
   3.9610762e-01
   3.8923870e-01
   3.7435604e-01
   3.5374929e-01
   3.3028048e-01
   3.0509445e-01
   2.8105323e-01
   2.5815683e-01
   2.3755008e-01
   2.1980538e-01
   2.0663996e-01
   1.9805381e-01
   1.9404695e-01
   1.9576416e-01
   2.0091585e-01
   2.1007442e-01
   2.2037780e-01
   2.2953636e-01
   2.3640526e-01
   2.4098455e-01
   2.4098454e-01
   2.3869491e-01
   2.3125358e-01
   2.2095020e-01
   2.0835718e-01
   1.9175730e-01
   1.7401259e-01
   1.5512307e-01
   1.3795077e-01
   1.2364052e-01
   1.1333716e-01
   1.0646823e-01
   1.0360618e-01
   1.0188896e-01
   1.0246137e-01
   1.0475100e-01
   1.0704064e-01
   1.1161991e-01
   1.1963366e-01
   1.2936463e-01
   1.4195764e-01
   1.5626789e-01
   1.7115055e-01
   1.8317115e-01
   1.9290213e-01
   1.9805381e-01
   1.9977104e-01
   1.9748140e-01
   1.9175730e-01
   1.8317115e-01
   1.7286777e-01
   1.6199199e-01
   1.5340584e-01
   1.4882656e-01
   1.5054379e-01
   1.5970235e-01
   1.7458500e-01
   1.9461936e-01
   2.1522611e-01
   2.3297081e-01
   2.4384659e-01
   2.4499141e-01
   2.3468804e-01
   2.1579851e-01
   1.8775043e-01
   1.5569548e-01
   1.2192330e-01
   9.0440751e-02
   6.4109911e-02
   4.6937615e-02
   3.9496273e-02
   4.3503148e-02
   5.7813399e-02
   7.9564967e-02
   1.0532341e-01
   1.3050944e-01
   1.4939897e-01
   1.6084717e-01
   1.6428163e-01
   1.5912993e-01
   1.5054379e-01
   1.4138523e-01
   1.3680594e-01
   1.3966800e-01
   1.5168862e-01
   1.7401259e-01
   2.0435032e-01
   2.4041214e-01
   2.7990841e-01
   3.1711505e-01
   3.4917000e-01
   3.7321122e-01
   3.8523182e-01
   3.8465941e-01
   3.7092158e-01
   3.4745278e-01
   3.1825987e-01
   2.8792215e-01
   2.6216371e-01
   2.4499142e-01
   2.3869491e-01
   2.4384659e-01
   2.6044648e-01
   2.8563251e-01
   3.1539782e-01
   3.4630796e-01
   3.7321122e-01
   3.9324556e-01
   4.0240412e-01
   3.9896966e-01
   3.8236978e-01
   3.5489409e-01
   3.2112192e-01
   2.8677733e-01
   2.5758444e-01
   2.3983972e-01
   2.3755008e-01
   2.5071551e-01
   2.7876361e-01
   3.1539782e-01
   3.5718374e-01
   3.9668003e-01
   4.2873497e-01
   4.5105895e-01
   4.5964511e-01
   4.5506582e-01
   4.4018318e-01
   4.1785919e-01
   3.9267315e-01
   3.6977675e-01
   3.5432168e-01
   3.4917000e-01
   3.5603892e-01
   3.7435604e-01
   3.9839725e-01
   4.2530052e-01
   4.4762449e-01
   4.6136233e-01
   4.6307956e-01
   4.5277619e-01
   4.3045220e-01
   4.0068689e-01
   3.6634231e-01
   3.3142530e-01
   3.0108757e-01
   2.7761878e-01
   2.6445334e-01
   2.6216371e-01
   2.7303949e-01
   2.9536348e-01
   3.2570120e-01
   3.6061820e-01
   3.9439039e-01
   4.2072124e-01
   4.3617630e-01
   4.3617630e-01
   4.2129365e-01
   3.9267316e-01
   3.5489411e-01
   3.1310819e-01
   2.7246708e-01
   2.3926732e-01
   2.1808815e-01
   2.1179164e-01
   2.2209503e-01
   2.4899829e-01
   2.8906697e-01
   3.3772181e-01
   3.8809388e-01
   4.3331426e-01
   4.6765885e-01
   4.8712078e-01
   4.9055523e-01
   4.7738981e-01
   4.5392100e-01
   4.2472811e-01
   3.9381798e-01
   3.6805953e-01
   3.5088723e-01
   3.4401832e-01
   3.4859759e-01
   3.6290785e-01
   3.8465941e-01
   4.1099027e-01
   4.3789353e-01
   4.6136233e-01
   4.7796222e-01
   4.8540354e-01
   4.8196908e-01
   4.6994848e-01
   4.5048654e-01
   4.2873497e-01
   4.0755581e-01
   3.9095592e-01
   3.7950772e-01
   3.7550086e-01
   3.7779050e-01
   3.8523182e-01
   3.9668003e-01
   4.0870063e-01
   4.2186605e-01
   4.3274183e-01
   4.4018316e-01
   4.4247281e-01
   4.3903835e-01
   4.2987979e-01
   4.1785919e-01
   4.0526618e-01
   3.9553520e-01
   3.9095592e-01
   3.9324557e-01
   4.0354895e-01
   4.1957641e-01
   4.4018318e-01
   4.6193474e-01
   4.8254149e-01
   5.0028620e-01
   5.1402404e-01
   5.2375501e-01
   5.2890670e-01
   5.3119634e-01
   5.3005152e-01
   5.2833429e-01
   5.2547223e-01
   5.2432741e-01
   5.2547223e-01
   5.3062393e-01
   5.3749285e-01
   5.4665140e-01
   5.5523755e-01
   5.6210647e-01
   5.6668574e-01
   5.6668574e-01
   5.6439611e-01
   5.6038923e-01
   5.5638237e-01
   5.5466514e-01
   5.5466513e-01
   5.5924442e-01
   5.6783058e-01
   5.8099600e-01
   5.9874069e-01
   6.2163709e-01
   6.4796795e-01
   6.7544361e-01
   7.0120207e-01
   7.2123641e-01
   7.3268460e-01
   7.3211219e-01
   7.1951917e-01
   6.9547796e-01
   6.6285060e-01
   6.2736119e-01
   5.9301661e-01
   5.6325129e-01
   5.4207212e-01
   5.3119634e-01
   5.3119634e-01
   5.4149972e-01
   5.6096164e-01
   5.8500286e-01
   6.1076130e-01
   6.3365770e-01
   6.4911277e-01
   6.5540928e-01
   6.5083000e-01
   6.3423010e-01
   6.1018889e-01
   5.7985118e-01
   5.4722380e-01
   5.1402404e-01
   4.8425873e-01
   4.5907270e-01
   4.3903836e-01
   4.2358329e-01
   4.1556954e-01
   4.1327990e-01
   4.1843160e-01
   4.2873498e-01
   4.4247281e-01
   4.5735547e-01
   4.6994848e-01
   4.7738981e-01
   4.7910704e-01
   4.7452777e-01
   4.6479679e-01
   4.5163137e-01
   4.3903836e-01
   4.2873497e-01
   4.2301088e-01
   4.2358328e-01
   4.3159702e-01
   4.4647968e-01
   4.6708644e-01
   4.9112765e-01
   5.1631368e-01
   5.3921007e-01
   5.5638236e-01
   5.6496852e-01
   5.6554093e-01
   5.5809960e-01
   5.4436176e-01
   5.2833429e-01
   5.1230681e-01
   4.9856898e-01
   4.8597596e-01
   4.7510016e-01
   4.6422438e-01
   4.5105896e-01
   4.3560389e-01
   4.1785919e-01
   4.0011448e-01
   3.8179737e-01
   3.6748712e-01
   3.5546652e-01
   3.4802519e-01
   3.4401831e-01
   3.4115626e-01
   3.3829422e-01
   3.3428736e-01
   3.2627361e-01
   3.1310819e-01
   2.9479107e-01
   2.7246708e-01
   2.4556382e-01
   2.1751574e-01
   1.9118489e-01
   1.6943331e-01
   1.5626789e-01
   1.5168860e-01
   1.5512306e-01
   1.6657126e-01
   1.8259874e-01
   1.9977104e-01
   2.1522611e-01
   2.2781912e-01
   2.3583285e-01
   2.3983973e-01
   2.3869491e-01
   2.3239840e-01
   2.2209501e-01
   2.0778478e-01
   1.9118489e-01
   1.7401259e-01
   1.5855752e-01
   1.4710933e-01
   1.4138523e-01
   1.4195764e-01
   1.4710933e-01
   1.5569548e-01
   1.6370921e-01
   1.6886091e-01
   1.6943331e-01
   1.6485404e-01
   1.5626789e-01
   1.4424729e-01
   1.3222668e-01
   1.2192330e-01
   1.1505438e-01
   1.1390956e-01
   1.1848884e-01
   1.2707499e-01
   1.3852317e-01
   1.4939898e-01
   1.5798513e-01
   1.5912993e-01
   1.5226101e-01
   1.3623355e-01
   1.1276474e-01
   8.4716648e-02
   5.7813399e-02
   3.7206649e-02
   2.6330853e-02
   2.6903262e-02
   3.9496273e-02
   6.3537489e-02
   9.3875217e-02
   1.2764740e-01
   1.6141958e-01
   1.9175730e-01
   2.1579851e-01
   2.3182598e-01
   2.3926731e-01
   2.3755008e-01
   2.2781912e-01
   2.1179164e-01
   1.9232971e-01
   1.7344018e-01
   1.5855752e-01
   1.4882656e-01
   1.4710933e-01
   1.5168862e-01
   1.6199199e-01
   1.7687465e-01
   1.9290213e-01
   2.1064682e-01
   2.2724672e-01
   2.4327418e-01
   2.5586720e-01
   2.6559817e-01
   2.7189467e-01
   2.7303950e-01
   2.7074986e-01
   2.6617058e-01
   2.6044648e-01
   2.5586721e-01
   2.5472238e-01
   2.5758442e-01
   2.6502576e-01
   2.7647396e-01
   2.9021179e-01
   3.0566686e-01
   3.2054952e-01
   3.3485977e-01
   3.4859759e-01
   3.5947339e-01
   3.6748712e-01
   3.7149399e-01
   3.7149399e-01
   3.6805953e-01
   3.6176301e-01
   3.5374929e-01
   3.4688037e-01
   3.4230108e-01
   3.4115626e-01
   3.4287349e-01
   3.4745278e-01
   3.5489411e-01
   3.6462507e-01
   3.7664567e-01
   3.9152833e-01
   4.0927304e-01
   4.2873497e-01
   4.4876932e-01
   4.6823126e-01
   4.8483113e-01
   4.9570693e-01
   5.0143103e-01
   5.0085862e-01
   4.9570693e-01
   4.8654837e-01
   4.7624499e-01
   4.6651402e-01
   4.5907270e-01
   4.5563824e-01
   4.5792787e-01
   4.6594161e-01
   4.8139668e-01
   5.0143103e-01
   5.2432741e-01
   5.4722381e-01
   5.6439611e-01
   5.7412707e-01
   5.7240985e-01
   5.5981682e-01
   5.3634803e-01
   5.0601030e-01
   4.7223812e-01
   4.3846595e-01
   4.0870063e-01
   3.8580424e-01
   3.7034918e-01
   3.6405266e-01
   3.6805953e-01
   3.8122496e-01
   4.0297653e-01
   4.3102461e-01
   4.6365198e-01
   4.9570693e-01
   5.2375501e-01
   5.4321694e-01
   5.5180309e-01
   5.4836863e-01
   5.3291358e-01
   5.0715512e-01
   4.7567257e-01
   4.4018316e-01
   4.0583858e-01
   3.7664569e-01
   3.5432170e-01
   3.4172867e-01
   3.4058386e-01
   3.4859759e-01
   3.6519748e-01
   3.8523182e-01
   4.0526618e-01
   4.2243846e-01
   4.3445907e-01
   4.3961077e-01
   4.4132799e-01
   4.4132799e-01
   4.4190040e-01
   4.4590728e-01
   4.5392100e-01
   4.6479680e-01
   4.7738981e-01
   4.8769319e-01
   4.9570693e-01
   4.9799656e-01
   4.9513452e-01
   4.8654837e-01
   4.7281053e-01
   4.5621065e-01
   4.3674871e-01
   4.1614196e-01
   3.9610761e-01
   3.7950772e-01
   3.6805953e-01
   3.6348025e-01
   3.6519748e-01
   3.7206640e-01
   3.8294219e-01
   3.9496279e-01
   4.0526616e-01
   4.1156267e-01
   4.1327991e-01
   4.1099027e-01
   4.0583858e-01
   3.9954207e-01
   3.9324557e-01
   3.8981111e-01
   3.8981109e-01
   3.9668003e-01
   4.0984546e-01
   4.3045221e-01
   4.5735547e-01
   4.8883801e-01
   5.2089296e-01
   5.5008587e-01
   5.7355467e-01
   5.8843733e-01
   5.9416143e-01
   5.9244419e-01
   5.8500286e-01
   5.7469948e-01
   5.6554093e-01
   5.5867201e-01
   5.5809960e-01
   5.6325129e-01
   5.7469948e-01
   5.9129937e-01
   6.1247854e-01
   6.3423011e-01
   6.5598169e-01
   6.7258156e-01
   6.8174012e-01
   6.8174012e-01
   6.7200917e-01
   6.5254722e-01
   6.2678878e-01
   5.9759587e-01
   5.7012021e-01
   5.4607900e-01
   5.2890670e-01
   5.1803090e-01
   5.1459645e-01
   5.1745849e-01
   5.2489982e-01
   5.3577561e-01
   5.4951345e-01
   5.6382370e-01
   5.7584430e-01
   5.8557527e-01
   5.9015454e-01
   5.8843733e-01
   5.8214081e-01
   5.7183743e-01
   5.6038925e-01
   5.5008587e-01
   5.4264453e-01
   5.3978248e-01
   5.4149971e-01
   5.4665140e-01
   5.5466514e-01
   5.6439611e-01
   5.7527189e-01
   5.8557527e-01
   5.9530623e-01
   6.0389238e-01
   6.0904408e-01
   6.1018889e-01
   6.0732685e-01
   5.9988552e-01
   5.8786492e-01
   5.7240985e-01
   5.5466513e-01
   5.3520320e-01
   5.1459645e-01
   4.9456211e-01
   4.7567257e-01
   4.5850029e-01
   4.4476245e-01
   4.3617630e-01
   4.3445907e-01
   4.3903835e-01
   4.4819691e-01
   4.6021752e-01
   4.7281053e-01
   4.8254149e-01
   4.8883801e-01
   4.9170006e-01
   4.9284487e-01
   4.9227247e-01
   4.9341729e-01
   4.9742415e-01
   5.0314826e-01
   5.1058957e-01
   5.1860331e-01
   5.2661705e-01
   5.3234117e-01
   5.3634803e-01
   5.3749283e-01
   5.3749283e-01
   5.3692044e-01
   5.3749285e-01
   5.3978248e-01
   5.4665140e-01
   5.5809960e-01
   5.7527189e-01
   5.9645106e-01
   6.2049227e-01
   6.4224385e-01
   6.5827133e-01
   6.6571266e-01
   6.6227819e-01
   6.4739554e-01
   6.2335433e-01
   5.9301660e-01
   5.6267888e-01
   5.3577561e-01
   5.1688608e-01
   5.0772753e-01
   5.0887235e-01
   5.2032055e-01
   5.4035489e-01
   5.6611334e-01
   5.9587866e-01
   6.2449914e-01
   6.4854036e-01
   6.6456784e-01
   6.7086434e-01
   6.6628506e-01
   6.5025759e-01
   6.2621637e-01
   5.9587864e-01
   5.6267887e-01
   5.3062393e-01
   5.0143102e-01
   4.7681740e-01
   4.5907270e-01
   4.4934172e-01
   4.4762449e-01
   4.5449341e-01
   4.6880366e-01
   4.8826560e-01
   5.1173439e-01
   5.3463079e-01
   5.5409272e-01
   5.6783056e-01
   5.7355467e-01
   5.7240985e-01
   5.6611335e-01
   5.5523755e-01
   5.4321695e-01
   5.3119634e-01
   5.1974814e-01
   5.1116199e-01
   5.0486548e-01
   5.0200343e-01
   5.0429307e-01
   5.1116199e-01
   5.2375501e-01
   5.3978248e-01
   5.5695478e-01
   5.7355467e-01
   5.8557527e-01
   5.9187178e-01
   5.9015455e-01
   5.8042359e-01
   5.6496852e-01
   5.4493418e-01
   5.2318260e-01
   5.0200344e-01
   4.8368632e-01
   4.6994848e-01
   4.6136233e-01
   4.6021752e-01
   4.6307956e-01
   4.7109330e-01
   4.8025186e-01
   4.8883801e-01
   4.9513452e-01
   4.9799657e-01
   4.9742415e-01
   4.9570693e-01
   4.9398970e-01
   4.9341729e-01
   4.9570693e-01
   4.9914138e-01
   5.0314826e-01
   5.0543789e-01
   5.0372066e-01
   4.9856898e-01
   4.8941041e-01
   4.7853463e-01
   4.6823124e-01
   4.6021752e-01
   4.5678305e-01
   4.5792788e-01
   4.6594161e-01
   4.7910704e-01
   4.9799656e-01
   5.2203778e-01
   5.4779622e-01
   5.7469948e-01
   5.9931311e-01
   6.1820263e-01
   6.2907842e-01
   6.3136805e-01
   6.2392673e-01
   6.0961648e-01
   5.9187178e-01
   5.7298226e-01
   5.5580996e-01
   5.4207212e-01
   5.3234115e-01
   5.2661705e-01
   5.2547223e-01
   5.2890670e-01
   5.3577562e-01
   5.4550657e-01
   5.5752719e-01
   5.7069262e-01
   5.8271322e-01
   5.9244419e-01
   5.9759587e-01
   5.9702347e-01
   5.9072696e-01
   5.7927877e-01
   5.6382370e-01
   5.4665140e-01
   5.2890669e-01
   5.1230681e-01
   4.9856897e-01
   4.8998282e-01
   4.8769319e-01
   4.9284488e-01
   5.0658271e-01
   5.2776188e-01
   5.5294790e-01
   5.7985116e-01
   6.0389238e-01
   6.2220950e-01
   6.3308528e-01
   6.3480252e-01
   6.2793360e-01
   6.1476818e-01
   5.9473384e-01
   5.7298226e-01
   5.5065827e-01
   5.2947911e-01
   5.1230681e-01
   4.9971380e-01
   4.9456211e-01
   4.9513452e-01
   5.0257585e-01
   5.1287922e-01
   5.2375501e-01
   5.3234117e-01
   5.3634802e-01
   5.3405839e-01
   5.2661706e-01
   5.1631368e-01
   5.0486548e-01
   4.9570693e-01
   4.8998284e-01
   4.8883801e-01
   4.9170006e-01
   4.9799657e-01
   5.0601030e-01
   5.1402404e-01
   5.2203778e-01
   5.2718947e-01
   5.2947911e-01
   5.2833428e-01
   5.2432741e-01
   5.1745851e-01
   5.1001716e-01
   5.0372066e-01
   5.0028621e-01
   5.0200344e-01
   5.0715512e-01
   5.1516886e-01
   5.2432743e-01
   5.3176874e-01
   5.3520320e-01
   5.3348597e-01
   5.2776188e-01
   5.1803092e-01
   5.0715512e-01
   4.9627934e-01
   4.8769319e-01
   4.8254151e-01
   4.8254151e-01
   4.8712078e-01
   4.9742415e-01
   5.1230681e-01
   5.3119634e-01
   5.5008586e-01
   5.6668574e-01
   5.7927876e-01
   5.8385804e-01
   5.7927876e-01
   5.6668574e-01
   5.4779622e-01
   5.2604465e-01
   5.0429307e-01
   4.8597595e-01
   4.7338294e-01
   4.6823124e-01
   4.7052089e-01
   4.7853463e-01
   4.9227247e-01
   5.1001716e-01
   5.2947911e-01
   5.4779622e-01
   5.6153405e-01
   5.6897539e-01
   5.6783056e-01
   5.5695478e-01
   5.3806524e-01
   5.1345163e-01
   4.8483114e-01
   4.5850029e-01
   4.3560389e-01
   4.1843160e-01
   4.0927304e-01
   4.0698340e-01
   4.1213510e-01
   4.2415570e-01
   4.4190039e-01
   4.6479680e-01
   4.9055523e-01
   5.1631368e-01
   5.3863767e-01
   5.5580996e-01
   5.6439611e-01
   5.6267887e-01
   5.5123069e-01
   5.3234117e-01
   5.0829994e-01
   4.8196910e-01
   4.5735546e-01
   4.3732113e-01
   4.2530052e-01
   4.2301088e-01
   4.3045220e-01
   4.4705208e-01
   4.7109330e-01
   4.9856897e-01
   5.2604464e-01
   5.4836863e-01
   5.6096165e-01
   5.6210646e-01
   5.5065827e-01
   5.2947911e-01
   5.0085861e-01
   4.6937607e-01
   4.3903835e-01
   4.1327990e-01
   3.9496279e-01
   3.8351460e-01
   3.7950773e-01
   3.8294219e-01
   3.9038352e-01
   4.0183172e-01
   4.1327990e-01
   4.2186606e-01
   4.2587293e-01
   4.2243847e-01
   4.1156269e-01
   3.9439038e-01
   3.7378363e-01
   3.5317688e-01
   3.3657699e-01
   3.2741842e-01
   3.2684603e-01
   3.3485975e-01
   3.4917000e-01
   3.6691472e-01
   3.8465941e-01
   3.9896966e-01
   4.0755580e-01
   4.0812822e-01
   4.0068689e-01
   3.8523183e-01
   3.6405265e-01
   3.4058386e-01
   3.1768746e-01
   2.9822554e-01
   2.8506011e-01
   2.7876359e-01
   2.7933600e-01
   2.8506011e-01
   2.9192901e-01
   2.9822553e-01
   2.9994277e-01
   2.9765312e-01
   2.9078421e-01
   2.8048082e-01
   2.6903263e-01
   2.5643962e-01
   2.4499142e-01
   2.3411562e-01
   2.2495707e-01
   2.1694333e-01
   2.1121924e-01
   2.1007442e-01
   2.1236406e-01
   2.1866056e-01
   2.2839154e-01
   2.3869490e-01
   2.4728105e-01
   2.5186033e-01
   2.5243274e-01
   2.4670864e-01
   2.3640526e-01
   2.2381225e-01
   2.1007441e-01
   1.9862622e-01
   1.8946766e-01
   1.8546080e-01
   1.8717801e-01
   1.9461936e-01
   2.0835718e-01
   2.2724671e-01
   2.4842588e-01
   2.7017745e-01
   2.8849456e-01
   2.9994277e-01
   3.0280481e-01
   2.9708071e-01
   2.8277046e-01
   2.6330853e-01
   2.4041214e-01
   2.1808815e-01
   1.9977104e-01
   1.8660562e-01
   1.8030909e-01
   1.8202633e-01
   1.9061248e-01
   2.0778478e-01
   2.3010876e-01
   2.5643962e-01
   2.8277047e-01
   3.0681167e-01
   3.2455638e-01
   3.3428734e-01
   3.3428736e-01
   3.2684603e-01
   3.1253578e-01
   2.9593589e-01
   2.7876359e-01
   2.6502575e-01
   2.5586720e-01
   2.5186033e-01
   2.5357756e-01
   2.5987407e-01
   2.6788781e-01
   2.7704637e-01
   2.8506011e-01
   2.8792216e-01
   2.8620491e-01
   2.7761876e-01
   2.6330853e-01
   2.4384659e-01
   2.2381225e-01
   2.0435032e-01
   1.8889525e-01
   1.7859188e-01
   1.7401259e-01
   1.7344018e-01
   1.7801946e-01
   1.8546080e-01
   1.9748140e-01
   2.1350887e-01
   2.3583285e-01
   2.6445334e-01
   2.9822554e-01
   3.3714940e-01
   3.7721810e-01
   4.1728678e-01
   4.5334860e-01
   4.8425873e-01
   5.0829994e-01
   5.2547225e-01
   5.3405838e-01
   5.3520320e-01
   5.2890669e-01
   5.1574128e-01
   4.9742415e-01
   4.7624499e-01
   4.5621064e-01
   4.4132799e-01
   4.3388666e-01
   4.3674871e-01
   4.5048655e-01
   4.7395536e-01
   5.0314826e-01
   5.3692043e-01
   5.7069261e-01
   6.0274758e-01
   6.3079566e-01
   6.5083000e-01
   6.6285060e-01
   6.6628506e-01
   6.5941614e-01
   6.4396108e-01
   6.2163709e-01
   5.9416142e-01
   5.6496852e-01
   5.3634802e-01
   5.1058959e-01
   4.8998284e-01
   4.7510018e-01
   4.6823124e-01
   4.6880366e-01
   4.7796222e-01
   4.9570693e-01
   5.2146537e-01
   5.5123068e-01
   5.8385804e-01
   6.1419577e-01
   6.3709215e-01
   6.5083000e-01
   6.5254722e-01
   6.4167144e-01
   6.2049228e-01
   5.9187178e-01
   5.5924443e-01
   5.2547223e-01
   4.9627934e-01
   4.7281053e-01
   4.5907270e-01
   4.5678305e-01
   4.6765883e-01
   4.9170006e-01
   5.2776188e-01
   5.7183744e-01
   6.1991986e-01
   6.6628505e-01
   7.0635375e-01
   7.3497425e-01
   7.5042932e-01
   7.5100171e-01
   7.3898111e-01
   7.1551232e-01
   6.8460217e-01
   6.5083000e-01
   6.1705781e-01
   5.8843733e-01
   5.6897538e-01
   5.6096164e-01
   5.6439611e-01
   5.7985118e-01
   6.0331997e-01
   6.3079566e-01
   6.5827133e-01
   6.8002289e-01
   6.9318833e-01
   6.9547796e-01
   6.8803663e-01
   6.7200916e-01
   6.4968518e-01
   6.2392673e-01
   5.9874070e-01
   5.7527189e-01
   5.5752719e-01
   5.4607900e-01
   5.4207212e-01
   5.4665140e-01
   5.5638237e-01
   5.7069262e-01
   5.8557527e-01
   5.9816829e-01
   6.0618202e-01
   6.1018889e-01
   6.0961648e-01
   6.0675444e-01
   6.0331997e-01
   6.0160275e-01
   6.0160275e-01
   6.0389238e-01
   6.0675444e-01
   6.0961648e-01
   6.1076130e-01
   6.0961648e-01
   6.0560962e-01
   5.9874070e-01
   5.8958214e-01
   5.7813394e-01
   5.6554093e-01
   5.5123069e-01
   5.3806526e-01
   5.2661706e-01
   5.1917573e-01
   5.1745849e-01
   5.2146537e-01
   5.2947911e-01
   5.4207212e-01
   5.5638237e-01
   5.7012020e-01
   5.8156840e-01
   5.8958214e-01
   5.9416142e-01
   5.9530623e-01
   5.9244419e-01
   5.8614768e-01
   5.7698912e-01
   5.6439611e-01
   5.5123068e-01
   5.3749285e-01
   5.2661706e-01
   5.2089295e-01
   5.2032055e-01
   5.2547223e-01
   5.3634802e-01
   5.4894104e-01
   5.6267888e-01
   5.7469948e-01
   5.8443045e-01
   5.8900973e-01
   5.8958214e-01
   5.8557528e-01
   5.7698913e-01
   5.6554093e-01
   5.5065827e-01
   5.3634803e-01
   5.2203778e-01
   5.1173440e-01
   5.0486548e-01
   5.0372066e-01
   5.0486548e-01
   5.0829995e-01
   5.0944476e-01
   5.0772753e-01
   4.9971379e-01
   4.8712078e-01
   4.6880366e-01
   4.4819690e-01
   4.2587293e-01
   4.0469375e-01
   3.8580423e-01
   3.7034918e-01
   3.6176301e-01
   3.5947338e-01
   3.6519748e-01
   3.8008014e-01
   4.0125930e-01
   4.2873498e-01
   4.5678306e-01
   4.8368632e-01
   5.0429307e-01
   5.1631369e-01
   5.1917573e-01
   5.1345163e-01
   4.9971379e-01
   4.8196910e-01
   4.6250715e-01
   4.4476245e-01
   4.2987980e-01
   4.2129364e-01
   4.1843160e-01
   4.2415569e-01
   4.3445907e-01
   4.4991414e-01
   4.6651402e-01
   4.8139668e-01
   4.9112765e-01
   4.9513452e-01
   4.9227246e-01
   4.8425873e-01
   4.7452775e-01
   4.6594161e-01
   4.5964511e-01
   4.5907270e-01
   4.6307956e-01
   4.7052089e-01
   4.8082427e-01
   4.9112765e-01
   5.0028620e-01
   5.0715512e-01
   5.1116199e-01
   5.1230680e-01
   5.1058957e-01
   5.0601030e-01
   5.0085861e-01
   4.9570693e-01
   4.9227246e-01
   4.9227246e-01
   4.9570693e-01
   5.0372066e-01
   5.1402404e-01
   5.2489982e-01
   5.3405838e-01
   5.3921007e-01
   5.4035489e-01
   5.3634803e-01
   5.3062393e-01
   5.2432741e-01
   5.1917573e-01
   5.1745851e-01
   5.1974813e-01
   5.2547225e-01
   5.3577561e-01
   5.4951345e-01
   5.6611334e-01
   5.8385805e-01
   6.0217515e-01
   6.1763021e-01
   6.2965084e-01
   6.3423011e-01
   6.3194047e-01
   6.2163709e-01
   6.0675443e-01
   5.8729249e-01
   5.6840298e-01
   5.5065827e-01
   5.3863767e-01
   5.3234115e-01
   5.3405838e-01
   5.4264454e-01
   5.5809960e-01
   5.7813394e-01
   6.0103034e-01
   6.2335431e-01
   6.4109903e-01
   6.4968518e-01
   6.4854035e-01
   6.3423011e-01
   6.0961648e-01
   5.7641671e-01
   5.3921007e-01
   5.0257585e-01
   4.7223812e-01
   4.4991414e-01
   4.3732113e-01
   4.3617630e-01
   4.4247281e-01
   4.5621065e-01
   4.7395536e-01
   4.9112765e-01
   5.0543789e-01
   5.1345163e-01
   5.1173440e-01
   5.0028620e-01
   4.7796222e-01
   4.4647968e-01
   4.0927304e-01
   3.7149398e-01
   3.3543217e-01
   3.0509445e-01
   2.8105323e-01
   2.6330854e-01
   2.5243274e-01
   2.4441900e-01
   2.4041213e-01
   2.3697767e-01
   2.3411563e-01
   2.3239839e-01
   2.3125357e-01
   2.2953634e-01
   2.2781913e-01
   2.2610189e-01
   2.2495707e-01
   2.2323984e-01
   2.2381224e-01
   2.2495707e-01
   2.2610189e-01
   2.2667430e-01
   2.2381225e-01
   2.1694333e-01
   2.0377791e-01
   1.8603321e-01
   1.6428163e-01
   1.4081283e-01
   1.1848883e-01
   9.8454502e-02
   8.4144251e-02
   7.4413285e-02
   7.0406410e-02
   7.1551228e-02
   7.7275331e-02
   8.5861478e-02
   9.6737262e-02
   1.0646823e-01
   1.1390956e-01
   1.1677162e-01
   1.1390956e-01
   1.0417859e-01
   9.0440751e-02
   7.3840864e-02
   5.8385795e-02
   4.6937602e-02
   4.1213512e-02
   4.3503148e-02
   5.3234114e-02
   6.8116774e-02
   8.7006296e-02
   1.0875788e-01
   1.3108185e-01
   1.5168862e-01
   1.6943331e-01
   1.8317115e-01
   1.9118489e-01
   1.9118489e-01
   1.8431597e-01
   1.7115055e-01
   1.5168862e-01
   1.2993704e-01
   1.0818547e-01
   8.8723536e-02
   7.4985694e-02
   6.6971956e-02
   6.7544352e-02
   7.6702922e-02
   9.3875217e-02
   1.1906125e-01
   1.4939897e-01
   1.8202633e-01
   2.1350887e-01
   2.3926731e-01
   2.5414998e-01
   2.5758444e-01
   2.4728105e-01
   2.2724672e-01
   1.9977104e-01
   1.7115055e-01
   1.4539209e-01
   1.2593016e-01
   1.1791643e-01
   1.2192330e-01
   1.3795076e-01
   1.6485404e-01
   2.0148828e-01
   2.4499141e-01
   2.9078420e-01
   3.3772181e-01
   3.7950773e-01
   4.1385231e-01
   4.3903835e-01
   4.5449341e-01
   4.6021752e-01
   4.5907270e-01
   4.5105895e-01
   4.3961075e-01
   4.2530052e-01
   4.0984545e-01
   3.9210074e-01
   3.7435604e-01
   3.5603892e-01
   3.3886663e-01
   3.2455638e-01
   3.1253578e-01
   3.0337721e-01
   2.9593589e-01
   2.9078421e-01
   2.8620492e-01
   2.8219806e-01
   2.7876359e-01
   2.7704637e-01
   2.7647396e-01
   2.7933600e-01
   2.8277046e-01
   2.8677733e-01
   2.9021179e-01
   2.9192903e-01
   2.9078421e-01
   2.8620492e-01
   2.7933600e-01
   2.7074986e-01
   2.5987406e-01
   2.4842588e-01
   2.3640526e-01
   2.2552948e-01
   2.1694333e-01
   2.1293647e-01
   2.1408129e-01
   2.2152262e-01
   2.3468804e-01
   2.5243274e-01
   2.6903263e-01
   2.8334288e-01
   2.9078420e-01
   2.9021179e-01
   2.8219805e-01
   2.6731540e-01
   2.4957070e-01
   2.3239840e-01
   2.1980538e-01
   2.1408129e-01
   2.1694333e-01
   2.2839153e-01
   2.4785347e-01
   2.7246709e-01
   2.9937036e-01
   3.2398398e-01
   3.4172869e-01
   3.5088723e-01
   3.4859759e-01
   3.3485975e-01
   3.1139096e-01
   2.8334288e-01
   2.5529479e-01
   2.3239840e-01
   2.1694333e-01
   2.1350888e-01
   2.2095021e-01
   2.3983972e-01
   2.6846022e-01
   3.0509445e-01
   3.4573554e-01
   3.8866629e-01
   4.2873498e-01
   4.6307957e-01
   4.8712078e-01
   4.9742415e-01
   4.9284488e-01
   4.7510016e-01
   4.4705210e-01
   4.1327991e-01
   3.8065255e-01
   3.5374928e-01
   3.3714940e-01
   3.3371494e-01
   3.4230110e-01
   3.6176303e-01
   3.8923869e-01
   4.1957641e-01
   4.4876931e-01
   4.7281054e-01
   4.8883801e-01
   4.9341729e-01
   4.8826560e-01
   4.7338294e-01
   4.5048655e-01
   4.2530052e-01
   4.0183172e-01
   3.8179737e-01
   3.6863194e-01
   3.6290783e-01
   3.6348025e-01
   3.7034918e-01
   3.8008014e-01
   3.9267316e-01
   4.0583858e-01
   4.1900400e-01
   4.2987980e-01
   4.3846595e-01
   4.4247281e-01
   4.4075557e-01
   4.3331426e-01
   4.2301088e-01
   4.1099027e-01
   4.0011448e-01
   3.9496280e-01
   3.9610761e-01
   4.0469377e-01
   4.1843160e-01
   4.3732112e-01
   4.5563824e-01
   4.7223812e-01
   4.8483114e-01
   4.9227247e-01
   4.9456211e-01
   4.9341729e-01
   4.8883801e-01
   4.8368632e-01
   4.7910704e-01
   4.7624499e-01
   4.7681740e-01
   4.8082428e-01
   4.8769319e-01
   4.9685174e-01
   5.0429307e-01
   5.0944477e-01
   5.1001716e-01
   5.0429307e-01
   4.9398970e-01
   4.8025186e-01
   4.6594162e-01
   4.5449343e-01
   4.4705208e-01
   4.4533486e-01
   4.4934173e-01
   4.5735547e-01
   4.6880366e-01
   4.8196910e-01
   4.9456211e-01
   5.0486548e-01
   5.1230680e-01
   5.1345163e-01
   5.0887235e-01
   4.9742415e-01
   4.8025187e-01
   4.5907269e-01
   4.3674872e-01
   4.1499714e-01
   3.9725244e-01
   3.8351460e-01
   3.7435604e-01
   3.6920434e-01
   3.6805953e-01
   3.6920436e-01
   3.7378363e-01
   3.8179736e-01
   3.9439038e-01
   4.1099028e-01
   4.3045220e-01
   4.5105895e-01
   4.7109331e-01
   4.8654837e-01
   4.9570693e-01
   4.9856897e-01
   4.9341728e-01
   4.8139668e-01
   4.6536920e-01
   4.4590728e-01
   4.2530052e-01
   4.0641098e-01
   3.9095592e-01
   3.8179737e-01
   3.8065255e-01
   3.8809388e-01
   4.0354894e-01
   4.2587291e-01
   4.5105896e-01
   4.7624499e-01
   4.9856897e-01
   5.1402404e-01
   5.2203778e-01
   5.2146537e-01
   5.1230681e-01
   4.9456211e-01
   4.7052089e-01
   4.4075557e-01
   4.0812822e-01
   3.7492845e-01
   3.4401831e-01
   3.1940470e-01
   3.0394963e-01
   2.9879795e-01
   3.0337722e-01
   3.1654264e-01
   3.3485977e-01
   3.5317688e-01
   3.6863194e-01
   3.7836291e-01
   3.8008014e-01
   3.7378363e-01
   3.6061821e-01
   3.4172869e-01
   3.1768747e-01
   2.9135661e-01
   2.6388093e-01
   2.3755008e-01
   2.1293646e-01
   1.9061248e-01
   1.7172296e-01
   1.5512307e-01
   1.4081282e-01
   1.2650258e-01
   1.1333715e-01
   1.0074413e-01
   8.9868354e-02
   8.0709785e-02
   7.4413273e-02
   7.0406410e-02
   6.6971956e-02
   6.2965080e-02
   5.7240990e-02
   4.8654842e-02
   3.6634227e-02
   2.2896398e-02
   1.0875796e-02
   2.8620576e-03
   0.0000000e+00
   5.7240902e-03
   1.8317114e-02
   3.8351455e-02
   6.4109898e-02
   9.4447626e-02
   1.2764740e-01
   1.6141958e-01
   1.9232971e-01
   2.2037779e-01
   2.4270178e-01
   2.5643960e-01
   2.6273612e-01
   2.6159130e-01
   2.5472238e-01
   2.4327418e-01
   2.3068116e-01
   2.1751574e-01
   2.0549514e-01
   1.9690898e-01
   1.9118489e-01
   1.9004007e-01
   1.9519175e-01
   2.0721237e-01
   2.2724671e-01
   2.5472238e-01
   2.8677733e-01
   3.2226674e-01
   3.5603892e-01
   3.8465941e-01
   4.0583857e-01
   4.1785919e-01
   4.2014884e-01
   4.1556955e-01
   4.0526618e-01
   3.9267315e-01
   3.8236978e-01
   3.7492845e-01
   3.7492845e-01
   3.8294219e-01
   3.9954207e-01
   4.2358329e-01
   4.5334860e-01
   4.8540355e-01
   5.1516886e-01
   5.3921007e-01
   5.5580996e-01
   5.6267887e-01
   5.6153405e-01
   5.5409272e-01
   5.4207213e-01
   5.2776187e-01
   5.1230681e-01
   4.9627934e-01
   4.8025186e-01
   4.6422438e-01
   4.4762449e-01
   4.3445907e-01
   4.2415570e-01
   4.2014882e-01
   4.2129365e-01
   4.2816256e-01
   4.4018318e-01
   4.5449341e-01
   4.6937607e-01
   4.8368632e-01
   4.9456211e-01
