   9.1889881e-01
   8.3630952e-01
   7.3400298e-01
   6.2834821e-01
   5.3087798e-01
   4.4940476e-01
   3.8690476e-01
   3.4040178e-01
   3.0803572e-01
   2.8459822e-01
   2.6860119e-01
   2.6078870e-01
   2.6227679e-01
   2.7604167e-01
   3.0431548e-01
   3.4747023e-01
   4.0290179e-01
   4.6651786e-01
   5.3125000e-01
   5.8965774e-01
   6.3318452e-01
   6.5550595e-01
   6.5178572e-01
   6.1979166e-01
   5.6138393e-01
   4.8177083e-01
   3.8950893e-01
   2.9352679e-01
   2.0386905e-01
   1.3169643e-01
   8.2589289e-02
   6.2127976e-02
   6.9568458e-02
   1.0230655e-01
   1.5476191e-01
   2.1949405e-01
   2.8683036e-01
   3.4858631e-01
   3.9657739e-01
   4.2522321e-01
   4.3080357e-01
   4.1220238e-01
   3.7239583e-01
   3.1659227e-01
   2.5148809e-01
   1.8563988e-01
   1.2723214e-01
   8.2961312e-02
   5.7291674e-02
   5.2083332e-02
   6.6964287e-02
   1.0007441e-01
   1.4806548e-01
   2.0684524e-01
   2.7157738e-01
   3.3816964e-01
   4.0178572e-01
   4.5647322e-01
   4.9851190e-01
   5.2455357e-01
   5.3087798e-01
   5.1748512e-01
   4.8511905e-01
   4.3712797e-01
   3.7760417e-01
   3.1361608e-01
   2.5148810e-01
   1.9940477e-01
   1.6443453e-01
   1.5438989e-01
   1.7224703e-01
   2.2098214e-01
   2.9724703e-01
   3.9508929e-01
   5.0260418e-01
   6.0825893e-01
   6.9642857e-01
   7.5558036e-01
   7.7604167e-01
   7.5409226e-01
   6.9196428e-01
   5.9709822e-01
   4.8363096e-01
   3.6644345e-01
   2.6302083e-01
   1.8861607e-01
   1.5438989e-01
   1.6592262e-01
   2.2247024e-01
   3.1696429e-01
   4.3750000e-01
   5.6808035e-01
   6.9345238e-01
   7.9910714e-01
   8.7462798e-01
   9.1555059e-01
   9.2113095e-01
   8.9397321e-01
   8.4114583e-01
   7.6860119e-01
   6.8526785e-01
   5.9747024e-01
   5.1376488e-01
   4.4047619e-01
   3.8430060e-01
   3.5081845e-01
   3.4375000e-01
   3.6495536e-01
   4.1331845e-01
   4.8363096e-01
   5.6733631e-01
   6.5550595e-01
   7.3697917e-01
   8.0133929e-01
   8.4151786e-01
   8.5193453e-01
   8.3110120e-01
   7.8162203e-01
   7.0833333e-01
   6.1904762e-01
   5.2455357e-01
   4.3415179e-01
   3.5751488e-01
   3.0282738e-01
   2.7529762e-01
   2.7752976e-01
   3.0952381e-01
   3.6644345e-01
   4.4196429e-01
   5.2790178e-01
   6.1532738e-01
   6.9308036e-01
   7.5223214e-01
   7.8497024e-01
   7.8645833e-01
   7.5446428e-01
   6.9196428e-01
   6.0528274e-01
   5.0520833e-01
   4.0215774e-01
   3.0915179e-01
   2.3735120e-01
   1.9456846e-01
   1.8415179e-01
   2.0758929e-01
   2.6116071e-01
   3.3816964e-01
   4.2931548e-01
   5.2380953e-01
   6.0974702e-01
   6.7708333e-01
   7.1614584e-01
   7.2098214e-01
   6.9047620e-01
   6.2723214e-01
   5.3906250e-01
   4.3750000e-01
   3.3668155e-01
   2.5000000e-01
   1.8936012e-01
   1.6443452e-01
   1.7894346e-01
   2.3065476e-01
   3.1436012e-01
   4.1927084e-01
   5.3125001e-01
   6.3541666e-01
   7.1763393e-01
   7.6599703e-01
   7.7492559e-01
   7.4181547e-01
   6.7187500e-01
   5.7514881e-01
   4.6428571e-01
   3.5528274e-01
   2.6153274e-01
   1.9419643e-01
   1.6183036e-01
   1.6555059e-01
   2.0386906e-01
   2.7046131e-01
   3.5602679e-01
   4.4903274e-01
   5.3869047e-01
   6.1458334e-01
   6.6778274e-01
   6.9345238e-01
   6.9047619e-01
   6.6071429e-01
   6.1049107e-01
   5.4724702e-01
   4.7953869e-01
   4.1592261e-01
   3.6235120e-01
   3.2366072e-01
   3.0171131e-01
   2.9650298e-01
   3.0729166e-01
   3.3184524e-01
   3.6793155e-01
   4.1294643e-01
   4.6354167e-01
   5.1674107e-01
   5.6696428e-01
   6.1086309e-01
   6.4434524e-01
   6.6480654e-01
   6.7038691e-01
   6.5997024e-01
   6.3430059e-01
   5.9523809e-01
   5.4613095e-01
   4.9032738e-01
   4.3229167e-01
   3.7797620e-01
   3.3221726e-01
   3.0096727e-01
   2.8869048e-01
   2.9799107e-01
   3.2998512e-01
   3.8095238e-01
   4.4828869e-01
   5.2455357e-01
   6.0230655e-01
   6.7299107e-01
   7.2879464e-01
   7.6264881e-01
   7.6934524e-01
   7.4590774e-01
   6.9419643e-01
   6.1718751e-01
   5.2380953e-01
   4.2447917e-01
   3.3110119e-01
   2.5558036e-01
   2.0796131e-01
   1.9270833e-01
   2.1316965e-01
   2.6376488e-01
   3.3779762e-01
   4.2336310e-01
   5.0818452e-01
   5.7812500e-01
   6.2313988e-01
   6.3578869e-01
   6.1235120e-01
   5.5543155e-01
   4.7172619e-01
   3.7090774e-01
   2.6599702e-01
   1.6852679e-01
   9.0029762e-02
   3.7574408e-02
   1.4880955e-02
   2.1949406e-02
   5.5059526e-02
   1.0751488e-01
   1.7224703e-01
   2.4032738e-01
   3.0431548e-01
   3.5639881e-01
   3.9099702e-01
   4.0327381e-01
   3.9285715e-01
   3.5974703e-01
   3.0877976e-01
   2.4479166e-01
   1.7671131e-01
   1.1272321e-01
   6.0267860e-02
   2.5669647e-02
   1.3020839e-02
   2.3065484e-02
   5.5059526e-02
   1.0602679e-01
   1.7113096e-01
   2.4404762e-01
   3.1808036e-01
   3.8616072e-01
   4.4084821e-01
   4.7730655e-01
   4.9032738e-01
   4.7879464e-01
   4.4419642e-01
   3.8988095e-01
   3.2217262e-01
   2.4813989e-01
   1.7522321e-01
   1.1235119e-01
   6.6592264e-02
   4.4642858e-02
   4.9479169e-02
   8.4449405e-02
   1.4769345e-01
   2.3474702e-01
   3.3816964e-01
   4.4754465e-01
   5.4985119e-01
   6.3355655e-01
   6.8787203e-01
   7.0461309e-01
   6.8191964e-01
   6.2053572e-01
   5.2715774e-01
   4.1406250e-01
   2.9315476e-01
   1.8080357e-01
   9.1517864e-02
   3.8318454e-02
   2.9389879e-02
   6.7708342e-02
   1.5104167e-01
   2.6934524e-01
   4.0922620e-01
   5.5245536e-01
   6.8005952e-01
   7.7604167e-01
   8.2626488e-01
   8.2514881e-01
   7.7194941e-01
   6.7373513e-01
   5.4241071e-01
   3.9583333e-01
   2.5148810e-01
   1.2797619e-01
   4.0922625e-02
   0.0000000e+00
   9.3005981e-03
   6.5848217e-02
   1.5922620e-01
   2.7529761e-01
   3.9620536e-01
   5.0446428e-01
   5.8519346e-01
   6.2834821e-01
   6.2946428e-01
   5.9114584e-01
   5.1934524e-01
   4.2559524e-01
   3.2142857e-01
   2.2098214e-01
   1.3467262e-01
   7.1800598e-02
   3.8318462e-02
   3.6458338e-02
   6.2872023e-02
   1.1309524e-01
   1.7894346e-01
   2.5037203e-01
   3.1882441e-01
   3.7574405e-01
   4.1629465e-01
   4.3638393e-01
   4.3563988e-01
   4.1555060e-01
   3.7872024e-01
   3.2849702e-01
   2.6934524e-01
   2.0684523e-01
   1.4583333e-01
   9.1517864e-02
   4.9851192e-02
   2.4553569e-02
   1.9345243e-02
   3.5342260e-02
   7.0684528e-02
   1.2202380e-01
   1.8377977e-01
   2.4962798e-01
   3.1287202e-01
   3.6607143e-01
   4.0327381e-01
   4.2038690e-01
   4.1517857e-01
   3.8727679e-01
   3.4040179e-01
   2.7938989e-01
   2.1130953e-01
   1.4360119e-01
   8.4821428e-02
   4.1666672e-02
   1.8601188e-02
   1.8973220e-02
   4.2782742e-02
   8.8169646e-02
   1.5178572e-01
   2.2767858e-01
   3.0915179e-01
   3.8764881e-01
   4.5572917e-01
   5.0558035e-01
   5.3199405e-01
   5.3236607e-01
   5.0669643e-01
   4.5907738e-01
   3.9620536e-01
   3.2552084e-01
   2.5595238e-01
   1.9456846e-01
   1.4806547e-01
   1.2053571e-01
   1.1495536e-01
   1.3244048e-01
   1.7336309e-01
   2.3660714e-01
   3.1808035e-01
   4.1183036e-01
   5.1078869e-01
   6.0491071e-01
   6.8377976e-01
   7.3697916e-01
   7.5669643e-01
   7.3772321e-01
   6.8005953e-01
   5.8854167e-01
   4.7284226e-01
   3.4672619e-01
   2.2656250e-01
   1.2834822e-01
   6.6592272e-02
   5.3199410e-02
   9.1517856e-02
   1.7894345e-01
   3.0729166e-01
   4.5907739e-01
   6.1458333e-01
   7.5297620e-01
   8.5416667e-01
   9.0401786e-01
   8.9657738e-01
   8.3072917e-01
   7.1688988e-01
   5.6882440e-01
   4.0662202e-01
   2.5186012e-01
   1.2351191e-01
   3.8318454e-02
   4.4642874e-03
   2.5297615e-02
   9.5238096e-02
   2.0275298e-01
   3.3035714e-01
   4.5944941e-01
   5.7180060e-01
   6.5252976e-01
   6.9122024e-01
   6.8526785e-01
   6.3616072e-01
   5.5319941e-01
   4.4717262e-01
   3.3221726e-01
   2.2209821e-01
   1.2946429e-01
   6.3244046e-02
   3.0877981e-02
   3.3110120e-02
   6.7336318e-02
   1.2686012e-01
   2.0312501e-01
   2.8459822e-01
   3.6049106e-01
   4.2224703e-01
   4.6465774e-01
   4.8511905e-01
   4.8400298e-01
   4.6614584e-01
   4.3526786e-01
   3.9694941e-01
   3.5677084e-01
   3.1845238e-01
   2.8459822e-01
   2.5818453e-01
   2.4032738e-01
   2.3065476e-01
   2.3028274e-01
   2.3846727e-01
   2.5409226e-01
   2.7641369e-01
   3.0394345e-01
   3.3556547e-01
   3.6904762e-01
   4.0066964e-01
   4.2745536e-01
   4.4605655e-01
   4.5238095e-01
   4.4382441e-01
   4.2075893e-01
   3.8430060e-01
   3.3854167e-01
   2.8831845e-01
   2.4144345e-01
   2.0349702e-01
   1.8005952e-01
   1.7373512e-01
   1.8638393e-01
   2.1726190e-01
   2.6525298e-01
   3.2552083e-01
   3.9360119e-01
   4.6316965e-01
   5.2752976e-01
   5.7924108e-01
   6.1235120e-01
   6.2165179e-01
   6.0416667e-01
   5.6101191e-01
   4.9627976e-01
   4.1666667e-01
   3.3221726e-01
   2.5297619e-01
   1.8936012e-01
   1.5141369e-01
   1.4434523e-01
   1.7224703e-01
   2.3214286e-01
   3.1696429e-01
   4.1703869e-01
   5.1785714e-01
   6.0677083e-01
   6.7075893e-01
   7.0163690e-01
   6.9531250e-01
   6.5476191e-01
   5.8668155e-01
   5.0260417e-01
   4.1517857e-01
   3.3668154e-01
   2.7827382e-01
   2.4739584e-01
   2.4776786e-01
   2.8050596e-01
   3.4226191e-01
   4.2782738e-01
   5.2864583e-01
   6.3504464e-01
   7.3697917e-01
   8.2403274e-01
   8.8802083e-01
   9.2150298e-01
   9.2113095e-01
   8.8653274e-01
   8.2031250e-01
   7.2805060e-01
   6.1793154e-01
   4.9962798e-01
   3.8504464e-01
   2.8534227e-01
   2.1205358e-01
   1.7336310e-01
   1.7447917e-01
   2.1651786e-01
   2.9501488e-01
   3.9843750e-01
   5.1302083e-01
   6.2165179e-01
   7.0758929e-01
   7.5744048e-01
   7.6302083e-01
   7.2209821e-01
   6.3950893e-01
   5.2529762e-01
   3.9471726e-01
   2.6413691e-01
   1.5066965e-01
   6.8080357e-02
   2.5297623e-02
   2.6041670e-02
   6.7708333e-02
   1.4211309e-01
   2.3735120e-01
   3.3891369e-01
   4.3266369e-01
   5.0781250e-01
   5.5580358e-01
   5.7291666e-01
   5.5915179e-01
   5.1822917e-01
   4.5684524e-01
   3.8132441e-01
   3.0059524e-01
   2.2321429e-01
   1.5587798e-01
   1.0528274e-01
   7.6264885e-02
   7.1056551e-02
   9.0029762e-02
   1.3095239e-01
   1.8861607e-01
   2.5781250e-01
   3.2998512e-01
   3.9880953e-01
   4.5721726e-01
   4.9925595e-01
   5.2120536e-01
   5.2046131e-01
   4.9665179e-01
   4.5200893e-01
   3.8988096e-01
   3.1696429e-01
   2.4069941e-01
   1.6964286e-01
   1.1160714e-01
   7.1428574e-02
   5.3943456e-02
   5.9151790e-02
   8.5937506e-02
   1.3206845e-01
   1.9122024e-01
   2.5892857e-01
   3.2886905e-01
   3.9546132e-01
   4.5238095e-01
   4.9441964e-01
   5.1822917e-01
   5.2083333e-01
   5.0297619e-01
   4.6614583e-01
   4.1480655e-01
   3.5528274e-01
   2.9389881e-01
   2.3772321e-01
   1.9233632e-01
   1.6406250e-01
   1.5736608e-01
   1.7522322e-01
   2.1837798e-01
   2.8608631e-01
   3.7351190e-01
   4.7470238e-01
   5.7924108e-01
   6.7522321e-01
   7.5223214e-01
   7.9836309e-01
   8.0729166e-01
   7.7604166e-01
   7.0647321e-01
   6.0565476e-01
   4.8511905e-01
   3.6011905e-01
   2.4702380e-01
   1.6071428e-01
   1.1532739e-01
   1.1941964e-01
   1.7522321e-01
   2.7827381e-01
   4.1666667e-01
   5.7403273e-01
   7.2916667e-01
   8.6049107e-01
   9.5014881e-01
   9.8549107e-01
   9.6056548e-01
   8.7760416e-01
   7.4888392e-01
   5.8965774e-01
   4.2150298e-01
   2.6636905e-01
   1.4471726e-01
   7.1056551e-02
   5.4315479e-02
   9.5610120e-02
   1.8787203e-01
   3.1622025e-01
   4.6242560e-01
   6.0453869e-01
   7.2358631e-01
   8.0357143e-01
   8.3444941e-01
   8.1324405e-01
   7.4441964e-01
   6.3764881e-01
   5.0706845e-01
   3.6941965e-01
   2.4107143e-01
   1.3616072e-01
   6.5848217e-02
   3.6830361e-02
   5.0223223e-02
   1.0156250e-01
   1.8154763e-01
   2.7790179e-01
   3.7574404e-01
   4.6093750e-01
   5.2269346e-01
   5.5468750e-01
   5.5319941e-01
   5.2157738e-01
   4.6651786e-01
   3.9620536e-01
   3.2142857e-01
   2.5148810e-01
   1.9382440e-01
   1.5476191e-01
   1.3727679e-01
   1.4099703e-01
   1.6443452e-01
   2.0200893e-01
   2.5000000e-01
   3.0133928e-01
   3.5193453e-01
   3.9657738e-01
   4.3303572e-01
   4.5870536e-01
   4.7209822e-01
   4.7135417e-01
   4.5610119e-01
   4.2485119e-01
   3.7872024e-01
   3.1882440e-01
   2.4925595e-01
   1.7708333e-01
   1.0937500e-01
   5.4315479e-02
   1.9717266e-02
   1.1160723e-02
   3.0505957e-02
   7.8869048e-02
   1.5029762e-01
   2.3921131e-01
   3.3742560e-01
   4.3526786e-01
   5.2380953e-01
   5.9449405e-01
   6.4211310e-01
   6.6183036e-01
   6.5438988e-01
   6.2053571e-01
   5.6547620e-01
   4.9553572e-01
   4.1852679e-01
   3.4114584e-01
   2.7083333e-01
   2.1354167e-01
   1.7485119e-01
   1.5848214e-01
   1.6778274e-01
   2.0424107e-01
   2.6674108e-01
   3.5156250e-01
   4.5238095e-01
   5.5952381e-01
   6.6145834e-01
   7.4702381e-01
   8.0431548e-01
   8.2552083e-01
   8.0654762e-01
   7.4888393e-01
   6.5773809e-01
   5.4427083e-01
   4.2224703e-01
   3.0803572e-01
   2.1726191e-01
   1.6369048e-01
   1.5662203e-01
   1.9977678e-01
   2.9017857e-01
   4.1741072e-01
   5.6547619e-01
   7.1428571e-01
   8.4486607e-01
   9.3787202e-01
   9.8028274e-01
   9.6577380e-01
   8.9471727e-01
   7.7715773e-01
   6.2797619e-01
   4.6651785e-01
   3.1473215e-01
   1.9159226e-01
   1.1346727e-01
   9.0029762e-02
   1.2351191e-01
   2.0721726e-01
   3.2812500e-01
   4.6726191e-01
   6.0342262e-01
   7.1688988e-01
   7.8980655e-01
   8.1398809e-01
   7.8534226e-01
   7.0944941e-01
   5.9747024e-01
   4.6465774e-01
   3.2812500e-01
   2.0498512e-01
   1.0974703e-01
   5.2455355e-02
   3.8318454e-02
   6.5848217e-02
   1.2946429e-01
   2.1800596e-01
   3.1845238e-01
   4.1592262e-01
   4.9813988e-01
   5.5468750e-01
   5.8072917e-01
   5.7514881e-01
   5.4055060e-01
   4.8363096e-01
   4.1220238e-01
   3.3556547e-01
   2.6116072e-01
   1.9605655e-01
   1.4583334e-01
   1.1383928e-01
   1.0230655e-01
   1.1123512e-01
   1.3802084e-01
   1.8005952e-01
   2.3288691e-01
   2.9092262e-01
   3.4895834e-01
   4.0252976e-01
   4.4605655e-01
   4.7619048e-01
   4.8846727e-01
   4.8065476e-01
   4.5275298e-01
   4.0550595e-01
   3.4226191e-01
   2.6897322e-01
   1.9345238e-01
   1.2462798e-01
   6.9196435e-02
   3.5342260e-02
   2.6413693e-02
   4.2038695e-02
   8.0729164e-02
   1.3727678e-01
   2.0647322e-01
   2.8087798e-01
   3.5602679e-01
   4.2559524e-01
   4.8549107e-01
   5.3311012e-01
   5.6622024e-01
   5.8258929e-01
   5.8221727e-01
   5.6584822e-01
   5.3385417e-01
   4.8883928e-01
   4.3415179e-01
   3.7425595e-01
   3.1324405e-01
   2.5930060e-01
   2.1875000e-01
   1.9866072e-01
   2.0535715e-01
   2.4144345e-01
   3.0691964e-01
   3.9657738e-01
   5.0000000e-01
   6.0528274e-01
   6.9754464e-01
   7.6264881e-01
   7.9017856e-01
   7.7380952e-01
   7.1428571e-01
   6.1830357e-01
   4.9776786e-01
   3.6941965e-01
   2.5111607e-01
   1.6071428e-01
   1.1272321e-01
   1.1607142e-01
   1.7373512e-01
   2.8050596e-01
   4.2336310e-01
   5.8370535e-01
   7.4107144e-01
   8.7313988e-01
   9.6205357e-01
   9.9516369e-01
   9.6688988e-01
   8.8169643e-01
   7.4962798e-01
   5.8816964e-01
   4.1815476e-01
   2.6116071e-01
   1.3764881e-01
   6.2127984e-02
   4.3154765e-02
   8.1101196e-02
   1.6964287e-01
   2.9427083e-01
   4.3638393e-01
   5.7589286e-01
   6.9308036e-01
   7.7269345e-01
   8.0580357e-01
   7.8943453e-01
   7.2842262e-01
   6.3206845e-01
   5.1525297e-01
   3.9248512e-01
   2.8013393e-01
   1.9047619e-01
   1.3355655e-01
   1.1458334e-01
   1.3355655e-01
   1.8675595e-01
   2.6488096e-01
   3.5639881e-01
   4.4940476e-01
   5.3087798e-01
   5.9188988e-01
   6.2574405e-01
   6.2946429e-01
   6.0379464e-01
   5.5319941e-01
   4.8437500e-01
   4.0401785e-01
   3.2142857e-01
   2.4441965e-01
   1.8117559e-01
   1.3616072e-01
   1.1421131e-01
   1.1607143e-01
   1.4099703e-01
   1.8415178e-01
   2.4032738e-01
   3.0245536e-01
   3.6346726e-01
   4.1703869e-01
   4.5758929e-01
   4.8288691e-01
   4.8921131e-01
   4.7730655e-01
   4.4717262e-01
   4.0178571e-01
   3.4449405e-01
   2.8125000e-01
   2.1688989e-01
   1.5885417e-01
   1.1235120e-01
   8.1845234e-02
   7.0684528e-02
   7.8869048e-02
   1.0565476e-01
   1.4843750e-01
   2.0386905e-01
   2.6711309e-01
   3.3482143e-01
   4.0066964e-01
   4.5982143e-01
   5.0781250e-01
   5.3980655e-01
   5.5282738e-01
   5.4501488e-01
   5.1748512e-01
   4.7321428e-01
   4.1666667e-01
   3.5416666e-01
   2.9278274e-01
   2.3995536e-01
   2.0163691e-01
   1.8415179e-01
   1.9159226e-01
   2.2619048e-01
   2.8645834e-01
   3.7016369e-01
   4.6875000e-01
   5.7328869e-01
   6.7150298e-01
   7.5148810e-01
   8.0245536e-01
   8.1696429e-01
   7.9092262e-01
   7.2693453e-01
   6.3020834e-01
   5.1376488e-01
   3.9062500e-01
   2.7790179e-01
   1.9159226e-01
   1.4508929e-01
   1.4657738e-01
   2.0014881e-01
   2.9985119e-01
   4.3563988e-01
   5.8965774e-01
   7.4255952e-01
   8.7313988e-01
   9.6316965e-01
   1.0000000e+00
   9.7730655e-01
   8.9769345e-01
   7.7194941e-01
   6.1458334e-01
   4.4717262e-01
   2.9017857e-01
   1.6406250e-01
   8.4821437e-02
   6.1383930e-02
   9.5610120e-02
   1.8191965e-01
   3.0617559e-01
   4.5052084e-01
   5.9375000e-01
   7.1502976e-01
   7.9687500e-01
   8.2849703e-01
   8.0617560e-01
   7.3474702e-01
   6.2351190e-01
   4.8846727e-01
   3.4821429e-01
   2.2023810e-01
   1.2165179e-01
   6.3616077e-02
   5.1339285e-02
   8.5193460e-02
   1.5811013e-01
   2.5818453e-01
   3.6979167e-01
   4.7730655e-01
   5.6622024e-01
   6.2500000e-01
   6.4769346e-01
   6.3355655e-01
   5.8705357e-01
   5.1599703e-01
   4.3005952e-01
   3.4002976e-01
   2.5558036e-01
   1.8526786e-01
   1.3467262e-01
   1.0863095e-01
   1.0639881e-01
   1.2760417e-01
   1.6815476e-01
   2.2135417e-01
   2.8087798e-01
   3.4040178e-01
   3.9322917e-01
   4.3489583e-01
   4.6168155e-01
   4.7284226e-01
   4.6651785e-01
   4.4345239e-01
   4.0513393e-01
   3.5416667e-01
   2.9315477e-01
   2.2730655e-01
   1.6220238e-01
   1.0528273e-01
   6.2127984e-02
   3.9434524e-02
   4.2038695e-02
   7.1428574e-02
   1.2797619e-01
   2.0833333e-01
   3.0654763e-01
   4.1369048e-01
   5.2008929e-01
   6.1458333e-01
   6.8675596e-01
   7.2656250e-01
   7.2991071e-01
   6.9456845e-01
   6.2537202e-01
   5.3087798e-01
   4.2336310e-01
   3.1808035e-01
   2.2842262e-01
   1.6592262e-01
   1.3913691e-01
   1.4992559e-01
   1.9791667e-01
   2.7752976e-01
   3.8020833e-01
   4.9665179e-01
   6.1458333e-01
   7.2395834e-01
   8.1436012e-01
   8.7834822e-01
   9.0959821e-01
   9.0587797e-01
   8.6718750e-01
   7.9650298e-01
   7.0089286e-01
   5.8816964e-01
   4.6912202e-01
   3.5565476e-01
   2.5930060e-01
   1.9084822e-01
   1.5997024e-01
   1.7224703e-01
   2.2879465e-01
   3.2477678e-01
   4.5089286e-01
   5.9226190e-01
   7.3028274e-01
   8.4709821e-01
   9.2522321e-01
   9.5312500e-01
   9.2559524e-01
   8.4449404e-01
   7.1949405e-01
   5.6584821e-01
   4.0327381e-01
   2.5223215e-01
   1.3281250e-01
   5.9523813e-02
   4.1666672e-02
   8.0729164e-02
   1.7038690e-01
   2.9761905e-01
   4.4456845e-01
   5.8928572e-01
   7.1242560e-01
   7.9724702e-01
   8.3333333e-01
   8.1733631e-01
   7.5148810e-01
   6.4694941e-01
   5.1674107e-01
   3.7872024e-01
   2.4962798e-01
   1.4546131e-01
   7.7008932e-02
   5.1339285e-02
   6.9196427e-02
   1.2574405e-01
   2.1093750e-01
   3.1250000e-01
   4.1555059e-01
   5.0669642e-01
   5.7514881e-01
   6.1346727e-01
   6.1941965e-01
   5.9412203e-01
   5.4241071e-01
   4.7098215e-01
   3.8764881e-01
   3.0171131e-01
   2.2135417e-01
   1.5401786e-01
   1.0565476e-01
   8.1101196e-02
   8.1845242e-02
   1.0751488e-01
   1.5327382e-01
   2.1354167e-01
   2.8087798e-01
   3.4709822e-01
   4.0513393e-01
   4.4866072e-01
   4.7433036e-01
   4.7991072e-01
   4.6651786e-01
   4.3452381e-01
   3.8876487e-01
   3.3296131e-01
   2.7232144e-01
   2.1316965e-01
   1.5959821e-01
   1.1793155e-01
   9.0029762e-02
   7.8125001e-02
   8.2961312e-02
   1.0342262e-01
   1.3802084e-01
   1.8489583e-01
   2.4069941e-01
   3.0208334e-01
   3.6495536e-01
   4.2410714e-01
   4.7395833e-01
   5.0967263e-01
   5.2566964e-01
   5.2046131e-01
   4.9293155e-01
   4.4568452e-01
   3.8541666e-01
   3.1696428e-01
   2.5037203e-01
   1.9270833e-01
   1.5252976e-01
   1.3541667e-01
   1.4546131e-01
   1.8340774e-01
   2.4702381e-01
   3.3072917e-01
   4.2745536e-01
   5.2604167e-01
   6.1607143e-01
   6.8675596e-01
   7.2991071e-01
   7.3958333e-01
   7.1428571e-01
   6.5625000e-01
   5.7180059e-01
   4.7061012e-01
   3.6495536e-01
   2.6860119e-01
   1.9456846e-01
   1.5587798e-01
   1.6034227e-01
   2.1093751e-01
   3.0394345e-01
   4.3080358e-01
   5.7552083e-01
   7.1949404e-01
   8.4226191e-01
   9.2671131e-01
   9.5907738e-01
   9.3377977e-01
   8.5416667e-01
   7.2879464e-01
   5.7440476e-01
   4.1220238e-01
   2.6264881e-01
   1.4583333e-01
   7.7008932e-02
   6.5848217e-02
   1.1160714e-01
   2.0758929e-01
   3.3928572e-01
   4.8772322e-01
   6.3095238e-01
   7.5000000e-01
   8.2849703e-01
   8.5677084e-01
   8.3184524e-01
   7.5892857e-01
   6.4806547e-01
   5.1376488e-01
   3.7202381e-01
   2.3958334e-01
   1.3095239e-01
   5.6919650e-02
   2.4181553e-02
   3.4598221e-02
   8.4821428e-02
   1.6741072e-01
   2.7120537e-01
   3.8355655e-01
   4.9144345e-01
   5.8296132e-01
   6.4992559e-01
   6.8638392e-01
   6.9122024e-01
   6.6517857e-01
   6.1346727e-01
   5.4203869e-01
   4.5907738e-01
   3.7202381e-01
   2.9017858e-01
   2.2061012e-01
   1.6964287e-01
   1.4099702e-01
   1.3690477e-01
   1.5625000e-01
   1.9456846e-01
   2.4702381e-01
   3.0617560e-01
   3.6421131e-01
   4.1480655e-01
   4.5089286e-01
   4.6800595e-01
   4.6354167e-01
   4.3675596e-01
   3.8988095e-01
   3.2775298e-01
   2.5706845e-01
   1.8563988e-01
   1.2165179e-01
   7.1800598e-02
   4.1294648e-02
   3.1622027e-02
   4.3154765e-02
   7.1800598e-02
   1.1569941e-01
   1.6927083e-01
   2.3028274e-01
   2.9464286e-01
   3.6011905e-01
   4.2485119e-01
   4.8511905e-01
   5.3757440e-01
   5.7849702e-01
   6.0342262e-01
   6.0863095e-01
   5.9263393e-01
   5.5468751e-01
   4.9776786e-01
   4.2671131e-01
   3.5007441e-01
   2.7641370e-01
   2.1688989e-01
   1.8005952e-01
   1.7410714e-01
   2.0163691e-01
   2.6153274e-01
   3.4784227e-01
   4.4903274e-01
   5.5208333e-01
   6.4285714e-01
   7.0758928e-01
   7.3772321e-01
   7.2767857e-01
   6.7745536e-01
   5.9449405e-01
   4.8809524e-01
   3.7313988e-01
   2.6413691e-01
   1.7633929e-01
   1.2351191e-01
   1.1383928e-01
   1.5141369e-01
   2.3288691e-01
   3.4970238e-01
   4.8735119e-01
   6.2797619e-01
   7.5223214e-01
   8.4337798e-01
   8.8876488e-01
   8.8169643e-01
   8.2180059e-01
   7.1800595e-01
   5.8258928e-01
   4.3377976e-01
   2.9092262e-01
   1.7261904e-01
   9.4866073e-02
   6.8452380e-02
   9.7470244e-02
   1.7708334e-01
   2.9799107e-01
   4.4308036e-01
   5.9337798e-01
   7.2842262e-01
   8.3147321e-01
   8.8950893e-01
   8.9620535e-01
   8.5193453e-01
   7.6525297e-01
   6.4769346e-01
   5.1488095e-01
   3.8392858e-01
   2.7008929e-01
   1.8675595e-01
   1.4099703e-01
   1.3616071e-01
   1.6927083e-01
   2.3325893e-01
   3.1659226e-01
   4.0662202e-01
   4.9107143e-01
   5.5989583e-01
   6.0491071e-01
   6.2313988e-01
   6.1383929e-01
   5.7849702e-01
   5.2269345e-01
   4.5200893e-01
   3.7276786e-01
   2.9352679e-01
   2.2098214e-01
   1.6257441e-01
   1.2351191e-01
   1.0825894e-01
   1.1793155e-01
   1.5029762e-01
   2.0089286e-01
   2.6264881e-01
   3.2738095e-01
   3.8764881e-01
   4.3601191e-01
   4.6651786e-01
   4.7581845e-01
   4.6279762e-01
   4.2782738e-01
   3.7462798e-01
   3.0877976e-01
   2.3697917e-01
   1.6703869e-01
   1.0565476e-01
   6.0267860e-02
   3.4226190e-02
   3.0133934e-02
   4.6875006e-02
   8.2589289e-02
   1.3355655e-01
   1.9568453e-01
   2.6450893e-01
   3.3556548e-01
   4.0476190e-01
   4.6800595e-01
   5.2120536e-01
   5.6026786e-01
   5.8184524e-01
   5.8370535e-01
   5.6436012e-01
   5.2566964e-01
   4.7098215e-01
   4.0438988e-01
   3.3333334e-01
   2.6562501e-01
   2.0982143e-01
   1.7485119e-01
   1.6629465e-01
   1.8936012e-01
   2.4441964e-01
   3.2812501e-01
   4.3229167e-01
   5.4464285e-01
   6.5252977e-01
   7.4107143e-01
   7.9873512e-01
   8.1659227e-01
   7.9241071e-01
   7.2879464e-01
   6.3281251e-01
   5.1748512e-01
   3.9806548e-01
   2.9092262e-01
   2.1130953e-01
   1.7150297e-01
   1.7931548e-01
   2.3623512e-01
   3.3630953e-01
   4.6875000e-01
   6.1644345e-01
   7.5967262e-01
   8.7872023e-01
   9.5684524e-01
   9.8214286e-01
   9.4977678e-01
   8.6383929e-01
   7.3437500e-01
   5.7812500e-01
   4.1592261e-01
   2.6822916e-01
   1.5625000e-01
   9.3005957e-02
   8.8169646e-02
   1.4136905e-01
   2.4404762e-01
   3.8206846e-01
   5.3459821e-01
   6.8080358e-01
   7.9985119e-01
   8.7648809e-01
   9.0104166e-01
   8.7239583e-01
   7.9538691e-01
   6.8266369e-01
   5.4836309e-01
   4.0997023e-01
   2.8311013e-01
   1.8191965e-01
   1.1607143e-01
   9.0773809e-02
   1.0565476e-01
   1.5550596e-01
   2.3102679e-01
   3.2031250e-01
   4.1071429e-01
   4.8958334e-01
   5.4650298e-01
   5.7700893e-01
   5.7775297e-01
   5.5096727e-01
   5.0111607e-01
   4.3563989e-01
   3.6309524e-01
   2.9017858e-01
   2.2507441e-01
   1.7336310e-01
   1.3913691e-01
   1.2574405e-01
   1.3244048e-01
   1.5848215e-01
   1.9940477e-01
   2.5037202e-01
   3.0580357e-01
   3.5937500e-01
   4.0625000e-01
   4.4196428e-01
   4.6316964e-01
   4.6726191e-01
   4.5424107e-01
   4.2373513e-01
   3.7834821e-01
   3.2180060e-01
   2.5892857e-01
   1.9642857e-01
   1.4099702e-01
   1.0007441e-01
   7.8869048e-02
   7.9985118e-02
   1.0491072e-01
   1.5178572e-01
   2.1614583e-01
   2.9241072e-01
   3.7425596e-01
   4.5386905e-01
   5.2455357e-01
   5.8035715e-01
   6.1495536e-01
   6.2723214e-01
   6.1532738e-01
   5.8110119e-01
   5.2864584e-01
   4.6316965e-01
   3.9211310e-01
   3.2142857e-01
   2.5706846e-01
   2.0572917e-01
   1.7150298e-01
   1.5848215e-01
   1.6927084e-01
   2.0535714e-01
   2.6488095e-01
   3.4449405e-01
   4.3750000e-01
   5.3422619e-01
   6.2351190e-01
   6.9382440e-01
   7.3586309e-01
   7.4181547e-01
   7.0982142e-01
   6.4248512e-01
   5.4650298e-01
   4.3377976e-01
   3.1808035e-01
   2.1465774e-01
   1.3802083e-01
   9.9702384e-02
   1.0751488e-01
   1.6294643e-01
   2.6190477e-01
   3.9434524e-01
   5.4427084e-01
   6.9494048e-01
   8.2626488e-01
   9.2150298e-01
   9.6949405e-01
   9.6242560e-01
   9.0215774e-01
   7.9613095e-01
   6.5773810e-01
   5.0483631e-01
   3.5788691e-01
   2.3511904e-01
   1.5364584e-01
   1.2351191e-01
   1.4918155e-01
   2.2656250e-01
   3.4523809e-01
   4.8921131e-01
   6.3876488e-01
   7.7529762e-01
   8.8318453e-01
   9.4940476e-01
   9.7023809e-01
   9.4642857e-01
   8.8467261e-01
   7.9427084e-01
   6.8898810e-01
   5.7961310e-01
   4.7916667e-01
   3.9657739e-01
   3.3779762e-01
   3.0729167e-01
   3.0468750e-01
   3.2700893e-01
   3.6830358e-01
   4.2224703e-01
   4.7953869e-01
   5.3199405e-01
   5.7328869e-01
   5.9672619e-01
   5.9858631e-01
   5.7812500e-01
   5.3608631e-01
   4.7581845e-01
   4.0215774e-01
   3.2291667e-01
   2.4553572e-01
   1.7819940e-01
   1.2797619e-01
   1.0007441e-01
   9.7098213e-02
   1.1904763e-01
   1.6220238e-01
   2.2209822e-01
   2.9092262e-01
   3.6123512e-01
   4.2559524e-01
   4.7693452e-01
   5.0892857e-01
   5.1822917e-01
   5.0297619e-01
   4.6354167e-01
   4.0401786e-01
   3.3072916e-01
   2.5223215e-01
   1.7708334e-01
   1.1383929e-01
   6.8824411e-02
   4.6502982e-02
   4.7619052e-02
   7.1428574e-02
   1.1421132e-01
   1.7075893e-01
   2.3660714e-01
   3.0505952e-01
   3.7090774e-01
   4.2745535e-01
   4.7023809e-01
   4.9441965e-01
   4.9776786e-01
   4.7953869e-01
   4.4233631e-01
   3.8950893e-01
   3.2775298e-01
   2.6302084e-01
   2.0349702e-01
   1.5513392e-01
   1.2425595e-01
   1.1532739e-01
   1.3020833e-01
   1.6927083e-01
   2.3102679e-01
   3.1063988e-01
   4.0104167e-01
   4.9330358e-01
   5.7700893e-01
   6.4248512e-01
   6.8191965e-01
   6.8861607e-01
   6.6108631e-01
   6.0193453e-01
   5.1636904e-01
   4.1406250e-01
   3.0840774e-01
   2.1316965e-01
   1.4136905e-01
   1.0491072e-01
   1.1160714e-01
   1.6331846e-01
   2.5669643e-01
   3.8206846e-01
   5.2343750e-01
   6.6406250e-01
   7.8459822e-01
   8.6904762e-01
   9.0550596e-01
   8.8913691e-01
   8.2142857e-01
   7.1130952e-01
   5.7254465e-01
   4.2299107e-01
   2.8199405e-01
   1.6703869e-01
   9.3377980e-02
   6.9940481e-02
   1.0044643e-01
   1.7968751e-01
   2.9650298e-01
   4.3526786e-01
   5.7700893e-01
   7.0163690e-01
   7.9352679e-01
   8.4077381e-01
   8.3779762e-01
   7.8571429e-01
   6.9308036e-01
   5.7068452e-01
   4.3563988e-01
   3.0357143e-01
   1.8936012e-01
   1.0639881e-01
   6.2127976e-02
   5.9895837e-02
   9.6354174e-02
   1.6517857e-01
   2.5446429e-01
   3.5193452e-01
   4.4382441e-01
   5.1934524e-01
   5.6994047e-01
   5.9151786e-01
   5.8333333e-01
   5.4836309e-01
   4.9181548e-01
   4.2113096e-01
   3.4449405e-01
   2.6971726e-01
   2.0461309e-01
   1.5587798e-01
   1.2723215e-01
   1.2202381e-01
   1.3839285e-01
   1.7522322e-01
   2.2581846e-01
   2.8571429e-01
   3.4747023e-01
   4.0550595e-01
   4.5349703e-01
   4.8809523e-01
   5.0520833e-01
   5.0260417e-01
   4.8028274e-01
   4.3936012e-01
   3.8244048e-01
   3.1510417e-01
   2.4367560e-01
   1.7559524e-01
   1.1830357e-01
   7.8497025e-02
   6.0267860e-02
   6.5848217e-02
   9.5238096e-02
   1.4583333e-01
   2.1316965e-01
   2.9092262e-01
   3.7276786e-01
   4.5052084e-01
   5.1711310e-01
   5.6510417e-01
   5.8965774e-01
   5.8816964e-01
   5.6101190e-01
   5.1078870e-01
   4.4419643e-01
   3.6904762e-01
   2.9575893e-01
   2.3288690e-01
   1.8824405e-01
   1.6815476e-01
   1.7633928e-01
   2.1205358e-01
   2.7194940e-01
   3.5044643e-01
   4.3861607e-01
   5.2566964e-01
   6.0193452e-01
   6.5811012e-01
   6.8787203e-01
   6.8787202e-01
   6.5922618e-01
   6.0528274e-01
   5.3385417e-01
   4.5200893e-01
   3.6941965e-01
   2.9501488e-01
   2.3660714e-01
   2.0126488e-01
   1.9494047e-01
   2.2098214e-01
   2.7938989e-01
   3.6793155e-01
   4.7879464e-01
   6.0156250e-01
   7.2172619e-01
   8.2440476e-01
   8.9508929e-01
   9.2336310e-01
   9.0327381e-01
   8.3593749e-01
   7.2879464e-01
   5.9449405e-01
   4.5052084e-01
   3.1584822e-01
   2.0758929e-01
   1.4174107e-01
   1.2611608e-01
   1.6369048e-01
   2.4813988e-01
   3.6867559e-01
   5.0669643e-01
   6.4397321e-01
   7.6078869e-01
   8.4151786e-01
   8.7574405e-01
   8.5900298e-01
   7.9538691e-01
   6.9308035e-01
   5.6547619e-01
   4.2968751e-01
   3.0133928e-01
   1.9605655e-01
   1.2537202e-01
   9.5982143e-02
   1.0863095e-01
   1.5959822e-01
   2.3958333e-01
   3.3556548e-01
   4.3377976e-01
   5.2120536e-01
   5.8705357e-01
   6.2462797e-01
   6.3132441e-01
   6.0937500e-01
   5.6287203e-01
   4.9962798e-01
   4.2671131e-01
   3.5305059e-01
   2.8534227e-01
   2.2991072e-01
   1.9308036e-01
   1.7633929e-01
   1.8191965e-01
   2.0721726e-01
   2.5000000e-01
   3.0431548e-01
   3.6346726e-01
   4.2150298e-01
   4.7172619e-01
   5.0967262e-01
   5.3125001e-01
   5.3459822e-01
   5.1822916e-01
   4.8363096e-01
   4.3229167e-01
   3.6867560e-01
   2.9799107e-01
   2.2619048e-01
   1.6108631e-01
   1.0863096e-01
   7.5148807e-02
   6.3244054e-02
   7.5148815e-02
   1.0937501e-01
   1.6294643e-01
   2.3102679e-01
   3.0729167e-01
   3.8392857e-01
   4.5312501e-01
   5.0818452e-01
   5.4278274e-01
   5.5208334e-01
   5.3683037e-01
   4.9813988e-01
   4.4122024e-01
   3.7425595e-01
   3.0505952e-01
   2.4181548e-01
   1.9159226e-01
   1.5997024e-01
   1.4955358e-01
   1.6108631e-01
   1.9531250e-01
   2.4888393e-01
   3.1919642e-01
   4.0141369e-01
   4.8995536e-01
   5.7700893e-01
   6.5364583e-01
   7.1168155e-01
   7.4367560e-01
   7.4404762e-01
   7.1093750e-01
   6.4694941e-01
   5.5766368e-01
   4.5312500e-01
   3.4598214e-01
   2.5111607e-01
   1.8154763e-01
   1.4918155e-01
   1.6145833e-01
   2.1949405e-01
   3.1919642e-01
   4.4977678e-01
   5.9375000e-01
   7.3400298e-01
   8.5007441e-01
   9.2596726e-01
   9.5052083e-01
   9.1964286e-01
   8.3630952e-01
   7.1093750e-01
   5.5952381e-01
   4.0141369e-01
   2.5706846e-01
   1.4471727e-01
   7.9241071e-02
   6.8824403e-02
   1.1383928e-01
   2.0907738e-01
   3.4002976e-01
   4.8958334e-01
   6.3653274e-01
   7.6116072e-01
   8.4709821e-01
   8.8355655e-01
   8.6681547e-01
   7.9985119e-01
   6.9233631e-01
   5.5840774e-01
   4.1443453e-01
   2.7827382e-01
   1.6480655e-01
   8.6681553e-02
   5.0967270e-02
   5.9895837e-02
   1.0863095e-01
   1.8898810e-01
   2.8757441e-01
   3.8913691e-01
   4.8065476e-01
   5.5022321e-01
   5.8891370e-01
   5.9561012e-01
   5.7068452e-01
   5.2046132e-01
   4.5349702e-01
   3.7834821e-01
   3.0543155e-01
   2.4144345e-01
   1.9382440e-01
   1.6517857e-01
   1.5811012e-01
   1.7075893e-01
   2.0052084e-01
   2.4330357e-01
   2.9464286e-01
   3.4933036e-01
   4.0290178e-01
   4.5163691e-01
   4.9293155e-01
   5.2306548e-01
   5.3980655e-01
   5.4129464e-01
   5.2566964e-01
   4.9330358e-01
   4.4568452e-01
   3.8653273e-01
   3.2142857e-01
   2.5706845e-01
   2.0126488e-01
   1.6034226e-01
   1.3839286e-01
   1.3802084e-01
   1.5885417e-01
   1.9828869e-01
   2.5186012e-01
   3.1398810e-01
   3.7797619e-01
   4.3712798e-01
   4.8474703e-01
   5.1488095e-01
   5.2455357e-01
   5.1041667e-01
   4.7544644e-01
   4.2187500e-01
   3.5714286e-01
   2.8831845e-01
   2.2395834e-01
   1.7150298e-01
   1.3727678e-01
   1.2611607e-01
   1.3913691e-01
   1.7671131e-01
   2.3697917e-01
   3.1510417e-01
   4.0625001e-01
   5.0111607e-01
   5.9188988e-01
   6.6964285e-01
   7.2581846e-01
   7.5409227e-01
   7.5037202e-01
   7.1428572e-01
   6.4880953e-01
   5.6063989e-01
   4.5907739e-01
   3.5639882e-01
   2.6488095e-01
   1.9717262e-01
   1.6331845e-01
   1.7075893e-01
   2.2061013e-01
   3.0952381e-01
   4.2745536e-01
   5.6101191e-01
   6.9233631e-01
   8.0357143e-01
   8.7983630e-01
   9.0959821e-01
   8.8876488e-01
   8.1882441e-01
   7.0758928e-01
   5.6956845e-01
   4.2187500e-01
   2.8236607e-01
   1.6927083e-01
   9.7098221e-02
   7.4776792e-02
   1.0602679e-01
   1.8675595e-01
   3.0617559e-01
   4.4940477e-01
   5.9821429e-01
   7.3214286e-01
   8.3556548e-01
   8.9471726e-01
   9.0327381e-01
   8.6123512e-01
   7.7455357e-01
   6.5550595e-01
   5.1897322e-01
   3.8206845e-01
   2.6190477e-01
   1.7224702e-01
   1.2351191e-01
   1.1867560e-01
   1.5662203e-01
   2.2879464e-01
   3.2403274e-01
   4.2671131e-01
   5.2269345e-01
   5.9933036e-01
   6.4732143e-01
   6.6183036e-01
   6.4248512e-01
   5.9300595e-01
   5.2046131e-01
   4.3266369e-01
   3.4040179e-01
   2.5223215e-01
   1.7745536e-01
   1.2388394e-01
   9.5610120e-02
   9.5238096e-02
   1.2127977e-01
   1.6964286e-01
   2.3325893e-01
   3.0468751e-01
   3.7462798e-01
   4.3601191e-01
   4.8251488e-01
   5.1116072e-01
   5.1897322e-01
   5.0781250e-01
   4.7879464e-01
   4.3526786e-01
   3.8169643e-01
   3.2366071e-01
   2.6636905e-01
   2.1502976e-01
   1.7485119e-01
   1.4918155e-01
   1.4136905e-01
   1.5252976e-01
   1.8266369e-01
   2.2916667e-01
   2.8869048e-01
   3.5639881e-01
   4.2485119e-01
   4.8623512e-01
   5.3162202e-01
   5.5431548e-01
   5.4910714e-01
   5.1413690e-01
   4.5200893e-01
   3.7053571e-01
   2.7976191e-01
   1.9345238e-01
   1.2425595e-01
   8.4077382e-02
   8.0357149e-02
   1.1607143e-01
   1.8973215e-01
   2.9389882e-01
   4.1703869e-01
   5.4575893e-01
   6.6517857e-01
   7.6153273e-01
   8.2291667e-01
   8.4375000e-01
   8.2217261e-01
   7.6227679e-01
   6.7261905e-01
   5.6510417e-01
   4.5275298e-01
   3.4784226e-01
   2.6116072e-01
   2.0014881e-01
   1.6852679e-01
   1.6927083e-01
   2.0238095e-01
   2.6450893e-01
   3.5305060e-01
   4.6168155e-01
   5.8147321e-01
   7.0163690e-01
   8.1063989e-01
   8.9434524e-01
   9.4270833e-01
   9.4680059e-01
   9.0327380e-01
   8.1473214e-01
   6.8973215e-01
   5.4166667e-01
   3.8690476e-01
   2.4479167e-01
   1.3318453e-01
   6.5848217e-02
   5.2827386e-02
   9.4866073e-02
   1.8750001e-01
   3.1770833e-01
   4.6763393e-01
   6.1718751e-01
   7.4553571e-01
   8.3444940e-01
   8.7239583e-01
   8.5453870e-01
   7.8422619e-01
   6.7075893e-01
   5.2938988e-01
   3.7872024e-01
   2.3772321e-01
   1.2425595e-01
   4.9851192e-02
   2.2693452e-02
   4.3526788e-02
   1.0602679e-01
   1.9977678e-01
   3.0989583e-01
   4.2038690e-01
   5.1674107e-01
   5.8630953e-01
   6.2276786e-01
   6.2313988e-01
   5.9002976e-01
   5.2901785e-01
   4.4828869e-01
   3.5825893e-01
   2.6897322e-01
   1.8824405e-01
   1.2537203e-01
   8.4449405e-02
   6.9568458e-02
   8.0729172e-02
   1.1495535e-01
   1.6741072e-01
   2.3139881e-01
   2.9947917e-01
   3.6421131e-01
   4.2001489e-01
   4.6168155e-01
   4.8586310e-01
   4.9107143e-01
   4.7656250e-01
   4.4345239e-01
   3.9322916e-01
   3.3035715e-01
   2.6004464e-01
   1.8787202e-01
   1.2202381e-01
   6.9568450e-02
   3.6830361e-02
   2.8645833e-02
   4.6875006e-02
   9.0401786e-02
   1.5513392e-01
   2.3511904e-01
   3.2217262e-01
   4.0662202e-01
   4.7953869e-01
   5.3236607e-01
   5.5952381e-01
   5.5803572e-01
   5.2827381e-01
   4.7507440e-01
   4.0587798e-01
   3.3035715e-01
   2.5706846e-01
   1.9531250e-01
   1.5178572e-01
   1.2909226e-01
   1.2872024e-01
   1.4992560e-01
   1.9047619e-01
   2.4739584e-01
   3.1696428e-01
   3.9471726e-01
   4.7544643e-01
   5.5319941e-01
   6.2090774e-01
   6.7187500e-01
   7.0052083e-01
   7.0126488e-01
   6.7410714e-01
   6.1979167e-01
   5.4352678e-01
   4.5312501e-01
   3.6049107e-01
   2.7715774e-01
   2.1540178e-01
   1.8638393e-01
   1.9642857e-01
   2.4851190e-01
   3.3816964e-01
   4.5610119e-01
   5.8854167e-01
   7.1837797e-01
   8.2812500e-01
   9.0215774e-01
   9.2968750e-01
   9.0587797e-01
   8.3296131e-01
   7.1949404e-01
   5.7924107e-01
   4.3005953e-01
   2.9092262e-01
   1.7931548e-01
   1.1086310e-01
   9.4866073e-02
   1.3392857e-01
   2.2395833e-01
   3.5267858e-01
   5.0297619e-01
   6.5401786e-01
   7.8534226e-01
   8.7797619e-01
   9.1927083e-01
   9.0401786e-01
   8.3333333e-01
   7.1726191e-01
   5.7105655e-01
   4.1369047e-01
   2.6525298e-01
   1.4434524e-01
   6.4732139e-02
   3.5342268e-02
   5.7663689e-02
   1.2537202e-01
   2.2656250e-01
   3.4486607e-01
   4.6242560e-01
   5.6287202e-01
   6.3206845e-01
   6.6220238e-01
   6.5141369e-01
   6.0416667e-01
   5.2752976e-01
   4.3340774e-01
   3.3296131e-01
   2.3883928e-01
   1.5959822e-01
   1.0342262e-01
   7.4032745e-02
   7.2172621e-02
   9.7098221e-02
   1.4471727e-01
   2.0870537e-01
   2.8162203e-01
   3.5825893e-01
   4.3080357e-01
   4.9441965e-01
   5.4464285e-01
   5.7924108e-01
   5.9523809e-01
   5.9151785e-01
   5.6808035e-01
   5.2492560e-01
   4.6540179e-01
   3.9322917e-01
   3.1510417e-01
   2.3809524e-01
   1.7113095e-01
   1.2202381e-01
   9.6354166e-02
   9.7842259e-02
   1.2611607e-01
   1.7857143e-01
   2.4925595e-01
   3.2998512e-01
   4.1183036e-01
   4.8549107e-01
   5.4315476e-01
   5.7886905e-01
   5.9002977e-01
   5.7663690e-01
   5.4278274e-01
   4.9330358e-01
   4.3563988e-01
   3.7648810e-01
   3.2254464e-01
   2.7752976e-01
   2.4553572e-01
   2.2842262e-01
   2.2767858e-01
   2.4441964e-01
   2.7752976e-01
   3.2663691e-01
   3.8802084e-01
   4.5610118e-01
   5.2492560e-01
   5.8482143e-01
   6.2834821e-01
   6.4806548e-01
   6.3988095e-01
   6.0267857e-01
   5.4017857e-01
   4.5870536e-01
   3.6830357e-01
   2.8050596e-01
   2.0684523e-01
   1.5885417e-01
   1.4471726e-01
   1.6889881e-01
   2.3139881e-01
   3.2663691e-01
   4.4531250e-01
   5.7254464e-01
   6.9345238e-01
   7.9092262e-01
   8.5305060e-01
   8.7016369e-01
   8.3928572e-01
   7.6376488e-01
   6.5252977e-01
   5.1934524e-01
   3.8095238e-01
   2.5446429e-01
   1.5773810e-01
   1.0267857e-01
   9.7842259e-02
   1.4620536e-01
   2.4144345e-01
   3.7239583e-01
   5.2194940e-01
   6.6964286e-01
   7.9613095e-01
   8.8392858e-01
   9.2038691e-01
   9.0215774e-01
   8.3072917e-01
   7.1502976e-01
   5.7031250e-01
   4.1406251e-01
   2.6525298e-01
   1.4136906e-01
   5.6547619e-02
   1.9717266e-02
   3.5342268e-02
   1.0007441e-01
   2.0684524e-01
   3.4151786e-01
   4.8958333e-01
   6.3467262e-01
   7.6078869e-01
   8.5528273e-01
   9.0959821e-01
   9.2001488e-01
   8.8690476e-01
   8.1584821e-01
   7.1540179e-01
   5.9747024e-01
   4.7507440e-01
   3.6086310e-01
   2.6636905e-01
   1.9977679e-01
   1.6555060e-01
   1.6406251e-01
   1.9010417e-01
   2.3735119e-01
   2.9613096e-01
   3.5602679e-01
   4.0959821e-01
   4.4903274e-01
   4.7023810e-01
   4.7098215e-01
   4.5126488e-01
   4.1294643e-01
   3.6011905e-01
   2.9761905e-01
   2.3177083e-01
   1.6889881e-01
   1.1569940e-01
   7.7380955e-02
   5.8407743e-02
   5.9895837e-02
   8.1473219e-02
   1.2090774e-01
   1.7336310e-01
   2.3288691e-01
   2.9427083e-01
   3.5044643e-01
   3.9620536e-01
   4.2708333e-01
   4.3936012e-01
   4.3117559e-01
   4.0438988e-01
   3.6160715e-01
   3.0766369e-01
   2.4962798e-01
   1.9494048e-01
   1.4918155e-01
   1.1793155e-01
   1.0491072e-01
   1.1086310e-01
   1.3616071e-01
   1.7931548e-01
   2.3660714e-01
   3.0357143e-01
   3.7574405e-01
   4.4642857e-01
   5.0892857e-01
   5.5691964e-01
   5.8519345e-01
   5.9040178e-01
   5.7142858e-01
   5.3087798e-01
   4.7209821e-01
   4.0290178e-01
   3.3072917e-01
   2.6413691e-01
   2.1205358e-01
   1.8154762e-01
   1.7968751e-01
   2.0833333e-01
   2.6785715e-01
   3.5453869e-01
   4.6019346e-01
   5.7366071e-01
   6.8303571e-01
   7.7380952e-01
   8.3556548e-01
   8.5937500e-01
   8.4188988e-01
   7.8422618e-01
   6.9345238e-01
   5.7961309e-01
   4.5721726e-01
   3.4114584e-01
   2.4665179e-01
   1.8601191e-01
   1.6852680e-01
   1.9680060e-01
   2.6897322e-01
   3.7537203e-01
   5.0409226e-01
   6.3764881e-01
   7.5930059e-01
   8.5305060e-01
   9.0773810e-01
   9.1629464e-01
   8.7797619e-01
   7.9799107e-01
   6.8601191e-01
   5.5654761e-01
   4.2559524e-01
   3.0840774e-01
   2.1986607e-01
   1.7075893e-01
   1.6517858e-01
   2.0238095e-01
   2.7455357e-01
   3.6979167e-01
   4.7135416e-01
   5.6398810e-01
   6.3244048e-01
   6.6741072e-01
   6.6331845e-01
   6.2239583e-01
   5.5059524e-01
   4.5796131e-01
   3.5639881e-01
   2.5892857e-01
   1.7708333e-01
   1.1941964e-01
   9.1517856e-02
   9.4866073e-02
   1.2686012e-01
   1.8229167e-01
   2.5260417e-01
   3.2775298e-01
   3.9918155e-01
   4.5833333e-01
   4.9888393e-01
   5.1785715e-01
   5.1450894e-01
   4.9069941e-01
   4.4977678e-01
   3.9657738e-01
   3.3705357e-01
   2.7641369e-01
   2.2209821e-01
   1.7819940e-01
   1.4955358e-01
   1.3839286e-01
   1.4546131e-01
   1.6852679e-01
   2.0572916e-01
   2.5148810e-01
   3.0208334e-01
   3.5230655e-01
   3.9843750e-01
   4.3601191e-01
   4.6242560e-01
   4.7433036e-01
   4.7061012e-01
   4.4940477e-01
   4.1183036e-01
   3.6049107e-01
   2.9947917e-01
   2.3549107e-01
   1.7485119e-01
   1.2500000e-01
   9.1889879e-02
   7.9241071e-02
   8.9285716e-02
   1.2239584e-01
   1.7522322e-01
   2.4441965e-01
   3.2440476e-01
   4.0848214e-01
   4.8883929e-01
   5.5803572e-01
   6.0974702e-01
   6.3913690e-01
   6.4248511e-01
   6.1979167e-01
   5.7328869e-01
   5.0818452e-01
   4.3043155e-01
   3.4895834e-01
   2.7269346e-01
   2.1019346e-01
   1.7038690e-01
   1.5959822e-01
   1.8117559e-01
   2.3586310e-01
   3.1994048e-01
   4.2559524e-01
   5.4166667e-01
   6.5438988e-01
   7.4888392e-01
   8.1361607e-01
   8.3854166e-01
   8.1956845e-01
   7.5744048e-01
   6.5922619e-01
   5.3720238e-01
   4.0550595e-01
   2.8199405e-01
   1.8340773e-01
   1.2388393e-01
   1.1346726e-01
   1.5625000e-01
   2.4813988e-01
   3.7946428e-01
   5.3311012e-01
   6.8824405e-01
   8.2403274e-01
   9.2113095e-01
   9.6614583e-01
   9.5163690e-01
   8.8020833e-01
   7.6078869e-01
   6.1049107e-01
   4.4940477e-01
