   1.0000000e+00
   9.0770952e-01
   7.4857835e-01
   5.5411578e-01
   3.6161089e-01
   2.0425096e-01
   1.0375688e-01
   6.6840684e-02
   8.4739443e-02
   1.3796961e-01
   2.0257295e-01
   2.5645567e-01
   2.8451571e-01
   2.8125291e-01
   2.4974364e-01
   1.9940338e-01
   1.4263075e-01
   9.1171811e-02
   5.4721731e-02
   3.8780648e-02
   4.5399461e-02
   7.2713715e-02
   1.1671483e-01
   1.7031789e-01
   2.2597185e-01
   2.7537988e-01
   3.1182996e-01
   3.3028806e-01
   3.2944906e-01
   3.1136385e-01
   2.8097325e-01
   2.4480283e-01
   2.1021721e-01
   1.8308940e-01
   1.6733476e-01
   1.6481775e-01
   1.7479258e-01
   1.9539480e-01
   2.2345483e-01
   2.5524378e-01
   2.8684628e-01
   3.1453342e-01
   3.3457630e-01
   3.4427147e-01
   3.4231379e-01
   3.2935583e-01
   3.0800783e-01
   2.8218514e-01
   2.5654890e-01
   2.3510767e-01
   2.2056493e-01
   2.1422579e-01
   2.1562413e-01
   2.2354806e-01
   2.3641279e-01
   2.5244710e-01
   2.7034586e-01
   2.8871073e-01
   3.0539760e-01
   3.1844878e-01
   3.2525403e-01
   3.2432181e-01
   3.1444020e-01
   2.9644821e-01
   2.7211709e-01
   2.4433672e-01
   2.1627669e-01
   1.9073366e-01
   1.6966533e-01
   1.5428358e-01
   1.4505454e-01
   1.4197819e-01
   1.4430875e-01
   1.5120723e-01
   1.6080917e-01
   1.7106367e-01
   1.7926727e-01
   1.8336907e-01
   1.8243684e-01
   1.7675026e-01
   1.6845344e-01
   1.6062273e-01
   1.5633448e-01
   1.5754638e-01
   1.6453808e-01
   1.7553836e-01
   1.8756409e-01
   1.9744570e-01
   2.0257295e-01
   2.0192039e-01
   1.9576769e-01
   1.8607253e-01
   1.7469936e-01
   1.6388552e-01
   1.5521581e-01
   1.4999534e-01
   1.4887667e-01
   1.5269880e-01
   1.6211429e-01
   1.7665703e-01
   1.9530158e-01
   2.1562413e-01
   2.3436189e-01
   2.4806563e-01
   2.5365899e-01
   2.4974364e-01
   2.3706535e-01
   2.1748858e-01
   1.9483546e-01
   1.7264846e-01
   1.5428358e-01
   1.4207141e-01
   1.3778317e-01
   1.4216463e-01
   1.5530903e-01
   1.7665703e-01
   2.0490352e-01
   2.3715857e-01
   2.6960007e-01
   2.9738044e-01
   3.1583854e-01
   3.2161835e-01
   3.1304186e-01
   2.9150741e-01
   2.6018458e-01
   2.2429384e-01
   1.8896243e-01
   1.5903794e-01
   1.3824928e-01
   1.2846089e-01
   1.3060502e-01
   1.4421553e-01
   1.6808054e-01
   1.9977627e-01
   2.3613312e-01
   2.7258320e-01
   3.0409248e-01
   3.2609304e-01
   3.3504242e-01
   3.2954228e-01
   3.1099096e-01
   2.8255803e-01
   2.4918430e-01
   2.1627668e-01
   1.8849632e-01
   1.6901277e-01
   1.5978372e-01
   1.6127529e-01
   1.7283490e-01
   1.9306423e-01
   2.1963270e-01
   2.4946397e-01
   2.7892235e-01
   3.0362637e-01
   3.1984712e-01
   3.2516081e-01
   3.1863522e-01
   3.0213480e-01
   2.7892235e-01
   2.5328610e-01
   2.2998042e-01
   2.1217489e-01
   2.0182716e-01
   1.9958982e-01
   2.0462385e-01
   2.1571735e-01
   2.3137877e-01
   2.4983686e-01
   2.6932041e-01
   2.8740561e-01
   3.0185513e-01
   3.1033840e-01
   3.1173674e-01
   3.0586371e-01
   2.9430409e-01
   2.7985457e-01
   2.6559150e-01
   2.5412510e-01
   2.4713340e-01
   2.4461639e-01
   2.4564184e-01
   2.4881141e-01
   2.5226065e-01
   2.5524378e-01
   2.5729468e-01
   2.5804046e-01
   2.5738790e-01
   2.5515055e-01
   2.5067587e-01
   2.4433672e-01
   2.3659924e-01
   2.2951431e-01
   2.2513284e-01
   2.2531929e-01
   2.3137876e-01
   2.4275193e-01
   2.5729468e-01
   2.7193064e-01
   2.8330381e-01
   2.8880395e-01
   2.8693950e-01
   2.7799012e-01
   2.6354060e-01
   2.4554862e-01
   2.2643796e-01
   2.0844598e-01
   1.9371679e-01
   1.8439452e-01
   1.8225040e-01
   1.8858954e-01
   2.0359840e-01
   2.2615829e-01
   2.5328610e-01
   2.8060035e-01
   3.0306703e-01
   3.1649110e-01
   3.1807588e-01
   3.0716883e-01
   2.8563438e-01
   2.5720146e-01
   2.2597185e-01
   1.9651347e-01
   1.7255524e-01
   1.5726671e-01
   1.5251235e-01
   1.5969050e-01
   1.7842827e-01
   2.0742053e-01
   2.4340449e-01
   2.8181225e-01
   3.1714366e-01
   3.4389857e-01
   3.5816165e-01
   3.5806843e-01
   3.4483080e-01
   3.2189801e-01
   2.9430409e-01
   2.6726951e-01
   2.4526895e-01
   2.3119232e-01
   2.2653118e-01
   2.3147199e-01
   2.4526895e-01
   2.6671017e-01
   2.9393120e-01
   3.2441503e-01
   3.5480563e-01
   3.8109444e-01
   3.9927286e-01
   4.0626457e-01
   4.0048476e-01
   3.8277244e-01
   3.5601753e-01
   3.2441503e-01
   2.9271931e-01
   2.6493894e-01
   2.4424350e-01
   2.3221777e-01
   2.2867531e-01
   2.3305677e-01
   2.4349772e-01
   2.5813368e-01
   2.7416799e-01
   2.8908362e-01
   2.9971101e-01
   3.0390603e-01
   3.0073646e-01
   2.9066841e-01
   2.7593922e-01
   2.5953202e-01
   2.4517573e-01
   2.3566701e-01
   2.3268388e-01
   2.3594668e-01
   2.4470961e-01
   2.5664212e-01
   2.7015941e-01
   2.8339704e-01
   2.9532954e-01
   3.0465181e-01
   3.1005873e-01
   3.1043162e-01
   3.0455859e-01
   2.9225319e-01
   2.7482055e-01
   2.5487089e-01
   2.3603990e-01
   2.2205649e-01
   2.1581057e-01
   2.1842081e-01
   2.2867531e-01
   2.4340449e-01
   2.5878624e-01
   2.7034586e-01
   2.7500699e-01
   2.7053230e-01
   2.5664212e-01
   2.3426867e-01
   2.0546285e-01
   1.7348746e-01
   1.4253752e-01
   1.1690128e-01
   1.0123986e-01
   9.9095742e-02
   1.1196047e-01
   1.3908828e-01
   1.7675026e-01
   2.1898014e-01
   2.5897269e-01
   2.9029552e-01
   3.0810105e-01
   3.1108418e-01
   2.9989746e-01
   2.7789690e-01
   2.4965042e-01
   2.1963270e-01
   1.9259812e-01
   1.7180945e-01
   1.6006339e-01
   1.5913117e-01
   1.6975855e-01
   1.9092011e-01
   2.2047171e-01
   2.5412510e-01
   2.8665983e-01
   3.1248252e-01
   3.2683882e-01
   3.2693204e-01
   3.1266897e-01
   2.8628694e-01
   2.5207421e-01
   2.1497157e-01
   1.8029272e-01
   1.5223269e-01
   1.3414748e-01
   1.2818123e-01
   1.3563904e-01
   1.5596159e-01
   1.8765731e-01
   2.2718374e-01
   2.6932041e-01
   3.0800783e-01
   3.3709332e-01
   3.5144961e-01
   3.4865293e-01
   3.2898294e-01
   2.9551599e-01
   2.5375221e-01
   2.0984432e-01
   1.6994500e-01
   1.3899506e-01
   1.2072341e-01
   1.1690128e-01
   1.2762189e-01
   1.5167335e-01
   1.8616575e-01
   2.2615829e-01
   2.6633728e-01
   3.0017712e-01
   3.2199124e-01
   3.2833038e-01
   3.1779622e-01
   2.9281253e-01
   2.5804046e-01
   2.1972593e-01
   1.8458097e-01
   1.5782605e-01
   1.4263075e-01
   1.4020696e-01
   1.4971567e-01
   1.6891955e-01
   1.9502191e-01
   2.2438706e-01
   2.5356577e-01
   2.7873590e-01
   2.9635499e-01
   3.0381281e-01
   2.9980423e-01
   2.8498182e-01
   2.6204904e-01
   2.3510767e-01
   2.0900531e-01
   1.8775054e-01
   1.7451291e-01
   1.6985178e-01
   1.7283490e-01
   1.8122495e-01
   1.9231845e-01
   2.0285261e-01
   2.1068332e-01
   2.1338678e-01
   2.0984432e-01
   1.9958982e-01
   1.8299618e-01
   1.6192785e-01
   1.3983406e-01
   1.2081663e-01
   1.0925701e-01
   1.0879090e-01
   1.2044374e-01
   1.4319008e-01
   1.7330102e-01
   2.0583574e-01
   2.3529412e-01
   2.5729468e-01
   2.6960007e-01
   2.7193064e-01
   2.6568472e-01
   2.5319288e-01
   2.3715857e-01
   2.2000560e-01
   2.0369162e-01
   1.9045400e-01
   1.8187751e-01
   1.7964016e-01
   1.8430130e-01
   1.9567447e-01
   2.1170877e-01
   2.2960753e-01
   2.4564184e-01
   2.5626923e-01
   2.5925235e-01
   2.5393866e-01
   2.4116715e-01
   2.2298872e-01
   2.0201361e-01
   1.8066561e-01
   1.6136851e-01
   1.4561387e-01
   1.3517293e-01
   1.3116435e-01
   1.3442715e-01
   1.4505453e-01
   1.6164818e-01
   1.8169106e-01
   2.0145427e-01
   2.1692924e-01
   2.2457351e-01
   2.2270905e-01
   2.1142910e-01
   1.9287779e-01
   1.7022467e-01
   1.4719866e-01
   1.2706255e-01
   1.1214692e-01
   1.0375688e-01
   1.0273143e-01
   1.0879090e-01
   1.2156241e-01
   1.3983406e-01
   1.6136851e-01
   1.8299618e-01
   2.0098816e-01
   2.1180199e-01
   2.1282744e-01
   2.0322551e-01
   1.8458097e-01
   1.6015661e-01
   1.3405426e-01
   1.1093502e-01
   9.3968492e-02
   8.5578448e-02
   8.6697121e-02
   9.7324511e-02
   1.1680806e-01
   1.4365620e-01
   1.7637737e-01
   2.1170877e-01
   2.4610795e-01
   2.7482055e-01
   2.9318542e-01
   2.9747367e-01
   2.8619372e-01
   2.5981169e-01
   2.2149716e-01
   1.7637737e-01
   1.3004568e-01
   8.8188682e-02
   5.5653957e-02
   3.5890744e-02
   3.0949942e-02
   4.1856997e-02
   6.7586465e-02
   1.0590100e-01
   1.5260558e-01
   2.0220006e-01
   2.4797241e-01
   2.8376993e-01
   3.0502470e-01
   3.0977906e-01
   2.9961779e-01
   2.7864268e-01
   2.5272676e-01
   2.2820919e-01
   2.1003077e-01
   2.0126783e-01
   2.0247972e-01
   2.1254778e-01
   2.2914142e-01
   2.4946397e-01
   2.7081197e-01
   2.9076163e-01
   3.0688916e-01
   3.1733010e-01
   3.2059290e-01
   3.1658432e-01
   3.0605015e-01
   2.9122774e-01
   2.7528666e-01
   2.6176937e-01
   2.5319288e-01
   2.5067587e-01
   2.5365899e-01
   2.5999814e-01
   2.6680339e-01
   2.7137131e-01
   2.7155775e-01
   2.6633728e-01
   2.5570989e-01
   2.4051459e-01
   2.2196327e-01
   2.0182716e-01
   1.8234362e-01
   1.6612287e-01
   1.5596159e-01
   1.5391069e-01
   1.6146173e-01
   1.7814860e-01
   2.0126783e-01
   2.2671763e-01
   2.4955719e-01
   2.6540505e-01
   2.7081197e-01
   2.6484572e-01
   2.4843852e-01
   2.2429384e-01
   1.9614058e-01
   1.6798732e-01
   1.4346975e-01
   1.2603710e-01
   1.1876573e-01
   1.2370654e-01
   1.4188496e-01
   1.7283490e-01
   2.1375967e-01
   2.5971847e-01
   3.0455859e-01
   3.4119512e-01
   3.6431435e-01
   3.7083994e-01
   3.6067866e-01
   3.3727976e-01
   3.0577049e-01
   2.7221031e-01
   2.4237904e-01
   2.2065815e-01
   2.0956465e-01
   2.1059010e-01
   2.2373450e-01
   2.4797241e-01
   2.8134614e-01
   3.2105901e-01
   3.6272956e-01
   4.0151021e-01
   4.3218048e-01
   4.5035891e-01
   4.5334203e-01
   4.4066375e-01
   4.1456139e-01
   3.7885709e-01
   3.3867810e-01
   2.9905845e-01
   2.6503216e-01
   2.3995525e-01
   2.2662441e-01
   2.2625152e-01
   2.3865013e-01
   2.6232870e-01
   2.9355831e-01
   3.2767782e-01
   3.5872099e-01
   3.8146733e-01
   3.9134893e-01
   3.8687424e-01
   3.6888226e-01
   3.4110189e-01
   3.0875361e-01
   2.7743078e-01
   2.5198098e-01
   2.3557379e-01
   2.2970076e-01
   2.3436189e-01
   2.4787918e-01
   2.6820173e-01
   2.9253286e-01
   3.1742333e-01
   3.3961033e-01
   3.5555142e-01
   3.6226345e-01
   3.5853454e-01
   3.4464436e-01
   3.2301669e-01
   2.9784656e-01
   2.7323576e-01
   2.5337932e-01
   2.4051459e-01
   2.3529412e-01
   2.3659924e-01
   2.4256549e-01
   2.5095553e-01
   2.5999814e-01
   2.6829496e-01
   2.7510021e-01
   2.8004102e-01
   2.8209192e-01
   2.8097325e-01
   2.7659178e-01
   2.6932041e-01
   2.6065070e-01
   2.5226065e-01
   2.4592151e-01
   2.4284516e-01
   2.4293838e-01
   2.4498928e-01
   2.4722663e-01
   2.4778596e-01
   2.4545539e-01
   2.4004848e-01
   2.3249744e-01
   2.2392095e-01
   2.1534446e-01
   2.0788664e-01
   2.0182717e-01
   1.9763214e-01
   1.9595413e-01
   1.9781859e-01
   2.0471707e-01
   2.1730214e-01
   2.3576023e-01
   2.5813368e-01
   2.8143936e-01
   3.0166869e-01
   3.1499953e-01
   3.1826233e-01
   3.1080451e-01
   2.9309220e-01
   2.6792207e-01
   2.3846369e-01
   2.0863242e-01
   1.8206395e-01
   1.6164818e-01
   1.4980889e-01
   1.4850378e-01
   1.5810572e-01
   1.7814860e-01
   2.0583574e-01
   2.3715857e-01
   2.6652373e-01
   2.8852429e-01
   2.9877879e-01
   2.9495665e-01
   2.7761723e-01
   2.4974364e-01
   2.1609024e-01
   1.8169106e-01
   1.5148690e-01
   1.2892701e-01
   1.1596905e-01
   1.1326559e-01
   1.2025730e-01
   1.3526615e-01
   1.5605482e-01
   1.7926727e-01
   2.0089494e-01
   2.1702247e-01
   2.2420062e-01
   2.2065815e-01
   2.0639508e-01
   1.8402163e-01
   1.5763960e-01
   1.3172369e-01
   1.1074858e-01
   9.7417732e-02
   9.2570152e-02
   9.5739723e-02
   1.0506199e-01
   1.1876573e-01
   1.3480004e-01
   1.5120723e-01
   1.6621609e-01
   1.7786893e-01
   1.8430130e-01
   1.8383518e-01
   1.7591125e-01
   1.6108884e-01
   1.4179174e-01
   1.2100308e-01
   1.0254498e-01
   8.9493801e-02
   8.3807215e-02
   8.5951339e-02
   9.5273610e-02
   1.1018924e-01
   1.2929990e-01
   1.5111401e-01
   1.7441969e-01
   1.9791181e-01
   2.1963270e-01
   2.3725180e-01
   2.4862497e-01
   2.5216743e-01
   2.4778596e-01
   2.3678568e-01
   2.2196327e-01
   2.0714086e-01
   1.9539480e-01
   1.8914888e-01
   1.8905565e-01
   1.9455579e-01
   2.0443740e-01
   2.1711569e-01
   2.3156521e-01
   2.4685374e-01
   2.6242193e-01
   2.7705789e-01
   2.8964296e-01
   2.9859234e-01
   3.0306703e-01
   3.0288058e-01
   2.9952457e-01
   2.9523632e-01
   2.9318542e-01
   2.9570243e-01
   3.0418570e-01
   3.1835555e-01
   3.3644076e-01
   3.5601753e-01
   3.7438240e-01
   3.8939126e-01
   3.9992542e-01
   4.0551878e-01
   4.0645101e-01
   4.0309499e-01
   3.9647618e-01
   3.8808614e-01
   3.7997576e-01
   3.7512818e-01
   3.7615363e-01
   3.8547590e-01
   4.0384078e-01
   4.3003636e-01
   4.6061341e-01
   4.9091079e-01
   5.1589447e-01
   5.3127622e-01
   5.3491190e-01
   5.2652186e-01
   5.0815699e-01
   4.8308008e-01
   4.5539294e-01
   4.2882446e-01
   4.0682390e-01
   3.9228116e-01
   3.8706069e-01
   3.9209472e-01
   4.0701035e-01
   4.2984991e-01
   4.5697772e-01
   4.8382586e-01
   5.0554675e-01
   5.1785215e-01
   5.1822504e-01
   5.0647898e-01
   4.8419875e-01
   4.5492682e-01
   4.2276499e-01
   3.9162860e-01
   3.6496691e-01
   3.4548336e-01
   3.3494920e-01
   3.3448308e-01
   3.4427147e-01
   3.6375501e-01
   3.9050993e-01
   4.2127342e-01
   4.5138436e-01
   4.7580871e-01
   4.9044467e-01
   4.9249557e-01
   4.8158852e-01
   4.5930829e-01
   4.2882446e-01
   3.9442528e-01
   3.5993288e-01
   3.2879650e-01
   3.0371959e-01
   2.8684628e-01
   2.7966813e-01
   2.8274448e-01
   2.9607532e-01
   3.1826233e-01
   3.4650881e-01
   3.7634008e-01
   4.0290855e-01
   4.2136664e-01
   4.2770579e-01
   4.1996830e-01
   3.9852708e-01
   3.6506013e-01
   3.2357602e-01
   2.7799012e-01
   2.3342966e-01
   1.9427613e-01
   1.6500420e-01
   1.4887667e-01
   1.4850378e-01
   1.6379230e-01
   1.9315745e-01
   2.3221777e-01
   2.7482055e-01
   3.1453342e-01
   3.4548336e-01
   3.6394146e-01
   3.6897548e-01
   3.6244989e-01
   3.4846649e-01
   3.3131351e-01
   3.1518598e-01
   3.0288058e-01
   2.9551599e-01
   2.9309220e-01
   2.9467699e-01
   2.9896523e-01
   3.0483826e-01
   3.1099096e-01
   3.1611821e-01
   3.1891489e-01
   3.1835555e-01
   3.1388086e-01
   3.0642305e-01
   2.9728722e-01
   2.8899040e-01
   2.8395637e-01
   2.8367671e-01
   2.8843106e-01
   2.9682111e-01
   3.0660949e-01
   3.1509276e-01
   3.1966067e-01
   3.1891489e-01
   3.1257574e-01
   3.0120257e-01
   2.8591405e-01
   2.6829496e-01
   2.5011653e-01
   2.3361611e-01
   2.2112427e-01
   2.1534446e-01
   2.1851403e-01
   2.3175165e-01
   2.5431155e-01
   2.8321059e-01
   3.1332153e-01
   3.3923744e-01
   3.5517852e-01
   3.5732265e-01
   3.4445791e-01
   3.1798266e-01
   2.8171903e-01
   2.4079426e-01
   2.0052205e-01
   1.6602965e-01
   1.4104596e-01
   1.2799478e-01
   1.2771511e-01
   1.3983406e-01
   1.6192785e-01
   1.9017433e-01
   2.1944626e-01
   2.4452317e-01
   2.6018458e-01
   2.6335415e-01
   2.5319288e-01
   2.3137877e-01
   2.0173394e-01
   1.6919922e-01
   1.3880861e-01
   1.1419782e-01
   9.7697399e-02
   9.0705696e-02
   9.3315934e-02
   1.0552811e-01
   1.2687611e-01
   1.5652093e-01
   1.9287779e-01
   2.3268388e-01
   2.7202387e-01
   3.0539760e-01
   3.2767782e-01
   3.3485597e-01
   3.2450825e-01
   2.9691433e-01
   2.5459122e-01
   2.0210683e-01
   1.4542743e-01
   9.0798919e-02
   4.4933348e-02
   1.3237626e-02
   0.0000000e+00
   7.5510408e-03
   3.5051739e-02
   7.8679968e-02
   1.3172369e-01
   1.8597931e-01
   2.3268388e-01
   2.6493894e-01
   2.7901557e-01
   2.7482055e-01
   2.5626923e-01
   2.2960753e-01
   2.0192039e-01
   1.7954694e-01
   1.6649576e-01
   1.6472453e-01
   1.7376713e-01
   1.9147945e-01
   2.1478512e-01
   2.4042137e-01
   2.6493894e-01
   2.8526149e-01
   2.9831267e-01
   3.0241447e-01
   2.9682111e-01
   2.8293092e-01
   2.6335415e-01
   2.4200615e-01
   2.2317517e-01
   2.1031043e-01
   2.0546285e-01
   2.0863242e-01
   2.1814114e-01
   2.3165843e-01
   2.4648084e-01
   2.6018458e-01
   2.7090519e-01
   2.7752401e-01
   2.7938846e-01
   2.7575277e-01
   2.6689662e-01
   2.5337933e-01
   2.3715857e-01
   2.2112427e-01
   2.0835275e-01
   2.0192039e-01
   2.0359840e-01
   2.1338678e-01
   2.2914142e-01
   2.4731985e-01
   2.6400671e-01
   2.7556633e-01
   2.7929524e-01
   2.7444765e-01
   2.6130326e-01
   2.4126037e-01
   2.1674280e-01
   1.9036077e-01
   1.6509742e-01
   1.4477487e-01
   1.3246947e-01
   1.3135080e-01
   1.4291042e-01
   1.6640254e-01
   1.9903049e-01
   2.3548057e-01
   2.6941363e-01
   2.9458376e-01
   3.0632982e-01
   3.0241447e-01
   2.8330381e-01
   2.5207421e-01
   2.1329356e-01
   1.7236879e-01
   1.3452037e-01
   1.0478233e-01
   8.6976787e-02
   8.3713993e-02
   9.6112614e-02
   1.2277431e-01
   1.6052950e-01
   2.0378484e-01
   2.4545539e-01
   2.7854946e-01
   2.9728722e-01
   2.9812623e-01
   2.8125291e-01
   2.4983686e-01
   2.0909854e-01
   1.6574998e-01
   1.2613033e-01
   9.5180388e-02
   7.6442622e-02
   7.1595042e-02
   8.0544421e-02
   1.0217209e-01
   1.3368137e-01
   1.7078400e-01
   2.0835276e-01
   2.4107393e-01
   2.6382027e-01
   2.7295609e-01
   2.6736273e-01
   2.4853174e-01
   2.2000560e-01
   1.8681831e-01
   1.5428358e-01
   1.2668966e-01
   1.0720612e-01
   9.7138064e-02
   9.6858396e-02
   1.0590100e-01
   1.2314720e-01
   1.4719866e-01
   1.7581803e-01
   2.0583574e-01
   2.3361611e-01
   2.5505733e-01
   2.6633728e-01
   2.6540505e-01
   2.5160809e-01
   2.2634474e-01
   1.9250489e-01
   1.5409714e-01
   1.1513005e-01
   7.9146082e-02
   4.9501261e-02
   2.8526151e-02
   1.7898761e-02
   1.8551321e-02
   3.0110937e-02
   5.0713156e-02
   7.6815514e-02
   1.0412977e-01
   1.2818123e-01
   1.4505454e-01
   1.5279202e-01
   1.5176657e-01
   1.4412231e-01
   1.3321525e-01
   1.2230820e-01
   1.1419782e-01
   1.0990958e-01
   1.0962991e-01
   1.1289270e-01
   1.1895218e-01
   1.2743544e-01
   1.3834250e-01
   1.5139368e-01
   1.6602964e-01
   1.8122495e-01
   1.9539480e-01
   2.0732730e-01
   2.1674280e-01
   2.2438706e-01
   2.3193810e-01
   2.4144682e-01
   2.5431155e-01
   2.7053230e-01
   2.8861751e-01
   3.0567726e-01
   3.1844878e-01
   3.2422858e-01
   3.2152512e-01
   3.1052484e-01
   2.9271931e-01
   2.7053230e-01
   2.4704018e-01
   2.2503962e-01
   2.0751375e-01
   1.9679314e-01
   1.9502191e-01
   2.0369162e-01
   2.2280227e-01
   2.5058264e-01
   2.8367670e-01
   3.1677077e-01
   3.4427147e-01
   3.6086511e-01
   3.6319568e-01
   3.5023772e-01
   3.2366925e-01
   2.8703272e-01
   2.4508250e-01
   2.0331873e-01
   1.6630931e-01
   1.3843572e-01
   1.2249464e-01
   1.2044374e-01
   1.3312203e-01
   1.5922439e-01
   1.9576769e-01
   2.3790435e-01
   2.7938846e-01
   3.1388086e-01
   3.3597464e-01
   3.4222056e-01
   3.3224574e-01
   3.0856717e-01
   2.7565955e-01
   2.3911625e-01
   2.0434418e-01
   1.7619092e-01
   1.5791927e-01
   1.5148690e-01
   1.5735994e-01
   1.7469936e-01
   2.0117461e-01
   2.3305677e-01
   2.6568472e-01
   2.9355831e-01
   3.1173674e-01
   3.1667754e-01
   3.0744850e-01
   2.8563438e-01
   2.5515056e-01
   2.2131071e-01
   1.8961499e-01
   1.6472453e-01
   1.4915634e-01
   1.4393586e-01
   1.4841055e-01
   1.6127529e-01
   1.8029272e-01
   2.0294584e-01
   2.2671763e-01
   2.4834530e-01
   2.6484572e-01
   2.7370187e-01
   2.7314254e-01
   2.6307449e-01
   2.4526895e-01
   2.2252261e-01
   1.9865759e-01
   1.7693670e-01
   1.5978372e-01
   1.4794444e-01
   1.4160530e-01
   1.3983406e-01
   1.4160530e-01
   1.4598676e-01
   1.5223269e-01
   1.5978372e-01
   1.6742799e-01
   1.7395358e-01
   1.7805538e-01
   1.7889438e-01
   1.7693670e-01
   1.7358069e-01
   1.7097045e-01
   1.7143656e-01
   1.7637737e-01
   1.8597930e-01
   1.9856437e-01
   2.1180199e-01
   2.2270905e-01
   2.2914142e-01
   2.2988720e-01
   2.2541251e-01
   2.1702247e-01
   2.0630186e-01
   1.9492869e-01
   1.8430130e-01
   1.7553836e-01
   1.6985178e-01
   1.6854666e-01
   1.7227557e-01
   1.8178428e-01
   1.9623380e-01
   2.1366645e-01
   2.3091265e-01
   2.4452317e-01
   2.5151487e-01
   2.4993008e-01
   2.3986203e-01
   2.2298872e-01
   2.0210683e-01
   1.8038594e-01
   1.6080917e-01
   1.4561387e-01
   1.3666449e-01
   1.3507971e-01
   1.4160530e-01
   1.5652093e-01
   1.7908083e-01
   2.0732730e-01
   2.3762469e-01
   2.6559150e-01
   2.8600727e-01
   2.9514310e-01
   2.9094807e-01
   2.7332898e-01
   2.4545539e-01
   2.1142910e-01
   1.7665703e-01
   1.4598676e-01
   1.2342687e-01
   1.1149436e-01
   1.1158758e-01
   1.2361331e-01
   1.4635965e-01
   1.7721637e-01
   2.1236133e-01
   2.4666729e-01
   2.7500699e-01
   2.9206675e-01
   2.9467698e-01
   2.8199870e-01
   2.5589634e-01
   2.2093782e-01
   1.8308940e-01
   1.4803766e-01
   1.2109630e-01
   1.0506199e-01
   1.0142631e-01
   1.0972313e-01
   1.2799478e-01
   1.5381747e-01
   1.8402163e-01
   2.1497157e-01
   2.4265871e-01
   2.6326093e-01
   2.7360865e-01
   2.7211709e-01
   2.5915913e-01
   2.3715857e-01
   2.1040366e-01
   1.8336907e-01
   1.6024984e-01
   1.4430875e-01
   1.3638482e-01
   1.3638482e-01
   1.4272397e-01
   1.5372425e-01
   1.6761443e-01
   1.8299618e-01
   1.9847115e-01
   2.1226811e-01
   2.2242939e-01
   2.2755663e-01
   2.2634474e-01
   2.1898014e-01
   2.0714086e-01
   1.9343712e-01
   1.8085206e-01
   1.7190268e-01
   1.6808054e-01
   1.6919922e-01
   1.7432647e-01
   1.8150461e-01
   1.8924210e-01
   1.9632703e-01
   2.0238650e-01
   2.0714086e-01
   2.1031043e-01
   2.1170877e-01
   2.1077655e-01
   2.0742053e-01
   2.0201361e-01
   1.9595413e-01
   1.9101333e-01
   1.8886921e-01
   1.9073366e-01
   1.9623380e-01
   2.0415774e-01
   2.1198844e-01
   2.1748858e-01
   2.1888692e-01
   2.1581057e-01
   2.0872565e-01
   1.9912371e-01
   1.8849632e-01
   1.7824182e-01
   1.6929244e-01
   1.6267363e-01
   1.5903794e-01
   1.5950406e-01
   1.6519064e-01
   1.7647059e-01
   1.9278456e-01
   2.1208166e-01
   2.3109910e-01
   2.4601473e-01
   2.5337932e-01
   2.5132843e-01
   2.3958236e-01
   2.2000560e-01
   1.9558124e-01
   1.7022467e-01
   1.4747833e-01
   1.3013890e-01
   1.2053696e-01
   1.1988440e-01
   1.2883378e-01
   1.4729188e-01
   1.7404680e-01
   2.0620863e-01
   2.3976881e-01
   2.6960007e-01
   2.9066841e-01
   2.9905845e-01
   2.9309220e-01
   2.7370188e-01
   2.4433672e-01
   2.1012399e-01
   1.7665703e-01
   1.4915633e-01
   1.3116435e-01
   1.2463876e-01
   1.2985923e-01
   1.4580032e-01
   1.7022467e-01
   1.9968304e-01
   2.3044654e-01
   2.5766757e-01
   2.7696467e-01
   2.8442249e-01
   2.7854945e-01
   2.5953202e-01
   2.3081943e-01
   1.9735247e-01
   1.6491097e-01
   1.3918150e-01
   1.2398620e-01
   1.2109630e-01
   1.3041857e-01
   1.5027501e-01
   1.7796215e-01
   2.1049688e-01
   2.4452317e-01
   2.7687145e-01
   3.0390603e-01
   3.2255057e-01
   3.3010161e-01
   3.2534726e-01
   3.0903328e-01
   2.8376993e-01
   2.5375221e-01
   2.2373450e-01
   1.9819148e-01
   1.8019950e-01
   1.7087723e-01
   1.6985178e-01
   1.7572481e-01
   1.8663186e-01
   2.0052205e-01
   2.1590380e-01
   2.3100587e-01
   2.4442994e-01
   2.5412510e-01
   2.5878624e-01
   2.5757435e-01
   2.5058264e-01
   2.3930269e-01
   2.2587863e-01
   2.1310711e-01
   2.0322551e-01
   1.9716603e-01
   1.9492869e-01
   1.9567447e-01
   1.9791181e-01
   2.0089494e-01
   2.0425096e-01
   2.0788664e-01
   2.1236133e-01
   2.1748858e-01
   2.2280227e-01
   2.2737019e-01
   2.3035332e-01
   2.3147199e-01
   2.3109910e-01
   2.3072621e-01
   2.3175166e-01
   2.3473478e-01
   2.3995525e-01
   2.4592151e-01
   2.5067587e-01
   2.5226065e-01
   2.4946397e-01
   2.4209938e-01
   2.3137877e-01
   2.1898014e-01
   2.0686119e-01
   1.9679314e-01
   1.8980144e-01
   1.8653864e-01
   1.8747087e-01
   1.9325068e-01
   2.0406451e-01
   2.1981915e-01
   2.3911625e-01
   2.5962524e-01
   2.7789690e-01
   2.9029552e-01
   2.9383798e-01
   2.8684628e-01
   2.6997296e-01
   2.4582829e-01
   2.1851403e-01
   1.9194556e-01
   1.7022467e-01
   1.5568192e-01
   1.4990212e-01
   1.5279202e-01
   1.6323296e-01
   1.7973338e-01
   1.9940338e-01
   2.1925981e-01
   2.3538734e-01
   2.4442994e-01
   2.4405705e-01
   2.3324322e-01
   2.1366645e-01
   1.8858954e-01
   1.6295330e-01
   1.4207141e-01
   1.2995246e-01
   1.2883378e-01
   1.3927473e-01
   1.5959728e-01
   1.8765731e-01
   2.2093782e-01
   2.5673534e-01
   2.9318542e-01
   3.2805071e-01
   3.5872098e-01
   3.8221311e-01
   3.9563718e-01
   3.9675585e-01
   3.8491657e-01
   3.6170411e-01
   3.3038128e-01
   2.9560921e-01
   2.6232870e-01
   2.3492123e-01
   2.1655635e-01
   2.0863242e-01
   2.1152233e-01
   2.2448028e-01
   2.4536217e-01
   2.7202387e-01
   3.0101613e-01
   3.2861005e-01
   3.5079705e-01
   3.6375501e-01
   3.6561947e-01
   3.5583108e-01
   3.3616109e-01
   3.1043162e-01
   2.8321059e-01
   2.5887946e-01
   2.4060781e-01
   2.3007365e-01
   2.2718374e-01
   2.3100587e-01
   2.3976881e-01
   2.5179454e-01
   2.6540505e-01
   2.7873590e-01
   2.9029552e-01
   2.9831267e-01
   3.0120257e-01
   2.9849912e-01
   2.9094807e-01
   2.8041391e-01
   2.6987974e-01
   2.6214226e-01
   2.5943880e-01
   2.6223548e-01
   2.6950685e-01
   2.7864268e-01
   2.8693950e-01
   2.9197353e-01
   2.9206675e-01
   2.8721917e-01
   2.7826979e-01
   2.6661695e-01
   2.5384544e-01
   2.4144682e-01
   2.3072621e-01
   2.2354806e-01
   2.2103104e-01
   2.2448028e-01
   2.3436189e-01
   2.4946397e-01
   2.6773562e-01
   2.8535471e-01
   2.9831267e-01
   3.0353314e-01
   2.9915167e-01
   2.8535471e-01
   2.6465927e-01
   2.4032815e-01
   2.1627669e-01
   1.9558124e-01
   1.8029272e-01
   1.7134334e-01
   1.6863988e-01
   1.7134334e-01
   1.7833504e-01
   1.8756409e-01
   1.9716603e-01
   2.0471707e-01
   2.0770020e-01
   2.0462385e-01
   1.9502191e-01
   1.8001305e-01
   1.6220751e-01
   1.4533420e-01
   1.3256269e-01
   1.2678289e-01
   1.2892701e-01
   1.3890184e-01
   1.5540226e-01
   1.7702993e-01
   2.0247972e-01
   2.3081943e-01
   2.6111681e-01
   2.9197353e-01
   3.2068612e-01
   3.4399180e-01
   3.5816165e-01
   3.6021255e-01
   3.4865293e-01
   3.2460147e-01
   2.9141419e-01
   2.5412510e-01
   2.1832758e-01
   1.8914888e-01
   1.6994500e-01
   1.6248718e-01
   1.6649576e-01
   1.8019950e-01
   2.0061527e-01
   2.2448028e-01
   2.4741307e-01
   2.6577794e-01
   2.7603244e-01
   2.7565955e-01
   2.6409993e-01
   2.4265871e-01
   2.1459868e-01
   1.8430130e-01
   1.5624126e-01
   1.3461359e-01
   1.2137597e-01
   1.1718095e-01
   1.2118952e-01
   1.3172369e-01
   1.4701221e-01
   1.6509742e-01
   1.8458096e-01
   2.0378484e-01
   2.2075138e-01
   2.3342966e-01
   2.4032815e-01
   2.4051459e-01
   2.3492123e-01
   2.2615829e-01
   2.1739536e-01
   2.1226811e-01
   2.1375967e-01
   2.2233616e-01
   2.3706535e-01
   2.5533700e-01
   2.7388832e-01
   2.8973618e-01
   3.0110935e-01
   3.0772816e-01
   3.1015195e-01
   3.0931295e-01
   3.0623660e-01
   3.0157546e-01
   2.9598210e-01
   2.9010907e-01
   2.8498182e-01
   2.8218514e-01
   2.8274448e-01
   2.8740561e-01
   2.9560921e-01
   3.0586371e-01
   3.1593176e-01
   3.2338958e-01
   3.2655915e-01
   3.2469470e-01
   3.1788944e-01
   3.0735527e-01
   2.9439732e-01
   2.8013424e-01
   2.6587117e-01
   2.5300643e-01
   2.4312483e-01
   2.3818402e-01
   2.3995525e-01
   2.4993008e-01
   2.6792207e-01
   2.9225319e-01
   3.1928778e-01
   3.4445791e-01
   3.6319568e-01
   3.7195861e-01
   3.6888226e-01
   3.5443274e-01
   3.3038128e-01
   3.0036357e-01
   2.6810851e-01
   2.3753146e-01
   2.1254778e-01
   1.9642025e-01
   1.9185234e-01
   2.0014916e-01
   2.2084460e-01
   2.5142165e-01
   2.8721917e-01
   3.2199124e-01
   3.4893260e-01
   3.6272956e-01
   3.6021255e-01
   3.4166123e-01
   3.1033840e-01
   2.7165098e-01
   2.3221777e-01
   1.9809826e-01
   1.7404680e-01
   1.6267363e-01
   1.6481775e-01
   1.7917405e-01
   2.0331873e-01
   2.3315000e-01
   2.6391349e-01
   2.9048196e-01
   3.0800783e-01
   3.1294864e-01
   3.0371959e-01
   2.8181225e-01
   2.5067587e-01
   2.1590380e-01
   1.8364874e-01
   1.5922439e-01
   1.4598676e-01
   1.4542743e-01
   1.5642771e-01
   1.7684348e-01
   2.0387807e-01
   2.3445511e-01
   2.6587117e-01
   2.9504987e-01
   3.1947422e-01
   3.3634754e-01
   3.4352568e-01
   3.3979678e-01
   3.2572015e-01
   3.0371959e-01
   2.7733756e-01
   2.5086231e-01
   2.2820919e-01
   2.1208166e-01
   2.0341195e-01
   2.0182717e-01
   2.0611541e-01
   2.1469190e-01
   2.2597185e-01
   2.3874336e-01
   2.5198098e-01
   2.6428638e-01
   2.7416799e-01
   2.8032069e-01
   2.8143936e-01
   2.7789690e-01
   2.7071875e-01
   2.6204904e-01
   2.5412511e-01
   2.4899786e-01
   2.4731985e-01
   2.4871819e-01
   2.5170131e-01
   2.5449800e-01
   2.5580311e-01
   2.5496411e-01
   2.5216743e-01
   2.4787918e-01
   2.4293838e-01
   2.3781113e-01
   2.3259066e-01
   2.2792952e-01
   2.2420062e-01
   2.2270905e-01
   2.2503962e-01
   2.3221777e-01
   2.4442994e-01
   2.6046425e-01
   2.7761723e-01
   2.9243964e-01
   3.0176191e-01
   3.0297381e-01
   2.9560921e-01
   2.8050713e-01
   2.5981169e-01
   2.3659924e-01
   2.1375967e-01
   1.9408968e-01
   1.7991983e-01
   1.7283490e-01
   1.7469936e-01
   1.8607253e-01
   2.0658152e-01
   2.3454834e-01
   2.6624406e-01
   2.9710077e-01
   3.2171157e-01
   3.3578820e-01
   3.3672043e-01
   3.2394892e-01
   2.9989746e-01
   2.6848140e-01
   2.3445511e-01
   2.0266617e-01
   1.7730959e-01
   1.6174140e-01
   1.5791927e-01
   1.6686865e-01
   1.8849632e-01
   2.2075138e-01
   2.6018458e-01
   3.0176191e-01
   3.3895777e-01
   3.6589913e-01
   3.7764520e-01
   3.7158572e-01
   3.4846649e-01
   3.1182996e-01
   2.6717628e-01
   2.2131071e-01
   1.8038594e-01
   1.4952923e-01
   1.3228303e-01
   1.3032535e-01
   1.4356297e-01
   1.7031789e-01
   2.0751375e-01
   2.5039620e-01
   2.9318542e-01
   3.2954228e-01
   3.5368696e-01
   3.6207700e-01
   3.5331407e-01
   3.2926261e-01
   2.9477021e-01
   2.5580311e-01
   2.1860725e-01
   1.8886921e-01
   1.6975856e-01
   1.6286008e-01
   1.6780088e-01
   1.8290296e-01
   2.0564930e-01
   2.3315000e-01
   2.6186259e-01
   2.8815139e-01
   3.0838072e-01
   3.1966067e-01
   3.2022001e-01
   3.1033840e-01
   2.9206675e-01
   2.6885429e-01
   2.4498928e-01
   2.2410739e-01
   2.0844598e-01
   1.9884404e-01
   1.9483546e-01
   1.9520835e-01
   1.9837793e-01
   2.0331873e-01
   2.0965788e-01
   2.1683602e-01
   2.2448028e-01
   2.3165843e-01
   2.3734502e-01
   2.4098071e-01
   2.4247227e-01
   2.4256549e-01
   2.4284516e-01
   2.4489606e-01
   2.4974364e-01
   2.5720146e-01
   2.6615084e-01
   2.7426121e-01
   2.7929524e-01
   2.7994780e-01
   2.7556633e-01
   2.6689662e-01
   2.5543022e-01
   2.4256549e-01
   2.2988720e-01
   2.1851403e-01
   2.0919176e-01
   2.0331873e-01
   2.0201361e-01
   2.0648830e-01
   2.1758180e-01
   2.3482801e-01
   2.5617601e-01
   2.7864268e-01
   2.9803300e-01
   3.1052485e-01
   3.1332153e-01
   3.0549082e-01
   2.8777850e-01
   2.6251515e-01
   2.3305677e-01
   2.0294584e-01
   1.7553836e-01
   1.5428359e-01
   1.4197819e-01
   1.4123241e-01
   1.5353780e-01
   1.7908082e-01
   2.1590380e-01
   2.5934558e-01
   3.0343992e-01
   3.4082223e-01
   3.6459402e-01
   3.6962804e-01
   3.5387340e-01
   3.1816911e-01
   2.6680340e-01
   2.0592897e-01
   1.4319008e-01
   8.6231006e-02
   4.2136665e-02
   1.6780090e-02
   1.4076631e-02
   3.4958517e-02
   7.7468072e-02
   1.3647805e-01
   2.0369162e-01
   2.6941363e-01
   3.2385569e-01
   3.5937354e-01
   3.7167894e-01
   3.6086511e-01
   3.3159318e-01
   2.9076163e-01
   2.4676051e-01
   2.0779342e-01
   1.7954694e-01
   1.6584320e-01
   1.6770766e-01
   1.8411485e-01
   2.1236133e-01
   2.4843852e-01
   2.8759206e-01
   3.2450825e-01
   3.5396663e-01
   3.7139927e-01
   3.7447562e-01
   3.6291601e-01
   3.3905099e-01
   3.0744849e-01
   2.7388832e-01
   2.4377738e-01
   2.2159038e-01
   2.0993754e-01
   2.0909854e-01
   2.1832758e-01
   2.3538734e-01
   2.5766757e-01
   2.8227836e-01
   3.0595693e-01
   3.2599981e-01
   3.3951711e-01
   3.4427147e-01
   3.3970355e-01
   3.2674559e-01
   3.0800783e-01
   2.8740561e-01
   2.6876107e-01
   2.5552345e-01
   2.4927752e-01
   2.4965042e-01
   2.5505733e-01
   2.6270159e-01
   2.7034586e-01
   2.7621889e-01
   2.7948168e-01
   2.7994780e-01
   2.7789690e-01
   2.7360865e-01
   2.6726951e-01
   2.5915913e-01
   2.4993008e-01
   2.4070104e-01
   2.3277711e-01
   2.2727696e-01
   2.2448028e-01
   2.2401417e-01
   2.2420062e-01
   2.2354806e-01
   2.2056493e-01
   2.1506479e-01
   2.0770020e-01
   2.0014916e-01
   1.9436935e-01
   1.9166589e-01
   1.9250489e-01
   1.9679314e-01
   2.0369162e-01
   2.1292067e-01
   2.2420062e-01
   2.3809080e-01
   2.5515055e-01
   2.7510021e-01
   2.9635499e-01
   3.1621143e-01
   3.3122029e-01
   3.3793232e-01
   3.3392375e-01
   3.1891489e-01
   2.9430409e-01
   2.6344738e-01
   2.3053976e-01
   1.9996271e-01
   1.7591125e-01
   1.6146173e-01
   1.5885150e-01
   1.6910600e-01
   1.9166589e-01
   2.2438706e-01
   2.6316771e-01
   3.0250769e-01
   3.3616109e-01
   3.5778876e-01
   3.6347534e-01
   3.5126317e-01
   3.2292346e-01
   2.8283770e-01
   2.3725179e-01
   1.9287779e-01
   1.5586837e-01
   1.3060502e-01
   1.1960474e-01
   1.2352009e-01
   1.4151207e-01
   1.7152978e-01
   2.1031043e-01
   2.5347255e-01
   2.9570243e-01
   3.3140673e-01
   3.5573786e-01
   3.6496691e-01
   3.5797520e-01
   3.3634753e-01
   3.0455859e-01
   2.6801529e-01
   2.3277710e-01
   2.0415773e-01
   1.8551319e-01
   1.7852149e-01
   1.8327585e-01
   1.9819148e-01
   2.2112427e-01
   2.4871819e-01
   2.7771045e-01
   3.0381281e-01
   3.2329636e-01
   3.3308474e-01
   3.3131351e-01
   3.1854200e-01
   2.9710077e-01
   2.7090519e-01
   2.4470961e-01
   2.2252261e-01
   2.0695441e-01
   1.9903049e-01
   1.9800503e-01
   2.0238650e-01
   2.1012399e-01
   2.1963270e-01
   2.2932786e-01
   2.3818402e-01
   2.4508250e-01
   2.4862497e-01
   2.4806563e-01
   2.4312483e-01
   2.3436189e-01
   2.2373450e-01
   2.1375967e-01
   2.0714086e-01
   2.0574252e-01
   2.0984432e-01
   2.1832759e-01
   2.2886175e-01
   2.3874336e-01
   2.4582828e-01
   2.4881141e-01
   2.4769274e-01
   2.4303160e-01
   2.3585346e-01
   2.2709052e-01
   2.1739536e-01
   2.0788664e-01
   1.9968304e-01
   1.9427613e-01
   1.9343712e-01
   1.9847115e-01
   2.0956465e-01
   2.2550573e-01
   2.4303160e-01
   2.5859980e-01
   2.6838818e-01
   2.6941363e-01
   2.6083714e-01
   2.4321805e-01
   2.1888692e-01
   1.9092011e-01
   1.6295330e-01
   1.3815605e-01
   1.1951151e-01
   1.0935024e-01
   1.0944346e-01
   1.2053696e-01
   1.4207141e-01
   1.7162301e-01
   2.0508996e-01
   2.3725180e-01
   2.6260837e-01
   2.7705789e-01
   2.7808334e-01
   2.6615084e-01
   2.4424350e-01
   2.1674280e-01
   1.8858954e-01
   1.6472453e-01
   1.4822411e-01
   1.4169852e-01
   1.4617321e-01
   1.6146173e-01
   1.8691153e-01
   2.2037849e-01
   2.5850657e-01
   2.9672788e-01
   3.2963550e-01
   3.5200895e-01
   3.5974644e-01
   3.5116995e-01
   3.2767782e-01
   2.9309220e-01
   2.5319288e-01
   2.1441223e-01
   1.8215717e-01
   1.6062273e-01
   1.5158013e-01
   1.5484292e-01
   1.6882633e-01
   1.9045400e-01
   2.1599702e-01
   2.4135360e-01
   2.6242193e-01
   2.7519344e-01
   2.7705789e-01
   2.6689662e-01
   2.4573506e-01
   2.1627669e-01
   1.8271651e-01
   1.4943600e-01
   1.2044374e-01
   9.8443182e-02
   8.4646223e-02
   7.9425750e-02
   8.2315654e-02
   9.2756597e-02
   1.1028247e-01
   1.3396103e-01
   1.6230074e-01
   1.9278456e-01
   2.2196327e-01
   2.4638762e-01
   2.6298126e-01
   2.7081197e-01
   2.7025263e-01
   2.6437960e-01
   2.5673534e-01
   2.5095553e-01
   2.4946397e-01
   2.5300643e-01
   2.6093036e-01
   2.7109164e-01
   2.8143936e-01
   2.9038874e-01
   2.9672788e-01
   3.0036357e-01
   3.0110935e-01
   2.9915168e-01
   2.9458376e-01
   2.8796495e-01
   2.8050713e-01
   2.7388832e-01
   2.7025263e-01
   2.7165098e-01
   2.7901557e-01
   2.9188030e-01
   3.0810106e-01
   3.2469470e-01
   3.3802554e-01
   3.4529691e-01
   3.4492403e-01
   3.3644076e-01
   3.2105901e-01
   3.0055001e-01
   2.7752401e-01
   2.5449800e-01
   2.3436189e-01
   2.1981915e-01
   2.1366645e-01
   2.1814114e-01
   2.3370933e-01
   2.5943880e-01
   2.9206675e-01
   3.2655915e-01
   3.5694975e-01
   3.7792486e-01
   3.8538268e-01
   3.7792486e-01
   3.5676331e-01
   3.2506759e-01
   2.8740561e-01
   2.4871819e-01
   2.1403934e-01
   1.8737765e-01
   1.7218234e-01
   1.7031789e-01
   1.8290296e-01
   2.0853920e-01
   2.4424350e-01
   2.8470215e-01
   3.2338958e-01
   3.5387340e-01
   3.7046705e-01
   3.7046705e-01
   3.5359374e-01
   3.2301669e-01
   2.8395637e-01
   2.4237905e-01
   2.0434418e-01
   1.7441969e-01
   1.5596159e-01
   1.5074112e-01
   1.5903794e-01
   1.7991983e-01
   2.1105621e-01
   2.4881141e-01
   2.8843106e-01
   3.2413536e-01
   3.5070383e-01
   3.6394146e-01
   3.6226345e-01
   3.4632237e-01
   3.1947423e-01
   2.8693950e-01
   2.5421833e-01
   2.2615829e-01
   2.0630186e-01
   1.9651347e-01
   1.9697959e-01
   2.0676797e-01
   2.2382773e-01
   2.4545539e-01
   2.6857463e-01
   2.8954973e-01
   3.0483826e-01
   3.1155029e-01
   3.0828750e-01
   2.9504987e-01
   2.7398154e-01
   2.4853174e-01
   2.2270905e-01
   1.9968304e-01
   1.8197073e-01
   1.7013145e-01
   1.6407197e-01
   1.6276685e-01
   1.6565675e-01
   1.7236879e-01
   1.8271651e-01
   1.9642025e-01
   2.1273422e-01
   2.2988720e-01
   2.4554862e-01
   2.5785401e-01
   2.6531183e-01
   2.6782885e-01
   2.6643050e-01
   2.6307449e-01
   2.5906591e-01
   2.5589634e-01
   2.5356577e-01
   2.5151487e-01
   2.4890463e-01
   2.4508250e-01
   2.4014170e-01
   2.3454834e-01
   2.2923464e-01
   2.2485318e-01
   2.2149716e-01
   2.1935304e-01
   2.1814114e-01
   2.1814114e-01
   2.2000560e-01
   2.2494640e-01
   2.3361611e-01
   2.4620118e-01
   2.6121003e-01
   2.7631211e-01
   2.8824462e-01
   2.9430409e-01
   2.9243964e-01
   2.8237159e-01
   2.6549828e-01
   2.4452317e-01
   2.2214972e-01
   2.0154750e-01
   1.8532675e-01
   1.7544514e-01
   1.7330102e-01
   1.7982661e-01
   1.9530158e-01
   2.1907337e-01
   2.4853174e-01
   2.8004102e-01
   3.0866039e-01
   3.2935583e-01
   3.3802554e-01
   3.3243218e-01
   3.1322830e-01
   2.8330381e-01
   2.4713340e-01
   2.1031043e-01
   1.7768248e-01
   1.5335136e-01
   1.4002051e-01
   1.3899506e-01
   1.5036823e-01
   1.7320779e-01
   2.0527641e-01
   2.4284516e-01
   2.8106647e-01
   3.1444020e-01
   3.3774587e-01
   3.4688170e-01
   3.4026289e-01
   3.1910133e-01
   2.8712595e-01
   2.4955719e-01
   2.1245455e-01
   1.8113173e-01
   1.5941083e-01
   1.4962245e-01
   1.5241913e-01
   1.6724154e-01
   1.9194556e-01
   2.2373450e-01
   2.5850657e-01
   2.9160063e-01
   3.1798266e-01
   3.3336441e-01
   3.3466953e-01
   3.2171157e-01
   2.9663466e-01
   2.6363382e-01
   2.2830242e-01
   1.9614058e-01
   1.7152978e-01
   1.5717349e-01
   1.5372425e-01
   1.6080917e-01
   1.7656381e-01
   1.9884404e-01
   2.2513284e-01
   2.5235387e-01
   2.7752401e-01
   2.9728722e-01
   3.0884684e-01
   3.1043162e-01
   3.0250769e-01
   2.8684628e-01
   2.6698984e-01
   2.4704018e-01
   2.3063299e-01
   2.2009882e-01
   2.1590380e-01
   2.1730214e-01
   2.2233616e-01
   2.2886175e-01
   2.3548057e-01
   2.4088748e-01
   2.4489606e-01
   2.4685373e-01
   2.4648084e-01
   2.4387061e-01
   2.3892980e-01
   2.3249744e-01
   2.2587863e-01
   2.2093782e-01
   2.1925981e-01
   2.2177683e-01
   2.2792952e-01
   2.3603990e-01
   2.4396383e-01
   2.4937075e-01
   2.5086231e-01
   2.4815885e-01
   2.4200615e-01
   2.3398900e-01
   2.2541251e-01
   2.1739536e-01
   2.1049688e-01
   2.0536963e-01
   2.0257295e-01
   2.0303906e-01
   2.0816631e-01
   2.1851403e-01
   2.3389578e-01
   2.5291321e-01
   2.7248998e-01
   2.8880395e-01
   2.9840589e-01
   2.9877878e-01
   2.8945651e-01
   2.7193064e-01
   2.4899786e-01
   2.2438706e-01
   2.0164072e-01
   1.8355552e-01
   1.7190268e-01
   1.6733476e-01
   1.6947889e-01
   1.7702992e-01
   1.8803021e-01
   1.9949660e-01
   2.0807309e-01
   2.1068332e-01
   2.0499674e-01
   1.9064044e-01
   1.6901277e-01
   1.4402909e-01
   1.2016407e-01
   1.0245176e-01
   9.4434605e-02
   9.8070292e-02
   1.1261303e-01
   1.3666449e-01
   1.6724154e-01
   2.0154750e-01
   2.3762469e-01
   2.7332898e-01
   3.0679593e-01
   3.3606787e-01
   3.5825487e-01
   3.7083994e-01
   3.7167894e-01
   3.6002610e-01
   3.3727976e-01
   3.0614338e-01
   2.7090519e-01
   2.3631957e-01
   2.0658152e-01
   1.8514030e-01
   1.7386035e-01
   1.7376713e-01
   1.8504708e-01
   2.0658152e-01
   2.3641279e-01
   2.7155775e-01
   3.0772816e-01
   3.4007644e-01
   3.6366179e-01
   3.7494174e-01
   3.7214506e-01
   3.5620397e-01
   3.3047451e-01
   2.9924490e-01
   2.6801529e-01
   2.4107393e-01
   2.2140393e-01
   2.1049688e-01
   2.0844598e-01
   2.1422579e-01
   2.2625152e-01
   2.4219260e-01
   2.5962525e-01
   2.7556633e-01
   2.8703272e-01
   2.9169386e-01
   2.8843106e-01
   2.7771045e-01
   2.6186259e-01
   2.4489606e-01
   2.3072621e-01
   2.2270905e-01
   2.2242938e-01
   2.2942109e-01
   2.4116715e-01
   2.5449800e-01
   2.6577794e-01
   2.7202387e-01
   2.7165098e-01
   2.6428638e-01
   2.5048942e-01
   2.3147199e-01
   2.0937821e-01
   1.8691153e-01
   1.6761443e-01
   1.5474970e-01
   1.5148690e-01
   1.5950406e-01
   1.7870794e-01
   2.0639508e-01
   2.3818402e-01
   2.6838818e-01
   2.9169386e-01
   3.0409248e-01
   3.0399926e-01
   2.9197353e-01
   2.7062552e-01
   2.4359094e-01
   2.1469190e-01
   1.8765731e-01
   1.6584320e-01
   1.5195302e-01
   1.4841056e-01
   1.5642771e-01
   1.7647059e-01
   2.0704764e-01
   2.4433672e-01
   2.8321059e-01
   3.1705043e-01
   3.3961033e-01
   3.4622914e-01
   3.3420341e-01
   3.0399926e-01
   2.5859980e-01
   2.0341195e-01
   1.4486809e-01
   9.0146361e-02
   4.6518132e-02
   1.9949660e-02
   1.5102080e-02
   3.3746623e-02
   7.4671391e-02
   1.3330848e-01
   2.0136105e-01
   2.6913396e-01
   3.2637270e-01
   3.6459402e-01
   3.7913676e-01
   3.6972126e-01
   3.4035611e-01
   2.9812623e-01
   2.5188776e-01
   2.0975110e-01
   1.7833504e-01
   1.6164818e-01
   1.6108884e-01
   1.7563158e-01
   2.0247972e-01
   2.3753146e-01
   2.7556633e-01
   3.1099096e-01
   3.3839843e-01
   3.5340729e-01
   3.5359373e-01
   3.3895777e-01
   3.1238930e-01
   2.7882912e-01
   2.4396383e-01
   2.1385290e-01
   1.9259812e-01
   1.8271651e-01
   1.8430130e-01
   1.9614058e-01
   2.1571735e-01
   2.4014170e-01
   2.6633728e-01
   2.9122774e-01
   3.1182996e-01
   3.2544048e-01
   3.2991517e-01
   3.2488114e-01
   3.1117740e-01
   2.9113452e-01
   2.6857463e-01
   2.4713340e-01
   2.3007365e-01
   2.1888692e-01
   2.1366645e-01
   2.1329356e-01
   2.1571735e-01
   2.1935304e-01
   2.2298872e-01
   2.2625152e-01
   2.2867531e-01
   2.3026009e-01
   2.3035332e-01
   2.2848886e-01
   2.2438706e-01
   2.1870048e-01
   2.1264100e-01
   2.0807309e-01
   2.0732730e-01
   2.1161555e-01
   2.2056493e-01
   2.3287033e-01
   2.4564184e-01
   2.5626923e-01
   2.6214226e-01
   2.6223548e-01
   2.5645568e-01
   2.4592151e-01
   2.3221777e-01
   2.1702247e-01
   2.0201361e-01
   1.8886921e-01
   1.7964016e-01
   1.7647059e-01
   1.8113172e-01
   1.9474224e-01
   2.1683602e-01
   2.4498928e-01
   2.7500699e-01
   3.0129580e-01
   3.1826233e-01
   3.2152512e-01
   3.0866039e-01
   2.7976135e-01
   2.3762469e-01
   1.8663186e-01
   1.3284236e-01
   8.2408875e-02
   4.1856997e-02
   1.6500420e-02
   1.0813837e-02
   2.6475250e-02
   6.2832107e-02
   1.1559616e-01
   1.7758926e-01
   2.3976881e-01
   2.9281253e-01
   3.2870327e-01
   3.4277990e-01
   3.3429664e-01
   3.0642304e-01
   2.6531183e-01
