   0.0000000e+00
   1.6235480e-02
   1.2394403e-01
   3.0161035e-01
   5.1359557e-01
   7.1858501e-01
   8.8067582e-01
   9.7663675e-01
   1.0000000e+00
   9.6013728e-01
   8.7737592e-01
   7.7613517e-01
   6.7832629e-01
   5.9926082e-01
   5.4606653e-01
   5.1887539e-01
   5.1306758e-01
   5.2243928e-01
   5.4091869e-01
   5.6388596e-01
   5.8764520e-01
   6.1008448e-01
   6.2948786e-01
   6.4506336e-01
   6.5760296e-01
   6.6816262e-01
   6.7977825e-01
   6.9442978e-01
   7.1343717e-01
   7.3614044e-01
   7.6055966e-01
   7.8207498e-01
   7.9646251e-01
   8.0029039e-01
   7.9171067e-01
   7.7125132e-01
   7.4115628e-01
   7.0551742e-01
   6.6869060e-01
   6.3489969e-01
   6.0889652e-01
   5.9450898e-01
   5.9503696e-01
   6.1272439e-01
   6.4796727e-01
   6.9812566e-01
   7.5739176e-01
   8.1771383e-01
   8.6945618e-01
   9.0403907e-01
   9.1525871e-01
   9.0126716e-01
   8.6378036e-01
   8.0926610e-01
   7.4564414e-01
   6.8175819e-01
   6.2658395e-01
   5.8658923e-01
   5.6652587e-01
   5.6890180e-01
   5.9318902e-01
   6.3635164e-01
   6.9192186e-01
   7.5171595e-01
   8.0609821e-01
   8.4556494e-01
   8.6338437e-01
   8.5638859e-01
   8.2576557e-01
   7.7705913e-01
   7.1818902e-01
   6.5826294e-01
   6.0546463e-01
   5.6612988e-01
   5.4382260e-01
   5.4012672e-01
   5.5425026e-01
   5.8368532e-01
   6.2420803e-01
   6.7027455e-01
   7.1528511e-01
   7.5211193e-01
   7.7468321e-01
   7.7890708e-01
   7.6359557e-01
   7.3165259e-01
   6.8782999e-01
   6.3978353e-01
   5.9398099e-01
   5.5583421e-01
   5.2877508e-01
   5.1399155e-01
   5.1095565e-01
   5.1861140e-01
   5.3537487e-01
   5.5953010e-01
   5.8870116e-01
   6.1998416e-01
   6.4928722e-01
   6.7278247e-01
   6.8717001e-01
   6.9073390e-01
   6.8360613e-01
   6.6842661e-01
   6.4862724e-01
   6.2777191e-01
   6.0863252e-01
   5.9292503e-01
   5.8104541e-01
   5.7233369e-01
   5.6678986e-01
   5.6375396e-01
   5.6335797e-01
   5.6507392e-01
   5.6797783e-01
   5.7035375e-01
   5.7074974e-01
   5.6810982e-01
   5.6269800e-01
   5.5636220e-01
   5.5213833e-01
   5.5332629e-01
   5.6137804e-01
   5.7655755e-01
   5.9596093e-01
   6.1576030e-01
   6.3120380e-01
   6.3872756e-01
   6.3621964e-01
   6.2420803e-01
   6.0467265e-01
   5.8051742e-01
   5.5504224e-01
   5.3128300e-01
   5.1187962e-01
   4.9947202e-01
   4.9617213e-01
   5.0356389e-01
   5.2164731e-01
   5.4857445e-01
   5.8051743e-01
   6.1140443e-01
   6.3516368e-01
   6.4598733e-01
   6.4110348e-01
   6.2051215e-01
   5.8738121e-01
   5.4685850e-01
   5.0527983e-01
   4.6845301e-01
   4.4112988e-01
   4.2608236e-01
   4.2555438e-01
   4.3980993e-01
   4.6818902e-01
   5.0831573e-01
   5.5596621e-01
   6.0520064e-01
   6.4862724e-01
   6.7938226e-01
   6.9192186e-01
   6.8347413e-01
   6.5522703e-01
   6.1140444e-01
   5.5900211e-01
   5.0541183e-01
   4.5789335e-01
   4.2225449e-01
   4.0258712e-01
   4.0113516e-01
   4.1855861e-01
   4.5380148e-01
   5.0356389e-01
   5.6269799e-01
   6.2420803e-01
   6.7925027e-01
   7.1977297e-01
   7.3957234e-01
   7.3534847e-01
   7.0868532e-01
   6.6499472e-01
   6.1193242e-01
   5.5807814e-01
   5.1135164e-01
   4.7716473e-01
   4.5894931e-01
   4.5723337e-01
   4.7096093e-01
   4.9828405e-01
   5.3550686e-01
   5.7866948e-01
   6.2262408e-01
   6.6143083e-01
   6.8928195e-01
   7.0155755e-01
   6.9601373e-01
   6.7225449e-01
   6.3331574e-01
   5.8381732e-01
   5.2956705e-01
   4.7650475e-01
   4.2938226e-01
   3.9281943e-01
   3.6985217e-01
   3.6285639e-01
   3.7275607e-01
   3.9809926e-01
   4.3571806e-01
   4.7967265e-01
   5.2309926e-01
   5.5873812e-01
   5.8130940e-01
   5.8909715e-01
   5.8434530e-01
   5.7246568e-01
   5.6085005e-01
   5.5636220e-01
   5.6282999e-01
   5.8104541e-01
   6.0770855e-01
   6.3701162e-01
   6.6288279e-01
   6.7977825e-01
   6.8453010e-01
   6.7621436e-01
   6.5654699e-01
   6.2803590e-01
   5.9530095e-01
   5.6203802e-01
   5.3299895e-01
   5.1201162e-01
   5.0145195e-01
   5.0263991e-01
   5.1399156e-01
   5.3220697e-01
   5.5227033e-01
   5.6876980e-01
   5.7695354e-01
   5.7444562e-01
   5.6137804e-01
   5.3973073e-01
   5.1346357e-01
   4.8627244e-01
   4.6185322e-01
   4.4271383e-01
   4.3096621e-01
   4.2766632e-01
   4.3453009e-01
   4.5195354e-01
   4.7967265e-01
   5.1557550e-01
   5.5557022e-01
   5.9398099e-01
   6.2420803e-01
   6.4070750e-01
   6.4031151e-01
   6.2288807e-01
   5.9081309e-01
   5.4910243e-01
   5.0422387e-01
   4.6172123e-01
   4.2687434e-01
   4.0417107e-01
   3.9677930e-01
   4.0667899e-01
   4.3453010e-01
   4.7914467e-01
   5.3616684e-01
   5.9899683e-01
   6.5918691e-01
   7.0762936e-01
   7.3653643e-01
   7.4234425e-01
   7.2478881e-01
   6.8862196e-01
   6.4149947e-01
   5.9226505e-01
   5.4936642e-01
   5.1927138e-01
   5.0541183e-01
   5.0923971e-01
   5.2930306e-01
   5.6322598e-01
   6.0678458e-01
   6.5456705e-01
   7.0050158e-01
   7.3825238e-01
   7.6214361e-01
   7.6808342e-01
   7.5514784e-01
   7.2544879e-01
   6.8400211e-01
   6.3753960e-01
   5.9345301e-01
   5.5741816e-01
   5.3379092e-01
   5.2441922e-01
   5.2890708e-01
   5.4606653e-01
   5.7272967e-01
   6.0572862e-01
   6.4044351e-01
   6.7185850e-01
   6.9508976e-01
   7.0604541e-01
   7.0261352e-01
   6.8598205e-01
   6.5945090e-01
   6.2909187e-01
   6.0163675e-01
   5.8249736e-01
   5.7484161e-01
   5.7906547e-01
   5.9292503e-01
   6.1232841e-01
   6.3318374e-01
   6.5153115e-01
   6.6512672e-01
   6.7251848e-01
   6.7317846e-01
   6.6710665e-01
   6.5496304e-01
   6.3819958e-01
   6.1945618e-01
   6.0229673e-01
   5.9054910e-01
   5.8738121e-01
   5.9450898e-01
   6.1048047e-01
   6.3225977e-01
   6.5469905e-01
   6.7238648e-01
   6.8123020e-01
   6.7925026e-01
   6.6684266e-01
   6.4598733e-01
   6.2051214e-01
   5.9345301e-01
   5.6863780e-01
   5.4923443e-01
   5.3775079e-01
   5.3643083e-01
   5.4672650e-01
   5.6890180e-01
   6.0071278e-01
   6.3819958e-01
   6.7529039e-01
   7.0538543e-01
   7.2241288e-01
   7.2320486e-01
   7.0670539e-01
   6.7542239e-01
   6.3371172e-01
   5.8751320e-01
   5.4223865e-01
   5.0316790e-01
   4.7439282e-01
   4.5974129e-01
   4.6132524e-01
   4.8072862e-01
   5.1689546e-01
   5.6652587e-01
   6.2407603e-01
   6.8083422e-01
   7.2861668e-01
   7.5897571e-01
   7.6729145e-01
   7.5250792e-01
   7.1739704e-01
   6.6829462e-01
   6.1325237e-01
   5.6058606e-01
   5.1715945e-01
   4.8838437e-01
   4.7716473e-01
   4.8429251e-01
   5.0818374e-01
   5.4527455e-01
   5.9015312e-01
   6.3542767e-01
   6.7357445e-01
   6.9786167e-01
   7.0353749e-01
   6.8980993e-01
   6.5931890e-01
   6.1787223e-01
   5.7299366e-01
   5.3207498e-01
   5.0131996e-01
   4.8402851e-01
   4.8165259e-01
   4.9340021e-01
   5.1742344e-01
   5.5121436e-01
   5.9147307e-01
   6.3423970e-01
   6.7449842e-01
   7.0696938e-01
   7.2716473e-01
   7.3191658e-01
   7.2109292e-01
   6.9759768e-01
   6.6710665e-01
   6.3648363e-01
   6.1246040e-01
   5.9978881e-01
   6.0005280e-01
   6.1193242e-01
   6.3265575e-01
   6.5747096e-01
   6.8241816e-01
   7.0406547e-01
   7.2016896e-01
   7.2888068e-01
   7.2993664e-01
   7.2307286e-01
   7.0921331e-01
   6.9073390e-01
   6.7053854e-01
   6.5205913e-01
   6.3833157e-01
   6.3080782e-01
   6.2909187e-01
   6.3120380e-01
   6.3371172e-01
   6.3371172e-01
   6.2843189e-01
   6.1760824e-01
   6.0203274e-01
   5.8342133e-01
   5.6375396e-01
   5.4461457e-01
   5.2771911e-01
   5.1425554e-01
   5.0567582e-01
   5.0422387e-01
   5.1174762e-01
   5.2930306e-01
   5.5596621e-01
   5.8883316e-01
   6.2275607e-01
   6.5126716e-01
   6.6855861e-01
   6.7027455e-01
   6.5535903e-01
   6.2500000e-01
   5.8342133e-01
   5.3643084e-01
   4.8970433e-01
   4.4878564e-01
   4.1842661e-01
   4.0285111e-01
   4.0443506e-01
   4.2410243e-01
   4.6079726e-01
   5.1003168e-01
   5.6507392e-01
   6.1734425e-01
   6.5760296e-01
   6.7845829e-01
   6.7555438e-01
   6.4875924e-01
   6.0242873e-01
   5.4382260e-01
   4.8165259e-01
   4.2476241e-01
   3.8027983e-01
   3.5361668e-01
   3.4754488e-01
   3.6259240e-01
   3.9704330e-01
   4.4706969e-01
   5.0646779e-01
   5.6705386e-01
   6.2011616e-01
   6.5760296e-01
   6.7383844e-01
   6.6671067e-01
   6.3885956e-01
   5.9622492e-01
   5.4699050e-01
   4.9973601e-01
   4.6185322e-01
   4.3782999e-01
   4.2938226e-01
   4.3611405e-01
   4.5578142e-01
   4.8548047e-01
   5.2164731e-01
   5.6019008e-01
   5.9675290e-01
   6.2645195e-01
   6.4479937e-01
   6.4862724e-01
   6.3648363e-01
   6.0929250e-01
   5.7008976e-01
   5.2375924e-01
   4.7531679e-01
   4.2991025e-01
   3.9163147e-01
   3.6364836e-01
   3.4860085e-01
   3.4780887e-01
   3.6206442e-01
   3.8951954e-01
   4.2753432e-01
   4.7043295e-01
   5.1161563e-01
   5.4435058e-01
   5.6362197e-01
   5.6771383e-01
   5.5834214e-01
   5.4091869e-01
   5.2230729e-01
   5.0871172e-01
   5.0461985e-01
   5.1082366e-01
   5.2481521e-01
   5.4184266e-01
   5.5623020e-01
   5.6309398e-01
   5.5900211e-01
   5.4289863e-01
   5.1583950e-01
   4.8020064e-01
   4.3994192e-01
   3.9981521e-01
   3.6470433e-01
   3.3922914e-01
   3.2721753e-01
   3.2985745e-01
   3.4622492e-01
   3.7222809e-01
   4.0232313e-01
   4.2951426e-01
   4.4838965e-01
   4.5591341e-01
   4.5102957e-01
   4.3598205e-01
   4.1380676e-01
   3.8872756e-01
   3.6444034e-01
   3.4358500e-01
   3.2906547e-01
   3.2312566e-01
   3.2800950e-01
   3.4582893e-01
   3.7711193e-01
   4.2027455e-01
   4.7109293e-01
   5.2283527e-01
   5.6758184e-01
   5.9833685e-01
   6.1008448e-01
   6.0190074e-01
   5.7602957e-01
   5.3801479e-01
   4.9498416e-01
   4.5446146e-01
   4.2225449e-01
   4.0311510e-01
   4.0007920e-01
   4.1420275e-01
   4.4482577e-01
   4.8930834e-01
   5.4263464e-01
   5.9794087e-01
   6.4704329e-01
   6.8202217e-01
   6.9627772e-01
   6.8703801e-01
   6.5522703e-01
   6.0572862e-01
   5.4659451e-01
   4.8627244e-01
   4.3347413e-01
   3.9453538e-01
   3.7341605e-01
   3.7143611e-01
   3.8753960e-01
   4.1855861e-01
   4.5894931e-01
   5.0237592e-01
   5.4078670e-01
   5.6718585e-01
   5.7576558e-01
   5.6335797e-01
   5.3154699e-01
   4.8455650e-01
   4.3030623e-01
   3.7724393e-01
   3.3328933e-01
   3.0385428e-01
   2.9144667e-01
   2.9514256e-01
   3.1282999e-01
   3.4068110e-01
   3.7500000e-01
   4.1235481e-01
   4.4865364e-01
   4.8033263e-01
   5.0329990e-01
   5.1438754e-01
   5.1174762e-01
   4.9604013e-01
   4.7016895e-01
   4.3928194e-01
   4.0918691e-01
   3.8542767e-01
   3.7156811e-01
   3.6853221e-01
   3.7539599e-01
   3.8978353e-01
   4.0826294e-01
   4.2859029e-01
   4.4838965e-01
   4.6554910e-01
   4.7888068e-01
   4.8666843e-01
   4.8812038e-01
   4.8323654e-01
   4.7439282e-01
   4.6488912e-01
   4.5947730e-01
   4.6251320e-01
   4.7663675e-01
   5.0184794e-01
   5.3511088e-01
   5.7074974e-01
   6.0190074e-01
   6.2249208e-01
   6.2856389e-01
   6.1826822e-01
   5.9305702e-01
   5.5623020e-01
   5.1267160e-01
   4.6805702e-01
   4.2911827e-01
   4.0100317e-01
   3.8951954e-01
   3.9757128e-01
   4.2608237e-01
   4.7280887e-01
   5.3115100e-01
   5.9332102e-01
   6.4955122e-01
   6.9165787e-01
   7.1422915e-01
   7.1568110e-01
   6.9825766e-01
   6.6697466e-01
   6.2869588e-01
   5.8962513e-01
   5.5636220e-01
   5.3299895e-01
   5.2336325e-01
   5.2930306e-01
   5.5213833e-01
   5.9028511e-01
   6.4044351e-01
   6.9667371e-01
   7.5105597e-01
   7.9527455e-01
   8.2246568e-01
   8.2800950e-01
   8.1164203e-01
   7.7692714e-01
   7.3020063e-01
   6.7938226e-01
   6.3212777e-01
   5.9503696e-01
   5.7233369e-01
   5.6626188e-01
   5.7734953e-01
   6.0401267e-01
   6.4321542e-01
   6.8994192e-01
   7.3798838e-01
   7.7969905e-01
   8.0913411e-01
   8.2114573e-01
   8.1428194e-01
   7.9039071e-01
   7.5461985e-01
   7.1370116e-01
   6.7463041e-01
   6.4347941e-01
   6.2407603e-01
   6.1774023e-01
   6.2394403e-01
   6.4163147e-01
   6.6829462e-01
   7.0089757e-01
   7.3640444e-01
   7.7059134e-01
   7.9870644e-01
   8.1665787e-01
   8.2154171e-01
   8.1256600e-01
   7.9144667e-01
   7.6280359e-01
   7.3204858e-01
   7.0485744e-01
   6.8545407e-01
   6.7595037e-01
   6.7595037e-01
   6.8347413e-01
   6.9508976e-01
   7.0762935e-01
   7.1726505e-01
   7.2109292e-01
   7.1713305e-01
   7.0406547e-01
   6.8281415e-01
   6.5628300e-01
   6.2922386e-01
   6.0823654e-01
   5.9965681e-01
   6.0876452e-01
   6.3701161e-01
   6.8202218e-01
   7.3759240e-01
   7.9540655e-01
   8.4648891e-01
   8.8410771e-01
   9.0496304e-01
   9.0945090e-01
   9.0139916e-01
   8.8635164e-01
   8.6945618e-01
   8.5559662e-01
   8.4728089e-01
   8.4516895e-01
   8.4912883e-01
   8.5691658e-01
   8.6668427e-01
   8.7513200e-01
   8.7948786e-01
   8.7684794e-01
   8.6589229e-01
   8.4622492e-01
   8.2022175e-01
   7.9157867e-01
   7.6465153e-01
   7.4406019e-01
   7.3231257e-01
   7.3020063e-01
   7.3640444e-01
   7.4854805e-01
   7.6425554e-01
   7.8154699e-01
   8.0015839e-01
   8.2022175e-01
   8.4200106e-01
   8.6510032e-01
   8.8740760e-01
   9.0654699e-01
   9.1908659e-01
   9.2278247e-01
   9.1697466e-01
   9.0192714e-01
   8.7975185e-01
   8.5348469e-01
   8.2602957e-01
   8.0002640e-01
   7.7771911e-01
   7.6121964e-01
   7.5224393e-01
   7.5184794e-01
   7.6029567e-01
   7.7639916e-01
   7.9712249e-01
   8.1784583e-01
   8.3328933e-01
   8.3883316e-01
   8.3117740e-01
   8.0966209e-01
   7.7560718e-01
   7.3244456e-01
   6.8505808e-01
   6.3806758e-01
   5.9569694e-01
   5.6151003e-01
   5.3788279e-01
   5.2639916e-01
   5.2666315e-01
   5.3695882e-01
   5.5359029e-01
   5.7114572e-01
   5.8368532e-01
   5.8579726e-01
   5.7431362e-01
   5.4844245e-01
   5.1161563e-01
   4.6950898e-01
   4.2885428e-01
   3.9598733e-01
   3.7526399e-01
   3.6840021e-01
   3.7420803e-01
   3.8938754e-01
   4.0984689e-01
   4.3083421e-01
   4.4786167e-01
   4.5736536e-01
   4.5617740e-01
   4.4258184e-01
   4.1671067e-01
   3.8093981e-01
   3.3988912e-01
   3.0015840e-01
   2.6861141e-01
   2.5079198e-01
   2.4986801e-01
   2.6478353e-01
   2.9197466e-01
   3.2510560e-01
   3.5823654e-01
   3.8648363e-01
   4.0747096e-01
   4.2119852e-01
   4.2925026e-01
   4.3387012e-01
   4.3664203e-01
   4.3862197e-01
   4.3994192e-01
   4.4073390e-01
   4.4192186e-01
   4.4508976e-01
   4.5129356e-01
   4.6198522e-01
   4.7637276e-01
   4.9313622e-01
   5.0910771e-01
   5.2085533e-01
   5.2587117e-01
   5.2217529e-01
   5.1016367e-01
   4.9102429e-01
   4.6686906e-01
   4.3980993e-01
   4.1261880e-01
   3.8806758e-01
   3.6919219e-01
   3.5902851e-01
   3.6021647e-01
   3.7354805e-01
   3.9823126e-01
   4.3043823e-01
   4.6449314e-01
   4.9379620e-01
   5.1214361e-01
   5.1583949e-01
   5.0382788e-01
   4.7848469e-01
   4.4403379e-01
   4.0615101e-01
   3.6985216e-01
   3.4002112e-01
   3.2008976e-01
   3.1217001e-01
   3.1758184e-01
   3.3619324e-01
   3.6642027e-01
   4.0469905e-01
   4.4561774e-01
   4.8257656e-01
   5.0831573e-01
   5.1755544e-01
   5.0725977e-01
   4.7782471e-01
   4.3321014e-01
   3.7922387e-01
   3.2286167e-01
   2.7111932e-01
   2.2993664e-01
   2.0353749e-01
   1.9495776e-01
   2.0604541e-01
   2.3600845e-01
   2.8233897e-01
   3.4002112e-01
   4.0166315e-01
   4.5828934e-01
   5.0118796e-01
   5.2375924e-01
   5.2309926e-01
   5.0052799e-01
   4.6119324e-01
   4.1314678e-01
   3.6510032e-01
   3.2457761e-01
   2.9725449e-01
   2.8563886e-01
   2.9065470e-01
   3.1111404e-01
   3.4503696e-01
   3.8885956e-01
   4.3875396e-01
   4.8917635e-01
   5.3418691e-01
   5.6824182e-01
   5.8698522e-01
   5.8870116e-01
   5.7470961e-01
   5.4897043e-01
   5.1768743e-01
   4.8666843e-01
   4.6158923e-01
   4.4548575e-01
   4.3994192e-01
   4.4456177e-01
   4.5789335e-01
   4.7874868e-01
   5.0488385e-01
   5.3392292e-01
   5.6309398e-01
   5.8896516e-01
   6.0823654e-01
   6.1892819e-01
   6.2038015e-01
   6.1470433e-01
   6.0533263e-01
   5.9701689e-01
   5.9358501e-01
   5.9741288e-01
   6.0836853e-01
   6.2434002e-01
   6.4189546e-01
   6.5747096e-01
   6.6789863e-01
   6.7146251e-01
   6.6789863e-01
   6.5760296e-01
   6.4176346e-01
   6.2262408e-01
   6.0282471e-01
   5.8606125e-01
   5.7655755e-01
   5.7774551e-01
   5.9226505e-01
   6.1972017e-01
   6.5733897e-01
   6.9918163e-01
   7.3798839e-01
   7.6663147e-01
   7.7943506e-01
   7.7455122e-01
   7.5263992e-01
   7.1739705e-01
   6.7436642e-01
   6.2961985e-01
   5.8896516e-01
   5.5702218e-01
   5.3788279e-01
   5.3405491e-01
   5.4672650e-01
   5.7470961e-01
   6.1496832e-01
   6.6116684e-01
   7.0617740e-01
   7.4194826e-01
   7.6135164e-01
   7.6042767e-01
   7.3812038e-01
   6.9706969e-01
   6.4281943e-01
   5.8196938e-01
   5.2151531e-01
   4.6805702e-01
   4.2700634e-01
   4.0205914e-01
   3.9638332e-01
   4.1077086e-01
   4.4376980e-01
   4.9168427e-01
   5.4844245e-01
   6.0533263e-01
   6.5351109e-01
   6.8545406e-01
   6.9588173e-01
   6.8321014e-01
   6.4994720e-01
   6.0150475e-01
   5.4487857e-01
   4.8785639e-01
   4.3717001e-01
   3.9849525e-01
   3.7565998e-01
   3.7090813e-01
   3.8410771e-01
   4.1327878e-01
   4.5380148e-01
   4.9907603e-01
   5.4118268e-01
   5.7259768e-01
   5.8790919e-01
   5.8434530e-01
   5.6362197e-01
   5.3062302e-01
   4.9208025e-01
   4.5525343e-01
   4.2595037e-01
   4.0720697e-01
   4.0021120e-01
   4.0351109e-01
   4.1459873e-01
   4.3057022e-01
   4.4852165e-01
   4.6554910e-01
   4.7914467e-01
   4.8666843e-01
   4.8653643e-01
   4.7861669e-01
   4.6396515e-01
   4.4548575e-01
   4.2661035e-01
   4.1077086e-01
   4.0021119e-01
   3.9519535e-01
   3.9427139e-01
   3.9493136e-01
   3.9506336e-01
   3.9334741e-01
   3.9017952e-01
   3.8714361e-01
   3.8648363e-01
   3.8912355e-01
   3.9479937e-01
   4.0232313e-01
   4.0852693e-01
   4.1116684e-01
   4.0826294e-01
   3.9915523e-01
   3.8450370e-01
   3.6576030e-01
   3.4384900e-01
   3.2074974e-01
   2.9725449e-01
   2.7494720e-01
   2.5488384e-01
   2.3917635e-01
   2.2874868e-01
   2.2465681e-01
   2.2584477e-01
   2.3086061e-01
   2.3759240e-01
   2.4458817e-01
   2.5092397e-01
   2.5778775e-01
   2.6715945e-01
   2.8075502e-01
   2.9949842e-01
   3.2246568e-01
   3.4635692e-01
   3.6708025e-01
   3.8080782e-01
   3.8476769e-01
   3.7895987e-01
   3.6457233e-01
   3.4569694e-01
   3.2576558e-01
   3.0821014e-01
   2.9619852e-01
   2.9157867e-01
   2.9646251e-01
   3.1256600e-01
   3.4120908e-01
   3.8212777e-01
   4.3360612e-01
   4.9089229e-01
   5.4672651e-01
   5.9358501e-01
   6.2381204e-01
   6.3252376e-01
   6.1853221e-01
   5.8513728e-01
   5.3854277e-01
   4.8680042e-01
   4.3848997e-01
   4.0073918e-01
   3.7856389e-01
   3.7486801e-01
   3.8978353e-01
   4.2146251e-01
   4.6581309e-01
   5.1689546e-01
   5.6718585e-01
   6.0863253e-01
   6.3410771e-01
   6.3885956e-01
   6.2170011e-01
   5.8566526e-01
   5.3656283e-01
   4.8284055e-01
   4.3294615e-01
   3.9387540e-01
   3.7011616e-01
   3.6364837e-01
   3.7368004e-01
   3.9809926e-01
   4.3281415e-01
   4.7373284e-01
   5.1531151e-01
   5.5187434e-01
   5.7787751e-01
   5.8883316e-01
   5.8289335e-01
   5.6032207e-01
   5.2521119e-01
   4.8350053e-01
   4.4192186e-01
   4.0667899e-01
   3.8212777e-01
   3.6932418e-01
   3.6774023e-01
   3.7513200e-01
   3.8872756e-01
   4.0601901e-01
   4.2449842e-01
   4.4258184e-01
   4.5776135e-01
   4.6818902e-01
   4.7162091e-01
   4.6739704e-01
   4.5564942e-01
   4.3875396e-01
   4.2014256e-01
   4.0351109e-01
   3.9229145e-01
   3.8740760e-01
   3.8819958e-01
   3.9242344e-01
   3.9677930e-01
   3.9915523e-01
   3.9783527e-01
   3.9308342e-01
   3.8555966e-01
   3.7645196e-01
   3.6708025e-01
   3.5797255e-01
   3.5018479e-01
   3.4477297e-01
   3.4318902e-01
   3.4688490e-01
   3.5678458e-01
   3.7236009e-01
   3.9123548e-01
   4.0971489e-01
   4.2370644e-01
   4.2964625e-01
   4.2595037e-01
   4.1354277e-01
   3.9519535e-01
   3.7473601e-01
   3.5612461e-01
   3.4226505e-01
   3.3474129e-01
   3.3394931e-01
   3.3975713e-01
   3.5216473e-01
   3.7064414e-01
   3.9479937e-01
   4.2278247e-01
   4.5182154e-01
   4.7742872e-01
   4.9564414e-01
   5.0211194e-01
   4.9538015e-01
   4.7610877e-01
   4.4746568e-01
   4.1407075e-01
   3.8133580e-01
   3.5388068e-01
   3.3540127e-01
   3.2787751e-01
   3.3276136e-01
   3.5018480e-01
   3.7922387e-01
   4.1789863e-01
   4.6238120e-01
   5.0712777e-01
   5.4540655e-01
   5.7074974e-01
   5.7814150e-01
   5.6546991e-01
   5.3458290e-01
   4.9049630e-01
   4.4046990e-01
   3.9281943e-01
   3.5427666e-01
   3.3025343e-01
   3.2312566e-01
   3.3342133e-01
   3.5929251e-01
   3.9809926e-01
   4.4508976e-01
   4.9472017e-01
   5.4052270e-01
   5.7616157e-01
   5.9582893e-01
   5.9662091e-01
   5.7893347e-01
   5.4606653e-01
   5.0448786e-01
   4.6211721e-01
   4.2555438e-01
   3.9994720e-01
   3.8701162e-01
   3.8687962e-01
   3.9677930e-01
   4.1367477e-01
   4.3492608e-01
   4.5736536e-01
   4.7848469e-01
   4.9604013e-01
   5.0778775e-01
   5.1135164e-01
   5.0593981e-01
   4.9260824e-01
   4.7373284e-01
   4.5327350e-01
   4.3598205e-01
   4.2502640e-01
   4.2199050e-01
   4.2647835e-01
   4.3598205e-01
   4.4772967e-01
   4.5855333e-01
   4.6686906e-01
   4.7175290e-01
   4.7346885e-01
   4.7228089e-01
   4.6845301e-01
   4.6264520e-01
   4.5512144e-01
   4.4759768e-01
   4.4218585e-01
   4.4178986e-01
   4.4825766e-01
   4.6251320e-01
   4.8323654e-01
   5.0673179e-01
   5.2864309e-01
   5.4421858e-01
   5.5068638e-01
   5.4685850e-01
   5.3352693e-01
   5.1372756e-01
   4.9049631e-01
   4.6713305e-01
   4.4640971e-01
   4.3043823e-01
   4.2146251e-01
   4.2146251e-01
   4.3175819e-01
   4.5300950e-01
   4.8389652e-01
   5.2059134e-01
   5.5807814e-01
   5.9002112e-01
   6.1034847e-01
   6.1576030e-01
   6.0533263e-01
   5.8144140e-01
   5.4831045e-01
   5.1148363e-01
   4.7703274e-01
   4.4931363e-01
   4.3215417e-01
   4.2793031e-01
   4.3756600e-01
   4.6119324e-01
   4.9656811e-01
   5.3973073e-01
   5.8487329e-01
   6.2460402e-01
   6.5192714e-01
   6.6156283e-01
   6.5113517e-01
   6.2209609e-01
   5.7932946e-01
   5.3022703e-01
   4.8284055e-01
   4.4390179e-01
   4.1882260e-01
   4.1077086e-01
   4.2027455e-01
   4.4680570e-01
   4.8772440e-01
   5.3920275e-01
   5.9543295e-01
   6.4955122e-01
   6.9442978e-01
   7.2280887e-01
   7.3059662e-01
   7.1620908e-01
   6.8241816e-01
   6.3542767e-01
   5.8276135e-01
   5.3313094e-01
   4.9313622e-01
   4.6726505e-01
   4.5696938e-01
   4.6211721e-01
   4.8020063e-01
   5.0805175e-01
   5.4197466e-01
   5.7761352e-01
   6.1008448e-01
   6.3450370e-01
   6.4691130e-01
   6.4506336e-01
   6.2975185e-01
   6.0414467e-01
   5.7404963e-01
   5.4567054e-01
   5.2494720e-01
   5.1544351e-01
   5.1781943e-01
   5.3035903e-01
   5.4923443e-01
   5.7008976e-01
   5.8922915e-01
   6.0295671e-01
   6.0968849e-01
   6.0784055e-01
   5.9714889e-01
   5.7827350e-01
   5.5319430e-01
   5.2547519e-01
   4.9960401e-01
   4.8046463e-01
   4.7175290e-01
   4.7558078e-01
   4.9102429e-01
   5.1438754e-01
   5.4039071e-01
   5.6388596e-01
   5.8038543e-01
   5.8790919e-01
   5.8632524e-01
   5.7748152e-01
   5.6375396e-01
   5.4778247e-01
   5.3154699e-01
   5.1729145e-01
   5.0699578e-01
   5.0316790e-01
   5.0765576e-01
   5.2177930e-01
   5.4501056e-01
   5.7510560e-01
   6.0691658e-01
   6.3503168e-01
   6.5390708e-01
   6.5997888e-01
   6.5205913e-01
   6.3133580e-01
   6.0190074e-01
   5.6837381e-01
   5.3550686e-01
   5.0765576e-01
   4.8825238e-01
   4.8020063e-01
   4.8495248e-01
   5.0343189e-01
   5.3458290e-01
   5.7484160e-01
   6.1919218e-01
   6.6050687e-01
   6.9126188e-01
   7.0525343e-01
   6.9891763e-01
   6.7238648e-01
   6.2909187e-01
   5.7523759e-01
   5.1847941e-01
   4.6620908e-01
   4.2529039e-01
   4.0047519e-01
   3.9532735e-01
   4.1129884e-01
   4.4746568e-01
   5.0092397e-01
   5.6560190e-01
   6.3331574e-01
   6.9390179e-01
   7.3825238e-01
   7.5884372e-01
   7.5250792e-01
   7.2069694e-01
   6.6948258e-01
   6.0784055e-01
   5.4633052e-01
   4.9379620e-01
   4.5736536e-01
   4.4073390e-01
   4.4469377e-01
   4.6739704e-01
   5.0461985e-01
   5.5121436e-01
   6.0058078e-01
   6.4532735e-01
   6.7885428e-01
   6.9548575e-01
   6.9271384e-01
   6.7146251e-01
   6.3608765e-01
   5.9411299e-01
   5.5359029e-01
   5.2177930e-01
   5.0356389e-01
   5.0000000e-01
   5.0950370e-01
   5.2758712e-01
   5.4897043e-01
   5.6876980e-01
   5.8276135e-01
   5.8790919e-01
   5.8302534e-01
   5.6771383e-01
   5.4369060e-01
   5.1438754e-01
   4.8429251e-01
   4.5974129e-01
   4.4627772e-01
   4.4838965e-01
   4.6713305e-01
   5.0065998e-01
   5.4369061e-01
   5.8896516e-01
   6.2909187e-01
   6.5879092e-01
   6.7489440e-01
   6.7753432e-01
   6.6921858e-01
   6.5351109e-01
   6.3423970e-01
   6.1457234e-01
   5.9767688e-01
   5.8553326e-01
   5.8078142e-01
   5.8487328e-01
   5.9886484e-01
   6.2183210e-01
   6.5100317e-01
   6.8189018e-01
   7.0908131e-01
   7.2769272e-01
   7.3416051e-01
   7.2742872e-01
   7.0894932e-01
   6.8189018e-01
   6.5007920e-01
   6.1813622e-01
   5.8949314e-01
   5.6758184e-01
   5.5477825e-01
   5.5359029e-01
   5.6507392e-01
   5.8922915e-01
   6.2394403e-01
   6.6473073e-01
   7.0538543e-01
   7.3878036e-01
   7.5897572e-01
   7.6187962e-01
   7.4696410e-01
   7.1607709e-01
   6.7449842e-01
   6.2829989e-01
   5.8328934e-01
   5.4540655e-01
   5.1887540e-01
   5.0739176e-01
   5.1306758e-01
   5.3695882e-01
   5.7800950e-01
   6.3252376e-01
   6.9456178e-01
   7.5554382e-01
   8.0570222e-01
   8.3645723e-01
   8.4147307e-01
   8.1810982e-01
   7.6795143e-01
   6.9654171e-01
   6.1193242e-01
   5.2402323e-01
   4.4284583e-01
   3.7790391e-01
   3.3698522e-01
   3.2576558e-01
   3.4635692e-01
   3.9704330e-01
   4.7201690e-01
   5.6058606e-01
   6.5034319e-01
   7.2822070e-01
   7.8326294e-01
   8.0926610e-01
   8.0504224e-01
   7.7573918e-01
   7.3006864e-01
   6.7793031e-01
   6.2961985e-01
   5.9239704e-01
   5.7035375e-01
   5.6507392e-01
   5.7550159e-01
   5.9926083e-01
   6.3265575e-01
   6.7172651e-01
   7.1158923e-01
   7.4709610e-01
   7.7323126e-01
   7.8629884e-01
   7.8392292e-01
   7.6597149e-01
   7.3442450e-01
   6.9297783e-01
   6.4572334e-01
   5.9728089e-01
   5.5147835e-01
   5.1201162e-01
   4.8218057e-01
   4.6475713e-01
   4.6145723e-01
   4.7320486e-01
   4.9815206e-01
   5.3247096e-01
   5.7035375e-01
   6.0559662e-01
   6.3265575e-01
   6.4889124e-01
   6.5469905e-01
   6.5403907e-01
   6.5205913e-01
   6.5390708e-01
   6.6261880e-01
   6.7819430e-01
   6.9812566e-01
   7.1713305e-01
   7.3033263e-01
   7.3297255e-01
   7.2294087e-01
   7.0023759e-01
   6.6671067e-01
   6.2618796e-01
   5.8315734e-01
   5.4263464e-01
   5.1003168e-01
   4.8970433e-01
   4.8508448e-01
   4.9709609e-01
   5.2415523e-01
   5.6177402e-01
   6.0282471e-01
   6.3991552e-01
   6.6591869e-01
   6.7621436e-01
   6.6935058e-01
   6.4651531e-01
   6.1193242e-01
   5.7061774e-01
   5.2851109e-01
   4.9049630e-01
   4.6185322e-01
   4.4640971e-01
   4.4720169e-01
   4.6568110e-01
   5.0118796e-01
   5.4989440e-01
   6.0559662e-01
   6.5958289e-01
   7.0314150e-01
   7.2914467e-01
   7.3310454e-01
   7.1620908e-01
   6.8241816e-01
   6.3925555e-01
   5.9530095e-01
   5.5807814e-01
   5.3313094e-01
   5.2309926e-01
   5.2798310e-01
   5.4567054e-01
   5.7233369e-01
   6.0308870e-01
   6.3239176e-01
   6.5403907e-01
   6.6288279e-01
   6.5522703e-01
   6.2988384e-01
   5.8883316e-01
   5.3709081e-01
   4.8165259e-01
   4.2951426e-01
   3.8727561e-01
   3.5810454e-01
   3.4292503e-01
   3.3975713e-01
   3.4516895e-01
   3.5546463e-01
   3.6721225e-01
   3.7737592e-01
   3.8371172e-01
   3.8423971e-01
   3.7711193e-01
   3.6180042e-01
   3.3843717e-01
   3.0913411e-01
   2.7758712e-01
   2.4868004e-01
   2.2690074e-01
   2.1528511e-01
   2.1488912e-01
   2.2465681e-01
   2.4128828e-01
   2.6121964e-01
   2.8101901e-01
   2.9817846e-01
   3.1098205e-01
   3.1837381e-01
   3.1942978e-01
   3.1322598e-01
   2.9936642e-01
   2.7785111e-01
   2.5118796e-01
   2.2307286e-01
   1.9852165e-01
   1.8294615e-01
   1.7938226e-01
   1.8954594e-01
   2.1185322e-01
   2.4234425e-01
   2.7653115e-01
   3.0939810e-01
   3.3764520e-01
   3.5889652e-01
   3.7249208e-01
   3.7750792e-01
   3.7420803e-01
   3.6246040e-01
   3.4266104e-01
   3.1639388e-01
   2.8643084e-01
   2.5593981e-01
   2.2888068e-01
   2.0855333e-01
   1.9640972e-01
   1.9284583e-01
   1.9733369e-01
   2.0855333e-01
   2.2624076e-01
   2.4973601e-01
   2.7903907e-01
   3.1414995e-01
   3.5295671e-01
   3.9321542e-01
   4.3096621e-01
   4.6356917e-01
   4.8864836e-01
   5.0673179e-01
   5.1953538e-01
   5.3009504e-01
   5.4118268e-01
   5.5411827e-01
   5.6850581e-01
   5.8196938e-01
   5.9200106e-01
   5.9635692e-01
   5.9424498e-01
   5.8685322e-01
   5.7616156e-01
   5.6520591e-01
   5.5675819e-01
   5.5293031e-01
   5.5583422e-01
   5.6692186e-01
   5.8804119e-01
   6.1972017e-01
   6.6222281e-01
   7.1304118e-01
   7.6715945e-01
   8.1797783e-01
   8.5784055e-01
   8.8054382e-01
   8.8212777e-01
   8.6285639e-01
   8.2708553e-01
   7.8247096e-01
   7.3693242e-01
   6.9852165e-01
   6.7291447e-01
   6.6327878e-01
   6.7027455e-01
   6.9231785e-01
   7.2676874e-01
   7.6966737e-01
   8.1639388e-01
   8.6166843e-01
   9.0007920e-01
   9.2687434e-01
   9.3862197e-01
   9.3492608e-01
   9.1776663e-01
   8.9163147e-01
   8.6232841e-01
   8.3540127e-01
   8.1546991e-01
   8.0464625e-01
   8.0332629e-01
   8.1019008e-01
   8.2325766e-01
   8.4081309e-01
   8.6034847e-01
   8.8014783e-01
   8.9783527e-01
   9.1090285e-01
   9.1737064e-01
   9.1618268e-01
   9.0760296e-01
   8.9440338e-01
   8.8027983e-01
   8.6919219e-01
   8.6457233e-01
   8.6774023e-01
   8.7777191e-01
   8.9202745e-01
   9.0681098e-01
   9.1895459e-01
   9.2608236e-01
   9.2753432e-01
   9.2357445e-01
   9.1499472e-01
   9.0258712e-01
   8.8714361e-01
   8.6919219e-01
   8.5005280e-01
   8.3117740e-01
   8.1441394e-01
   8.0187434e-01
   7.9421859e-01
   7.9171066e-01
   7.9289863e-01
   7.9567054e-01
   7.9778247e-01
   7.9765048e-01
   7.9435058e-01
   7.8788279e-01
   7.7864308e-01
   7.6715945e-01
   7.5382788e-01
   7.3970433e-01
   7.2571278e-01
   7.1449314e-01
   7.0921331e-01
   7.1343717e-01
   7.2888068e-01
   7.5554382e-01
   7.9012672e-01
   8.2668954e-01
   8.5757656e-01
   8.7552799e-01
   8.7552798e-01
   8.5599261e-01
   8.1876980e-01
   7.6953537e-01
   7.1541711e-01
   6.6380676e-01
   6.2170011e-01
   5.9358501e-01
   5.8236536e-01
   5.8843717e-01
   6.1048046e-01
   6.4427138e-01
   6.8413411e-01
   7.2241288e-01
   7.5184794e-01
   7.6544351e-01
   7.5884372e-01
   7.3138859e-01
   6.8598205e-01
   6.2909187e-01
   5.6837381e-01
   5.1214361e-01
   4.6713305e-01
   4.3822598e-01
   4.2727033e-01
   4.3479409e-01
   4.5921331e-01
   4.9722809e-01
   5.4448258e-01
   5.9477297e-01
   6.4110348e-01
   6.7608237e-01
   6.9337381e-01
   6.8941394e-01
   6.6367476e-01
   6.1998416e-01
   5.6560190e-01
   5.0857972e-01
   4.5749736e-01
   4.1842661e-01
   3.9479937e-01
   3.8727561e-01
   3.9427139e-01
   4.1275079e-01
   4.3914995e-01
   4.6937698e-01
   4.9986800e-01
   5.2666315e-01
   5.4580253e-01
   5.5438226e-01
   5.5081837e-01
   5.3616684e-01
   5.1333157e-01
   4.8706442e-01
   4.6264520e-01
   4.4469377e-01
   4.3558606e-01
   4.3532207e-01
   4.4231785e-01
   4.5366948e-01
   4.6673707e-01
   4.7874868e-01
   4.8891235e-01
   4.9577614e-01
   4.9881204e-01
   4.9696410e-01
   4.8970433e-01
   4.7703274e-01
   4.6013728e-01
   4.4178987e-01
   4.2542239e-01
   4.1459873e-01
   4.1103485e-01
   4.1552270e-01
   4.2595037e-01
   4.3901795e-01
   4.5089757e-01
   4.5881732e-01
   4.6092925e-01
   4.5762936e-01
   4.4970961e-01
   4.3835797e-01
   4.2529039e-01
   4.1103485e-01
   3.9691130e-01
   3.8423970e-01
   3.7460401e-01
   3.7064414e-01
   3.7354805e-01
   3.8397572e-01
   4.0034319e-01
   4.1935058e-01
   4.3717001e-01
   4.4957761e-01
   4.5459345e-01
   4.5168955e-01
   4.4244984e-01
   4.2991025e-01
   4.1684266e-01
   4.0628300e-01
   3.9955121e-01
   3.9796727e-01
   4.0219113e-01
   4.1301478e-01
   4.3123020e-01
   4.5630940e-01
   4.8719641e-01
   5.2059134e-01
   5.5161035e-01
   5.7510560e-01
   5.8658923e-01
   5.8355333e-01
   5.6652587e-01
   5.3867476e-01
   5.0541183e-01
   4.7241288e-01
   4.4548574e-01
   4.2859029e-01
   4.2463041e-01
   4.3466209e-01
   4.5894931e-01
   4.9577614e-01
   5.4276663e-01
   5.9516896e-01
   6.4664731e-01
   6.8980993e-01
   7.1818902e-01
   7.2624076e-01
   7.1264520e-01
   6.7964625e-01
   6.3318374e-01
   5.8130940e-01
   5.3299895e-01
   4.9564414e-01
   4.7426082e-01
   4.7122492e-01
   4.8600845e-01
   5.1676347e-01
   5.5939810e-01
   6.0942450e-01
   6.6116684e-01
   7.0842133e-01
   7.4472017e-01
   7.6544351e-01
   7.6715945e-01
   7.5026399e-01
   7.1858501e-01
   6.7845829e-01
   6.3740760e-01
   6.0269272e-01
   5.7946146e-01
   5.7008976e-01
   5.7404963e-01
   5.8870116e-01
   6.1034847e-01
   6.3489968e-01
   6.5879092e-01
   6.7925027e-01
   6.9337381e-01
   6.9918163e-01
   6.9588173e-01
   6.8387012e-01
   6.6512672e-01
   6.4387539e-01
   6.2486800e-01
   6.1259240e-01
   6.0995248e-01
   6.1747624e-01
   6.3265575e-01
   6.5126716e-01
   6.6855861e-01
   6.8070222e-01
   6.8492608e-01
   6.8109820e-01
   6.7067054e-01
   6.5549103e-01
   6.3819958e-01
   6.2104013e-01
   6.0638860e-01
   5.9662091e-01
   5.9398099e-01
   6.0044879e-01
   6.1708026e-01
   6.4295143e-01
   6.7568638e-01
   7.0974129e-01
   7.3983633e-01
   7.6095565e-01
   7.6900739e-01
   7.6319958e-01
   7.4472017e-01
   7.1713305e-01
   6.8426610e-01
   6.5073918e-01
   6.2038015e-01
   5.9635692e-01
   5.8210137e-01
   5.7985745e-01
   5.9160507e-01
   6.1747624e-01
   6.5509504e-01
   6.9997360e-01
   7.4511616e-01
   7.8247096e-01
   8.0491024e-01
   8.0821014e-01
   7.9065470e-01
   7.5514784e-01
   7.0710138e-01
   6.5377508e-01
   6.0269271e-01
   5.6045407e-01
   5.3247096e-01
   5.2217529e-01
   5.3167899e-01
   5.6111405e-01
   6.0797255e-01
   6.6789863e-01
   7.3376452e-01
   7.9672651e-01
   8.4794087e-01
   8.7948786e-01
   8.8687962e-01
   8.6906019e-01
   8.2946146e-01
   7.7415523e-01
   7.1092925e-01
   6.4862724e-01
   5.9424499e-01
   5.5345829e-01
   5.2996304e-01
   5.2547519e-01
   5.3933474e-01
   5.6850581e-01
   6.0797255e-01
   6.5087117e-01
   6.8928195e-01
   7.1581310e-01
   7.2531679e-01
   7.1594509e-01
   6.8994192e-01
   6.5219113e-01
   6.1048047e-01
   5.7193770e-01
   5.4263464e-01
   5.2626716e-01
   5.2362724e-01
   5.3379092e-01
   5.5398627e-01
   5.8091341e-01
   6.1100845e-01
   6.4031151e-01
   6.6446674e-01
   6.7977825e-01
   6.8321014e-01
   6.7370644e-01
   6.5219113e-01
   6.2236009e-01
   5.8975713e-01
   5.6019007e-01
   5.3814678e-01
   5.2613516e-01
   5.2402323e-01
   5.2890708e-01
   5.3656283e-01
   5.4250264e-01
   5.4303062e-01
   5.3563886e-01
   5.1953538e-01
   4.9472017e-01
   4.6304118e-01
   4.2700634e-01
   3.9070750e-01
   3.5876452e-01
   3.3645723e-01
   3.2880148e-01
   3.3804118e-01
   3.6404435e-01
   4.0324710e-01
   4.4904963e-01
   4.9353221e-01
   5.2930306e-01
   5.5081838e-01
   5.5609821e-01
   5.4619852e-01
   5.2441922e-01
   4.9538015e-01
   4.6383316e-01
   4.3400211e-01
   4.0931890e-01
   3.9308342e-01
   3.8819958e-01
   3.9651531e-01
   4.1895459e-01
   4.5406547e-01
   4.9788807e-01
   5.4369060e-01
   5.8394931e-01
   6.1114044e-01
   6.1932418e-01
   6.0625660e-01
   5.7286167e-01
   5.2349525e-01
   4.6488912e-01
   4.0443506e-01
   3.4965681e-01
   3.0715417e-01
   2.8154699e-01
   2.7560718e-01
   2.8946674e-01
   3.2061774e-01
   3.6351637e-01
   4.1024287e-01
   4.5208553e-01
   4.8072862e-01
   4.9102429e-01
   4.8046463e-01
   4.5182154e-01
   4.1024287e-01
   3.6378036e-01
   3.2008976e-01
   2.8577085e-01
   2.6517952e-01
   2.6055966e-01
   2.7270327e-01
   3.0081837e-01
   3.4305702e-01
   3.9638332e-01
   4.5578142e-01
   5.1517952e-01
   5.6705386e-01
   6.0427666e-01
   6.2183210e-01
   6.1747624e-01
   5.9358501e-01
   5.5557022e-01
   5.1148363e-01
   4.6977297e-01
   4.3743400e-01
   4.1869060e-01
   4.1565470e-01
   4.2740233e-01
   4.5155755e-01
   4.8482048e-01
   5.2323126e-01
   5.6203802e-01
   5.9675290e-01
   6.2222809e-01
   6.3476769e-01
   6.3239176e-01
   6.1615629e-01
   5.8988912e-01
   5.5926610e-01
   5.3141500e-01
   5.1227561e-01
   5.0541183e-01
   5.1187962e-01
   5.2956705e-01
   5.5477825e-01
   5.8262936e-01
   6.0889652e-01
   6.3054382e-01
   6.4506336e-01
   6.5126716e-01
   6.4823126e-01
   6.3661563e-01
   6.1800422e-01
   5.9516896e-01
   5.7246568e-01
   5.5425026e-01
   5.4474657e-01
   5.4593453e-01
   5.5768215e-01
   5.7695354e-01
   5.9926083e-01
   6.1985217e-01
   6.3423971e-01
   6.3991552e-01
   6.3648363e-01
   6.2460402e-01
   6.0599261e-01
   5.8236536e-01
   5.5596621e-01
   5.2930306e-01
   5.0527983e-01
   4.8798838e-01
   4.8152059e-01
   4.8878036e-01
   5.1108765e-01
   5.4633052e-01
   5.8962513e-01
   6.3344773e-01
   6.6961457e-01
   6.9099789e-01
   6.9205386e-01
   6.7106653e-01
   6.2922387e-01
   5.7101373e-01
   5.0263991e-01
   4.3228617e-01
   3.6853221e-01
   3.2008976e-01
   2.9395460e-01
   2.9527455e-01
   3.2497360e-01
   3.7922387e-01
   4.5050159e-01
   5.2732313e-01
   5.9754488e-01
   6.5034319e-01
   6.7845829e-01
   6.8017424e-01
   6.5839493e-01
   6.2011616e-01
   5.7444562e-01
   5.3022704e-01
   4.9538015e-01
   4.7558078e-01
   4.7333685e-01
   4.8970433e-01
   5.2309926e-01
   5.6995776e-01
   6.2434002e-01
   6.7885428e-01
   7.2544878e-01
   7.5607181e-01
   7.6531151e-01
   7.5145196e-01
   7.1647307e-01
   6.6618268e-01
   6.0916051e-01
   5.5425027e-01
   5.0923971e-01
   4.7993664e-01
   4.6871700e-01
   4.7624076e-01
   5.0052798e-01
   5.3775079e-01
   5.8355333e-01
   6.3146779e-01
   6.7515839e-01
   7.0815734e-01
   7.2505280e-01
   7.2267688e-01
   7.0155755e-01
   6.6486273e-01
   6.1906019e-01
   5.7180570e-01
   5.2969905e-01
   4.9841605e-01
   4.8046462e-01
   4.7610877e-01
   4.8376452e-01
   5.0118796e-01
   5.2521119e-01
   5.5319430e-01
   5.8236536e-01
   6.0902851e-01
   6.2975185e-01
   6.4149947e-01
   6.4255544e-01
   6.3252376e-01
   6.1417635e-01
   5.9173707e-01
   5.6982577e-01
   5.5332629e-01
   5.4448258e-01
   5.4382260e-01
   5.4963041e-01
   5.5900211e-01
   5.6876980e-01
   5.7629356e-01
   5.7998944e-01
   5.7893347e-01
   5.7259768e-01
   5.6124604e-01
   5.4527455e-01
   5.2653115e-01
   5.0752376e-01
   4.9221225e-01
   4.8455650e-01
   4.8838437e-01
   5.0475185e-01
   5.3247096e-01
   5.6652587e-01
   6.0084477e-01
   6.2763992e-01
   6.4110348e-01
   6.3674763e-01
   6.1378036e-01
   5.7404963e-01
   5.2164731e-01
   4.6251320e-01
   4.0337909e-01
   3.5097677e-01
   3.1282999e-01
   2.9395460e-01
   2.9857445e-01
   3.2682155e-01
   3.7552798e-01
   4.3782999e-01
   5.0329990e-01
   5.6177402e-01
   6.0335269e-01
   6.2236008e-01
   6.1694826e-01
   5.9015312e-01
   5.4817846e-01
   4.9894404e-01
   4.5076558e-01
   4.1090285e-01
   3.8450370e-01
   3.7539599e-01
   3.8503168e-01
   4.1354277e-01
   4.5815734e-01
   5.1451953e-01
   5.7497360e-01
   6.3107180e-01
   6.7463041e-01
   6.9838965e-01
   6.9931362e-01
   6.7806230e-01
   6.3965153e-01
   5.9186906e-01
   5.4369060e-01
   5.0303590e-01
   4.7637276e-01
   4.6726505e-01
   4.7676875e-01
   5.0395988e-01
   5.4553854e-01
   5.9675290e-01
   6.5139915e-01
   7.0221753e-01
   7.4142027e-01
   7.6267160e-01
   7.6214361e-01
   7.3983633e-01
   6.9944562e-01
   6.4809926e-01
   5.9516896e-01
   5.4910243e-01
   5.1715945e-01
   5.0316790e-01
   5.0805174e-01
   5.2956705e-01
   5.6375396e-01
   6.0520063e-01
   6.4823126e-01
   6.8769799e-01
   7.1766104e-01
   7.3376452e-01
   7.3336853e-01
   7.1568110e-01
   6.8321014e-01
   6.4136748e-01
   5.9635692e-01
   5.5583422e-01
   5.2521119e-01
   5.0752376e-01
   5.0316790e-01
   5.0950370e-01
   5.2296727e-01
   5.3946674e-01
   5.5596621e-01
   5.7035375e-01
   5.8117740e-01
   5.8764520e-01
   5.8936114e-01
   5.8592925e-01
   5.7761352e-01
   5.6586589e-01
   5.5306230e-01
   5.4237065e-01
   5.3695882e-01
   5.3841077e-01
   5.4619852e-01
   5.5847413e-01
   5.7127772e-01
   5.8117740e-01
   5.8513728e-01
   5.8236537e-01
   5.7352165e-01
   5.6019007e-01
   5.4487857e-01
   5.2943506e-01
   5.1504752e-01
   5.0303590e-01
   4.9485217e-01
   4.9181626e-01
   4.9564414e-01
   5.0739176e-01
   5.2692714e-01
   5.5174234e-01
   5.7774551e-01
   6.0005280e-01
   6.1325238e-01
   6.1430834e-01
   6.0190074e-01
   5.7734953e-01
   5.4474657e-01
   5.0805174e-01
   4.7280887e-01
   4.4310982e-01
   4.2317846e-01
   4.1618268e-01
   4.2410243e-01
   4.4799367e-01
   4.8640444e-01
   5.3563886e-01
   5.8975713e-01
   6.4031151e-01
   6.7925026e-01
   6.9957761e-01
   6.9746568e-01
   6.7357445e-01
   6.3186378e-01
   5.7946146e-01
   5.2507920e-01
   4.7597677e-01
   4.3901795e-01
   4.1842661e-01
   4.1657867e-01
   4.3360612e-01
   4.6805702e-01
   5.1649947e-01
   5.7338965e-01
   6.3159979e-01
   6.8321014e-01
   7.2003696e-01
   7.3614044e-01
   7.2914467e-01
   6.9984161e-01
   6.5324710e-01
   5.9662091e-01
   5.3867476e-01
   4.8693242e-01
   4.4733369e-01
   4.2423443e-01
   4.1921859e-01
   4.3215417e-01
   4.6119324e-01
   5.0263992e-01
   5.5134636e-01
   6.0031679e-01
   6.4255544e-01
   6.7106653e-01
   6.8136220e-01
   6.7238648e-01
   6.4638332e-01
   6.0902851e-01
   5.6771383e-01
   5.2969905e-01
   5.0052798e-01
   4.8310454e-01
   4.7782471e-01
   4.8363252e-01
   4.9775607e-01
   5.1755544e-01
   5.4052270e-01
   5.6401795e-01
   5.8526927e-01
   6.0150475e-01
   6.1021648e-01
   6.0995248e-01
   6.0084478e-01
   5.8500528e-01
   5.6599789e-01
   5.4804646e-01
   5.3484688e-01
   5.2811510e-01
   5.2811510e-01
   5.3299895e-01
   5.4025871e-01
   5.4765048e-01
   5.5293031e-01
   5.5543823e-01
   5.5517423e-01
   5.5187434e-01
   5.4567054e-01
   5.3616684e-01
   5.2402323e-01
   5.1003168e-01
   4.9617212e-01
   4.8455650e-01
   4.7729673e-01
   4.7505280e-01
   4.7676875e-01
   4.8059662e-01
   4.8323654e-01
   4.8204858e-01
   4.7558078e-01
   4.6422914e-01
   4.4984161e-01
   4.3479409e-01
   4.2159451e-01
   4.1195882e-01
   4.0681098e-01
   4.0694298e-01
   4.1301478e-01
   4.2661035e-01
   4.4918163e-01
   4.8152059e-01
   5.2257128e-01
   5.6903379e-01
   6.1562830e-01
   6.5535903e-01
   6.8215417e-01
   6.9178986e-01
   6.8387012e-01
   6.6077086e-01
   6.2816790e-01
   5.9252904e-01
   5.6085005e-01
   5.3827877e-01
   5.2877508e-01
   5.3418691e-01
   5.5517424e-01
   5.9107709e-01
   6.3938754e-01
   6.9601373e-01
   7.5501584e-01
   8.0939810e-01
   8.5190074e-01
   8.7697994e-01
   8.8146779e-01
   8.6589229e-01
   8.3460929e-01
   7.9369060e-01
   7.5039599e-01
   7.1106125e-01
   6.8057022e-01
   6.6169483e-01
   6.5535903e-01
   6.6116684e-01
   6.7845829e-01
   7.0525343e-01
   7.3891235e-01
   7.7653115e-01
   8.1322598e-01
   8.4477297e-01
   8.6694826e-01
   8.7790391e-01
   8.7711193e-01
   8.6655227e-01
   8.4978881e-01
   8.3038543e-01
   8.1203801e-01
   7.9712249e-01
   7.8669483e-01
   7.8128300e-01
   7.8062302e-01
   7.8431890e-01
   7.9171066e-01
   8.0174234e-01
   8.1203802e-01
   8.1982576e-01
   8.2259768e-01
   8.1863780e-01
   8.0768216e-01
   7.9144667e-01
   7.7336325e-01
   7.5712777e-01
   7.4564414e-01
   7.4089229e-01
   7.4142027e-01
   7.4590813e-01
   7.5105597e-01
   7.5448786e-01
   7.5541183e-01
   7.5343189e-01
   7.4960401e-01
   7.4485216e-01
   7.3983633e-01
   7.3416051e-01
   7.2729673e-01
   7.1884900e-01
   7.0815734e-01
   6.9548575e-01
   6.8096621e-01
   6.6499472e-01
   6.4743928e-01
   6.2803590e-01
   6.0678459e-01
   5.8421331e-01
   5.6217001e-01
   5.4289863e-01
   5.2917107e-01
   5.2283527e-01
   5.2455122e-01
   5.3352693e-01
   5.4765048e-01
