   7.4915730e-01
   7.6488764e-01
   7.5842696e-01
   7.3286517e-01
   6.9494382e-01
   6.5224719e-01
   6.1235955e-01
   5.8089887e-01
   5.6039326e-01
   5.5056179e-01
   5.4971910e-01
   5.5561798e-01
   5.6573033e-01
   5.7865168e-01
   5.9353932e-01
   6.1067416e-01
   6.2949438e-01
   6.4859551e-01
   6.6516854e-01
   6.7612359e-01
   6.7893258e-01
   6.7078652e-01
   6.5084269e-01
   6.2050562e-01
   5.8202247e-01
   5.3960674e-01
   4.9803370e-01
   4.6123596e-01
   4.3398876e-01
   4.1769662e-01
   4.1320225e-01
   4.1938202e-01
   4.3370786e-01
   4.5168540e-01
   4.6910112e-01
   4.8202247e-01
   4.8707865e-01
   4.8258426e-01
   4.6882022e-01
   4.4719101e-01
   4.2078651e-01
   3.9325842e-01
   3.6741573e-01
   3.4662921e-01
   3.3314607e-01
   3.2724719e-01
   3.3005618e-01
   3.3988764e-01
   3.5505617e-01
   3.7303370e-01
   3.9157304e-01
   4.0702247e-01
   4.1769663e-01
   4.2134831e-01
   4.1825843e-01
   4.0870786e-01
   3.9410112e-01
   3.7752809e-01
   3.6095505e-01
   3.4691011e-01
   3.3679775e-01
   3.3230337e-01
   3.3314606e-01
   3.3848314e-01
   3.4775281e-01
   3.5926966e-01
   3.7134832e-01
   3.8314607e-01
   3.9269663e-01
   3.9915730e-01
   4.0196629e-01
   4.0196629e-01
   3.9943820e-01
   3.9634831e-01
   3.9325842e-01
   3.9213483e-01
   3.9269663e-01
   3.9466292e-01
   3.9803370e-01
   4.0112360e-01
   4.0393258e-01
   4.0533708e-01
   4.0589887e-01
   4.0646067e-01
   4.0702247e-01
   4.0870786e-01
   4.1179775e-01
   4.1629213e-01
   4.2162921e-01
   4.2752808e-01
   4.3342696e-01
   4.3820224e-01
   4.4157303e-01
   4.4297752e-01
   4.4269663e-01
   4.4044943e-01
   4.3764045e-01
   4.3455056e-01
   4.3258426e-01
   4.3286517e-01
   4.3539326e-01
   4.4044944e-01
   4.4662921e-01
   4.5280899e-01
   4.5814607e-01
   4.6207865e-01
   4.6404494e-01
   4.6460674e-01
   4.6544944e-01
   4.6685393e-01
   4.6994382e-01
   4.7415730e-01
   4.7949437e-01
   4.8398876e-01
   4.8651685e-01
   4.8595505e-01
   4.8146067e-01
   4.7331460e-01
   4.6235954e-01
   4.5028089e-01
   4.3904494e-01
   4.3089888e-01
   4.2724719e-01
   4.2977528e-01
   4.3960674e-01
   4.5505618e-01
   4.7612359e-01
   4.9943820e-01
   5.2219101e-01
   5.4157304e-01
   5.5505617e-01
   5.6095505e-01
   5.5814607e-01
   5.4775280e-01
   5.3089887e-01
   5.0983145e-01
   4.8679775e-01
   4.6404494e-01
   4.4438202e-01
   4.2921348e-01
   4.2050562e-01
   4.1938202e-01
   4.2668539e-01
   4.4129213e-01
   4.6320224e-01
   4.8904494e-01
   5.1657303e-01
   5.4241572e-01
   5.6376405e-01
   5.7780899e-01
   5.8370786e-01
   5.8061798e-01
   5.6966292e-01
   5.5224719e-01
   5.3089887e-01
   5.0786516e-01
   4.8623595e-01
   4.6882022e-01
   4.5730337e-01
   4.5337078e-01
   4.5674157e-01
   4.6685393e-01
   4.8202247e-01
   4.9943820e-01
   5.1629214e-01
   5.3089887e-01
   5.4129213e-01
   5.4634831e-01
   5.4634831e-01
   5.4241572e-01
   5.3567416e-01
   5.2696629e-01
   5.1797753e-01
   5.0955056e-01
   5.0280899e-01
   4.9859550e-01
   4.9747191e-01
   4.9915730e-01
   5.0393258e-01
   5.1011235e-01
   5.1741573e-01
   5.2443820e-01
   5.3005618e-01
   5.3398876e-01
   5.3623595e-01
   5.3679775e-01
   5.3595505e-01
   5.3426966e-01
   5.3117977e-01
   5.2724719e-01
   5.2247191e-01
   5.1741573e-01
   5.1235955e-01
   5.0842696e-01
   5.0617977e-01
   5.0617977e-01
   5.0898876e-01
   5.1404494e-01
   5.2106742e-01
   5.2977527e-01
   5.3932584e-01
   5.4971910e-01
   5.6011236e-01
   5.7106741e-01
   5.8146067e-01
   5.9157303e-01
   6.0056179e-01
   6.0730336e-01
   6.1095505e-01
   6.1179775e-01
   6.0926966e-01
   6.0365168e-01
   5.9522472e-01
   5.8483146e-01
   5.7331461e-01
   5.6151685e-01
   5.5028090e-01
   5.4101123e-01
   5.3426966e-01
   5.3117977e-01
   5.3202247e-01
   5.3595505e-01
   5.4269663e-01
   5.5084269e-01
   5.5870787e-01
   5.6544944e-01
   5.6994382e-01
   5.7247191e-01
   5.7275280e-01
   5.7134831e-01
   5.6882022e-01
   5.6544944e-01
   5.6179775e-01
   5.5814606e-01
   5.5505617e-01
   5.5224719e-01
   5.5028089e-01
   5.4943820e-01
   5.4915730e-01
   5.4887640e-01
   5.4887640e-01
   5.4803371e-01
   5.4719101e-01
   5.4606741e-01
   5.4494382e-01
   5.4438202e-01
   5.4522472e-01
   5.4747190e-01
   5.5056179e-01
   5.5365168e-01
   5.5617977e-01
   5.5758427e-01
   5.5786517e-01
   5.5674157e-01
   5.5449438e-01
   5.5196629e-01
   5.4915730e-01
   5.4719100e-01
   5.4578652e-01
   5.4550562e-01
   5.4662921e-01
   5.4943820e-01
   5.5280899e-01
   5.5646067e-01
   5.5814607e-01
   5.5730337e-01
   5.5168539e-01
   5.3960674e-01
   5.2162921e-01
   4.9803371e-01
   4.7078651e-01
   4.4382022e-01
   4.2078651e-01
   4.0477528e-01
   3.9915730e-01
   4.0561798e-01
   4.2443820e-01
   4.5393258e-01
   4.9157303e-01
   5.3314606e-01
   5.7359550e-01
   6.0842696e-01
   6.3398876e-01
   6.4747191e-01
   6.4887640e-01
   6.3932585e-01
   6.2303370e-01
   6.0393258e-01
   5.8567415e-01
   5.7247190e-01
   5.6629213e-01
   5.6657303e-01
   5.7303370e-01
   5.8258427e-01
   5.9269662e-01
   6.0112359e-01
   6.0561798e-01
   6.0533707e-01
   5.9971910e-01
   5.8960674e-01
   5.7640449e-01
   5.6151685e-01
   5.4634831e-01
   5.3286516e-01
   5.2191011e-01
   5.1376404e-01
   5.0898876e-01
   5.0674157e-01
   5.0589887e-01
   5.0617977e-01
   5.0617977e-01
   5.0617977e-01
   5.0561798e-01
   5.0561798e-01
   5.0589887e-01
   5.0730337e-01
   5.1011236e-01
   5.1376404e-01
   5.1797753e-01
   5.2219101e-01
   5.2584270e-01
   5.2808988e-01
   5.2893258e-01
   5.2724719e-01
   5.2359550e-01
   5.1741572e-01
   5.0926966e-01
   4.9999999e-01
   4.9016854e-01
   4.8146067e-01
   4.7528090e-01
   4.7247191e-01
   4.7359550e-01
   4.7837079e-01
   4.8595506e-01
   4.9550561e-01
   5.0533708e-01
   5.1488764e-01
   5.2331460e-01
   5.3033708e-01
   5.3511236e-01
   5.3764045e-01
   5.3707865e-01
   5.3426966e-01
   5.2865168e-01
   5.2106742e-01
   5.1348315e-01
   5.0646067e-01
   5.0224719e-01
   5.0196629e-01
   5.0589887e-01
   5.1432584e-01
   5.2584269e-01
   5.3876404e-01
   5.5196629e-01
   5.6292134e-01
   5.7022472e-01
   5.7303371e-01
   5.7050562e-01
   5.6207865e-01
   5.4915730e-01
   5.3230337e-01
   5.1292135e-01
   4.9325842e-01
   4.7471910e-01
   4.5926966e-01
   4.4747191e-01
   4.4073034e-01
   4.3792135e-01
   4.3960674e-01
   4.4466292e-01
   4.5224719e-01
   4.6179775e-01
   4.7247191e-01
   4.8370786e-01
   4.9382023e-01
   5.0224719e-01
   5.0758426e-01
   5.0983146e-01
   5.0870786e-01
   5.0561798e-01
   5.0140449e-01
   4.9803370e-01
   4.9634831e-01
   4.9775281e-01
   5.0196629e-01
   5.0842697e-01
   5.1573033e-01
   5.2247190e-01
   5.2808988e-01
   5.3061798e-01
   5.3005618e-01
   5.2640449e-01
   5.1994382e-01
   5.1151685e-01
   5.0196629e-01
   4.9297753e-01
   4.8539325e-01
   4.7977528e-01
   4.7724719e-01
   4.7724719e-01
   4.7865168e-01
   4.8089887e-01
   4.8230337e-01
   4.8202247e-01
   4.7977528e-01
   4.7556180e-01
   4.7050562e-01
   4.6573033e-01
   4.6151685e-01
   4.5870786e-01
   4.5758427e-01
   4.5842696e-01
   4.6067416e-01
   4.6460674e-01
   4.6966292e-01
   4.7640449e-01
   4.8426966e-01
   4.9297752e-01
   5.0224719e-01
   5.1095506e-01
   5.1853932e-01
   5.2415730e-01
   5.2724719e-01
   5.2724719e-01
   5.2415731e-01
   5.1853932e-01
   5.1011236e-01
   5.0028090e-01
   4.8932584e-01
   4.7893258e-01
   4.7050562e-01
   4.6573034e-01
   4.6488764e-01
   4.6882022e-01
   4.7668539e-01
   4.8764044e-01
   4.9971910e-01
   5.1095505e-01
   5.1994382e-01
   5.2640449e-01
   5.3005618e-01
   5.3117977e-01
   5.3117977e-01
   5.3033708e-01
   5.3005617e-01
   5.3033707e-01
   5.3089887e-01
   5.3146067e-01
   5.3089887e-01
   5.2837078e-01
   5.2275281e-01
   5.1348315e-01
   4.9999999e-01
   4.8286516e-01
   4.6376404e-01
   4.4410112e-01
   4.2668539e-01
   4.1404494e-01
   4.0786517e-01
   4.1011235e-01
   4.2078651e-01
   4.3932584e-01
   4.6432584e-01
   4.9353932e-01
   5.2387641e-01
   5.5308989e-01
   5.7808988e-01
   5.9662921e-01
   6.0646067e-01
   6.0617978e-01
   5.9522472e-01
   5.7443820e-01
   5.4578652e-01
   5.1179775e-01
   4.7696629e-01
   4.4550562e-01
   4.2106741e-01
   4.0674157e-01
   4.0337078e-01
   4.1235955e-01
   4.3202247e-01
   4.5955056e-01
   4.9269663e-01
   5.2752809e-01
   5.6067416e-01
   5.8848314e-01
   6.0898876e-01
   6.2022472e-01
   6.2162921e-01
   6.1488764e-01
   6.0140450e-01
   5.8426966e-01
   5.6685393e-01
   5.5168539e-01
   5.4073033e-01
   5.3567416e-01
   5.3567416e-01
   5.4157303e-01
   5.5084270e-01
   5.6292134e-01
   5.7584269e-01
   5.8876404e-01
   6.0028090e-01
   6.0983146e-01
   6.1657303e-01
   6.2078652e-01
   6.2387640e-01
   6.2584269e-01
   6.2865168e-01
   6.3258426e-01
   6.3848314e-01
   6.4662921e-01
   6.5617977e-01
   6.6573033e-01
   6.7359550e-01
   6.7865168e-01
   6.8033708e-01
   6.7752809e-01
   6.7078651e-01
   6.6039326e-01
   6.4803370e-01
   6.3539325e-01
   6.2387640e-01
   6.1544943e-01
   6.1151685e-01
   6.1348314e-01
   6.2078652e-01
   6.3230337e-01
   6.4606741e-01
   6.5870786e-01
   6.6769663e-01
   6.6938202e-01
   6.6292135e-01
   6.4747191e-01
   6.2528089e-01
   5.9859550e-01
   5.7050561e-01
   5.4494382e-01
   5.2387640e-01
   5.0898876e-01
   5.0112359e-01
   4.9859550e-01
   5.0028089e-01
   5.0308989e-01
   5.0421348e-01
   5.0112359e-01
   4.9241573e-01
   4.7696629e-01
   4.5561797e-01
   4.2893258e-01
   4.0028089e-01
   3.7162921e-01
   3.4550561e-01
   3.2359550e-01
   3.0646067e-01
   2.9466292e-01
   2.8735955e-01
   2.8370786e-01
   2.8258426e-01
   2.8314607e-01
   2.8426966e-01
   2.8595505e-01
   2.8679775e-01
   2.8651685e-01
   2.8342696e-01
   2.7780899e-01
   2.6938202e-01
   2.5842696e-01
   2.4578651e-01
   2.3342696e-01
   2.2219101e-01
   2.1432584e-01
   2.1067416e-01
   2.1151685e-01
   2.1741573e-01
   2.2696629e-01
   2.3960674e-01
   2.5280899e-01
   2.6488764e-01
   2.7359551e-01
   2.7724719e-01
   2.7499999e-01
   2.6657303e-01
   2.5365168e-01
   2.3764045e-01
   2.2191011e-01
   2.0898876e-01
   2.0168539e-01
   2.0196629e-01
   2.0955056e-01
   2.2443821e-01
   2.4522472e-01
   2.6994382e-01
   2.9606741e-01
   3.2106741e-01
   3.4213482e-01
   3.5702247e-01
   3.6432584e-01
   3.6264044e-01
   3.5224719e-01
   3.3511236e-01
   3.1292135e-01
   2.8932584e-01
   2.6797752e-01
   2.5168539e-01
   2.4297752e-01
   2.4297753e-01
   2.5112360e-01
   2.6573034e-01
   2.8511236e-01
   3.0589887e-01
   3.2584270e-01
   3.4297753e-01
   3.5533707e-01
   3.6264045e-01
   3.6404494e-01
   3.5983146e-01
   3.5196629e-01
   3.4185393e-01
   3.3061798e-01
   3.1994381e-01
   3.1039325e-01
   3.0337078e-01
   2.9775281e-01
   2.9325842e-01
   2.9044944e-01
   2.8848314e-01
   2.8764045e-01
   2.8820224e-01
   2.9101123e-01
   2.9662921e-01
   3.0533708e-01
   3.1685393e-01
   3.3174157e-01
   3.4943820e-01
   3.6910112e-01
   3.9044944e-01
   4.1207865e-01
   4.3230337e-01
   4.4971910e-01
   4.6235955e-01
   4.6882023e-01
   4.6797752e-01
   4.6039325e-01
   4.4662921e-01
   4.2865168e-01
   4.0898876e-01
   3.8988764e-01
   3.7331460e-01
   3.6123595e-01
   3.5477528e-01
   3.5393258e-01
   3.5983146e-01
   3.7134832e-01
   3.8848315e-01
   4.0926966e-01
   4.3230336e-01
   4.5505618e-01
   4.7500000e-01
   4.8960674e-01
   4.9719101e-01
   4.9747191e-01
   4.8960674e-01
   4.7584269e-01
   4.5814607e-01
   4.3848314e-01
   4.2022472e-01
   4.0561798e-01
   3.9606741e-01
   3.9353933e-01
   3.9831461e-01
   4.0955056e-01
   4.2584269e-01
   4.4578651e-01
   4.6657303e-01
   4.8511236e-01
   5.0056180e-01
   5.1067415e-01
   5.1601123e-01
   5.1685393e-01
   5.1460674e-01
   5.1123595e-01
   5.0842696e-01
   5.0814607e-01
   5.1151685e-01
   5.1853932e-01
   5.2949438e-01
   5.4353932e-01
   5.5870786e-01
   5.7387640e-01
   5.8623595e-01
   5.9382023e-01
   5.9466292e-01
   5.8848314e-01
   5.7528090e-01
   5.5646067e-01
   5.3455056e-01
   5.1235955e-01
   4.9297753e-01
   4.7837078e-01
   4.7134831e-01
   4.7191011e-01
   4.8117977e-01
   4.9719101e-01
   5.1910112e-01
   5.4438202e-01
   5.7050561e-01
   5.9382022e-01
   6.1235955e-01
   6.2387640e-01
   6.2752808e-01
   6.2387640e-01
   6.1488764e-01
   6.0365168e-01
   5.9325843e-01
   5.8707865e-01
   5.8735955e-01
   5.9522472e-01
   6.1011235e-01
   6.3061797e-01
   6.5365169e-01
   6.7668539e-01
   6.9634831e-01
   7.1095505e-01
   7.1769662e-01
   7.1713483e-01
   7.0983145e-01
   6.9719101e-01
   6.8202247e-01
   6.6797753e-01
   6.5758426e-01
   6.5393258e-01
   6.5786516e-01
   6.6910112e-01
   6.8623595e-01
   7.0589888e-01
   7.2556179e-01
   7.4101123e-01
   7.5112360e-01
   7.5365168e-01
   7.4915730e-01
   7.3820224e-01
   7.2359550e-01
   7.0702247e-01
   6.9129213e-01
   6.7949438e-01
   6.7275281e-01
   6.7191010e-01
   6.7724719e-01
   6.8735955e-01
   7.0056179e-01
   7.1376404e-01
   7.2443820e-01
   7.3146067e-01
   7.3258427e-01
   7.2780899e-01
   7.1825842e-01
   7.0449438e-01
   6.8904494e-01
   6.7247190e-01
   6.5674157e-01
   6.4241573e-01
   6.3005618e-01
   6.1966292e-01
   6.1179775e-01
   6.0561797e-01
   6.0000000e-01
   5.9382023e-01
   5.8623595e-01
   5.7584270e-01
   5.6123595e-01
   5.4269663e-01
   5.1966292e-01
   4.9297753e-01
   4.6348315e-01
   4.3314607e-01
   4.0308989e-01
   3.7500000e-01
   3.5084269e-01
   3.3146067e-01
   3.1910112e-01
   3.1320225e-01
   3.1432585e-01
   3.2247191e-01
   3.3483146e-01
   3.4915730e-01
   3.6348314e-01
   3.7528089e-01
   3.8286516e-01
   3.8567416e-01
   3.8398876e-01
   3.7921348e-01
   3.7247191e-01
   3.6573033e-01
   3.5955055e-01
   3.5589887e-01
   3.5477528e-01
   3.5646067e-01
   3.6067415e-01
   3.6685393e-01
   3.7443820e-01
   3.8174157e-01
   3.8792134e-01
   3.9185393e-01
   3.9382022e-01
   3.9297752e-01
   3.9044944e-01
   3.8764045e-01
   3.8595505e-01
   3.8764045e-01
   3.9269662e-01
   4.0224718e-01
   4.1544944e-01
   4.3146067e-01
   4.4859550e-01
   4.6460674e-01
   4.7780898e-01
   4.8651685e-01
   4.8904494e-01
   4.8483146e-01
   4.7303371e-01
   4.5421348e-01
   4.3117977e-01
   4.0561797e-01
   3.8146067e-01
   3.6151685e-01
   3.4887640e-01
   3.4522471e-01
   3.5140449e-01
   3.6657303e-01
   3.8932584e-01
   4.1601123e-01
   4.4438202e-01
   4.7050562e-01
   4.9185393e-01
   5.0561798e-01
   5.1123595e-01
   5.0786517e-01
   4.9691011e-01
   4.8033708e-01
   4.6011236e-01
   4.3988763e-01
   4.2219101e-01
   4.0898876e-01
   4.0084270e-01
   3.9915730e-01
   4.0224719e-01
   4.0955056e-01
   4.1994381e-01
   4.3286517e-01
   4.4691011e-01
   4.6151685e-01
   4.7612359e-01
   4.9044943e-01
   5.0337079e-01
   5.1432584e-01
   5.2303371e-01
   5.2949438e-01
   5.3342696e-01
   5.3483146e-01
   5.3483146e-01
   5.3314607e-01
   5.2949438e-01
   5.2500000e-01
   5.1853932e-01
   5.1179775e-01
   5.0505618e-01
   4.9887640e-01
   4.9438202e-01
   4.9241572e-01
   4.9353932e-01
   4.9719101e-01
   5.0365169e-01
   5.1151686e-01
   5.2106741e-01
   5.3089887e-01
   5.4101123e-01
   5.5000000e-01
   5.5702247e-01
   5.6179775e-01
   5.6348314e-01
   5.6151685e-01
   5.5674157e-01
   5.4915730e-01
   5.3960674e-01
   5.2977528e-01
   5.2078651e-01
   5.1376404e-01
   5.0926966e-01
   5.0730337e-01
   5.0842696e-01
   5.1235955e-01
   5.1825843e-01
   5.2612359e-01
   5.3483145e-01
   5.4382022e-01
   5.5224719e-01
   5.5870786e-01
   5.6235955e-01
   5.6348314e-01
   5.6207865e-01
   5.5758427e-01
   5.5196629e-01
   5.4550561e-01
   5.3904494e-01
   5.3314606e-01
   5.2921348e-01
   5.2808988e-01
   5.3005617e-01
   5.3511236e-01
   5.4353932e-01
   5.5505617e-01
   5.6713483e-01
   5.7837078e-01
   5.8735955e-01
   5.9185393e-01
   5.9129213e-01
   5.8623595e-01
   5.7780899e-01
   5.6797752e-01
   5.5955056e-01
   5.5393258e-01
   5.5308989e-01
   5.5730337e-01
   5.6685393e-01
   5.8061798e-01
   5.9662921e-01
   6.1320224e-01
   6.2837078e-01
   6.4073033e-01
   6.4831460e-01
   6.5112359e-01
   6.4915730e-01
   6.4297753e-01
   6.3539325e-01
   6.2752809e-01
   6.2191011e-01
   6.1994382e-01
   6.2275280e-01
   6.3005618e-01
   6.4101124e-01
   6.5477528e-01
   6.6938202e-01
   6.8426966e-01
   6.9747191e-01
   7.0842697e-01
   7.1601123e-01
   7.2050561e-01
   7.2219101e-01
   7.2106742e-01
   7.1882022e-01
   7.1685393e-01
   7.1713483e-01
   7.2106741e-01
   7.2893258e-01
   7.4101123e-01
   7.5589887e-01
   7.7219101e-01
   7.8735955e-01
   7.9943820e-01
   8.0674157e-01
   8.0870786e-01
   8.0449437e-01
   7.9522471e-01
   7.8202247e-01
   7.6601123e-01
   7.4915730e-01
   7.3258427e-01
   7.1825842e-01
   7.0730337e-01
   7.0056179e-01
   6.9803371e-01
   6.9943820e-01
   7.0393258e-01
   7.0955056e-01
   7.1432584e-01
   7.1741572e-01
   7.1657303e-01
   7.1151685e-01
   7.0140449e-01
   6.8651685e-01
   6.6685393e-01
   6.4325842e-01
   6.1741573e-01
   5.9016853e-01
   5.6460673e-01
   5.4213483e-01
   5.2415730e-01
   5.1123595e-01
   5.0308988e-01
   4.9803370e-01
   4.9410113e-01
   4.8904494e-01
   4.8117977e-01
   4.6853932e-01
   4.5168539e-01
   4.3033708e-01
   4.0674157e-01
   3.8258427e-01
   3.5955056e-01
   3.3960674e-01
   3.2359550e-01
   3.1235955e-01
   3.0589887e-01
   3.0365168e-01
   3.0477528e-01
   3.0702247e-01
   3.0898876e-01
   3.0983146e-01
   3.0842697e-01
   3.0477528e-01
   2.9915730e-01
   2.9269663e-01
   2.8651685e-01
   2.8174157e-01
   2.7893258e-01
   2.7837079e-01
   2.7921348e-01
   2.8089888e-01
   2.8342696e-01
   2.8595505e-01
   2.8792135e-01
   2.9016853e-01
   2.9213483e-01
   2.9353932e-01
   2.9494382e-01
   2.9494382e-01
   2.9382022e-01
   2.9101124e-01
   2.8623596e-01
   2.7949438e-01
   2.7106741e-01
   2.6151685e-01
   2.5196629e-01
   2.4353933e-01
   2.3764045e-01
   2.3567416e-01
   2.3848314e-01
   2.4691011e-01
   2.6011235e-01
   2.7612359e-01
   2.9297752e-01
   3.0758427e-01
   3.1769663e-01
   3.2134831e-01
   3.1853932e-01
   3.1011236e-01
   2.9887640e-01
   2.8735955e-01
   2.7865168e-01
   2.7556179e-01
   2.7865168e-01
   2.8932584e-01
   3.0617977e-01
   3.2752809e-01
   3.5224719e-01
   3.7696629e-01
   4.0000000e-01
   4.1882022e-01
   4.3258427e-01
   4.3960674e-01
   4.4101123e-01
   4.3764045e-01
   4.3061798e-01
   4.2275280e-01
   4.1601123e-01
   4.1235955e-01
   4.1292134e-01
   4.1853933e-01
   4.2893258e-01
   4.4438202e-01
   4.6292135e-01
   4.8314607e-01
   5.0280898e-01
   5.1994382e-01
   5.3202247e-01
   5.3820224e-01
   5.3735955e-01
   5.3061798e-01
   5.2022471e-01
   5.0814607e-01
   4.9803370e-01
   4.9241572e-01
   4.9269663e-01
   4.9943820e-01
   5.1207865e-01
   5.2837079e-01
   5.4606741e-01
   5.6292135e-01
   5.7752809e-01
   5.8876405e-01
   5.9719101e-01
   6.0252809e-01
   6.0646067e-01
   6.0983146e-01
   6.1404494e-01
   6.1938202e-01
   6.2612359e-01
   6.3455056e-01
   6.4297753e-01
   6.5112359e-01
   6.5730337e-01
   6.6123595e-01
   6.6151686e-01
   6.5926966e-01
   6.5449438e-01
   6.4831460e-01
   6.4185393e-01
   6.3567416e-01
   6.3005618e-01
   6.2443820e-01
   6.1966292e-01
   6.1488764e-01
   6.1067415e-01
   6.0758427e-01
   6.0730337e-01
   6.1067415e-01
   6.1741573e-01
   6.2865168e-01
   6.4241573e-01
   6.5730337e-01
   6.7162921e-01
   6.8286516e-01
   6.8988764e-01
   6.9129213e-01
   6.8764044e-01
   6.7949438e-01
   6.6769662e-01
   6.5533708e-01
   6.4410113e-01
   6.3567415e-01
   6.3258426e-01
   6.3511236e-01
   6.4325842e-01
   6.5533708e-01
   6.7022472e-01
   6.8511235e-01
   6.9719100e-01
   7.0505617e-01
   7.0786516e-01
   7.0561798e-01
   6.9859550e-01
   6.8876404e-01
   6.7640449e-01
   6.6404494e-01
   6.5196629e-01
   6.4157303e-01
   6.3370786e-01
   6.2921348e-01
   6.2865168e-01
   6.3202247e-01
   6.4016853e-01
   6.5112359e-01
   6.6460674e-01
   6.7865168e-01
   6.9185393e-01
   7.0252809e-01
   7.0955056e-01
   7.1179775e-01
   7.0955056e-01
   7.0280899e-01
   6.9213483e-01
   6.7921348e-01
   6.6629214e-01
   6.5421348e-01
   6.4634831e-01
   6.4353932e-01
   6.4662921e-01
   6.5533708e-01
   6.6853932e-01
   6.8342696e-01
   6.9775281e-01
   7.0955056e-01
   7.1657304e-01
   7.1797752e-01
   7.1460674e-01
   7.0730337e-01
   6.9831460e-01
   6.8960674e-01
   6.8258427e-01
   6.7893258e-01
   6.7893258e-01
   6.8230337e-01
   6.8707865e-01
   6.9213483e-01
   6.9466292e-01
   6.9269663e-01
   6.8483145e-01
   6.7022471e-01
   6.4971910e-01
   6.2584269e-01
   6.0084270e-01
   5.7865168e-01
   5.6235955e-01
   5.5337078e-01
   5.5308989e-01
   5.6095505e-01
   5.7528090e-01
   5.9410112e-01
   6.1516853e-01
   6.3651685e-01
   6.5617977e-01
   6.7247190e-01
   6.8426966e-01
   6.9016854e-01
   6.8960674e-01
   6.8202247e-01
   6.6797753e-01
   6.4831460e-01
   6.2471910e-01
   5.9971910e-01
   5.7528090e-01
   5.5421348e-01
   5.3820225e-01
   5.2921348e-01
   5.2780899e-01
   5.3342696e-01
   5.4578651e-01
   5.6207865e-01
   5.8033707e-01
   5.9691011e-01
   6.0955056e-01
   6.1601124e-01
   6.1544944e-01
   6.0870786e-01
   5.9719101e-01
   5.8342696e-01
   5.7050561e-01
   5.6123595e-01
   5.5674157e-01
   5.5842697e-01
   5.6573033e-01
   5.7752809e-01
   5.9241573e-01
   6.0814607e-01
   6.2331460e-01
   6.3651685e-01
   6.4578652e-01
   6.5084269e-01
   6.5140449e-01
   6.4691011e-01
   6.3848314e-01
   6.2668539e-01
   6.1292135e-01
   5.9915730e-01
   5.8623595e-01
   5.7584269e-01
   5.6853932e-01
   5.6544944e-01
   5.6601123e-01
   5.6994382e-01
   5.7668539e-01
   5.8483146e-01
   5.9353932e-01
   6.0140449e-01
   6.0730337e-01
   6.1067416e-01
   6.1207865e-01
   6.1179775e-01
   6.1123595e-01
   6.1095506e-01
   6.1179775e-01
   6.1460674e-01
   6.1853932e-01
   6.2359550e-01
   6.2893258e-01
   6.3455056e-01
   6.4044943e-01
   6.4775281e-01
   6.5758427e-01
   6.7106741e-01
   6.8904494e-01
   7.1179775e-01
   7.3820225e-01
   7.6685393e-01
   7.9578652e-01
   8.2303370e-01
   8.4747191e-01
   8.6825843e-01
   8.8595505e-01
   9.0084269e-01
   9.1292135e-01
   9.2219101e-01
   9.2752808e-01
   9.2696629e-01
   9.1769662e-01
   8.9662921e-01
   8.6235955e-01
   8.1404494e-01
   7.5393258e-01
   6.8707865e-01
   6.1910112e-01
   5.5758427e-01
   5.0870786e-01
   4.7724719e-01
   4.6573034e-01
   4.7219101e-01
   4.9353932e-01
   5.2331460e-01
   5.5533708e-01
   5.8398877e-01
   6.0393258e-01
   6.1348315e-01
   6.1179775e-01
   6.0028090e-01
   5.8202246e-01
   5.5983146e-01
   5.3707865e-01
   5.1685393e-01
   5.0084270e-01
   4.9073033e-01
   4.8679775e-01
   4.8764045e-01
   4.9129214e-01
   4.9522472e-01
   4.9662921e-01
   4.9325842e-01
   4.8426966e-01
   4.6910113e-01
   4.4971910e-01
   4.2808989e-01
   4.0702247e-01
   3.9016854e-01
   3.7921348e-01
   3.7696629e-01
   3.8370786e-01
   3.9887640e-01
   4.2134831e-01
   4.4859550e-01
   4.7612359e-01
   5.0084270e-01
   5.1797753e-01
   5.2528090e-01
   5.2050561e-01
   5.0449438e-01
   4.7977528e-01
   4.4915730e-01
   4.1825842e-01
   3.9101123e-01
   3.7134831e-01
   3.6207865e-01
   3.6348315e-01
   3.7500000e-01
   3.9466292e-01
   4.1882022e-01
   4.4466291e-01
   4.6825842e-01
   4.8623595e-01
   4.9606742e-01
   4.9691011e-01
   4.8876404e-01
   4.7275281e-01
   4.5140449e-01
   4.2837079e-01
   4.0561797e-01
   3.8707865e-01
   3.7331460e-01
   3.6601123e-01
   3.6460674e-01
   3.6853932e-01
   3.7668539e-01
   3.8820224e-01
   4.0196629e-01
   4.1713483e-01
   4.3258426e-01
   4.4775280e-01
   4.6123596e-01
   4.7247191e-01
   4.8089887e-01
   4.8651685e-01
   4.8904494e-01
   4.8932584e-01
   4.8651685e-01
   4.8146068e-01
   4.7387640e-01
   4.6376404e-01
   4.5168540e-01
   4.3876405e-01
   4.2556179e-01
   4.1320224e-01
   4.0308989e-01
   3.9606742e-01
   3.9325842e-01
   3.9410112e-01
   3.9887640e-01
   4.0617977e-01
   4.1516854e-01
   4.2528090e-01
   4.3539326e-01
   4.4382023e-01
   4.4915730e-01
   4.5112359e-01
   4.4803371e-01
   4.4016853e-01
   4.2780899e-01
   4.1207865e-01
   3.9438202e-01
   3.7696629e-01
   3.6123595e-01
   3.4831460e-01
   3.3932584e-01
   3.3511236e-01
   3.3511236e-01
   3.4044944e-01
   3.4999999e-01
   3.6348315e-01
   3.7949438e-01
   3.9634831e-01
   4.1151685e-01
   4.2359550e-01
   4.3061797e-01
   4.3146067e-01
   4.2668539e-01
   4.1741573e-01
   4.0561797e-01
   3.9382022e-01
   3.8426966e-01
   3.7893258e-01
   3.7893259e-01
   3.8483146e-01
   3.9634831e-01
   4.1207865e-01
   4.3089888e-01
   4.5028090e-01
   4.6853932e-01
   4.8314607e-01
   4.9269663e-01
   4.9634831e-01
   4.9438202e-01
   4.8820225e-01
   4.7977528e-01
   4.7078652e-01
   4.6376404e-01
   4.5983146e-01
   4.5955056e-01
   4.6292135e-01
   4.6853932e-01
   4.7584269e-01
   4.8314607e-01
   4.8960674e-01
   4.9325842e-01
   4.9382022e-01
   4.9073034e-01
   4.8342697e-01
   4.7275281e-01
   4.5955056e-01
   4.4550562e-01
   4.3258427e-01
   4.2331460e-01
   4.1882022e-01
   4.2050562e-01
   4.2837078e-01
   4.4241573e-01
   4.6123595e-01
   4.8314607e-01
   5.0589887e-01
   5.2780899e-01
   5.4662921e-01
   5.6039326e-01
   5.6769662e-01
   5.6825843e-01
   5.6179775e-01
   5.4943820e-01
   5.3342696e-01
   5.1629213e-01
   5.0084270e-01
   4.8904494e-01
   4.8230337e-01
   4.8117978e-01
   4.8511236e-01
   4.9297753e-01
   5.0308988e-01
   5.1432584e-01
   5.2443820e-01
   5.3286516e-01
   5.3848314e-01
   5.4044944e-01
   5.3904494e-01
   5.3398876e-01
   5.2668539e-01
   5.1825843e-01
   5.1011236e-01
   5.0393258e-01
   5.0112359e-01
   5.0112359e-01
   5.0449438e-01
   5.1039326e-01
   5.1629213e-01
   5.2191011e-01
   5.2556180e-01
   5.2668539e-01
   5.2471910e-01
   5.2022471e-01
   5.1292135e-01
   5.0393258e-01
   4.9382023e-01
   4.8342696e-01
   4.7359551e-01
   4.6488764e-01
   4.5758427e-01
   4.5224719e-01
   4.4831460e-01
   4.4634831e-01
   4.4550562e-01
   4.4606741e-01
   4.4803371e-01
   4.5224719e-01
   4.5870786e-01
   4.6685393e-01
   4.7612359e-01
   4.8539326e-01
   4.9325842e-01
   4.9803371e-01
   4.9971910e-01
   4.9859550e-01
   4.9578652e-01
   4.9382022e-01
   4.9410112e-01
   4.9915730e-01
   5.0898876e-01
   5.2275281e-01
   5.3876404e-01
   5.5449438e-01
   5.6601123e-01
   5.7078651e-01
   5.6685393e-01
   5.5308989e-01
   5.3061797e-01
   5.0168539e-01
   4.6966292e-01
   4.3876404e-01
   4.1320224e-01
   3.9662921e-01
   3.9157303e-01
   3.9747191e-01
   4.1235955e-01
   4.3342696e-01
   4.5646067e-01
   4.7668539e-01
   4.9129214e-01
   4.9803370e-01
   4.9662921e-01
   4.8904494e-01
   4.7668539e-01
   4.6320224e-01
   4.5056180e-01
   4.4185393e-01
   4.3848314e-01
   4.4101123e-01
   4.4943820e-01
   4.6348314e-01
   4.8174157e-01
   5.0112359e-01
   5.2022472e-01
   5.3567416e-01
   5.4606741e-01
   5.4943820e-01
   5.4522472e-01
   5.3426966e-01
   5.1741572e-01
   4.9719101e-01
   4.7500000e-01
   4.5393258e-01
   4.3595506e-01
   4.2303370e-01
   4.1629213e-01
   4.1629213e-01
   4.2387640e-01
   4.3735955e-01
   4.5477528e-01
   4.7415730e-01
   4.9297753e-01
   5.0898876e-01
   5.2106741e-01
   5.2780899e-01
   5.3033708e-01
   5.2893258e-01
   5.2528090e-01
   5.2078651e-01
   5.1544944e-01
   5.1011235e-01
   5.0449438e-01
   4.9915730e-01
   4.9438202e-01
   4.8960674e-01
   4.8567416e-01
   4.8258427e-01
   4.8033708e-01
   4.7921348e-01
   4.7949438e-01
   4.8089887e-01
   4.8314607e-01
   4.8707865e-01
   4.9185393e-01
   4.9747191e-01
   5.0365168e-01
   5.0955056e-01
   5.1460674e-01
   5.1797753e-01
   5.1938203e-01
   5.1938203e-01
   5.1825843e-01
   5.1685393e-01
   5.1544943e-01
   5.1460674e-01
   5.1376404e-01
   5.1348314e-01
   5.1348315e-01
   5.1376404e-01
   5.1376404e-01
   5.1460674e-01
   5.1573034e-01
   5.1685393e-01
   5.1825843e-01
   5.1938202e-01
   5.1994382e-01
   5.1938202e-01
   5.1797753e-01
   5.1573033e-01
   5.1264044e-01
   5.0898876e-01
   5.0393258e-01
   4.9803370e-01
   4.9044943e-01
   4.8202247e-01
   4.7303370e-01
   4.6516853e-01
   4.6011236e-01
   4.5842696e-01
   4.6179775e-01
   4.6994382e-01
   4.8146067e-01
   4.9550562e-01
   5.0955056e-01
   5.2219101e-01
   5.3146067e-01
   5.3679775e-01
   5.3764044e-01
   5.3398876e-01
   5.2752809e-01
   5.1882022e-01
   5.1011236e-01
   5.0280898e-01
   4.9831460e-01
   4.9662921e-01
   4.9887641e-01
   5.0365169e-01
   5.1067415e-01
   5.1769662e-01
   5.2415730e-01
   5.2949438e-01
   5.3230337e-01
   5.3342697e-01
   5.3258427e-01
   5.3005618e-01
   5.2584269e-01
   5.2022471e-01
   5.1292135e-01
   5.0449438e-01
   4.9634831e-01
   4.8848314e-01
   4.8342697e-01
   4.8117977e-01
   4.8258426e-01
   4.8764045e-01
   4.9550561e-01
   5.0533708e-01
   5.1544944e-01
   5.2443820e-01
   5.3258427e-01
   5.3876404e-01
   5.4297752e-01
   5.4578652e-01
   5.4634831e-01
   5.4578651e-01
   5.4410112e-01
   5.4157304e-01
   5.3876404e-01
   5.3595505e-01
   5.3370786e-01
   5.3146067e-01
   5.2949438e-01
   5.2668539e-01
   5.2275281e-01
   5.1769663e-01
   5.1151685e-01
   5.0505618e-01
   4.9887640e-01
   4.9410112e-01
   4.9101124e-01
   4.8960674e-01
   4.8988764e-01
   4.9073034e-01
   4.9241573e-01
   4.9325842e-01
   4.9353932e-01
   4.9241572e-01
   4.9044943e-01
   4.8735954e-01
   4.8426965e-01
   4.8117977e-01
   4.8005617e-01
   4.8146068e-01
   4.8623595e-01
   4.9466292e-01
   5.0561798e-01
   5.1882022e-01
   5.3202247e-01
   5.4241572e-01
   5.4859550e-01
   5.4887640e-01
   5.4325842e-01
   5.3146067e-01
   5.1601124e-01
   4.9775281e-01
   4.7977528e-01
   4.6404494e-01
   4.5280898e-01
   4.4775281e-01
   4.5000000e-01
   4.6039325e-01
   4.7808988e-01
   5.0224719e-01
   5.3033707e-01
   5.5983145e-01
   5.8707865e-01
   6.0870786e-01
   6.2219101e-01
   6.2668539e-01
   6.2106741e-01
   6.0617978e-01
   5.8370786e-01
   5.5589888e-01
   5.2500000e-01
   4.9494382e-01
   4.6769663e-01
   4.4634831e-01
   4.3314607e-01
   4.2977528e-01
   4.3623595e-01
   4.5280899e-01
   4.7668539e-01
   5.0589887e-01
   5.3651685e-01
   5.6601123e-01
   5.9129213e-01
   6.1039325e-01
   6.2191011e-01
   6.2584269e-01
   6.2275280e-01
   6.1292135e-01
   5.9915730e-01
   5.8174157e-01
   5.6348314e-01
   5.4578651e-01
   5.3033707e-01
   5.1825843e-01
   5.0983146e-01
   5.0505618e-01
   5.0365168e-01
   5.0449438e-01
   5.0702247e-01
   5.1067415e-01
   5.1516854e-01
   5.1938202e-01
   5.2275281e-01
   5.2499999e-01
   5.2471910e-01
   5.2191011e-01
   5.1629213e-01
   5.0870786e-01
   5.0028090e-01
   4.9297753e-01
   4.8764045e-01
   4.8567415e-01
   4.8707865e-01
   4.9073034e-01
   4.9550562e-01
   4.9999999e-01
   5.0280899e-01
   5.0252809e-01
   4.9943820e-01
   4.9353932e-01
   4.8511236e-01
   4.7528090e-01
   4.6573034e-01
   4.5730337e-01
   4.5056180e-01
   4.4691011e-01
   4.4634831e-01
   4.4859551e-01
   4.5365168e-01
   4.6011236e-01
   4.6713483e-01
   4.7415730e-01
   4.8005617e-01
   4.8455056e-01
   4.8848314e-01
   4.9157303e-01
   4.9438202e-01
   4.9691011e-01
   4.9943820e-01
   5.0084269e-01
   5.0056180e-01
   4.9887640e-01
   4.9494382e-01
   4.8960674e-01
   4.8286517e-01
   4.7500000e-01
   4.6629213e-01
   4.5702247e-01
   4.4775280e-01
   4.3820225e-01
   4.2893258e-01
   4.2162922e-01
   4.1685393e-01
   4.1488764e-01
   4.1657303e-01
   4.2247190e-01
   4.3117977e-01
   4.4269663e-01
   4.5561797e-01
   4.6882022e-01
   4.8061797e-01
   4.9044943e-01
   4.9634831e-01
   4.9831461e-01
   4.9522471e-01
   4.8735954e-01
   4.7584269e-01
   4.6264045e-01
   4.4915730e-01
   4.3820224e-01
   4.3117978e-01
   4.2949438e-01
   4.3286517e-01
   4.3988763e-01
   4.4943820e-01
   4.5926966e-01
   4.6713483e-01
   4.7247191e-01
   4.7443820e-01
   4.7275281e-01
   4.6797752e-01
   4.6067416e-01
   4.5224719e-01
   4.4325843e-01
   4.3511236e-01
   4.2893258e-01
   4.2500000e-01
   4.2331460e-01
   4.2500000e-01
   4.2865168e-01
   4.3398876e-01
   4.4044944e-01
   4.4747191e-01
   4.5449438e-01
   4.6179775e-01
   4.6853932e-01
   4.7500000e-01
   4.8061797e-01
   4.8426966e-01
   4.8623595e-01
   4.8567415e-01
   4.8314607e-01
   4.7893258e-01
   4.7415730e-01
   4.6910112e-01
   4.6544944e-01
   4.6207864e-01
   4.6039325e-01
   4.5926966e-01
   4.5870786e-01
   4.5870786e-01
   4.5898876e-01
   4.6039325e-01
   4.6264045e-01
   4.6516854e-01
   4.6882023e-01
   4.7247191e-01
   4.7640449e-01
   4.8061797e-01
   4.8539325e-01
   4.9101124e-01
   4.9803370e-01
   5.0646067e-01
   5.1544943e-01
   5.2499999e-01
   5.3370786e-01
   5.4129213e-01
   5.4662921e-01
   5.4971910e-01
   5.5084270e-01
   5.5000000e-01
   5.4775281e-01
   5.4353932e-01
   5.3792134e-01
   5.3146067e-01
   5.2359550e-01
   5.1544943e-01
   5.0786517e-01
   5.0168539e-01
   4.9831461e-01
   4.9859550e-01
   5.0196629e-01
   5.0926966e-01
   5.1938203e-01
   5.3146067e-01
   5.4438202e-01
   5.5646067e-01
   5.6629214e-01
   5.7275280e-01
   5.7415730e-01
   5.6994382e-01
   5.6067416e-01
   5.4775281e-01
   5.3314607e-01
   5.1966292e-01
   5.0955056e-01
   5.0477527e-01
   5.0646067e-01
   5.1376404e-01
   5.2640449e-01
   5.4157303e-01
   5.5730337e-01
   5.7078651e-01
   5.8033707e-01
   5.8455056e-01
   5.8230337e-01
   5.7415730e-01
   5.6039326e-01
   5.4269662e-01
   5.2331460e-01
   5.0477528e-01
   4.8876404e-01
   4.7752809e-01
   4.7162921e-01
   4.7106741e-01
   4.7471910e-01
   4.8146067e-01
   4.8988764e-01
   4.9915730e-01
   5.0758427e-01
   5.1573034e-01
   5.2415730e-01
   5.3286516e-01
   5.4213483e-01
   5.5168539e-01
   5.6235955e-01
   5.7275280e-01
   5.8286517e-01
   5.9185393e-01
   5.9915730e-01
   6.0308988e-01
   6.0393258e-01
   6.0028090e-01
   5.9185394e-01
   5.7865168e-01
   5.6207865e-01
   5.4410112e-01
   5.2668539e-01
   5.1179775e-01
   5.0196629e-01
   4.9859550e-01
   5.0168539e-01
   5.1095506e-01
   5.2528089e-01
   5.4325843e-01
   5.6235955e-01
   5.8061797e-01
   5.9578651e-01
   6.0505618e-01
   6.0730336e-01
   6.0168539e-01
   5.8792134e-01
   5.6741573e-01
   5.4269663e-01
   5.1685393e-01
   4.9382022e-01
   4.7668539e-01
   4.6853933e-01
   4.7022472e-01
   4.8202247e-01
   5.0308989e-01
   5.3061798e-01
   5.6179775e-01
   5.9325842e-01
   6.2078652e-01
   6.4129213e-01
   6.5252809e-01
   6.5337078e-01
   6.4438202e-01
   6.2696629e-01
   6.0421348e-01
   5.8005618e-01
   5.5814606e-01
   5.4101124e-01
   5.3117977e-01
   5.2949438e-01
   5.3483146e-01
   5.4606741e-01
   5.6067416e-01
   5.7612359e-01
   5.8988763e-01
   5.9943820e-01
   6.0308988e-01
   6.0000000e-01
   5.8960674e-01
   5.7331460e-01
   5.5280899e-01
   5.3033708e-01
   5.0955056e-01
   4.9297753e-01
   4.8230337e-01
   4.7893258e-01
   4.8258426e-01
   4.9241573e-01
   5.0533708e-01
   5.2022471e-01
   5.3455056e-01
   5.4578652e-01
   5.5337078e-01
   5.5589887e-01
   5.5308989e-01
   5.4522472e-01
   5.3314607e-01
   5.1769662e-01
   5.0140449e-01
   4.8539325e-01
   4.7247191e-01
   4.6292135e-01
   4.5786517e-01
   4.5702247e-01
   4.6039325e-01
   4.6601123e-01
   4.7359550e-01
   4.8174157e-01
   4.8932584e-01
   4.9550562e-01
   4.9943820e-01
   5.0084270e-01
   4.9943820e-01
   4.9494382e-01
   4.8876404e-01
   4.8174157e-01
   4.7612359e-01
   4.7247191e-01
   4.7191011e-01
   4.7471910e-01
   4.8033708e-01
   4.8707865e-01
   4.9382022e-01
   4.9915730e-01
   5.0140449e-01
   5.0056180e-01
   4.9634831e-01
   4.8988764e-01
   4.8174157e-01
   4.7359551e-01
   4.6629213e-01
   4.6151685e-01
   4.6011236e-01
   4.6292135e-01
   4.6966292e-01
   4.7977528e-01
   4.9157303e-01
   5.0280899e-01
   5.1123595e-01
   5.1544943e-01
   5.1376404e-01
   5.0646067e-01
   4.9353932e-01
   4.7696629e-01
   4.5814607e-01
   4.3848314e-01
   4.2050562e-01
   4.0533707e-01
   3.9466292e-01
   3.8960673e-01
   3.9101123e-01
   3.9887640e-01
   4.1292135e-01
   4.3146067e-01
   4.5224719e-01
   4.7219101e-01
   4.8932584e-01
   5.0112359e-01
   5.0646067e-01
   5.0533708e-01
   4.9887640e-01
   4.8876404e-01
   4.7780899e-01
   4.6825843e-01
   4.6207865e-01
   4.6123596e-01
   4.6685393e-01
   4.7808989e-01
   4.9410112e-01
   5.1264044e-01
   5.3061798e-01
   5.4550561e-01
   5.5421348e-01
   5.5449438e-01
   5.4634832e-01
   5.3005617e-01
   5.0786516e-01
   4.8342696e-01
   4.5955056e-01
   4.4044944e-01
   4.2808989e-01
   4.2443820e-01
   4.2921348e-01
   4.4269663e-01
   4.6264045e-01
   4.8707865e-01
   5.1207865e-01
   5.3511236e-01
   5.5308989e-01
   5.6376405e-01
   5.6544944e-01
   5.5870786e-01
   5.4522472e-01
   5.2724719e-01
   5.0842697e-01
   4.9129214e-01
   4.7893258e-01
   4.7219101e-01
   4.7219101e-01
   4.7837078e-01
   4.8876404e-01
   5.0196629e-01
   5.1573033e-01
   5.2780899e-01
   5.3651685e-01
   5.4016854e-01
   5.3848314e-01
   5.3089887e-01
   5.1910112e-01
   5.0477528e-01
   4.9016854e-01
   4.7808989e-01
   4.7050561e-01
   4.6853932e-01
   4.7275281e-01
   4.8174157e-01
   4.9438202e-01
   5.0814606e-01
   5.2078652e-01
   5.3033708e-01
   5.3511236e-01
   5.3370786e-01
   5.2724719e-01
   5.1573034e-01
   5.0140449e-01
   4.8707865e-01
   4.7556180e-01
   4.6910113e-01
   4.6938202e-01
   4.7612359e-01
   4.8876404e-01
   5.0449438e-01
   5.1994382e-01
   5.3174157e-01
   5.3764045e-01
   5.3651685e-01
   5.2865168e-01
   5.1573033e-01
   4.9971910e-01
   4.8398876e-01
   4.7134831e-01
   4.6404495e-01
   4.6292134e-01
   4.6910113e-01
   4.8174157e-01
   4.9971910e-01
   5.2078651e-01
   5.4213483e-01
   5.6123595e-01
   5.7612360e-01
   5.8426966e-01
   5.8567415e-01
   5.8033707e-01
   5.6966292e-01
   5.5505618e-01
   5.3904494e-01
   5.2331460e-01
   5.0926966e-01
   4.9803370e-01
   4.9044943e-01
   4.8679775e-01
   4.8651685e-01
   4.8960674e-01
   4.9494382e-01
   5.0112359e-01
   5.0617977e-01
   5.0870786e-01
   5.0758427e-01
   5.0252809e-01
   4.9297753e-01
   4.8117977e-01
   4.6769663e-01
   4.5589887e-01
   4.4634831e-01
   4.4129213e-01
   4.4157303e-01
   4.4691011e-01
   4.5702247e-01
   4.7022472e-01
   4.8511236e-01
   4.9971910e-01
   5.1179775e-01
   5.1938203e-01
   5.2106741e-01
   5.1685393e-01
   5.0702247e-01
   4.9325842e-01
   4.7752809e-01
   4.6207865e-01
   4.4859551e-01
   4.3876405e-01
   4.3314607e-01
   4.3174157e-01
   4.3426966e-01
   4.4129213e-01
   4.5140449e-01
   4.6516853e-01
   4.8117977e-01
   4.9887640e-01
   5.1601123e-01
   5.3146067e-01
   5.4269663e-01
   5.4859550e-01
   5.4887640e-01
   5.4382022e-01
   5.3483146e-01
   5.2387640e-01
   5.1320224e-01
   5.0337079e-01
   4.9691011e-01
   4.9325842e-01
   4.9241572e-01
   4.9382022e-01
   4.9578652e-01
   4.9831460e-01
   4.9971910e-01
   4.9971910e-01
   4.9859551e-01
   4.9606742e-01
   4.9325842e-01
   4.9129214e-01
   4.9073033e-01
   4.9213482e-01
   4.9522472e-01
   4.9887640e-01
   5.0224719e-01
   5.0337078e-01
   5.0168539e-01
   4.9662921e-01
   4.8904494e-01
   4.8033708e-01
   4.7162921e-01
   4.6573034e-01
   4.6320224e-01
   4.6516854e-01
   4.7191011e-01
   4.8230337e-01
   4.9606741e-01
   5.1179775e-01
   5.2808988e-01
   5.4325842e-01
   5.5561797e-01
   5.6376405e-01
   5.6629213e-01
   5.6264045e-01
   5.5308989e-01
   5.3792134e-01
   5.1910112e-01
   4.9831460e-01
   4.7752809e-01
   4.5955056e-01
   4.4606741e-01
   4.3876405e-01
   4.3848315e-01
   4.4606741e-01
   4.6123596e-01
   4.8258427e-01
   5.0786517e-01
   5.3370787e-01
   5.5674157e-01
   5.7359550e-01
   5.8230337e-01
   5.8146067e-01
   5.7162921e-01
   5.5505617e-01
   5.3539326e-01
   5.1516854e-01
   4.9831460e-01
   4.8735954e-01
   4.8314606e-01
   4.8623596e-01
   4.9550561e-01
   5.0955056e-01
   5.2612359e-01
   5.4297753e-01
   5.5814607e-01
   5.6882022e-01
   5.7471910e-01
   5.7471910e-01
   5.6882022e-01
   5.5870786e-01
   5.4719101e-01
   5.3567416e-01
   5.2752809e-01
   5.2500000e-01
   5.2865169e-01
   5.3960674e-01
   5.5674157e-01
   5.7808989e-01
   6.0168539e-01
   6.2443820e-01
   6.4382022e-01
   6.5730337e-01
   6.6348314e-01
   6.6095505e-01
   6.5140449e-01
   6.3567415e-01
   6.1657303e-01
   5.9691011e-01
   5.7949438e-01
   5.6516854e-01
   5.5533707e-01
   5.4887640e-01
   5.4522472e-01
   5.4269663e-01
   5.4073034e-01
   5.3848314e-01
   5.3679776e-01
   5.3595505e-01
   5.3679775e-01
   5.3988764e-01
   5.4466292e-01
   5.5084269e-01
   5.5702247e-01
   5.6179775e-01
   5.6432584e-01
   5.6432584e-01
   5.6151685e-01
   5.5730337e-01
   5.5280899e-01
   5.4915730e-01
   5.4859550e-01
   5.5308989e-01
   5.6348314e-01
   5.7977528e-01
   6.0196629e-01
   6.2808988e-01
   6.5674157e-01
   6.8567415e-01
   7.1348314e-01
   7.3904494e-01
   7.6235955e-01
   7.8455056e-01
   8.0702247e-01
   8.2921348e-01
   8.5252809e-01
   8.7528089e-01
   8.9634831e-01
   9.1376404e-01
   9.2612360e-01
   9.3202247e-01
   9.3202247e-01
   9.2724719e-01
   9.1938202e-01
   9.1067416e-01
   9.0393258e-01
   9.0056179e-01
   9.0280898e-01
   9.1067415e-01
   9.2387640e-01
   9.4129213e-01
   9.6039326e-01
   9.7865168e-01
   9.9269662e-01
   1.0000000e+00
   9.9831460e-01
   9.8679775e-01
   9.6629213e-01
   9.3792135e-01
   9.0449438e-01
   8.6994382e-01
   8.3707865e-01
   8.0842697e-01
   7.8623595e-01
   7.7134831e-01
   7.6292135e-01
   7.6039326e-01
   7.6151685e-01
   7.6376405e-01
   7.6460674e-01
   7.6095505e-01
   7.5112359e-01
   7.3539326e-01
   7.1292134e-01
   6.8651685e-01
   6.5786516e-01
   6.3005618e-01
   6.0505618e-01
   5.8567415e-01
   5.7162921e-01
   5.6292134e-01
   5.5898877e-01
   5.5870786e-01
   5.6095505e-01
   5.6460674e-01
   5.6910112e-01
   5.7331460e-01
   5.7668539e-01
   5.7865168e-01
   5.7865168e-01
   5.7640449e-01
   5.7219101e-01
   5.6629213e-01
   5.5870786e-01
   5.5028089e-01
   5.4101123e-01
   5.3117977e-01
   5.2078652e-01
   5.0983146e-01
   4.9803371e-01
   4.8623596e-01
   4.7415730e-01
   4.6264044e-01
   4.5112359e-01
   4.4073034e-01
   4.3061797e-01
   4.2134831e-01
   4.1207865e-01
   4.0308989e-01
   3.9494382e-01
   3.8679775e-01
   3.7837078e-01
   3.6994382e-01
   3.6123595e-01
   3.5168539e-01
   3.4269662e-01
   3.3483146e-01
   3.2893258e-01
   3.2640449e-01
   3.2752809e-01
   3.3230337e-01
   3.3988764e-01
   3.4747191e-01
   3.5393259e-01
   3.5617977e-01
   3.5365168e-01
   3.4466292e-01
   3.3005617e-01
   3.1067415e-01
   2.8735955e-01
   2.6179775e-01
   2.3567416e-01
   2.1039326e-01
   1.8764044e-01
   1.6882022e-01
   1.5533708e-01
   1.4803370e-01
   1.4747191e-01
   1.5365168e-01
   1.6516854e-01
   1.7977528e-01
   1.9522471e-01
   2.0898876e-01
   2.1853932e-01
   2.2134831e-01
   2.1629213e-01
   2.0280899e-01
   1.8089887e-01
   1.5224719e-01
   1.1966292e-01
   8.6516852e-02
   5.5337079e-02
   2.9775275e-02
   1.1516856e-02
   1.6853908e-03
   0.0000000e+00
   4.4943817e-03
   1.3764044e-02
   2.5280893e-02
   3.7078654e-02
   4.8033706e-02
   5.7303368e-02
   6.4887639e-02
   7.0505615e-02
   7.3876403e-02
   7.5561794e-02
   7.4719098e-02
   7.2191012e-02
   6.8258421e-02
   6.3764045e-02
   5.9269658e-02
   5.6460673e-02
   5.5617977e-02
   5.6460667e-02
   5.9550556e-02
   6.3764045e-02
   6.9382021e-02
   7.5561800e-02
   8.2303369e-02
   8.9044939e-02
   9.6348311e-02
   1.0308989e-01
   1.0983146e-01
   1.1601124e-01
   1.2162921e-01
   1.2668539e-01
   1.3117978e-01
   1.3511236e-01
   1.3820225e-01
   1.4016854e-01
   1.4157303e-01
   1.4157303e-01
   1.4044944e-01
   1.3988764e-01
   1.3904494e-01
   1.4044944e-01
   1.4353932e-01
   1.4943820e-01
   1.5758427e-01
   1.6741572e-01
   1.7893258e-01
   1.9073033e-01
   2.0224719e-01
   2.1320225e-01
   2.2303371e-01
   2.3117977e-01
   2.3651685e-01
   2.3904494e-01
   2.3764045e-01
   2.3314606e-01
   2.2556180e-01
   2.1741573e-01
   2.1095505e-01
   2.0870787e-01
   2.1292135e-01
   2.2471910e-01
   2.4382022e-01
   2.6910112e-01
   2.9803370e-01
   3.2808988e-01
   3.5589887e-01
   3.8005617e-01
   3.9859550e-01
   4.1067416e-01
   4.1657303e-01
   4.1713483e-01
   4.1432584e-01
   4.0926966e-01
   4.0393258e-01
   3.9943821e-01
