   8.8509731e-01
   8.4857372e-01
   7.9338843e-01
   7.3073847e-01
   6.7208745e-01
   6.2569981e-01
   5.9584111e-01
   5.8117835e-01
   5.7797921e-01
   5.8037857e-01
   5.8224473e-01
   5.8011197e-01
   5.7238070e-01
   5.6011730e-01
   5.4572114e-01
   5.3159158e-01
   5.2092776e-01
   5.1426286e-01
   5.1213010e-01
   5.1426287e-01
   5.1906159e-01
   5.2545988e-01
   5.3265796e-01
   5.3958944e-01
   5.4465476e-01
   5.4758731e-01
   5.4758731e-01
   5.4492135e-01
   5.3932285e-01
   5.3319115e-01
   5.2732605e-01
   5.2306052e-01
   5.2306052e-01
   5.2812583e-01
   5.3878966e-01
   5.5558518e-01
   5.7744601e-01
   6.0330578e-01
   6.3183151e-01
   6.6062384e-01
   6.8754999e-01
   7.1101040e-01
   7.2887230e-01
   7.4140229e-01
   7.4806718e-01
   7.5019995e-01
   7.4993335e-01
   7.4860037e-01
   7.4806718e-01
   7.4913357e-01
   7.5126633e-01
   7.5419888e-01
   7.5633164e-01
   7.5713143e-01
   7.5526526e-01
   7.5099973e-01
   7.4380166e-01
   7.3420421e-01
   7.2194082e-01
   7.0674487e-01
   6.8914956e-01
   6.6862170e-01
   6.4489470e-01
   6.1903493e-01
   5.9184217e-01
   5.6384964e-01
   5.3719008e-01
   5.1239669e-01
   4.9160225e-01
   4.7533991e-01
   4.6520927e-01
   4.6147694e-01
   4.6414289e-01
   4.7214076e-01
   4.8440416e-01
   4.9773394e-01
   5.0973074e-01
   5.1799520e-01
   5.2092775e-01
   5.1746201e-01
   5.0866436e-01
   4.9560117e-01
   4.8067183e-01
   4.6600906e-01
   4.5401227e-01
   4.4601440e-01
   4.4228206e-01
   4.4281526e-01
   4.4708078e-01
   4.5374567e-01
   4.6147694e-01
   4.6840842e-01
   4.7294055e-01
   4.7454012e-01
   4.7214076e-01
   4.6707545e-01
   4.6067716e-01
   4.5481205e-01
   4.5107971e-01
   4.5187950e-01
   4.5721141e-01
   4.6734204e-01
   4.8013863e-01
   4.9346841e-01
   5.0546521e-01
   5.1426287e-01
   5.1799520e-01
   5.1639563e-01
   5.0999734e-01
   5.0013330e-01
   4.8786990e-01
   4.7507331e-01
   4.6360970e-01
   4.5534524e-01
   4.5214609e-01
   4.5427886e-01
   4.6227673e-01
   4.7507331e-01
   4.9186883e-01
   5.1053052e-01
   5.2919221e-01
   5.4625434e-01
   5.6065049e-01
   5.7238070e-01
   5.8037857e-01
   5.8491069e-01
   5.8597707e-01
   5.8304452e-01
   5.7611304e-01
   5.6518262e-01
   5.5078646e-01
   5.3425753e-01
   5.1826180e-01
   5.0466542e-01
   4.9586777e-01
   4.9320182e-01
   4.9720075e-01
   5.0733138e-01
   5.2172754e-01
   5.3852306e-01
   5.5451880e-01
   5.6731539e-01
   5.7478006e-01
   5.7531325e-01
   5.6811517e-01
   5.5478539e-01
   5.3639030e-01
   5.1612903e-01
   4.9773394e-01
   4.8333778e-01
   4.7533991e-01
   4.7533991e-01
   4.8200480e-01
   4.9426820e-01
   5.0946414e-01
   5.2519329e-01
   5.3878965e-01
   5.4918688e-01
   5.5558518e-01
   5.5771794e-01
   5.5638496e-01
   5.5185284e-01
   5.4492136e-01
   5.3692349e-01
   5.2892562e-01
   5.2172754e-01
   5.1692882e-01
   5.1532925e-01
   5.1799520e-01
   5.2439350e-01
   5.3452412e-01
   5.4678753e-01
   5.6011730e-01
   5.7264729e-01
   5.8304452e-01
   5.8944282e-01
   5.9130899e-01
   5.8784324e-01
   5.7877900e-01
   5.6518262e-01
   5.4785391e-01
   5.2945881e-01
   5.1186350e-01
   4.9746735e-01
   4.8866969e-01
   4.8547054e-01
   4.8733671e-01
   4.9400160e-01
   5.0253266e-01
   5.1133031e-01
   5.1826180e-01
   5.2252733e-01
   5.2359371e-01
   5.2146095e-01
   5.1719542e-01
   5.1159691e-01
   5.0599840e-01
   5.0093309e-01
   4.9853373e-01
   4.9906692e-01
   5.0279926e-01
   5.1133031e-01
   5.2252733e-01
   5.3665690e-01
   5.5105306e-01
   5.6438283e-01
   5.7504666e-01
   5.8224473e-01
   5.8491069e-01
   5.8411091e-01
   5.7984538e-01
   5.7344708e-01
   5.6598241e-01
   5.5771794e-01
   5.4945348e-01
   5.4198880e-01
   5.3559051e-01
   5.3052520e-01
   5.2732605e-01
   5.2599307e-01
   5.2572648e-01
   5.2652626e-01
   5.2705945e-01
   5.2759265e-01
   5.2759264e-01
   5.2652626e-01
   5.2519328e-01
   5.2359371e-01
   5.2146095e-01
   5.1852840e-01
   5.1479606e-01
   5.0973074e-01
   5.0359904e-01
   4.9666755e-01
   4.8973607e-01
   4.8413756e-01
   4.8067182e-01
   4.7960544e-01
   4.8093841e-01
   4.8467075e-01
   4.9000267e-01
   4.9666756e-01
   5.0493202e-01
   5.1426286e-01
   5.2599307e-01
   5.3958944e-01
   5.5531858e-01
   5.7238070e-01
   5.9104239e-01
   6.0917089e-01
   6.2729939e-01
   6.4436151e-01
   6.6009065e-01
   6.7395361e-01
   6.8568382e-01
   6.9501466e-01
   7.0114636e-01
   7.0461211e-01
   7.0514530e-01
   7.0434551e-01
   7.0301253e-01
   7.0221274e-01
   7.0301253e-01
   7.0594508e-01
   7.1101040e-01
   7.1794188e-01
   7.2540656e-01
   7.3367102e-01
   7.4166889e-01
   7.4860037e-01
   7.5446547e-01
   7.5793122e-01
   7.5926420e-01
   7.5739803e-01
   7.5259931e-01
   7.4460144e-01
   7.3367102e-01
   7.2114103e-01
   7.0754465e-01
   6.9394828e-01
   6.8115170e-01
   6.7022128e-01
   6.6142362e-01
   6.5475874e-01
   6.5075980e-01
   6.4809384e-01
   6.4596108e-01
   6.4222874e-01
   6.3503066e-01
   6.2250067e-01
   6.0250600e-01
   5.7504666e-01
   5.4065583e-01
   5.0146627e-01
   4.6121034e-01
   4.2308718e-01
   3.9056252e-01
   3.6630232e-01
   3.5110637e-01
   3.4417489e-01
   3.4337510e-01
   3.4577446e-01
   3.4817382e-01
   3.4684084e-01
   3.4017595e-01
   3.2631298e-01
   3.0551853e-01
   2.7779259e-01
   2.4660091e-01
   2.1434284e-01
   1.8475074e-01
   1.6155692e-01
   1.4689416e-01
   1.4289523e-01
   1.4902693e-01
   1.6395628e-01
   1.8528393e-01
   2.1007731e-01
   2.3513730e-01
   2.5753133e-01
   2.7619302e-01
   2.8925620e-01
   2.9618768e-01
   2.9752066e-01
   2.9378832e-01
   2.8632364e-01
   2.7752599e-01
   2.6846174e-01
   2.6126366e-01
   2.5753132e-01
   2.5726473e-01
   2.6073047e-01
   2.6632898e-01
   2.7299387e-01
   2.7939216e-01
   2.8499067e-01
   2.8898960e-01
   2.9245535e-01
   2.9565449e-01
   2.9992002e-01
   3.0498534e-01
   3.1191682e-01
   3.2018129e-01
   3.2897894e-01
   3.3804319e-01
   3.4630765e-01
   3.5377233e-01
   3.5910424e-01
   3.6256998e-01
   3.6310318e-01
   3.6123700e-01
   3.5697148e-01
   3.5163957e-01
   3.4577447e-01
   3.4124234e-01
   3.3964276e-01
   3.4044255e-01
   3.4470808e-01
   3.5110637e-01
   3.5910424e-01
   3.6763530e-01
   3.7643295e-01
   3.8443082e-01
   3.9216209e-01
   3.9882698e-01
   4.0522528e-01
   4.1055718e-01
   4.1428953e-01
   4.1668889e-01
   4.1748867e-01
   4.1668889e-01
   4.1482272e-01
   4.1322314e-01
   4.1215676e-01
   4.1295655e-01
   4.1562250e-01
   4.2095441e-01
   4.2868568e-01
   4.3934951e-01
   4.5161290e-01
   4.6494269e-01
   4.7827246e-01
   4.8920288e-01
   4.9640096e-01
   4.9773394e-01
   4.9160224e-01
   4.7853906e-01
   4.5961077e-01
   4.3748334e-01
   4.1428952e-01
   3.9482805e-01
   3.8149827e-01
   3.7643295e-01
   3.8149827e-01
   3.9562784e-01
   4.1802186e-01
   4.4494801e-01
   4.7320715e-01
   4.9906692e-01
   5.1826179e-01
   5.2785924e-01
   5.2652626e-01
   5.1426287e-01
   4.9266863e-01
   4.6600907e-01
   4.3854972e-01
   4.1508931e-01
   3.9936017e-01
   3.9402826e-01
   3.9936018e-01
   4.1482271e-01
   4.3774994e-01
   4.6547588e-01
   4.9400160e-01
   5.2066116e-01
   5.4225540e-01
   5.5745135e-01
   5.6491602e-01
   5.6544922e-01
   5.6011730e-01
   5.5025327e-01
   5.3852306e-01
   5.2732605e-01
   5.1932818e-01
   5.1586244e-01
   5.1719541e-01
   5.2332711e-01
   5.3319115e-01
   5.4545454e-01
   5.5878433e-01
   5.7184751e-01
   5.8331112e-01
   5.9184218e-01
   5.9610771e-01
   5.9504133e-01
   5.8784324e-01
   5.7451347e-01
   5.5585177e-01
   5.3399094e-01
   5.1186351e-01
   4.9320181e-01
   4.8173820e-01
   4.8013863e-01
   4.8920288e-01
   5.0919755e-01
   5.3745668e-01
   5.7078113e-01
   6.0490536e-01
   6.3583044e-01
   6.5955746e-01
   6.7342042e-01
   6.7635297e-01
   6.6835510e-01
   6.5182618e-01
   6.2969875e-01
   6.0597175e-01
   5.8517729e-01
   5.7024793e-01
   5.6358305e-01
   5.6518262e-01
   5.7371368e-01
   5.8731005e-01
   6.0250600e-01
   6.1636897e-01
   6.2756599e-01
   6.3503066e-01
   6.3902959e-01
   6.4062916e-01
   6.4142895e-01
   6.4302852e-01
   6.4622767e-01
   6.5289256e-01
   6.6275660e-01
   6.7608638e-01
   6.9261531e-01
   7.0994402e-01
   7.2673954e-01
   7.4033592e-01
   7.4833378e-01
   7.4940016e-01
   7.4246868e-01
   7.2860571e-01
   7.0861104e-01
   6.8541722e-01
   6.6169022e-01
   6.3982938e-01
   6.2223407e-01
   6.1023728e-01
   6.0410557e-01
   6.0437217e-01
   6.0890429e-01
   6.1636897e-01
   6.2436684e-01
   6.2969875e-01
   6.3023194e-01
   6.2276727e-01
   6.0730472e-01
   5.8277792e-01
   5.5105306e-01
   5.1479606e-01
   4.7640630e-01
   4.4041589e-01
   4.0895761e-01
   3.8443082e-01
   3.6763529e-01
   3.5910424e-01
   3.5803786e-01
   3.6310318e-01
   3.7136764e-01
   3.8016529e-01
   3.8709678e-01
   3.8896295e-01
   3.8389763e-01
   3.7056785e-01
   3.4977339e-01
   3.2284724e-01
   2.9298854e-01
   2.6366302e-01
   2.3886964e-01
   2.2100773e-01
   2.1247667e-01
   2.1354306e-01
   2.2367369e-01
   2.4153559e-01
   2.6366302e-01
   2.8845641e-01
   3.1271661e-01
   3.3351107e-01
   3.5030658e-01
   3.6123700e-01
   3.6683551e-01
   3.6843509e-01
   3.6763529e-01
   3.6683551e-01
   3.6763529e-01
   3.7163423e-01
   3.7829913e-01
   3.8762997e-01
   3.9749400e-01
   4.0709144e-01
   4.1508931e-01
   4.2042122e-01
   4.2388696e-01
   4.2575313e-01
   4.2708611e-01
   4.2895228e-01
   4.3241802e-01
   4.3774994e-01
   4.4468142e-01
   4.5374567e-01
   4.6387630e-01
   4.7480673e-01
   4.8573713e-01
   4.9586777e-01
   5.0359904e-01
   5.0919755e-01
   5.1213010e-01
   5.1239670e-01
   5.1133031e-01
   5.0973074e-01
   5.0866436e-01
   5.0866436e-01
   5.0973074e-01
   5.1079712e-01
   5.1133031e-01
   5.1026393e-01
   5.0706478e-01
   5.0173287e-01
   4.9506798e-01
   4.8840310e-01
   4.8253799e-01
   4.8013863e-01
   4.8093841e-01
   4.8627033e-01
   4.9533458e-01
   5.0759797e-01
   5.2146095e-01
   5.3505731e-01
   5.4652093e-01
   5.5478539e-01
   5.5798454e-01
   5.5665156e-01
   5.5158625e-01
   5.4465476e-01
   5.3772328e-01
   5.3265796e-01
   5.3079179e-01
   5.3212477e-01
   5.3532392e-01
   5.3958944e-01
   5.4225540e-01
   5.4278859e-01
   5.4012263e-01
   5.3559051e-01
   5.3025860e-01
   5.2599307e-01
   5.2519328e-01
   5.2812583e-01
   5.3612370e-01
   5.4865369e-01
   5.6491602e-01
   5.8251133e-01
   5.9957345e-01
   6.1423620e-01
   6.2330045e-01
   6.2569981e-01
   6.2063450e-01
   6.0810451e-01
   5.9024261e-01
   5.6998134e-01
   5.5078646e-01
   5.3665690e-01
   5.2972541e-01
   5.3239136e-01
   5.4438816e-01
   5.6464943e-01
   5.9130899e-01
   6.2116769e-01
   6.5209278e-01
   6.8115170e-01
   7.0674487e-01
   7.2620635e-01
   7.3846974e-01
   7.4220208e-01
   7.3713677e-01
   7.2327380e-01
   7.0247934e-01
   6.7608638e-01
   6.4809384e-01
   6.2170088e-01
   6.0010664e-01
   5.8571048e-01
   5.8117835e-01
   5.8651026e-01
   6.0117303e-01
   6.2356705e-01
   6.5102640e-01
   6.7955212e-01
   7.0567849e-01
   7.2567315e-01
   7.3660358e-01
   7.3713677e-01
   7.2700613e-01
   7.0754465e-01
   6.8141829e-01
   6.5235937e-01
   6.2410024e-01
   6.0010664e-01
   5.8384430e-01
   5.7664623e-01
   5.7931219e-01
   5.9077579e-01
   6.0970408e-01
   6.3263130e-01
   6.5662490e-01
   6.7768595e-01
   6.9208211e-01
   6.9794722e-01
   6.9421488e-01
   6.8221808e-01
   6.6408957e-01
   6.4302852e-01
   6.2303386e-01
   6.0703813e-01
   5.9744068e-01
   5.9450813e-01
   5.9904025e-01
   6.0890429e-01
   6.2276727e-01
   6.3849640e-01
   6.5422554e-01
   6.6942149e-01
   6.8221808e-01
   6.9154892e-01
   6.9661423e-01
   6.9794722e-01
   6.9448147e-01
   6.8781658e-01
   6.7875233e-01
   6.6915489e-01
   6.6089043e-01
   6.5555852e-01
   6.5422554e-01
   6.5715809e-01
   6.6488937e-01
   6.7581979e-01
   6.8914956e-01
   7.0274594e-01
   7.1420955e-01
   7.2194082e-01
   7.2354040e-01
   7.1767529e-01
   7.0434551e-01
   6.8515062e-01
   6.6249000e-01
   6.3982938e-01
   6.2036790e-01
   6.0837110e-01
   6.0570515e-01
   6.1343642e-01
   6.3023194e-01
   6.5422554e-01
   6.8221808e-01
   7.1047721e-01
   7.3473740e-01
   7.5153293e-01
   7.5873101e-01
   7.5446548e-01
   7.3900293e-01
   7.1394295e-01
   6.8195148e-01
   6.4756065e-01
   6.1583578e-01
   5.9104239e-01
   5.7664623e-01
   5.7478006e-01
   5.8517729e-01
   6.0623834e-01
   6.3476406e-01
   6.6622235e-01
   6.9634764e-01
   7.2140763e-01
   7.3820315e-01
   7.4433484e-01
   7.4033592e-01
   7.2620635e-01
   7.0487870e-01
   6.7901893e-01
   6.5209277e-01
   6.2729939e-01
   6.0703812e-01
   5.9290856e-01
   5.8464410e-01
   5.8117835e-01
   5.8091176e-01
   5.8277793e-01
   5.8464410e-01
   5.8651027e-01
   5.8784324e-01
   5.8890962e-01
   5.8970941e-01
   5.9104239e-01
   5.9264196e-01
   5.9370834e-01
   5.9530792e-01
   5.9637430e-01
   5.9797387e-01
   5.9957345e-01
   6.0197281e-01
   6.0410557e-01
   6.0543856e-01
   6.0517196e-01
   6.0197281e-01
   5.9504133e-01
   5.8384431e-01
   5.6944815e-01
   5.5238603e-01
   5.3425753e-01
   5.1666222e-01
   5.0119968e-01
   4.8920288e-01
   4.8307118e-01
   4.8307118e-01
   4.9053586e-01
   5.0439883e-01
   5.2439350e-01
   5.4785391e-01
   5.7184751e-01
   5.9317515e-01
   6.0783791e-01
   6.1316982e-01
   6.0783791e-01
   5.9130899e-01
   5.6544922e-01
   5.3319115e-01
   4.9906692e-01
   4.6787523e-01
   4.4414823e-01
   4.3215143e-01
   4.3428419e-01
   4.5054652e-01
   4.7907225e-01
   5.1559584e-01
   5.5318582e-01
   5.8571048e-01
   6.0730472e-01
   6.1370301e-01
   6.0357238e-01
   5.7851240e-01
   5.4278859e-01
   5.0279926e-01
   4.6494268e-01
   4.3508398e-01
   4.1668889e-01
   4.1242336e-01
   4.2095441e-01
   4.4068249e-01
   4.6787523e-01
   4.9800054e-01
   5.2679286e-01
   5.4998667e-01
   5.6544922e-01
   5.7104772e-01
   5.6731538e-01
   5.5558518e-01
   5.3852306e-01
   5.2039457e-01
   5.0466543e-01
   4.9426820e-01
   4.9133564e-01
   4.9586777e-01
   5.0733138e-01
   5.2306052e-01
   5.4118902e-01
   5.5878432e-01
   5.7318049e-01
   5.8277793e-01
   5.8651026e-01
   5.8384430e-01
   5.7557985e-01
   5.6278326e-01
   5.4705412e-01
   5.3079179e-01
   5.1612903e-01
   5.0493202e-01
   4.9906692e-01
   4.9853373e-01
   5.0306585e-01
   5.1186350e-01
   5.2306052e-01
   5.3505732e-01
   5.4625434e-01
   5.5505199e-01
   5.6038390e-01
   5.6091709e-01
   5.5691816e-01
   5.4785391e-01
   5.3532392e-01
   5.2066116e-01
   5.0546521e-01
   4.9213543e-01
   4.8200480e-01
   4.7613970e-01
   4.7533991e-01
   4.7827246e-01
   4.8387097e-01
   4.9026926e-01
   4.9666755e-01
   5.0199947e-01
   5.0626500e-01
   5.0919755e-01
   5.1159691e-01
   5.1372968e-01
   5.1612903e-01
   5.1852840e-01
   5.2146094e-01
   5.2492669e-01
   5.2865902e-01
   5.3292456e-01
   5.3772327e-01
   5.4172221e-01
   5.4438816e-01
   5.4465476e-01
   5.4145561e-01
   5.3452413e-01
   5.2466009e-01
   5.1292989e-01
   5.0013330e-01
   4.8893629e-01
   4.7987203e-01
   4.7480672e-01
   4.7374034e-01
   4.7747267e-01
   4.8493735e-01
   4.9586777e-01
   5.0893095e-01
   5.2226073e-01
   5.3425753e-01
   5.4252200e-01
   5.4572115e-01
   5.4305519e-01
   5.3425753e-01
   5.2092776e-01
   5.0466542e-01
   4.8840309e-01
   4.7374034e-01
   4.6307651e-01
   4.5667822e-01
   4.5507865e-01
   4.5721141e-01
   4.6227673e-01
   4.6947481e-01
   4.7747268e-01
   4.8707012e-01
   4.9800054e-01
   5.1106372e-01
   5.2759264e-01
   5.4838710e-01
   5.7451346e-01
   6.0570515e-01
   6.4196214e-01
   6.8168489e-01
   7.2274060e-01
   7.6246335e-01
   7.9765396e-01
   8.2671287e-01
   8.4804052e-01
   8.6190349e-01
   8.7016795e-01
   8.7496668e-01
   8.7816582e-01
   8.8216476e-01
   8.8829646e-01
   8.9602773e-01
   9.0509198e-01
   9.1362304e-01
   9.2055452e-01
   9.2455346e-01
   9.2508665e-01
   9.2135431e-01
   9.1415623e-01
   9.0402560e-01
   8.9176220e-01
   8.7869902e-01
   8.6616903e-01
   8.5497201e-01
   8.4670755e-01
   8.4137563e-01
   8.3870968e-01
   8.3764329e-01
   8.3711011e-01
   8.3497734e-01
   8.3071181e-01
   8.2324713e-01
   8.1311650e-01
   7.9978673e-01
   7.8485737e-01
   7.6832845e-01
   7.5206612e-01
   7.3580379e-01
   7.1980806e-01
   7.0461211e-01
   6.8994935e-01
   6.7581978e-01
   6.6169022e-01
   6.4676086e-01
   6.3023194e-01
   6.1103706e-01
   5.8864303e-01
   5.6331645e-01
   5.3585711e-01
   5.0733138e-01
   4.7933884e-01
   4.5267929e-01
   4.2921887e-01
   4.0922421e-01
   3.9162890e-01
   3.7723274e-01
   3.6496934e-01
   3.5510531e-01
   3.4657425e-01
   3.3990936e-01
   3.3404425e-01
   3.2897894e-01
   3.2311384e-01
   3.1564916e-01
   3.0551853e-01
   2.9325514e-01
   2.7859238e-01
   2.6259664e-01
   2.4686750e-01
   2.3220475e-01
   2.1914156e-01
   2.0794455e-01
   1.9808051e-01
   1.8901626e-01
   1.7941882e-01
   1.6848840e-01
   1.5649160e-01
   1.4236204e-01
   1.2716609e-01
   1.1250333e-01
   9.8640361e-02
   8.7709946e-02
   8.1045055e-02
   7.9178883e-02
   8.2111436e-02
   8.9042922e-02
   9.7840575e-02
   1.0557185e-01
   1.0983738e-01
   1.0850440e-01
   1.0050653e-01
   8.6376965e-02
   6.8248468e-02
   4.8520395e-02
   3.0658494e-02
   1.7328711e-02
   1.1197010e-02
   1.3063182e-02
   2.3460412e-02
   4.1588908e-02
   6.5315915e-02
   9.2508666e-02
   1.1970141e-01
   1.4342842e-01
   1.6049054e-01
   1.6848840e-01
   1.6555585e-01
   1.5195948e-01
   1.2903226e-01
   1.0023994e-01
   6.9314849e-02
   4.0522528e-02
   1.7595306e-02
   3.4657375e-03
   0.0000000e+00
   7.4646770e-03
   2.4793388e-02
   5.0119966e-02
   8.0245269e-02
   1.1117035e-01
   1.3862970e-01
   1.5889096e-01
   1.6955479e-01
   1.6902160e-01
   1.5755799e-01
   1.3756332e-01
   1.1303652e-01
   8.7976542e-02
   6.6915487e-02
   5.3585709e-02
   4.9586776e-02
   5.4918691e-02
   6.8781659e-02
   8.8776327e-02
   1.1143695e-01
   1.3409757e-01
   1.5409224e-01
   1.6902160e-01
   1.7808584e-01
   1.8075180e-01
   1.7781925e-01
   1.7168755e-01
   1.6422288e-01
   1.5835777e-01
   1.5542522e-01
   1.5702479e-01
   1.6395628e-01
   1.7462010e-01
   1.8794988e-01
   2.0181285e-01
   2.1487603e-01
   2.2580645e-01
   2.3407092e-01
   2.3993602e-01
   2.4366836e-01
   2.4580112e-01
   2.4686750e-01
   2.4740069e-01
   2.4740069e-01
   2.4713409e-01
   2.4606772e-01
   2.4526793e-01
   2.4340176e-01
   2.4073580e-01
   2.3647028e-01
   2.3087177e-01
   2.2447348e-01
   2.1780859e-01
   2.1167689e-01
   2.0741136e-01
   2.0581179e-01
   2.0714476e-01
   2.1141029e-01
   2.1754199e-01
   2.2527326e-01
   2.3380432e-01
   2.4313517e-01
   2.5299920e-01
   2.6446282e-01
   2.7699280e-01
   2.9085577e-01
   3.0525194e-01
   3.1858171e-01
   3.3004532e-01
   3.3830978e-01
   3.4284191e-01
   3.4417489e-01
   3.4337510e-01
   3.4177553e-01
   3.4070915e-01
   3.4150893e-01
   3.4577447e-01
   3.5297254e-01
   3.6310317e-01
   3.7563317e-01
   3.8869634e-01
   4.0069315e-01
   4.0949080e-01
   4.1375633e-01
   4.1189017e-01
   4.0362570e-01
   3.9029592e-01
   3.7403359e-01
   3.5777127e-01
   3.4417488e-01
   3.3591043e-01
   3.3511064e-01
   3.4124234e-01
   3.5457212e-01
   3.7350040e-01
   3.9509465e-01
   4.1802186e-01
   4.3908292e-01
   4.5667822e-01
   4.6867502e-01
   4.7374034e-01
   4.7107438e-01
   4.6121035e-01
   4.4521461e-01
   4.2575313e-01
   4.0522528e-01
   3.8629699e-01
   3.7270062e-01
   3.6523594e-01
   3.6523594e-01
   3.7270062e-01
   3.8709677e-01
   4.0709145e-01
   4.3055185e-01
   4.5481205e-01
   4.7853906e-01
   4.9880032e-01
   5.1319649e-01
   5.2039456e-01
   5.1986137e-01
   5.1133031e-01
   4.9693415e-01
   4.7907225e-01
   4.6174353e-01
   4.4814716e-01
   4.4121568e-01
   4.4254865e-01
   4.5294588e-01
   4.7107438e-01
   4.9613436e-01
   5.2492669e-01
   5.5425220e-01
   5.8117835e-01
   6.0303919e-01
   6.1716876e-01
   6.2223407e-01
   6.1770195e-01
   6.0543855e-01
   5.8677686e-01
   5.6518262e-01
   5.4438817e-01
   5.2652626e-01
   5.1399627e-01
   5.0839776e-01
   5.0999734e-01
   5.1772860e-01
   5.3105839e-01
   5.4812050e-01
   5.6784858e-01
   5.8890962e-01
   6.0917089e-01
   6.2756599e-01
   6.4276193e-01
   6.5395895e-01
   6.6062384e-01
   6.6355638e-01
   6.6382298e-01
   6.6355639e-01
   6.6328979e-01
   6.6462277e-01
   6.6782191e-01
   6.7208745e-01
   6.7608638e-01
   6.7955212e-01
   6.8035191e-01
   6.7795255e-01
   6.7288723e-01
   6.6488937e-01
   6.5555852e-01
   6.4596108e-01
   6.3796322e-01
   6.3316449e-01
   6.3263130e-01
   6.3743002e-01
   6.4702746e-01
   6.6089043e-01
   6.7715276e-01
   6.9314850e-01
   7.0727806e-01
   7.1687550e-01
   7.2087443e-01
   7.1900827e-01
   7.1127699e-01
   6.9874700e-01
   6.8248468e-01
   6.6382298e-01
   6.4436151e-01
   6.2569981e-01
   6.0890429e-01
   5.9557452e-01
   5.8757665e-01
   5.8464410e-01
   5.8704346e-01
   5.9237537e-01
   5.9850706e-01
   6.0250600e-01
   6.0117302e-01
   5.9290856e-01
   5.7664623e-01
   5.5345241e-01
   5.2625966e-01
   4.9746734e-01
   4.7080779e-01
   4.4894695e-01
   4.3348441e-01
   4.2575313e-01
   4.2442016e-01
   4.2815249e-01
   4.3535057e-01
   4.4281525e-01
   4.4868036e-01
   4.5054652e-01
   4.4708078e-01
   4.3774994e-01
   4.2335377e-01
   4.0495868e-01
   3.8416422e-01
   3.6336977e-01
   3.4364170e-01
   3.2551320e-01
   3.1031725e-01
   2.9752066e-01
   2.8765663e-01
   2.8045854e-01
   2.7645961e-01
   2.7592642e-01
   2.7885897e-01
   2.8392429e-01
   2.9085577e-01
   2.9725406e-01
   3.0045321e-01
   2.9965343e-01
   2.9378833e-01
   2.8205812e-01
   2.6632898e-01
   2.4793388e-01
   2.2900560e-01
   2.1221008e-01
   1.9888030e-01
   1.9114903e-01
   1.8981605e-01
   1.9461477e-01
   2.0474540e-01
   2.1834178e-01
   2.3327113e-01
   2.4713410e-01
   2.5699813e-01
   2.6206345e-01
   2.6179686e-01
   2.5699814e-01
   2.4953346e-01
   2.4233538e-01
   2.3833645e-01
   2.3966942e-01
   2.4740069e-01
   2.6179686e-01
   2.8205812e-01
   3.0605172e-01
   3.3137830e-01
   3.5590509e-01
   3.7723274e-01
   3.9296187e-01
   4.0255932e-01
   4.0469208e-01
   3.9989336e-01
   3.8949614e-01
   3.7589976e-01
   3.6123700e-01
   3.4844042e-01
   3.4017595e-01
   3.3777659e-01
   3.4177553e-01
   3.5217276e-01
   3.6816849e-01
   3.8762997e-01
   4.0975740e-01
   4.3268462e-01
   4.5507865e-01
   4.7560650e-01
   4.9346841e-01
   5.0706478e-01
   5.1719542e-01
   5.2279392e-01
   5.2545988e-01
   5.2599307e-01
   5.2545988e-01
   5.2545988e-01
   5.2652626e-01
   5.2892562e-01
   5.3185817e-01
   5.3559051e-01
   5.3905625e-01
   5.4145561e-01
   5.4332178e-01
   5.4358838e-01
   5.4358838e-01
   5.4278859e-01
   5.4172221e-01
   5.4145561e-01
   5.4252199e-01
   5.4625434e-01
   5.5345242e-01
   5.6491602e-01
   5.8011197e-01
   5.9850707e-01
   6.1770195e-01
   6.3583044e-01
   6.4969342e-01
   6.5742469e-01
   6.5769128e-01
   6.5075980e-01
   6.3822981e-01
   6.2116769e-01
   6.0330579e-01
   5.8757665e-01
   5.7637963e-01
   5.7264729e-01
   5.7744601e-01
   5.9184217e-01
   6.1396961e-01
   6.4222874e-01
   6.7288723e-01
   7.0194615e-01
   7.2620635e-01
   7.4166889e-01
   7.4646761e-01
   7.4060250e-01
   7.2513997e-01
   7.0301253e-01
   6.7768595e-01
   6.5289256e-01
   6.3209811e-01
   6.1796854e-01
   6.1183685e-01
   6.1530258e-01
   6.2676620e-01
   6.4516129e-01
   6.6782191e-01
   6.9154893e-01
   7.1207678e-01
   7.2647294e-01
   7.3233805e-01
   7.2807251e-01
   7.1474274e-01
   6.9474807e-01
   6.7235404e-01
   6.5155959e-01
   6.3609704e-01
   6.2863237e-01
   6.3103173e-01
   6.4249534e-01
   6.6195681e-01
   6.8595041e-01
   7.1181018e-01
   7.3580379e-01
   7.5473207e-01
   7.6646228e-01
   7.6966143e-01
   7.6432952e-01
   7.5153293e-01
   7.3367102e-01
   7.1394295e-01
   6.9474807e-01
   6.7901893e-01
   6.6782192e-01
   6.6222341e-01
   6.6115703e-01
   6.6382298e-01
   6.6942149e-01
   6.7661957e-01
   6.8488403e-01
   6.9341509e-01
   7.0141296e-01
   7.0914423e-01
   7.1554252e-01
   7.2087444e-01
   7.2434017e-01
   7.2620635e-01
   7.2673954e-01
   7.2593975e-01
   7.2407358e-01
   7.2114103e-01
   7.1634231e-01
   7.0967742e-01
   7.0087976e-01
   6.8968275e-01
   6.7741936e-01
   6.6382298e-01
   6.5075980e-01
   6.3902960e-01
   6.2889896e-01
   6.2143428e-01
   6.1663557e-01
   6.1450280e-01
   6.1530258e-01
   6.1903492e-01
   6.2490003e-01
   6.3316450e-01
   6.4276193e-01
   6.5289256e-01
   6.6222341e-01
   6.7022128e-01
   6.7608638e-01
   6.8008531e-01
   6.8275127e-01
   6.8461744e-01
   6.8595041e-01
   6.8781658e-01
   6.8914956e-01
   6.9048254e-01
   6.9181551e-01
   6.9314850e-01
   6.9501467e-01
   6.9901360e-01
   7.0487870e-01
   7.1340976e-01
   7.2380698e-01
   7.3500400e-01
   7.4540123e-01
   7.5259931e-01
   7.5553186e-01
   7.5286591e-01
   7.4433485e-01
   7.3073847e-01
   7.1314317e-01
   6.9261531e-01
   6.7208744e-01
   6.5395895e-01
   6.4009597e-01
   6.3209811e-01
   6.3156492e-01
   6.3796322e-01
   6.5102639e-01
   6.6808851e-01
   6.8621701e-01
   7.0274594e-01
   7.1474274e-01
   7.2034125e-01
   7.1927486e-01
   7.1127699e-01
   6.9768062e-01
   6.8115170e-01
   6.6382298e-01
   6.4862704e-01
   6.3743002e-01
   6.3289790e-01
   6.3583045e-01
   6.4596108e-01
   6.6249000e-01
   6.8275127e-01
   7.0327913e-01
   7.2034124e-01
   7.3073847e-01
   7.3313783e-01
   7.2620635e-01
   7.1127699e-01
   6.8941616e-01
   6.6408957e-01
   6.3769661e-01
   6.1316983e-01
   5.9264196e-01
   5.7771261e-01
   5.6971474e-01
   5.6971474e-01
   5.7851239e-01
   5.9530792e-01
   6.1850173e-01
   6.4702746e-01
   6.7635298e-01
   7.0301253e-01
   7.2407358e-01
   7.3607038e-01
   7.3766996e-01
   7.2860570e-01
   7.1021061e-01
   6.8515063e-01
   6.5689150e-01
   6.2889896e-01
   6.0570515e-01
   5.8970942e-01
   5.8277792e-01
   5.8517729e-01
   5.9584111e-01
   6.1263663e-01
   6.3209811e-01
   6.5022661e-01
   6.6462277e-01
   6.7262064e-01
   6.7395361e-01
   6.6942149e-01
   6.6062384e-01
   6.4916023e-01
   6.3769661e-01
   6.2756599e-01
   6.1956811e-01
   6.1343642e-01
   6.0917089e-01
   6.0677153e-01
   6.0490536e-01
   6.0357238e-01
   6.0303919e-01
   6.0250600e-01
   6.0250600e-01
   6.0277259e-01
   6.0357238e-01
   6.0543855e-01
   6.0863770e-01
   6.1343642e-01
   6.1956811e-01
   6.2596641e-01
   6.3156491e-01
   6.3556385e-01
   6.3716342e-01
   6.3529726e-01
   6.3076513e-01
   6.2410024e-01
   6.1663557e-01
   6.0917089e-01
   6.0250600e-01
   5.9637430e-01
   5.9077580e-01
   5.8544389e-01
   5.8011197e-01
   5.7504666e-01
   5.7024794e-01
   5.6651560e-01
   5.6411624e-01
   5.6278326e-01
   5.6278326e-01
   5.6251666e-01
   5.6198348e-01
   5.6038390e-01
   5.5691816e-01
   5.5211944e-01
   5.4545455e-01
   5.3825647e-01
   5.3052520e-01
   5.2332711e-01
   5.1692882e-01
   5.1266329e-01
   5.1106372e-01
   5.1319649e-01
   5.1826180e-01
   5.2679285e-01
   5.3692349e-01
   5.4705412e-01
   5.5665156e-01
   5.6358305e-01
   5.6678219e-01
   5.6651560e-01
   5.6278326e-01
   5.5665156e-01
   5.4892029e-01
   5.4092243e-01
   5.3399093e-01
   5.2919221e-01
   5.2839243e-01
   5.3185817e-01
   5.4012263e-01
   5.5345242e-01
   5.6971474e-01
   5.8731005e-01
   6.0277259e-01
   6.1370302e-01
   6.1770195e-01
   6.1316982e-01
   6.0090643e-01
   5.8091176e-01
   5.5665157e-01
   5.2999201e-01
   5.0413224e-01
   4.8147160e-01
   4.6440950e-01
   4.5401227e-01
   4.5054652e-01
   4.5401227e-01
   4.6280992e-01
   4.7533991e-01
   4.8946948e-01
   5.0226606e-01
   5.1266329e-01
   5.1959478e-01
   5.2306052e-01
   5.2412690e-01
   5.2359371e-01
   5.2306052e-01
   5.2332711e-01
   5.2439350e-01
   5.2572648e-01
   5.2652626e-01
   5.2625967e-01
   5.2519328e-01
   5.2279392e-01
   5.2066116e-01
   5.1879499e-01
   5.1879499e-01
   5.2092775e-01
   5.2519329e-01
   5.3105839e-01
   5.3878966e-01
   5.4678753e-01
   5.5531858e-01
   5.6225006e-01
   5.6731539e-01
   5.7024793e-01
   5.7024794e-01
   5.6731539e-01
   5.6251666e-01
   5.5665156e-01
   5.5078646e-01
   5.4598774e-01
   5.4358838e-01
   5.4305518e-01
   5.4438816e-01
   5.4625434e-01
   5.4812050e-01
   5.4945348e-01
   5.4918688e-01
   5.4838710e-01
   5.4598774e-01
   5.4305519e-01
   5.3985604e-01
   5.3585711e-01
   5.3185817e-01
   5.2732605e-01
   5.2306052e-01
   5.1959478e-01
   5.1666223e-01
   5.1506265e-01
   5.1399627e-01
   5.1319649e-01
   5.1266329e-01
   5.1213010e-01
   5.1186350e-01
   5.1213010e-01
   5.1426287e-01
   5.1852840e-01
   5.2545988e-01
   5.3425753e-01
   5.4412157e-01
   5.5345242e-01
   5.6091709e-01
   5.6464943e-01
   5.6411624e-01
   5.5798454e-01
   5.4678753e-01
   5.3105839e-01
   5.1133031e-01
   4.8946948e-01
   4.6734204e-01
   4.4788056e-01
   4.3321781e-01
   4.2548654e-01
   4.2521994e-01
   4.3215143e-01
   4.4574780e-01
   4.6307651e-01
   4.8120502e-01
   4.9693415e-01
   5.0786458e-01
   5.1319649e-01
   5.1159691e-01
   5.0439883e-01
   4.9293522e-01
   4.7933884e-01
   4.6627566e-01
   4.5534524e-01
   4.4868036e-01
   4.4761397e-01
   4.5214610e-01
   4.6174354e-01
   4.7427353e-01
   4.8707012e-01
   4.9746735e-01
   5.0333245e-01
   5.0306585e-01
   4.9640096e-01
   4.8467076e-01
   4.6974140e-01
   4.5374567e-01
   4.3934951e-01
   4.2735271e-01
   4.1935484e-01
   4.1535590e-01
   4.1562250e-01
   4.1935484e-01
   4.2681951e-01
   4.3721674e-01
   4.5054652e-01
   4.6547588e-01
   4.8120501e-01
   4.9640096e-01
   5.0999733e-01
   5.2092775e-01
   5.2839243e-01
   5.3159158e-01
   5.2972541e-01
   5.2359371e-01
   5.1292988e-01
   4.9826713e-01
   4.8200480e-01
   4.6520928e-01
   4.5054652e-01
   4.4014929e-01
   4.3561717e-01
   4.3748333e-01
   4.4548121e-01
   4.5827779e-01
   4.7400693e-01
   4.9080245e-01
   5.0599840e-01
   5.1879499e-01
   5.2892562e-01
   5.3612370e-01
   5.4065583e-01
   5.4332178e-01
   5.4358838e-01
   5.4225540e-01
   5.3932284e-01
   5.3559051e-01
   5.3132498e-01
   5.2705945e-01
   5.2332711e-01
   5.2039456e-01
   5.1826180e-01
   5.1692882e-01
   5.1639563e-01
   5.1666222e-01
   5.1772860e-01
   5.2012797e-01
   5.2332711e-01
   5.2759264e-01
   5.3239136e-01
   5.3719009e-01
   5.4198880e-01
   5.4572115e-01
   5.4838710e-01
   5.5078645e-01
   5.5265263e-01
   5.5398561e-01
   5.5478539e-01
   5.5478539e-01
   5.5318582e-01
   5.5051986e-01
   5.4705412e-01
   5.4252200e-01
   5.3905625e-01
   5.3665689e-01
   5.3585711e-01
   5.3719009e-01
   5.3958944e-01
   5.4172221e-01
   5.4358838e-01
   5.4305519e-01
   5.4012263e-01
   5.3452413e-01
   5.2652626e-01
   5.1612903e-01
   5.0466542e-01
   4.9213544e-01
   4.8013863e-01
   4.6920821e-01
   4.6067716e-01
   4.5561184e-01
   4.5507865e-01
   4.5907758e-01
   4.6680885e-01
   4.7773927e-01
   4.9080245e-01
   5.0386564e-01
   5.1586244e-01
   5.2519329e-01
   5.3132498e-01
   5.3292456e-01
   5.2972540e-01
   5.2119435e-01
   5.0759798e-01
   4.9000266e-01
   4.6974140e-01
   4.4921355e-01
   4.3055186e-01
   4.1668889e-01
   4.0922420e-01
   4.0895761e-01
   4.1642228e-01
   4.3055185e-01
   4.5081312e-01
   4.7507331e-01
   5.0199946e-01
   5.2945881e-01
   5.5611837e-01
   5.7957878e-01
   5.9824047e-01
   6.1023727e-01
   6.1450280e-01
   6.1130365e-01
   6.0090643e-01
   5.8544388e-01
   5.6704879e-01
   5.4892029e-01
   5.3265796e-01
   5.2092775e-01
   5.1479606e-01
   5.1479606e-01
   5.1986138e-01
   5.2892562e-01
   5.3985604e-01
   5.4972008e-01
   5.5558518e-01
   5.5505199e-01
   5.4652093e-01
   5.2972540e-01
   5.0573180e-01
   4.7747268e-01
   4.4894694e-01
   4.2442015e-01
   4.0709144e-01
   3.9989337e-01
   4.0362570e-01
   4.1748867e-01
   4.3908291e-01
   4.6627566e-01
   4.9426819e-01
   5.2039456e-01
   5.4145561e-01
   5.5558518e-01
   5.6065049e-01
   5.5745135e-01
   5.4678753e-01
   5.3105839e-01
   5.1346308e-01
   4.9693416e-01
   4.8493735e-01
   4.7827246e-01
   4.7853906e-01
   4.8440416e-01
   4.9453479e-01
   5.0626500e-01
   5.1826179e-01
   5.2839243e-01
   5.3559051e-01
   5.3985604e-01
   5.4038923e-01
   5.3798987e-01
   5.3265796e-01
   5.2545988e-01
   5.1666222e-01
   5.0679819e-01
   4.9773394e-01
   4.9053586e-01
   4.8520394e-01
   4.8280459e-01
   4.8360438e-01
   4.8627033e-01
   4.9080245e-01
   4.9586777e-01
   5.0066649e-01
   5.0493202e-01
   5.0786457e-01
   5.0946415e-01
   5.0919755e-01
   5.0759797e-01
   5.0439883e-01
   4.9986670e-01
   4.9560117e-01
   4.9160224e-01
   4.8893628e-01
   4.8840309e-01
   4.8920288e-01
   4.9133564e-01
   4.9346841e-01
   4.9453479e-01
   4.9426819e-01
   4.9160224e-01
   4.8680352e-01
   4.7987203e-01
   4.7187417e-01
   4.6254332e-01
   4.5294588e-01
   4.4361504e-01
   4.3588377e-01
   4.3055185e-01
   4.2895228e-01
   4.3135164e-01
   4.3668355e-01
   4.4468142e-01
   4.5347907e-01
   4.6014396e-01
   4.6387630e-01
   4.6307651e-01
   4.5774460e-01
   4.4894695e-01
   4.3828313e-01
   4.2815250e-01
   4.2068782e-01
   4.1722208e-01
   4.1802186e-01
   4.2388696e-01
   4.3348440e-01
   4.4601440e-01
   4.6014396e-01
   4.7374033e-01
   4.8573714e-01
   4.9373500e-01
   4.9720075e-01
   4.9480139e-01
   4.8813650e-01
   4.7720608e-01
   4.6440950e-01
   4.5187950e-01
   4.4094908e-01
   4.3321781e-01
   4.2921888e-01
   4.2841909e-01
   4.3028526e-01
   4.3348441e-01
   4.3801653e-01
   4.4254865e-01
   4.4734737e-01
   4.5161291e-01
   4.5534524e-01
   4.5881098e-01
   4.6174353e-01
   4.6360970e-01
   4.6467609e-01
   4.6494269e-01
   4.6360970e-01
   4.6067716e-01
   4.5561184e-01
   4.4894695e-01
   4.4094908e-01
   4.3268462e-01
   4.2575313e-01
   4.2175420e-01
   4.2228739e-01
   4.2761930e-01
   4.3748334e-01
   4.4974674e-01
   4.6254332e-01
   4.7320715e-01
   4.7933885e-01
   4.7987203e-01
   4.7507331e-01
   4.6627566e-01
   4.5561184e-01
   4.4494801e-01
   4.3695014e-01
   4.3348441e-01
   4.3481738e-01
   4.4121567e-01
   4.5214610e-01
   4.6627566e-01
   4.8147161e-01
   4.9613436e-01
   5.0786457e-01
   5.1532925e-01
   5.1746201e-01
   5.1372968e-01
   5.0599840e-01
   4.9560117e-01
   4.8467075e-01
   4.7560651e-01
   4.6947481e-01
   4.6707545e-01
   4.6814183e-01
   4.7214076e-01
   4.7747268e-01
   4.8227140e-01
   4.8520395e-01
   4.8467075e-01
   4.8040523e-01
   4.7187417e-01
   4.6041056e-01
   4.4761397e-01
   4.3508398e-01
   4.2628632e-01
   4.2255399e-01
   4.2628632e-01
   4.3695015e-01
   4.5401227e-01
   4.7480672e-01
   4.9666755e-01
   5.1532925e-01
   5.2865902e-01
   5.3479073e-01
   5.3345774e-01
   5.2545988e-01
   5.1239670e-01
   4.9666755e-01
   4.8093841e-01
   4.6734204e-01
   4.5747801e-01
   4.5294588e-01
   4.5374566e-01
   4.5987737e-01
   4.7000800e-01
   4.8200480e-01
   4.9293522e-01
   5.0013330e-01
   5.0173287e-01
   4.9640096e-01
   4.8413756e-01
   4.6654226e-01
   4.4574780e-01
   4.2495334e-01
   4.0682485e-01
   3.9296188e-01
   3.8576380e-01
   3.8576380e-01
   3.9216209e-01
   4.0415889e-01
   4.1988803e-01
   4.3748334e-01
   4.5454546e-01
   4.6894162e-01
   4.7853906e-01
   4.8227139e-01
   4.8040522e-01
   4.7294055e-01
   4.6174354e-01
   4.4894695e-01
   4.3668355e-01
   4.2708611e-01
   4.2148761e-01
   4.2175419e-01
   4.2788590e-01
   4.3961610e-01
   4.5587844e-01
   4.7507331e-01
   4.9506798e-01
   5.1213010e-01
   5.2386030e-01
   5.2759264e-01
   5.2172754e-01
   5.0599840e-01
   4.8253799e-01
   4.5401227e-01
   4.2468675e-01
   3.9829379e-01
   3.7776593e-01
   3.6576913e-01
   3.6256998e-01
   3.6736870e-01
   3.7936551e-01
   3.9562783e-01
   4.1455612e-01
   4.3348441e-01
   4.5054652e-01
   4.6467608e-01
   4.7400693e-01
   4.7853906e-01
   4.7853906e-01
   4.7427353e-01
   4.6734205e-01
   4.5907758e-01
   4.5107971e-01
   4.4414823e-01
   4.3961610e-01
   4.3721674e-01
   4.3748334e-01
   4.4014930e-01
   4.4414823e-01
   4.4974674e-01
   4.5587843e-01
   4.6174353e-01
   4.6680885e-01
   4.7000800e-01
   4.7160757e-01
   4.7187417e-01
   4.7134098e-01
   4.7134098e-01
   4.7294055e-01
   4.7667289e-01
   4.8280458e-01
   4.9053586e-01
   4.9906692e-01
   5.0653159e-01
   5.1239669e-01
   5.1612903e-01
   5.1692882e-01
   5.1559584e-01
   5.1213010e-01
   5.0706478e-01
   5.0173287e-01
   4.9640096e-01
   4.9160225e-01
   4.8866969e-01
   4.8786990e-01
   4.8973607e-01
   4.9400160e-01
   5.0013330e-01
   5.0706478e-01
   5.1372968e-01
   5.1799520e-01
   5.1986137e-01
   5.1879498e-01
   5.1532925e-01
   5.1053053e-01
   5.0466542e-01
   4.9880032e-01
   4.9400160e-01
   4.9053585e-01
   4.8866969e-01
   4.8920288e-01
   4.9186883e-01
   4.9720074e-01
   5.0386564e-01
   5.1159691e-01
   5.1852840e-01
   5.2359371e-01
   5.2545988e-01
   5.2359371e-01
   5.1852840e-01
   5.1079712e-01
   5.0199947e-01
   4.9426820e-01
   4.8866969e-01
   4.8627033e-01
   4.8760331e-01
   4.9266862e-01
   5.0173287e-01
   5.1372968e-01
   5.2839243e-01
   5.4465476e-01
   5.6091709e-01
   5.7531325e-01
   5.8597707e-01
   5.9077580e-01
   5.8917623e-01
   5.8011197e-01
   5.6491603e-01
   5.4465476e-01
   5.2226073e-01
   5.0066649e-01
   4.8280459e-01
   4.7160757e-01
   4.6867502e-01
   4.7507331e-01
   4.9133564e-01
   5.1559584e-01
   5.4572115e-01
   5.7824580e-01
   6.0890429e-01
   6.3423087e-01
   6.5129299e-01
   6.5902426e-01
   6.5715809e-01
   6.4676086e-01
   6.3103173e-01
   6.1263663e-01
   5.9504132e-01
   5.8011197e-01
   5.7051453e-01
   5.6624900e-01
   5.6731538e-01
   5.7318049e-01
   5.8144495e-01
   5.9050920e-01
   5.9797387e-01
   6.0170621e-01
   5.9984005e-01
   5.9290856e-01
   5.8117836e-01
   5.6704879e-01
   5.5398561e-01
   5.4518796e-01
   5.4385497e-01
   5.5211944e-01
   5.7051453e-01
   5.9850707e-01
   6.3369768e-01
   6.7475340e-01
   7.1794188e-01
   7.6086377e-01
   8.0138630e-01
   8.3764329e-01
   8.6803519e-01
   8.9122901e-01
   9.0722474e-01
   9.1655559e-01
   9.1948814e-01
   9.1788857e-01
   9.1282325e-01
   9.0589177e-01
   8.9869368e-01
   8.9176220e-01
   8.8669688e-01
   8.8323114e-01
   8.8349774e-01
   8.8723007e-01
   8.9549453e-01
   9.0855772e-01
   9.2482005e-01
   9.4401493e-01
   9.6347641e-01
   9.8053853e-01
   9.9333511e-01
   1.0000000e+00
   1.0000000e+00
   9.9333511e-01
   9.8080512e-01
   9.6347641e-01
   9.4348174e-01
   9.2135431e-01
   8.9816050e-01
   8.7549987e-01
   8.5310585e-01
   8.3124500e-01
   8.0991736e-01
   7.8912291e-01
   7.6779526e-01
   7.4593442e-01
   7.2380699e-01
   7.0194615e-01
   6.8088510e-01
   6.6222341e-01
   6.4676086e-01
   6.3529726e-01
   6.2783258e-01
   6.2250067e-01
   6.1823514e-01
   6.1237004e-01
   6.0357238e-01
   5.8997601e-01
   5.7184750e-01
   5.4865369e-01
   5.2199413e-01
   4.9400160e-01
   4.6627566e-01
   4.4121567e-01
   4.2095441e-01
   4.0655825e-01
   3.9909357e-01
   3.9909357e-01
   4.0469208e-01
   4.1402293e-01
   4.2388696e-01
   4.3108505e-01
   4.3268461e-01
   4.2601973e-01
   4.1055718e-01
   3.8603039e-01
   3.5430552e-01
   3.1831512e-01
   2.8045854e-01
   2.4500133e-01
   2.1460944e-01
   1.9168222e-01
   1.7861904e-01
   1.7462010e-01
   1.7995201e-01
   1.9168222e-01
   2.0607838e-01
   2.1967476e-01
   2.2847241e-01
   2.2927220e-01
   2.2100773e-01
   2.0394562e-01
   1.8048521e-01
   1.5382565e-01
   1.2823247e-01
   1.0743801e-01
   9.3841642e-02
   8.9042922e-02
   9.3041856e-02
   1.0450547e-01
   1.2156758e-01
   1.4156225e-01
   1.6129032e-01
   1.7808584e-01
   1.8981605e-01
   1.9514796e-01
   1.9381498e-01
   1.8608371e-01
   1.7462010e-01
   1.6075713e-01
   1.4769395e-01
   1.3756332e-01
   1.3143162e-01
   1.2956545e-01
   1.3196481e-01
   1.3729672e-01
   1.4396161e-01
   1.5062650e-01
   1.5702480e-01
   1.6182351e-01
   1.6528926e-01
   1.6688883e-01
   1.6795521e-01
   1.6848841e-01
   1.6928819e-01
   1.7142095e-01
   1.7621967e-01
   1.8368436e-01
   1.9381498e-01
   2.0661157e-01
   2.2074113e-01
   2.3460411e-01
   2.4686750e-01
   2.5566516e-01
   2.6126367e-01
   2.6259664e-01
   2.6073047e-01
   2.5486537e-01
   2.4713410e-01
   2.3727006e-01
   2.2607305e-01
   2.1567582e-01
   2.0714477e-01
   2.0181285e-01
   2.0154626e-01
   2.0687817e-01
   2.1754199e-01
   2.3300453e-01
   2.5113303e-01
   2.6899493e-01
   2.8525727e-01
   2.9725406e-01
   3.0391896e-01
   3.0525193e-01
   3.0125300e-01
   2.9405492e-01
   2.8419088e-01
   2.7459344e-01
   2.6686217e-01
   2.6312983e-01
   2.6526260e-01
   2.7299387e-01
   2.8659024e-01
   3.0391896e-01
   3.2338043e-01
   3.4124234e-01
   3.5537190e-01
   3.6336977e-01
   3.6443615e-01
   3.5883765e-01
   3.4817382e-01
   3.3484404e-01
   3.2124767e-01
   3.1058385e-01
   3.0471874e-01
   3.0551853e-01
   3.1351640e-01
   3.2924553e-01
   3.5083977e-01
   3.7616636e-01
   4.0255932e-01
   4.2655292e-01
   4.4494802e-01
   4.5507865e-01
   4.5587843e-01
   4.4814717e-01
   4.3268461e-01
   4.1268995e-01
   3.9189550e-01
   3.7350040e-01
   3.5963743e-01
   3.5190616e-01
   3.5190616e-01
   3.5857105e-01
   3.7163423e-01
   3.8949613e-01
   4.1082378e-01
   4.3348441e-01
   4.5587843e-01
   4.7613970e-01
   4.9266863e-01
   5.0519861e-01
   5.1239669e-01
   5.1559584e-01
   5.1479606e-01
   5.1133031e-01
   5.0626500e-01
   5.0039989e-01
   4.9506798e-01
   4.9106905e-01
   4.8920288e-01
   4.9053586e-01
   4.9480139e-01
   5.0173287e-01
   5.0999734e-01
   5.1826180e-01
   5.2386030e-01
   5.2519329e-01
   5.2092775e-01
   5.1079712e-01
   4.9586777e-01
   4.7827246e-01
   4.6094375e-01
   4.4654759e-01
   4.3774994e-01
   4.3641696e-01
   4.4361504e-01
   4.5854439e-01
   4.7987203e-01
   5.0493202e-01
   5.3052519e-01
   5.5238603e-01
   5.6731539e-01
   5.7264729e-01
   5.6731538e-01
   5.5265263e-01
   5.3132498e-01
   5.0706478e-01
   4.8520395e-01
   4.6920821e-01
   4.6254332e-01
   4.6547588e-01
   4.7613970e-01
   4.9266863e-01
   5.1026393e-01
   5.2519328e-01
   5.3399094e-01
   5.3505732e-01
   5.2759264e-01
   5.1292989e-01
   4.9320181e-01
   4.7214077e-01
   4.5267928e-01
   4.3748333e-01
   4.2868569e-01
   4.2681951e-01
   4.3108504e-01
   4.3934951e-01
   4.4868036e-01
   4.5667822e-01
   4.6121035e-01
   4.6121034e-01
   4.5747801e-01
   4.5187950e-01
   4.4654759e-01
   4.4414823e-01
   4.4628099e-01
   4.5347907e-01
   4.6547587e-01
   4.8120502e-01
   4.9880032e-01
   5.1692882e-01
   5.3345775e-01
   5.4758731e-01
   5.5771794e-01
   5.6358305e-01
   5.6384964e-01
   5.5931752e-01
   5.4945348e-01
   5.3559051e-01
   5.1852840e-01
   5.0013330e-01
   4.8173821e-01
   4.6520927e-01
   4.5241269e-01
   4.4468142e-01
   4.4308184e-01
   4.4921354e-01
   4.6201013e-01
   4.8227140e-01
   5.0733138e-01
   5.3585711e-01
   5.6358305e-01
   5.8731005e-01
   6.0410557e-01
   6.1237004e-01
   6.1077047e-01
   6.0063983e-01
   5.8357772e-01
   5.6358305e-01
   5.4332178e-01
   5.2679286e-01
   5.1692882e-01
   5.1532925e-01
   5.2279392e-01
   5.3878966e-01
   5.6198347e-01
   5.8890962e-01
   6.1556918e-01
   6.3849640e-01
   6.5289256e-01
   6.5715809e-01
   6.4969342e-01
   6.3183151e-01
   6.0597174e-01
   5.7611304e-01
   5.4678753e-01
   5.2199414e-01
   5.0439883e-01
   4.9560117e-01
   4.9613436e-01
   5.0466542e-01
   5.1932818e-01
   5.3825647e-01
   5.5851773e-01
   5.7797921e-01
   5.9450813e-01
   6.0703812e-01
   6.1370301e-01
   6.1476939e-01
   6.1077047e-01
   6.0357238e-01
   5.9397494e-01
   5.8437750e-01
   5.7664623e-01
   5.7131432e-01
   5.6998134e-01
   5.7291389e-01
   5.8011197e-01
   5.9130898e-01
   6.0543855e-01
   6.2116769e-01
   6.3716342e-01
   6.5155958e-01
   6.6249000e-01
   6.6888830e-01
   6.6968808e-01
   6.6648894e-01
   6.5955746e-01
   6.5182618e-01
   6.4436150e-01
   6.3849640e-01
   6.3556385e-01
   6.3449747e-01
   6.3529725e-01
   6.3609704e-01
   6.3663023e-01
   6.3476407e-01
   6.3023194e-01
   6.2303386e-01
   6.1237003e-01
   5.9930685e-01
   5.8491069e-01
   5.7051453e-01
   5.5798454e-01
   5.5025326e-01
   5.4838710e-01
   5.5371901e-01
   5.6571581e-01
   5.8304452e-01
   6.0383897e-01
   6.2490003e-01
   6.4329512e-01
   6.5715809e-01
   6.6568915e-01
   6.6915489e-01
   6.6862170e-01
