   3.1022323e-01
   1.3513512e-01
   3.0552273e-02
   4.7003201e-03
   5.1703855e-02
   1.4923618e-01
   2.6556992e-01
   3.6780257e-01
   4.3830788e-01
   4.6298470e-01
   4.4770855e-01
   4.0305521e-01
   3.4430079e-01
   2.8789659e-01
   2.4089305e-01
   2.1034078e-01
   1.9388952e-01
   1.8918917e-01
   1.9153935e-01
   1.9858989e-01
   2.0681550e-01
   2.1621621e-01
   2.2679202e-01
   2.3736780e-01
   2.4676849e-01
   2.5499412e-01
   2.6204464e-01
   2.6792009e-01
   2.7144535e-01
   2.7497061e-01
   2.7614570e-01
   2.7614570e-01
   2.7027027e-01
   2.6439481e-01
   2.5499412e-01
   2.4559340e-01
   2.3854288e-01
   2.3501762e-01
   2.3736780e-01
   2.4206814e-01
   2.5029377e-01
   2.5616920e-01
   2.5969446e-01
   2.6086958e-01
   2.6086955e-01
   2.5969446e-01
   2.5969446e-01
   2.6321972e-01
   2.6674501e-01
   2.6909515e-01
   2.7262044e-01
   2.7497061e-01
   2.7614570e-01
   2.7849587e-01
   2.8437133e-01
   2.9259693e-01
   3.0317271e-01
   3.1374852e-01
   3.2314923e-01
   3.2902467e-01
   3.3254993e-01
   3.3019975e-01
   3.2784958e-01
   3.2314923e-01
   3.1962397e-01
   3.1609872e-01
   3.1257343e-01
   3.1022326e-01
   3.0669800e-01
   3.0317271e-01
   3.0317274e-01
   3.0669800e-01
   3.1022326e-01
   3.1727378e-01
   3.2197412e-01
   3.2314923e-01
   3.1962397e-01
   3.1374852e-01
   3.0317271e-01
   2.9142185e-01
   2.8437130e-01
   2.7967096e-01
   2.7967096e-01
   2.8319624e-01
   2.8789659e-01
   2.9612219e-01
   3.0317271e-01
   3.1609872e-01
   3.3137484e-01
   3.5017625e-01
   3.7485311e-01
   4.0070504e-01
   4.2655697e-01
   4.5005875e-01
   4.7003524e-01
   4.8648648e-01
   4.9706226e-01
   5.0763806e-01
   5.1468861e-01
   5.1821384e-01
   5.1938895e-01
   5.1821387e-01
   5.1468858e-01
   5.1116332e-01
   5.0998823e-01
   5.1468861e-01
   5.2408930e-01
   5.4054053e-01
   5.5934194e-01
   5.7814335e-01
   5.9576967e-01
   6.0987071e-01
   6.1809634e-01
   6.2397180e-01
   6.2514689e-01
   6.2279671e-01
   6.1809634e-01
   6.1222091e-01
   6.0047002e-01
   5.8871913e-01
   5.7461809e-01
   5.6286720e-01
   5.5581668e-01
   5.5581668e-01
   5.5934194e-01
   5.6874263e-01
   5.7814335e-01
   5.8636898e-01
   5.9341950e-01
   6.0047004e-01
   6.0869565e-01
   6.2044651e-01
   6.3807286e-01
   6.6157462e-01
   6.9212689e-01
   7.2737953e-01
   7.6380729e-01
   8.0258520e-01
   8.3901293e-01
   8.7309046e-01
   9.0129258e-01
   9.2361925e-01
   9.3654523e-01
   9.3772032e-01
   9.2831962e-01
   9.0951819e-01
   8.8366626e-01
   8.5428908e-01
   8.2726204e-01
   8.0493537e-01
   7.8730905e-01
   7.7438307e-01
   7.6615744e-01
   7.5910692e-01
   7.5558166e-01
   7.5440657e-01
   7.5558166e-01
   7.6028201e-01
   7.6850764e-01
   7.7790833e-01
   7.8613393e-01
   7.9083431e-01
   7.8848413e-01
   7.8260867e-01
   7.7203290e-01
   7.5793183e-01
   7.4265568e-01
   7.2855462e-01
   7.1327847e-01
   7.0035252e-01
   6.8977672e-01
   6.8272620e-01
   6.7920091e-01
   6.8272620e-01
   6.9212689e-01
   7.0622795e-01
   7.2267919e-01
   7.3913040e-01
   7.5088131e-01
   7.5675675e-01
   7.5558166e-01
   7.5088131e-01
   7.4500586e-01
   7.3678025e-01
   7.2972971e-01
   7.2267919e-01
   7.1562864e-01
   7.0740304e-01
   6.9800235e-01
   6.8977674e-01
   6.8155111e-01
   6.7567565e-01
   6.7215039e-01
   6.7097531e-01
   6.6980022e-01
   6.6627496e-01
   6.6157462e-01
   6.5217390e-01
   6.4394827e-01
   6.3454758e-01
   6.2514689e-01
   6.1809634e-01
   6.0869562e-01
   5.9929493e-01
   5.8989424e-01
   5.7696826e-01
   5.6639246e-01
   5.5934194e-01
   5.5816686e-01
   5.6286720e-01
   5.7226789e-01
   5.8636896e-01
   6.0047002e-01
   6.1339600e-01
   6.2162160e-01
   6.2867215e-01
   6.2984723e-01
   6.2867215e-01
   6.2397177e-01
   6.1457108e-01
   6.0282019e-01
   5.8754404e-01
   5.7461809e-01
   5.6169212e-01
   5.5816686e-01
   5.6169212e-01
   5.7461809e-01
   5.9811987e-01
   6.2632195e-01
   6.5569916e-01
   6.8625146e-01
   7.1210339e-01
   7.3443008e-01
   7.5440657e-01
   7.7320798e-01
   7.8848413e-01
   8.0258520e-01
   8.1316097e-01
   8.2021149e-01
   8.2256166e-01
   8.2256169e-01
   8.1786134e-01
   8.1316097e-01
   8.0846063e-01
   8.0258517e-01
   7.9435956e-01
   7.8495885e-01
   7.7438307e-01
   7.6380727e-01
   7.5558163e-01
   7.5088131e-01
   7.5440657e-01
   7.6263220e-01
   7.7673324e-01
   7.9553465e-01
   8.1433606e-01
   8.3431255e-01
   8.5311396e-01
   8.7426555e-01
   8.9659224e-01
   9.2009399e-01
   9.4477086e-01
   9.6709750e-01
   9.8589894e-01
   9.9764983e-01
   1.0000000e+00
   9.9412454e-01
   9.8119859e-01
   9.6004701e-01
   9.3184486e-01
   8.9894241e-01
   8.6016451e-01
   8.1903643e-01
   7.7438307e-01
   7.3207988e-01
   6.9447709e-01
   6.6392476e-01
   6.4394829e-01
   6.3337249e-01
   6.2984723e-01
   6.3219740e-01
   6.3689775e-01
   6.4394827e-01
   6.5334899e-01
   6.6509988e-01
   6.7920094e-01
   6.9565215e-01
   7.1562867e-01
   7.3443005e-01
   7.5088131e-01
   7.6615744e-01
   7.7790833e-01
   7.8848413e-01
   7.9553465e-01
   8.0141008e-01
   8.0376026e-01
   8.0258520e-01
   7.9553465e-01
   7.8378379e-01
   7.6615744e-01
   7.4618097e-01
   7.2620445e-01
   7.1092830e-01
   6.9917743e-01
   6.9447709e-01
   6.9330200e-01
   6.9330198e-01
   6.9447706e-01
   6.9682724e-01
   6.9917743e-01
   7.0152761e-01
   7.0622795e-01
   7.1210341e-01
   7.1797884e-01
   7.2502936e-01
   7.2737956e-01
   7.2972971e-01
   7.2972973e-01
   7.3207988e-01
   7.3443008e-01
   7.4148060e-01
   7.5088131e-01
   7.6145712e-01
   7.7203287e-01
   7.8143359e-01
   7.9083431e-01
   8.0023500e-01
   8.1316097e-01
   8.2726201e-01
   8.4488836e-01
   8.6486485e-01
   8.8484135e-01
   9.0246767e-01
   9.1774382e-01
   9.3184486e-01
   9.4477086e-01
   9.5534664e-01
   9.6592242e-01
   9.7414805e-01
   9.8002348e-01
   9.8002350e-01
   9.7179787e-01
   9.6004701e-01
   9.4477083e-01
   9.2714451e-01
   9.1069328e-01
   8.9541715e-01
   8.8131609e-01
   8.6721503e-01
   8.5311396e-01
   8.3666273e-01
   8.1786134e-01
   7.9905991e-01
   7.8143359e-01
   7.6615746e-01
   7.5558166e-01
   7.4500588e-01
   7.3795534e-01
   7.3090479e-01
   7.2620445e-01
   7.2267919e-01
   7.2502936e-01
   7.3090479e-01
   7.3913042e-01
   7.5205638e-01
   7.6498238e-01
   7.7673324e-01
   7.8378379e-01
   7.9083431e-01
   7.9318445e-01
   7.9670974e-01
   8.0141011e-01
   8.0846063e-01
   8.1551115e-01
   8.2138660e-01
   8.2491186e-01
   8.2491184e-01
   8.2256166e-01
   8.1786134e-01
   8.1081080e-01
   8.0258520e-01
   7.8848413e-01
   7.7320798e-01
   7.5323149e-01
   7.2855462e-01
   7.0505287e-01
   6.8507637e-01
   6.6980022e-01
   6.6392479e-01
   6.6509988e-01
   6.7332548e-01
   6.8507637e-01
   6.9800232e-01
   7.0975324e-01
   7.2032902e-01
   7.2972971e-01
   7.3678025e-01
   7.4383077e-01
   7.4853114e-01
   7.5088131e-01
   7.4853112e-01
   7.4148060e-01
   7.3090482e-01
   7.1915393e-01
   7.0505289e-01
   6.9095180e-01
   6.7802585e-01
   6.6392479e-01
   6.4747353e-01
   6.2984723e-01
   6.0752054e-01
   5.8754407e-01
   5.6756755e-01
   5.5464157e-01
   5.4641597e-01
   5.4524091e-01
   5.4876616e-01
   5.5464157e-01
   5.6286720e-01
   5.7461809e-01
   5.8871915e-01
   6.0517036e-01
   6.2632195e-01
   6.4864864e-01
   6.7215042e-01
   6.9447709e-01
   7.1092830e-01
   7.2032902e-01
   7.2385428e-01
   7.2267919e-01
   7.1445358e-01
   7.0387778e-01
   6.8977672e-01
   6.7215042e-01
   6.5217390e-01
   6.3102232e-01
   6.1222091e-01
   5.9694476e-01
   5.8754404e-01
   5.8519387e-01
   5.9341950e-01
   6.0752056e-01
   6.2397177e-01
   6.4277321e-01
   6.5922442e-01
   6.7450057e-01
   6.8860166e-01
   7.0152761e-01
   7.1210339e-01
   7.2385428e-01
   7.3207988e-01
   7.3678025e-01
   7.3913042e-01
   7.3678023e-01
   7.3443008e-01
   7.3207991e-01
   7.3207991e-01
   7.3678025e-01
   7.4148060e-01
   7.5088131e-01
   7.5793183e-01
   7.6498238e-01
   7.7203290e-01
   7.7790833e-01
   7.8613393e-01
   7.9553465e-01
   8.0376028e-01
   8.0963571e-01
   8.1198589e-01
   8.0728554e-01
   7.9553465e-01
   7.7790835e-01
   7.5793183e-01
   7.3678025e-01
   7.1680373e-01
   6.9917741e-01
   6.8390126e-01
   6.7097531e-01
   6.6274970e-01
   6.5687425e-01
   6.5569918e-01
   6.5922444e-01
   6.6627496e-01
   6.7450059e-01
   6.8155111e-01
   6.8390128e-01
   6.8155111e-01
   6.7097531e-01
   6.5687425e-01
   6.3924795e-01
   6.2279671e-01
   6.1104580e-01
   6.0047002e-01
   5.9459459e-01
   5.8989424e-01
   5.8519390e-01
   5.8049352e-01
   5.7814335e-01
   5.7579318e-01
   5.7696826e-01
   5.7931844e-01
   5.8519387e-01
   5.9341950e-01
   6.0282019e-01
   6.1457108e-01
   6.2867215e-01
   6.4629847e-01
   6.6745005e-01
   6.8860163e-01
   7.0975321e-01
   7.2737953e-01
   7.3795534e-01
   7.4148060e-01
   7.3795534e-01
   7.2972973e-01
   7.2267919e-01
   7.1797882e-01
   7.2032902e-01
   7.2737956e-01
   7.4030551e-01
   7.5675675e-01
   7.7320798e-01
   7.9083431e-01
   8.0611045e-01
   8.1903643e-01
   8.2491186e-01
   8.2608695e-01
   8.1903643e-01
   8.0258520e-01
   7.7790833e-01
   7.4970620e-01
   7.1915393e-01
   6.9212689e-01
   6.7215039e-01
   6.6274968e-01
   6.6157462e-01
   6.6745005e-01
   6.8037603e-01
   6.9565218e-01
   7.1210339e-01
   7.2737956e-01
   7.4148060e-01
   7.5205638e-01
   7.5793183e-01
   7.5910692e-01
   7.5323149e-01
   7.4383077e-01
   7.3325499e-01
   7.2385428e-01
   7.1915390e-01
   7.2032902e-01
   7.2972973e-01
   7.4383077e-01
   7.6028201e-01
   7.7438304e-01
   7.8378379e-01
   7.8848411e-01
   7.8730905e-01
   7.8260870e-01
   7.7555816e-01
   7.6733255e-01
   7.5910692e-01
   7.4970620e-01
   7.3913040e-01
   7.2972973e-01
   7.2032902e-01
   7.1210339e-01
   7.0622795e-01
   7.0270269e-01
   6.9682726e-01
   6.8860166e-01
   6.7567565e-01
   6.5804933e-01
   6.3689775e-01
   6.1339600e-01
   5.9341950e-01
   5.7696826e-01
   5.6521737e-01
   5.5934192e-01
   5.5699177e-01
   5.5934194e-01
   5.6521740e-01
   5.7696826e-01
   5.9224441e-01
   6.1457108e-01
   6.4159810e-01
   6.7332551e-01
   7.0505287e-01
   7.3443005e-01
   7.5910692e-01
   7.7908342e-01
   7.9318448e-01
   8.0258517e-01
   8.0846063e-01
   8.1198589e-01
   8.1198589e-01
   8.0728554e-01
   8.0141008e-01
   7.9200939e-01
   7.8378376e-01
   7.8025850e-01
   7.7908342e-01
   7.8613396e-01
   7.9553465e-01
   8.0963571e-01
   8.2138658e-01
   8.3196238e-01
   8.3783781e-01
   8.4018801e-01
   8.4253819e-01
   8.4136310e-01
   8.4018801e-01
   8.3666273e-01
   8.2961221e-01
   8.2256166e-01
   8.1316100e-01
   8.0376028e-01
   7.9670974e-01
   7.9435956e-01
   7.9553465e-01
   8.0023500e-01
   8.0493534e-01
   8.0963571e-01
   8.0846063e-01
   8.0258520e-01
   7.9083431e-01
   7.7790833e-01
   7.6263218e-01
   7.4735603e-01
   7.3443008e-01
   7.2150410e-01
   7.1092830e-01
   7.0387778e-01
   7.0035250e-01
   7.0152761e-01
   7.1092830e-01
   7.2267919e-01
   7.3913042e-01
   7.5440657e-01
   7.6733253e-01
   7.7438307e-01
   7.7673324e-01
   7.7438307e-01
   7.7203290e-01
   7.7203290e-01
   7.7320798e-01
   7.7908342e-01
   7.8495887e-01
   7.9318448e-01
   8.0023500e-01
   8.0611045e-01
   8.1081080e-01
   8.1551115e-01
   8.1903643e-01
   8.2256166e-01
   8.2373678e-01
   8.2373678e-01
   8.1903643e-01
   8.1198589e-01
   8.0023502e-01
   7.8848413e-01
   7.7673324e-01
   7.6498235e-01
   7.5205640e-01
   7.3795534e-01
   7.2267919e-01
   7.0505287e-01
   6.8742654e-01
   6.7450057e-01
   6.6509985e-01
   6.5922442e-01
   6.5687425e-01
   6.5569918e-01
   6.5334899e-01
   6.4394829e-01
   6.2867215e-01
   6.0869565e-01
   5.8401878e-01
   5.5934194e-01
   5.3701527e-01
   5.1821387e-01
   5.0528789e-01
   4.9823737e-01
   4.9823734e-01
   5.0646298e-01
   5.2291421e-01
   5.4876614e-01
   5.7931844e-01
   6.1457108e-01
   6.4864861e-01
   6.8037603e-01
   7.0622795e-01
   7.2620445e-01
   7.4148060e-01
   7.5205640e-01
   7.6615746e-01
   7.8025850e-01
   7.9788482e-01
   8.1316097e-01
   8.2961221e-01
   8.4136310e-01
   8.4841362e-01
   8.5193890e-01
   8.4958870e-01
   8.4371327e-01
   8.3548764e-01
   8.2373678e-01
   8.0963571e-01
   7.8965922e-01
   7.6968270e-01
   7.4970620e-01
   7.3325499e-01
   7.2032902e-01
   7.1210339e-01
   7.0857813e-01
   7.0622795e-01
   7.0505287e-01
   7.0387778e-01
   7.0035252e-01
   6.9682726e-01
   6.9447706e-01
   6.9447709e-01
   6.9565215e-01
   6.9682724e-01
   6.9800235e-01
   6.9800235e-01
   6.9565218e-01
   6.9212689e-01
   6.8860163e-01
   6.8860166e-01
   6.9330198e-01
   7.0270269e-01
   7.1327847e-01
   7.2620445e-01
   7.3795534e-01
   7.4853112e-01
   7.5793183e-01
   7.6615746e-01
   7.7438307e-01
   7.7908342e-01
   7.8143359e-01
   7.7908342e-01
   7.7085781e-01
   7.5675675e-01
   7.3913042e-01
   7.1915393e-01
   7.0270269e-01
   6.8742654e-01
   6.7802583e-01
   6.7450057e-01
   6.7332548e-01
   6.7567565e-01
   6.8037603e-01
   6.8860163e-01
   7.0152761e-01
   7.1680376e-01
   7.3678025e-01
   7.5675675e-01
   7.7438304e-01
   7.8730905e-01
   7.9318448e-01
   7.9318448e-01
   7.8848413e-01
   7.8025850e-01
   7.6968272e-01
   7.5793183e-01
   7.4500588e-01
   7.2972973e-01
   7.1210341e-01
   6.9330200e-01
   6.7567568e-01
   6.5804933e-01
   6.4394829e-01
   6.3454758e-01
   6.2632197e-01
   6.1927143e-01
   6.1339600e-01
   6.0869565e-01
   6.0517039e-01
   6.0634545e-01
   6.1457108e-01
   6.2867215e-01
   6.4982373e-01
   6.7685074e-01
   7.0387778e-01
   7.2972971e-01
   7.5205640e-01
   7.6968272e-01
   7.8378379e-01
   7.9435956e-01
   8.0023500e-01
   8.0258520e-01
   8.0376026e-01
   7.9788482e-01
   7.8848413e-01
   7.7555816e-01
   7.6028201e-01
   7.4618094e-01
   7.3325497e-01
   7.2150410e-01
   7.0975321e-01
   6.9800232e-01
   6.8625146e-01
   6.7450059e-01
   6.6509988e-01
   6.5922444e-01
   6.5804933e-01
   6.6157462e-01
   6.7097533e-01
   6.8037603e-01
   6.8742654e-01
   6.9095180e-01
   6.8860163e-01
   6.8272620e-01
   6.7567568e-01
   6.6745005e-01
   6.6274970e-01
   6.5922442e-01
   6.5687425e-01
   6.5687425e-01
   6.5687425e-01
   6.5922442e-01
   6.6509988e-01
   6.7097533e-01
   6.7802585e-01
   6.8507637e-01
   6.9212692e-01
   6.9447706e-01
   6.9447709e-01
   6.9212689e-01
   6.8977672e-01
   6.8860163e-01
   6.9095180e-01
   6.9682724e-01
   7.0387775e-01
   7.1210341e-01
   7.1797882e-01
   7.1915393e-01
   7.1797884e-01
   7.1445356e-01
   7.1092830e-01
   7.0857815e-01
   7.0740307e-01
   7.1092832e-01
   7.1210339e-01
   7.1562864e-01
   7.1915393e-01
   7.2267919e-01
   7.2737953e-01
   7.3325499e-01
   7.3795534e-01
   7.4265568e-01
   7.4383077e-01
   7.4265568e-01
   7.3678025e-01
   7.3090479e-01
   7.2620445e-01
   7.2502936e-01
   7.2972973e-01
   7.3913042e-01
   7.4970623e-01
   7.6145709e-01
   7.6968270e-01
   7.6968272e-01
   7.6380729e-01
   7.4970623e-01
   7.3090482e-01
   7.0857815e-01
   6.8272620e-01
   6.5569916e-01
   6.2867215e-01
   6.0399528e-01
   5.8401878e-01
   5.7226792e-01
   5.6756757e-01
   5.7109281e-01
   5.8049352e-01
   5.8989422e-01
   5.9694476e-01
   5.9929493e-01
   5.9341947e-01
   5.8284370e-01
   5.6991775e-01
   5.5699177e-01
   5.4641597e-01
   5.4171562e-01
   5.4171562e-01
   5.4524091e-01
   5.5581666e-01
   5.6874263e-01
   5.8636898e-01
   6.0869565e-01
   6.3219740e-01
   6.5452407e-01
   6.7450057e-01
   6.8625146e-01
   6.8742654e-01
   6.8155109e-01
   6.6509988e-01
   6.4394829e-01
   6.1927143e-01
   5.9576967e-01
   5.7344301e-01
   5.5229140e-01
   5.3348999e-01
   5.1821387e-01
   5.0763806e-01
   5.0411280e-01
   5.0646298e-01
   5.1703878e-01
   5.3348999e-01
   5.5346651e-01
   5.7344301e-01
   5.8871915e-01
   6.0047002e-01
   6.0399528e-01
   6.0399528e-01
   5.9929493e-01
   5.9459459e-01
   5.8871913e-01
   5.8401878e-01
   5.7931844e-01
   5.7579318e-01
   5.7461809e-01
   5.7696824e-01
   5.8401878e-01
   5.9459456e-01
   6.0987074e-01
   6.2397180e-01
   6.3689775e-01
   6.4512338e-01
   6.4864864e-01
   6.4747355e-01
   6.4394829e-01
   6.3924795e-01
   6.3572266e-01
   6.3337249e-01
   6.3102232e-01
   6.2632197e-01
   6.2044651e-01
   6.1104580e-01
   6.0399528e-01
   5.9576967e-01
   5.8989424e-01
   5.8989424e-01
   5.9224439e-01
   5.9694476e-01
   6.0282022e-01
   6.0634545e-01
   6.1104582e-01
   6.1339600e-01
   6.1809637e-01
   6.2279669e-01
   6.2749706e-01
   6.2984723e-01
   6.3102232e-01
   6.2749703e-01
   6.2279669e-01
   6.1692126e-01
   6.0869565e-01
   6.0282022e-01
   5.9811985e-01
   5.9106933e-01
   5.8166861e-01
   5.6639249e-01
   5.4759105e-01
   5.2291421e-01
   4.9706228e-01
   4.7121033e-01
   4.5123384e-01
   4.3595769e-01
   4.2655699e-01
   4.2420680e-01
   4.2538191e-01
   4.3125731e-01
   4.4183312e-01
   4.5475912e-01
   4.7238542e-01
   4.9118683e-01
   5.0881315e-01
   5.2526438e-01
   5.3584019e-01
   5.4171559e-01
   5.4524088e-01
   5.4876614e-01
   5.4994123e-01
   5.5464160e-01
   5.6169212e-01
   5.6991772e-01
   5.7696826e-01
   5.8284370e-01
   5.8519390e-01
   5.8401878e-01
   5.8166861e-01
   5.7931844e-01
   5.7579318e-01
   5.7226792e-01
   5.6521737e-01
   5.5581668e-01
   5.4171562e-01
   5.2526438e-01
   5.0763806e-01
   4.9118683e-01
   4.7708576e-01
   4.6650999e-01
   4.5945947e-01
   4.5475909e-01
   4.5123384e-01
   4.4888366e-01
   4.4888366e-01
   4.5005875e-01
   4.5593418e-01
   4.6298473e-01
   4.7003524e-01
   4.7591068e-01
   4.7826085e-01
   4.7473562e-01
   4.6650999e-01
   4.5475909e-01
   4.4183312e-01
   4.3008225e-01
   4.1950645e-01
   4.1128082e-01
   4.0423030e-01
   3.9717978e-01
   3.8895415e-01
   3.8307872e-01
   3.8072855e-01
   3.8190363e-01
   3.8660398e-01
   3.9600470e-01
   4.0893065e-01
   4.2068154e-01
   4.3360751e-01
   4.4418329e-01
   4.5475909e-01
   4.6650996e-01
   4.7943594e-01
   4.9236191e-01
   5.0411278e-01
   5.1116332e-01
   5.1468861e-01
   5.1351352e-01
   5.0881315e-01
   5.0176263e-01
   4.9471211e-01
   4.9001174e-01
   4.8766154e-01
   4.8531139e-01
   4.8531139e-01
   4.8296122e-01
   4.8061102e-01
   4.7591068e-01
   4.7473559e-01
   4.7238542e-01
   4.7356050e-01
   4.7591068e-01
   4.7826088e-01
   4.7826085e-01
   4.7826085e-01
   4.7826088e-01
   4.7943594e-01
   4.8413628e-01
   4.9236191e-01
   5.0528789e-01
   5.1703878e-01
   5.2878964e-01
   5.3466508e-01
   5.3701527e-01
   5.3231490e-01
   5.2173912e-01
   5.0881315e-01
   4.9353700e-01
   4.7708579e-01
   4.5945947e-01
   4.4300820e-01
   4.2773208e-01
   4.1480610e-01
   4.0775556e-01
   4.0658050e-01
   4.1128082e-01
   4.2068154e-01
   4.3008223e-01
   4.3713277e-01
   4.4183312e-01
   4.3948297e-01
   4.3360749e-01
   4.2773206e-01
   4.2303171e-01
   4.2068156e-01
   4.2185662e-01
   4.2420682e-01
   4.2538188e-01
   4.2303171e-01
   4.1715625e-01
   4.0775559e-01
   3.9482961e-01
   3.7837835e-01
   3.6192714e-01
   3.4430082e-01
   3.2549938e-01
   3.0787306e-01
   2.9377202e-01
   2.8319622e-01
   2.7967098e-01
   2.8437133e-01
   2.9847239e-01
   3.1609869e-01
   3.3725027e-01
   3.5840185e-01
   3.7602817e-01
   3.8895415e-01
   3.9717978e-01
   4.0423030e-01
   4.0893065e-01
   4.1010576e-01
   4.1010576e-01
   4.0658047e-01
   3.9952996e-01
   3.8895415e-01
   3.7485311e-01
   3.6192714e-01
   3.5017625e-01
   3.4195062e-01
   3.3725027e-01
   3.3372501e-01
   3.3137484e-01
   3.3019975e-01
   3.2902467e-01
   3.3019975e-01
   3.3254995e-01
   3.3842536e-01
   3.4312573e-01
   3.5017625e-01
   3.5252642e-01
   3.5017625e-01
   3.4430079e-01
   3.3137484e-01
   3.1844889e-01
   3.0787308e-01
   3.0199763e-01
   3.0199763e-01
   3.0904817e-01
   3.2432432e-01
   3.4430082e-01
   3.6897766e-01
   3.9835487e-01
   4.3125731e-01
   4.6298470e-01
   4.9118683e-01
   5.1586369e-01
   5.3231490e-01
   5.4054051e-01
   5.4054053e-01
   5.3466510e-01
   5.2761456e-01
   5.2291421e-01
   5.2291421e-01
   5.2761456e-01
   5.3584019e-01
   5.4406579e-01
   5.4994123e-01
   5.5229140e-01
   5.5111634e-01
   5.4524088e-01
   5.3701527e-01
   5.2526436e-01
   5.1351349e-01
   4.9941243e-01
   4.8296122e-01
   4.6533490e-01
   4.4653349e-01
   4.3008223e-01
   4.1715628e-01
   4.1010576e-01
   4.0540539e-01
   4.0658050e-01
   4.1128082e-01
   4.1715628e-01
   4.2420680e-01
   4.3360751e-01
   4.4770858e-01
   4.6298470e-01
   4.8061102e-01
   4.9823737e-01
   5.1116332e-01
   5.1703878e-01
   5.1703875e-01
   5.0646298e-01
   4.9118683e-01
   4.7121033e-01
   4.5005875e-01
   4.2773208e-01
   4.0893065e-01
   3.9130432e-01
   3.7485311e-01
   3.6192714e-01
   3.5370151e-01
   3.4900116e-01
   3.5135133e-01
   3.5957696e-01
   3.6897768e-01
   3.7837835e-01
   3.8425381e-01
   3.8542892e-01
   3.8072852e-01
   3.6897766e-01
   3.5605171e-01
   3.4077556e-01
   3.2667449e-01
   3.1257343e-01
   3.0317271e-01
   2.9494711e-01
   2.9024676e-01
   2.9024674e-01
   2.9612219e-01
   3.0904817e-01
   3.2667449e-01
   3.4430082e-01
   3.6192714e-01
   3.7367800e-01
   3.7837835e-01
   3.7485311e-01
   3.6427731e-01
   3.5252642e-01
   3.3960047e-01
   3.2784958e-01
   3.2079904e-01
   3.1492360e-01
   3.1022326e-01
   3.0552289e-01
   3.0199763e-01
   2.9847239e-01
   2.9494711e-01
   2.9259693e-01
   2.9024676e-01
   2.8789659e-01
   2.8319622e-01
   2.7849587e-01
   2.7379553e-01
   2.7027027e-01
   2.7027024e-01
   2.7379553e-01
   2.7967096e-01
   2.8789659e-01
   2.9377202e-01
   2.9612219e-01
   2.9847237e-01
   2.9729728e-01
   2.9494711e-01
   2.9612219e-01
   2.9964745e-01
   3.0787308e-01
   3.1609869e-01
   3.2549938e-01
   3.3019975e-01
   3.3254995e-01
   3.3490010e-01
   3.3372501e-01
   3.3607518e-01
   3.3842538e-01
   3.4547590e-01
   3.5252645e-01
   3.6310222e-01
   3.7367803e-01
   3.8777907e-01
   4.0423030e-01
   4.2420682e-01
   4.4535838e-01
   4.6650999e-01
   4.8531139e-01
   4.9823737e-01
   5.0411280e-01
   4.9941243e-01
   4.9001174e-01
   4.7473559e-01
   4.5828435e-01
   4.4300823e-01
   4.2773206e-01
   4.1363102e-01
   4.0070504e-01
   3.8542889e-01
   3.7132785e-01
   3.5722679e-01
   3.4312573e-01
   3.3372504e-01
   3.2549938e-01
   3.1962395e-01
   3.1609869e-01
   3.1609872e-01
   3.2079906e-01
   3.3137484e-01
   3.4900119e-01
   3.7485311e-01
   4.0423030e-01
   4.3595769e-01
   4.6533490e-01
   4.8883663e-01
   5.0176263e-01
   5.0646298e-01
   5.0058754e-01
   4.8883665e-01
   4.7356050e-01
   4.5593418e-01
   4.3713277e-01
   4.1715628e-01
   3.9600470e-01
   3.7250294e-01
   3.5135136e-01
   3.3254993e-01
   3.1844889e-01
   3.0787308e-01
   3.0317271e-01
   3.0082257e-01
   3.0082257e-01
   3.0082257e-01
   2.9964748e-01
   2.9847239e-01
   2.9964748e-01
   2.9964745e-01
   2.9847237e-01
   2.9729728e-01
   2.9259693e-01
   2.8319622e-01
   2.7027024e-01
   2.5616920e-01
   2.4206814e-01
   2.2914216e-01
   2.2091656e-01
   2.1739130e-01
   2.1621619e-01
   2.1739130e-01
   2.2091656e-01
   2.2561690e-01
   2.3384254e-01
   2.4676849e-01
   2.6556992e-01
   2.8789656e-01
   3.1374854e-01
   3.4077556e-01
   3.6545240e-01
   3.8542892e-01
   4.0305521e-01
   4.1598119e-01
   4.2655697e-01
   4.3595769e-01
   4.4418332e-01
   4.4888366e-01
   4.5358401e-01
   4.5710927e-01
   4.5945944e-01
   4.6533490e-01
   4.7356050e-01
   4.8648648e-01
   5.0411280e-01
   5.2291421e-01
   5.3936542e-01
   5.5229140e-01
   5.5934194e-01
   5.6051703e-01
   5.5699177e-01
   5.4994123e-01
   5.4171562e-01
   5.3231490e-01
   5.2291419e-01
   5.1233841e-01
   5.0058754e-01
   4.8766157e-01
   4.7591070e-01
   4.7003524e-01
   4.6650999e-01
   4.6650999e-01
   4.7238542e-01
   4.7826085e-01
   4.8296122e-01
   4.8531139e-01
   4.8648645e-01
   4.8648648e-01
   4.8766157e-01
   4.8883665e-01
   4.9236191e-01
   4.9706226e-01
   5.0293769e-01
   5.0763806e-01
   5.1233843e-01
   5.1586367e-01
   5.2173910e-01
   5.2878964e-01
   5.3584016e-01
   5.4171562e-01
   5.4406579e-01
   5.3936545e-01
   5.2996473e-01
   5.1703878e-01
   5.0176260e-01
   4.9001174e-01
   4.8178613e-01
   4.8061105e-01
   4.8531139e-01
   4.9471209e-01
   5.0528789e-01
   5.1586369e-01
   5.2526438e-01
   5.3231490e-01
   5.3466510e-01
   5.3231490e-01
   5.2291421e-01
   5.0411278e-01
   4.7943596e-01
   4.4653346e-01
   4.1128082e-01
   3.7367800e-01
   3.4312570e-01
   3.1609869e-01
   2.9964748e-01
   2.9024676e-01
   2.8672150e-01
   2.8789656e-01
   2.9377202e-01
   3.0317271e-01
   3.1492360e-01
   3.3372501e-01
   3.5605168e-01
   3.7955346e-01
   4.0305524e-01
   4.2303171e-01
   4.3713277e-01
   4.4183312e-01
   4.4183312e-01
   4.3478260e-01
   4.2538188e-01
   4.1245591e-01
   3.9952996e-01
   3.8425383e-01
   3.7132783e-01
   3.5722677e-01
   3.4665099e-01
   3.3842536e-01
   3.3607518e-01
   3.3725030e-01
   3.3842536e-01
   3.3725030e-01
   3.3254993e-01
   3.2197412e-01
   3.0669800e-01
   2.8907168e-01
   2.7144535e-01
   2.5851938e-01
   2.5499412e-01
   2.5616920e-01
   2.6556992e-01
   2.7849587e-01
   2.9612219e-01
   3.1844886e-01
   3.4077556e-01
   3.6662748e-01
   3.9012924e-01
   4.1363102e-01
   4.3360751e-01
   4.4653346e-01
   4.5475909e-01
   4.5593418e-01
   4.5358401e-01
   4.4770855e-01
   4.4183314e-01
   4.3478260e-01
   4.2773206e-01
   4.1950648e-01
   4.1010576e-01
   3.9952996e-01
   3.9012924e-01
   3.8542892e-01
   3.8542889e-01
   3.9365450e-01
   4.0658050e-01
   4.2303171e-01
   4.3830786e-01
   4.4888366e-01
   4.5358401e-01
   4.5005872e-01
   4.3948297e-01
   4.2420682e-01
   4.0658050e-01
   3.8777907e-01
   3.6897766e-01
   3.5252642e-01
   3.4077556e-01
   3.3372501e-01
   3.3607518e-01
   3.4547590e-01
   3.6192714e-01
   3.8190363e-01
   4.0305521e-01
   4.1598119e-01
   4.2303171e-01
   4.2068156e-01
   4.0775556e-01
   3.8660398e-01
   3.6310222e-01
   3.3607518e-01
   3.0904817e-01
   2.8437130e-01
   2.5969446e-01
   2.3736780e-01
   2.1739130e-01
   2.0211512e-01
   1.9153937e-01
   1.8566391e-01
   1.8331374e-01
   1.8448883e-01
   1.8683900e-01
   1.8801409e-01
   1.9036429e-01
   1.9271443e-01
   1.9976498e-01
   2.1269095e-01
   2.3384251e-01
   2.5851938e-01
   2.8907168e-01
   3.2079904e-01
   3.5252642e-01
   3.8072855e-01
   4.0775556e-01
   4.3125734e-01
   4.5358401e-01
   4.7003524e-01
   4.8178613e-01
   4.8766157e-01
   4.8648648e-01
   4.8061105e-01
   4.7003524e-01
   4.5945944e-01
   4.5123381e-01
   4.4770858e-01
   4.4888366e-01
   4.5240890e-01
   4.5710927e-01
   4.6180964e-01
   4.6415981e-01
   4.6650999e-01
   4.6886016e-01
   4.7003524e-01
   4.7238542e-01
   4.7473559e-01
   4.7591070e-01
   4.7473559e-01
   4.7238542e-01
   4.6886016e-01
   4.6533490e-01
   4.6298470e-01
   4.6298473e-01
   4.6063455e-01
   4.5710927e-01
   4.4770858e-01
   4.3360751e-01
   4.1480610e-01
   3.9130435e-01
   3.6780257e-01
   3.4782607e-01
   3.3019975e-01
   3.1727378e-01
   3.0669800e-01
   2.9612222e-01
   2.8907168e-01
   2.8319622e-01
   2.7967096e-01
   2.8084607e-01
   2.8789659e-01
   3.0199765e-01
   3.2197415e-01
   3.4547590e-01
   3.7015274e-01
   3.9717978e-01
   4.2420680e-01
   4.4888366e-01
   4.7356050e-01
   4.9471209e-01
   5.1233841e-01
   5.2408930e-01
   5.2878964e-01
   5.2761456e-01
   5.1938895e-01
   5.0881315e-01
   4.9588717e-01
   4.8413631e-01
   4.7003524e-01
   4.5240892e-01
   4.3243243e-01
   4.0540539e-01
   3.7485311e-01
   3.4077553e-01
   3.0669800e-01
   2.7379553e-01
   2.4559340e-01
   2.1974147e-01
   1.9858989e-01
   1.7861340e-01
   1.5863690e-01
   1.4218566e-01
   1.2925966e-01
   1.1985897e-01
   1.1750880e-01
   1.2103406e-01
   1.2808460e-01
   1.3631021e-01
   1.4571092e-01
   1.5511162e-01
   1.6568739e-01
   1.7743828e-01
   1.9153935e-01
   2.1034078e-01
   2.3266742e-01
   2.5851938e-01
   2.8554639e-01
   3.1374854e-01
   3.4077556e-01
   3.7015274e-01
   3.9952996e-01
   4.3008223e-01
   4.5710927e-01
   4.7943594e-01
   4.9118683e-01
   4.9236191e-01
   4.7826088e-01
   4.5240892e-01
   4.1598119e-01
   3.7132783e-01
   3.1962397e-01
   2.6556992e-01
   2.0916569e-01
   1.5393653e-01
   1.0340774e-01
   5.8754399e-02
   2.5851927e-02
   4.7003458e-03
   0.0000000e+00
   8.2256051e-03
   3.0552273e-02
   5.9929486e-02
   9.4007044e-02
   1.3043477e-01
   1.6686251e-01
   2.0094004e-01
   2.3384254e-01
   2.6674501e-01
   2.9494711e-01
   3.2079904e-01
   3.4312573e-01
   3.6075203e-01
   3.7720329e-01
   3.9247941e-01
   4.1128085e-01
   4.3478260e-01
   4.6180961e-01
   4.9353700e-01
   5.2643947e-01
   5.5699174e-01
   5.8284370e-01
   6.0399530e-01
   6.1809634e-01
   6.2749706e-01
   6.2749703e-01
   6.2044654e-01
   6.0282019e-01
   5.7579318e-01
   5.3936545e-01
   4.9353700e-01
   4.4535840e-01
   3.9952996e-01
   3.5722679e-01
   3.2432432e-01
   3.0082254e-01
   2.8554639e-01
   2.7967098e-01
   2.8084604e-01
   2.8907168e-01
   3.0434782e-01
   3.2549941e-01
   3.5135136e-01
   3.8072855e-01
   4.0893067e-01
   4.3595769e-01
   4.5710927e-01
   4.7356050e-01
   4.8531139e-01
   4.9353702e-01
   5.0176263e-01
   5.0881315e-01
   5.1586367e-01
   5.2408930e-01
   5.3113984e-01
   5.3701527e-01
   5.4524088e-01
   5.5464160e-01
   5.6756755e-01
   5.8166864e-01
   5.9576967e-01
   6.0869565e-01
   6.1457108e-01
   6.1222091e-01
   5.9929496e-01
   5.7814335e-01
   5.4759108e-01
   5.1233841e-01
   4.7356050e-01
   4.3243243e-01
   3.8895418e-01
   3.4665099e-01
   3.0669797e-01
   2.7144535e-01
   2.4441831e-01
   2.2679199e-01
   2.2091656e-01
   2.2796710e-01
   2.4441831e-01
   2.6674501e-01
   2.9259693e-01
   3.1962395e-01
   3.4665099e-01
   3.7132785e-01
   3.9482961e-01
   4.1598119e-01
   4.3478260e-01
   4.4888366e-01
   4.5828435e-01
   4.6298473e-01
   4.6768505e-01
   4.7238542e-01
   4.8061105e-01
   4.9471209e-01
   5.1351349e-01
   5.3701525e-01
   5.6051700e-01
   5.8401881e-01
   6.0047002e-01
   6.1104580e-01
   6.1457108e-01
   6.1222091e-01
   6.0164511e-01
   5.8636896e-01
   5.6521737e-01
   5.4054053e-01
   5.1351352e-01
   4.8531137e-01
   4.6298470e-01
   4.4535838e-01
   4.3478260e-01
   4.3125734e-01
   4.3243243e-01
   4.3243243e-01
   4.2890717e-01
   4.2185662e-01
   4.0775556e-01
   3.9012924e-01
   3.7015274e-01
   3.4900116e-01
   3.2902467e-01
   3.0904817e-01
   2.8789659e-01
   2.6556990e-01
   2.4206814e-01
   2.1974147e-01
   1.9623972e-01
   1.7743828e-01
   1.6098707e-01
   1.4923618e-01
   1.3983547e-01
   1.3160986e-01
   1.2808460e-01
   1.2808460e-01
   1.3278495e-01
   1.4101058e-01
   1.5511164e-01
   1.7156288e-01
   1.8918920e-01
   2.0564041e-01
   2.2091656e-01
   2.3736780e-01
   2.5499412e-01
   2.7849587e-01
   3.0904817e-01
   3.4665099e-01
   3.8777907e-01
   4.3243243e-01
   4.7356053e-01
   5.0763806e-01
   5.3466510e-01
   5.5346648e-01
   5.6404229e-01
   5.6756755e-01
   5.6756755e-01
   5.6286720e-01
   5.5699177e-01
   5.4994123e-01
   5.4054053e-01
   5.3349001e-01
   5.2878964e-01
   5.2878964e-01
   5.2761458e-01
   5.2761456e-01
   5.2291421e-01
   5.1351352e-01
   4.9706226e-01
   4.7591070e-01
   4.5123384e-01
   4.2655699e-01
   4.0423030e-01
   3.8425381e-01
   3.6545240e-01
   3.4900116e-01
   3.3372501e-01
   3.1962395e-01
   3.0787308e-01
   3.0199765e-01
   3.0082254e-01
   3.0669797e-01
   3.1609872e-01
   3.3019975e-01
   3.4312570e-01
   3.5370151e-01
   3.6192714e-01
   3.6662748e-01
   3.7015274e-01
   3.7602820e-01
   3.8190363e-01
   3.8895415e-01
   3.9835487e-01
   4.0893065e-01
   4.2068154e-01
   4.3478260e-01
   4.5123381e-01
   4.7121033e-01
   4.9001174e-01
   5.0646298e-01
   5.1703878e-01
   5.1821384e-01
   5.0881315e-01
   4.8766157e-01
   4.5945944e-01
   4.2655697e-01
   3.9365452e-01
   3.6427731e-01
   3.3842536e-01
   3.2197412e-01
   3.0904817e-01
   3.0434782e-01
   3.0552289e-01
   3.1492363e-01
   3.2902467e-01
   3.4900119e-01
   3.7132783e-01
   3.9482961e-01
   4.1480608e-01
   4.3243243e-01
   4.4653349e-01
   4.6063455e-01
   4.7356050e-01
   4.8531139e-01
   5.0058754e-01
   5.1116335e-01
   5.1938895e-01
   5.1938895e-01
   5.1351352e-01
   5.0176263e-01
   4.8883665e-01
   4.7473559e-01
   4.6298470e-01
   4.5710927e-01
   4.5593418e-01
   4.5945947e-01
   4.6650999e-01
   4.7473559e-01
   4.8531139e-01
   4.9588717e-01
   5.0881317e-01
   5.2056404e-01
   5.3349001e-01
   5.4406579e-01
   5.5229142e-01
   5.5934194e-01
   5.6756757e-01
   5.7696826e-01
   5.8871915e-01
   6.0282019e-01
   6.1457108e-01
   6.2397180e-01
   6.2397177e-01
   6.1339600e-01
   5.8871915e-01
   5.5346651e-01
   5.0998826e-01
   4.6063455e-01
   4.1128082e-01
   3.6780257e-01
   3.2902467e-01
   3.0082257e-01
   2.8437133e-01
   2.7732079e-01
   2.8437130e-01
   3.0317274e-01
   3.3137484e-01
   3.6427731e-01
   3.9717976e-01
   4.2890717e-01
   4.5240892e-01
   4.7003524e-01
   4.8178613e-01
   4.9001174e-01
   4.9706228e-01
   5.0528789e-01
   5.1351349e-01
   5.2173910e-01
   5.2643947e-01
   5.2878964e-01
   5.2761456e-01
   5.2173910e-01
   5.1468861e-01
   5.0763806e-01
   5.0058752e-01
   4.9471211e-01
   4.8648645e-01
   4.7943594e-01
   4.7003524e-01
   4.6298473e-01
   4.5475909e-01
   4.5123381e-01
   4.4888366e-01
   4.4888366e-01
   4.5005872e-01
   4.5123384e-01
   4.5005875e-01
   4.5005872e-01
   4.5005875e-01
   4.5358401e-01
   4.5828438e-01
   4.6415981e-01
   4.7121033e-01
   4.7356050e-01
   4.7238542e-01
   4.6650996e-01
   4.5710927e-01
   4.4653346e-01
   4.3830786e-01
   4.3478260e-01
   4.3595769e-01
   4.4065803e-01
   4.5005875e-01
   4.6063453e-01
   4.7473559e-01
   4.8766157e-01
   5.0293772e-01
   5.1938895e-01
   5.3466508e-01
   5.4759108e-01
   5.5699177e-01
   5.6051703e-01
   5.5699177e-01
   5.5111631e-01
   5.4289071e-01
   5.3466510e-01
   5.2643947e-01
   5.1821384e-01
   5.0881315e-01
   4.9941243e-01
   4.8413631e-01
   4.6768505e-01
   4.5005875e-01
   4.3595769e-01
   4.2538188e-01
   4.2068154e-01
   4.2185662e-01
   4.2655699e-01
   4.3478260e-01
   4.4300820e-01
   4.5240892e-01
   4.6180964e-01
   4.6886016e-01
   4.7708576e-01
   4.8531139e-01
   4.8883665e-01
   4.9001174e-01
   4.8766157e-01
   4.7943596e-01
   4.7121033e-01
   4.6180964e-01
   4.5358401e-01
   4.4653346e-01
   4.4183312e-01
   4.3595769e-01
   4.3125734e-01
   4.2538188e-01
   4.2068154e-01
   4.1715628e-01
   4.1950645e-01
   4.2420680e-01
   4.3360751e-01
   4.4535838e-01
   4.5710927e-01
   4.6533490e-01
   4.7356050e-01
   4.8061102e-01
   4.8531139e-01
   4.9118683e-01
   4.9706226e-01
   4.9941246e-01
   4.9823737e-01
   4.9118683e-01
   4.7708579e-01
   4.5945944e-01
   4.3713277e-01
   4.1598119e-01
   3.9835487e-01
   3.8777907e-01
   3.8425381e-01
   3.8660398e-01
   3.9247944e-01
   4.0423030e-01
   4.1715628e-01
   4.3243243e-01
   4.5005875e-01
   4.6768507e-01
   4.8296122e-01
   4.9706226e-01
   5.0881315e-01
   5.1821384e-01
   5.2643947e-01
   5.3701527e-01
   5.5229142e-01
   5.7344298e-01
   5.9694476e-01
   6.2279669e-01
   6.4512338e-01
   6.6274970e-01
   6.7332548e-01
   6.7802583e-01
   6.7685074e-01
   6.7215039e-01
   6.6627494e-01
   6.5922444e-01
   6.5099881e-01
   6.4277321e-01
   6.3219740e-01
   6.2162160e-01
   6.1222091e-01
   6.0634548e-01
   6.0517039e-01
   6.0869562e-01
   6.1692126e-01
   6.2514686e-01
   6.3572269e-01
   6.4277321e-01
   6.4982370e-01
   6.5334899e-01
   6.5569916e-01
   6.5334899e-01
   6.4747355e-01
   6.3807284e-01
   6.2397180e-01
   6.0634548e-01
   5.8754407e-01
   5.6991772e-01
   5.6051703e-01
   5.5934194e-01
   5.6756755e-01
   5.8166861e-01
   6.0164513e-01
   6.2044654e-01
   6.3454758e-01
   6.4277321e-01
   6.4512336e-01
   6.4394827e-01
   6.3689775e-01
   6.2749703e-01
   6.1574617e-01
   6.0164511e-01
   5.8401881e-01
   5.6756755e-01
   5.5111631e-01
   5.3584016e-01
   5.2291421e-01
   5.1468861e-01
   5.0763806e-01
   5.0411280e-01
   5.0058754e-01
   5.0176263e-01
   5.0646298e-01
   5.1938893e-01
   5.3936545e-01
   5.6756755e-01
   6.0164511e-01
   6.3689775e-01
   6.7097531e-01
   6.9800235e-01
   7.1562864e-01
   7.2502936e-01
   7.2620447e-01
   7.1915393e-01
   7.0740304e-01
   6.9095180e-01
   6.6980022e-01
   6.4394829e-01
   6.1339600e-01
   5.8401878e-01
   5.5464160e-01
   5.2878964e-01
   5.0881315e-01
   4.9471211e-01
   4.8648648e-01
   4.8413631e-01
   4.8413628e-01
   4.8766154e-01
   4.9471209e-01
   5.0646298e-01
   5.2408927e-01
   5.4406579e-01
   5.6756755e-01
   5.9106933e-01
   6.0987074e-01
   6.2514689e-01
   6.3572266e-01
   6.4042304e-01
   6.4277321e-01
   6.4042301e-01
   6.3689775e-01
   6.2749706e-01
   6.1457108e-01
   5.9576967e-01
   5.7461807e-01
   5.5111634e-01
   5.3113984e-01
   5.1586367e-01
   5.0763806e-01
   5.0646298e-01
   5.1351352e-01
   5.2408930e-01
   5.3819036e-01
   5.5346648e-01
   5.6991775e-01
   5.8519390e-01
   6.0047002e-01
   6.1457108e-01
   6.2162160e-01
   6.2397177e-01
   6.2044651e-01
   6.1104582e-01
   5.9811985e-01
   5.8519387e-01
   5.7344298e-01
   5.6521737e-01
   5.5934194e-01
   5.5699177e-01
   5.5464160e-01
   5.5464157e-01
   5.5699174e-01
   5.6286720e-01
   5.7226792e-01
   5.8871915e-01
   6.0987074e-01
   6.3454758e-01
   6.5804936e-01
   6.7685074e-01
   6.8860163e-01
   6.9330198e-01
   6.8860163e-01
   6.7802583e-01
   6.6274968e-01
   6.4159812e-01
   6.1809634e-01
   5.9224441e-01
   5.6521737e-01
   5.3819036e-01
   5.1468861e-01
   4.9353700e-01
   4.7943594e-01
   4.7003524e-01
   4.6415981e-01
   4.6063453e-01
   4.5475909e-01
   4.4653349e-01
   4.3713277e-01
   4.2538188e-01
   4.1598119e-01
   4.0775559e-01
   4.0188013e-01
   3.9835487e-01
   3.9835484e-01
   3.9952996e-01
   4.0305524e-01
   4.1010573e-01
   4.2068154e-01
   4.3595769e-01
   4.5358401e-01
   4.7473559e-01
   4.9353700e-01
   5.0998823e-01
   5.2173912e-01
   5.2996473e-01
   5.3819036e-01
   5.4641597e-01
   5.5816686e-01
   5.7344298e-01
   5.8871915e-01
   6.0399528e-01
   6.1927143e-01
   6.3219740e-01
   6.4159810e-01
   6.4982373e-01
   6.5804936e-01
   6.6627496e-01
   6.7567568e-01
   6.8272620e-01
   6.8742654e-01
   6.8860163e-01
   6.8742654e-01
   6.8742654e-01
   6.8742654e-01
   6.9095180e-01
   6.9682726e-01
   7.0270269e-01
   7.0975321e-01
   7.1680376e-01
   7.2385428e-01
   7.2972971e-01
   7.3678025e-01
   7.4383080e-01
   7.5205640e-01
   7.6028201e-01
   7.6380727e-01
   7.6498235e-01
   7.6145712e-01
   7.5440657e-01
   7.4500586e-01
   7.3443005e-01
   7.2737956e-01
   7.2385428e-01
   7.2150410e-01
   7.1797884e-01
   7.1327847e-01
   7.0387778e-01
   6.9212689e-01
   6.7567565e-01
   6.5804933e-01
   6.3807284e-01
   6.1692126e-01
   5.9576967e-01
   5.7461807e-01
   5.5229140e-01
   5.3466508e-01
   5.2056401e-01
   5.1351349e-01
   5.1351352e-01
   5.1938895e-01
   5.2643947e-01
   5.3113982e-01
   5.3231490e-01
   5.2526438e-01
   5.1116332e-01
   4.9118683e-01
   4.6768505e-01
   4.4418329e-01
   4.2185662e-01
   4.0070504e-01
   3.8190363e-01
   3.6780257e-01
   3.5840188e-01
   3.5487659e-01
   3.6075205e-01
   3.7602820e-01
   4.0070504e-01
   4.3125734e-01
   4.6415981e-01
   4.9823737e-01
   5.3113982e-01
   5.5699177e-01
   5.8049352e-01
   5.9694476e-01
   6.0869565e-01
   6.1574617e-01
   6.1692126e-01
   6.1339600e-01
   6.0399528e-01
   5.9224441e-01
   5.8166861e-01
   5.7226789e-01
   5.6874263e-01
   5.7109283e-01
   5.7814335e-01
   5.8871913e-01
   5.9929493e-01
   6.0987071e-01
   6.2044654e-01
   6.2984723e-01
   6.3807286e-01
   6.4629847e-01
   6.5217390e-01
   6.5217390e-01
   6.4747355e-01
   6.3454758e-01
   6.1457108e-01
   5.8989424e-01
   5.6521737e-01
   5.4171562e-01
   5.2173912e-01
   5.0763806e-01
   4.9588720e-01
   4.8766157e-01
   4.8061105e-01
   4.7473562e-01
   4.6650996e-01
   4.5710927e-01
   4.4770855e-01
   4.3713280e-01
   4.2538188e-01
   4.1245593e-01
   3.9835487e-01
   3.8777907e-01
   3.8307872e-01
   3.8425381e-01
   3.9247944e-01
   4.1010573e-01
   4.3125731e-01
   4.5358401e-01
   4.7238542e-01
   4.8531137e-01
   4.9118683e-01
   4.9236191e-01
   4.8766157e-01
   4.8296120e-01
   4.7356053e-01
   4.6415979e-01
   4.5005875e-01
   4.3478260e-01
   4.1480610e-01
   3.9600470e-01
   3.7602820e-01
   3.5840188e-01
   3.4782607e-01
   3.4312570e-01
   3.4430082e-01
   3.5252642e-01
   3.6427731e-01
   3.8072855e-01
   4.0305521e-01
   4.2655699e-01
   4.5123381e-01
   4.7591068e-01
   4.9588717e-01
   5.0646298e-01
   5.0881315e-01
   5.0058754e-01
   4.8531139e-01
   4.6415979e-01
   4.4183312e-01
   4.2185662e-01
   4.0540539e-01
   3.9365452e-01
   3.8660398e-01
   3.8307872e-01
   3.8307872e-01
   3.8777907e-01
   3.9717978e-01
   4.0893065e-01
   4.2068154e-01
   4.3125731e-01
   4.3595769e-01
   4.3478260e-01
   4.2890714e-01
   4.1715628e-01
   4.0423033e-01
   3.9600470e-01
   3.9365450e-01
   3.9952996e-01
   4.1363102e-01
   4.3478257e-01
   4.6063453e-01
   4.9118685e-01
   5.2408930e-01
   5.5934194e-01
   5.9459459e-01
   6.2867212e-01
   6.5922444e-01
   6.8390126e-01
   6.9917743e-01
   7.0622795e-01
   7.0387778e-01
   6.9447709e-01
   6.8037603e-01
   6.6509988e-01
   6.4747355e-01
   6.2867212e-01
   6.1104582e-01
   5.9341950e-01
   5.7579318e-01
   5.6404229e-01
   5.5581668e-01
   5.5346648e-01
   5.5581666e-01
   5.6286720e-01
   5.7109283e-01
   5.7696826e-01
   5.8049352e-01
   5.8284370e-01
   5.8519390e-01
   5.8871913e-01
   5.9459456e-01
   6.0282019e-01
   6.0987074e-01
   6.1574617e-01
   6.1809634e-01
   6.1574617e-01
   6.0869565e-01
   5.9929496e-01
   5.8871913e-01
   5.7814335e-01
   5.6756755e-01
   5.5699177e-01
   5.4876614e-01
   5.4054053e-01
   5.3348999e-01
   5.3231493e-01
   5.3701527e-01
   5.4759105e-01
   5.6169212e-01
   5.7931844e-01
   5.9459456e-01
   6.0752056e-01
   6.1574617e-01
   6.1574617e-01
   6.1222091e-01
   6.0517036e-01
   5.9341950e-01
   5.8049352e-01
   5.6521737e-01
   5.4759105e-01
   5.3113982e-01
   5.1468861e-01
   5.0411280e-01
   5.0058754e-01
   5.0528789e-01
   5.1586367e-01
   5.3113984e-01
   5.4759105e-01
   5.6051703e-01
   5.7109281e-01
   5.7461809e-01
   5.7461809e-01
   5.7109281e-01
   5.6874263e-01
   5.6874263e-01
   5.7109283e-01
   5.7461807e-01
   5.8284370e-01
   5.9341950e-01
   6.0987074e-01
   6.2867215e-01
   6.5099881e-01
   6.7567568e-01
   6.9800235e-01
   7.1445358e-01
   7.2502936e-01
   7.2972973e-01
   7.2855462e-01
   7.2385430e-01
   7.2032902e-01
   7.1562867e-01
   7.1092830e-01
   7.0387778e-01
   6.9447709e-01
   6.7920091e-01
   6.5922444e-01
   6.3572266e-01
   6.0869562e-01
   5.8166861e-01
   5.5581668e-01
   5.3231490e-01
   5.0998823e-01
   4.9353700e-01
   4.8061102e-01
   4.7356053e-01
   4.7356050e-01
   4.7943594e-01
   4.9118683e-01
   5.0646298e-01
   5.1821387e-01
   5.2408930e-01
   5.2291421e-01
   5.1116332e-01
   4.9471211e-01
   4.7826085e-01
   4.6415979e-01
   4.6063453e-01
   4.7121033e-01
   4.9353700e-01
   5.2996476e-01
   5.7696826e-01
   6.2867215e-01
   6.8272620e-01
   7.3325497e-01
   7.7673324e-01
   8.0493537e-01
   8.1786134e-01
   8.1316097e-01
   7.9200939e-01
   7.5793183e-01
   7.1915393e-01
   6.8037600e-01
   6.4864864e-01
   6.2514686e-01
   6.0987074e-01
   6.0164511e-01
   5.9576967e-01
   5.8989422e-01
   5.8284370e-01
   5.7461809e-01
   5.6521740e-01
   5.5464157e-01
   5.4289071e-01
   5.3348999e-01
   5.2526438e-01
   5.1821384e-01
   5.1116332e-01
   5.0881315e-01
   5.1116332e-01
   5.1703878e-01
   5.2878964e-01
   5.4171562e-01
   5.5346651e-01
   5.6169212e-01
   5.6639246e-01
   5.6521737e-01
   5.6051703e-01
   5.5346651e-01
   5.4524088e-01
   5.3701525e-01
   5.2761456e-01
   5.1703878e-01
   5.0293772e-01
   4.8648648e-01
   4.7003524e-01
   4.5358401e-01
   4.4183312e-01
   4.3243243e-01
   4.2773208e-01
   4.2773206e-01
   4.3008223e-01
   4.3478260e-01
   4.4183314e-01
   4.5240892e-01
   4.6533490e-01
   4.8061102e-01
   4.9823737e-01
   5.1351349e-01
   5.2408930e-01
   5.2761456e-01
   5.2526438e-01
   5.1351349e-01
   4.9941246e-01
   4.7943594e-01
   4.5828438e-01
   4.3713277e-01
