   3.5731633e-01
   3.9162113e-01
   4.1712204e-01
   4.2805100e-01
   4.2106860e-01
   3.9860352e-01
   3.6490588e-01
   3.2726168e-01
   2.9204614e-01
   2.6472374e-01
   2.4924105e-01
   2.4650880e-01
   2.5622343e-01
   2.7656344e-01
   3.0510018e-01
   3.3879781e-01
   3.7492410e-01
   4.0983607e-01
   4.4049787e-01
   4.6326654e-01
   4.7662417e-01
   4.7905282e-01
   4.7115968e-01
   4.5567699e-01
   4.3503339e-01
   4.1378263e-01
   3.9556770e-01
   3.8312082e-01
   3.7795992e-01
   3.8038858e-01
   3.8888888e-01
   4.0285367e-01
   4.1985428e-01
   4.3897996e-01
   4.5992714e-01
   4.8087432e-01
   5.0182149e-01
   5.2155434e-01
   5.3885853e-01
   5.5160899e-01
   5.5707346e-01
   5.5312690e-01
   5.3794778e-01
   5.1062538e-01
   4.7267759e-01
   4.2744384e-01
   3.8008500e-01
   3.3788706e-01
   3.0874316e-01
   2.9872495e-01
   3.1268974e-01
   3.5154827e-01
   4.1135397e-01
   4.8512446e-01
   5.6314511e-01
   6.3327262e-01
   6.8427444e-01
   7.0704311e-01
   6.9641773e-01
   6.5209471e-01
   5.7802064e-01
   4.8330297e-01
   3.8038858e-01
   2.8293868e-01
   2.0461445e-01
   1.5664845e-01
   1.4602307e-01
   1.7486338e-01
   2.3922282e-01
   3.2999393e-01
   4.3412265e-01
   5.3642987e-01
   6.2325440e-01
   6.8306011e-01
   7.0856102e-01
   6.9854281e-01
   6.5513054e-01
   5.8591379e-01
   5.0030358e-01
   4.0892532e-01
   3.2301154e-01
   2.5075895e-01
   1.9914996e-01
   1.7152398e-01
   1.6818458e-01
   1.8639951e-01
   2.2131148e-01
   2.6593807e-01
   3.1329691e-01
   3.5701275e-01
   3.9192471e-01
   4.1438980e-01
   4.2289010e-01
   4.1742562e-01
   3.9951427e-01
   3.7128112e-01
   3.3576199e-01
   2.9629630e-01
   2.5622343e-01
   2.1948998e-01
   1.9004250e-01
   1.7000607e-01
   1.6211293e-01
   1.6697024e-01
   1.8397085e-01
   2.1129326e-01
   2.4559805e-01
   2.8293867e-01
   3.1815422e-01
   3.4729812e-01
   3.6642379e-01
   3.7279903e-01
   3.6520947e-01
   3.4426229e-01
   3.1329690e-01
   2.7595629e-01
   2.3831208e-01
   2.0552519e-01
   1.8184578e-01
   1.7000607e-01
   1.7030965e-01
   1.8123861e-01
   1.9945355e-01
   2.2252580e-01
   2.4893746e-01
   2.7868852e-01
   3.1360048e-01
   3.5610200e-01
   4.0922890e-01
   4.7328476e-01
   5.4614450e-01
   6.2234366e-01
   6.9338191e-01
   7.4863388e-01
   7.7899211e-01
   7.7625986e-01
   7.3709775e-01
   6.6423801e-01
   5.6587735e-01
   4.5446266e-01
   3.4699453e-01
   2.6047359e-01
   2.0886460e-01
   2.0248938e-01
   2.4316940e-01
   3.2574378e-01
   4.3867638e-01
   5.6435944e-01
   6.8366728e-01
   7.7929569e-01
   8.3606557e-01
   8.4729811e-01
   8.1238615e-01
   7.3740133e-01
   6.3357620e-01
   5.1548269e-01
   3.9769277e-01
   2.9326047e-01
   2.1250759e-01
   1.6089860e-01
   1.4025501e-01
   1.4845173e-01
   1.7880995e-01
   2.2465088e-01
   2.7717061e-01
   3.2908318e-01
   3.7370977e-01
   4.0771099e-01
   4.2835458e-01
   4.3594414e-01
   4.3169399e-01
   4.1772920e-01
   3.9617486e-01
   3.6976320e-01
   3.4153005e-01
   3.1329690e-01
   2.8840316e-01
   2.6867030e-01
   2.5622343e-01
   2.5227686e-01
   2.5683060e-01
   2.6927747e-01
   2.8840316e-01
   3.1177899e-01
   3.3667273e-01
   3.6156648e-01
   3.8281724e-01
   3.9951427e-01
   4.0953248e-01
   4.1135398e-01
   4.0528233e-01
   3.9131754e-01
   3.7067395e-01
   3.4638737e-01
   3.2119004e-01
   2.9842137e-01
   2.8142077e-01
   2.7170613e-01
   2.7109897e-01
   2.7838494e-01
   2.9326047e-01
   3.1268974e-01
   3.3515482e-01
   3.5731633e-01
   3.7735276e-01
   3.9313904e-01
   4.0346083e-01
   4.0680024e-01
   4.0376442e-01
   3.9496053e-01
   3.8160291e-01
   3.6581664e-01
   3.4790528e-01
   3.2938676e-01
   3.1056466e-01
   2.9204614e-01
   2.7413479e-01
   2.5834851e-01
   2.4802672e-01
   2.4681238e-01
   2.6017000e-01
   2.9174256e-01
   3.4365513e-01
   4.1590771e-01
   5.0303582e-01
   5.9744991e-01
   6.8761385e-01
   7.6168792e-01
   8.0783243e-01
   8.1876138e-01
   7.9022465e-01
   7.2434730e-01
   6.2962963e-01
   5.1791135e-01
   4.0497875e-01
   3.0692167e-01
   2.3740133e-01
   2.0552519e-01
   2.1523983e-01
   2.6350940e-01
   3.4213722e-01
   4.3715847e-01
   5.3460838e-01
   6.1961142e-01
   6.8063145e-01
   7.1007893e-01
   7.0522162e-01
   6.6879174e-01
   6.0716454e-01
   5.3005464e-01
   4.4869459e-01
   3.7492410e-01
   3.1876139e-01
   2.8718882e-01
   2.8415300e-01
   3.0904675e-01
   3.5701275e-01
   4.1985428e-01
   4.8633880e-01
   5.4705524e-01
   5.9137827e-01
   6.1293260e-01
   6.0928962e-01
   5.8136004e-01
   5.3339405e-01
   4.7267759e-01
   4.0680024e-01
   3.4335154e-01
   2.8870674e-01
   2.4802671e-01
   2.2343655e-01
   2.1554341e-01
   2.2374012e-01
   2.4408015e-01
   2.7352763e-01
   3.0752884e-01
   3.4122647e-01
   3.7128111e-01
   3.9465695e-01
   4.0892532e-01
   4.1378263e-01
   4.0862173e-01
   3.9526411e-01
   3.7492410e-01
   3.4911961e-01
   3.2058288e-01
   2.9174256e-01
   2.6593807e-01
   2.4529447e-01
   2.3193685e-01
   2.2677595e-01
   2.2981178e-01
   2.3891924e-01
   2.5288403e-01
   2.6927747e-01
   2.8627808e-01
   3.0358227e-01
   3.2179721e-01
   3.4153005e-01
   3.6429872e-01
   3.9101396e-01
   4.2046145e-01
   4.5233758e-01
   4.8299939e-01
   5.0941105e-01
   5.2762598e-01
   5.3460838e-01
   5.2792957e-01
   5.0758955e-01
   4.7449909e-01
   4.3230115e-01
   3.8646023e-01
   3.4365513e-01
   3.1177899e-01
   2.9720704e-01
   3.0449301e-01
   3.3606557e-01
   3.8979963e-01
   4.5962356e-01
   5.3734062e-01
   6.1141469e-01
   6.7091682e-01
   7.0613236e-01
   7.1007893e-01
   6.8123861e-01
   6.2204007e-01
   5.4037644e-01
   4.4778385e-01
   3.5883424e-01
   2.8749241e-01
   2.4499089e-01
   2.3861566e-01
   2.6958105e-01
   3.3333333e-01
   4.1955069e-01
   5.1426836e-01
   6.0230722e-01
   6.7030966e-01
   7.0886460e-01
   7.1281117e-01
   6.8275652e-01
   6.2446873e-01
   5.4675167e-01
   4.6083788e-01
   3.7674560e-01
   3.0358227e-01
   2.4833029e-01
   2.1493624e-01
   2.0340012e-01
   2.1311475e-01
   2.3891925e-01
   2.7656344e-01
   3.1876138e-01
   3.6095931e-01
   3.9708561e-01
   4.2440801e-01
   4.4019429e-01
   4.4444444e-01
   4.3776563e-01
   4.2076503e-01
   3.9708561e-01
   3.6854887e-01
   3.3788706e-01
   3.0843958e-01
   2.8233151e-01
   2.6229508e-01
   2.5045537e-01
   2.4741955e-01
   2.5349120e-01
   2.6775956e-01
   2.8931391e-01
   3.1481481e-01
   3.4244080e-01
   3.7006679e-01
   3.9465695e-01
   4.1378263e-01
   4.2622951e-01
   4.3017608e-01
   4.2531876e-01
   4.1256830e-01
   3.9435337e-01
   3.7310261e-01
   3.5336976e-01
   3.3940498e-01
   3.3424408e-01
   3.3940498e-01
   3.5519125e-01
   3.7947784e-01
   4.0922890e-01
   4.4049787e-01
   4.6903461e-01
   4.9271403e-01
   5.0819672e-01
   5.1517911e-01
   5.1366120e-01
   5.0546448e-01
   4.9180328e-01
   4.7632058e-01
   4.6083788e-01
   4.4778384e-01
   4.3806921e-01
   4.3260473e-01
   4.3078324e-01
   4.3230115e-01
   4.3564056e-01
   4.4080146e-01
   4.4869459e-01
   4.6144505e-01
   4.8148147e-01
   5.1032180e-01
   5.4948391e-01
   5.9684274e-01
   6.4936248e-01
   7.0036430e-01
   7.4286581e-01
   7.6927747e-01
   7.7322404e-01
   7.5197328e-01
   7.0431087e-01
   6.3479053e-01
   5.5100182e-01
   4.6296296e-01
   3.8190649e-01
   3.1815422e-01
   2.7990285e-01
   2.7200971e-01
   2.9447480e-01
   3.4244080e-01
   4.0801457e-01
   4.7965999e-01
   5.4584092e-01
   5.9744991e-01
   6.2659380e-01
   6.2962963e-01
   6.0746812e-01
   5.6435944e-01
   5.0546448e-01
   4.3837280e-01
   3.7097753e-01
   3.0904675e-01
   2.5774135e-01
   2.2040072e-01
   1.9854281e-01
   1.9156041e-01
   1.9914997e-01
   2.1797207e-01
   2.4529447e-01
   2.7777778e-01
   3.1208257e-01
   3.4547662e-01
   3.7522768e-01
   4.0012143e-01
   4.1712204e-01
   4.2562234e-01
   4.2410443e-01
   4.1287189e-01
   3.9253188e-01
   3.6551305e-01
   3.3454766e-01
   3.0449302e-01
   2.7929569e-01
   2.6229508e-01
   2.5622343e-01
   2.6138433e-01
   2.7686703e-01
   2.9933212e-01
   3.2665452e-01
   3.5519126e-01
   3.8160291e-01
   4.0437158e-01
   4.2228294e-01
   4.3564056e-01
   4.4505161e-01
   4.5112325e-01
   4.5506982e-01
   4.5749848e-01
   4.5810564e-01
   4.5598057e-01
   4.5051609e-01
   4.4049787e-01
   4.2501518e-01
   4.0558591e-01
   3.8372798e-01
   3.6308439e-01
   3.4911961e-01
   3.4608379e-01
   3.5883424e-01
   3.8858530e-01
   4.3472981e-01
   4.9271403e-01
   5.5525197e-01
   6.1384335e-01
   6.5938070e-01
   6.8488160e-01
   6.8639951e-01
   6.6302368e-01
   6.1870066e-01
   5.6041286e-01
   4.9848208e-01
   4.4353370e-01
   4.0619307e-01
   3.9435337e-01
   4.1165756e-01
   4.5749848e-01
   5.2580450e-01
   6.0777170e-01
   6.9064966e-01
   7.6108075e-01
   8.0874317e-01
   8.2544019e-01
   8.0783242e-01
   7.5804493e-01
   6.8275652e-01
   5.9228901e-01
   5.0000000e-01
   4.1863995e-01
   3.6035216e-01
   3.3454766e-01
   3.4547662e-01
   3.9404979e-01
   4.7389192e-01
   5.7498481e-01
   6.8397085e-01
   7.8597450e-01
   8.6612022e-01
   9.1317547e-01
   9.2076503e-01
   8.8767456e-01
   8.1936855e-01
   7.2495446e-01
   6.1748634e-01
   5.1123254e-01
   4.1924711e-01
   3.5215543e-01
   3.1663631e-01
   3.1511839e-01
   3.4547662e-01
   4.0194293e-01
   4.7389192e-01
   5.5130540e-01
   6.2295082e-01
   6.7911354e-01
   7.1311475e-01
   7.2282939e-01
   7.0856101e-01
   6.7547055e-01
   6.3084396e-01
   5.8136005e-01
   5.3521554e-01
   4.9757134e-01
   4.7267759e-01
   4.6023073e-01
   4.6023072e-01
   4.6873102e-01
   4.8208865e-01
   4.9574985e-01
   5.0576806e-01
   5.0941105e-01
   5.0576806e-01
   4.9605343e-01
   4.8360655e-01
   4.7328476e-01
   4.6964177e-01
   4.7844566e-01
   5.0242866e-01
   5.4189435e-01
   5.9441408e-01
   6.5391621e-01
   7.1220401e-01
   7.6108075e-01
   7.9113540e-01
   7.9629630e-01
   7.7443837e-01
   7.2616879e-01
   6.5755920e-01
   5.7710989e-01
   4.9605342e-01
   4.2683667e-01
   3.7917425e-01
   3.6095932e-01
   3.7522768e-01
   4.1985428e-01
   4.8816029e-01
   5.6921675e-01
   6.5088038e-01
   7.2040073e-01
   7.6715239e-01
   7.8415300e-01
   7.6897389e-01
   7.2343655e-01
   6.5452337e-01
   5.7194899e-01
   4.8785671e-01
   4.1469338e-01
   3.6308439e-01
   3.4122647e-01
   3.5276260e-01
   3.9617486e-01
   4.6478445e-01
   5.4887674e-01
   6.3448694e-01
   7.0856102e-01
   7.5895567e-01
   7.7838494e-01
   7.6290225e-01
   7.1493624e-01
   6.4146934e-01
   5.5221615e-01
   4.5992714e-01
   3.7704918e-01
   3.1451123e-01
   2.8111718e-01
   2.8020643e-01
   3.1208257e-01
   3.7188828e-01
   4.5051609e-01
   5.3734062e-01
   6.1961142e-01
   6.8579235e-01
   7.2707954e-01
   7.3861566e-01
   7.1979357e-01
   6.7486339e-01
   6.1111111e-01
   5.3825136e-01
   4.6569521e-01
   4.0194292e-01
   3.5367334e-01
   3.2452945e-01
   3.1451123e-01
   3.2240437e-01
   3.4304796e-01
   3.7249544e-01
   4.0437158e-01
   4.3412265e-01
   4.5780207e-01
   4.7419550e-01
   4.8239222e-01
   4.8451730e-01
   4.8299939e-01
   4.8057074e-01
   4.7935640e-01
   4.8117789e-01
   4.8542805e-01
   4.9058895e-01
   4.9453551e-01
   4.9514268e-01
   4.8998179e-01
   4.7844566e-01
   4.5992714e-01
   4.3503339e-01
   4.0619308e-01
   3.7583484e-01
   3.4851245e-01
   3.2847601e-01
   3.2088646e-01
   3.3029751e-01
   3.5974499e-01
   4.0983606e-01
   4.7814207e-01
   5.5919854e-01
   6.4389800e-01
   7.2252580e-01
   7.8415300e-01
   8.1967213e-01
   8.2240437e-01
   7.9083182e-01
   7.2829387e-01
   6.4207650e-01
   5.4341226e-01
   4.4626594e-01
   3.6429873e-01
   3.0783242e-01
   2.8476017e-01
   2.9629629e-01
   3.3879781e-01
   4.0224650e-01
   4.7480267e-01
   5.4189435e-01
   5.9077110e-01
   6.1141469e-01
   5.9805707e-01
   5.5039465e-01
   4.7328476e-01
   3.7583485e-01
   2.6927747e-01
   1.6697024e-01
   8.1663627e-02
   2.3679416e-02
   0.0000000e+00
   1.3357614e-02
   6.1930781e-02
   1.3812993e-01
   2.3193685e-01
   3.2969034e-01
   4.1894353e-01
   4.8816029e-01
   5.2944748e-01
   5.3825136e-01
   5.1608986e-01
   4.6690953e-01
   3.9829993e-01
   3.1936855e-01
   2.3983000e-01
   1.6939890e-01
   1.1445051e-01
   8.1056463e-02
   7.1341831e-02
   8.5003033e-02
   1.1930783e-01
   1.6848816e-01
   2.2525804e-01
   2.8233151e-01
   3.3242258e-01
   3.6915604e-01
   3.8949605e-01
   3.9192471e-01
   3.7704918e-01
   3.4820886e-01
   3.0965391e-01
   2.6533090e-01
   2.2100789e-01
   1.8002429e-01
   1.4663023e-01
   1.2355798e-01
   1.1171827e-01
   1.1202185e-01
   1.2295082e-01
   1.4298724e-01
   1.6818458e-01
   1.9641773e-01
   2.2465088e-01
   2.5075895e-01
   2.7352763e-01
   2.9234972e-01
   3.0752884e-01
   3.1967212e-01
   3.2908318e-01
   3.3606558e-01
   3.4092289e-01
   3.4304796e-01
   3.4244080e-01
   3.3758349e-01
   3.2817244e-01
   3.1329690e-01
   2.9265331e-01
   2.6745598e-01
   2.4074074e-01
   2.1675774e-01
   2.0097146e-01
   1.9914997e-01
   2.1615057e-01
   2.5440194e-01
   3.1390407e-01
   3.9071038e-01
   4.7632058e-01
   5.6071645e-01
   6.3266545e-01
   6.8154220e-01
   6.9884639e-01
   6.8154220e-01
   6.3054038e-01
   5.5251973e-01
   4.5871281e-01
   3.6308439e-01
   2.7990286e-01
   2.2282939e-01
   1.9975713e-01
   2.1493624e-01
   2.6350940e-01
   3.3788707e-01
   4.2319368e-01
   5.0607164e-01
   5.7194899e-01
   6.1050395e-01
   6.1657559e-01
   5.9016393e-01
   5.3642987e-01
   4.6448087e-01
   3.8554948e-01
   3.0995749e-01
   2.4711597e-01
   2.0461445e-01
   1.8518518e-01
   1.8913176e-01
   2.1341834e-01
   2.5258045e-01
   2.9963570e-01
   3.4760170e-01
   3.8979963e-01
   4.2076503e-01
   4.3837279e-01
   4.4171220e-01
   4.3169399e-01
   4.1165756e-01
   3.8403157e-01
   3.5306618e-01
   3.2149362e-01
   2.9143898e-01
   2.6502732e-01
   2.4347298e-01
   2.2829387e-01
   2.2040072e-01
   2.2040072e-01
   2.2859745e-01
   2.4468730e-01
   2.6624165e-01
   2.9174256e-01
   3.1845780e-01
   3.4304797e-01
   3.6156648e-01
   3.7219186e-01
   3.7188828e-01
   3.6095931e-01
   3.4001214e-01
   3.1208258e-01
   2.8111718e-01
   2.5227686e-01
   2.3011536e-01
   2.1827565e-01
   2.1797207e-01
   2.2829387e-01
   2.4650880e-01
   2.6806315e-01
   2.8961748e-01
   3.0843958e-01
   3.2361870e-01
   3.3667273e-01
   3.4972678e-01
   3.6703096e-01
   3.9010321e-01
   4.2076503e-01
   4.5719489e-01
   4.9574985e-01
   5.3157256e-01
   5.5798421e-01
   5.6921676e-01
   5.6162720e-01
   5.3400121e-01
   4.8785671e-01
   4.2835458e-01
   3.6429873e-01
   3.0479660e-01
   2.6047359e-01
   2.4013357e-01
   2.4893746e-01
   2.8809957e-01
   3.5458410e-01
   4.3958713e-01
   5.3217971e-01
   6.1778992e-01
   6.8397086e-01
   7.2040072e-01
   7.2070431e-01
   6.8366727e-01
   6.1414693e-01
   5.2125076e-01
   4.1924712e-01
   3.2301154e-01
   2.4741955e-01
   2.0431087e-01
   2.0036430e-01
   2.3649059e-01
   3.0692167e-01
   4.0012143e-01
   5.0121433e-01
   5.9411050e-01
   6.6423801e-01
   7.0218579e-01
   7.0279296e-01
   6.6757741e-01
   6.0291439e-01
   5.2034002e-01
   4.3108682e-01
   3.4820886e-01
   2.8202793e-01
   2.4043715e-01
   2.2738312e-01
   2.4316940e-01
   2.8445658e-01
   3.4486946e-01
   4.1560413e-01
   4.8755312e-01
   5.5130540e-01
   5.9896782e-01
   6.2386157e-01
   6.2355799e-01
   5.9805707e-01
   5.4978749e-01
   4.8482088e-01
   4.1074681e-01
   3.3727990e-01
   2.7292046e-01
   2.2707954e-01
   2.0582878e-01
   2.1311475e-01
   2.4802671e-01
   3.0661809e-01
   3.8069217e-01
   4.6144505e-01
   5.3764420e-01
   6.0139647e-01
   6.4723740e-01
   6.7273831e-01
   6.8093503e-01
   6.7577414e-01
   6.6454159e-01
   6.5118397e-01
   6.4116575e-01
   6.3509411e-01
   6.3266545e-01
   6.3084396e-01
   6.2659380e-01
   6.1657559e-01
   5.9896782e-01
   5.7285974e-01
   5.3885853e-01
   5.0060716e-01
   4.6114147e-01
   4.2562234e-01
   3.9890710e-01
   3.8554948e-01
   3.8858530e-01
   4.0953248e-01
   4.4778384e-01
   4.9939283e-01
   5.5889496e-01
   6.1809350e-01
   6.6939890e-01
   7.0309653e-01
   7.1341834e-01
   6.9550698e-01
   6.4966606e-01
   5.7923497e-01
   4.9180328e-01
   3.9860352e-01
   3.1177899e-01
   2.4468730e-01
   2.0643594e-01
   2.0340012e-01
   2.3679417e-01
   3.0085003e-01
   3.8676381e-01
   4.8117790e-01
   5.6952033e-01
   6.3812993e-01
   6.7759563e-01
   6.8184578e-01
   6.5088039e-01
   5.8955677e-01
   5.0819672e-01
   4.1894354e-01
   3.3545841e-01
   2.7170613e-01
   2.3679417e-01
   2.3557984e-01
   2.6806314e-01
   3.2847602e-01
   4.0680024e-01
   4.8967820e-01
   5.6375227e-01
   6.1839708e-01
   6.4511232e-01
   6.4207650e-01
   6.1050395e-01
   5.5585914e-01
   4.8724954e-01
   4.1378263e-01
   3.4395871e-01
   2.8506375e-01
   2.4165149e-01
   2.1736490e-01
   2.1129326e-01
   2.2282939e-01
   2.4833029e-01
   2.8324226e-01
   3.2270796e-01
   3.6247723e-01
   3.9738919e-01
   4.2440801e-01
   4.4140862e-01
   4.4717669e-01
   4.4140862e-01
   4.2562234e-01
   4.0133576e-01
   3.7067395e-01
   3.3758349e-01
   3.0510018e-01
   2.7656344e-01
   2.5500911e-01
   2.4286581e-01
   2.4043716e-01
   2.4802672e-01
   2.6290224e-01
   2.8324225e-01
   3.0601092e-01
   3.2847602e-01
   3.5033394e-01
   3.7128112e-01
   3.9192471e-01
   4.1378263e-01
   4.3746205e-01
   4.6296296e-01
   4.8937462e-01
   5.1548269e-01
   5.3855495e-01
   5.5585914e-01
   5.6587735e-01
   5.6769884e-01
   5.6132362e-01
   5.4826958e-01
   5.3157256e-01
   5.1426837e-01
   5.0030358e-01
   4.9392836e-01
   4.9696418e-01
   5.1062538e-01
   5.3369763e-01
   5.6344870e-01
   5.9562841e-01
   6.2568306e-01
   6.4814815e-01
   6.5877353e-01
   6.5543413e-01
   6.3600486e-01
   6.0170005e-01
   5.5434123e-01
   4.9817850e-01
   4.3867638e-01
   3.8251366e-01
   3.3667274e-01
   3.0661809e-01
   2.9781421e-01
   3.1147541e-01
   3.4729812e-01
   4.0012143e-01
   4.6265937e-01
   5.2610807e-01
   5.8166363e-01
   6.2143291e-01
   6.4086217e-01
   6.3812993e-01
   6.1475410e-01
   5.7498482e-01
   5.2610808e-01
   4.7419550e-01
   4.2714025e-01
   3.9040680e-01
   3.6854888e-01
   3.6338797e-01
   3.7462052e-01
   4.0012143e-01
   4.3533698e-01
   4.7540983e-01
   5.1548269e-01
   5.5069824e-01
   5.7802064e-01
   5.9623558e-01
   6.0534304e-01
   6.0686096e-01
   6.0200364e-01
   5.9228901e-01
   5.7802064e-01
   5.6010929e-01
   5.3855495e-01
   5.1366120e-01
   4.8664238e-01
   4.5931997e-01
   4.3321190e-01
   4.1196113e-01
   3.9647844e-01
   3.8919247e-01
   3.9040680e-01
   3.9890710e-01
   4.1287189e-01
   4.2865816e-01
   4.4231936e-01
   4.4960534e-01
   4.4748026e-01
   4.3412264e-01
   4.1074681e-01
   3.7887067e-01
   3.4395871e-01
   3.1086824e-01
   2.8476017e-01
   2.6958105e-01
   2.6745598e-01
   2.7777778e-01
   2.9902853e-01
   3.2635094e-01
   3.5640559e-01
   3.8524590e-01
   4.0922890e-01
   4.2683667e-01
   4.3776564e-01
   4.4231937e-01
   4.4140862e-01
   4.3685489e-01
   4.2956891e-01
   4.2046145e-01
   4.1044323e-01
   3.9860352e-01
   3.8433515e-01
   3.6763813e-01
   3.4820886e-01
   3.2665452e-01
   3.0570735e-01
   2.8931390e-01
   2.8202793e-01
   2.8931390e-01
   3.1511840e-01
   3.6095931e-01
   4.2562234e-01
   5.0455373e-01
   5.8894960e-01
   6.6939890e-01
   7.3497268e-01
   7.7656345e-01
   7.8749240e-01
   7.6533090e-01
   7.1250759e-01
   6.3509411e-01
   5.4341226e-01
   4.4839101e-01
   3.6338797e-01
   2.9781421e-01
   2.5895568e-01
   2.4984820e-01
   2.6958105e-01
   3.1208257e-01
   3.6885245e-01
   4.3047966e-01
   4.8876745e-01
   5.3582271e-01
   5.6800242e-01
   5.8439587e-01
   5.8591379e-01
   5.7559198e-01
   5.5707346e-01
   5.3339405e-01
   5.0728598e-01
   4.8087431e-01
   4.5506982e-01
   4.3199757e-01
   4.1165755e-01
   3.9587128e-01
   3.8524590e-01
   3.8160291e-01
   3.8463873e-01
   3.9465695e-01
   4.1013964e-01
   4.2926533e-01
   4.4869459e-01
   4.6448087e-01
   4.7298118e-01
   4.7024893e-01
   4.5476624e-01
   4.2653309e-01
   3.8828172e-01
   3.4456587e-01
   3.0236794e-01
   2.6806314e-01
   2.4741955e-01
   2.4438373e-01
   2.6047359e-01
   2.9356405e-01
   3.3970856e-01
   3.9344262e-01
   4.4778385e-01
   4.9696418e-01
   5.3460838e-01
   5.5737705e-01
   5.6284153e-01
   5.5160899e-01
   5.2459016e-01
   4.8694596e-01
   4.4262295e-01
   3.9708561e-01
   3.5549483e-01
   3.2149362e-01
   2.9690346e-01
   2.8233151e-01
   2.7686703e-01
   2.7808136e-01
   2.8506375e-01
   2.9659988e-01
   3.1268974e-01
   3.3394050e-01
   3.6156648e-01
   3.9556770e-01
   4.3564056e-01
   4.7965999e-01
   5.2276867e-01
   5.6102004e-01
   5.8803886e-01
   5.9927141e-01
   5.9046752e-01
   5.6162720e-01
   5.1457195e-01
   4.5476624e-01
   3.9131754e-01
   3.3394050e-01
   2.9326047e-01
   2.7838493e-01
   2.9508196e-01
   3.4335155e-01
   4.1924711e-01
   5.1366120e-01
   6.1384335e-01
   7.0552520e-01
   7.7595629e-01
   8.1481481e-01
   8.1693989e-01
   7.8111718e-01
   7.1341834e-01
   6.2234365e-01
   5.2034001e-01
   4.2106861e-01
   3.3697632e-01
   2.7747419e-01
   2.4954462e-01
   2.5440194e-01
   2.8809957e-01
   3.4426229e-01
   4.1196113e-01
   4.8117790e-01
   5.4098361e-01
   5.8439587e-01
   6.0716454e-01
   6.0807529e-01
   5.8864602e-01
   5.5373406e-01
   5.0819672e-01
   4.5749848e-01
   4.0710383e-01
   3.6156648e-01
   3.2392228e-01
   2.9629629e-01
   2.8020643e-01
   2.7595628e-01
   2.8233151e-01
   2.9902854e-01
   3.2331512e-01
   3.5306618e-01
   3.8615665e-01
   4.1924711e-01
   4.5021251e-01
   4.7632058e-01
   4.9483910e-01
   5.0394657e-01
   5.0273224e-01
   4.9119611e-01
   4.7146326e-01
   4.4656952e-01
   4.1985428e-01
   3.9526411e-01
   3.7704918e-01
   3.6703096e-01
   3.6612022e-01
   3.7370977e-01
   3.8858531e-01
   4.0801457e-01
   4.2987250e-01
   4.5112325e-01
   4.7024894e-01
   4.8542805e-01
   4.9605343e-01
   5.0121433e-01
   5.0151791e-01
   4.9726776e-01
   4.8816029e-01
   4.7540983e-01
   4.5931997e-01
   4.4110504e-01
   4.2137219e-01
   4.0072859e-01
   3.8160291e-01
   3.6612022e-01
   3.5792350e-01
   3.6095932e-01
   3.7856709e-01
   4.1256831e-01
   4.6326654e-01
   5.2823315e-01
   6.0109290e-01
   6.7516697e-01
   7.4013358e-01
   7.8840316e-01
   8.1147541e-01
   8.0570735e-01
   7.6927747e-01
   7.0582878e-01
   6.2143291e-01
   5.2580449e-01
   4.3017608e-01
   3.4669095e-01
   2.8567092e-01
   2.5470553e-01
   2.5743776e-01
   2.9356405e-01
   3.5701275e-01
   4.3867638e-01
   5.2701882e-01
   6.0989678e-01
   6.7516696e-01
   7.1554342e-01
   7.2616879e-01
   7.0643594e-01
   6.6029143e-01
   5.9289617e-01
   5.1396478e-01
   4.3260473e-01
   3.5731633e-01
   2.9599271e-01
   2.5379477e-01
   2.3345476e-01
   2.3497268e-01
   2.5561627e-01
   2.9113540e-01
   3.3576199e-01
   3.8281725e-01
   4.2835458e-01
   4.6690953e-01
   4.9514268e-01
   5.1214329e-01
   5.1578628e-01
   5.0698239e-01
   4.8694596e-01
   4.5840923e-01
   4.2440801e-01
   3.8979963e-01
   3.5853066e-01
   3.3576199e-01
   3.2331512e-01
   3.2331512e-01
   3.3545841e-01
   3.5761991e-01
   3.8676381e-01
   4.1803278e-01
   4.4748026e-01
   4.7115968e-01
   4.8573163e-01
   4.8937462e-01
   4.8117789e-01
   4.6265938e-01
   4.3533698e-01
   4.0346084e-01
   3.7097753e-01
   3.4244080e-01
   3.2179720e-01
   3.1056466e-01
   3.1086824e-01
   3.2058288e-01
   3.3910139e-01
   3.6247723e-01
   3.8858530e-01
   4.1469338e-01
   4.3897996e-01
   4.5992714e-01
   4.7753491e-01
   4.9149970e-01
   5.0151791e-01
   5.0728597e-01
   5.0941105e-01
   5.0698239e-01
   4.9939283e-01
   4.8633880e-01
   4.6751669e-01
   4.4231936e-01
   4.1226472e-01
   3.7887067e-01
   3.4729812e-01
   3.2270796e-01
   3.1268974e-01
   3.2331511e-01
   3.6035215e-01
   4.2531876e-01
   5.1578628e-01
   6.2446873e-01
   7.4013358e-01
   8.4911961e-01
   9.3624772e-01
   9.8937462e-01
   1.0000000e+00
   9.6539162e-01
   8.8858531e-01
   7.7929569e-01
   6.5148755e-01
   5.2125076e-01
   4.0588950e-01
   3.1876138e-01
   2.7018822e-01
   2.6290224e-01
   2.9508196e-01
   3.5792350e-01
   4.3928355e-01
   5.2519733e-01
   6.0230722e-01
   6.5968427e-01
   6.9095325e-01
   6.9398907e-01
   6.7030966e-01
   6.2568306e-01
   5.6648451e-01
   5.0060716e-01
   4.3503339e-01
   3.7644201e-01
   3.2877960e-01
   2.9508197e-01
   2.7747420e-01
   2.7504553e-01
   2.8688524e-01
   3.0965392e-01
   3.4092289e-01
   3.7613843e-01
   4.1196114e-01
   4.4414086e-01
   4.6994535e-01
   4.8633879e-01
   4.9241045e-01
   4.8694596e-01
   4.7085610e-01
   4.4687310e-01
   4.1863995e-01
   3.9071038e-01
   3.6763813e-01
   3.5397692e-01
   3.5215543e-01
   3.6217365e-01
   3.8312082e-01
   4.1226472e-01
   4.4474803e-01
   4.7692775e-01
   5.0516090e-01
   5.2701882e-01
   5.4159077e-01
   5.4857316e-01
   5.4918033e-01
   5.4462659e-01
   5.3642987e-01
   5.2610808e-01
   5.1426837e-01
   5.0182149e-01
   4.8876745e-01
   4.7480267e-01
   4.5901639e-01
   4.4019429e-01
   4.1955069e-01
   3.9678202e-01
   3.7401336e-01
   3.5488767e-01
   3.4274438e-01
   3.4153006e-01
   3.5458409e-01
   3.8312083e-01
   4.2653309e-01
   4.8057073e-01
   5.3916212e-01
   5.9532483e-01
   6.4025501e-01
   6.6697025e-01
   6.7000607e-01
   6.4814815e-01
   6.0261081e-01
   5.3976927e-01
   4.6873102e-01
   4.0072860e-01
   3.4669095e-01
   3.1602914e-01
   3.1511840e-01
   3.4426229e-01
   3.9981785e-01
   4.7328476e-01
   5.5373406e-01
   6.3054038e-01
   6.9247116e-01
   7.3406193e-01
   7.5136612e-01
   7.4529447e-01
   7.1979356e-01
   6.8032786e-01
   6.3296904e-01
   5.8378871e-01
   5.3734062e-01
   4.9757135e-01
   4.6630237e-01
   4.4474803e-01
   4.3290831e-01
   4.3017607e-01
   4.3564056e-01
   4.4687310e-01
   4.6235580e-01
   4.7844566e-01
   4.9180328e-01
   4.9908925e-01
   4.9726776e-01
   4.8482088e-01
   4.6174864e-01
   4.2987249e-01
   3.9344262e-01
   3.5822708e-01
   3.3120825e-01
   3.1754706e-01
   3.2088646e-01
   3.4153005e-01
   3.7644201e-01
   4.1985428e-01
   4.6387371e-01
   5.0151791e-01
   5.2762598e-01
   5.4098361e-01
   5.4219793e-01
   5.3612628e-01
   5.2914390e-01
   5.2732241e-01
   5.3430479e-01
   5.5160898e-01
   5.7741348e-01
   6.0625380e-01
   6.3145112e-01
   6.4663023e-01
   6.4541591e-01
   6.2507590e-01
   5.8621736e-01
   5.3157256e-01
   4.6964177e-01
   4.0862173e-01
   3.5883424e-01
   3.2877960e-01
   3.2513661e-01
   3.5003035e-01
   4.0133576e-01
   4.7267759e-01
   5.5403764e-01
   6.3387978e-01
   6.9945355e-01
   7.4134790e-01
   7.5166970e-01
   7.2829387e-01
   6.7334547e-01
   5.9502125e-01
   5.0455373e-01
   4.1590771e-01
   3.4304797e-01
   2.9872495e-01
   2.9052823e-01
   3.2058288e-01
   3.8524589e-01
   4.7449909e-01
   5.7498482e-01
   6.7122040e-01
   7.4863388e-01
   7.9629630e-01
   8.0783243e-01
   7.8324226e-01
   7.2768670e-01
   6.5088038e-01
   5.6618093e-01
   4.8664238e-01
   4.2531876e-01
   3.9222830e-01
   3.9374620e-01
   4.2987250e-01
   4.9726776e-01
   5.8621736e-01
   6.8457802e-01
   7.7808136e-01
   8.5276260e-01
   8.9678202e-01
   9.0346084e-01
   8.7006678e-01
   8.0024286e-01
   7.0279296e-01
   5.8925319e-01
   4.7389192e-01
   3.6976321e-01
   2.8931390e-01
   2.4013357e-01
   2.2677596e-01
   2.4772313e-01
   2.9751062e-01
   3.6733455e-01
   4.4596235e-01
   5.2155434e-01
   5.8378871e-01
   6.2477231e-01
   6.4086218e-01
   6.3084396e-01
   5.9805707e-01
   5.4766241e-01
   4.8694596e-01
   4.2197936e-01
   3.5944141e-01
   3.0601093e-01
   2.6502732e-01
   2.3952641e-01
   2.3041895e-01
   2.3709775e-01
   2.5683060e-01
   2.8567091e-01
   3.1815422e-01
   3.4942319e-01
   3.7613843e-01
   3.9526411e-01
   4.0801457e-01
   4.1621129e-01
   4.2501517e-01
   4.3867638e-01
   4.6083789e-01
   4.9301760e-01
   5.3369763e-01
   5.7893138e-01
   6.2204008e-01
   6.5604128e-01
   6.7273831e-01
   6.6757741e-01
   6.3812993e-01
   5.8652095e-01
   5.1821494e-01
   4.4262295e-01
   3.7067395e-01
   3.1390407e-01
   2.8111718e-01
   2.7929569e-01
   3.0904675e-01
   3.6612021e-01
   4.4201578e-01
   5.2459016e-01
   6.0139648e-01
   6.5938069e-01
   6.8973892e-01
   6.8731026e-01
   6.5239829e-01
   5.8986035e-01
   5.0910747e-01
   4.2167577e-01
   3.4061930e-01
   2.7717061e-01
   2.4104432e-01
   2.3679417e-01
   2.6442015e-01
   3.1876138e-01
   3.9040680e-01
   4.6782028e-01
   5.3855495e-01
   5.9168185e-01
   6.1870066e-01
   6.1596842e-01
   5.8439587e-01
   5.2853673e-01
   4.5628415e-01
   3.7795992e-01
   3.0358227e-01
   2.4347298e-01
   2.0491803e-01
   1.9216757e-01
   2.0734669e-01
   2.4772313e-01
   3.0813600e-01
   3.8008500e-01
   4.5355191e-01
   5.1882210e-01
   5.6769884e-01
   5.9350334e-01
   5.9350334e-01
   5.6830601e-01
   5.2216151e-01
   4.6144505e-01
   3.9496053e-01
   3.3181542e-01
   2.8081360e-01
   2.4924105e-01
   2.4165149e-01
   2.5956284e-01
   3.0115361e-01
   3.5974499e-01
   4.2774742e-01
   4.9423194e-01
   5.5039465e-01
   5.8773527e-01
   6.0261081e-01
   5.9411050e-01
   5.6618093e-01
   5.2489374e-01
   4.7874924e-01
   4.3564056e-01
   4.0163935e-01
   3.8069217e-01
   3.7249545e-01
   3.7583485e-01
   3.8646023e-01
   3.9890710e-01
   4.0892532e-01
   4.1196113e-01
   4.0710383e-01
   3.9344262e-01
   3.7462052e-01
   3.5458409e-01
   3.3849422e-01
   3.3211901e-01
   3.4061931e-01
   3.6581663e-01
   4.0831815e-01
   4.6448087e-01
   5.2853673e-01
   5.9259259e-01
   6.4784456e-01
   6.8518519e-01
   6.9854281e-01
   6.8397085e-01
   6.4238009e-01
   5.7650273e-01
   4.9605343e-01
   4.1165755e-01
   3.3636916e-01
   2.8263509e-01
   2.6017000e-01
   2.7413479e-01
   3.2422586e-01
   4.0406800e-01
   5.0242865e-01
   6.0382513e-01
   6.9247116e-01
   7.5409836e-01
   7.7868852e-01
   7.6077717e-01
   7.0279295e-01
   6.1293260e-01
   5.0455373e-01
   3.9526411e-01
   3.0176078e-01
   2.4043716e-01
   2.2161505e-01
   2.5106253e-01
   3.2513661e-01
   4.3472981e-01
   5.6375228e-01
   6.9277474e-01
   8.0358227e-01
   8.7947784e-01
   9.0983606e-01
   8.9192471e-01
   8.2877960e-01
   7.3041895e-01
   6.1202186e-01
   4.8967820e-01
   3.7887068e-01
   2.9265331e-01
   2.4013358e-01
   2.2434730e-01
   2.4499089e-01
   2.9568913e-01
   3.6703096e-01
   4.4778384e-01
   5.2610807e-01
   5.9137826e-01
   6.3539769e-01
   6.5300546e-01
   6.4389800e-01
   6.0928962e-01
   5.5525197e-01
   4.8846387e-01
   4.1621129e-01
   3.4638737e-01
   2.8536733e-01
   2.3861566e-01
   2.0886460e-01
   1.9732848e-01
   2.0279296e-01
   2.2252580e-01
   2.5258045e-01
   2.8749241e-01
   3.2240437e-01
   3.5397692e-01
   3.7917426e-01
   3.9678203e-01
   4.0801457e-01
   4.1408621e-01
   4.1742562e-01
   4.1985428e-01
   4.2258652e-01
   4.2622951e-01
   4.3047965e-01
   4.3442622e-01
   4.3715847e-01
   4.3685489e-01
   4.3381906e-01
   4.2653309e-01
   4.1530054e-01
   4.0133576e-01
   3.8646023e-01
   3.7370978e-01
   3.6672738e-01
   3.6976320e-01
   3.8524590e-01
   4.1560413e-01
   4.5931997e-01
   5.1366120e-01
   5.7255616e-01
   6.2811172e-01
   6.7334548e-01
   6.9975713e-01
   7.0370370e-01
   6.8184578e-01
   6.3630844e-01
   5.7285975e-01
   4.9848208e-01
   4.2440801e-01
   3.6095932e-01
   3.1693989e-01
   2.9993928e-01
   3.1147541e-01
   3.5033394e-01
   4.1013965e-01
   4.8148148e-01
   5.5251973e-01
   6.1171827e-01
   6.4966606e-01
   6.5877353e-01
   6.3691561e-01
   5.8561020e-01
   5.1183970e-01
   4.2562234e-01
   3.4001215e-01
   2.6836673e-01
   2.2282939e-01
   2.1220400e-01
   2.4043716e-01
   3.0540376e-01
   3.9921068e-01
   5.0880389e-01
   6.1778992e-01
   7.1007893e-01
   7.7140255e-01
   7.9326048e-01
   7.7231330e-01
   7.1159684e-01
   6.2082574e-01
   5.1275046e-01
   4.0255009e-01
   3.0388585e-01
   2.2829387e-01
   1.8488160e-01
   1.7607771e-01
   2.0127505e-01
   2.5470552e-01
   3.2756527e-01
   4.0831815e-01
   4.8633880e-01
   5.5100182e-01
   5.9532483e-01
   6.1505768e-01
   6.1020037e-01
   5.8409229e-01
   5.4189435e-01
   4.9180328e-01
   4.3958712e-01
   3.9283545e-01
   3.5428051e-01
   3.2635094e-01
   3.0935034e-01
   3.0206436e-01
   3.0206436e-01
   3.0601093e-01
   3.1177899e-01
   3.1663631e-01
   3.1967213e-01
   3.2027929e-01
   3.1967213e-01
   3.1997571e-01
   3.2422586e-01
   3.3394050e-01
   3.5124468e-01
   3.7735276e-01
   4.1074681e-01
   4.4869460e-01
   4.8785671e-01
   5.2367942e-01
   5.5100182e-01
   5.6587735e-01
   5.6496661e-01
   5.4735883e-01
   5.1335762e-01
   4.6660594e-01
   4.1408621e-01
   3.6247723e-01
   3.2149362e-01
   2.9842137e-01
   3.0024286e-01
   3.2847602e-01
   3.8221008e-01
   4.5506982e-01
   5.3673346e-01
   6.1536126e-01
   6.7911354e-01
   7.1736491e-01
   7.2313297e-01
   6.9459624e-01
   6.3539769e-01
   5.5373406e-01
   4.6114147e-01
   3.7249544e-01
   3.0054645e-01
   2.5683060e-01
   2.4741955e-01
   2.7292046e-01
   3.2908318e-01
   4.0528233e-01
   4.8816030e-01
   5.6375227e-01
   6.1961141e-01
   6.4723740e-01
   6.4177292e-01
   6.0564663e-01
   5.4493018e-01
   4.6903461e-01
   3.8919247e-01
   3.1663631e-01
   2.6047359e-01
   2.2768670e-01
   2.2161505e-01
   2.4134790e-01
   2.8263509e-01
   3.4001214e-01
   4.0376442e-01
   4.6569520e-01
   5.1700061e-01
   5.5282331e-01
   5.6891317e-01
   5.6557377e-01
   5.4493017e-01
   5.1183970e-01
   4.7085610e-01
   4.2835459e-01
   3.8888889e-01
   3.5640559e-01
   3.3272617e-01
   3.1967213e-01
   3.1602914e-01
   3.2179720e-01
   3.3394050e-01
   3.5124469e-01
   3.7097753e-01
   3.8979963e-01
   4.0649666e-01
   4.1894353e-01
   4.2653309e-01
   4.2956891e-01
   4.2835458e-01
   4.2410443e-01
   4.1833637e-01
   4.1226472e-01
   4.0710383e-01
   4.0315726e-01
   4.0133576e-01
   4.0072859e-01
   4.0103218e-01
   3.9951427e-01
   3.9496053e-01
   3.8524590e-01
   3.7006678e-01
   3.5063752e-01
   3.2999393e-01
   3.1299332e-01
   3.0510018e-01
   3.1208257e-01
   3.3788707e-01
   3.8281724e-01
   4.4474803e-01
   5.1730418e-01
   5.9228901e-01
   6.5907711e-01
   7.0856101e-01
   7.3375835e-01
   7.3072252e-01
   6.9854281e-01
   6.4238009e-01
   5.6891318e-01
   4.8907104e-01
   4.1378263e-01
   3.5367334e-01
   3.1693989e-01
   3.0935033e-01
   3.3120825e-01
   3.7917425e-01
   4.4687310e-01
   5.2337583e-01
   5.9775349e-01
   6.5816636e-01
   6.9611414e-01
   7.0552519e-01
   6.8427443e-01
   6.3479053e-01
   5.6466302e-01
   4.8391014e-01
   4.0497875e-01
   3.4001214e-01
   3.0054645e-01
   2.9265331e-01
   3.1754705e-01
   3.7158470e-01
   4.4505161e-01
   5.2580449e-01
   6.0018215e-01
   6.5513054e-01
   6.8306011e-01
   6.7911354e-01
   6.4389799e-01
   5.8409229e-01
   5.0758955e-01
   4.2501517e-01
   3.4608378e-01
   2.7959927e-01
   2.3163327e-01
   2.0613236e-01
   2.0340012e-01
   2.2131148e-01
   2.5622343e-01
   3.0297511e-01
   3.5488767e-01
   4.0588949e-01
   4.5051609e-01
   4.8482088e-01
   5.0637523e-01
   5.1396478e-01
   5.0850030e-01
   4.9149970e-01
   4.6478445e-01
   4.3169399e-01
   3.9556770e-01
   3.5913783e-01
   3.2635094e-01
   2.9993928e-01
   2.8233151e-01
   2.7504553e-01
   2.7747420e-01
   2.8931391e-01
   3.0843959e-01
   3.3211900e-01
   3.5761991e-01
   3.8342441e-01
   4.0710383e-01
   4.2714025e-01
   4.4292654e-01
   4.5415908e-01
   4.5931997e-01
   4.5871281e-01
   4.5203400e-01
   4.3928354e-01
   4.2106861e-01
   3.9799636e-01
   3.7188828e-01
   3.4486946e-01
   3.1906497e-01
   2.9751062e-01
   2.8354584e-01
   2.8111718e-01
   2.9295689e-01
   3.2058288e-01
   3.6460230e-01
   4.2197935e-01
   4.8846387e-01
   5.5768063e-01
   6.2173649e-01
   6.7395264e-01
   7.0825744e-01
   7.2070431e-01
   7.1098967e-01
   6.8032786e-01
   6.3448695e-01
   5.7953855e-01
   5.2367941e-01
   4.7510625e-01
   4.4171220e-01
   4.2926533e-01
   4.4080146e-01
   4.7753491e-01
   5.3582271e-01
   6.0898603e-01
   6.8822100e-01
   7.6350941e-01
   8.2544019e-01
   8.6612022e-01
   8.8069217e-01
   8.6733455e-01
   8.2847602e-01
   7.6867031e-01
   6.9489981e-01
   6.1353977e-01
   5.3187613e-01
   4.5658773e-01
   3.9162113e-01
   3.4092289e-01
   3.0601093e-01
   2.8749240e-01
   2.8445658e-01
   2.9508197e-01
   3.1663631e-01
   3.4638737e-01
   3.8129933e-01
   4.1681846e-01
   4.5051609e-01
   4.7814207e-01
   4.9726776e-01
   5.0516090e-01
   4.9999999e-01
   4.8269581e-01
   4.5506982e-01
   4.1955070e-01
   3.8190649e-01
   3.4608379e-01
   3.1633272e-01
   2.9751062e-01
   2.8961748e-01
   2.9356405e-01
   3.0752884e-01
   3.2877960e-01
   3.5306618e-01
   3.7704918e-01
   3.9617487e-01
   4.0801457e-01
   4.1013964e-01
   4.0194293e-01
   3.8403157e-01
   3.5883424e-01
   3.3060109e-01
   3.0358227e-01
   2.8233151e-01
   2.6958105e-01
   2.6775956e-01
   2.7717061e-01
   2.9568913e-01
   3.2119004e-01
   3.5003036e-01
   3.8008500e-01
   4.0831815e-01
   4.3412265e-01
   4.5628415e-01
   4.7571342e-01
   4.9210686e-01
   5.0546448e-01
   5.1578628e-01
   5.2185793e-01
   5.2276866e-01
   5.1669702e-01
   5.0242865e-01
   4.7874924e-01
   4.4656952e-01
   4.0801456e-01
   3.6703096e-01
   3.2908318e-01
   3.0206436e-01
   2.9143898e-01
   3.0267152e-01
   3.3819064e-01
   3.9617486e-01
   4.7146327e-01
   5.5464480e-01
   6.3509411e-01
   7.0097146e-01
   7.4256224e-01
   7.5349120e-01
   7.3163327e-01
   6.7941712e-01
   6.0352155e-01
   5.1396478e-01
   4.2258652e-01
   3.4092289e-01
   2.7959927e-01
   2.4559805e-01
   2.4286581e-01
   2.7079538e-01
   3.2544019e-01
   3.9921068e-01
   4.8360655e-01
   5.6952033e-01
   6.4875531e-01
   7.1372192e-01
   7.5986642e-01
   7.8354584e-01
   7.8384943e-01
   7.6108075e-01
   7.1766848e-01
   6.5725561e-01
   5.8530662e-01
   5.0880389e-01
   4.3381906e-01
   3.6763813e-01
   3.1633272e-01
   2.8293868e-01
   2.7018822e-01
   2.7686703e-01
   3.0054644e-01
   3.3697632e-01
   3.8069217e-01
   4.2531876e-01
   4.6539162e-01
   4.9574984e-01
   5.1214329e-01
   5.1335762e-01
   4.9878567e-01
   4.7055252e-01
   4.3321190e-01
   3.9192471e-01
   3.5215543e-01
   3.1906497e-01
   2.9690346e-01
   2.8840316e-01
   2.9447480e-01
   3.1420765e-01
   3.4608378e-01
   3.8646023e-01
   4.3108682e-01
   4.7601700e-01
   5.1517911e-01
   5.4432301e-01
   5.5980570e-01
   5.5950213e-01
   5.4219793e-01
   5.1092896e-01
   4.6933819e-01
   4.2228294e-01
   3.7553127e-01
   3.3394050e-01
   3.0176078e-01
   2.8051002e-01
   2.7231329e-01
   2.7717061e-01
   2.9538554e-01
   3.2604736e-01
   3.6945962e-01
   4.2319368e-01
   4.8542805e-01
   5.5160899e-01
   6.1627201e-01
   6.7273831e-01
   7.1311475e-01
   7.3132969e-01
   7.2282939e-01
   6.8670309e-01
   6.2568306e-01
   5.4675167e-01
   4.6114147e-01
   3.8160291e-01
   3.2179720e-01
   2.9295689e-01
   3.0297510e-01
   3.5245902e-01
   4.3715847e-01
   5.4523375e-01
   6.6120218e-01
   7.6927747e-01
   8.5428051e-01
   9.0467516e-01
   9.1499696e-01
   8.8585306e-01
   8.2331511e-01
   7.3649059e-01
   6.3691560e-01
   5.3521555e-01
   4.4140862e-01
   3.6217365e-01
   3.0085003e-01
   2.6047359e-01
   2.3952641e-01
   2.3709775e-01
   2.4924104e-01
   2.7352763e-01
   3.0570735e-01
   3.4183363e-01
   3.7887068e-01
   4.1287188e-01
   4.4110504e-01
   4.6083788e-01
   4.7085610e-01
   4.7024894e-01
   4.5871281e-01
   4.3806921e-01
   4.1135397e-01
   3.8160291e-01
   3.5306618e-01
   3.2938676e-01
   3.1329690e-01
   3.0752884e-01
   3.1208257e-01
   3.2695810e-01
   3.5033394e-01
   3.7978142e-01
   4.1196114e-01
   4.4262295e-01
   4.6903461e-01
   4.8694596e-01
   4.9362477e-01
   4.8724954e-01
   4.6842744e-01
   4.3867638e-01
   4.0224650e-01
   3.6338798e-01
   3.2756527e-01
   2.9902853e-01
   2.8111718e-01
   2.7474195e-01
   2.7990285e-01
   2.9417122e-01
   3.1481481e-01
   3.3910139e-01
   3.6460230e-01
   3.8858530e-01
   4.1013964e-01
   4.2805100e-01
   4.4140862e-01
   4.5021251e-01
   4.5446266e-01
   4.5385549e-01
   4.4960534e-01
   4.4231936e-01
   4.3260473e-01
   4.2197936e-01
   4.1074681e-01
   4.0012143e-01
   3.9162113e-01
   3.8676382e-01
   3.8737097e-01
   3.9587128e-01
   4.1347905e-01
   4.4019429e-01
   4.7601700e-01
   5.1821493e-01
   5.6314511e-01
   6.0655737e-01
   6.4359441e-01
   6.6970249e-01
   6.8214936e-01
   6.7820280e-01
   6.5695203e-01
   6.2052216e-01
   5.7073467e-01
   5.1275045e-01
   4.5142683e-01
   3.9435337e-01
   3.4699454e-01
   3.1602914e-01
   3.0449302e-01
   3.1481481e-01
   3.4486946e-01
   3.9071038e-01
   4.4596235e-01
   5.0303582e-01
   5.5403764e-01
   5.9228901e-01
   6.1232544e-01
   6.1232544e-01
   5.9228901e-01
   5.5555556e-01
   5.0728597e-01
   4.5446266e-01
   4.0406800e-01
   3.6278081e-01
   3.3515482e-01
   3.2240437e-01
   3.2513661e-01
   3.3940498e-01
   3.6187006e-01
   3.8737097e-01
   4.1196113e-01
   4.3139041e-01
   4.4444444e-01
   4.4899817e-01
   4.4565877e-01
   4.3503339e-01
   4.1803278e-01
   3.9708561e-01
   3.7340619e-01
   3.4942319e-01
   3.2817244e-01
   3.1117183e-01
   3.0085002e-01
   2.9751062e-01
   3.0236794e-01
   3.1481481e-01
   3.3394049e-01
   3.5792350e-01
   3.8494232e-01
   4.1287189e-01
   4.3867638e-01
   4.5992714e-01
   4.7389192e-01
   4.7844566e-01
   4.7267759e-01
   4.5719490e-01
   4.3381907e-01
   4.0528233e-01
   3.7553127e-01
   3.4790527e-01
   3.2452945e-01
   3.0783242e-01
   2.9872495e-01
   2.9751062e-01
   3.0449302e-01
   3.2058288e-01
   3.4608378e-01
   3.8129933e-01
   4.2531876e-01
   4.7692775e-01
   5.3157256e-01
   5.8469945e-01
   6.2993320e-01
   6.6150577e-01
   6.7486338e-01
   6.6605950e-01
   6.3509411e-01
   5.8439587e-01
   5.1912568e-01
   4.4656952e-01
   3.7492410e-01
   3.1299332e-01
   2.6897388e-01
   2.4833030e-01
   2.5379477e-01
   2.8567092e-01
   3.4001214e-01
   4.1135397e-01
   4.9089253e-01
   5.6952034e-01
   6.3995143e-01
   6.9459623e-01
   7.2799028e-01
   7.3770492e-01
   7.2282939e-01
   6.8579235e-01
   6.3084396e-01
   5.6344870e-01
   4.9119611e-01
   4.2076503e-01
   3.6004857e-01
   3.1420765e-01
   2.8749241e-01
   2.8142077e-01
   2.9417122e-01
   3.2361870e-01
   3.6490589e-01
   4.1378263e-01
   4.6508804e-01
   5.1426837e-01
   5.5828779e-01
   5.9319976e-01
   6.1687917e-01
   6.2750455e-01
   6.2477231e-01
   6.0868245e-01
   5.8075288e-01
   5.4432301e-01
   5.0333941e-01
   4.6205222e-01
   4.2501517e-01
   3.9678202e-01
   3.7947783e-01
   3.7401335e-01
   3.8038858e-01
   3.9526411e-01
   4.1530054e-01
   4.3472981e-01
   4.4930176e-01
   4.5506982e-01
   4.4869460e-01
   4.3047966e-01
   4.0255008e-01
   3.6854887e-01
   3.3454766e-01
   3.0570734e-01
   2.8718883e-01
   2.8051001e-01
   2.8688525e-01
   3.0418944e-01
   3.2938676e-01
   3.5792350e-01
   3.8615665e-01
   4.1074681e-01
   4.2926533e-01
   4.4110504e-01
   4.4626594e-01
   4.4596235e-01
   4.4110504e-01
   4.3351549e-01
   4.2471160e-01
   4.1499696e-01
   4.0497875e-01
   3.9465695e-01
   3.8312083e-01
   3.7006678e-01
   3.5670916e-01
   3.4456587e-01
   3.3697632e-01
   3.3819065e-01
   3.5245901e-01
   3.8281724e-01
   4.3078324e-01
   4.9423194e-01
   5.6891318e-01
   6.4723740e-01
   7.1948998e-01
   7.7595629e-01
   8.0935034e-01
   8.1329690e-01
   7.8658166e-01
   7.3072253e-01
   6.5239830e-01
   5.6102004e-01
   4.6842744e-01
   3.8585306e-01
   3.2361870e-01
   2.8992106e-01
   2.8779599e-01
   3.1633272e-01
   3.7006678e-01
   4.3958712e-01
   5.1366120e-01
   5.8166363e-01
   6.3327261e-01
   6.6211293e-01
   6.6545234e-01
   6.4389799e-01
   6.0170006e-01
   5.4523375e-01
   4.8239223e-01
   4.2137219e-01
   3.6945962e-01
   3.3302975e-01
   3.1481481e-01
   3.1633272e-01
   3.3576199e-01
   3.6915604e-01
   4.1165755e-01
   4.5780207e-01
   5.0182149e-01
   5.3916212e-01
   5.6769884e-01
   5.8561020e-01
   5.9198542e-01
   5.8834244e-01
   5.7498482e-01
   5.5373406e-01
   5.2610808e-01
   4.9423193e-01
   4.5992714e-01
   4.2653309e-01
   3.9556770e-01
   3.7006679e-01
   3.5124468e-01
   3.4001214e-01
   3.3667273e-01
   3.4213722e-01
   3.5610200e-01
   3.7917426e-01
   4.1196114e-01
   4.5506982e-01
   5.0758955e-01
   5.6587735e-01
   6.2689739e-01
   6.8457802e-01
