   5.7359637e-01
   5.8118364e-01
   5.8270106e-01
   5.7966620e-01
   5.7359637e-01
   5.6449168e-01
   5.5690444e-01
   5.5235206e-01
   5.4779971e-01
   5.4628226e-01
   5.4931719e-01
   5.5386951e-01
   5.5690444e-01
   5.5993933e-01
   5.5993933e-01
   5.5690444e-01
   5.5235206e-01
   5.4476481e-01
   5.3869502e-01
   5.3110774e-01
   5.2503798e-01
   5.2048560e-01
   5.2048560e-01
   5.2200305e-01
   5.2655543e-01
   5.3262519e-01
   5.4172992e-01
   5.5235206e-01
   5.6449168e-01
   5.7511382e-01
   5.8573596e-01
   5.9332323e-01
   5.9484071e-01
   5.8877089e-01
   5.7663127e-01
   5.5842188e-01
   5.3566009e-01
   5.0986343e-01
   4.8406677e-01
   4.5978760e-01
   4.4157815e-01
   4.3247346e-01
   4.2792108e-01
   4.3095604e-01
   4.3854329e-01
   4.4764794e-01
   4.5523522e-01
   4.6130501e-01
   4.6433994e-01
   4.6282249e-01
   4.5827012e-01
   4.4916542e-01
   4.3854329e-01
   4.2792111e-01
   4.2033387e-01
   4.1426404e-01
   4.0971170e-01
   4.0819425e-01
   4.0971170e-01
   4.1274663e-01
   4.1881642e-01
   4.2488618e-01
   4.3095601e-01
   4.3854325e-01
   4.4916542e-01
   4.5675267e-01
   4.6585736e-01
   4.7647956e-01
   4.8254936e-01
   4.8710170e-01
   4.9013657e-01
   4.9013657e-01
   4.9013660e-01
   4.8861915e-01
   4.8558422e-01
   4.8558422e-01
   4.8710170e-01
   4.9013657e-01
   4.9620640e-01
   5.0379367e-01
   5.1138088e-01
   5.1593326e-01
   5.2048560e-01
   5.2048560e-01
   5.1896816e-01
   5.1745071e-01
   5.1441581e-01
   5.1289833e-01
   5.1441581e-01
   5.1896816e-01
   5.2655540e-01
   5.3566012e-01
   5.4628226e-01
   5.5538695e-01
   5.5993930e-01
   5.6145678e-01
   5.5690444e-01
   5.4779971e-01
   5.3262519e-01
   5.1441578e-01
   4.9468895e-01
   4.7344463e-01
   4.5371777e-01
   4.3854329e-01
   4.2943856e-01
   4.2640366e-01
   4.2943856e-01
   4.3702580e-01
   4.5220032e-01
   4.7192719e-01
   4.9013660e-01
   5.1138088e-01
   5.2959030e-01
   5.4476481e-01
   5.5235206e-01
   5.5386954e-01
   5.4628226e-01
   5.2807285e-01
   5.0379364e-01
   4.7192719e-01
   4.3550839e-01
   3.9757208e-01
   3.6115328e-01
   3.2776934e-01
   3.0197272e-01
   2.8679820e-01
   2.8528075e-01
   2.9286800e-01
   3.1411231e-01
   3.4294390e-01
   3.7936266e-01
   4.2185132e-01
   4.6282246e-01
   5.0227619e-01
   5.3717754e-01
   5.6145678e-01
   5.7966616e-01
   5.8725344e-01
   5.8573599e-01
   5.7511382e-01
   5.5842188e-01
   5.3717754e-01
   5.1441578e-01
   4.8861912e-01
   4.6585736e-01
   4.4461308e-01
   4.2943856e-01
   4.1881642e-01
   4.1274659e-01
   4.1122915e-01
   4.1426404e-01
   4.1881642e-01
   4.2185132e-01
   4.2488618e-01
   4.2185132e-01
   4.1426404e-01
   4.0060697e-01
   3.8239759e-01
   3.5963583e-01
   3.3687407e-01
   3.1714720e-01
   2.9893782e-01
   2.8679820e-01
   2.8376330e-01
   2.8679820e-01
   2.9742037e-01
   3.1259486e-01
   3.3080427e-01
   3.4749621e-01
   3.6115328e-01
   3.7025800e-01
   3.7632780e-01
   3.7632776e-01
   3.7329290e-01
   3.6874052e-01
   3.6267073e-01
   3.5811838e-01
   3.5508348e-01
   3.5660093e-01
   3.5963583e-01
   3.6722307e-01
   3.7481035e-01
   3.8391504e-01
   3.8998487e-01
   3.9301976e-01
   3.9453718e-01
   3.8998483e-01
   3.8391504e-01
   3.7329287e-01
   3.6418818e-01
   3.5508348e-01
   3.4901369e-01
   3.4901369e-01
   3.5811838e-01
   3.7481035e-01
   4.0060697e-01
   4.3399091e-01
   4.7192719e-01
   5.1289833e-01
   5.5235209e-01
   5.8725344e-01
   6.1456755e-01
   6.3581186e-01
   6.4795145e-01
   6.5250379e-01
   6.4946893e-01
   6.4491658e-01
   6.3581186e-01
   6.2518969e-01
   6.1456755e-01
   6.0546282e-01
   5.9332323e-01
   5.8421854e-01
   5.7359637e-01
   5.6449168e-01
   5.5690444e-01
   5.5083461e-01
   5.4779971e-01
   5.4779971e-01
   5.5235206e-01
   5.6145678e-01
   5.7359637e-01
   5.8725344e-01
   6.0394537e-01
   6.2215479e-01
   6.3884676e-01
   6.5402127e-01
   6.6616086e-01
   6.7678300e-01
   6.8285283e-01
   6.8588773e-01
   6.8588776e-01
   6.8285283e-01
   6.7981793e-01
   6.7223069e-01
   6.6616086e-01
   6.6009107e-01
   6.5402124e-01
   6.5098634e-01
   6.4946889e-01
   6.5250382e-01
   6.5857362e-01
   6.7071321e-01
   6.8437028e-01
   7.0409714e-01
   7.2382400e-01
   7.4355084e-01
   7.6024284e-01
   7.7693477e-01
   7.8755694e-01
   7.9666163e-01
   7.9969653e-01
   8.0121401e-01
   7.9969653e-01
   7.9514418e-01
   7.9059181e-01
   7.8148711e-01
   7.7086498e-01
   7.5569046e-01
   7.3596359e-01
   7.1168442e-01
   6.8285283e-01
   6.5250382e-01
   6.2215479e-01
   5.9332323e-01
   5.7056147e-01
   5.5386951e-01
   5.4628226e-01
   5.4931716e-01
   5.5993933e-01
   5.7663127e-01
   5.9635813e-01
   6.1760244e-01
   6.3277696e-01
   6.4036420e-01
   6.4188165e-01
   6.3277696e-01
   6.1608499e-01
   5.9180578e-01
   5.6145678e-01
   5.3110774e-01
   5.0075874e-01
   4.7496208e-01
   4.5068287e-01
   4.3399091e-01
   4.2185132e-01
   4.1274659e-01
   4.0819425e-01
   4.0667680e-01
   4.0667680e-01
   4.0667680e-01
   4.0971170e-01
   4.1122915e-01
   4.1578149e-01
   4.2033387e-01
   4.2640366e-01
   4.3399091e-01
   4.4006073e-01
   4.4916542e-01
   4.5675267e-01
   4.5978760e-01
   4.5978756e-01
   4.5675267e-01
   4.4916539e-01
   4.3854329e-01
   4.2336877e-01
   4.0667680e-01
   3.9150231e-01
   3.7936269e-01
   3.7329290e-01
   3.7329290e-01
   3.8391504e-01
   4.0364190e-01
   4.2943856e-01
   4.6282246e-01
   4.9924129e-01
   5.3414264e-01
   5.6600913e-01
   5.8877089e-01
   6.0242792e-01
   6.0394541e-01
   5.9332323e-01
   5.7511382e-01
   5.4779971e-01
   5.1896816e-01
   4.9013657e-01
   4.6433994e-01
   4.4461305e-01
   4.3095601e-01
   4.2792111e-01
   4.3095601e-01
   4.4309560e-01
   4.6130501e-01
   4.8558426e-01
   5.1138088e-01
   5.3869502e-01
   5.6449168e-01
   5.8877085e-01
   6.1001520e-01
   6.2822458e-01
   6.4036420e-01
   6.4946889e-01
   6.5402127e-01
   6.5553872e-01
   6.5705617e-01
   6.5553872e-01
   6.5402124e-01
   6.5098638e-01
   6.4643403e-01
   6.4339913e-01
   6.3581186e-01
   6.3125948e-01
   6.2518969e-01
   6.2063734e-01
   6.1760248e-01
   6.2063734e-01
   6.2670717e-01
   6.3732931e-01
   6.5402127e-01
   6.7374814e-01
   6.9347497e-01
   7.1320187e-01
   7.2685890e-01
   7.3748104e-01
   7.3899849e-01
   7.3292870e-01
   7.2078911e-01
   7.0257969e-01
   6.8133538e-01
   6.6009107e-01
   6.4036420e-01
   6.2670713e-01
   6.1456755e-01
   6.0698030e-01
   6.0242792e-01
   5.9787561e-01
   5.9332327e-01
   5.8725341e-01
   5.7966616e-01
   5.6904402e-01
   5.5842185e-01
   5.4931719e-01
   5.4324737e-01
   5.4324737e-01
   5.4476481e-01
   5.4931716e-01
   5.5386951e-01
   5.5690440e-01
   5.5690444e-01
   5.5083461e-01
   5.3869502e-01
   5.2048560e-01
   4.9924129e-01
   4.7799698e-01
   4.5978756e-01
   4.4613049e-01
   4.4006070e-01
   4.3702580e-01
   4.4309563e-01
   4.5068287e-01
   4.5978756e-01
   4.6889229e-01
   4.7496208e-01
   4.7647953e-01
   4.7647953e-01
   4.7040974e-01
   4.6282246e-01
   4.5068287e-01
   4.4006070e-01
   4.2640366e-01
   4.1578149e-01
   4.0515932e-01
   3.9908956e-01
   3.9301973e-01
   3.9150228e-01
   3.9453721e-01
   3.9908952e-01
   4.0515935e-01
   4.1578152e-01
   4.2943856e-01
   4.4006070e-01
   4.5068287e-01
   4.6130505e-01
   4.6585739e-01
   4.6737481e-01
   4.6433991e-01
   4.5827015e-01
   4.4461308e-01
   4.3247349e-01
   4.1578149e-01
   4.0060701e-01
   3.8694994e-01
   3.7784524e-01
   3.7177545e-01
   3.7025800e-01
   3.7177545e-01
   3.7329290e-01
   3.7632780e-01
   3.7632780e-01
   3.7177542e-01
   3.5963583e-01
   3.4294390e-01
   3.1866469e-01
   2.8831565e-01
   2.5493175e-01
   2.2154782e-01
   1.8968136e-01
   1.6236726e-01
   1.4264039e-01
   1.2898332e-01
   1.2443098e-01
   1.2594843e-01
   1.3505312e-01
   1.4567529e-01
   1.5933233e-01
   1.6995450e-01
   1.7754174e-01
   1.8209409e-01
   1.8361154e-01
   1.7905919e-01
   1.7450684e-01
   1.6843702e-01
   1.6388467e-01
   1.6084978e-01
   1.6236722e-01
   1.6540212e-01
   1.7298940e-01
   1.8057664e-01
   1.8816388e-01
   1.9423371e-01
   1.9726861e-01
   1.9575116e-01
   1.9271626e-01
   1.8816391e-01
   1.8361154e-01
   1.8057664e-01
   1.8361154e-01
   1.9119881e-01
   2.0789075e-01
   2.3216996e-01
   2.6251896e-01
   2.9590289e-01
   3.3232169e-01
   3.6874052e-01
   3.9908952e-01
   4.2185129e-01
   4.3550836e-01
   4.3854325e-01
   4.3550836e-01
   4.2488622e-01
   4.0819425e-01
   3.9150228e-01
   3.7784521e-01
   3.6570562e-01
   3.6418821e-01
   3.6874052e-01
   3.8088014e-01
   3.9908956e-01
   4.1881642e-01
   4.3702580e-01
   4.5068287e-01
   4.5978756e-01
   4.5675267e-01
   4.4613049e-01
   4.2640366e-01
   4.0364187e-01
   3.7632780e-01
   3.5053114e-01
   3.2473445e-01
   3.0500762e-01
   2.8831562e-01
   2.7465861e-01
   2.6555389e-01
   2.5644920e-01
   2.4886192e-01
   2.3823978e-01
   2.2761761e-01
   2.2003037e-01
   2.0940823e-01
   2.0333840e-01
   2.0030350e-01
   2.0030350e-01
   2.0333840e-01
   2.0940823e-01
   2.1699547e-01
   2.2306526e-01
   2.2761761e-01
   2.2913506e-01
   2.3065254e-01
   2.2761761e-01
   2.2610019e-01
   2.2458271e-01
   2.2610016e-01
   2.2913506e-01
   2.3368744e-01
   2.3975723e-01
   2.4886192e-01
   2.5644920e-01
   2.6100154e-01
   2.6555389e-01
   2.6858879e-01
   2.7010623e-01
   2.7010623e-01
   2.7162368e-01
   2.7465861e-01
   2.7921096e-01
   2.8528072e-01
   2.9286800e-01
   3.0045524e-01
   3.0955996e-01
   3.1714720e-01
   3.2625190e-01
   3.3383917e-01
   3.4294390e-01
   3.5660093e-01
   3.7025797e-01
   3.8998483e-01
   4.1274663e-01
   4.3702584e-01
   4.6282249e-01
   4.8558422e-01
   5.0379364e-01
   5.1593326e-01
   5.2048557e-01
   5.1441578e-01
   5.0227622e-01
   4.8254936e-01
   4.6282249e-01
   4.4461308e-01
   4.2943856e-01
   4.2336877e-01
   4.2640363e-01
   4.3854329e-01
   4.5827012e-01
   4.8254933e-01
   5.0379364e-01
   5.2352050e-01
   5.3262523e-01
   5.3262523e-01
   5.2048560e-01
   5.0075874e-01
   4.7192719e-01
   4.4006070e-01
   4.0971170e-01
   3.8239759e-01
   3.6418818e-01
   3.5204855e-01
   3.4901369e-01
   3.5508348e-01
   3.6722307e-01
   3.7936269e-01
   3.9150228e-01
   4.0060701e-01
   4.0515935e-01
   4.0515935e-01
   4.0060701e-01
   3.8846738e-01
   3.7632776e-01
   3.6115328e-01
   3.4901366e-01
   3.3990897e-01
   3.3535662e-01
   3.3687407e-01
   3.4597879e-01
   3.6418821e-01
   3.8694997e-01
   4.1578152e-01
   4.4916542e-01
   4.8103191e-01
   5.1289836e-01
   5.3717754e-01
   5.5538695e-01
   5.6449168e-01
   5.6449168e-01
   5.5690440e-01
   5.4324737e-01
   5.2655540e-01
   5.0834602e-01
   4.9317150e-01
   4.8406681e-01
   4.8103188e-01
   4.8406677e-01
   4.9317150e-01
   5.0682853e-01
   5.2048560e-01
   5.3414264e-01
   5.4021247e-01
   5.4324737e-01
   5.4021247e-01
   5.2959033e-01
   5.1896816e-01
   5.0682853e-01
   4.9924129e-01
   4.9620640e-01
   5.0075874e-01
   5.1593323e-01
   5.3566012e-01
   5.6145678e-01
   5.9180578e-01
   6.1911992e-01
   6.4643403e-01
   6.6464341e-01
   6.7678303e-01
   6.7830048e-01
   6.7374810e-01
   6.6160855e-01
   6.4339910e-01
   6.2215482e-01
   6.0091051e-01
   5.7966616e-01
   5.5993933e-01
   5.4476481e-01
   5.3414264e-01
   5.2807285e-01
   5.2655540e-01
   5.3110778e-01
   5.4021247e-01
   5.5235209e-01
   5.7056147e-01
   5.9028834e-01
   6.1001517e-01
   6.2822462e-01
   6.4339910e-01
   6.5553869e-01
   6.6312596e-01
   6.6464341e-01
   6.6312596e-01
   6.5705617e-01
   6.4795148e-01
   6.3581186e-01
   6.2518972e-01
   6.1305010e-01
   6.0091051e-01
   5.8725341e-01
   5.7663127e-01
   5.6449168e-01
   5.5083461e-01
   5.3869502e-01
   5.2503795e-01
   5.1138088e-01
   4.9620640e-01
   4.7951446e-01
   4.5978756e-01
   4.4157818e-01
   4.2033387e-01
   3.9908956e-01
   3.7784521e-01
   3.5963583e-01
   3.4294386e-01
   3.2928679e-01
   3.1866465e-01
   3.1259486e-01
   3.1107741e-01
   3.1411231e-01
   3.2169955e-01
   3.3535662e-01
   3.5508348e-01
   3.8088014e-01
   4.1122915e-01
   4.4613053e-01
   4.8254933e-01
   5.2352050e-01
   5.5993930e-01
   5.9635813e-01
   6.2670717e-01
   6.5250382e-01
   6.6919576e-01
   6.7830045e-01
   6.8133538e-01
   6.7981793e-01
   6.7223066e-01
   6.6009107e-01
   6.4795148e-01
   6.3277696e-01
   6.1608503e-01
   5.9787558e-01
   5.7814871e-01
   5.5842188e-01
   5.3717757e-01
   5.1745071e-01
   4.9772384e-01
   4.8254936e-01
   4.7192719e-01
   4.6737481e-01
   4.7040974e-01
   4.7951443e-01
   4.9317147e-01
   5.1289833e-01
   5.3717757e-01
   5.6297420e-01
   5.8725341e-01
   6.0849775e-01
   6.2518972e-01
   6.3581186e-01
   6.3581186e-01
   6.2670713e-01
   6.0849775e-01
   5.8270106e-01
   5.4931719e-01
   5.1441581e-01
   4.7647953e-01
   4.4309563e-01
   4.1426404e-01
   3.9301976e-01
   3.7632780e-01
   3.6722307e-01
   3.6418818e-01
   3.6267073e-01
   3.6115328e-01
   3.5811838e-01
   3.5204855e-01
   3.4294390e-01
   3.2928683e-01
   3.1411231e-01
   2.9742034e-01
   2.8224586e-01
   2.6858879e-01
   2.5948409e-01
   2.5189685e-01
   2.4734447e-01
   2.4279213e-01
   2.3975723e-01
   2.3520489e-01
   2.2761761e-01
   2.2154782e-01
   2.1699547e-01
   2.1699547e-01
   2.2306530e-01
   2.3672233e-01
   2.5948406e-01
   2.9135055e-01
   3.3232169e-01
   3.7784524e-01
   4.2640366e-01
   4.7344460e-01
   5.1593323e-01
   5.4931716e-01
   5.7056147e-01
   5.7966616e-01
   5.7814875e-01
   5.6449168e-01
   5.4324737e-01
   5.1896812e-01
   4.9317150e-01
   4.6889229e-01
   4.5371777e-01
   4.4613049e-01
   4.4613053e-01
   4.5523522e-01
   4.7040970e-01
   4.8861912e-01
   5.1138091e-01
   5.3414267e-01
   5.5690440e-01
   5.7814875e-01
   5.9787561e-01
   6.1911989e-01
   6.4036420e-01
   6.6312596e-01
   6.8588773e-01
   7.1168438e-01
   7.3444614e-01
   7.5720794e-01
   7.7693477e-01
   7.9666163e-01
   8.1031867e-01
   8.2094084e-01
   8.3004553e-01
   8.3763278e-01
   8.4522005e-01
   8.5280729e-01
   8.6039454e-01
   8.6798181e-01
   8.7556909e-01
   8.8315633e-01
   8.9226102e-01
   8.9833082e-01
   9.0288316e-01
   9.0591809e-01
   9.0743551e-01
   9.1047044e-01
   9.1198789e-01
   9.1350533e-01
   9.1502278e-01
   9.1350533e-01
   9.1350533e-01
   9.1198789e-01
   9.0743554e-01
   9.0136571e-01
   8.9377847e-01
   8.8619120e-01
   8.7708654e-01
   8.7101671e-01
   8.6494692e-01
   8.6342947e-01
   8.6191202e-01
   8.6342947e-01
   8.6342947e-01
   8.6494692e-01
   8.6191202e-01
   8.5584219e-01
   8.4370260e-01
   8.2701064e-01
   8.0728377e-01
   7.8603949e-01
   7.6479518e-01
   7.4506828e-01
   7.2685890e-01
   7.1471928e-01
   7.0864949e-01
   7.0561459e-01
   7.0561459e-01
   7.0864949e-01
   7.1168442e-01
   7.1320183e-01
   7.1320187e-01
   7.1471928e-01
   7.1927166e-01
   7.2837635e-01
   7.4203339e-01
   7.6631263e-01
   7.9817908e-01
   8.3763281e-01
   8.8163885e-01
   9.2261003e-01
   9.6054631e-01
   9.8786041e-01
   1.0000000e+00
   9.9544765e-01
   9.7572082e-01
   9.4081944e-01
   8.9377847e-01
   8.4218516e-01
   7.8907436e-01
   7.4203339e-01
   7.0257969e-01
   6.7526559e-01
   6.6009107e-01
   6.5553869e-01
   6.6160852e-01
   6.7374814e-01
   6.9044007e-01
   7.0864949e-01
   7.2534145e-01
   7.3899849e-01
   7.4810321e-01
   7.5417301e-01
   7.5872535e-01
   7.5720791e-01
   7.5569049e-01
   7.5417301e-01
   7.5265556e-01
   7.5417301e-01
   7.5720791e-01
   7.6327770e-01
   7.6934749e-01
   7.7238242e-01
   7.7389987e-01
   7.6631263e-01
   7.5265556e-01
   7.2685887e-01
   6.9195752e-01
   6.5098638e-01
   6.0394537e-01
   5.5690440e-01
   5.1593323e-01
   4.8254936e-01
   4.5827012e-01
   4.4916542e-01
   4.5068287e-01
   4.6130505e-01
   4.7951446e-01
   4.9924129e-01
   5.1896816e-01
   5.3566009e-01
   5.4628226e-01
   5.5083461e-01
   5.5235206e-01
   5.4931719e-01
   5.4172992e-01
   5.3566012e-01
   5.2807288e-01
   5.2048560e-01
   5.1138091e-01
   5.0227622e-01
   4.9013657e-01
   4.7647953e-01
   4.5827012e-01
   4.3854329e-01
   4.1729894e-01
   3.9757211e-01
   3.8088014e-01
   3.6874055e-01
   3.6418818e-01
   3.6722307e-01
   3.7784524e-01
   3.9908952e-01
   4.2185132e-01
   4.4916542e-01
   4.7496208e-01
   4.9772384e-01
   5.1289836e-01
   5.2200305e-01
   5.2200305e-01
   5.1441578e-01
   5.0227619e-01
   4.8710167e-01
   4.7192719e-01
   4.6282249e-01
   4.5978760e-01
   4.6433991e-01
   4.7799698e-01
   5.0075874e-01
   5.2959030e-01
   5.6297423e-01
   5.9939306e-01
   6.3429441e-01
   6.6767831e-01
   6.9650990e-01
   7.1927163e-01
   7.3444614e-01
   7.4355087e-01
   7.4810321e-01
   7.4810318e-01
   7.4051594e-01
   7.3292870e-01
   7.1775418e-01
   6.9954480e-01
   6.7981793e-01
   6.5857359e-01
   6.3884676e-01
   6.2215479e-01
   6.1001520e-01
   6.0546285e-01
   6.0849775e-01
   6.1911989e-01
   6.3732931e-01
   6.5857362e-01
   6.8285283e-01
   7.0561459e-01
   7.2230656e-01
   7.3292870e-01
   7.3748104e-01
   7.3292870e-01
   7.2078907e-01
   7.0409714e-01
   6.8588773e-01
   6.6616086e-01
   6.4946893e-01
   6.3581186e-01
   6.2670717e-01
   6.2367224e-01
   6.2367224e-01
   6.2670713e-01
   6.3581186e-01
   6.4491655e-01
   6.5857362e-01
   6.6919576e-01
   6.8133535e-01
   6.9347500e-01
   7.0257969e-01
   7.0713204e-01
   7.0864949e-01
   7.0561459e-01
   6.9954476e-01
   6.9195752e-01
   6.8588773e-01
   6.8133535e-01
   6.8133538e-01
   6.8892262e-01
   7.0409711e-01
   7.2382400e-01
   7.4962066e-01
   7.7541732e-01
   7.9817908e-01
   8.1487102e-01
   8.2397574e-01
   8.2094084e-01
   8.0728377e-01
   7.8452201e-01
   7.5417301e-01
   7.2382400e-01
   6.9195752e-01
   6.6312596e-01
   6.4339910e-01
   6.3125948e-01
   6.2670713e-01
   6.2822458e-01
   6.3277696e-01
   6.4036420e-01
   6.4946889e-01
   6.5402127e-01
   6.5553872e-01
   6.5250382e-01
   6.4643400e-01
   6.3429441e-01
   6.2215479e-01
   6.0546282e-01
   5.8877089e-01
   5.7359637e-01
   5.5690440e-01
   5.4172992e-01
   5.2959030e-01
   5.2200305e-01
   5.1441581e-01
   5.1441578e-01
   5.1593326e-01
   5.2200305e-01
   5.2807285e-01
   5.3566012e-01
   5.4021244e-01
   5.3869502e-01
   5.3262523e-01
   5.1896816e-01
   5.0075877e-01
   4.7951443e-01
   4.5675267e-01
   4.3854325e-01
   4.2488622e-01
   4.1881639e-01
   4.2336877e-01
   4.3399094e-01
   4.4916542e-01
   4.6737484e-01
   4.8103188e-01
   4.8861915e-01
   4.8861915e-01
   4.7799698e-01
   4.5978760e-01
   4.3702580e-01
   4.1122918e-01
   3.8391504e-01
   3.6115328e-01
   3.4294386e-01
   3.2928679e-01
   3.1866465e-01
   3.0955993e-01
   3.0197269e-01
   2.8679820e-01
   2.6858879e-01
   2.4430958e-01
   2.1547802e-01
   1.8361154e-01
   1.4871019e-01
   1.1836118e-01
   9.1047044e-02
   6.9802731e-02
   5.7663143e-02
   5.3110798e-02
   5.1593316e-02
   5.6145695e-02
   6.0698040e-02
   6.3732937e-02
   6.2215489e-02
   5.6145662e-02
   4.7040970e-02
   3.4901382e-02
   1.9726864e-02
   9.1047243e-03
   1.5174817e-03
   0.0000000e+00
   6.0698272e-03
   1.9726864e-02
   3.9453728e-02
   6.3732970e-02
   8.9529595e-02
   1.1380880e-01
   1.3657057e-01
   1.5326253e-01
   1.6540215e-01
   1.6995450e-01
   1.6995450e-01
   1.6540215e-01
   1.5933233e-01
   1.5022764e-01
   1.4264039e-01
   1.3657057e-01
   1.3050077e-01
   1.3050077e-01
   1.3201822e-01
   1.3960546e-01
   1.5022764e-01
   1.6388467e-01
   1.8057664e-01
   2.0030350e-01
   2.2154782e-01
   2.4127468e-01
   2.5796665e-01
   2.7314113e-01
   2.8224586e-01
   2.8679820e-01
   2.8679817e-01
   2.8376327e-01
   2.7769348e-01
   2.7010627e-01
   2.6251899e-01
   2.5948406e-01
   2.5948409e-01
   2.6251896e-01
   2.6858879e-01
   2.7769351e-01
   2.8679820e-01
   2.9893782e-01
   3.0955996e-01
   3.1866469e-01
   3.3080427e-01
   3.3990897e-01
   3.5204859e-01
   3.6722307e-01
   3.8694994e-01
   4.0819425e-01
   4.3550836e-01
   4.6282246e-01
   4.9468891e-01
   5.2503795e-01
   5.5386951e-01
   5.7663127e-01
   5.9332327e-01
   6.0091048e-01
   6.0091051e-01
   5.9332323e-01
   5.8118364e-01
   5.6449168e-01
   5.4931719e-01
   5.3262523e-01
   5.2200305e-01
   5.1896816e-01
   5.2200305e-01
   5.2807285e-01
   5.4172992e-01
   5.5842188e-01
   5.7663127e-01
   5.9332323e-01
   6.1001520e-01
   6.2367224e-01
   6.3429441e-01
   6.3884676e-01
   6.3884676e-01
   6.3581186e-01
   6.2670717e-01
   6.1456755e-01
   5.9939303e-01
   5.8270106e-01
   5.6752658e-01
   5.5538695e-01
   5.4931716e-01
   5.4931719e-01
   5.5690444e-01
   5.6904402e-01
   5.8573596e-01
   6.0394537e-01
   6.2063734e-01
   6.3125948e-01
   6.3581186e-01
   6.3732931e-01
   6.3429441e-01
   6.3125951e-01
   6.3125951e-01
   6.3429441e-01
   6.4643400e-01
   6.6312596e-01
   6.8588773e-01
   7.1168438e-01
   7.3748104e-01
   7.5569046e-01
   7.6783004e-01
   7.6631260e-01
   7.5113811e-01
   7.2837635e-01
   6.9650990e-01
   6.6160852e-01
   6.2822458e-01
   5.9939303e-01
   5.8118361e-01
   5.7207892e-01
   5.7056147e-01
   5.7814875e-01
   5.9028834e-01
   6.0091048e-01
   6.1153265e-01
   6.1456755e-01
   6.1305010e-01
   6.0394537e-01
   5.8877085e-01
   5.7056147e-01
   5.5083461e-01
   5.3110774e-01
   5.1289836e-01
   4.9620640e-01
   4.8254933e-01
   4.7344463e-01
   4.6889226e-01
   4.6889226e-01
   4.7496208e-01
   4.8710170e-01
   5.0682853e-01
   5.3262519e-01
   5.5993930e-01
   5.9180578e-01
   6.2215479e-01
   6.4795145e-01
   6.6919576e-01
   6.8285283e-01
   6.8740517e-01
   6.8588773e-01
   6.7830048e-01
   6.6616086e-01
   6.5250382e-01
   6.4036420e-01
   6.2974206e-01
   6.2215479e-01
   6.1608499e-01
   6.1001520e-01
   6.0394541e-01
   5.9787561e-01
   5.9332323e-01
   5.8725344e-01
   5.8573599e-01
   5.8421854e-01
   5.8725344e-01
   5.9332323e-01
   5.9939303e-01
   6.0698030e-01
   6.1001520e-01
   6.0849775e-01
   5.9787558e-01
   5.7814875e-01
   5.4931716e-01
   5.1289833e-01
   4.7040974e-01
   4.2336877e-01
   3.7936269e-01
   3.3839152e-01
   3.0955996e-01
   2.8679820e-01
   2.7921096e-01
   2.7921096e-01
   2.8831562e-01
   3.0349017e-01
   3.2018210e-01
   3.3383917e-01
   3.4294390e-01
   3.4597879e-01
   3.4294386e-01
   3.3232172e-01
   3.1562976e-01
   2.9893779e-01
   2.8376330e-01
   2.7162368e-01
   2.6707134e-01
   2.6707134e-01
   2.7314113e-01
   2.8831565e-01
   3.0500758e-01
   3.2321700e-01
   3.4446131e-01
   3.6267076e-01
   3.7784524e-01
   3.8846738e-01
   3.9605463e-01
   3.9908952e-01
   3.9757211e-01
   3.9301976e-01
   3.8694997e-01
   3.7936269e-01
   3.7025800e-01
   3.6418818e-01
   3.5660093e-01
   3.5356600e-01
   3.5508345e-01
   3.5963583e-01
   3.6874055e-01
   3.8391504e-01
   3.9908956e-01
   4.1881639e-01
   4.3854325e-01
   4.5523522e-01
   4.6889229e-01
   4.7647953e-01
   4.8103188e-01
   4.7951443e-01
   4.7344463e-01
   4.6433994e-01
   4.5371777e-01
   4.4461308e-01
   4.3854325e-01
   4.3702580e-01
   4.3854325e-01
   4.4764798e-01
   4.5978760e-01
   4.7647953e-01
   4.9317150e-01
   5.1138088e-01
   5.3110778e-01
   5.5083461e-01
   5.7056147e-01
   5.9028834e-01
   6.1305010e-01
   6.3429441e-01
   6.5553872e-01
   6.7374810e-01
   6.8892262e-01
   6.9650987e-01
   6.9802731e-01
   6.8892262e-01
   6.7223066e-01
   6.5098638e-01
   6.2215479e-01
   5.9332323e-01
   5.6449168e-01
   5.4324737e-01
   5.2655543e-01
   5.1745071e-01
   5.1593326e-01
   5.1745071e-01
   5.2048560e-01
   5.2352050e-01
   5.2200305e-01
   5.1593326e-01
   5.0531112e-01
   4.9317147e-01
   4.7799698e-01
   4.6737484e-01
   4.6130505e-01
   4.6433994e-01
   4.7951443e-01
   5.0531109e-01
   5.4021247e-01
   5.7814875e-01
   6.1760244e-01
   6.5250379e-01
   6.7678303e-01
   6.8588773e-01
   6.8133538e-01
   6.6312600e-01
   6.3125951e-01
   5.9332323e-01
   5.5235209e-01
   5.1441581e-01
   4.8861912e-01
   4.7344463e-01
   4.7344463e-01
   4.8710170e-01
   5.1289836e-01
   5.4779971e-01
   5.8725344e-01
   6.2822462e-01
   6.6464341e-01
   6.9650990e-01
   7.2382400e-01
   7.4203339e-01
   7.5417301e-01
   7.6024280e-01
   7.6024280e-01
   7.5872535e-01
   7.5417301e-01
   7.4658573e-01
   7.3748104e-01
   7.2837635e-01
   7.2230656e-01
   7.1320183e-01
   7.0864949e-01
   7.0409714e-01
   7.0106224e-01
   6.9954480e-01
   7.0106221e-01
   7.0106221e-01
   7.0257969e-01
   7.0257969e-01
   7.0106224e-01
   6.9802735e-01
   6.9347500e-01
   6.8588773e-01
   6.8133538e-01
   6.7526555e-01
   6.7223066e-01
   6.7071321e-01
   6.7374814e-01
   6.7981793e-01
   6.8892262e-01
   7.0257969e-01
   7.1775418e-01
   7.3444614e-01
   7.5265556e-01
   7.7086498e-01
   7.9059184e-01
   8.0880125e-01
   8.2701064e-01
   8.4218516e-01
   8.5432474e-01
   8.6342947e-01
   8.6646436e-01
   8.6342947e-01
   8.5128985e-01
   8.3308046e-01
   8.0576632e-01
   7.7238242e-01
   7.3748104e-01
   7.0257969e-01
   6.7071324e-01
   6.4795148e-01
   6.3581186e-01
   6.3429441e-01
   6.4491655e-01
   6.6009107e-01
   6.8133538e-01
   7.0257966e-01
   7.1775418e-01
   7.2534145e-01
   7.2230656e-01
   7.1016693e-01
   6.9195752e-01
   6.6767831e-01
   6.4491655e-01
   6.2215479e-01
   6.0394537e-01
   5.8877089e-01
   5.7814875e-01
   5.6752658e-01
   5.5993933e-01
   5.4779974e-01
   5.3566009e-01
   5.2352050e-01
   5.0986343e-01
   4.9924129e-01
   4.9317150e-01
   4.9468895e-01
   5.0379364e-01
   5.2200305e-01
   5.4476481e-01
   5.7056147e-01
   5.9787561e-01
   6.2215479e-01
   6.4036424e-01
   6.5250382e-01
   6.5705617e-01
   6.5857362e-01
   6.5553872e-01
   6.5098638e-01
   6.4946889e-01
   6.5098638e-01
   6.5705614e-01
   6.6312596e-01
   6.7071324e-01
   6.7830048e-01
   6.8133538e-01
   6.7981793e-01
   6.7223066e-01
   6.5705614e-01
   6.3732931e-01
   6.1608503e-01
   5.9180578e-01
   5.6904402e-01
   5.4931716e-01
   5.3566009e-01
   5.2959030e-01
   5.2503795e-01
   5.2959033e-01
   5.3717757e-01
   5.4476481e-01
   5.5690440e-01
   5.6752658e-01
   5.7966616e-01
   5.8877089e-01
   5.9787561e-01
   6.0546285e-01
   6.1153265e-01
   6.1911989e-01
   6.2670713e-01
   6.3429438e-01
   6.4339910e-01
   6.5098638e-01
   6.5857362e-01
   6.6616086e-01
   6.6767831e-01
   6.6919579e-01
   6.6312596e-01
   6.5705617e-01
   6.4795145e-01
   6.3732931e-01
   6.2822462e-01
   6.2215479e-01
   6.1911992e-01
   6.2063734e-01
   6.2518969e-01
   6.3277696e-01
   6.4339910e-01
   6.5705617e-01
   6.6919576e-01
   6.8285283e-01
   6.9650990e-01
   7.1016693e-01
   7.2534145e-01
   7.4203339e-01
   7.5569049e-01
   7.7086494e-01
   7.8300460e-01
   7.9362674e-01
   8.0273143e-01
   8.0880125e-01
   8.1487105e-01
   8.2094084e-01
   8.2549319e-01
   8.2852809e-01
   8.3308043e-01
   8.3763281e-01
   8.4066767e-01
   8.4370260e-01
   8.4522005e-01
   8.4825495e-01
   8.5280729e-01
   8.5735964e-01
   8.6342947e-01
   8.7253416e-01
   8.8012143e-01
   8.8619123e-01
   8.8922613e-01
   8.8619123e-01
   8.7708650e-01
   8.6191202e-01
   8.4066771e-01
   8.1638850e-01
   7.9059184e-01
   7.6631260e-01
   7.4962066e-01
   7.3899852e-01
   7.3899849e-01
   7.4506832e-01
   7.5569046e-01
   7.6934753e-01
   7.7996967e-01
   7.8907439e-01
   7.8907439e-01
   7.8148711e-01
   7.6327770e-01
   7.3748104e-01
   7.0713204e-01
   6.7374814e-01
   6.4188169e-01
   6.1456755e-01
   5.9332323e-01
   5.8270109e-01
   5.8118361e-01
   5.9180578e-01
   6.1001520e-01
   6.3429441e-01
   6.5857362e-01
   6.8437028e-01
   7.0257966e-01
   7.1623673e-01
   7.2230656e-01
   7.1927163e-01
   7.1016697e-01
   6.9802735e-01
   6.8133538e-01
   6.6616086e-01
   6.5250382e-01
   6.4036420e-01
   6.3125948e-01
   6.2215479e-01
   6.1305010e-01
   6.0698030e-01
   5.9939306e-01
   5.9180578e-01
   5.8725344e-01
   5.8573596e-01
   5.8573596e-01
   5.9028834e-01
   5.9939303e-01
   6.1153265e-01
   6.2670717e-01
   6.4188165e-01
   6.5553872e-01
   6.6312596e-01
   6.6767834e-01
   6.6616086e-01
   6.5857362e-01
   6.4491658e-01
   6.2822458e-01
   6.0849772e-01
   5.9028834e-01
   5.7207892e-01
   5.5690440e-01
   5.4476481e-01
   5.3717754e-01
   5.3414264e-01
   5.3262519e-01
   5.3414264e-01
   5.3566009e-01
   5.4021247e-01
   5.4476481e-01
   5.5083461e-01
   5.5690440e-01
   5.6600913e-01
   5.7814871e-01
   5.9028834e-01
   6.0242792e-01
   6.1456755e-01
   6.2518972e-01
   6.2974206e-01
   6.2974203e-01
   6.2367227e-01
   6.1305010e-01
   5.9787561e-01
   5.7663127e-01
   5.5538699e-01
   5.3566012e-01
   5.1441578e-01
   4.9772384e-01
   4.8103191e-01
   4.7040974e-01
   4.6130505e-01
   4.5827012e-01
   4.5827012e-01
   4.6585739e-01
   4.7496208e-01
   4.8861915e-01
   5.0075874e-01
   5.0834598e-01
   5.0834602e-01
   4.9620640e-01
   4.7040974e-01
   4.3095601e-01
   3.8239759e-01
   3.2625190e-01
   2.7010623e-01
   2.2154782e-01
   1.8512898e-01
   1.6540215e-01
   1.6540212e-01
   1.8512902e-01
   2.1851292e-01
   2.5796661e-01
   3.0197272e-01
   3.4142641e-01
   3.7025800e-01
   3.8998483e-01
   3.9605463e-01
   3.9150231e-01
   3.8239759e-01
   3.6722307e-01
   3.5508348e-01
   3.4294386e-01
   3.3687407e-01
   3.3383917e-01
   3.3687407e-01
   3.4142641e-01
   3.4901366e-01
   3.5660093e-01
   3.6570566e-01
   3.7329287e-01
   3.7936269e-01
   3.8391504e-01
   3.8543249e-01
   3.8239759e-01
   3.7329290e-01
   3.5963583e-01
   3.4142645e-01
   3.2018210e-01
   2.9893779e-01
   2.7921096e-01
   2.6403644e-01
   2.5644916e-01
   2.5341430e-01
   2.5948406e-01
   2.6707134e-01
   2.7617603e-01
   2.8528075e-01
   2.8983310e-01
   2.8831565e-01
   2.8072841e-01
   2.6555389e-01
   2.4430958e-01
   2.2306530e-01
   2.0030350e-01
   1.8057664e-01
   1.6540215e-01
   1.5781488e-01
   1.5629746e-01
   1.6084978e-01
   1.7298936e-01
   1.8512902e-01
   2.0030354e-01
   2.1244309e-01
   2.2458271e-01
   2.3368744e-01
   2.4127468e-01
   2.4886196e-01
   2.5644920e-01
   2.6403644e-01
   2.7314113e-01
   2.8376330e-01
   2.9286800e-01
   2.9893779e-01
   3.0045524e-01
   2.9286800e-01
   2.7769348e-01
   2.5037937e-01
   2.1699544e-01
   1.7602433e-01
   1.3657057e-01
   9.8634320e-02
   6.8285316e-02
   4.7041004e-02
   3.4901382e-02
   3.1866452e-02
   3.9453728e-02
   5.0075901e-02
   6.5250386e-02
   8.1942353e-02
   9.8634320e-02
   1.1380880e-01
   1.2746587e-01
   1.4264039e-01
   1.6084978e-01
   1.8209412e-01
   2.1092568e-01
   2.4279213e-01
   2.7921093e-01
   3.2018210e-01
   3.6267073e-01
   4.0212445e-01
   4.3854329e-01
   4.6737484e-01
   4.8558422e-01
   4.9468895e-01
   4.9317150e-01
   4.8558422e-01
   4.7344463e-01
   4.6282246e-01
   4.5371777e-01
   4.4916542e-01
   4.5220032e-01
   4.6282246e-01
   4.8103188e-01
   5.0227619e-01
   5.2352050e-01
   5.4324737e-01
   5.5993933e-01
   5.7056147e-01
   5.7511382e-01
   5.7663127e-01
   5.7207892e-01
   5.6600913e-01
   5.6297420e-01
   5.6297423e-01
   5.6752658e-01
   5.7814871e-01
   5.9332323e-01
   6.1153265e-01
   6.2974206e-01
   6.4643400e-01
   6.5857362e-01
   6.6312596e-01
   6.6312596e-01
   6.5250382e-01
   6.3581186e-01
   6.1456755e-01
   5.8877089e-01
   5.6145678e-01
   5.3110774e-01
   5.0227619e-01
   4.7799698e-01
   4.5675267e-01
   4.4006073e-01
   4.2943856e-01
   4.2640363e-01
   4.3095601e-01
   4.4157815e-01
   4.5675270e-01
   4.7496208e-01
   4.9468891e-01
   5.1138088e-01
   5.2352050e-01
   5.3262523e-01
   5.3869502e-01
   5.4172992e-01
   5.4476481e-01
   5.4931716e-01
   5.5993933e-01
   5.7663127e-01
   5.9939303e-01
   6.2670717e-01
   6.5553872e-01
   6.8285283e-01
   7.0713204e-01
   7.2837635e-01
   7.4051597e-01
   7.4658577e-01
   7.4506828e-01
   7.4051594e-01
   7.3141125e-01
   7.1927166e-01
   7.0257969e-01
   6.8437028e-01
   6.6160852e-01
   6.3429441e-01
   6.0091048e-01
   5.6449164e-01
   5.2503795e-01
   4.8406677e-01
   4.4613049e-01
   4.1274659e-01
   3.8846738e-01
   3.7177545e-01
   3.6570566e-01
   3.6874052e-01
   3.8088014e-01
   3.9908956e-01
   4.2185132e-01
   4.4613053e-01
   4.7192719e-01
   4.9772384e-01
   5.2352050e-01
   5.4476481e-01
   5.6449168e-01
   5.8118364e-01
   5.9635813e-01
   6.0546285e-01
   6.1001520e-01
   6.1305010e-01
   6.1001520e-01
   6.0546285e-01
   5.9787558e-01
   5.9028834e-01
   5.8421854e-01
   5.7814871e-01
   5.7207892e-01
   5.7056147e-01
   5.6904402e-01
   5.6752658e-01
   5.6600913e-01
   5.6449164e-01
   5.6449168e-01
   5.5993930e-01
   5.5690444e-01
   5.5386954e-01
   5.5235206e-01
   5.5083461e-01
   5.4931716e-01
   5.5235209e-01
   5.5690440e-01
   5.6449168e-01
   5.7511385e-01
   5.8725344e-01
   5.9939303e-01
   6.1305010e-01
   6.2367227e-01
   6.3125948e-01
   6.3581186e-01
   6.3429441e-01
   6.2974206e-01
   6.2063734e-01
   6.0849775e-01
   5.9635813e-01
   5.8118361e-01
   5.6752654e-01
   5.5386954e-01
   5.4324737e-01
   5.3110774e-01
   5.2200305e-01
   5.0986347e-01
   4.9772381e-01
   4.8558422e-01
   4.7192715e-01
   4.5827012e-01
   4.4309563e-01
   4.2792111e-01
   4.1274659e-01
   3.9757211e-01
   3.8239759e-01
   3.7025797e-01
   3.6115328e-01
   3.5356604e-01
   3.5660090e-01
   3.6722307e-01
   3.8543249e-01
   4.1426404e-01
   4.5220032e-01
   4.9468895e-01
   5.4172992e-01
   5.9028834e-01
   6.3125951e-01
   6.6919579e-01
   6.9650990e-01
   7.1320183e-01
   7.1927163e-01
   7.1623676e-01
   7.0409714e-01
   6.8740517e-01
   6.6767834e-01
   6.4491655e-01
   6.2367227e-01
   6.0242792e-01
   5.8573599e-01
   5.7207892e-01
   5.6449164e-01
   5.6145678e-01
   5.6600913e-01
   5.7966616e-01
   5.9939303e-01
   6.2822462e-01
   6.6160852e-01
   6.9347500e-01
   7.2534145e-01
   7.5113811e-01
   7.6783008e-01
   7.7389987e-01
   7.7086498e-01
   7.5569046e-01
   7.3596359e-01
   7.1168438e-01
   6.8588773e-01
   6.6160852e-01
   6.4036420e-01
   6.2063734e-01
   6.0546282e-01
   5.9332323e-01
   5.7814875e-01
   5.6297423e-01
   5.4779971e-01
   5.3110774e-01
   5.1441581e-01
   4.9772384e-01
   4.8103188e-01
   4.6130501e-01
   4.4461305e-01
   4.2185132e-01
   3.9908956e-01
   3.7025797e-01
   3.3990897e-01
   3.0804248e-01
   2.7617606e-01
   2.4734447e-01
   2.2306526e-01
   2.0637330e-01
   1.9878605e-01
   2.0182095e-01
   2.1092568e-01
   2.2610016e-01
   2.4582702e-01
   2.6555389e-01
   2.8376330e-01
   2.9590289e-01
   3.0197272e-01
   3.0045524e-01
   2.9438548e-01
   2.8376330e-01
   2.6858879e-01
   2.5493172e-01
   2.4127468e-01
   2.3368740e-01
   2.3520489e-01
   2.4127468e-01
   2.5644920e-01
   2.7921093e-01
   3.0804251e-01
   3.3535662e-01
   3.6570562e-01
   3.8846738e-01
   4.0667680e-01
   4.1729894e-01
   4.2033384e-01
   4.1729897e-01
   4.0819425e-01
   3.9908956e-01
   3.8694997e-01
   3.7784524e-01
   3.7025800e-01
   3.6570566e-01
   3.6570562e-01
   3.6722307e-01
   3.7329290e-01
   3.8239759e-01
   3.9757211e-01
   4.1426408e-01
   4.3702580e-01
   4.6130505e-01
   4.8861915e-01
   5.1441581e-01
   5.3717754e-01
   5.5386954e-01
   5.6145678e-01
   5.5842185e-01
   5.4476481e-01
   5.2200305e-01
   4.9013657e-01
   4.5371777e-01
   4.1729894e-01
   3.8088014e-01
   3.5204859e-01
   3.3080427e-01
   3.1714720e-01
   3.1259486e-01
   3.1411231e-01
   3.2321700e-01
   3.3687407e-01
   3.5053111e-01
   3.6722307e-01
   3.8239759e-01
   3.9757211e-01
   4.0971170e-01
   4.1881642e-01
   4.2336877e-01
   4.2336877e-01
   4.1881639e-01
   4.0971170e-01
   3.9757208e-01
   3.8088014e-01
   3.6418818e-01
   3.4749624e-01
   3.3383917e-01
   3.2321700e-01
   3.1714720e-01
   3.1866465e-01
   3.2473445e-01
   3.3535662e-01
   3.5356604e-01
   3.7177545e-01
   3.9301976e-01
   4.1426408e-01
   4.3550839e-01
   4.5220032e-01
   4.6737484e-01
   4.7951443e-01
   4.8710170e-01
   4.9317150e-01
   4.9620640e-01
   4.9924129e-01
   5.0227619e-01
   5.0682857e-01
   5.1138091e-01
   5.1896816e-01
   5.2655540e-01
   5.3566012e-01
   5.4324737e-01
   5.4779971e-01
   5.4779971e-01
   5.3717754e-01
   5.1896816e-01
   4.8861915e-01
   4.4764798e-01
   4.0060701e-01
   3.4597876e-01
   2.9286800e-01
   2.4430958e-01
   2.0333843e-01
   1.7754174e-01
   1.6843705e-01
   1.7450684e-01
   1.9575116e-01
   2.3065254e-01
   2.7010623e-01
   3.1107741e-01
   3.5053111e-01
   3.8088014e-01
   4.0212445e-01
   4.1122915e-01
   4.1274659e-01
   4.0667680e-01
   3.9453718e-01
   3.7936269e-01
   3.6418818e-01
   3.4749624e-01
   3.3080427e-01
   3.1259483e-01
   2.9286800e-01
   2.7010623e-01
   2.4279213e-01
   2.1396057e-01
   1.8209409e-01
   1.4871019e-01
   1.1684370e-01
   8.6494698e-02
   6.3732970e-02
   4.5523555e-02
   3.6418831e-02
   3.4901349e-02
   4.0971176e-02
   5.6145695e-02
   7.4355110e-02
   9.8634286e-02
   1.1987863e-01
   1.3960550e-01
   1.5629743e-01
   1.6843705e-01
   1.7905919e-01
   1.8361157e-01
   1.8512898e-01
   1.8664647e-01
   1.8664643e-01
   1.8664647e-01
   1.8664643e-01
   1.8664643e-01
   1.8664647e-01
   1.8664647e-01
   1.8816388e-01
   1.9119881e-01
   1.9878605e-01
   2.1092568e-01
   2.2761761e-01
   2.5189682e-01
   2.8224582e-01
   3.1562976e-01
   3.5204855e-01
   3.8694994e-01
   4.1729894e-01
   4.4006073e-01
   4.5371777e-01
   4.5827012e-01
   4.5523522e-01
   4.4613053e-01
   4.3399094e-01
   4.2488618e-01
   4.2033387e-01
   4.2488618e-01
   4.3702580e-01
   4.5978756e-01
   4.8710167e-01
   5.1745071e-01
   5.4931719e-01
   5.7663130e-01
   5.9939303e-01
   6.1153265e-01
   6.1608499e-01
   6.1305010e-01
   6.0546285e-01
   5.9939303e-01
   5.9635813e-01
   5.9787561e-01
   6.1001517e-01
   6.2670717e-01
   6.5098638e-01
   6.7830048e-01
   7.0713207e-01
   7.3141125e-01
   7.4962066e-01
   7.6024280e-01
   7.6176025e-01
   7.5417301e-01
   7.4203342e-01
   7.2534145e-01
   7.0864949e-01
   6.9499242e-01
   6.8740517e-01
   6.8437031e-01
   6.8740517e-01
   6.9499242e-01
   7.0561459e-01
   7.1775421e-01
   7.3141125e-01
   7.4355084e-01
   7.5113811e-01
   7.5720791e-01
   7.5872539e-01
   7.5872539e-01
   7.5113811e-01
   7.4203339e-01
   7.2534145e-01
   7.0561459e-01
   6.7981793e-01
   6.5098634e-01
   6.1911989e-01
   5.8725344e-01
   5.5993930e-01
   5.3414267e-01
   5.1896816e-01
   5.1138088e-01
   5.1441578e-01
   5.2655540e-01
   5.4628226e-01
   5.6904402e-01
   5.9635813e-01
   6.1911989e-01
   6.3732931e-01
   6.5098634e-01
   6.5705617e-01
   6.5705617e-01
   6.5402124e-01
   6.4946893e-01
   6.4643403e-01
   6.4795145e-01
   6.5402124e-01
   6.6312596e-01
   6.7981790e-01
   6.9954476e-01
   7.1927163e-01
   7.3444614e-01
   7.4506832e-01
   7.4962066e-01
   7.4506832e-01
   7.3444614e-01
   7.1775421e-01
   6.9347497e-01
   6.6919576e-01
   6.4491655e-01
   6.2367224e-01
   6.0546285e-01
   5.9484068e-01
   5.8877089e-01
   5.9028834e-01
   5.9635816e-01
   6.0546282e-01
   6.1608499e-01
   6.2822462e-01
   6.3732931e-01
   6.4643400e-01
   6.5250379e-01
   6.5553872e-01
   6.5553872e-01
   6.5553869e-01
   6.5553872e-01
   6.5402124e-01
   6.5098634e-01
   6.4795145e-01
   6.4795145e-01
   6.4795145e-01
   6.4795148e-01
   6.4946893e-01
   6.5553869e-01
   6.6160852e-01
   6.6919579e-01
   6.7830048e-01
   6.8740517e-01
   6.9650990e-01
   6.9954476e-01
   7.0106224e-01
   6.9499242e-01
   6.8588773e-01
   6.7526559e-01
   6.6312596e-01
   6.5402127e-01
   6.4946893e-01
   6.5250379e-01
   6.6160852e-01
   6.7526559e-01
   6.9347497e-01
   7.0864949e-01
   7.1927166e-01
   7.2230656e-01
   7.1623673e-01
   6.9954480e-01
   6.7981793e-01
   6.5402127e-01
   6.3429438e-01
   6.1760244e-01
   6.1001520e-01
   6.0849775e-01
   6.1305010e-01
   6.2215482e-01
   6.3125951e-01
   6.3429441e-01
   6.3277696e-01
   6.2215482e-01
   6.0546285e-01
   5.8725344e-01
   5.6600913e-01
   5.4931716e-01
   5.4021247e-01
   5.3869502e-01
   5.4628226e-01
   5.5842188e-01
   5.7663130e-01
   5.9484071e-01
   6.1305010e-01
   6.2822458e-01
   6.3884676e-01
   6.4795148e-01
   6.5402127e-01
   6.6009107e-01
   6.6160852e-01
   6.6616086e-01
   6.6616086e-01
   6.6312600e-01
   6.5857362e-01
   6.4795145e-01
   6.3277693e-01
   6.1608499e-01
   5.9484068e-01
   5.7511385e-01
   5.5538699e-01
   5.4324737e-01
   5.3414267e-01
   5.2959033e-01
   5.3110774e-01
   5.3717757e-01
   5.4628226e-01
   5.5842185e-01
   5.7056147e-01
   5.8270106e-01
   5.9484068e-01
   6.0698027e-01
   6.1608499e-01
   6.2518972e-01
   6.3277696e-01
   6.3732931e-01
   6.4339910e-01
   6.4491655e-01
   6.4491655e-01
   6.4339910e-01
   6.4036420e-01
   6.3732931e-01
   6.3125951e-01
   6.2670717e-01
   6.2063734e-01
   6.1305010e-01
   6.0394541e-01
   5.9180578e-01
   5.8118364e-01
   5.6600913e-01
   5.4931716e-01
   5.3262523e-01
   5.1593326e-01
   5.0075874e-01
   4.8710170e-01
   4.7951443e-01
   4.7496208e-01
   4.7799698e-01
   4.8710170e-01
   5.0075874e-01
   5.2200305e-01
   5.4779971e-01
   5.7663127e-01
   6.0849775e-01
   6.4036420e-01
   6.7223069e-01
   7.0106221e-01
   7.2534145e-01
   7.4506828e-01
   7.5872535e-01
   7.6327770e-01
   7.6024280e-01
   7.4658577e-01
   7.2989380e-01
   7.0864949e-01
   6.8588773e-01
   6.6160852e-01
   6.4339910e-01
   6.2822462e-01
   6.1911989e-01
   6.1456755e-01
   6.1608499e-01
   6.1911989e-01
   6.2367224e-01
   6.2518969e-01
   6.2518972e-01
   6.1911992e-01
   6.1153265e-01
   5.9635813e-01
   5.8118364e-01
   5.6449168e-01
   5.5083461e-01
   5.4021247e-01
   5.3717754e-01
   5.4021247e-01
   5.5083461e-01
   5.6904402e-01
   5.9028834e-01
   6.1760244e-01
   6.4339913e-01
   6.6616086e-01
   6.8588773e-01
   6.9954476e-01
   7.0561459e-01
   7.0713204e-01
   7.0257969e-01
   6.9650990e-01
   6.8892262e-01
   6.8285283e-01
   6.7678303e-01
   6.7374810e-01
   6.7678303e-01
   6.8285283e-01
   6.9195752e-01
   7.0409714e-01
   7.2078911e-01
   7.3899852e-01
   7.6176028e-01
   7.8452201e-01
   8.1031870e-01
   8.3308043e-01
   8.5432474e-01
   8.6949926e-01
   8.7708650e-01
   8.7556909e-01
   8.6494692e-01
   8.4522005e-01
   8.2094084e-01
   7.9210929e-01
   7.6327773e-01
   7.3748104e-01
   7.1775421e-01
   7.0561459e-01
   7.0106221e-01
   7.0257969e-01
   7.0864949e-01
   7.1471928e-01
   7.1927166e-01
   7.1775418e-01
   7.0864949e-01
   6.9044010e-01
   6.6464341e-01
   6.3429438e-01
   5.9939303e-01
   5.6600913e-01
   5.3566009e-01
   5.0986347e-01
   4.9317150e-01
   4.8254933e-01
   4.8103188e-01
   4.8558422e-01
   4.9772384e-01
   5.1138088e-01
   5.2959030e-01
   5.4779971e-01
   5.6904402e-01
   5.9028834e-01
   6.1001520e-01
   6.2974206e-01
   6.5098638e-01
   6.6767834e-01
   6.7981793e-01
   6.8892266e-01
   6.9347497e-01
   6.9347497e-01
   6.8740517e-01
   6.7526559e-01
   6.6312596e-01
   6.4946893e-01
   6.3581186e-01
   6.2670713e-01
   6.2367227e-01
   6.2215482e-01
   6.2822462e-01
   6.3732931e-01
   6.4795145e-01
   6.5705617e-01
   6.6464341e-01
   6.6919579e-01
   6.6616086e-01
   6.6009107e-01
   6.4795145e-01
   6.3429441e-01
   6.1760244e-01
   6.0242792e-01
   5.8573599e-01
   5.7359637e-01
   5.6145675e-01
   5.5386951e-01
   5.4779971e-01
   5.4324737e-01
   5.4324737e-01
   5.4779971e-01
   5.5538699e-01
   5.6904402e-01
   5.8725344e-01
   6.0698030e-01
   6.3125951e-01
   6.5402127e-01
   6.7223069e-01
   6.8588776e-01
   6.9195752e-01
   6.8892262e-01
   6.7678303e-01
   6.6160852e-01
   6.4036420e-01
   6.1911989e-01
   6.0242796e-01
   5.9028834e-01
   5.8421854e-01
   5.8725344e-01
   5.9635813e-01
   6.1001520e-01
   6.2367224e-01
   6.3732931e-01
   6.4643403e-01
   6.5098634e-01
   6.4795145e-01
   6.3732931e-01
   6.2215479e-01
   6.0091051e-01
   5.7663127e-01
   5.5235206e-01
   5.2807285e-01
   5.0834598e-01
   4.9468895e-01
   4.8558422e-01
   4.8254936e-01
   4.8406677e-01
   4.9013660e-01
   5.0075874e-01
   5.1289836e-01
   5.2655540e-01
   5.3869499e-01
   5.5235206e-01
   5.6600913e-01
   5.7966620e-01
   5.9484068e-01
   6.0849775e-01
   6.2215479e-01
   6.3429441e-01
   6.4491655e-01
   6.5250382e-01
   6.5857362e-01
   6.6312596e-01
   6.6616086e-01
   6.6616089e-01
   6.6616086e-01
   6.6312596e-01
   6.6009107e-01
   6.5098638e-01
   6.3732931e-01
   6.1760244e-01
   5.9180578e-01
   5.5993933e-01
   5.2503798e-01
   4.9013657e-01
   4.5523522e-01
   4.2792111e-01
   4.0819425e-01
